25,k__Bacteria|p__Actinobacteriota|c__Actinobacteria|o__Bifidobacteriales|f__Bifidobacteriaceae|g__Bifidobacterium|s__None,37,k__Bacteria|p__Actinobacteriota|c__Actinobacteria|o__Micrococcales|f__Micrococcaceae|g__Rothia|s__None,0.5
25,k__Bacteria|p__Actinobacteriota|c__Actinobacteria|o__Bifidobacteriales|f__Bifidobacteriaceae|g__Bifidobacterium|s__None,62,k__Bacteria|p__Actinobacteriota|c__Coriobacteriia|o__Coriobacteriales|f__Coriobacteriales_Incertae_Sedis|g__uncultured|s__None,0.6666666666666666
25,k__Bacteria|p__Actinobacteriota|c__Actinobacteria|o__Bifidobacteriales|f__Bifidobacteriaceae|g__Bifidobacterium|s__None,69,k__Bacteria|p__Actinobacteriota|c__Coriobacteriia|o__Coriobacteriales|f__Eggerthellaceae|g__Eggerthella|s__None,0.6666666666666666
25,k__Bacteria|p__Actinobacteriota|c__Actinobacteria|o__Bifidobacteriales|f__Bifidobacteriaceae|g__Bifidobacterium|s__None,116,k__Bacteria|p__Bacteroidetes|c__Bacteroidia|o__Bacteroidales|f__Bacteroidaceae|g__Bacteroides|s__Bacteroides_ovatus,0.9166666666666666
25,k__Bacteria|p__Actinobacteriota|c__Actinobacteria|o__Bifidobacteriales|f__Bifidobacteriaceae|g__Bifidobacterium|s__None,129,k__Bacteria|p__Bacteroidetes|c__Bacteroidia|o__Bacteroidales|f__Bacteroidaceae|g__Bacteroides|s__Bacteroides_stercoris_ATCC_43183,0.9166666666666666
25,k__Bacteria|p__Actinobacteriota|c__Actinobacteria|o__Bifidobacteriales|f__Bifidobacteriaceae|g__Bifidobacterium|s__None,130,k__Bacteria|p__Bacteroidetes|c__Bacteroidia|o__Bacteroidales|f__Bacteroidaceae|g__Bacteroides|s__Bacteroides_uniformis,0.9166666666666666
25,k__Bacteria|p__Actinobacteriota|c__Actinobacteria|o__Bifidobacteriales|f__Bifidobacteriaceae|g__Bifidobacterium|s__None,132,k__Bacteria|p__Bacteroidetes|c__Bacteroidia|o__Bacteroidales|f__Bacteroidaceae|g__Bacteroides|s__None,0.8333333333333334
25,k__Bacteria|p__Actinobacteriota|c__Actinobacteria|o__Bifidobacteriales|f__Bifidobacteriaceae|g__Bifidobacterium|s__None,157,k__Bacteria|p__Bacteroidetes|c__Bacteroidia|o__Bacteroidales|f__Muribaculaceae|g__metagenome|s__None,0.8333333333333334
25,k__Bacteria|p__Actinobacteriota|c__Actinobacteria|o__Bifidobacteriales|f__Bifidobacteriaceae|g__Bifidobacterium|s__None,200,k__Bacteria|p__Bacteroidetes|c__Bacteroidia|o__Bacteroidales|f__Prevotellaceae|g__Prevotella|s__None,0.8333333333333334
25,k__Bacteria|p__Actinobacteriota|c__Actinobacteria|o__Bifidobacteriales|f__Bifidobacteriaceae|g__Bifidobacterium|s__None,224,k__Bacteria|p__Bacteroidetes|c__Bacteroidia|o__Bacteroidales|f__Rikenellaceae|g__Alistipes|s__Bacteroidetes_bacterium_Eg28,0.9166666666666666
25,k__Bacteria|p__Actinobacteriota|c__Actinobacteria|o__Bifidobacteriales|f__Bifidobacteriaceae|g__Bifidobacterium|s__None,225,k__Bacteria|p__Bacteroidetes|c__Bacteroidia|o__Bacteroidales|f__Rikenellaceae|g__Alistipes|s__Tidjanibacter_massiliensis,0.9166666666666666
25,k__Bacteria|p__Actinobacteriota|c__Actinobacteria|o__Bifidobacteriales|f__Bifidobacteriaceae|g__Bifidobacterium|s__None,227,k__Bacteria|p__Bacteroidetes|c__Bacteroidia|o__Bacteroidales|f__Rikenellaceae|g__Alistipes|s__None,0.8333333333333334
25,k__Bacteria|p__Actinobacteriota|c__Actinobacteria|o__Bifidobacteriales|f__Bifidobacteriaceae|g__Bifidobacterium|s__None,284,k__Bacteria|p__Desulfobacterota|c__Desulfovibrionia|o__Desulfovibrionales|f__Desulfovibrionaceae|g__Bilophila|s__None,0.8333333333333334
25,k__Bacteria|p__Actinobacteriota|c__Actinobacteria|o__Bifidobacteriales|f__Bifidobacteriaceae|g__Bifidobacterium|s__None,311,k__Bacteria|p__Firmicutes|c__Bacilli|o__Erysipelotrichales|f__Erysipelatoclostridiaceae|g__Erysipelatoclostridium|s__Clostridium_spiroforme_DSM_1552,0.9166666666666666
25,k__Bacteria|p__Actinobacteriota|c__Actinobacteria|o__Bifidobacteriales|f__Bifidobacteriaceae|g__Bifidobacterium|s__None,314,k__Bacteria|p__Firmicutes|c__Bacilli|o__Erysipelotrichales|f__Erysipelatoclostridiaceae|g__Erysipelotrichaceae_UCG-003|s__None,0.8333333333333334
25,k__Bacteria|p__Actinobacteriota|c__Actinobacteria|o__Bifidobacteriales|f__Bifidobacteriaceae|g__Bifidobacterium|s__None,380,k__Bacteria|p__Firmicutes|c__Bacilli|o__Lactobacillales|f__Streptococcaceae|g__Streptococcus|s__None,0.8333333333333334
25,k__Bacteria|p__Actinobacteriota|c__Actinobacteria|o__Bifidobacteriales|f__Bifidobacteriaceae|g__Bifidobacterium|s__None,411,k__Bacteria|p__Firmicutes|c__Clostridia|o__Christensenellales|f__Christensenellaceae|g__Christensenellaceae_R-7_group|s__None,0.8333333333333334
25,k__Bacteria|p__Actinobacteriota|c__Actinobacteria|o__Bifidobacteriales|f__Bifidobacteriaceae|g__Bifidobacterium|s__None,421,k__Bacteria|p__Firmicutes|c__Clostridia|o__Christensenellales|f__Christensenellaceae|g__Christensenellaceae_R-7_group|s__uncultured_marine_bacterium,0.9166666666666666
25,k__Bacteria|p__Actinobacteriota|c__Actinobacteria|o__Bifidobacteriales|f__Bifidobacteriaceae|g__Bifidobacterium|s__None,426,k__Bacteria|p__Firmicutes|c__Clostridia|o__Clostridia_UCG-014|f__None|g__None|s__None,0.6666666666666666
25,k__Bacteria|p__Actinobacteriota|c__Actinobacteria|o__Bifidobacteriales|f__Bifidobacteriaceae|g__Bifidobacterium|s__None,445,k__Bacteria|p__Firmicutes|c__Clostridia|o__Clostridiales|f__Christensenellaceae|g__Christensenella|s__PAC002297,0.9166666666666666
25,k__Bacteria|p__Actinobacteriota|c__Actinobacteria|o__Bifidobacteriales|f__Bifidobacteriaceae|g__Bifidobacterium|s__None,501,k__Bacteria|p__Firmicutes|c__Clostridia|o__Clostridiales|f__Lachnospiraceae|g__PAC001201|s__PAC002549,0.9166666666666666
25,k__Bacteria|p__Actinobacteriota|c__Actinobacteria|o__Bifidobacteriales|f__Bifidobacteriaceae|g__Bifidobacterium|s__None,534,k__Bacteria|p__Firmicutes|c__Clostridia|o__Clostridiales|f__Ruminococcaceae|g__PAC001144|s__PAC001620,0.9166666666666666
25,k__Bacteria|p__Actinobacteriota|c__Actinobacteria|o__Bifidobacteriales|f__Bifidobacteriaceae|g__Bifidobacterium|s__None,562,k__Bacteria|p__Firmicutes|c__Clostridia|o__Eubacteriales|f__Eubacteriaceae|g__Eubacterium|s__None,0.8333333333333334
25,k__Bacteria|p__Actinobacteriota|c__Actinobacteria|o__Bifidobacteriales|f__Bifidobacteriaceae|g__Bifidobacterium|s__None,577,k__Bacteria|p__Firmicutes|c__Clostridia|o__Lachnospirales|f__Lachnospiraceae|g__Agathobacter|s__None,0.8333333333333334
25,k__Bacteria|p__Actinobacteriota|c__Actinobacteria|o__Bifidobacteriales|f__Bifidobacteriaceae|g__Bifidobacterium|s__None,588,k__Bacteria|p__Firmicutes|c__Clostridia|o__Lachnospirales|f__Lachnospiraceae|g__Anaerostipes|s__None,0.8333333333333334
25,k__Bacteria|p__Actinobacteriota|c__Actinobacteria|o__Bifidobacteriales|f__Bifidobacteriaceae|g__Bifidobacterium|s__None,591,k__Bacteria|p__Firmicutes|c__Clostridia|o__Lachnospirales|f__Lachnospiraceae|g__Anaerostipes|s__uncultured_Lachnospiraceae_bacterium,0.9166666666666666
25,k__Bacteria|p__Actinobacteriota|c__Actinobacteria|o__Bifidobacteriales|f__Bifidobacteriaceae|g__Bifidobacterium|s__None,594,k__Bacteria|p__Firmicutes|c__Clostridia|o__Lachnospirales|f__Lachnospiraceae|g__Blautia|s__None,0.8333333333333334
25,k__Bacteria|p__Actinobacteriota|c__Actinobacteria|o__Bifidobacteriales|f__Bifidobacteriaceae|g__Bifidobacterium|s__None,595,k__Bacteria|p__Firmicutes|c__Clostridia|o__Lachnospirales|f__Lachnospiraceae|g__Blautia|s__bacterium_mpn-isolate_group_20,0.9166666666666666
25,k__Bacteria|p__Actinobacteriota|c__Actinobacteria|o__Bifidobacteriales|f__Bifidobacteriaceae|g__Bifidobacterium|s__None,597,k__Bacteria|p__Firmicutes|c__Clostridia|o__Lachnospirales|f__Lachnospiraceae|g__Blautia|s__uncultured_Blautia_sp.,0.9166666666666666
25,k__Bacteria|p__Actinobacteriota|c__Actinobacteria|o__Bifidobacteriales|f__Bifidobacteriaceae|g__Bifidobacterium|s__None,608,k__Bacteria|p__Firmicutes|c__Clostridia|o__Lachnospirales|f__Lachnospiraceae|g__Coprococcus|s__None,0.8333333333333334
25,k__Bacteria|p__Actinobacteriota|c__Actinobacteria|o__Bifidobacteriales|f__Bifidobacteriaceae|g__Bifidobacterium|s__None,609,k__Bacteria|p__Firmicutes|c__Clostridia|o__Lachnospirales|f__Lachnospiraceae|g__Coprococcus|s__uncultured_Coprococcus_sp.,0.9166666666666666
25,k__Bacteria|p__Actinobacteriota|c__Actinobacteria|o__Bifidobacteriales|f__Bifidobacteriaceae|g__Bifidobacterium|s__None,612,k__Bacteria|p__Firmicutes|c__Clostridia|o__Lachnospirales|f__Lachnospiraceae|g__Eisenbergiella|s__None,0.8333333333333334
25,k__Bacteria|p__Actinobacteriota|c__Actinobacteria|o__Bifidobacteriales|f__Bifidobacteriaceae|g__Bifidobacterium|s__None,619,k__Bacteria|p__Firmicutes|c__Clostridia|o__Lachnospirales|f__Lachnospiraceae|g__Fusicatenibacter|s__uncultured_Lachnospiraceae_bacterium,0.9166666666666666
25,k__Bacteria|p__Actinobacteriota|c__Actinobacteria|o__Bifidobacteriales|f__Bifidobacteriaceae|g__Bifidobacterium|s__None,620,k__Bacteria|p__Firmicutes|c__Clostridia|o__Lachnospirales|f__Lachnospiraceae|g__GCA-900066575|s__None,0.8333333333333334
25,k__Bacteria|p__Actinobacteriota|c__Actinobacteria|o__Bifidobacteriales|f__Bifidobacteriaceae|g__Bifidobacterium|s__None,628,k__Bacteria|p__Firmicutes|c__Clostridia|o__Lachnospirales|f__Lachnospiraceae|g__Howardella|s__metagenome,0.9166666666666666
25,k__Bacteria|p__Actinobacteriota|c__Actinobacteria|o__Bifidobacteriales|f__Bifidobacteriaceae|g__Bifidobacterium|s__None,638,k__Bacteria|p__Firmicutes|c__Clostridia|o__Lachnospirales|f__Lachnospiraceae|g__Lachnoclostridium|s__None,0.8333333333333334
25,k__Bacteria|p__Actinobacteriota|c__Actinobacteria|o__Bifidobacteriales|f__Bifidobacteriaceae|g__Bifidobacterium|s__None,640,k__Bacteria|p__Firmicutes|c__Clostridia|o__Lachnospirales|f__Lachnospiraceae|g__Lachnoclostridium|s__uncultured_Lachnospiraceae_bacterium,0.9166666666666666
25,k__Bacteria|p__Actinobacteriota|c__Actinobacteria|o__Bifidobacteriales|f__Bifidobacteriaceae|g__Bifidobacterium|s__None,641,k__Bacteria|p__Firmicutes|c__Clostridia|o__Lachnospirales|f__Lachnospiraceae|g__Lachnospira|s__None,0.8333333333333334
25,k__Bacteria|p__Actinobacteriota|c__Actinobacteria|o__Bifidobacteriales|f__Bifidobacteriaceae|g__Bifidobacterium|s__None,649,k__Bacteria|p__Firmicutes|c__Clostridia|o__Lachnospirales|f__Lachnospiraceae|g__Lachnospiraceae_ND3007_group|s__metagenome,0.9166666666666666
25,k__Bacteria|p__Actinobacteriota|c__Actinobacteria|o__Bifidobacteriales|f__Bifidobacteriaceae|g__Bifidobacterium|s__None,658,k__Bacteria|p__Firmicutes|c__Clostridia|o__Lachnospirales|f__Lachnospiraceae|g__Lachnospiraceae_NK4A136_group|s__uncultured_bacterium_Adhufec49.25,0.9166666666666666
25,k__Bacteria|p__Actinobacteriota|c__Actinobacteria|o__Bifidobacteriales|f__Bifidobacteriaceae|g__Bifidobacterium|s__None,662,k__Bacteria|p__Firmicutes|c__Clostridia|o__Lachnospirales|f__Lachnospiraceae|g__Lachnospiraceae_UCG-001|s__metagenome,0.9166666666666666
25,k__Bacteria|p__Actinobacteriota|c__Actinobacteria|o__Bifidobacteriales|f__Bifidobacteriaceae|g__Bifidobacterium|s__None,675,k__Bacteria|p__Firmicutes|c__Clostridia|o__Lachnospirales|f__Lachnospiraceae|g__Lachnospiraceae_UCG-010|s__None,0.8333333333333334
25,k__Bacteria|p__Actinobacteriota|c__Actinobacteria|o__Bifidobacteriales|f__Bifidobacteriaceae|g__Bifidobacterium|s__None,694,k__Bacteria|p__Firmicutes|c__Clostridia|o__Lachnospirales|f__Lachnospiraceae|g__Roseburia|s__None,0.8333333333333334
25,k__Bacteria|p__Actinobacteriota|c__Actinobacteria|o__Bifidobacteriales|f__Bifidobacteriaceae|g__Bifidobacterium|s__None,695,k__Bacteria|p__Firmicutes|c__Clostridia|o__Lachnospirales|f__Lachnospiraceae|g__Roseburia|s__gut_metagenome,0.9166666666666666
25,k__Bacteria|p__Actinobacteriota|c__Actinobacteria|o__Bifidobacteriales|f__Bifidobacteriaceae|g__Bifidobacterium|s__None,705,k__Bacteria|p__Firmicutes|c__Clostridia|o__Lachnospirales|f__Lachnospiraceae|g__Tuzzerella|s__None,0.8333333333333334
25,k__Bacteria|p__Actinobacteriota|c__Actinobacteria|o__Bifidobacteriales|f__Bifidobacteriaceae|g__Bifidobacterium|s__None,709,k__Bacteria|p__Firmicutes|c__Clostridia|o__Lachnospirales|f__Lachnospiraceae|g__UC5-1-2E3|s__uncultured_organism,0.9166666666666666
25,k__Bacteria|p__Actinobacteriota|c__Actinobacteria|o__Bifidobacteriales|f__Bifidobacteriaceae|g__Bifidobacterium|s__None,711,k__Bacteria|p__Firmicutes|c__Clostridia|o__Lachnospirales|f__Lachnospiraceae|g__Eubacterium_eligens_group|s__None,0.8333333333333334
25,k__Bacteria|p__Actinobacteriota|c__Actinobacteria|o__Bifidobacteriales|f__Bifidobacteriaceae|g__Bifidobacterium|s__None,712,k__Bacteria|p__Firmicutes|c__Clostridia|o__Lachnospirales|f__Lachnospiraceae|g__Eubacterium_fissicatena_group|s__None,0.8333333333333334
25,k__Bacteria|p__Actinobacteriota|c__Actinobacteria|o__Bifidobacteriales|f__Bifidobacteriaceae|g__Bifidobacterium|s__None,717,k__Bacteria|p__Firmicutes|c__Clostridia|o__Lachnospirales|f__Lachnospiraceae|g__Eubacterium_hallii_group|s__None,0.8333333333333334
25,k__Bacteria|p__Actinobacteriota|c__Actinobacteria|o__Bifidobacteriales|f__Bifidobacteriaceae|g__Bifidobacterium|s__None,722,k__Bacteria|p__Firmicutes|c__Clostridia|o__Lachnospirales|f__Lachnospiraceae|g__Eubacterium_ventriosum_group|s__uncultured_organism,0.9166666666666666
25,k__Bacteria|p__Actinobacteriota|c__Actinobacteria|o__Bifidobacteriales|f__Bifidobacteriaceae|g__Bifidobacterium|s__None,724,k__Bacteria|p__Firmicutes|c__Clostridia|o__Lachnospirales|f__Lachnospiraceae|g__Eubacterium_xylanophilum_group|s__None,0.8333333333333334
25,k__Bacteria|p__Actinobacteriota|c__Actinobacteria|o__Bifidobacteriales|f__Bifidobacteriaceae|g__Bifidobacterium|s__None,730,k__Bacteria|p__Firmicutes|c__Clostridia|o__Lachnospirales|f__Lachnospiraceae|g__Ruminococcus_torques_group|s__None,0.8333333333333334
25,k__Bacteria|p__Actinobacteriota|c__Actinobacteria|o__Bifidobacteriales|f__Bifidobacteriaceae|g__Bifidobacterium|s__None,732,k__Bacteria|p__Firmicutes|c__Clostridia|o__Lachnospirales|f__Lachnospiraceae|g__None|s__None,0.75
25,k__Bacteria|p__Actinobacteriota|c__Actinobacteria|o__Bifidobacteriales|f__Bifidobacteriaceae|g__Bifidobacterium|s__None,733,k__Bacteria|p__Firmicutes|c__Clostridia|o__Lachnospirales|f__Lachnospiraceae|g__uncultured|s__None,0.8333333333333334
25,k__Bacteria|p__Actinobacteriota|c__Actinobacteria|o__Bifidobacteriales|f__Bifidobacteriaceae|g__Bifidobacterium|s__None,739,k__Bacteria|p__Firmicutes|c__Clostridia|o__Monoglobales|f__Monoglobaceae|g__Monoglobus|s__None,0.8333333333333334
25,k__Bacteria|p__Actinobacteriota|c__Actinobacteria|o__Bifidobacteriales|f__Bifidobacteriaceae|g__Bifidobacterium|s__None,759,k__Bacteria|p__Firmicutes|c__Clostridia|o__Oscillospirales|f__Oscillospiraceae|g__Colidextribacter|s__None,0.8333333333333334
25,k__Bacteria|p__Actinobacteriota|c__Actinobacteria|o__Bifidobacteriales|f__Bifidobacteriaceae|g__Bifidobacterium|s__None,767,k__Bacteria|p__Firmicutes|c__Clostridia|o__Oscillospirales|f__Oscillospiraceae|g__Flavonifractor|s__None,0.8333333333333334
25,k__Bacteria|p__Actinobacteriota|c__Actinobacteria|o__Bifidobacteriales|f__Bifidobacteriaceae|g__Bifidobacterium|s__None,769,k__Bacteria|p__Firmicutes|c__Clostridia|o__Oscillospirales|f__Oscillospiraceae|g__Intestinimonas|s__None,0.8333333333333334
25,k__Bacteria|p__Actinobacteriota|c__Actinobacteria|o__Bifidobacteriales|f__Bifidobacteriaceae|g__Bifidobacterium|s__None,770,k__Bacteria|p__Firmicutes|c__Clostridia|o__Oscillospirales|f__Oscillospiraceae|g__Intestinimonas|s__bacterium_P1C2,0.9166666666666666
25,k__Bacteria|p__Actinobacteriota|c__Actinobacteria|o__Bifidobacteriales|f__Bifidobacteriaceae|g__Bifidobacterium|s__None,779,k__Bacteria|p__Firmicutes|c__Clostridia|o__Oscillospirales|f__Oscillospiraceae|g__Oscillibacter|s__None,0.8333333333333334
25,k__Bacteria|p__Actinobacteriota|c__Actinobacteria|o__Bifidobacteriales|f__Bifidobacteriaceae|g__Bifidobacterium|s__None,780,k__Bacteria|p__Firmicutes|c__Clostridia|o__Oscillospirales|f__Oscillospiraceae|g__Oscillibacter|s__metagenome,0.9166666666666666
25,k__Bacteria|p__Actinobacteriota|c__Actinobacteria|o__Bifidobacteriales|f__Bifidobacteriaceae|g__Bifidobacterium|s__None,790,k__Bacteria|p__Firmicutes|c__Clostridia|o__Oscillospirales|f__Oscillospiraceae|g__UCG-002|s__None,0.8333333333333334
25,k__Bacteria|p__Actinobacteriota|c__Actinobacteria|o__Bifidobacteriales|f__Bifidobacteriaceae|g__Bifidobacterium|s__None,791,k__Bacteria|p__Firmicutes|c__Clostridia|o__Oscillospirales|f__Oscillospiraceae|g__UCG-003|s__None,0.8333333333333334
25,k__Bacteria|p__Actinobacteriota|c__Actinobacteria|o__Bifidobacteriales|f__Bifidobacteriaceae|g__Bifidobacterium|s__None,794,k__Bacteria|p__Firmicutes|c__Clostridia|o__Oscillospirales|f__Oscillospiraceae|g__UCG-005|s__metagenome,0.9166666666666666
25,k__Bacteria|p__Actinobacteriota|c__Actinobacteria|o__Bifidobacteriales|f__Bifidobacteriaceae|g__Bifidobacterium|s__None,812,k__Bacteria|p__Firmicutes|c__Clostridia|o__Oscillospirales|f__Ruminococcaceae|g__Anaerofilum|s__metagenome,0.9166666666666666
25,k__Bacteria|p__Actinobacteriota|c__Actinobacteria|o__Bifidobacteriales|f__Bifidobacteriaceae|g__Bifidobacterium|s__None,832,k__Bacteria|p__Firmicutes|c__Clostridia|o__Oscillospirales|f__Ruminococcaceae|g__DTU089|s__None,0.8333333333333334
25,k__Bacteria|p__Actinobacteriota|c__Actinobacteria|o__Bifidobacteriales|f__Bifidobacteriaceae|g__Bifidobacterium|s__None,833,k__Bacteria|p__Firmicutes|c__Clostridia|o__Oscillospirales|f__Ruminococcaceae|g__Faecalibacterium|s__None,0.8333333333333334
25,k__Bacteria|p__Actinobacteriota|c__Actinobacteria|o__Bifidobacteriales|f__Bifidobacteriaceae|g__Bifidobacterium|s__None,839,k__Bacteria|p__Firmicutes|c__Clostridia|o__Oscillospirales|f__Ruminococcaceae|g__Incertae_Sedis|s__metagenome,0.9166666666666666
25,k__Bacteria|p__Actinobacteriota|c__Actinobacteria|o__Bifidobacteriales|f__Bifidobacteriaceae|g__Bifidobacterium|s__None,841,k__Bacteria|p__Firmicutes|c__Clostridia|o__Oscillospirales|f__Ruminococcaceae|g__Incertae_Sedis|s__None,0.8333333333333334
25,k__Bacteria|p__Actinobacteriota|c__Actinobacteria|o__Bifidobacteriales|f__Bifidobacteriaceae|g__Bifidobacterium|s__None,859,k__Bacteria|p__Firmicutes|c__Clostridia|o__Oscillospirales|f__Ruminococcaceae|g__Ruminococcus|s__None,0.8333333333333334
25,k__Bacteria|p__Actinobacteriota|c__Actinobacteria|o__Bifidobacteriales|f__Bifidobacteriaceae|g__Bifidobacterium|s__None,860,k__Bacteria|p__Firmicutes|c__Clostridia|o__Oscillospirales|f__Ruminococcaceae|g__Subdoligranulum|s__None,0.8333333333333334
25,k__Bacteria|p__Actinobacteriota|c__Actinobacteria|o__Bifidobacteriales|f__Bifidobacteriaceae|g__Bifidobacterium|s__None,863,k__Bacteria|p__Firmicutes|c__Clostridia|o__Oscillospirales|f__Ruminococcaceae|g__UBA1819|s__None,0.8333333333333334
25,k__Bacteria|p__Actinobacteriota|c__Actinobacteria|o__Bifidobacteriales|f__Bifidobacteriaceae|g__Bifidobacterium|s__None,865,k__Bacteria|p__Firmicutes|c__Clostridia|o__Oscillospirales|f__Ruminococcaceae|g__Eubacterium_siraeum_group|s__None,0.8333333333333334
25,k__Bacteria|p__Actinobacteriota|c__Actinobacteria|o__Bifidobacteriales|f__Bifidobacteriaceae|g__Bifidobacterium|s__None,869,k__Bacteria|p__Firmicutes|c__Clostridia|o__Oscillospirales|f__Ruminococcaceae|g__None|s__None,0.75
25,k__Bacteria|p__Actinobacteriota|c__Actinobacteria|o__Bifidobacteriales|f__Bifidobacteriaceae|g__Bifidobacterium|s__None,885,k__Bacteria|p__Firmicutes|c__Clostridia|o__Oscillospirales|f__Eubacterium_coprostanoligenes_group|g__None|s__None,0.75
25,k__Bacteria|p__Actinobacteriota|c__Actinobacteria|o__Bifidobacteriales|f__Bifidobacteriaceae|g__Bifidobacterium|s__None,905,k__Bacteria|p__Firmicutes|c__Clostridia|o__Peptostreptococcales-Tissierellales|f__Anaerovoracaceae|g__Family_XIII_AD3011_group|s__metagenome,0.9166666666666666
25,k__Bacteria|p__Actinobacteriota|c__Actinobacteria|o__Bifidobacteriales|f__Bifidobacteriaceae|g__Bifidobacterium|s__None,925,k__Bacteria|p__Firmicutes|c__Clostridia|o__Peptostreptococcales-Tissierellales|f__Anaerovoracaceae|g__None|s__None,0.75
25,k__Bacteria|p__Actinobacteriota|c__Actinobacteria|o__Bifidobacteriales|f__Bifidobacteriaceae|g__Bifidobacterium|s__None,943,k__Bacteria|p__Firmicutes|c__Clostridia|o__Peptostreptococcales-Tissierellales|f__Peptostreptococcaceae|g__Intestinibacter|s__None,0.8333333333333334
25,k__Bacteria|p__Actinobacteriota|c__Actinobacteria|o__Bifidobacteriales|f__Bifidobacteriaceae|g__Bifidobacterium|s__None,951,k__Bacteria|p__Firmicutes|c__Clostridia|o__Peptostreptococcales-Tissierellales|f__Peptostreptococcaceae|g__Romboutsia|s__None,0.8333333333333334
25,k__Bacteria|p__Actinobacteriota|c__Actinobacteria|o__Bifidobacteriales|f__Bifidobacteriaceae|g__Bifidobacterium|s__None,956,k__Bacteria|p__Firmicutes|c__Clostridia|o__None|f__None|g__None|s__None,0.5833333333333334
25,k__Bacteria|p__Actinobacteriota|c__Actinobacteria|o__Bifidobacteriales|f__Bifidobacteriaceae|g__Bifidobacterium|s__None,966,k__Bacteria|p__Firmicutes|c__Negativicutes|o__Acidaminococcales|f__Acidaminococcaceae|g__Acidaminococcus|s__None,0.8333333333333334
25,k__Bacteria|p__Actinobacteriota|c__Actinobacteria|o__Bifidobacteriales|f__Bifidobacteriaceae|g__Bifidobacterium|s__None,967,k__Bacteria|p__Firmicutes|c__Negativicutes|o__Acidaminococcales|f__Acidaminococcaceae|g__Phascolarctobacterium|s__None,0.8333333333333334
25,k__Bacteria|p__Actinobacteriota|c__Actinobacteria|o__Bifidobacteriales|f__Bifidobacteriaceae|g__Bifidobacterium|s__None,986,k__Bacteria|p__Firmicutes|c__Negativicutes|o__Veillonellales-Selenomonadales|f__Veillonellaceae|g__Dialister|s__None,0.8333333333333334
25,k__Bacteria|p__Actinobacteriota|c__Actinobacteria|o__Bifidobacteriales|f__Bifidobacteriaceae|g__Bifidobacterium|s__None,992,k__Bacteria|p__Firmicutes|c__Negativicutes|o__Veillonellales-Selenomonadales|f__Veillonellaceae|g__Veillonella|s__None,0.8333333333333334
25,k__Bacteria|p__Actinobacteriota|c__Actinobacteria|o__Bifidobacteriales|f__Bifidobacteriaceae|g__Bifidobacterium|s__None,1055,k__Bacteria|p__Proteobacteria|c__Gammaproteobacteria|o__Burkholderiales|f__Sutterellaceae|g__Parasutterella|s__None,0.8333333333333334
25,k__Bacteria|p__Actinobacteriota|c__Actinobacteria|o__Bifidobacteriales|f__Bifidobacteriaceae|g__Bifidobacterium|s__None,1069,k__Bacteria|p__Proteobacteria|c__Gammaproteobacteria|o__Enterobacterales|f__Enterobacteriaceae|g__Escherichia-Shigella|s__None,0.8333333333333334
25,k__Bacteria|p__Actinobacteriota|c__Actinobacteria|o__Bifidobacteriales|f__Bifidobacteriaceae|g__Bifidobacterium|s__None,1089,k__Bacteria|p__Proteobacteria|c__Gammaproteobacteria|o__Pseudomonadales|f__Pseudomonadaceae|g__Pseudomonas|s__None,0.8333333333333334
25,k__Bacteria|p__Actinobacteriota|c__Actinobacteria|o__Bifidobacteriales|f__Bifidobacteriaceae|g__Bifidobacterium|s__None,1132,k__Bacteria|p__Verrucomicrobiota|c__Verrucomicrobiae|o__Verrucomicrobiales|f__Akkermansiaceae|g__Akkermansia|s__None,0.8333333333333334
25,k__Bacteria|p__Actinobacteriota|c__Actinobacteria|o__Bifidobacteriales|f__Bifidobacteriaceae|g__Bifidobacterium|s__None,1136,k__Bacteria|p__None|c__None|o__None|f__None|g__None|s__None,0.4166666666666667
37,k__Bacteria|p__Actinobacteriota|c__Actinobacteria|o__Micrococcales|f__Micrococcaceae|g__Rothia|s__None,62,k__Bacteria|p__Actinobacteriota|c__Coriobacteriia|o__Coriobacteriales|f__Coriobacteriales_Incertae_Sedis|g__uncultured|s__None,0.6666666666666666
37,k__Bacteria|p__Actinobacteriota|c__Actinobacteria|o__Micrococcales|f__Micrococcaceae|g__Rothia|s__None,69,k__Bacteria|p__Actinobacteriota|c__Coriobacteriia|o__Coriobacteriales|f__Eggerthellaceae|g__Eggerthella|s__None,0.6666666666666666
37,k__Bacteria|p__Actinobacteriota|c__Actinobacteria|o__Micrococcales|f__Micrococcaceae|g__Rothia|s__None,116,k__Bacteria|p__Bacteroidetes|c__Bacteroidia|o__Bacteroidales|f__Bacteroidaceae|g__Bacteroides|s__Bacteroides_ovatus,0.9166666666666666
37,k__Bacteria|p__Actinobacteriota|c__Actinobacteria|o__Micrococcales|f__Micrococcaceae|g__Rothia|s__None,129,k__Bacteria|p__Bacteroidetes|c__Bacteroidia|o__Bacteroidales|f__Bacteroidaceae|g__Bacteroides|s__Bacteroides_stercoris_ATCC_43183,0.9166666666666666
37,k__Bacteria|p__Actinobacteriota|c__Actinobacteria|o__Micrococcales|f__Micrococcaceae|g__Rothia|s__None,130,k__Bacteria|p__Bacteroidetes|c__Bacteroidia|o__Bacteroidales|f__Bacteroidaceae|g__Bacteroides|s__Bacteroides_uniformis,0.9166666666666666
37,k__Bacteria|p__Actinobacteriota|c__Actinobacteria|o__Micrococcales|f__Micrococcaceae|g__Rothia|s__None,132,k__Bacteria|p__Bacteroidetes|c__Bacteroidia|o__Bacteroidales|f__Bacteroidaceae|g__Bacteroides|s__None,0.8333333333333334
37,k__Bacteria|p__Actinobacteriota|c__Actinobacteria|o__Micrococcales|f__Micrococcaceae|g__Rothia|s__None,157,k__Bacteria|p__Bacteroidetes|c__Bacteroidia|o__Bacteroidales|f__Muribaculaceae|g__metagenome|s__None,0.8333333333333334
37,k__Bacteria|p__Actinobacteriota|c__Actinobacteria|o__Micrococcales|f__Micrococcaceae|g__Rothia|s__None,200,k__Bacteria|p__Bacteroidetes|c__Bacteroidia|o__Bacteroidales|f__Prevotellaceae|g__Prevotella|s__None,0.8333333333333334
37,k__Bacteria|p__Actinobacteriota|c__Actinobacteria|o__Micrococcales|f__Micrococcaceae|g__Rothia|s__None,224,k__Bacteria|p__Bacteroidetes|c__Bacteroidia|o__Bacteroidales|f__Rikenellaceae|g__Alistipes|s__Bacteroidetes_bacterium_Eg28,0.9166666666666666
37,k__Bacteria|p__Actinobacteriota|c__Actinobacteria|o__Micrococcales|f__Micrococcaceae|g__Rothia|s__None,225,k__Bacteria|p__Bacteroidetes|c__Bacteroidia|o__Bacteroidales|f__Rikenellaceae|g__Alistipes|s__Tidjanibacter_massiliensis,0.9166666666666666
37,k__Bacteria|p__Actinobacteriota|c__Actinobacteria|o__Micrococcales|f__Micrococcaceae|g__Rothia|s__None,227,k__Bacteria|p__Bacteroidetes|c__Bacteroidia|o__Bacteroidales|f__Rikenellaceae|g__Alistipes|s__None,0.8333333333333334
37,k__Bacteria|p__Actinobacteriota|c__Actinobacteria|o__Micrococcales|f__Micrococcaceae|g__Rothia|s__None,284,k__Bacteria|p__Desulfobacterota|c__Desulfovibrionia|o__Desulfovibrionales|f__Desulfovibrionaceae|g__Bilophila|s__None,0.8333333333333334
37,k__Bacteria|p__Actinobacteriota|c__Actinobacteria|o__Micrococcales|f__Micrococcaceae|g__Rothia|s__None,311,k__Bacteria|p__Firmicutes|c__Bacilli|o__Erysipelotrichales|f__Erysipelatoclostridiaceae|g__Erysipelatoclostridium|s__Clostridium_spiroforme_DSM_1552,0.9166666666666666
37,k__Bacteria|p__Actinobacteriota|c__Actinobacteria|o__Micrococcales|f__Micrococcaceae|g__Rothia|s__None,314,k__Bacteria|p__Firmicutes|c__Bacilli|o__Erysipelotrichales|f__Erysipelatoclostridiaceae|g__Erysipelotrichaceae_UCG-003|s__None,0.8333333333333334
37,k__Bacteria|p__Actinobacteriota|c__Actinobacteria|o__Micrococcales|f__Micrococcaceae|g__Rothia|s__None,380,k__Bacteria|p__Firmicutes|c__Bacilli|o__Lactobacillales|f__Streptococcaceae|g__Streptococcus|s__None,0.8333333333333334
37,k__Bacteria|p__Actinobacteriota|c__Actinobacteria|o__Micrococcales|f__Micrococcaceae|g__Rothia|s__None,411,k__Bacteria|p__Firmicutes|c__Clostridia|o__Christensenellales|f__Christensenellaceae|g__Christensenellaceae_R-7_group|s__None,0.8333333333333334
37,k__Bacteria|p__Actinobacteriota|c__Actinobacteria|o__Micrococcales|f__Micrococcaceae|g__Rothia|s__None,421,k__Bacteria|p__Firmicutes|c__Clostridia|o__Christensenellales|f__Christensenellaceae|g__Christensenellaceae_R-7_group|s__uncultured_marine_bacterium,0.9166666666666666
37,k__Bacteria|p__Actinobacteriota|c__Actinobacteria|o__Micrococcales|f__Micrococcaceae|g__Rothia|s__None,426,k__Bacteria|p__Firmicutes|c__Clostridia|o__Clostridia_UCG-014|f__None|g__None|s__None,0.6666666666666666
37,k__Bacteria|p__Actinobacteriota|c__Actinobacteria|o__Micrococcales|f__Micrococcaceae|g__Rothia|s__None,445,k__Bacteria|p__Firmicutes|c__Clostridia|o__Clostridiales|f__Christensenellaceae|g__Christensenella|s__PAC002297,0.9166666666666666
37,k__Bacteria|p__Actinobacteriota|c__Actinobacteria|o__Micrococcales|f__Micrococcaceae|g__Rothia|s__None,501,k__Bacteria|p__Firmicutes|c__Clostridia|o__Clostridiales|f__Lachnospiraceae|g__PAC001201|s__PAC002549,0.9166666666666666
37,k__Bacteria|p__Actinobacteriota|c__Actinobacteria|o__Micrococcales|f__Micrococcaceae|g__Rothia|s__None,534,k__Bacteria|p__Firmicutes|c__Clostridia|o__Clostridiales|f__Ruminococcaceae|g__PAC001144|s__PAC001620,0.9166666666666666
37,k__Bacteria|p__Actinobacteriota|c__Actinobacteria|o__Micrococcales|f__Micrococcaceae|g__Rothia|s__None,562,k__Bacteria|p__Firmicutes|c__Clostridia|o__Eubacteriales|f__Eubacteriaceae|g__Eubacterium|s__None,0.8333333333333334
37,k__Bacteria|p__Actinobacteriota|c__Actinobacteria|o__Micrococcales|f__Micrococcaceae|g__Rothia|s__None,577,k__Bacteria|p__Firmicutes|c__Clostridia|o__Lachnospirales|f__Lachnospiraceae|g__Agathobacter|s__None,0.8333333333333334
37,k__Bacteria|p__Actinobacteriota|c__Actinobacteria|o__Micrococcales|f__Micrococcaceae|g__Rothia|s__None,588,k__Bacteria|p__Firmicutes|c__Clostridia|o__Lachnospirales|f__Lachnospiraceae|g__Anaerostipes|s__None,0.8333333333333334
37,k__Bacteria|p__Actinobacteriota|c__Actinobacteria|o__Micrococcales|f__Micrococcaceae|g__Rothia|s__None,591,k__Bacteria|p__Firmicutes|c__Clostridia|o__Lachnospirales|f__Lachnospiraceae|g__Anaerostipes|s__uncultured_Lachnospiraceae_bacterium,0.9166666666666666
37,k__Bacteria|p__Actinobacteriota|c__Actinobacteria|o__Micrococcales|f__Micrococcaceae|g__Rothia|s__None,594,k__Bacteria|p__Firmicutes|c__Clostridia|o__Lachnospirales|f__Lachnospiraceae|g__Blautia|s__None,0.8333333333333334
37,k__Bacteria|p__Actinobacteriota|c__Actinobacteria|o__Micrococcales|f__Micrococcaceae|g__Rothia|s__None,595,k__Bacteria|p__Firmicutes|c__Clostridia|o__Lachnospirales|f__Lachnospiraceae|g__Blautia|s__bacterium_mpn-isolate_group_20,0.9166666666666666
37,k__Bacteria|p__Actinobacteriota|c__Actinobacteria|o__Micrococcales|f__Micrococcaceae|g__Rothia|s__None,597,k__Bacteria|p__Firmicutes|c__Clostridia|o__Lachnospirales|f__Lachnospiraceae|g__Blautia|s__uncultured_Blautia_sp.,0.9166666666666666
37,k__Bacteria|p__Actinobacteriota|c__Actinobacteria|o__Micrococcales|f__Micrococcaceae|g__Rothia|s__None,608,k__Bacteria|p__Firmicutes|c__Clostridia|o__Lachnospirales|f__Lachnospiraceae|g__Coprococcus|s__None,0.8333333333333334
37,k__Bacteria|p__Actinobacteriota|c__Actinobacteria|o__Micrococcales|f__Micrococcaceae|g__Rothia|s__None,609,k__Bacteria|p__Firmicutes|c__Clostridia|o__Lachnospirales|f__Lachnospiraceae|g__Coprococcus|s__uncultured_Coprococcus_sp.,0.9166666666666666
37,k__Bacteria|p__Actinobacteriota|c__Actinobacteria|o__Micrococcales|f__Micrococcaceae|g__Rothia|s__None,612,k__Bacteria|p__Firmicutes|c__Clostridia|o__Lachnospirales|f__Lachnospiraceae|g__Eisenbergiella|s__None,0.8333333333333334
37,k__Bacteria|p__Actinobacteriota|c__Actinobacteria|o__Micrococcales|f__Micrococcaceae|g__Rothia|s__None,619,k__Bacteria|p__Firmicutes|c__Clostridia|o__Lachnospirales|f__Lachnospiraceae|g__Fusicatenibacter|s__uncultured_Lachnospiraceae_bacterium,0.9166666666666666
37,k__Bacteria|p__Actinobacteriota|c__Actinobacteria|o__Micrococcales|f__Micrococcaceae|g__Rothia|s__None,620,k__Bacteria|p__Firmicutes|c__Clostridia|o__Lachnospirales|f__Lachnospiraceae|g__GCA-900066575|s__None,0.8333333333333334
37,k__Bacteria|p__Actinobacteriota|c__Actinobacteria|o__Micrococcales|f__Micrococcaceae|g__Rothia|s__None,628,k__Bacteria|p__Firmicutes|c__Clostridia|o__Lachnospirales|f__Lachnospiraceae|g__Howardella|s__metagenome,0.9166666666666666
37,k__Bacteria|p__Actinobacteriota|c__Actinobacteria|o__Micrococcales|f__Micrococcaceae|g__Rothia|s__None,638,k__Bacteria|p__Firmicutes|c__Clostridia|o__Lachnospirales|f__Lachnospiraceae|g__Lachnoclostridium|s__None,0.8333333333333334
37,k__Bacteria|p__Actinobacteriota|c__Actinobacteria|o__Micrococcales|f__Micrococcaceae|g__Rothia|s__None,640,k__Bacteria|p__Firmicutes|c__Clostridia|o__Lachnospirales|f__Lachnospiraceae|g__Lachnoclostridium|s__uncultured_Lachnospiraceae_bacterium,0.9166666666666666
37,k__Bacteria|p__Actinobacteriota|c__Actinobacteria|o__Micrococcales|f__Micrococcaceae|g__Rothia|s__None,641,k__Bacteria|p__Firmicutes|c__Clostridia|o__Lachnospirales|f__Lachnospiraceae|g__Lachnospira|s__None,0.8333333333333334
37,k__Bacteria|p__Actinobacteriota|c__Actinobacteria|o__Micrococcales|f__Micrococcaceae|g__Rothia|s__None,649,k__Bacteria|p__Firmicutes|c__Clostridia|o__Lachnospirales|f__Lachnospiraceae|g__Lachnospiraceae_ND3007_group|s__metagenome,0.9166666666666666
37,k__Bacteria|p__Actinobacteriota|c__Actinobacteria|o__Micrococcales|f__Micrococcaceae|g__Rothia|s__None,658,k__Bacteria|p__Firmicutes|c__Clostridia|o__Lachnospirales|f__Lachnospiraceae|g__Lachnospiraceae_NK4A136_group|s__uncultured_bacterium_Adhufec49.25,0.9166666666666666
37,k__Bacteria|p__Actinobacteriota|c__Actinobacteria|o__Micrococcales|f__Micrococcaceae|g__Rothia|s__None,662,k__Bacteria|p__Firmicutes|c__Clostridia|o__Lachnospirales|f__Lachnospiraceae|g__Lachnospiraceae_UCG-001|s__metagenome,0.9166666666666666
37,k__Bacteria|p__Actinobacteriota|c__Actinobacteria|o__Micrococcales|f__Micrococcaceae|g__Rothia|s__None,675,k__Bacteria|p__Firmicutes|c__Clostridia|o__Lachnospirales|f__Lachnospiraceae|g__Lachnospiraceae_UCG-010|s__None,0.8333333333333334
37,k__Bacteria|p__Actinobacteriota|c__Actinobacteria|o__Micrococcales|f__Micrococcaceae|g__Rothia|s__None,694,k__Bacteria|p__Firmicutes|c__Clostridia|o__Lachnospirales|f__Lachnospiraceae|g__Roseburia|s__None,0.8333333333333334
37,k__Bacteria|p__Actinobacteriota|c__Actinobacteria|o__Micrococcales|f__Micrococcaceae|g__Rothia|s__None,695,k__Bacteria|p__Firmicutes|c__Clostridia|o__Lachnospirales|f__Lachnospiraceae|g__Roseburia|s__gut_metagenome,0.9166666666666666
37,k__Bacteria|p__Actinobacteriota|c__Actinobacteria|o__Micrococcales|f__Micrococcaceae|g__Rothia|s__None,705,k__Bacteria|p__Firmicutes|c__Clostridia|o__Lachnospirales|f__Lachnospiraceae|g__Tuzzerella|s__None,0.8333333333333334
37,k__Bacteria|p__Actinobacteriota|c__Actinobacteria|o__Micrococcales|f__Micrococcaceae|g__Rothia|s__None,709,k__Bacteria|p__Firmicutes|c__Clostridia|o__Lachnospirales|f__Lachnospiraceae|g__UC5-1-2E3|s__uncultured_organism,0.9166666666666666
37,k__Bacteria|p__Actinobacteriota|c__Actinobacteria|o__Micrococcales|f__Micrococcaceae|g__Rothia|s__None,711,k__Bacteria|p__Firmicutes|c__Clostridia|o__Lachnospirales|f__Lachnospiraceae|g__Eubacterium_eligens_group|s__None,0.8333333333333334
37,k__Bacteria|p__Actinobacteriota|c__Actinobacteria|o__Micrococcales|f__Micrococcaceae|g__Rothia|s__None,712,k__Bacteria|p__Firmicutes|c__Clostridia|o__Lachnospirales|f__Lachnospiraceae|g__Eubacterium_fissicatena_group|s__None,0.8333333333333334
37,k__Bacteria|p__Actinobacteriota|c__Actinobacteria|o__Micrococcales|f__Micrococcaceae|g__Rothia|s__None,717,k__Bacteria|p__Firmicutes|c__Clostridia|o__Lachnospirales|f__Lachnospiraceae|g__Eubacterium_hallii_group|s__None,0.8333333333333334
37,k__Bacteria|p__Actinobacteriota|c__Actinobacteria|o__Micrococcales|f__Micrococcaceae|g__Rothia|s__None,722,k__Bacteria|p__Firmicutes|c__Clostridia|o__Lachnospirales|f__Lachnospiraceae|g__Eubacterium_ventriosum_group|s__uncultured_organism,0.9166666666666666
37,k__Bacteria|p__Actinobacteriota|c__Actinobacteria|o__Micrococcales|f__Micrococcaceae|g__Rothia|s__None,724,k__Bacteria|p__Firmicutes|c__Clostridia|o__Lachnospirales|f__Lachnospiraceae|g__Eubacterium_xylanophilum_group|s__None,0.8333333333333334
37,k__Bacteria|p__Actinobacteriota|c__Actinobacteria|o__Micrococcales|f__Micrococcaceae|g__Rothia|s__None,730,k__Bacteria|p__Firmicutes|c__Clostridia|o__Lachnospirales|f__Lachnospiraceae|g__Ruminococcus_torques_group|s__None,0.8333333333333334
37,k__Bacteria|p__Actinobacteriota|c__Actinobacteria|o__Micrococcales|f__Micrococcaceae|g__Rothia|s__None,732,k__Bacteria|p__Firmicutes|c__Clostridia|o__Lachnospirales|f__Lachnospiraceae|g__None|s__None,0.75
37,k__Bacteria|p__Actinobacteriota|c__Actinobacteria|o__Micrococcales|f__Micrococcaceae|g__Rothia|s__None,733,k__Bacteria|p__Firmicutes|c__Clostridia|o__Lachnospirales|f__Lachnospiraceae|g__uncultured|s__None,0.8333333333333334
37,k__Bacteria|p__Actinobacteriota|c__Actinobacteria|o__Micrococcales|f__Micrococcaceae|g__Rothia|s__None,739,k__Bacteria|p__Firmicutes|c__Clostridia|o__Monoglobales|f__Monoglobaceae|g__Monoglobus|s__None,0.8333333333333334
37,k__Bacteria|p__Actinobacteriota|c__Actinobacteria|o__Micrococcales|f__Micrococcaceae|g__Rothia|s__None,759,k__Bacteria|p__Firmicutes|c__Clostridia|o__Oscillospirales|f__Oscillospiraceae|g__Colidextribacter|s__None,0.8333333333333334
37,k__Bacteria|p__Actinobacteriota|c__Actinobacteria|o__Micrococcales|f__Micrococcaceae|g__Rothia|s__None,767,k__Bacteria|p__Firmicutes|c__Clostridia|o__Oscillospirales|f__Oscillospiraceae|g__Flavonifractor|s__None,0.8333333333333334
37,k__Bacteria|p__Actinobacteriota|c__Actinobacteria|o__Micrococcales|f__Micrococcaceae|g__Rothia|s__None,769,k__Bacteria|p__Firmicutes|c__Clostridia|o__Oscillospirales|f__Oscillospiraceae|g__Intestinimonas|s__None,0.8333333333333334
37,k__Bacteria|p__Actinobacteriota|c__Actinobacteria|o__Micrococcales|f__Micrococcaceae|g__Rothia|s__None,770,k__Bacteria|p__Firmicutes|c__Clostridia|o__Oscillospirales|f__Oscillospiraceae|g__Intestinimonas|s__bacterium_P1C2,0.9166666666666666
37,k__Bacteria|p__Actinobacteriota|c__Actinobacteria|o__Micrococcales|f__Micrococcaceae|g__Rothia|s__None,779,k__Bacteria|p__Firmicutes|c__Clostridia|o__Oscillospirales|f__Oscillospiraceae|g__Oscillibacter|s__None,0.8333333333333334
37,k__Bacteria|p__Actinobacteriota|c__Actinobacteria|o__Micrococcales|f__Micrococcaceae|g__Rothia|s__None,780,k__Bacteria|p__Firmicutes|c__Clostridia|o__Oscillospirales|f__Oscillospiraceae|g__Oscillibacter|s__metagenome,0.9166666666666666
37,k__Bacteria|p__Actinobacteriota|c__Actinobacteria|o__Micrococcales|f__Micrococcaceae|g__Rothia|s__None,790,k__Bacteria|p__Firmicutes|c__Clostridia|o__Oscillospirales|f__Oscillospiraceae|g__UCG-002|s__None,0.8333333333333334
37,k__Bacteria|p__Actinobacteriota|c__Actinobacteria|o__Micrococcales|f__Micrococcaceae|g__Rothia|s__None,791,k__Bacteria|p__Firmicutes|c__Clostridia|o__Oscillospirales|f__Oscillospiraceae|g__UCG-003|s__None,0.8333333333333334
37,k__Bacteria|p__Actinobacteriota|c__Actinobacteria|o__Micrococcales|f__Micrococcaceae|g__Rothia|s__None,794,k__Bacteria|p__Firmicutes|c__Clostridia|o__Oscillospirales|f__Oscillospiraceae|g__UCG-005|s__metagenome,0.9166666666666666
37,k__Bacteria|p__Actinobacteriota|c__Actinobacteria|o__Micrococcales|f__Micrococcaceae|g__Rothia|s__None,812,k__Bacteria|p__Firmicutes|c__Clostridia|o__Oscillospirales|f__Ruminococcaceae|g__Anaerofilum|s__metagenome,0.9166666666666666
37,k__Bacteria|p__Actinobacteriota|c__Actinobacteria|o__Micrococcales|f__Micrococcaceae|g__Rothia|s__None,832,k__Bacteria|p__Firmicutes|c__Clostridia|o__Oscillospirales|f__Ruminococcaceae|g__DTU089|s__None,0.8333333333333334
37,k__Bacteria|p__Actinobacteriota|c__Actinobacteria|o__Micrococcales|f__Micrococcaceae|g__Rothia|s__None,833,k__Bacteria|p__Firmicutes|c__Clostridia|o__Oscillospirales|f__Ruminococcaceae|g__Faecalibacterium|s__None,0.8333333333333334
37,k__Bacteria|p__Actinobacteriota|c__Actinobacteria|o__Micrococcales|f__Micrococcaceae|g__Rothia|s__None,839,k__Bacteria|p__Firmicutes|c__Clostridia|o__Oscillospirales|f__Ruminococcaceae|g__Incertae_Sedis|s__metagenome,0.9166666666666666
37,k__Bacteria|p__Actinobacteriota|c__Actinobacteria|o__Micrococcales|f__Micrococcaceae|g__Rothia|s__None,841,k__Bacteria|p__Firmicutes|c__Clostridia|o__Oscillospirales|f__Ruminococcaceae|g__Incertae_Sedis|s__None,0.8333333333333334
37,k__Bacteria|p__Actinobacteriota|c__Actinobacteria|o__Micrococcales|f__Micrococcaceae|g__Rothia|s__None,859,k__Bacteria|p__Firmicutes|c__Clostridia|o__Oscillospirales|f__Ruminococcaceae|g__Ruminococcus|s__None,0.8333333333333334
37,k__Bacteria|p__Actinobacteriota|c__Actinobacteria|o__Micrococcales|f__Micrococcaceae|g__Rothia|s__None,860,k__Bacteria|p__Firmicutes|c__Clostridia|o__Oscillospirales|f__Ruminococcaceae|g__Subdoligranulum|s__None,0.8333333333333334
37,k__Bacteria|p__Actinobacteriota|c__Actinobacteria|o__Micrococcales|f__Micrococcaceae|g__Rothia|s__None,863,k__Bacteria|p__Firmicutes|c__Clostridia|o__Oscillospirales|f__Ruminococcaceae|g__UBA1819|s__None,0.8333333333333334
37,k__Bacteria|p__Actinobacteriota|c__Actinobacteria|o__Micrococcales|f__Micrococcaceae|g__Rothia|s__None,865,k__Bacteria|p__Firmicutes|c__Clostridia|o__Oscillospirales|f__Ruminococcaceae|g__Eubacterium_siraeum_group|s__None,0.8333333333333334
37,k__Bacteria|p__Actinobacteriota|c__Actinobacteria|o__Micrococcales|f__Micrococcaceae|g__Rothia|s__None,869,k__Bacteria|p__Firmicutes|c__Clostridia|o__Oscillospirales|f__Ruminococcaceae|g__None|s__None,0.75
37,k__Bacteria|p__Actinobacteriota|c__Actinobacteria|o__Micrococcales|f__Micrococcaceae|g__Rothia|s__None,885,k__Bacteria|p__Firmicutes|c__Clostridia|o__Oscillospirales|f__Eubacterium_coprostanoligenes_group|g__None|s__None,0.75
37,k__Bacteria|p__Actinobacteriota|c__Actinobacteria|o__Micrococcales|f__Micrococcaceae|g__Rothia|s__None,905,k__Bacteria|p__Firmicutes|c__Clostridia|o__Peptostreptococcales-Tissierellales|f__Anaerovoracaceae|g__Family_XIII_AD3011_group|s__metagenome,0.9166666666666666
37,k__Bacteria|p__Actinobacteriota|c__Actinobacteria|o__Micrococcales|f__Micrococcaceae|g__Rothia|s__None,925,k__Bacteria|p__Firmicutes|c__Clostridia|o__Peptostreptococcales-Tissierellales|f__Anaerovoracaceae|g__None|s__None,0.75
37,k__Bacteria|p__Actinobacteriota|c__Actinobacteria|o__Micrococcales|f__Micrococcaceae|g__Rothia|s__None,943,k__Bacteria|p__Firmicutes|c__Clostridia|o__Peptostreptococcales-Tissierellales|f__Peptostreptococcaceae|g__Intestinibacter|s__None,0.8333333333333334
37,k__Bacteria|p__Actinobacteriota|c__Actinobacteria|o__Micrococcales|f__Micrococcaceae|g__Rothia|s__None,951,k__Bacteria|p__Firmicutes|c__Clostridia|o__Peptostreptococcales-Tissierellales|f__Peptostreptococcaceae|g__Romboutsia|s__None,0.8333333333333334
37,k__Bacteria|p__Actinobacteriota|c__Actinobacteria|o__Micrococcales|f__Micrococcaceae|g__Rothia|s__None,956,k__Bacteria|p__Firmicutes|c__Clostridia|o__None|f__None|g__None|s__None,0.5833333333333334
37,k__Bacteria|p__Actinobacteriota|c__Actinobacteria|o__Micrococcales|f__Micrococcaceae|g__Rothia|s__None,966,k__Bacteria|p__Firmicutes|c__Negativicutes|o__Acidaminococcales|f__Acidaminococcaceae|g__Acidaminococcus|s__None,0.8333333333333334
37,k__Bacteria|p__Actinobacteriota|c__Actinobacteria|o__Micrococcales|f__Micrococcaceae|g__Rothia|s__None,967,k__Bacteria|p__Firmicutes|c__Negativicutes|o__Acidaminococcales|f__Acidaminococcaceae|g__Phascolarctobacterium|s__None,0.8333333333333334
37,k__Bacteria|p__Actinobacteriota|c__Actinobacteria|o__Micrococcales|f__Micrococcaceae|g__Rothia|s__None,986,k__Bacteria|p__Firmicutes|c__Negativicutes|o__Veillonellales-Selenomonadales|f__Veillonellaceae|g__Dialister|s__None,0.8333333333333334
37,k__Bacteria|p__Actinobacteriota|c__Actinobacteria|o__Micrococcales|f__Micrococcaceae|g__Rothia|s__None,992,k__Bacteria|p__Firmicutes|c__Negativicutes|o__Veillonellales-Selenomonadales|f__Veillonellaceae|g__Veillonella|s__None,0.8333333333333334
37,k__Bacteria|p__Actinobacteriota|c__Actinobacteria|o__Micrococcales|f__Micrococcaceae|g__Rothia|s__None,1055,k__Bacteria|p__Proteobacteria|c__Gammaproteobacteria|o__Burkholderiales|f__Sutterellaceae|g__Parasutterella|s__None,0.8333333333333334
37,k__Bacteria|p__Actinobacteriota|c__Actinobacteria|o__Micrococcales|f__Micrococcaceae|g__Rothia|s__None,1069,k__Bacteria|p__Proteobacteria|c__Gammaproteobacteria|o__Enterobacterales|f__Enterobacteriaceae|g__Escherichia-Shigella|s__None,0.8333333333333334
37,k__Bacteria|p__Actinobacteriota|c__Actinobacteria|o__Micrococcales|f__Micrococcaceae|g__Rothia|s__None,1089,k__Bacteria|p__Proteobacteria|c__Gammaproteobacteria|o__Pseudomonadales|f__Pseudomonadaceae|g__Pseudomonas|s__None,0.8333333333333334
37,k__Bacteria|p__Actinobacteriota|c__Actinobacteria|o__Micrococcales|f__Micrococcaceae|g__Rothia|s__None,1132,k__Bacteria|p__Verrucomicrobiota|c__Verrucomicrobiae|o__Verrucomicrobiales|f__Akkermansiaceae|g__Akkermansia|s__None,0.8333333333333334
37,k__Bacteria|p__Actinobacteriota|c__Actinobacteria|o__Micrococcales|f__Micrococcaceae|g__Rothia|s__None,1136,k__Bacteria|p__None|c__None|o__None|f__None|g__None|s__None,0.4166666666666667
62,k__Bacteria|p__Actinobacteriota|c__Coriobacteriia|o__Coriobacteriales|f__Coriobacteriales_Incertae_Sedis|g__uncultured|s__None,69,k__Bacteria|p__Actinobacteriota|c__Coriobacteriia|o__Coriobacteriales|f__Eggerthellaceae|g__Eggerthella|s__None,0.3333333333333333
62,k__Bacteria|p__Actinobacteriota|c__Coriobacteriia|o__Coriobacteriales|f__Coriobacteriales_Incertae_Sedis|g__uncultured|s__None,116,k__Bacteria|p__Bacteroidetes|c__Bacteroidia|o__Bacteroidales|f__Bacteroidaceae|g__Bacteroides|s__Bacteroides_ovatus,0.9166666666666666
62,k__Bacteria|p__Actinobacteriota|c__Coriobacteriia|o__Coriobacteriales|f__Coriobacteriales_Incertae_Sedis|g__uncultured|s__None,129,k__Bacteria|p__Bacteroidetes|c__Bacteroidia|o__Bacteroidales|f__Bacteroidaceae|g__Bacteroides|s__Bacteroides_stercoris_ATCC_43183,0.9166666666666666
62,k__Bacteria|p__Actinobacteriota|c__Coriobacteriia|o__Coriobacteriales|f__Coriobacteriales_Incertae_Sedis|g__uncultured|s__None,130,k__Bacteria|p__Bacteroidetes|c__Bacteroidia|o__Bacteroidales|f__Bacteroidaceae|g__Bacteroides|s__Bacteroides_uniformis,0.9166666666666666
62,k__Bacteria|p__Actinobacteriota|c__Coriobacteriia|o__Coriobacteriales|f__Coriobacteriales_Incertae_Sedis|g__uncultured|s__None,132,k__Bacteria|p__Bacteroidetes|c__Bacteroidia|o__Bacteroidales|f__Bacteroidaceae|g__Bacteroides|s__None,0.8333333333333334
62,k__Bacteria|p__Actinobacteriota|c__Coriobacteriia|o__Coriobacteriales|f__Coriobacteriales_Incertae_Sedis|g__uncultured|s__None,157,k__Bacteria|p__Bacteroidetes|c__Bacteroidia|o__Bacteroidales|f__Muribaculaceae|g__metagenome|s__None,0.8333333333333334
62,k__Bacteria|p__Actinobacteriota|c__Coriobacteriia|o__Coriobacteriales|f__Coriobacteriales_Incertae_Sedis|g__uncultured|s__None,200,k__Bacteria|p__Bacteroidetes|c__Bacteroidia|o__Bacteroidales|f__Prevotellaceae|g__Prevotella|s__None,0.8333333333333334
62,k__Bacteria|p__Actinobacteriota|c__Coriobacteriia|o__Coriobacteriales|f__Coriobacteriales_Incertae_Sedis|g__uncultured|s__None,224,k__Bacteria|p__Bacteroidetes|c__Bacteroidia|o__Bacteroidales|f__Rikenellaceae|g__Alistipes|s__Bacteroidetes_bacterium_Eg28,0.9166666666666666
62,k__Bacteria|p__Actinobacteriota|c__Coriobacteriia|o__Coriobacteriales|f__Coriobacteriales_Incertae_Sedis|g__uncultured|s__None,225,k__Bacteria|p__Bacteroidetes|c__Bacteroidia|o__Bacteroidales|f__Rikenellaceae|g__Alistipes|s__Tidjanibacter_massiliensis,0.9166666666666666
62,k__Bacteria|p__Actinobacteriota|c__Coriobacteriia|o__Coriobacteriales|f__Coriobacteriales_Incertae_Sedis|g__uncultured|s__None,227,k__Bacteria|p__Bacteroidetes|c__Bacteroidia|o__Bacteroidales|f__Rikenellaceae|g__Alistipes|s__None,0.8333333333333334
62,k__Bacteria|p__Actinobacteriota|c__Coriobacteriia|o__Coriobacteriales|f__Coriobacteriales_Incertae_Sedis|g__uncultured|s__None,284,k__Bacteria|p__Desulfobacterota|c__Desulfovibrionia|o__Desulfovibrionales|f__Desulfovibrionaceae|g__Bilophila|s__None,0.8333333333333334
62,k__Bacteria|p__Actinobacteriota|c__Coriobacteriia|o__Coriobacteriales|f__Coriobacteriales_Incertae_Sedis|g__uncultured|s__None,311,k__Bacteria|p__Firmicutes|c__Bacilli|o__Erysipelotrichales|f__Erysipelatoclostridiaceae|g__Erysipelatoclostridium|s__Clostridium_spiroforme_DSM_1552,0.9166666666666666
62,k__Bacteria|p__Actinobacteriota|c__Coriobacteriia|o__Coriobacteriales|f__Coriobacteriales_Incertae_Sedis|g__uncultured|s__None,314,k__Bacteria|p__Firmicutes|c__Bacilli|o__Erysipelotrichales|f__Erysipelatoclostridiaceae|g__Erysipelotrichaceae_UCG-003|s__None,0.8333333333333334
62,k__Bacteria|p__Actinobacteriota|c__Coriobacteriia|o__Coriobacteriales|f__Coriobacteriales_Incertae_Sedis|g__uncultured|s__None,380,k__Bacteria|p__Firmicutes|c__Bacilli|o__Lactobacillales|f__Streptococcaceae|g__Streptococcus|s__None,0.8333333333333334
62,k__Bacteria|p__Actinobacteriota|c__Coriobacteriia|o__Coriobacteriales|f__Coriobacteriales_Incertae_Sedis|g__uncultured|s__None,411,k__Bacteria|p__Firmicutes|c__Clostridia|o__Christensenellales|f__Christensenellaceae|g__Christensenellaceae_R-7_group|s__None,0.8333333333333334
62,k__Bacteria|p__Actinobacteriota|c__Coriobacteriia|o__Coriobacteriales|f__Coriobacteriales_Incertae_Sedis|g__uncultured|s__None,421,k__Bacteria|p__Firmicutes|c__Clostridia|o__Christensenellales|f__Christensenellaceae|g__Christensenellaceae_R-7_group|s__uncultured_marine_bacterium,0.9166666666666666
62,k__Bacteria|p__Actinobacteriota|c__Coriobacteriia|o__Coriobacteriales|f__Coriobacteriales_Incertae_Sedis|g__uncultured|s__None,426,k__Bacteria|p__Firmicutes|c__Clostridia|o__Clostridia_UCG-014|f__None|g__None|s__None,0.6666666666666666
62,k__Bacteria|p__Actinobacteriota|c__Coriobacteriia|o__Coriobacteriales|f__Coriobacteriales_Incertae_Sedis|g__uncultured|s__None,445,k__Bacteria|p__Firmicutes|c__Clostridia|o__Clostridiales|f__Christensenellaceae|g__Christensenella|s__PAC002297,0.9166666666666666
62,k__Bacteria|p__Actinobacteriota|c__Coriobacteriia|o__Coriobacteriales|f__Coriobacteriales_Incertae_Sedis|g__uncultured|s__None,501,k__Bacteria|p__Firmicutes|c__Clostridia|o__Clostridiales|f__Lachnospiraceae|g__PAC001201|s__PAC002549,0.9166666666666666
62,k__Bacteria|p__Actinobacteriota|c__Coriobacteriia|o__Coriobacteriales|f__Coriobacteriales_Incertae_Sedis|g__uncultured|s__None,534,k__Bacteria|p__Firmicutes|c__Clostridia|o__Clostridiales|f__Ruminococcaceae|g__PAC001144|s__PAC001620,0.9166666666666666
62,k__Bacteria|p__Actinobacteriota|c__Coriobacteriia|o__Coriobacteriales|f__Coriobacteriales_Incertae_Sedis|g__uncultured|s__None,562,k__Bacteria|p__Firmicutes|c__Clostridia|o__Eubacteriales|f__Eubacteriaceae|g__Eubacterium|s__None,0.8333333333333334
62,k__Bacteria|p__Actinobacteriota|c__Coriobacteriia|o__Coriobacteriales|f__Coriobacteriales_Incertae_Sedis|g__uncultured|s__None,577,k__Bacteria|p__Firmicutes|c__Clostridia|o__Lachnospirales|f__Lachnospiraceae|g__Agathobacter|s__None,0.8333333333333334
62,k__Bacteria|p__Actinobacteriota|c__Coriobacteriia|o__Coriobacteriales|f__Coriobacteriales_Incertae_Sedis|g__uncultured|s__None,588,k__Bacteria|p__Firmicutes|c__Clostridia|o__Lachnospirales|f__Lachnospiraceae|g__Anaerostipes|s__None,0.8333333333333334
62,k__Bacteria|p__Actinobacteriota|c__Coriobacteriia|o__Coriobacteriales|f__Coriobacteriales_Incertae_Sedis|g__uncultured|s__None,591,k__Bacteria|p__Firmicutes|c__Clostridia|o__Lachnospirales|f__Lachnospiraceae|g__Anaerostipes|s__uncultured_Lachnospiraceae_bacterium,0.9166666666666666
62,k__Bacteria|p__Actinobacteriota|c__Coriobacteriia|o__Coriobacteriales|f__Coriobacteriales_Incertae_Sedis|g__uncultured|s__None,594,k__Bacteria|p__Firmicutes|c__Clostridia|o__Lachnospirales|f__Lachnospiraceae|g__Blautia|s__None,0.8333333333333334
62,k__Bacteria|p__Actinobacteriota|c__Coriobacteriia|o__Coriobacteriales|f__Coriobacteriales_Incertae_Sedis|g__uncultured|s__None,595,k__Bacteria|p__Firmicutes|c__Clostridia|o__Lachnospirales|f__Lachnospiraceae|g__Blautia|s__bacterium_mpn-isolate_group_20,0.9166666666666666
62,k__Bacteria|p__Actinobacteriota|c__Coriobacteriia|o__Coriobacteriales|f__Coriobacteriales_Incertae_Sedis|g__uncultured|s__None,597,k__Bacteria|p__Firmicutes|c__Clostridia|o__Lachnospirales|f__Lachnospiraceae|g__Blautia|s__uncultured_Blautia_sp.,0.9166666666666666
62,k__Bacteria|p__Actinobacteriota|c__Coriobacteriia|o__Coriobacteriales|f__Coriobacteriales_Incertae_Sedis|g__uncultured|s__None,608,k__Bacteria|p__Firmicutes|c__Clostridia|o__Lachnospirales|f__Lachnospiraceae|g__Coprococcus|s__None,0.8333333333333334
62,k__Bacteria|p__Actinobacteriota|c__Coriobacteriia|o__Coriobacteriales|f__Coriobacteriales_Incertae_Sedis|g__uncultured|s__None,609,k__Bacteria|p__Firmicutes|c__Clostridia|o__Lachnospirales|f__Lachnospiraceae|g__Coprococcus|s__uncultured_Coprococcus_sp.,0.9166666666666666
62,k__Bacteria|p__Actinobacteriota|c__Coriobacteriia|o__Coriobacteriales|f__Coriobacteriales_Incertae_Sedis|g__uncultured|s__None,612,k__Bacteria|p__Firmicutes|c__Clostridia|o__Lachnospirales|f__Lachnospiraceae|g__Eisenbergiella|s__None,0.8333333333333334
62,k__Bacteria|p__Actinobacteriota|c__Coriobacteriia|o__Coriobacteriales|f__Coriobacteriales_Incertae_Sedis|g__uncultured|s__None,619,k__Bacteria|p__Firmicutes|c__Clostridia|o__Lachnospirales|f__Lachnospiraceae|g__Fusicatenibacter|s__uncultured_Lachnospiraceae_bacterium,0.9166666666666666
62,k__Bacteria|p__Actinobacteriota|c__Coriobacteriia|o__Coriobacteriales|f__Coriobacteriales_Incertae_Sedis|g__uncultured|s__None,620,k__Bacteria|p__Firmicutes|c__Clostridia|o__Lachnospirales|f__Lachnospiraceae|g__GCA-900066575|s__None,0.8333333333333334
62,k__Bacteria|p__Actinobacteriota|c__Coriobacteriia|o__Coriobacteriales|f__Coriobacteriales_Incertae_Sedis|g__uncultured|s__None,628,k__Bacteria|p__Firmicutes|c__Clostridia|o__Lachnospirales|f__Lachnospiraceae|g__Howardella|s__metagenome,0.9166666666666666
62,k__Bacteria|p__Actinobacteriota|c__Coriobacteriia|o__Coriobacteriales|f__Coriobacteriales_Incertae_Sedis|g__uncultured|s__None,638,k__Bacteria|p__Firmicutes|c__Clostridia|o__Lachnospirales|f__Lachnospiraceae|g__Lachnoclostridium|s__None,0.8333333333333334
62,k__Bacteria|p__Actinobacteriota|c__Coriobacteriia|o__Coriobacteriales|f__Coriobacteriales_Incertae_Sedis|g__uncultured|s__None,640,k__Bacteria|p__Firmicutes|c__Clostridia|o__Lachnospirales|f__Lachnospiraceae|g__Lachnoclostridium|s__uncultured_Lachnospiraceae_bacterium,0.9166666666666666
62,k__Bacteria|p__Actinobacteriota|c__Coriobacteriia|o__Coriobacteriales|f__Coriobacteriales_Incertae_Sedis|g__uncultured|s__None,641,k__Bacteria|p__Firmicutes|c__Clostridia|o__Lachnospirales|f__Lachnospiraceae|g__Lachnospira|s__None,0.8333333333333334
62,k__Bacteria|p__Actinobacteriota|c__Coriobacteriia|o__Coriobacteriales|f__Coriobacteriales_Incertae_Sedis|g__uncultured|s__None,649,k__Bacteria|p__Firmicutes|c__Clostridia|o__Lachnospirales|f__Lachnospiraceae|g__Lachnospiraceae_ND3007_group|s__metagenome,0.9166666666666666
62,k__Bacteria|p__Actinobacteriota|c__Coriobacteriia|o__Coriobacteriales|f__Coriobacteriales_Incertae_Sedis|g__uncultured|s__None,658,k__Bacteria|p__Firmicutes|c__Clostridia|o__Lachnospirales|f__Lachnospiraceae|g__Lachnospiraceae_NK4A136_group|s__uncultured_bacterium_Adhufec49.25,0.9166666666666666
62,k__Bacteria|p__Actinobacteriota|c__Coriobacteriia|o__Coriobacteriales|f__Coriobacteriales_Incertae_Sedis|g__uncultured|s__None,662,k__Bacteria|p__Firmicutes|c__Clostridia|o__Lachnospirales|f__Lachnospiraceae|g__Lachnospiraceae_UCG-001|s__metagenome,0.9166666666666666
62,k__Bacteria|p__Actinobacteriota|c__Coriobacteriia|o__Coriobacteriales|f__Coriobacteriales_Incertae_Sedis|g__uncultured|s__None,675,k__Bacteria|p__Firmicutes|c__Clostridia|o__Lachnospirales|f__Lachnospiraceae|g__Lachnospiraceae_UCG-010|s__None,0.8333333333333334
62,k__Bacteria|p__Actinobacteriota|c__Coriobacteriia|o__Coriobacteriales|f__Coriobacteriales_Incertae_Sedis|g__uncultured|s__None,694,k__Bacteria|p__Firmicutes|c__Clostridia|o__Lachnospirales|f__Lachnospiraceae|g__Roseburia|s__None,0.8333333333333334
62,k__Bacteria|p__Actinobacteriota|c__Coriobacteriia|o__Coriobacteriales|f__Coriobacteriales_Incertae_Sedis|g__uncultured|s__None,695,k__Bacteria|p__Firmicutes|c__Clostridia|o__Lachnospirales|f__Lachnospiraceae|g__Roseburia|s__gut_metagenome,0.9166666666666666
62,k__Bacteria|p__Actinobacteriota|c__Coriobacteriia|o__Coriobacteriales|f__Coriobacteriales_Incertae_Sedis|g__uncultured|s__None,705,k__Bacteria|p__Firmicutes|c__Clostridia|o__Lachnospirales|f__Lachnospiraceae|g__Tuzzerella|s__None,0.8333333333333334
62,k__Bacteria|p__Actinobacteriota|c__Coriobacteriia|o__Coriobacteriales|f__Coriobacteriales_Incertae_Sedis|g__uncultured|s__None,709,k__Bacteria|p__Firmicutes|c__Clostridia|o__Lachnospirales|f__Lachnospiraceae|g__UC5-1-2E3|s__uncultured_organism,0.9166666666666666
62,k__Bacteria|p__Actinobacteriota|c__Coriobacteriia|o__Coriobacteriales|f__Coriobacteriales_Incertae_Sedis|g__uncultured|s__None,711,k__Bacteria|p__Firmicutes|c__Clostridia|o__Lachnospirales|f__Lachnospiraceae|g__Eubacterium_eligens_group|s__None,0.8333333333333334
62,k__Bacteria|p__Actinobacteriota|c__Coriobacteriia|o__Coriobacteriales|f__Coriobacteriales_Incertae_Sedis|g__uncultured|s__None,712,k__Bacteria|p__Firmicutes|c__Clostridia|o__Lachnospirales|f__Lachnospiraceae|g__Eubacterium_fissicatena_group|s__None,0.8333333333333334
62,k__Bacteria|p__Actinobacteriota|c__Coriobacteriia|o__Coriobacteriales|f__Coriobacteriales_Incertae_Sedis|g__uncultured|s__None,717,k__Bacteria|p__Firmicutes|c__Clostridia|o__Lachnospirales|f__Lachnospiraceae|g__Eubacterium_hallii_group|s__None,0.8333333333333334
62,k__Bacteria|p__Actinobacteriota|c__Coriobacteriia|o__Coriobacteriales|f__Coriobacteriales_Incertae_Sedis|g__uncultured|s__None,722,k__Bacteria|p__Firmicutes|c__Clostridia|o__Lachnospirales|f__Lachnospiraceae|g__Eubacterium_ventriosum_group|s__uncultured_organism,0.9166666666666666
62,k__Bacteria|p__Actinobacteriota|c__Coriobacteriia|o__Coriobacteriales|f__Coriobacteriales_Incertae_Sedis|g__uncultured|s__None,724,k__Bacteria|p__Firmicutes|c__Clostridia|o__Lachnospirales|f__Lachnospiraceae|g__Eubacterium_xylanophilum_group|s__None,0.8333333333333334
62,k__Bacteria|p__Actinobacteriota|c__Coriobacteriia|o__Coriobacteriales|f__Coriobacteriales_Incertae_Sedis|g__uncultured|s__None,730,k__Bacteria|p__Firmicutes|c__Clostridia|o__Lachnospirales|f__Lachnospiraceae|g__Ruminococcus_torques_group|s__None,0.8333333333333334
62,k__Bacteria|p__Actinobacteriota|c__Coriobacteriia|o__Coriobacteriales|f__Coriobacteriales_Incertae_Sedis|g__uncultured|s__None,732,k__Bacteria|p__Firmicutes|c__Clostridia|o__Lachnospirales|f__Lachnospiraceae|g__None|s__None,0.75
62,k__Bacteria|p__Actinobacteriota|c__Coriobacteriia|o__Coriobacteriales|f__Coriobacteriales_Incertae_Sedis|g__uncultured|s__None,733,k__Bacteria|p__Firmicutes|c__Clostridia|o__Lachnospirales|f__Lachnospiraceae|g__uncultured|s__None,0.8333333333333334
62,k__Bacteria|p__Actinobacteriota|c__Coriobacteriia|o__Coriobacteriales|f__Coriobacteriales_Incertae_Sedis|g__uncultured|s__None,739,k__Bacteria|p__Firmicutes|c__Clostridia|o__Monoglobales|f__Monoglobaceae|g__Monoglobus|s__None,0.8333333333333334
62,k__Bacteria|p__Actinobacteriota|c__Coriobacteriia|o__Coriobacteriales|f__Coriobacteriales_Incertae_Sedis|g__uncultured|s__None,759,k__Bacteria|p__Firmicutes|c__Clostridia|o__Oscillospirales|f__Oscillospiraceae|g__Colidextribacter|s__None,0.8333333333333334
62,k__Bacteria|p__Actinobacteriota|c__Coriobacteriia|o__Coriobacteriales|f__Coriobacteriales_Incertae_Sedis|g__uncultured|s__None,767,k__Bacteria|p__Firmicutes|c__Clostridia|o__Oscillospirales|f__Oscillospiraceae|g__Flavonifractor|s__None,0.8333333333333334
62,k__Bacteria|p__Actinobacteriota|c__Coriobacteriia|o__Coriobacteriales|f__Coriobacteriales_Incertae_Sedis|g__uncultured|s__None,769,k__Bacteria|p__Firmicutes|c__Clostridia|o__Oscillospirales|f__Oscillospiraceae|g__Intestinimonas|s__None,0.8333333333333334
62,k__Bacteria|p__Actinobacteriota|c__Coriobacteriia|o__Coriobacteriales|f__Coriobacteriales_Incertae_Sedis|g__uncultured|s__None,770,k__Bacteria|p__Firmicutes|c__Clostridia|o__Oscillospirales|f__Oscillospiraceae|g__Intestinimonas|s__bacterium_P1C2,0.9166666666666666
62,k__Bacteria|p__Actinobacteriota|c__Coriobacteriia|o__Coriobacteriales|f__Coriobacteriales_Incertae_Sedis|g__uncultured|s__None,779,k__Bacteria|p__Firmicutes|c__Clostridia|o__Oscillospirales|f__Oscillospiraceae|g__Oscillibacter|s__None,0.8333333333333334
62,k__Bacteria|p__Actinobacteriota|c__Coriobacteriia|o__Coriobacteriales|f__Coriobacteriales_Incertae_Sedis|g__uncultured|s__None,780,k__Bacteria|p__Firmicutes|c__Clostridia|o__Oscillospirales|f__Oscillospiraceae|g__Oscillibacter|s__metagenome,0.9166666666666666
62,k__Bacteria|p__Actinobacteriota|c__Coriobacteriia|o__Coriobacteriales|f__Coriobacteriales_Incertae_Sedis|g__uncultured|s__None,790,k__Bacteria|p__Firmicutes|c__Clostridia|o__Oscillospirales|f__Oscillospiraceae|g__UCG-002|s__None,0.8333333333333334
62,k__Bacteria|p__Actinobacteriota|c__Coriobacteriia|o__Coriobacteriales|f__Coriobacteriales_Incertae_Sedis|g__uncultured|s__None,791,k__Bacteria|p__Firmicutes|c__Clostridia|o__Oscillospirales|f__Oscillospiraceae|g__UCG-003|s__None,0.8333333333333334
62,k__Bacteria|p__Actinobacteriota|c__Coriobacteriia|o__Coriobacteriales|f__Coriobacteriales_Incertae_Sedis|g__uncultured|s__None,794,k__Bacteria|p__Firmicutes|c__Clostridia|o__Oscillospirales|f__Oscillospiraceae|g__UCG-005|s__metagenome,0.9166666666666666
62,k__Bacteria|p__Actinobacteriota|c__Coriobacteriia|o__Coriobacteriales|f__Coriobacteriales_Incertae_Sedis|g__uncultured|s__None,812,k__Bacteria|p__Firmicutes|c__Clostridia|o__Oscillospirales|f__Ruminococcaceae|g__Anaerofilum|s__metagenome,0.9166666666666666
62,k__Bacteria|p__Actinobacteriota|c__Coriobacteriia|o__Coriobacteriales|f__Coriobacteriales_Incertae_Sedis|g__uncultured|s__None,832,k__Bacteria|p__Firmicutes|c__Clostridia|o__Oscillospirales|f__Ruminococcaceae|g__DTU089|s__None,0.8333333333333334
62,k__Bacteria|p__Actinobacteriota|c__Coriobacteriia|o__Coriobacteriales|f__Coriobacteriales_Incertae_Sedis|g__uncultured|s__None,833,k__Bacteria|p__Firmicutes|c__Clostridia|o__Oscillospirales|f__Ruminococcaceae|g__Faecalibacterium|s__None,0.8333333333333334
62,k__Bacteria|p__Actinobacteriota|c__Coriobacteriia|o__Coriobacteriales|f__Coriobacteriales_Incertae_Sedis|g__uncultured|s__None,839,k__Bacteria|p__Firmicutes|c__Clostridia|o__Oscillospirales|f__Ruminococcaceae|g__Incertae_Sedis|s__metagenome,0.9166666666666666
62,k__Bacteria|p__Actinobacteriota|c__Coriobacteriia|o__Coriobacteriales|f__Coriobacteriales_Incertae_Sedis|g__uncultured|s__None,841,k__Bacteria|p__Firmicutes|c__Clostridia|o__Oscillospirales|f__Ruminococcaceae|g__Incertae_Sedis|s__None,0.8333333333333334
62,k__Bacteria|p__Actinobacteriota|c__Coriobacteriia|o__Coriobacteriales|f__Coriobacteriales_Incertae_Sedis|g__uncultured|s__None,859,k__Bacteria|p__Firmicutes|c__Clostridia|o__Oscillospirales|f__Ruminococcaceae|g__Ruminococcus|s__None,0.8333333333333334
62,k__Bacteria|p__Actinobacteriota|c__Coriobacteriia|o__Coriobacteriales|f__Coriobacteriales_Incertae_Sedis|g__uncultured|s__None,860,k__Bacteria|p__Firmicutes|c__Clostridia|o__Oscillospirales|f__Ruminococcaceae|g__Subdoligranulum|s__None,0.8333333333333334
62,k__Bacteria|p__Actinobacteriota|c__Coriobacteriia|o__Coriobacteriales|f__Coriobacteriales_Incertae_Sedis|g__uncultured|s__None,863,k__Bacteria|p__Firmicutes|c__Clostridia|o__Oscillospirales|f__Ruminococcaceae|g__UBA1819|s__None,0.8333333333333334
62,k__Bacteria|p__Actinobacteriota|c__Coriobacteriia|o__Coriobacteriales|f__Coriobacteriales_Incertae_Sedis|g__uncultured|s__None,865,k__Bacteria|p__Firmicutes|c__Clostridia|o__Oscillospirales|f__Ruminococcaceae|g__Eubacterium_siraeum_group|s__None,0.8333333333333334
62,k__Bacteria|p__Actinobacteriota|c__Coriobacteriia|o__Coriobacteriales|f__Coriobacteriales_Incertae_Sedis|g__uncultured|s__None,869,k__Bacteria|p__Firmicutes|c__Clostridia|o__Oscillospirales|f__Ruminococcaceae|g__None|s__None,0.75
62,k__Bacteria|p__Actinobacteriota|c__Coriobacteriia|o__Coriobacteriales|f__Coriobacteriales_Incertae_Sedis|g__uncultured|s__None,885,k__Bacteria|p__Firmicutes|c__Clostridia|o__Oscillospirales|f__Eubacterium_coprostanoligenes_group|g__None|s__None,0.75
62,k__Bacteria|p__Actinobacteriota|c__Coriobacteriia|o__Coriobacteriales|f__Coriobacteriales_Incertae_Sedis|g__uncultured|s__None,905,k__Bacteria|p__Firmicutes|c__Clostridia|o__Peptostreptococcales-Tissierellales|f__Anaerovoracaceae|g__Family_XIII_AD3011_group|s__metagenome,0.9166666666666666
62,k__Bacteria|p__Actinobacteriota|c__Coriobacteriia|o__Coriobacteriales|f__Coriobacteriales_Incertae_Sedis|g__uncultured|s__None,925,k__Bacteria|p__Firmicutes|c__Clostridia|o__Peptostreptococcales-Tissierellales|f__Anaerovoracaceae|g__None|s__None,0.75
62,k__Bacteria|p__Actinobacteriota|c__Coriobacteriia|o__Coriobacteriales|f__Coriobacteriales_Incertae_Sedis|g__uncultured|s__None,943,k__Bacteria|p__Firmicutes|c__Clostridia|o__Peptostreptococcales-Tissierellales|f__Peptostreptococcaceae|g__Intestinibacter|s__None,0.8333333333333334
62,k__Bacteria|p__Actinobacteriota|c__Coriobacteriia|o__Coriobacteriales|f__Coriobacteriales_Incertae_Sedis|g__uncultured|s__None,951,k__Bacteria|p__Firmicutes|c__Clostridia|o__Peptostreptococcales-Tissierellales|f__Peptostreptococcaceae|g__Romboutsia|s__None,0.8333333333333334
62,k__Bacteria|p__Actinobacteriota|c__Coriobacteriia|o__Coriobacteriales|f__Coriobacteriales_Incertae_Sedis|g__uncultured|s__None,956,k__Bacteria|p__Firmicutes|c__Clostridia|o__None|f__None|g__None|s__None,0.5833333333333334
62,k__Bacteria|p__Actinobacteriota|c__Coriobacteriia|o__Coriobacteriales|f__Coriobacteriales_Incertae_Sedis|g__uncultured|s__None,966,k__Bacteria|p__Firmicutes|c__Negativicutes|o__Acidaminococcales|f__Acidaminococcaceae|g__Acidaminococcus|s__None,0.8333333333333334
62,k__Bacteria|p__Actinobacteriota|c__Coriobacteriia|o__Coriobacteriales|f__Coriobacteriales_Incertae_Sedis|g__uncultured|s__None,967,k__Bacteria|p__Firmicutes|c__Negativicutes|o__Acidaminococcales|f__Acidaminococcaceae|g__Phascolarctobacterium|s__None,0.8333333333333334
62,k__Bacteria|p__Actinobacteriota|c__Coriobacteriia|o__Coriobacteriales|f__Coriobacteriales_Incertae_Sedis|g__uncultured|s__None,986,k__Bacteria|p__Firmicutes|c__Negativicutes|o__Veillonellales-Selenomonadales|f__Veillonellaceae|g__Dialister|s__None,0.8333333333333334
62,k__Bacteria|p__Actinobacteriota|c__Coriobacteriia|o__Coriobacteriales|f__Coriobacteriales_Incertae_Sedis|g__uncultured|s__None,992,k__Bacteria|p__Firmicutes|c__Negativicutes|o__Veillonellales-Selenomonadales|f__Veillonellaceae|g__Veillonella|s__None,0.8333333333333334
62,k__Bacteria|p__Actinobacteriota|c__Coriobacteriia|o__Coriobacteriales|f__Coriobacteriales_Incertae_Sedis|g__uncultured|s__None,1055,k__Bacteria|p__Proteobacteria|c__Gammaproteobacteria|o__Burkholderiales|f__Sutterellaceae|g__Parasutterella|s__None,0.8333333333333334
62,k__Bacteria|p__Actinobacteriota|c__Coriobacteriia|o__Coriobacteriales|f__Coriobacteriales_Incertae_Sedis|g__uncultured|s__None,1069,k__Bacteria|p__Proteobacteria|c__Gammaproteobacteria|o__Enterobacterales|f__Enterobacteriaceae|g__Escherichia-Shigella|s__None,0.8333333333333334
62,k__Bacteria|p__Actinobacteriota|c__Coriobacteriia|o__Coriobacteriales|f__Coriobacteriales_Incertae_Sedis|g__uncultured|s__None,1089,k__Bacteria|p__Proteobacteria|c__Gammaproteobacteria|o__Pseudomonadales|f__Pseudomonadaceae|g__Pseudomonas|s__None,0.8333333333333334
62,k__Bacteria|p__Actinobacteriota|c__Coriobacteriia|o__Coriobacteriales|f__Coriobacteriales_Incertae_Sedis|g__uncultured|s__None,1132,k__Bacteria|p__Verrucomicrobiota|c__Verrucomicrobiae|o__Verrucomicrobiales|f__Akkermansiaceae|g__Akkermansia|s__None,0.8333333333333334
62,k__Bacteria|p__Actinobacteriota|c__Coriobacteriia|o__Coriobacteriales|f__Coriobacteriales_Incertae_Sedis|g__uncultured|s__None,1136,k__Bacteria|p__None|c__None|o__None|f__None|g__None|s__None,0.4166666666666667
69,k__Bacteria|p__Actinobacteriota|c__Coriobacteriia|o__Coriobacteriales|f__Eggerthellaceae|g__Eggerthella|s__None,116,k__Bacteria|p__Bacteroidetes|c__Bacteroidia|o__Bacteroidales|f__Bacteroidaceae|g__Bacteroides|s__Bacteroides_ovatus,0.9166666666666666
69,k__Bacteria|p__Actinobacteriota|c__Coriobacteriia|o__Coriobacteriales|f__Eggerthellaceae|g__Eggerthella|s__None,129,k__Bacteria|p__Bacteroidetes|c__Bacteroidia|o__Bacteroidales|f__Bacteroidaceae|g__Bacteroides|s__Bacteroides_stercoris_ATCC_43183,0.9166666666666666
69,k__Bacteria|p__Actinobacteriota|c__Coriobacteriia|o__Coriobacteriales|f__Eggerthellaceae|g__Eggerthella|s__None,130,k__Bacteria|p__Bacteroidetes|c__Bacteroidia|o__Bacteroidales|f__Bacteroidaceae|g__Bacteroides|s__Bacteroides_uniformis,0.9166666666666666
69,k__Bacteria|p__Actinobacteriota|c__Coriobacteriia|o__Coriobacteriales|f__Eggerthellaceae|g__Eggerthella|s__None,132,k__Bacteria|p__Bacteroidetes|c__Bacteroidia|o__Bacteroidales|f__Bacteroidaceae|g__Bacteroides|s__None,0.8333333333333334
69,k__Bacteria|p__Actinobacteriota|c__Coriobacteriia|o__Coriobacteriales|f__Eggerthellaceae|g__Eggerthella|s__None,157,k__Bacteria|p__Bacteroidetes|c__Bacteroidia|o__Bacteroidales|f__Muribaculaceae|g__metagenome|s__None,0.8333333333333334
69,k__Bacteria|p__Actinobacteriota|c__Coriobacteriia|o__Coriobacteriales|f__Eggerthellaceae|g__Eggerthella|s__None,200,k__Bacteria|p__Bacteroidetes|c__Bacteroidia|o__Bacteroidales|f__Prevotellaceae|g__Prevotella|s__None,0.8333333333333334
69,k__Bacteria|p__Actinobacteriota|c__Coriobacteriia|o__Coriobacteriales|f__Eggerthellaceae|g__Eggerthella|s__None,224,k__Bacteria|p__Bacteroidetes|c__Bacteroidia|o__Bacteroidales|f__Rikenellaceae|g__Alistipes|s__Bacteroidetes_bacterium_Eg28,0.9166666666666666
69,k__Bacteria|p__Actinobacteriota|c__Coriobacteriia|o__Coriobacteriales|f__Eggerthellaceae|g__Eggerthella|s__None,225,k__Bacteria|p__Bacteroidetes|c__Bacteroidia|o__Bacteroidales|f__Rikenellaceae|g__Alistipes|s__Tidjanibacter_massiliensis,0.9166666666666666
69,k__Bacteria|p__Actinobacteriota|c__Coriobacteriia|o__Coriobacteriales|f__Eggerthellaceae|g__Eggerthella|s__None,227,k__Bacteria|p__Bacteroidetes|c__Bacteroidia|o__Bacteroidales|f__Rikenellaceae|g__Alistipes|s__None,0.8333333333333334
69,k__Bacteria|p__Actinobacteriota|c__Coriobacteriia|o__Coriobacteriales|f__Eggerthellaceae|g__Eggerthella|s__None,284,k__Bacteria|p__Desulfobacterota|c__Desulfovibrionia|o__Desulfovibrionales|f__Desulfovibrionaceae|g__Bilophila|s__None,0.8333333333333334
69,k__Bacteria|p__Actinobacteriota|c__Coriobacteriia|o__Coriobacteriales|f__Eggerthellaceae|g__Eggerthella|s__None,311,k__Bacteria|p__Firmicutes|c__Bacilli|o__Erysipelotrichales|f__Erysipelatoclostridiaceae|g__Erysipelatoclostridium|s__Clostridium_spiroforme_DSM_1552,0.9166666666666666
69,k__Bacteria|p__Actinobacteriota|c__Coriobacteriia|o__Coriobacteriales|f__Eggerthellaceae|g__Eggerthella|s__None,314,k__Bacteria|p__Firmicutes|c__Bacilli|o__Erysipelotrichales|f__Erysipelatoclostridiaceae|g__Erysipelotrichaceae_UCG-003|s__None,0.8333333333333334
69,k__Bacteria|p__Actinobacteriota|c__Coriobacteriia|o__Coriobacteriales|f__Eggerthellaceae|g__Eggerthella|s__None,380,k__Bacteria|p__Firmicutes|c__Bacilli|o__Lactobacillales|f__Streptococcaceae|g__Streptococcus|s__None,0.8333333333333334
69,k__Bacteria|p__Actinobacteriota|c__Coriobacteriia|o__Coriobacteriales|f__Eggerthellaceae|g__Eggerthella|s__None,411,k__Bacteria|p__Firmicutes|c__Clostridia|o__Christensenellales|f__Christensenellaceae|g__Christensenellaceae_R-7_group|s__None,0.8333333333333334
69,k__Bacteria|p__Actinobacteriota|c__Coriobacteriia|o__Coriobacteriales|f__Eggerthellaceae|g__Eggerthella|s__None,421,k__Bacteria|p__Firmicutes|c__Clostridia|o__Christensenellales|f__Christensenellaceae|g__Christensenellaceae_R-7_group|s__uncultured_marine_bacterium,0.9166666666666666
69,k__Bacteria|p__Actinobacteriota|c__Coriobacteriia|o__Coriobacteriales|f__Eggerthellaceae|g__Eggerthella|s__None,426,k__Bacteria|p__Firmicutes|c__Clostridia|o__Clostridia_UCG-014|f__None|g__None|s__None,0.6666666666666666
69,k__Bacteria|p__Actinobacteriota|c__Coriobacteriia|o__Coriobacteriales|f__Eggerthellaceae|g__Eggerthella|s__None,445,k__Bacteria|p__Firmicutes|c__Clostridia|o__Clostridiales|f__Christensenellaceae|g__Christensenella|s__PAC002297,0.9166666666666666
69,k__Bacteria|p__Actinobacteriota|c__Coriobacteriia|o__Coriobacteriales|f__Eggerthellaceae|g__Eggerthella|s__None,501,k__Bacteria|p__Firmicutes|c__Clostridia|o__Clostridiales|f__Lachnospiraceae|g__PAC001201|s__PAC002549,0.9166666666666666
69,k__Bacteria|p__Actinobacteriota|c__Coriobacteriia|o__Coriobacteriales|f__Eggerthellaceae|g__Eggerthella|s__None,534,k__Bacteria|p__Firmicutes|c__Clostridia|o__Clostridiales|f__Ruminococcaceae|g__PAC001144|s__PAC001620,0.9166666666666666
69,k__Bacteria|p__Actinobacteriota|c__Coriobacteriia|o__Coriobacteriales|f__Eggerthellaceae|g__Eggerthella|s__None,562,k__Bacteria|p__Firmicutes|c__Clostridia|o__Eubacteriales|f__Eubacteriaceae|g__Eubacterium|s__None,0.8333333333333334
69,k__Bacteria|p__Actinobacteriota|c__Coriobacteriia|o__Coriobacteriales|f__Eggerthellaceae|g__Eggerthella|s__None,577,k__Bacteria|p__Firmicutes|c__Clostridia|o__Lachnospirales|f__Lachnospiraceae|g__Agathobacter|s__None,0.8333333333333334
69,k__Bacteria|p__Actinobacteriota|c__Coriobacteriia|o__Coriobacteriales|f__Eggerthellaceae|g__Eggerthella|s__None,588,k__Bacteria|p__Firmicutes|c__Clostridia|o__Lachnospirales|f__Lachnospiraceae|g__Anaerostipes|s__None,0.8333333333333334
69,k__Bacteria|p__Actinobacteriota|c__Coriobacteriia|o__Coriobacteriales|f__Eggerthellaceae|g__Eggerthella|s__None,591,k__Bacteria|p__Firmicutes|c__Clostridia|o__Lachnospirales|f__Lachnospiraceae|g__Anaerostipes|s__uncultured_Lachnospiraceae_bacterium,0.9166666666666666
69,k__Bacteria|p__Actinobacteriota|c__Coriobacteriia|o__Coriobacteriales|f__Eggerthellaceae|g__Eggerthella|s__None,594,k__Bacteria|p__Firmicutes|c__Clostridia|o__Lachnospirales|f__Lachnospiraceae|g__Blautia|s__None,0.8333333333333334
69,k__Bacteria|p__Actinobacteriota|c__Coriobacteriia|o__Coriobacteriales|f__Eggerthellaceae|g__Eggerthella|s__None,595,k__Bacteria|p__Firmicutes|c__Clostridia|o__Lachnospirales|f__Lachnospiraceae|g__Blautia|s__bacterium_mpn-isolate_group_20,0.9166666666666666
69,k__Bacteria|p__Actinobacteriota|c__Coriobacteriia|o__Coriobacteriales|f__Eggerthellaceae|g__Eggerthella|s__None,597,k__Bacteria|p__Firmicutes|c__Clostridia|o__Lachnospirales|f__Lachnospiraceae|g__Blautia|s__uncultured_Blautia_sp.,0.9166666666666666
69,k__Bacteria|p__Actinobacteriota|c__Coriobacteriia|o__Coriobacteriales|f__Eggerthellaceae|g__Eggerthella|s__None,608,k__Bacteria|p__Firmicutes|c__Clostridia|o__Lachnospirales|f__Lachnospiraceae|g__Coprococcus|s__None,0.8333333333333334
69,k__Bacteria|p__Actinobacteriota|c__Coriobacteriia|o__Coriobacteriales|f__Eggerthellaceae|g__Eggerthella|s__None,609,k__Bacteria|p__Firmicutes|c__Clostridia|o__Lachnospirales|f__Lachnospiraceae|g__Coprococcus|s__uncultured_Coprococcus_sp.,0.9166666666666666
69,k__Bacteria|p__Actinobacteriota|c__Coriobacteriia|o__Coriobacteriales|f__Eggerthellaceae|g__Eggerthella|s__None,612,k__Bacteria|p__Firmicutes|c__Clostridia|o__Lachnospirales|f__Lachnospiraceae|g__Eisenbergiella|s__None,0.8333333333333334
69,k__Bacteria|p__Actinobacteriota|c__Coriobacteriia|o__Coriobacteriales|f__Eggerthellaceae|g__Eggerthella|s__None,619,k__Bacteria|p__Firmicutes|c__Clostridia|o__Lachnospirales|f__Lachnospiraceae|g__Fusicatenibacter|s__uncultured_Lachnospiraceae_bacterium,0.9166666666666666
69,k__Bacteria|p__Actinobacteriota|c__Coriobacteriia|o__Coriobacteriales|f__Eggerthellaceae|g__Eggerthella|s__None,620,k__Bacteria|p__Firmicutes|c__Clostridia|o__Lachnospirales|f__Lachnospiraceae|g__GCA-900066575|s__None,0.8333333333333334
69,k__Bacteria|p__Actinobacteriota|c__Coriobacteriia|o__Coriobacteriales|f__Eggerthellaceae|g__Eggerthella|s__None,628,k__Bacteria|p__Firmicutes|c__Clostridia|o__Lachnospirales|f__Lachnospiraceae|g__Howardella|s__metagenome,0.9166666666666666
69,k__Bacteria|p__Actinobacteriota|c__Coriobacteriia|o__Coriobacteriales|f__Eggerthellaceae|g__Eggerthella|s__None,638,k__Bacteria|p__Firmicutes|c__Clostridia|o__Lachnospirales|f__Lachnospiraceae|g__Lachnoclostridium|s__None,0.8333333333333334
69,k__Bacteria|p__Actinobacteriota|c__Coriobacteriia|o__Coriobacteriales|f__Eggerthellaceae|g__Eggerthella|s__None,640,k__Bacteria|p__Firmicutes|c__Clostridia|o__Lachnospirales|f__Lachnospiraceae|g__Lachnoclostridium|s__uncultured_Lachnospiraceae_bacterium,0.9166666666666666
69,k__Bacteria|p__Actinobacteriota|c__Coriobacteriia|o__Coriobacteriales|f__Eggerthellaceae|g__Eggerthella|s__None,641,k__Bacteria|p__Firmicutes|c__Clostridia|o__Lachnospirales|f__Lachnospiraceae|g__Lachnospira|s__None,0.8333333333333334
69,k__Bacteria|p__Actinobacteriota|c__Coriobacteriia|o__Coriobacteriales|f__Eggerthellaceae|g__Eggerthella|s__None,649,k__Bacteria|p__Firmicutes|c__Clostridia|o__Lachnospirales|f__Lachnospiraceae|g__Lachnospiraceae_ND3007_group|s__metagenome,0.9166666666666666
69,k__Bacteria|p__Actinobacteriota|c__Coriobacteriia|o__Coriobacteriales|f__Eggerthellaceae|g__Eggerthella|s__None,658,k__Bacteria|p__Firmicutes|c__Clostridia|o__Lachnospirales|f__Lachnospiraceae|g__Lachnospiraceae_NK4A136_group|s__uncultured_bacterium_Adhufec49.25,0.9166666666666666
69,k__Bacteria|p__Actinobacteriota|c__Coriobacteriia|o__Coriobacteriales|f__Eggerthellaceae|g__Eggerthella|s__None,662,k__Bacteria|p__Firmicutes|c__Clostridia|o__Lachnospirales|f__Lachnospiraceae|g__Lachnospiraceae_UCG-001|s__metagenome,0.9166666666666666
69,k__Bacteria|p__Actinobacteriota|c__Coriobacteriia|o__Coriobacteriales|f__Eggerthellaceae|g__Eggerthella|s__None,675,k__Bacteria|p__Firmicutes|c__Clostridia|o__Lachnospirales|f__Lachnospiraceae|g__Lachnospiraceae_UCG-010|s__None,0.8333333333333334
69,k__Bacteria|p__Actinobacteriota|c__Coriobacteriia|o__Coriobacteriales|f__Eggerthellaceae|g__Eggerthella|s__None,694,k__Bacteria|p__Firmicutes|c__Clostridia|o__Lachnospirales|f__Lachnospiraceae|g__Roseburia|s__None,0.8333333333333334
69,k__Bacteria|p__Actinobacteriota|c__Coriobacteriia|o__Coriobacteriales|f__Eggerthellaceae|g__Eggerthella|s__None,695,k__Bacteria|p__Firmicutes|c__Clostridia|o__Lachnospirales|f__Lachnospiraceae|g__Roseburia|s__gut_metagenome,0.9166666666666666
69,k__Bacteria|p__Actinobacteriota|c__Coriobacteriia|o__Coriobacteriales|f__Eggerthellaceae|g__Eggerthella|s__None,705,k__Bacteria|p__Firmicutes|c__Clostridia|o__Lachnospirales|f__Lachnospiraceae|g__Tuzzerella|s__None,0.8333333333333334
69,k__Bacteria|p__Actinobacteriota|c__Coriobacteriia|o__Coriobacteriales|f__Eggerthellaceae|g__Eggerthella|s__None,709,k__Bacteria|p__Firmicutes|c__Clostridia|o__Lachnospirales|f__Lachnospiraceae|g__UC5-1-2E3|s__uncultured_organism,0.9166666666666666
69,k__Bacteria|p__Actinobacteriota|c__Coriobacteriia|o__Coriobacteriales|f__Eggerthellaceae|g__Eggerthella|s__None,711,k__Bacteria|p__Firmicutes|c__Clostridia|o__Lachnospirales|f__Lachnospiraceae|g__Eubacterium_eligens_group|s__None,0.8333333333333334
69,k__Bacteria|p__Actinobacteriota|c__Coriobacteriia|o__Coriobacteriales|f__Eggerthellaceae|g__Eggerthella|s__None,712,k__Bacteria|p__Firmicutes|c__Clostridia|o__Lachnospirales|f__Lachnospiraceae|g__Eubacterium_fissicatena_group|s__None,0.8333333333333334
69,k__Bacteria|p__Actinobacteriota|c__Coriobacteriia|o__Coriobacteriales|f__Eggerthellaceae|g__Eggerthella|s__None,717,k__Bacteria|p__Firmicutes|c__Clostridia|o__Lachnospirales|f__Lachnospiraceae|g__Eubacterium_hallii_group|s__None,0.8333333333333334
69,k__Bacteria|p__Actinobacteriota|c__Coriobacteriia|o__Coriobacteriales|f__Eggerthellaceae|g__Eggerthella|s__None,722,k__Bacteria|p__Firmicutes|c__Clostridia|o__Lachnospirales|f__Lachnospiraceae|g__Eubacterium_ventriosum_group|s__uncultured_organism,0.9166666666666666
69,k__Bacteria|p__Actinobacteriota|c__Coriobacteriia|o__Coriobacteriales|f__Eggerthellaceae|g__Eggerthella|s__None,724,k__Bacteria|p__Firmicutes|c__Clostridia|o__Lachnospirales|f__Lachnospiraceae|g__Eubacterium_xylanophilum_group|s__None,0.8333333333333334
69,k__Bacteria|p__Actinobacteriota|c__Coriobacteriia|o__Coriobacteriales|f__Eggerthellaceae|g__Eggerthella|s__None,730,k__Bacteria|p__Firmicutes|c__Clostridia|o__Lachnospirales|f__Lachnospiraceae|g__Ruminococcus_torques_group|s__None,0.8333333333333334
69,k__Bacteria|p__Actinobacteriota|c__Coriobacteriia|o__Coriobacteriales|f__Eggerthellaceae|g__Eggerthella|s__None,732,k__Bacteria|p__Firmicutes|c__Clostridia|o__Lachnospirales|f__Lachnospiraceae|g__None|s__None,0.75
69,k__Bacteria|p__Actinobacteriota|c__Coriobacteriia|o__Coriobacteriales|f__Eggerthellaceae|g__Eggerthella|s__None,733,k__Bacteria|p__Firmicutes|c__Clostridia|o__Lachnospirales|f__Lachnospiraceae|g__uncultured|s__None,0.8333333333333334
69,k__Bacteria|p__Actinobacteriota|c__Coriobacteriia|o__Coriobacteriales|f__Eggerthellaceae|g__Eggerthella|s__None,739,k__Bacteria|p__Firmicutes|c__Clostridia|o__Monoglobales|f__Monoglobaceae|g__Monoglobus|s__None,0.8333333333333334
69,k__Bacteria|p__Actinobacteriota|c__Coriobacteriia|o__Coriobacteriales|f__Eggerthellaceae|g__Eggerthella|s__None,759,k__Bacteria|p__Firmicutes|c__Clostridia|o__Oscillospirales|f__Oscillospiraceae|g__Colidextribacter|s__None,0.8333333333333334
69,k__Bacteria|p__Actinobacteriota|c__Coriobacteriia|o__Coriobacteriales|f__Eggerthellaceae|g__Eggerthella|s__None,767,k__Bacteria|p__Firmicutes|c__Clostridia|o__Oscillospirales|f__Oscillospiraceae|g__Flavonifractor|s__None,0.8333333333333334
69,k__Bacteria|p__Actinobacteriota|c__Coriobacteriia|o__Coriobacteriales|f__Eggerthellaceae|g__Eggerthella|s__None,769,k__Bacteria|p__Firmicutes|c__Clostridia|o__Oscillospirales|f__Oscillospiraceae|g__Intestinimonas|s__None,0.8333333333333334
69,k__Bacteria|p__Actinobacteriota|c__Coriobacteriia|o__Coriobacteriales|f__Eggerthellaceae|g__Eggerthella|s__None,770,k__Bacteria|p__Firmicutes|c__Clostridia|o__Oscillospirales|f__Oscillospiraceae|g__Intestinimonas|s__bacterium_P1C2,0.9166666666666666
69,k__Bacteria|p__Actinobacteriota|c__Coriobacteriia|o__Coriobacteriales|f__Eggerthellaceae|g__Eggerthella|s__None,779,k__Bacteria|p__Firmicutes|c__Clostridia|o__Oscillospirales|f__Oscillospiraceae|g__Oscillibacter|s__None,0.8333333333333334
69,k__Bacteria|p__Actinobacteriota|c__Coriobacteriia|o__Coriobacteriales|f__Eggerthellaceae|g__Eggerthella|s__None,780,k__Bacteria|p__Firmicutes|c__Clostridia|o__Oscillospirales|f__Oscillospiraceae|g__Oscillibacter|s__metagenome,0.9166666666666666
69,k__Bacteria|p__Actinobacteriota|c__Coriobacteriia|o__Coriobacteriales|f__Eggerthellaceae|g__Eggerthella|s__None,790,k__Bacteria|p__Firmicutes|c__Clostridia|o__Oscillospirales|f__Oscillospiraceae|g__UCG-002|s__None,0.8333333333333334
69,k__Bacteria|p__Actinobacteriota|c__Coriobacteriia|o__Coriobacteriales|f__Eggerthellaceae|g__Eggerthella|s__None,791,k__Bacteria|p__Firmicutes|c__Clostridia|o__Oscillospirales|f__Oscillospiraceae|g__UCG-003|s__None,0.8333333333333334
69,k__Bacteria|p__Actinobacteriota|c__Coriobacteriia|o__Coriobacteriales|f__Eggerthellaceae|g__Eggerthella|s__None,794,k__Bacteria|p__Firmicutes|c__Clostridia|o__Oscillospirales|f__Oscillospiraceae|g__UCG-005|s__metagenome,0.9166666666666666
69,k__Bacteria|p__Actinobacteriota|c__Coriobacteriia|o__Coriobacteriales|f__Eggerthellaceae|g__Eggerthella|s__None,812,k__Bacteria|p__Firmicutes|c__Clostridia|o__Oscillospirales|f__Ruminococcaceae|g__Anaerofilum|s__metagenome,0.9166666666666666
69,k__Bacteria|p__Actinobacteriota|c__Coriobacteriia|o__Coriobacteriales|f__Eggerthellaceae|g__Eggerthella|s__None,832,k__Bacteria|p__Firmicutes|c__Clostridia|o__Oscillospirales|f__Ruminococcaceae|g__DTU089|s__None,0.8333333333333334
69,k__Bacteria|p__Actinobacteriota|c__Coriobacteriia|o__Coriobacteriales|f__Eggerthellaceae|g__Eggerthella|s__None,833,k__Bacteria|p__Firmicutes|c__Clostridia|o__Oscillospirales|f__Ruminococcaceae|g__Faecalibacterium|s__None,0.8333333333333334
69,k__Bacteria|p__Actinobacteriota|c__Coriobacteriia|o__Coriobacteriales|f__Eggerthellaceae|g__Eggerthella|s__None,839,k__Bacteria|p__Firmicutes|c__Clostridia|o__Oscillospirales|f__Ruminococcaceae|g__Incertae_Sedis|s__metagenome,0.9166666666666666
69,k__Bacteria|p__Actinobacteriota|c__Coriobacteriia|o__Coriobacteriales|f__Eggerthellaceae|g__Eggerthella|s__None,841,k__Bacteria|p__Firmicutes|c__Clostridia|o__Oscillospirales|f__Ruminococcaceae|g__Incertae_Sedis|s__None,0.8333333333333334
69,k__Bacteria|p__Actinobacteriota|c__Coriobacteriia|o__Coriobacteriales|f__Eggerthellaceae|g__Eggerthella|s__None,859,k__Bacteria|p__Firmicutes|c__Clostridia|o__Oscillospirales|f__Ruminococcaceae|g__Ruminococcus|s__None,0.8333333333333334
69,k__Bacteria|p__Actinobacteriota|c__Coriobacteriia|o__Coriobacteriales|f__Eggerthellaceae|g__Eggerthella|s__None,860,k__Bacteria|p__Firmicutes|c__Clostridia|o__Oscillospirales|f__Ruminococcaceae|g__Subdoligranulum|s__None,0.8333333333333334
69,k__Bacteria|p__Actinobacteriota|c__Coriobacteriia|o__Coriobacteriales|f__Eggerthellaceae|g__Eggerthella|s__None,863,k__Bacteria|p__Firmicutes|c__Clostridia|o__Oscillospirales|f__Ruminococcaceae|g__UBA1819|s__None,0.8333333333333334
69,k__Bacteria|p__Actinobacteriota|c__Coriobacteriia|o__Coriobacteriales|f__Eggerthellaceae|g__Eggerthella|s__None,865,k__Bacteria|p__Firmicutes|c__Clostridia|o__Oscillospirales|f__Ruminococcaceae|g__Eubacterium_siraeum_group|s__None,0.8333333333333334
69,k__Bacteria|p__Actinobacteriota|c__Coriobacteriia|o__Coriobacteriales|f__Eggerthellaceae|g__Eggerthella|s__None,869,k__Bacteria|p__Firmicutes|c__Clostridia|o__Oscillospirales|f__Ruminococcaceae|g__None|s__None,0.75
69,k__Bacteria|p__Actinobacteriota|c__Coriobacteriia|o__Coriobacteriales|f__Eggerthellaceae|g__Eggerthella|s__None,885,k__Bacteria|p__Firmicutes|c__Clostridia|o__Oscillospirales|f__Eubacterium_coprostanoligenes_group|g__None|s__None,0.75
69,k__Bacteria|p__Actinobacteriota|c__Coriobacteriia|o__Coriobacteriales|f__Eggerthellaceae|g__Eggerthella|s__None,905,k__Bacteria|p__Firmicutes|c__Clostridia|o__Peptostreptococcales-Tissierellales|f__Anaerovoracaceae|g__Family_XIII_AD3011_group|s__metagenome,0.9166666666666666
69,k__Bacteria|p__Actinobacteriota|c__Coriobacteriia|o__Coriobacteriales|f__Eggerthellaceae|g__Eggerthella|s__None,925,k__Bacteria|p__Firmicutes|c__Clostridia|o__Peptostreptococcales-Tissierellales|f__Anaerovoracaceae|g__None|s__None,0.75
69,k__Bacteria|p__Actinobacteriota|c__Coriobacteriia|o__Coriobacteriales|f__Eggerthellaceae|g__Eggerthella|s__None,943,k__Bacteria|p__Firmicutes|c__Clostridia|o__Peptostreptococcales-Tissierellales|f__Peptostreptococcaceae|g__Intestinibacter|s__None,0.8333333333333334
69,k__Bacteria|p__Actinobacteriota|c__Coriobacteriia|o__Coriobacteriales|f__Eggerthellaceae|g__Eggerthella|s__None,951,k__Bacteria|p__Firmicutes|c__Clostridia|o__Peptostreptococcales-Tissierellales|f__Peptostreptococcaceae|g__Romboutsia|s__None,0.8333333333333334
69,k__Bacteria|p__Actinobacteriota|c__Coriobacteriia|o__Coriobacteriales|f__Eggerthellaceae|g__Eggerthella|s__None,956,k__Bacteria|p__Firmicutes|c__Clostridia|o__None|f__None|g__None|s__None,0.5833333333333334
69,k__Bacteria|p__Actinobacteriota|c__Coriobacteriia|o__Coriobacteriales|f__Eggerthellaceae|g__Eggerthella|s__None,966,k__Bacteria|p__Firmicutes|c__Negativicutes|o__Acidaminococcales|f__Acidaminococcaceae|g__Acidaminococcus|s__None,0.8333333333333334
69,k__Bacteria|p__Actinobacteriota|c__Coriobacteriia|o__Coriobacteriales|f__Eggerthellaceae|g__Eggerthella|s__None,967,k__Bacteria|p__Firmicutes|c__Negativicutes|o__Acidaminococcales|f__Acidaminococcaceae|g__Phascolarctobacterium|s__None,0.8333333333333334
69,k__Bacteria|p__Actinobacteriota|c__Coriobacteriia|o__Coriobacteriales|f__Eggerthellaceae|g__Eggerthella|s__None,986,k__Bacteria|p__Firmicutes|c__Negativicutes|o__Veillonellales-Selenomonadales|f__Veillonellaceae|g__Dialister|s__None,0.8333333333333334
69,k__Bacteria|p__Actinobacteriota|c__Coriobacteriia|o__Coriobacteriales|f__Eggerthellaceae|g__Eggerthella|s__None,992,k__Bacteria|p__Firmicutes|c__Negativicutes|o__Veillonellales-Selenomonadales|f__Veillonellaceae|g__Veillonella|s__None,0.8333333333333334
69,k__Bacteria|p__Actinobacteriota|c__Coriobacteriia|o__Coriobacteriales|f__Eggerthellaceae|g__Eggerthella|s__None,1055,k__Bacteria|p__Proteobacteria|c__Gammaproteobacteria|o__Burkholderiales|f__Sutterellaceae|g__Parasutterella|s__None,0.8333333333333334
69,k__Bacteria|p__Actinobacteriota|c__Coriobacteriia|o__Coriobacteriales|f__Eggerthellaceae|g__Eggerthella|s__None,1069,k__Bacteria|p__Proteobacteria|c__Gammaproteobacteria|o__Enterobacterales|f__Enterobacteriaceae|g__Escherichia-Shigella|s__None,0.8333333333333334
69,k__Bacteria|p__Actinobacteriota|c__Coriobacteriia|o__Coriobacteriales|f__Eggerthellaceae|g__Eggerthella|s__None,1089,k__Bacteria|p__Proteobacteria|c__Gammaproteobacteria|o__Pseudomonadales|f__Pseudomonadaceae|g__Pseudomonas|s__None,0.8333333333333334
69,k__Bacteria|p__Actinobacteriota|c__Coriobacteriia|o__Coriobacteriales|f__Eggerthellaceae|g__Eggerthella|s__None,1132,k__Bacteria|p__Verrucomicrobiota|c__Verrucomicrobiae|o__Verrucomicrobiales|f__Akkermansiaceae|g__Akkermansia|s__None,0.8333333333333334
69,k__Bacteria|p__Actinobacteriota|c__Coriobacteriia|o__Coriobacteriales|f__Eggerthellaceae|g__Eggerthella|s__None,1136,k__Bacteria|p__None|c__None|o__None|f__None|g__None|s__None,0.4166666666666667
116,k__Bacteria|p__Bacteroidetes|c__Bacteroidia|o__Bacteroidales|f__Bacteroidaceae|g__Bacteroides|s__Bacteroides_ovatus,129,k__Bacteria|p__Bacteroidetes|c__Bacteroidia|o__Bacteroidales|f__Bacteroidaceae|g__Bacteroides|s__Bacteroides_stercoris_ATCC_43183,0.16666666666666666
116,k__Bacteria|p__Bacteroidetes|c__Bacteroidia|o__Bacteroidales|f__Bacteroidaceae|g__Bacteroides|s__Bacteroides_ovatus,130,k__Bacteria|p__Bacteroidetes|c__Bacteroidia|o__Bacteroidales|f__Bacteroidaceae|g__Bacteroides|s__Bacteroides_uniformis,0.16666666666666666
116,k__Bacteria|p__Bacteroidetes|c__Bacteroidia|o__Bacteroidales|f__Bacteroidaceae|g__Bacteroides|s__Bacteroides_ovatus,132,k__Bacteria|p__Bacteroidetes|c__Bacteroidia|o__Bacteroidales|f__Bacteroidaceae|g__Bacteroides|s__None,0.08333333333333333
116,k__Bacteria|p__Bacteroidetes|c__Bacteroidia|o__Bacteroidales|f__Bacteroidaceae|g__Bacteroides|s__Bacteroides_ovatus,157,k__Bacteria|p__Bacteroidetes|c__Bacteroidia|o__Bacteroidales|f__Muribaculaceae|g__metagenome|s__None,0.4166666666666667
116,k__Bacteria|p__Bacteroidetes|c__Bacteroidia|o__Bacteroidales|f__Bacteroidaceae|g__Bacteroides|s__Bacteroides_ovatus,200,k__Bacteria|p__Bacteroidetes|c__Bacteroidia|o__Bacteroidales|f__Prevotellaceae|g__Prevotella|s__None,0.4166666666666667
116,k__Bacteria|p__Bacteroidetes|c__Bacteroidia|o__Bacteroidales|f__Bacteroidaceae|g__Bacteroides|s__Bacteroides_ovatus,224,k__Bacteria|p__Bacteroidetes|c__Bacteroidia|o__Bacteroidales|f__Rikenellaceae|g__Alistipes|s__Bacteroidetes_bacterium_Eg28,0.5
116,k__Bacteria|p__Bacteroidetes|c__Bacteroidia|o__Bacteroidales|f__Bacteroidaceae|g__Bacteroides|s__Bacteroides_ovatus,225,k__Bacteria|p__Bacteroidetes|c__Bacteroidia|o__Bacteroidales|f__Rikenellaceae|g__Alistipes|s__Tidjanibacter_massiliensis,0.5
116,k__Bacteria|p__Bacteroidetes|c__Bacteroidia|o__Bacteroidales|f__Bacteroidaceae|g__Bacteroides|s__Bacteroides_ovatus,227,k__Bacteria|p__Bacteroidetes|c__Bacteroidia|o__Bacteroidales|f__Rikenellaceae|g__Alistipes|s__None,0.4166666666666667
116,k__Bacteria|p__Bacteroidetes|c__Bacteroidia|o__Bacteroidales|f__Bacteroidaceae|g__Bacteroides|s__Bacteroides_ovatus,284,k__Bacteria|p__Desulfobacterota|c__Desulfovibrionia|o__Desulfovibrionales|f__Desulfovibrionaceae|g__Bilophila|s__None,0.9166666666666666
116,k__Bacteria|p__Bacteroidetes|c__Bacteroidia|o__Bacteroidales|f__Bacteroidaceae|g__Bacteroides|s__Bacteroides_ovatus,311,k__Bacteria|p__Firmicutes|c__Bacilli|o__Erysipelotrichales|f__Erysipelatoclostridiaceae|g__Erysipelatoclostridium|s__Clostridium_spiroforme_DSM_1552,1.0
116,k__Bacteria|p__Bacteroidetes|c__Bacteroidia|o__Bacteroidales|f__Bacteroidaceae|g__Bacteroides|s__Bacteroides_ovatus,314,k__Bacteria|p__Firmicutes|c__Bacilli|o__Erysipelotrichales|f__Erysipelatoclostridiaceae|g__Erysipelotrichaceae_UCG-003|s__None,0.9166666666666666
116,k__Bacteria|p__Bacteroidetes|c__Bacteroidia|o__Bacteroidales|f__Bacteroidaceae|g__Bacteroides|s__Bacteroides_ovatus,380,k__Bacteria|p__Firmicutes|c__Bacilli|o__Lactobacillales|f__Streptococcaceae|g__Streptococcus|s__None,0.9166666666666666
116,k__Bacteria|p__Bacteroidetes|c__Bacteroidia|o__Bacteroidales|f__Bacteroidaceae|g__Bacteroides|s__Bacteroides_ovatus,411,k__Bacteria|p__Firmicutes|c__Clostridia|o__Christensenellales|f__Christensenellaceae|g__Christensenellaceae_R-7_group|s__None,0.9166666666666666
116,k__Bacteria|p__Bacteroidetes|c__Bacteroidia|o__Bacteroidales|f__Bacteroidaceae|g__Bacteroides|s__Bacteroides_ovatus,421,k__Bacteria|p__Firmicutes|c__Clostridia|o__Christensenellales|f__Christensenellaceae|g__Christensenellaceae_R-7_group|s__uncultured_marine_bacterium,1.0
116,k__Bacteria|p__Bacteroidetes|c__Bacteroidia|o__Bacteroidales|f__Bacteroidaceae|g__Bacteroides|s__Bacteroides_ovatus,426,k__Bacteria|p__Firmicutes|c__Clostridia|o__Clostridia_UCG-014|f__None|g__None|s__None,0.75
116,k__Bacteria|p__Bacteroidetes|c__Bacteroidia|o__Bacteroidales|f__Bacteroidaceae|g__Bacteroides|s__Bacteroides_ovatus,445,k__Bacteria|p__Firmicutes|c__Clostridia|o__Clostridiales|f__Christensenellaceae|g__Christensenella|s__PAC002297,1.0
116,k__Bacteria|p__Bacteroidetes|c__Bacteroidia|o__Bacteroidales|f__Bacteroidaceae|g__Bacteroides|s__Bacteroides_ovatus,501,k__Bacteria|p__Firmicutes|c__Clostridia|o__Clostridiales|f__Lachnospiraceae|g__PAC001201|s__PAC002549,1.0
116,k__Bacteria|p__Bacteroidetes|c__Bacteroidia|o__Bacteroidales|f__Bacteroidaceae|g__Bacteroides|s__Bacteroides_ovatus,534,k__Bacteria|p__Firmicutes|c__Clostridia|o__Clostridiales|f__Ruminococcaceae|g__PAC001144|s__PAC001620,1.0
116,k__Bacteria|p__Bacteroidetes|c__Bacteroidia|o__Bacteroidales|f__Bacteroidaceae|g__Bacteroides|s__Bacteroides_ovatus,562,k__Bacteria|p__Firmicutes|c__Clostridia|o__Eubacteriales|f__Eubacteriaceae|g__Eubacterium|s__None,0.9166666666666666
116,k__Bacteria|p__Bacteroidetes|c__Bacteroidia|o__Bacteroidales|f__Bacteroidaceae|g__Bacteroides|s__Bacteroides_ovatus,577,k__Bacteria|p__Firmicutes|c__Clostridia|o__Lachnospirales|f__Lachnospiraceae|g__Agathobacter|s__None,0.9166666666666666
116,k__Bacteria|p__Bacteroidetes|c__Bacteroidia|o__Bacteroidales|f__Bacteroidaceae|g__Bacteroides|s__Bacteroides_ovatus,588,k__Bacteria|p__Firmicutes|c__Clostridia|o__Lachnospirales|f__Lachnospiraceae|g__Anaerostipes|s__None,0.9166666666666666
116,k__Bacteria|p__Bacteroidetes|c__Bacteroidia|o__Bacteroidales|f__Bacteroidaceae|g__Bacteroides|s__Bacteroides_ovatus,591,k__Bacteria|p__Firmicutes|c__Clostridia|o__Lachnospirales|f__Lachnospiraceae|g__Anaerostipes|s__uncultured_Lachnospiraceae_bacterium,1.0
116,k__Bacteria|p__Bacteroidetes|c__Bacteroidia|o__Bacteroidales|f__Bacteroidaceae|g__Bacteroides|s__Bacteroides_ovatus,594,k__Bacteria|p__Firmicutes|c__Clostridia|o__Lachnospirales|f__Lachnospiraceae|g__Blautia|s__None,0.9166666666666666
116,k__Bacteria|p__Bacteroidetes|c__Bacteroidia|o__Bacteroidales|f__Bacteroidaceae|g__Bacteroides|s__Bacteroides_ovatus,595,k__Bacteria|p__Firmicutes|c__Clostridia|o__Lachnospirales|f__Lachnospiraceae|g__Blautia|s__bacterium_mpn-isolate_group_20,1.0
116,k__Bacteria|p__Bacteroidetes|c__Bacteroidia|o__Bacteroidales|f__Bacteroidaceae|g__Bacteroides|s__Bacteroides_ovatus,597,k__Bacteria|p__Firmicutes|c__Clostridia|o__Lachnospirales|f__Lachnospiraceae|g__Blautia|s__uncultured_Blautia_sp.,1.0
116,k__Bacteria|p__Bacteroidetes|c__Bacteroidia|o__Bacteroidales|f__Bacteroidaceae|g__Bacteroides|s__Bacteroides_ovatus,608,k__Bacteria|p__Firmicutes|c__Clostridia|o__Lachnospirales|f__Lachnospiraceae|g__Coprococcus|s__None,0.9166666666666666
116,k__Bacteria|p__Bacteroidetes|c__Bacteroidia|o__Bacteroidales|f__Bacteroidaceae|g__Bacteroides|s__Bacteroides_ovatus,609,k__Bacteria|p__Firmicutes|c__Clostridia|o__Lachnospirales|f__Lachnospiraceae|g__Coprococcus|s__uncultured_Coprococcus_sp.,1.0
116,k__Bacteria|p__Bacteroidetes|c__Bacteroidia|o__Bacteroidales|f__Bacteroidaceae|g__Bacteroides|s__Bacteroides_ovatus,612,k__Bacteria|p__Firmicutes|c__Clostridia|o__Lachnospirales|f__Lachnospiraceae|g__Eisenbergiella|s__None,0.9166666666666666
116,k__Bacteria|p__Bacteroidetes|c__Bacteroidia|o__Bacteroidales|f__Bacteroidaceae|g__Bacteroides|s__Bacteroides_ovatus,619,k__Bacteria|p__Firmicutes|c__Clostridia|o__Lachnospirales|f__Lachnospiraceae|g__Fusicatenibacter|s__uncultured_Lachnospiraceae_bacterium,1.0
116,k__Bacteria|p__Bacteroidetes|c__Bacteroidia|o__Bacteroidales|f__Bacteroidaceae|g__Bacteroides|s__Bacteroides_ovatus,620,k__Bacteria|p__Firmicutes|c__Clostridia|o__Lachnospirales|f__Lachnospiraceae|g__GCA-900066575|s__None,0.9166666666666666
116,k__Bacteria|p__Bacteroidetes|c__Bacteroidia|o__Bacteroidales|f__Bacteroidaceae|g__Bacteroides|s__Bacteroides_ovatus,628,k__Bacteria|p__Firmicutes|c__Clostridia|o__Lachnospirales|f__Lachnospiraceae|g__Howardella|s__metagenome,1.0
116,k__Bacteria|p__Bacteroidetes|c__Bacteroidia|o__Bacteroidales|f__Bacteroidaceae|g__Bacteroides|s__Bacteroides_ovatus,638,k__Bacteria|p__Firmicutes|c__Clostridia|o__Lachnospirales|f__Lachnospiraceae|g__Lachnoclostridium|s__None,0.9166666666666666
116,k__Bacteria|p__Bacteroidetes|c__Bacteroidia|o__Bacteroidales|f__Bacteroidaceae|g__Bacteroides|s__Bacteroides_ovatus,640,k__Bacteria|p__Firmicutes|c__Clostridia|o__Lachnospirales|f__Lachnospiraceae|g__Lachnoclostridium|s__uncultured_Lachnospiraceae_bacterium,1.0
116,k__Bacteria|p__Bacteroidetes|c__Bacteroidia|o__Bacteroidales|f__Bacteroidaceae|g__Bacteroides|s__Bacteroides_ovatus,641,k__Bacteria|p__Firmicutes|c__Clostridia|o__Lachnospirales|f__Lachnospiraceae|g__Lachnospira|s__None,0.9166666666666666
116,k__Bacteria|p__Bacteroidetes|c__Bacteroidia|o__Bacteroidales|f__Bacteroidaceae|g__Bacteroides|s__Bacteroides_ovatus,649,k__Bacteria|p__Firmicutes|c__Clostridia|o__Lachnospirales|f__Lachnospiraceae|g__Lachnospiraceae_ND3007_group|s__metagenome,1.0
116,k__Bacteria|p__Bacteroidetes|c__Bacteroidia|o__Bacteroidales|f__Bacteroidaceae|g__Bacteroides|s__Bacteroides_ovatus,658,k__Bacteria|p__Firmicutes|c__Clostridia|o__Lachnospirales|f__Lachnospiraceae|g__Lachnospiraceae_NK4A136_group|s__uncultured_bacterium_Adhufec49.25,1.0
116,k__Bacteria|p__Bacteroidetes|c__Bacteroidia|o__Bacteroidales|f__Bacteroidaceae|g__Bacteroides|s__Bacteroides_ovatus,662,k__Bacteria|p__Firmicutes|c__Clostridia|o__Lachnospirales|f__Lachnospiraceae|g__Lachnospiraceae_UCG-001|s__metagenome,1.0
116,k__Bacteria|p__Bacteroidetes|c__Bacteroidia|o__Bacteroidales|f__Bacteroidaceae|g__Bacteroides|s__Bacteroides_ovatus,675,k__Bacteria|p__Firmicutes|c__Clostridia|o__Lachnospirales|f__Lachnospiraceae|g__Lachnospiraceae_UCG-010|s__None,0.9166666666666666
116,k__Bacteria|p__Bacteroidetes|c__Bacteroidia|o__Bacteroidales|f__Bacteroidaceae|g__Bacteroides|s__Bacteroides_ovatus,694,k__Bacteria|p__Firmicutes|c__Clostridia|o__Lachnospirales|f__Lachnospiraceae|g__Roseburia|s__None,0.9166666666666666
116,k__Bacteria|p__Bacteroidetes|c__Bacteroidia|o__Bacteroidales|f__Bacteroidaceae|g__Bacteroides|s__Bacteroides_ovatus,695,k__Bacteria|p__Firmicutes|c__Clostridia|o__Lachnospirales|f__Lachnospiraceae|g__Roseburia|s__gut_metagenome,1.0
116,k__Bacteria|p__Bacteroidetes|c__Bacteroidia|o__Bacteroidales|f__Bacteroidaceae|g__Bacteroides|s__Bacteroides_ovatus,705,k__Bacteria|p__Firmicutes|c__Clostridia|o__Lachnospirales|f__Lachnospiraceae|g__Tuzzerella|s__None,0.9166666666666666
116,k__Bacteria|p__Bacteroidetes|c__Bacteroidia|o__Bacteroidales|f__Bacteroidaceae|g__Bacteroides|s__Bacteroides_ovatus,709,k__Bacteria|p__Firmicutes|c__Clostridia|o__Lachnospirales|f__Lachnospiraceae|g__UC5-1-2E3|s__uncultured_organism,1.0
116,k__Bacteria|p__Bacteroidetes|c__Bacteroidia|o__Bacteroidales|f__Bacteroidaceae|g__Bacteroides|s__Bacteroides_ovatus,711,k__Bacteria|p__Firmicutes|c__Clostridia|o__Lachnospirales|f__Lachnospiraceae|g__Eubacterium_eligens_group|s__None,0.9166666666666666
116,k__Bacteria|p__Bacteroidetes|c__Bacteroidia|o__Bacteroidales|f__Bacteroidaceae|g__Bacteroides|s__Bacteroides_ovatus,712,k__Bacteria|p__Firmicutes|c__Clostridia|o__Lachnospirales|f__Lachnospiraceae|g__Eubacterium_fissicatena_group|s__None,0.9166666666666666
116,k__Bacteria|p__Bacteroidetes|c__Bacteroidia|o__Bacteroidales|f__Bacteroidaceae|g__Bacteroides|s__Bacteroides_ovatus,717,k__Bacteria|p__Firmicutes|c__Clostridia|o__Lachnospirales|f__Lachnospiraceae|g__Eubacterium_hallii_group|s__None,0.9166666666666666
116,k__Bacteria|p__Bacteroidetes|c__Bacteroidia|o__Bacteroidales|f__Bacteroidaceae|g__Bacteroides|s__Bacteroides_ovatus,722,k__Bacteria|p__Firmicutes|c__Clostridia|o__Lachnospirales|f__Lachnospiraceae|g__Eubacterium_ventriosum_group|s__uncultured_organism,1.0
116,k__Bacteria|p__Bacteroidetes|c__Bacteroidia|o__Bacteroidales|f__Bacteroidaceae|g__Bacteroides|s__Bacteroides_ovatus,724,k__Bacteria|p__Firmicutes|c__Clostridia|o__Lachnospirales|f__Lachnospiraceae|g__Eubacterium_xylanophilum_group|s__None,0.9166666666666666
116,k__Bacteria|p__Bacteroidetes|c__Bacteroidia|o__Bacteroidales|f__Bacteroidaceae|g__Bacteroides|s__Bacteroides_ovatus,730,k__Bacteria|p__Firmicutes|c__Clostridia|o__Lachnospirales|f__Lachnospiraceae|g__Ruminococcus_torques_group|s__None,0.9166666666666666
116,k__Bacteria|p__Bacteroidetes|c__Bacteroidia|o__Bacteroidales|f__Bacteroidaceae|g__Bacteroides|s__Bacteroides_ovatus,732,k__Bacteria|p__Firmicutes|c__Clostridia|o__Lachnospirales|f__Lachnospiraceae|g__None|s__None,0.8333333333333334
116,k__Bacteria|p__Bacteroidetes|c__Bacteroidia|o__Bacteroidales|f__Bacteroidaceae|g__Bacteroides|s__Bacteroides_ovatus,733,k__Bacteria|p__Firmicutes|c__Clostridia|o__Lachnospirales|f__Lachnospiraceae|g__uncultured|s__None,0.9166666666666666
116,k__Bacteria|p__Bacteroidetes|c__Bacteroidia|o__Bacteroidales|f__Bacteroidaceae|g__Bacteroides|s__Bacteroides_ovatus,739,k__Bacteria|p__Firmicutes|c__Clostridia|o__Monoglobales|f__Monoglobaceae|g__Monoglobus|s__None,0.9166666666666666
116,k__Bacteria|p__Bacteroidetes|c__Bacteroidia|o__Bacteroidales|f__Bacteroidaceae|g__Bacteroides|s__Bacteroides_ovatus,759,k__Bacteria|p__Firmicutes|c__Clostridia|o__Oscillospirales|f__Oscillospiraceae|g__Colidextribacter|s__None,0.9166666666666666
116,k__Bacteria|p__Bacteroidetes|c__Bacteroidia|o__Bacteroidales|f__Bacteroidaceae|g__Bacteroides|s__Bacteroides_ovatus,767,k__Bacteria|p__Firmicutes|c__Clostridia|o__Oscillospirales|f__Oscillospiraceae|g__Flavonifractor|s__None,0.9166666666666666
116,k__Bacteria|p__Bacteroidetes|c__Bacteroidia|o__Bacteroidales|f__Bacteroidaceae|g__Bacteroides|s__Bacteroides_ovatus,769,k__Bacteria|p__Firmicutes|c__Clostridia|o__Oscillospirales|f__Oscillospiraceae|g__Intestinimonas|s__None,0.9166666666666666
116,k__Bacteria|p__Bacteroidetes|c__Bacteroidia|o__Bacteroidales|f__Bacteroidaceae|g__Bacteroides|s__Bacteroides_ovatus,770,k__Bacteria|p__Firmicutes|c__Clostridia|o__Oscillospirales|f__Oscillospiraceae|g__Intestinimonas|s__bacterium_P1C2,1.0
116,k__Bacteria|p__Bacteroidetes|c__Bacteroidia|o__Bacteroidales|f__Bacteroidaceae|g__Bacteroides|s__Bacteroides_ovatus,779,k__Bacteria|p__Firmicutes|c__Clostridia|o__Oscillospirales|f__Oscillospiraceae|g__Oscillibacter|s__None,0.9166666666666666
116,k__Bacteria|p__Bacteroidetes|c__Bacteroidia|o__Bacteroidales|f__Bacteroidaceae|g__Bacteroides|s__Bacteroides_ovatus,780,k__Bacteria|p__Firmicutes|c__Clostridia|o__Oscillospirales|f__Oscillospiraceae|g__Oscillibacter|s__metagenome,1.0
116,k__Bacteria|p__Bacteroidetes|c__Bacteroidia|o__Bacteroidales|f__Bacteroidaceae|g__Bacteroides|s__Bacteroides_ovatus,790,k__Bacteria|p__Firmicutes|c__Clostridia|o__Oscillospirales|f__Oscillospiraceae|g__UCG-002|s__None,0.9166666666666666
116,k__Bacteria|p__Bacteroidetes|c__Bacteroidia|o__Bacteroidales|f__Bacteroidaceae|g__Bacteroides|s__Bacteroides_ovatus,791,k__Bacteria|p__Firmicutes|c__Clostridia|o__Oscillospirales|f__Oscillospiraceae|g__UCG-003|s__None,0.9166666666666666
116,k__Bacteria|p__Bacteroidetes|c__Bacteroidia|o__Bacteroidales|f__Bacteroidaceae|g__Bacteroides|s__Bacteroides_ovatus,794,k__Bacteria|p__Firmicutes|c__Clostridia|o__Oscillospirales|f__Oscillospiraceae|g__UCG-005|s__metagenome,1.0
116,k__Bacteria|p__Bacteroidetes|c__Bacteroidia|o__Bacteroidales|f__Bacteroidaceae|g__Bacteroides|s__Bacteroides_ovatus,812,k__Bacteria|p__Firmicutes|c__Clostridia|o__Oscillospirales|f__Ruminococcaceae|g__Anaerofilum|s__metagenome,1.0
116,k__Bacteria|p__Bacteroidetes|c__Bacteroidia|o__Bacteroidales|f__Bacteroidaceae|g__Bacteroides|s__Bacteroides_ovatus,832,k__Bacteria|p__Firmicutes|c__Clostridia|o__Oscillospirales|f__Ruminococcaceae|g__DTU089|s__None,0.9166666666666666
116,k__Bacteria|p__Bacteroidetes|c__Bacteroidia|o__Bacteroidales|f__Bacteroidaceae|g__Bacteroides|s__Bacteroides_ovatus,833,k__Bacteria|p__Firmicutes|c__Clostridia|o__Oscillospirales|f__Ruminococcaceae|g__Faecalibacterium|s__None,0.9166666666666666
116,k__Bacteria|p__Bacteroidetes|c__Bacteroidia|o__Bacteroidales|f__Bacteroidaceae|g__Bacteroides|s__Bacteroides_ovatus,839,k__Bacteria|p__Firmicutes|c__Clostridia|o__Oscillospirales|f__Ruminococcaceae|g__Incertae_Sedis|s__metagenome,1.0
116,k__Bacteria|p__Bacteroidetes|c__Bacteroidia|o__Bacteroidales|f__Bacteroidaceae|g__Bacteroides|s__Bacteroides_ovatus,841,k__Bacteria|p__Firmicutes|c__Clostridia|o__Oscillospirales|f__Ruminococcaceae|g__Incertae_Sedis|s__None,0.9166666666666666
116,k__Bacteria|p__Bacteroidetes|c__Bacteroidia|o__Bacteroidales|f__Bacteroidaceae|g__Bacteroides|s__Bacteroides_ovatus,859,k__Bacteria|p__Firmicutes|c__Clostridia|o__Oscillospirales|f__Ruminococcaceae|g__Ruminococcus|s__None,0.9166666666666666
116,k__Bacteria|p__Bacteroidetes|c__Bacteroidia|o__Bacteroidales|f__Bacteroidaceae|g__Bacteroides|s__Bacteroides_ovatus,860,k__Bacteria|p__Firmicutes|c__Clostridia|o__Oscillospirales|f__Ruminococcaceae|g__Subdoligranulum|s__None,0.9166666666666666
116,k__Bacteria|p__Bacteroidetes|c__Bacteroidia|o__Bacteroidales|f__Bacteroidaceae|g__Bacteroides|s__Bacteroides_ovatus,863,k__Bacteria|p__Firmicutes|c__Clostridia|o__Oscillospirales|f__Ruminococcaceae|g__UBA1819|s__None,0.9166666666666666
116,k__Bacteria|p__Bacteroidetes|c__Bacteroidia|o__Bacteroidales|f__Bacteroidaceae|g__Bacteroides|s__Bacteroides_ovatus,865,k__Bacteria|p__Firmicutes|c__Clostridia|o__Oscillospirales|f__Ruminococcaceae|g__Eubacterium_siraeum_group|s__None,0.9166666666666666
116,k__Bacteria|p__Bacteroidetes|c__Bacteroidia|o__Bacteroidales|f__Bacteroidaceae|g__Bacteroides|s__Bacteroides_ovatus,869,k__Bacteria|p__Firmicutes|c__Clostridia|o__Oscillospirales|f__Ruminococcaceae|g__None|s__None,0.8333333333333334
116,k__Bacteria|p__Bacteroidetes|c__Bacteroidia|o__Bacteroidales|f__Bacteroidaceae|g__Bacteroides|s__Bacteroides_ovatus,885,k__Bacteria|p__Firmicutes|c__Clostridia|o__Oscillospirales|f__Eubacterium_coprostanoligenes_group|g__None|s__None,0.8333333333333334
116,k__Bacteria|p__Bacteroidetes|c__Bacteroidia|o__Bacteroidales|f__Bacteroidaceae|g__Bacteroides|s__Bacteroides_ovatus,905,k__Bacteria|p__Firmicutes|c__Clostridia|o__Peptostreptococcales-Tissierellales|f__Anaerovoracaceae|g__Family_XIII_AD3011_group|s__metagenome,1.0
116,k__Bacteria|p__Bacteroidetes|c__Bacteroidia|o__Bacteroidales|f__Bacteroidaceae|g__Bacteroides|s__Bacteroides_ovatus,925,k__Bacteria|p__Firmicutes|c__Clostridia|o__Peptostreptococcales-Tissierellales|f__Anaerovoracaceae|g__None|s__None,0.8333333333333334
116,k__Bacteria|p__Bacteroidetes|c__Bacteroidia|o__Bacteroidales|f__Bacteroidaceae|g__Bacteroides|s__Bacteroides_ovatus,943,k__Bacteria|p__Firmicutes|c__Clostridia|o__Peptostreptococcales-Tissierellales|f__Peptostreptococcaceae|g__Intestinibacter|s__None,0.9166666666666666
116,k__Bacteria|p__Bacteroidetes|c__Bacteroidia|o__Bacteroidales|f__Bacteroidaceae|g__Bacteroides|s__Bacteroides_ovatus,951,k__Bacteria|p__Firmicutes|c__Clostridia|o__Peptostreptococcales-Tissierellales|f__Peptostreptococcaceae|g__Romboutsia|s__None,0.9166666666666666
116,k__Bacteria|p__Bacteroidetes|c__Bacteroidia|o__Bacteroidales|f__Bacteroidaceae|g__Bacteroides|s__Bacteroides_ovatus,956,k__Bacteria|p__Firmicutes|c__Clostridia|o__None|f__None|g__None|s__None,0.6666666666666666
116,k__Bacteria|p__Bacteroidetes|c__Bacteroidia|o__Bacteroidales|f__Bacteroidaceae|g__Bacteroides|s__Bacteroides_ovatus,966,k__Bacteria|p__Firmicutes|c__Negativicutes|o__Acidaminococcales|f__Acidaminococcaceae|g__Acidaminococcus|s__None,0.9166666666666666
116,k__Bacteria|p__Bacteroidetes|c__Bacteroidia|o__Bacteroidales|f__Bacteroidaceae|g__Bacteroides|s__Bacteroides_ovatus,967,k__Bacteria|p__Firmicutes|c__Negativicutes|o__Acidaminococcales|f__Acidaminococcaceae|g__Phascolarctobacterium|s__None,0.9166666666666666
116,k__Bacteria|p__Bacteroidetes|c__Bacteroidia|o__Bacteroidales|f__Bacteroidaceae|g__Bacteroides|s__Bacteroides_ovatus,986,k__Bacteria|p__Firmicutes|c__Negativicutes|o__Veillonellales-Selenomonadales|f__Veillonellaceae|g__Dialister|s__None,0.9166666666666666
116,k__Bacteria|p__Bacteroidetes|c__Bacteroidia|o__Bacteroidales|f__Bacteroidaceae|g__Bacteroides|s__Bacteroides_ovatus,992,k__Bacteria|p__Firmicutes|c__Negativicutes|o__Veillonellales-Selenomonadales|f__Veillonellaceae|g__Veillonella|s__None,0.9166666666666666
116,k__Bacteria|p__Bacteroidetes|c__Bacteroidia|o__Bacteroidales|f__Bacteroidaceae|g__Bacteroides|s__Bacteroides_ovatus,1055,k__Bacteria|p__Proteobacteria|c__Gammaproteobacteria|o__Burkholderiales|f__Sutterellaceae|g__Parasutterella|s__None,0.9166666666666666
116,k__Bacteria|p__Bacteroidetes|c__Bacteroidia|o__Bacteroidales|f__Bacteroidaceae|g__Bacteroides|s__Bacteroides_ovatus,1069,k__Bacteria|p__Proteobacteria|c__Gammaproteobacteria|o__Enterobacterales|f__Enterobacteriaceae|g__Escherichia-Shigella|s__None,0.9166666666666666
116,k__Bacteria|p__Bacteroidetes|c__Bacteroidia|o__Bacteroidales|f__Bacteroidaceae|g__Bacteroides|s__Bacteroides_ovatus,1089,k__Bacteria|p__Proteobacteria|c__Gammaproteobacteria|o__Pseudomonadales|f__Pseudomonadaceae|g__Pseudomonas|s__None,0.9166666666666666
116,k__Bacteria|p__Bacteroidetes|c__Bacteroidia|o__Bacteroidales|f__Bacteroidaceae|g__Bacteroides|s__Bacteroides_ovatus,1132,k__Bacteria|p__Verrucomicrobiota|c__Verrucomicrobiae|o__Verrucomicrobiales|f__Akkermansiaceae|g__Akkermansia|s__None,0.9166666666666666
116,k__Bacteria|p__Bacteroidetes|c__Bacteroidia|o__Bacteroidales|f__Bacteroidaceae|g__Bacteroides|s__Bacteroides_ovatus,1136,k__Bacteria|p__None|c__None|o__None|f__None|g__None|s__None,0.5
129,k__Bacteria|p__Bacteroidetes|c__Bacteroidia|o__Bacteroidales|f__Bacteroidaceae|g__Bacteroides|s__Bacteroides_stercoris_ATCC_43183,130,k__Bacteria|p__Bacteroidetes|c__Bacteroidia|o__Bacteroidales|f__Bacteroidaceae|g__Bacteroides|s__Bacteroides_uniformis,0.16666666666666666
129,k__Bacteria|p__Bacteroidetes|c__Bacteroidia|o__Bacteroidales|f__Bacteroidaceae|g__Bacteroides|s__Bacteroides_stercoris_ATCC_43183,132,k__Bacteria|p__Bacteroidetes|c__Bacteroidia|o__Bacteroidales|f__Bacteroidaceae|g__Bacteroides|s__None,0.08333333333333333
129,k__Bacteria|p__Bacteroidetes|c__Bacteroidia|o__Bacteroidales|f__Bacteroidaceae|g__Bacteroides|s__Bacteroides_stercoris_ATCC_43183,157,k__Bacteria|p__Bacteroidetes|c__Bacteroidia|o__Bacteroidales|f__Muribaculaceae|g__metagenome|s__None,0.4166666666666667
129,k__Bacteria|p__Bacteroidetes|c__Bacteroidia|o__Bacteroidales|f__Bacteroidaceae|g__Bacteroides|s__Bacteroides_stercoris_ATCC_43183,200,k__Bacteria|p__Bacteroidetes|c__Bacteroidia|o__Bacteroidales|f__Prevotellaceae|g__Prevotella|s__None,0.4166666666666667
129,k__Bacteria|p__Bacteroidetes|c__Bacteroidia|o__Bacteroidales|f__Bacteroidaceae|g__Bacteroides|s__Bacteroides_stercoris_ATCC_43183,224,k__Bacteria|p__Bacteroidetes|c__Bacteroidia|o__Bacteroidales|f__Rikenellaceae|g__Alistipes|s__Bacteroidetes_bacterium_Eg28,0.5
129,k__Bacteria|p__Bacteroidetes|c__Bacteroidia|o__Bacteroidales|f__Bacteroidaceae|g__Bacteroides|s__Bacteroides_stercoris_ATCC_43183,225,k__Bacteria|p__Bacteroidetes|c__Bacteroidia|o__Bacteroidales|f__Rikenellaceae|g__Alistipes|s__Tidjanibacter_massiliensis,0.5
129,k__Bacteria|p__Bacteroidetes|c__Bacteroidia|o__Bacteroidales|f__Bacteroidaceae|g__Bacteroides|s__Bacteroides_stercoris_ATCC_43183,227,k__Bacteria|p__Bacteroidetes|c__Bacteroidia|o__Bacteroidales|f__Rikenellaceae|g__Alistipes|s__None,0.4166666666666667
129,k__Bacteria|p__Bacteroidetes|c__Bacteroidia|o__Bacteroidales|f__Bacteroidaceae|g__Bacteroides|s__Bacteroides_stercoris_ATCC_43183,284,k__Bacteria|p__Desulfobacterota|c__Desulfovibrionia|o__Desulfovibrionales|f__Desulfovibrionaceae|g__Bilophila|s__None,0.9166666666666666
129,k__Bacteria|p__Bacteroidetes|c__Bacteroidia|o__Bacteroidales|f__Bacteroidaceae|g__Bacteroides|s__Bacteroides_stercoris_ATCC_43183,311,k__Bacteria|p__Firmicutes|c__Bacilli|o__Erysipelotrichales|f__Erysipelatoclostridiaceae|g__Erysipelatoclostridium|s__Clostridium_spiroforme_DSM_1552,1.0
129,k__Bacteria|p__Bacteroidetes|c__Bacteroidia|o__Bacteroidales|f__Bacteroidaceae|g__Bacteroides|s__Bacteroides_stercoris_ATCC_43183,314,k__Bacteria|p__Firmicutes|c__Bacilli|o__Erysipelotrichales|f__Erysipelatoclostridiaceae|g__Erysipelotrichaceae_UCG-003|s__None,0.9166666666666666
129,k__Bacteria|p__Bacteroidetes|c__Bacteroidia|o__Bacteroidales|f__Bacteroidaceae|g__Bacteroides|s__Bacteroides_stercoris_ATCC_43183,380,k__Bacteria|p__Firmicutes|c__Bacilli|o__Lactobacillales|f__Streptococcaceae|g__Streptococcus|s__None,0.9166666666666666
129,k__Bacteria|p__Bacteroidetes|c__Bacteroidia|o__Bacteroidales|f__Bacteroidaceae|g__Bacteroides|s__Bacteroides_stercoris_ATCC_43183,411,k__Bacteria|p__Firmicutes|c__Clostridia|o__Christensenellales|f__Christensenellaceae|g__Christensenellaceae_R-7_group|s__None,0.9166666666666666
129,k__Bacteria|p__Bacteroidetes|c__Bacteroidia|o__Bacteroidales|f__Bacteroidaceae|g__Bacteroides|s__Bacteroides_stercoris_ATCC_43183,421,k__Bacteria|p__Firmicutes|c__Clostridia|o__Christensenellales|f__Christensenellaceae|g__Christensenellaceae_R-7_group|s__uncultured_marine_bacterium,1.0
129,k__Bacteria|p__Bacteroidetes|c__Bacteroidia|o__Bacteroidales|f__Bacteroidaceae|g__Bacteroides|s__Bacteroides_stercoris_ATCC_43183,426,k__Bacteria|p__Firmicutes|c__Clostridia|o__Clostridia_UCG-014|f__None|g__None|s__None,0.75
129,k__Bacteria|p__Bacteroidetes|c__Bacteroidia|o__Bacteroidales|f__Bacteroidaceae|g__Bacteroides|s__Bacteroides_stercoris_ATCC_43183,445,k__Bacteria|p__Firmicutes|c__Clostridia|o__Clostridiales|f__Christensenellaceae|g__Christensenella|s__PAC002297,1.0
129,k__Bacteria|p__Bacteroidetes|c__Bacteroidia|o__Bacteroidales|f__Bacteroidaceae|g__Bacteroides|s__Bacteroides_stercoris_ATCC_43183,501,k__Bacteria|p__Firmicutes|c__Clostridia|o__Clostridiales|f__Lachnospiraceae|g__PAC001201|s__PAC002549,1.0
129,k__Bacteria|p__Bacteroidetes|c__Bacteroidia|o__Bacteroidales|f__Bacteroidaceae|g__Bacteroides|s__Bacteroides_stercoris_ATCC_43183,534,k__Bacteria|p__Firmicutes|c__Clostridia|o__Clostridiales|f__Ruminococcaceae|g__PAC001144|s__PAC001620,1.0
129,k__Bacteria|p__Bacteroidetes|c__Bacteroidia|o__Bacteroidales|f__Bacteroidaceae|g__Bacteroides|s__Bacteroides_stercoris_ATCC_43183,562,k__Bacteria|p__Firmicutes|c__Clostridia|o__Eubacteriales|f__Eubacteriaceae|g__Eubacterium|s__None,0.9166666666666666
129,k__Bacteria|p__Bacteroidetes|c__Bacteroidia|o__Bacteroidales|f__Bacteroidaceae|g__Bacteroides|s__Bacteroides_stercoris_ATCC_43183,577,k__Bacteria|p__Firmicutes|c__Clostridia|o__Lachnospirales|f__Lachnospiraceae|g__Agathobacter|s__None,0.9166666666666666
129,k__Bacteria|p__Bacteroidetes|c__Bacteroidia|o__Bacteroidales|f__Bacteroidaceae|g__Bacteroides|s__Bacteroides_stercoris_ATCC_43183,588,k__Bacteria|p__Firmicutes|c__Clostridia|o__Lachnospirales|f__Lachnospiraceae|g__Anaerostipes|s__None,0.9166666666666666
129,k__Bacteria|p__Bacteroidetes|c__Bacteroidia|o__Bacteroidales|f__Bacteroidaceae|g__Bacteroides|s__Bacteroides_stercoris_ATCC_43183,591,k__Bacteria|p__Firmicutes|c__Clostridia|o__Lachnospirales|f__Lachnospiraceae|g__Anaerostipes|s__uncultured_Lachnospiraceae_bacterium,1.0
129,k__Bacteria|p__Bacteroidetes|c__Bacteroidia|o__Bacteroidales|f__Bacteroidaceae|g__Bacteroides|s__Bacteroides_stercoris_ATCC_43183,594,k__Bacteria|p__Firmicutes|c__Clostridia|o__Lachnospirales|f__Lachnospiraceae|g__Blautia|s__None,0.9166666666666666
129,k__Bacteria|p__Bacteroidetes|c__Bacteroidia|o__Bacteroidales|f__Bacteroidaceae|g__Bacteroides|s__Bacteroides_stercoris_ATCC_43183,595,k__Bacteria|p__Firmicutes|c__Clostridia|o__Lachnospirales|f__Lachnospiraceae|g__Blautia|s__bacterium_mpn-isolate_group_20,1.0
129,k__Bacteria|p__Bacteroidetes|c__Bacteroidia|o__Bacteroidales|f__Bacteroidaceae|g__Bacteroides|s__Bacteroides_stercoris_ATCC_43183,597,k__Bacteria|p__Firmicutes|c__Clostridia|o__Lachnospirales|f__Lachnospiraceae|g__Blautia|s__uncultured_Blautia_sp.,1.0
129,k__Bacteria|p__Bacteroidetes|c__Bacteroidia|o__Bacteroidales|f__Bacteroidaceae|g__Bacteroides|s__Bacteroides_stercoris_ATCC_43183,608,k__Bacteria|p__Firmicutes|c__Clostridia|o__Lachnospirales|f__Lachnospiraceae|g__Coprococcus|s__None,0.9166666666666666
129,k__Bacteria|p__Bacteroidetes|c__Bacteroidia|o__Bacteroidales|f__Bacteroidaceae|g__Bacteroides|s__Bacteroides_stercoris_ATCC_43183,609,k__Bacteria|p__Firmicutes|c__Clostridia|o__Lachnospirales|f__Lachnospiraceae|g__Coprococcus|s__uncultured_Coprococcus_sp.,1.0
129,k__Bacteria|p__Bacteroidetes|c__Bacteroidia|o__Bacteroidales|f__Bacteroidaceae|g__Bacteroides|s__Bacteroides_stercoris_ATCC_43183,612,k__Bacteria|p__Firmicutes|c__Clostridia|o__Lachnospirales|f__Lachnospiraceae|g__Eisenbergiella|s__None,0.9166666666666666
129,k__Bacteria|p__Bacteroidetes|c__Bacteroidia|o__Bacteroidales|f__Bacteroidaceae|g__Bacteroides|s__Bacteroides_stercoris_ATCC_43183,619,k__Bacteria|p__Firmicutes|c__Clostridia|o__Lachnospirales|f__Lachnospiraceae|g__Fusicatenibacter|s__uncultured_Lachnospiraceae_bacterium,1.0
129,k__Bacteria|p__Bacteroidetes|c__Bacteroidia|o__Bacteroidales|f__Bacteroidaceae|g__Bacteroides|s__Bacteroides_stercoris_ATCC_43183,620,k__Bacteria|p__Firmicutes|c__Clostridia|o__Lachnospirales|f__Lachnospiraceae|g__GCA-900066575|s__None,0.9166666666666666
129,k__Bacteria|p__Bacteroidetes|c__Bacteroidia|o__Bacteroidales|f__Bacteroidaceae|g__Bacteroides|s__Bacteroides_stercoris_ATCC_43183,628,k__Bacteria|p__Firmicutes|c__Clostridia|o__Lachnospirales|f__Lachnospiraceae|g__Howardella|s__metagenome,1.0
129,k__Bacteria|p__Bacteroidetes|c__Bacteroidia|o__Bacteroidales|f__Bacteroidaceae|g__Bacteroides|s__Bacteroides_stercoris_ATCC_43183,638,k__Bacteria|p__Firmicutes|c__Clostridia|o__Lachnospirales|f__Lachnospiraceae|g__Lachnoclostridium|s__None,0.9166666666666666
129,k__Bacteria|p__Bacteroidetes|c__Bacteroidia|o__Bacteroidales|f__Bacteroidaceae|g__Bacteroides|s__Bacteroides_stercoris_ATCC_43183,640,k__Bacteria|p__Firmicutes|c__Clostridia|o__Lachnospirales|f__Lachnospiraceae|g__Lachnoclostridium|s__uncultured_Lachnospiraceae_bacterium,1.0
129,k__Bacteria|p__Bacteroidetes|c__Bacteroidia|o__Bacteroidales|f__Bacteroidaceae|g__Bacteroides|s__Bacteroides_stercoris_ATCC_43183,641,k__Bacteria|p__Firmicutes|c__Clostridia|o__Lachnospirales|f__Lachnospiraceae|g__Lachnospira|s__None,0.9166666666666666
129,k__Bacteria|p__Bacteroidetes|c__Bacteroidia|o__Bacteroidales|f__Bacteroidaceae|g__Bacteroides|s__Bacteroides_stercoris_ATCC_43183,649,k__Bacteria|p__Firmicutes|c__Clostridia|o__Lachnospirales|f__Lachnospiraceae|g__Lachnospiraceae_ND3007_group|s__metagenome,1.0
129,k__Bacteria|p__Bacteroidetes|c__Bacteroidia|o__Bacteroidales|f__Bacteroidaceae|g__Bacteroides|s__Bacteroides_stercoris_ATCC_43183,658,k__Bacteria|p__Firmicutes|c__Clostridia|o__Lachnospirales|f__Lachnospiraceae|g__Lachnospiraceae_NK4A136_group|s__uncultured_bacterium_Adhufec49.25,1.0
129,k__Bacteria|p__Bacteroidetes|c__Bacteroidia|o__Bacteroidales|f__Bacteroidaceae|g__Bacteroides|s__Bacteroides_stercoris_ATCC_43183,662,k__Bacteria|p__Firmicutes|c__Clostridia|o__Lachnospirales|f__Lachnospiraceae|g__Lachnospiraceae_UCG-001|s__metagenome,1.0
129,k__Bacteria|p__Bacteroidetes|c__Bacteroidia|o__Bacteroidales|f__Bacteroidaceae|g__Bacteroides|s__Bacteroides_stercoris_ATCC_43183,675,k__Bacteria|p__Firmicutes|c__Clostridia|o__Lachnospirales|f__Lachnospiraceae|g__Lachnospiraceae_UCG-010|s__None,0.9166666666666666
129,k__Bacteria|p__Bacteroidetes|c__Bacteroidia|o__Bacteroidales|f__Bacteroidaceae|g__Bacteroides|s__Bacteroides_stercoris_ATCC_43183,694,k__Bacteria|p__Firmicutes|c__Clostridia|o__Lachnospirales|f__Lachnospiraceae|g__Roseburia|s__None,0.9166666666666666
129,k__Bacteria|p__Bacteroidetes|c__Bacteroidia|o__Bacteroidales|f__Bacteroidaceae|g__Bacteroides|s__Bacteroides_stercoris_ATCC_43183,695,k__Bacteria|p__Firmicutes|c__Clostridia|o__Lachnospirales|f__Lachnospiraceae|g__Roseburia|s__gut_metagenome,1.0
129,k__Bacteria|p__Bacteroidetes|c__Bacteroidia|o__Bacteroidales|f__Bacteroidaceae|g__Bacteroides|s__Bacteroides_stercoris_ATCC_43183,705,k__Bacteria|p__Firmicutes|c__Clostridia|o__Lachnospirales|f__Lachnospiraceae|g__Tuzzerella|s__None,0.9166666666666666
129,k__Bacteria|p__Bacteroidetes|c__Bacteroidia|o__Bacteroidales|f__Bacteroidaceae|g__Bacteroides|s__Bacteroides_stercoris_ATCC_43183,709,k__Bacteria|p__Firmicutes|c__Clostridia|o__Lachnospirales|f__Lachnospiraceae|g__UC5-1-2E3|s__uncultured_organism,1.0
129,k__Bacteria|p__Bacteroidetes|c__Bacteroidia|o__Bacteroidales|f__Bacteroidaceae|g__Bacteroides|s__Bacteroides_stercoris_ATCC_43183,711,k__Bacteria|p__Firmicutes|c__Clostridia|o__Lachnospirales|f__Lachnospiraceae|g__Eubacterium_eligens_group|s__None,0.9166666666666666
129,k__Bacteria|p__Bacteroidetes|c__Bacteroidia|o__Bacteroidales|f__Bacteroidaceae|g__Bacteroides|s__Bacteroides_stercoris_ATCC_43183,712,k__Bacteria|p__Firmicutes|c__Clostridia|o__Lachnospirales|f__Lachnospiraceae|g__Eubacterium_fissicatena_group|s__None,0.9166666666666666
129,k__Bacteria|p__Bacteroidetes|c__Bacteroidia|o__Bacteroidales|f__Bacteroidaceae|g__Bacteroides|s__Bacteroides_stercoris_ATCC_43183,717,k__Bacteria|p__Firmicutes|c__Clostridia|o__Lachnospirales|f__Lachnospiraceae|g__Eubacterium_hallii_group|s__None,0.9166666666666666
129,k__Bacteria|p__Bacteroidetes|c__Bacteroidia|o__Bacteroidales|f__Bacteroidaceae|g__Bacteroides|s__Bacteroides_stercoris_ATCC_43183,722,k__Bacteria|p__Firmicutes|c__Clostridia|o__Lachnospirales|f__Lachnospiraceae|g__Eubacterium_ventriosum_group|s__uncultured_organism,1.0
129,k__Bacteria|p__Bacteroidetes|c__Bacteroidia|o__Bacteroidales|f__Bacteroidaceae|g__Bacteroides|s__Bacteroides_stercoris_ATCC_43183,724,k__Bacteria|p__Firmicutes|c__Clostridia|o__Lachnospirales|f__Lachnospiraceae|g__Eubacterium_xylanophilum_group|s__None,0.9166666666666666
129,k__Bacteria|p__Bacteroidetes|c__Bacteroidia|o__Bacteroidales|f__Bacteroidaceae|g__Bacteroides|s__Bacteroides_stercoris_ATCC_43183,730,k__Bacteria|p__Firmicutes|c__Clostridia|o__Lachnospirales|f__Lachnospiraceae|g__Ruminococcus_torques_group|s__None,0.9166666666666666
129,k__Bacteria|p__Bacteroidetes|c__Bacteroidia|o__Bacteroidales|f__Bacteroidaceae|g__Bacteroides|s__Bacteroides_stercoris_ATCC_43183,732,k__Bacteria|p__Firmicutes|c__Clostridia|o__Lachnospirales|f__Lachnospiraceae|g__None|s__None,0.8333333333333334
129,k__Bacteria|p__Bacteroidetes|c__Bacteroidia|o__Bacteroidales|f__Bacteroidaceae|g__Bacteroides|s__Bacteroides_stercoris_ATCC_43183,733,k__Bacteria|p__Firmicutes|c__Clostridia|o__Lachnospirales|f__Lachnospiraceae|g__uncultured|s__None,0.9166666666666666
129,k__Bacteria|p__Bacteroidetes|c__Bacteroidia|o__Bacteroidales|f__Bacteroidaceae|g__Bacteroides|s__Bacteroides_stercoris_ATCC_43183,739,k__Bacteria|p__Firmicutes|c__Clostridia|o__Monoglobales|f__Monoglobaceae|g__Monoglobus|s__None,0.9166666666666666
129,k__Bacteria|p__Bacteroidetes|c__Bacteroidia|o__Bacteroidales|f__Bacteroidaceae|g__Bacteroides|s__Bacteroides_stercoris_ATCC_43183,759,k__Bacteria|p__Firmicutes|c__Clostridia|o__Oscillospirales|f__Oscillospiraceae|g__Colidextribacter|s__None,0.9166666666666666
129,k__Bacteria|p__Bacteroidetes|c__Bacteroidia|o__Bacteroidales|f__Bacteroidaceae|g__Bacteroides|s__Bacteroides_stercoris_ATCC_43183,767,k__Bacteria|p__Firmicutes|c__Clostridia|o__Oscillospirales|f__Oscillospiraceae|g__Flavonifractor|s__None,0.9166666666666666
129,k__Bacteria|p__Bacteroidetes|c__Bacteroidia|o__Bacteroidales|f__Bacteroidaceae|g__Bacteroides|s__Bacteroides_stercoris_ATCC_43183,769,k__Bacteria|p__Firmicutes|c__Clostridia|o__Oscillospirales|f__Oscillospiraceae|g__Intestinimonas|s__None,0.9166666666666666
129,k__Bacteria|p__Bacteroidetes|c__Bacteroidia|o__Bacteroidales|f__Bacteroidaceae|g__Bacteroides|s__Bacteroides_stercoris_ATCC_43183,770,k__Bacteria|p__Firmicutes|c__Clostridia|o__Oscillospirales|f__Oscillospiraceae|g__Intestinimonas|s__bacterium_P1C2,1.0
129,k__Bacteria|p__Bacteroidetes|c__Bacteroidia|o__Bacteroidales|f__Bacteroidaceae|g__Bacteroides|s__Bacteroides_stercoris_ATCC_43183,779,k__Bacteria|p__Firmicutes|c__Clostridia|o__Oscillospirales|f__Oscillospiraceae|g__Oscillibacter|s__None,0.9166666666666666
129,k__Bacteria|p__Bacteroidetes|c__Bacteroidia|o__Bacteroidales|f__Bacteroidaceae|g__Bacteroides|s__Bacteroides_stercoris_ATCC_43183,780,k__Bacteria|p__Firmicutes|c__Clostridia|o__Oscillospirales|f__Oscillospiraceae|g__Oscillibacter|s__metagenome,1.0
129,k__Bacteria|p__Bacteroidetes|c__Bacteroidia|o__Bacteroidales|f__Bacteroidaceae|g__Bacteroides|s__Bacteroides_stercoris_ATCC_43183,790,k__Bacteria|p__Firmicutes|c__Clostridia|o__Oscillospirales|f__Oscillospiraceae|g__UCG-002|s__None,0.9166666666666666
129,k__Bacteria|p__Bacteroidetes|c__Bacteroidia|o__Bacteroidales|f__Bacteroidaceae|g__Bacteroides|s__Bacteroides_stercoris_ATCC_43183,791,k__Bacteria|p__Firmicutes|c__Clostridia|o__Oscillospirales|f__Oscillospiraceae|g__UCG-003|s__None,0.9166666666666666
129,k__Bacteria|p__Bacteroidetes|c__Bacteroidia|o__Bacteroidales|f__Bacteroidaceae|g__Bacteroides|s__Bacteroides_stercoris_ATCC_43183,794,k__Bacteria|p__Firmicutes|c__Clostridia|o__Oscillospirales|f__Oscillospiraceae|g__UCG-005|s__metagenome,1.0
129,k__Bacteria|p__Bacteroidetes|c__Bacteroidia|o__Bacteroidales|f__Bacteroidaceae|g__Bacteroides|s__Bacteroides_stercoris_ATCC_43183,812,k__Bacteria|p__Firmicutes|c__Clostridia|o__Oscillospirales|f__Ruminococcaceae|g__Anaerofilum|s__metagenome,1.0
129,k__Bacteria|p__Bacteroidetes|c__Bacteroidia|o__Bacteroidales|f__Bacteroidaceae|g__Bacteroides|s__Bacteroides_stercoris_ATCC_43183,832,k__Bacteria|p__Firmicutes|c__Clostridia|o__Oscillospirales|f__Ruminococcaceae|g__DTU089|s__None,0.9166666666666666
129,k__Bacteria|p__Bacteroidetes|c__Bacteroidia|o__Bacteroidales|f__Bacteroidaceae|g__Bacteroides|s__Bacteroides_stercoris_ATCC_43183,833,k__Bacteria|p__Firmicutes|c__Clostridia|o__Oscillospirales|f__Ruminococcaceae|g__Faecalibacterium|s__None,0.9166666666666666
129,k__Bacteria|p__Bacteroidetes|c__Bacteroidia|o__Bacteroidales|f__Bacteroidaceae|g__Bacteroides|s__Bacteroides_stercoris_ATCC_43183,839,k__Bacteria|p__Firmicutes|c__Clostridia|o__Oscillospirales|f__Ruminococcaceae|g__Incertae_Sedis|s__metagenome,1.0
129,k__Bacteria|p__Bacteroidetes|c__Bacteroidia|o__Bacteroidales|f__Bacteroidaceae|g__Bacteroides|s__Bacteroides_stercoris_ATCC_43183,841,k__Bacteria|p__Firmicutes|c__Clostridia|o__Oscillospirales|f__Ruminococcaceae|g__Incertae_Sedis|s__None,0.9166666666666666
129,k__Bacteria|p__Bacteroidetes|c__Bacteroidia|o__Bacteroidales|f__Bacteroidaceae|g__Bacteroides|s__Bacteroides_stercoris_ATCC_43183,859,k__Bacteria|p__Firmicutes|c__Clostridia|o__Oscillospirales|f__Ruminococcaceae|g__Ruminococcus|s__None,0.9166666666666666
129,k__Bacteria|p__Bacteroidetes|c__Bacteroidia|o__Bacteroidales|f__Bacteroidaceae|g__Bacteroides|s__Bacteroides_stercoris_ATCC_43183,860,k__Bacteria|p__Firmicutes|c__Clostridia|o__Oscillospirales|f__Ruminococcaceae|g__Subdoligranulum|s__None,0.9166666666666666
129,k__Bacteria|p__Bacteroidetes|c__Bacteroidia|o__Bacteroidales|f__Bacteroidaceae|g__Bacteroides|s__Bacteroides_stercoris_ATCC_43183,863,k__Bacteria|p__Firmicutes|c__Clostridia|o__Oscillospirales|f__Ruminococcaceae|g__UBA1819|s__None,0.9166666666666666
129,k__Bacteria|p__Bacteroidetes|c__Bacteroidia|o__Bacteroidales|f__Bacteroidaceae|g__Bacteroides|s__Bacteroides_stercoris_ATCC_43183,865,k__Bacteria|p__Firmicutes|c__Clostridia|o__Oscillospirales|f__Ruminococcaceae|g__Eubacterium_siraeum_group|s__None,0.9166666666666666
129,k__Bacteria|p__Bacteroidetes|c__Bacteroidia|o__Bacteroidales|f__Bacteroidaceae|g__Bacteroides|s__Bacteroides_stercoris_ATCC_43183,869,k__Bacteria|p__Firmicutes|c__Clostridia|o__Oscillospirales|f__Ruminococcaceae|g__None|s__None,0.8333333333333334
129,k__Bacteria|p__Bacteroidetes|c__Bacteroidia|o__Bacteroidales|f__Bacteroidaceae|g__Bacteroides|s__Bacteroides_stercoris_ATCC_43183,885,k__Bacteria|p__Firmicutes|c__Clostridia|o__Oscillospirales|f__Eubacterium_coprostanoligenes_group|g__None|s__None,0.8333333333333334
129,k__Bacteria|p__Bacteroidetes|c__Bacteroidia|o__Bacteroidales|f__Bacteroidaceae|g__Bacteroides|s__Bacteroides_stercoris_ATCC_43183,905,k__Bacteria|p__Firmicutes|c__Clostridia|o__Peptostreptococcales-Tissierellales|f__Anaerovoracaceae|g__Family_XIII_AD3011_group|s__metagenome,1.0
129,k__Bacteria|p__Bacteroidetes|c__Bacteroidia|o__Bacteroidales|f__Bacteroidaceae|g__Bacteroides|s__Bacteroides_stercoris_ATCC_43183,925,k__Bacteria|p__Firmicutes|c__Clostridia|o__Peptostreptococcales-Tissierellales|f__Anaerovoracaceae|g__None|s__None,0.8333333333333334
129,k__Bacteria|p__Bacteroidetes|c__Bacteroidia|o__Bacteroidales|f__Bacteroidaceae|g__Bacteroides|s__Bacteroides_stercoris_ATCC_43183,943,k__Bacteria|p__Firmicutes|c__Clostridia|o__Peptostreptococcales-Tissierellales|f__Peptostreptococcaceae|g__Intestinibacter|s__None,0.9166666666666666
129,k__Bacteria|p__Bacteroidetes|c__Bacteroidia|o__Bacteroidales|f__Bacteroidaceae|g__Bacteroides|s__Bacteroides_stercoris_ATCC_43183,951,k__Bacteria|p__Firmicutes|c__Clostridia|o__Peptostreptococcales-Tissierellales|f__Peptostreptococcaceae|g__Romboutsia|s__None,0.9166666666666666
129,k__Bacteria|p__Bacteroidetes|c__Bacteroidia|o__Bacteroidales|f__Bacteroidaceae|g__Bacteroides|s__Bacteroides_stercoris_ATCC_43183,956,k__Bacteria|p__Firmicutes|c__Clostridia|o__None|f__None|g__None|s__None,0.6666666666666666
129,k__Bacteria|p__Bacteroidetes|c__Bacteroidia|o__Bacteroidales|f__Bacteroidaceae|g__Bacteroides|s__Bacteroides_stercoris_ATCC_43183,966,k__Bacteria|p__Firmicutes|c__Negativicutes|o__Acidaminococcales|f__Acidaminococcaceae|g__Acidaminococcus|s__None,0.9166666666666666
129,k__Bacteria|p__Bacteroidetes|c__Bacteroidia|o__Bacteroidales|f__Bacteroidaceae|g__Bacteroides|s__Bacteroides_stercoris_ATCC_43183,967,k__Bacteria|p__Firmicutes|c__Negativicutes|o__Acidaminococcales|f__Acidaminococcaceae|g__Phascolarctobacterium|s__None,0.9166666666666666
129,k__Bacteria|p__Bacteroidetes|c__Bacteroidia|o__Bacteroidales|f__Bacteroidaceae|g__Bacteroides|s__Bacteroides_stercoris_ATCC_43183,986,k__Bacteria|p__Firmicutes|c__Negativicutes|o__Veillonellales-Selenomonadales|f__Veillonellaceae|g__Dialister|s__None,0.9166666666666666
129,k__Bacteria|p__Bacteroidetes|c__Bacteroidia|o__Bacteroidales|f__Bacteroidaceae|g__Bacteroides|s__Bacteroides_stercoris_ATCC_43183,992,k__Bacteria|p__Firmicutes|c__Negativicutes|o__Veillonellales-Selenomonadales|f__Veillonellaceae|g__Veillonella|s__None,0.9166666666666666
129,k__Bacteria|p__Bacteroidetes|c__Bacteroidia|o__Bacteroidales|f__Bacteroidaceae|g__Bacteroides|s__Bacteroides_stercoris_ATCC_43183,1055,k__Bacteria|p__Proteobacteria|c__Gammaproteobacteria|o__Burkholderiales|f__Sutterellaceae|g__Parasutterella|s__None,0.9166666666666666
129,k__Bacteria|p__Bacteroidetes|c__Bacteroidia|o__Bacteroidales|f__Bacteroidaceae|g__Bacteroides|s__Bacteroides_stercoris_ATCC_43183,1069,k__Bacteria|p__Proteobacteria|c__Gammaproteobacteria|o__Enterobacterales|f__Enterobacteriaceae|g__Escherichia-Shigella|s__None,0.9166666666666666
129,k__Bacteria|p__Bacteroidetes|c__Bacteroidia|o__Bacteroidales|f__Bacteroidaceae|g__Bacteroides|s__Bacteroides_stercoris_ATCC_43183,1089,k__Bacteria|p__Proteobacteria|c__Gammaproteobacteria|o__Pseudomonadales|f__Pseudomonadaceae|g__Pseudomonas|s__None,0.9166666666666666
129,k__Bacteria|p__Bacteroidetes|c__Bacteroidia|o__Bacteroidales|f__Bacteroidaceae|g__Bacteroides|s__Bacteroides_stercoris_ATCC_43183,1132,k__Bacteria|p__Verrucomicrobiota|c__Verrucomicrobiae|o__Verrucomicrobiales|f__Akkermansiaceae|g__Akkermansia|s__None,0.9166666666666666
129,k__Bacteria|p__Bacteroidetes|c__Bacteroidia|o__Bacteroidales|f__Bacteroidaceae|g__Bacteroides|s__Bacteroides_stercoris_ATCC_43183,1136,k__Bacteria|p__None|c__None|o__None|f__None|g__None|s__None,0.5
130,k__Bacteria|p__Bacteroidetes|c__Bacteroidia|o__Bacteroidales|f__Bacteroidaceae|g__Bacteroides|s__Bacteroides_uniformis,132,k__Bacteria|p__Bacteroidetes|c__Bacteroidia|o__Bacteroidales|f__Bacteroidaceae|g__Bacteroides|s__None,0.08333333333333333
130,k__Bacteria|p__Bacteroidetes|c__Bacteroidia|o__Bacteroidales|f__Bacteroidaceae|g__Bacteroides|s__Bacteroides_uniformis,157,k__Bacteria|p__Bacteroidetes|c__Bacteroidia|o__Bacteroidales|f__Muribaculaceae|g__metagenome|s__None,0.4166666666666667
130,k__Bacteria|p__Bacteroidetes|c__Bacteroidia|o__Bacteroidales|f__Bacteroidaceae|g__Bacteroides|s__Bacteroides_uniformis,200,k__Bacteria|p__Bacteroidetes|c__Bacteroidia|o__Bacteroidales|f__Prevotellaceae|g__Prevotella|s__None,0.4166666666666667
130,k__Bacteria|p__Bacteroidetes|c__Bacteroidia|o__Bacteroidales|f__Bacteroidaceae|g__Bacteroides|s__Bacteroides_uniformis,224,k__Bacteria|p__Bacteroidetes|c__Bacteroidia|o__Bacteroidales|f__Rikenellaceae|g__Alistipes|s__Bacteroidetes_bacterium_Eg28,0.5
130,k__Bacteria|p__Bacteroidetes|c__Bacteroidia|o__Bacteroidales|f__Bacteroidaceae|g__Bacteroides|s__Bacteroides_uniformis,225,k__Bacteria|p__Bacteroidetes|c__Bacteroidia|o__Bacteroidales|f__Rikenellaceae|g__Alistipes|s__Tidjanibacter_massiliensis,0.5
130,k__Bacteria|p__Bacteroidetes|c__Bacteroidia|o__Bacteroidales|f__Bacteroidaceae|g__Bacteroides|s__Bacteroides_uniformis,227,k__Bacteria|p__Bacteroidetes|c__Bacteroidia|o__Bacteroidales|f__Rikenellaceae|g__Alistipes|s__None,0.4166666666666667
130,k__Bacteria|p__Bacteroidetes|c__Bacteroidia|o__Bacteroidales|f__Bacteroidaceae|g__Bacteroides|s__Bacteroides_uniformis,284,k__Bacteria|p__Desulfobacterota|c__Desulfovibrionia|o__Desulfovibrionales|f__Desulfovibrionaceae|g__Bilophila|s__None,0.9166666666666666
130,k__Bacteria|p__Bacteroidetes|c__Bacteroidia|o__Bacteroidales|f__Bacteroidaceae|g__Bacteroides|s__Bacteroides_uniformis,311,k__Bacteria|p__Firmicutes|c__Bacilli|o__Erysipelotrichales|f__Erysipelatoclostridiaceae|g__Erysipelatoclostridium|s__Clostridium_spiroforme_DSM_1552,1.0
130,k__Bacteria|p__Bacteroidetes|c__Bacteroidia|o__Bacteroidales|f__Bacteroidaceae|g__Bacteroides|s__Bacteroides_uniformis,314,k__Bacteria|p__Firmicutes|c__Bacilli|o__Erysipelotrichales|f__Erysipelatoclostridiaceae|g__Erysipelotrichaceae_UCG-003|s__None,0.9166666666666666
130,k__Bacteria|p__Bacteroidetes|c__Bacteroidia|o__Bacteroidales|f__Bacteroidaceae|g__Bacteroides|s__Bacteroides_uniformis,380,k__Bacteria|p__Firmicutes|c__Bacilli|o__Lactobacillales|f__Streptococcaceae|g__Streptococcus|s__None,0.9166666666666666
130,k__Bacteria|p__Bacteroidetes|c__Bacteroidia|o__Bacteroidales|f__Bacteroidaceae|g__Bacteroides|s__Bacteroides_uniformis,411,k__Bacteria|p__Firmicutes|c__Clostridia|o__Christensenellales|f__Christensenellaceae|g__Christensenellaceae_R-7_group|s__None,0.9166666666666666
130,k__Bacteria|p__Bacteroidetes|c__Bacteroidia|o__Bacteroidales|f__Bacteroidaceae|g__Bacteroides|s__Bacteroides_uniformis,421,k__Bacteria|p__Firmicutes|c__Clostridia|o__Christensenellales|f__Christensenellaceae|g__Christensenellaceae_R-7_group|s__uncultured_marine_bacterium,1.0
130,k__Bacteria|p__Bacteroidetes|c__Bacteroidia|o__Bacteroidales|f__Bacteroidaceae|g__Bacteroides|s__Bacteroides_uniformis,426,k__Bacteria|p__Firmicutes|c__Clostridia|o__Clostridia_UCG-014|f__None|g__None|s__None,0.75
130,k__Bacteria|p__Bacteroidetes|c__Bacteroidia|o__Bacteroidales|f__Bacteroidaceae|g__Bacteroides|s__Bacteroides_uniformis,445,k__Bacteria|p__Firmicutes|c__Clostridia|o__Clostridiales|f__Christensenellaceae|g__Christensenella|s__PAC002297,1.0
130,k__Bacteria|p__Bacteroidetes|c__Bacteroidia|o__Bacteroidales|f__Bacteroidaceae|g__Bacteroides|s__Bacteroides_uniformis,501,k__Bacteria|p__Firmicutes|c__Clostridia|o__Clostridiales|f__Lachnospiraceae|g__PAC001201|s__PAC002549,1.0
130,k__Bacteria|p__Bacteroidetes|c__Bacteroidia|o__Bacteroidales|f__Bacteroidaceae|g__Bacteroides|s__Bacteroides_uniformis,534,k__Bacteria|p__Firmicutes|c__Clostridia|o__Clostridiales|f__Ruminococcaceae|g__PAC001144|s__PAC001620,1.0
130,k__Bacteria|p__Bacteroidetes|c__Bacteroidia|o__Bacteroidales|f__Bacteroidaceae|g__Bacteroides|s__Bacteroides_uniformis,562,k__Bacteria|p__Firmicutes|c__Clostridia|o__Eubacteriales|f__Eubacteriaceae|g__Eubacterium|s__None,0.9166666666666666
130,k__Bacteria|p__Bacteroidetes|c__Bacteroidia|o__Bacteroidales|f__Bacteroidaceae|g__Bacteroides|s__Bacteroides_uniformis,577,k__Bacteria|p__Firmicutes|c__Clostridia|o__Lachnospirales|f__Lachnospiraceae|g__Agathobacter|s__None,0.9166666666666666
130,k__Bacteria|p__Bacteroidetes|c__Bacteroidia|o__Bacteroidales|f__Bacteroidaceae|g__Bacteroides|s__Bacteroides_uniformis,588,k__Bacteria|p__Firmicutes|c__Clostridia|o__Lachnospirales|f__Lachnospiraceae|g__Anaerostipes|s__None,0.9166666666666666
130,k__Bacteria|p__Bacteroidetes|c__Bacteroidia|o__Bacteroidales|f__Bacteroidaceae|g__Bacteroides|s__Bacteroides_uniformis,591,k__Bacteria|p__Firmicutes|c__Clostridia|o__Lachnospirales|f__Lachnospiraceae|g__Anaerostipes|s__uncultured_Lachnospiraceae_bacterium,1.0
130,k__Bacteria|p__Bacteroidetes|c__Bacteroidia|o__Bacteroidales|f__Bacteroidaceae|g__Bacteroides|s__Bacteroides_uniformis,594,k__Bacteria|p__Firmicutes|c__Clostridia|o__Lachnospirales|f__Lachnospiraceae|g__Blautia|s__None,0.9166666666666666
130,k__Bacteria|p__Bacteroidetes|c__Bacteroidia|o__Bacteroidales|f__Bacteroidaceae|g__Bacteroides|s__Bacteroides_uniformis,595,k__Bacteria|p__Firmicutes|c__Clostridia|o__Lachnospirales|f__Lachnospiraceae|g__Blautia|s__bacterium_mpn-isolate_group_20,1.0
130,k__Bacteria|p__Bacteroidetes|c__Bacteroidia|o__Bacteroidales|f__Bacteroidaceae|g__Bacteroides|s__Bacteroides_uniformis,597,k__Bacteria|p__Firmicutes|c__Clostridia|o__Lachnospirales|f__Lachnospiraceae|g__Blautia|s__uncultured_Blautia_sp.,1.0
130,k__Bacteria|p__Bacteroidetes|c__Bacteroidia|o__Bacteroidales|f__Bacteroidaceae|g__Bacteroides|s__Bacteroides_uniformis,608,k__Bacteria|p__Firmicutes|c__Clostridia|o__Lachnospirales|f__Lachnospiraceae|g__Coprococcus|s__None,0.9166666666666666
130,k__Bacteria|p__Bacteroidetes|c__Bacteroidia|o__Bacteroidales|f__Bacteroidaceae|g__Bacteroides|s__Bacteroides_uniformis,609,k__Bacteria|p__Firmicutes|c__Clostridia|o__Lachnospirales|f__Lachnospiraceae|g__Coprococcus|s__uncultured_Coprococcus_sp.,1.0
130,k__Bacteria|p__Bacteroidetes|c__Bacteroidia|o__Bacteroidales|f__Bacteroidaceae|g__Bacteroides|s__Bacteroides_uniformis,612,k__Bacteria|p__Firmicutes|c__Clostridia|o__Lachnospirales|f__Lachnospiraceae|g__Eisenbergiella|s__None,0.9166666666666666
130,k__Bacteria|p__Bacteroidetes|c__Bacteroidia|o__Bacteroidales|f__Bacteroidaceae|g__Bacteroides|s__Bacteroides_uniformis,619,k__Bacteria|p__Firmicutes|c__Clostridia|o__Lachnospirales|f__Lachnospiraceae|g__Fusicatenibacter|s__uncultured_Lachnospiraceae_bacterium,1.0
130,k__Bacteria|p__Bacteroidetes|c__Bacteroidia|o__Bacteroidales|f__Bacteroidaceae|g__Bacteroides|s__Bacteroides_uniformis,620,k__Bacteria|p__Firmicutes|c__Clostridia|o__Lachnospirales|f__Lachnospiraceae|g__GCA-900066575|s__None,0.9166666666666666
130,k__Bacteria|p__Bacteroidetes|c__Bacteroidia|o__Bacteroidales|f__Bacteroidaceae|g__Bacteroides|s__Bacteroides_uniformis,628,k__Bacteria|p__Firmicutes|c__Clostridia|o__Lachnospirales|f__Lachnospiraceae|g__Howardella|s__metagenome,1.0
130,k__Bacteria|p__Bacteroidetes|c__Bacteroidia|o__Bacteroidales|f__Bacteroidaceae|g__Bacteroides|s__Bacteroides_uniformis,638,k__Bacteria|p__Firmicutes|c__Clostridia|o__Lachnospirales|f__Lachnospiraceae|g__Lachnoclostridium|s__None,0.9166666666666666
130,k__Bacteria|p__Bacteroidetes|c__Bacteroidia|o__Bacteroidales|f__Bacteroidaceae|g__Bacteroides|s__Bacteroides_uniformis,640,k__Bacteria|p__Firmicutes|c__Clostridia|o__Lachnospirales|f__Lachnospiraceae|g__Lachnoclostridium|s__uncultured_Lachnospiraceae_bacterium,1.0
130,k__Bacteria|p__Bacteroidetes|c__Bacteroidia|o__Bacteroidales|f__Bacteroidaceae|g__Bacteroides|s__Bacteroides_uniformis,641,k__Bacteria|p__Firmicutes|c__Clostridia|o__Lachnospirales|f__Lachnospiraceae|g__Lachnospira|s__None,0.9166666666666666
130,k__Bacteria|p__Bacteroidetes|c__Bacteroidia|o__Bacteroidales|f__Bacteroidaceae|g__Bacteroides|s__Bacteroides_uniformis,649,k__Bacteria|p__Firmicutes|c__Clostridia|o__Lachnospirales|f__Lachnospiraceae|g__Lachnospiraceae_ND3007_group|s__metagenome,1.0
130,k__Bacteria|p__Bacteroidetes|c__Bacteroidia|o__Bacteroidales|f__Bacteroidaceae|g__Bacteroides|s__Bacteroides_uniformis,658,k__Bacteria|p__Firmicutes|c__Clostridia|o__Lachnospirales|f__Lachnospiraceae|g__Lachnospiraceae_NK4A136_group|s__uncultured_bacterium_Adhufec49.25,1.0
130,k__Bacteria|p__Bacteroidetes|c__Bacteroidia|o__Bacteroidales|f__Bacteroidaceae|g__Bacteroides|s__Bacteroides_uniformis,662,k__Bacteria|p__Firmicutes|c__Clostridia|o__Lachnospirales|f__Lachnospiraceae|g__Lachnospiraceae_UCG-001|s__metagenome,1.0
130,k__Bacteria|p__Bacteroidetes|c__Bacteroidia|o__Bacteroidales|f__Bacteroidaceae|g__Bacteroides|s__Bacteroides_uniformis,675,k__Bacteria|p__Firmicutes|c__Clostridia|o__Lachnospirales|f__Lachnospiraceae|g__Lachnospiraceae_UCG-010|s__None,0.9166666666666666
130,k__Bacteria|p__Bacteroidetes|c__Bacteroidia|o__Bacteroidales|f__Bacteroidaceae|g__Bacteroides|s__Bacteroides_uniformis,694,k__Bacteria|p__Firmicutes|c__Clostridia|o__Lachnospirales|f__Lachnospiraceae|g__Roseburia|s__None,0.9166666666666666
130,k__Bacteria|p__Bacteroidetes|c__Bacteroidia|o__Bacteroidales|f__Bacteroidaceae|g__Bacteroides|s__Bacteroides_uniformis,695,k__Bacteria|p__Firmicutes|c__Clostridia|o__Lachnospirales|f__Lachnospiraceae|g__Roseburia|s__gut_metagenome,1.0
130,k__Bacteria|p__Bacteroidetes|c__Bacteroidia|o__Bacteroidales|f__Bacteroidaceae|g__Bacteroides|s__Bacteroides_uniformis,705,k__Bacteria|p__Firmicutes|c__Clostridia|o__Lachnospirales|f__Lachnospiraceae|g__Tuzzerella|s__None,0.9166666666666666
130,k__Bacteria|p__Bacteroidetes|c__Bacteroidia|o__Bacteroidales|f__Bacteroidaceae|g__Bacteroides|s__Bacteroides_uniformis,709,k__Bacteria|p__Firmicutes|c__Clostridia|o__Lachnospirales|f__Lachnospiraceae|g__UC5-1-2E3|s__uncultured_organism,1.0
130,k__Bacteria|p__Bacteroidetes|c__Bacteroidia|o__Bacteroidales|f__Bacteroidaceae|g__Bacteroides|s__Bacteroides_uniformis,711,k__Bacteria|p__Firmicutes|c__Clostridia|o__Lachnospirales|f__Lachnospiraceae|g__Eubacterium_eligens_group|s__None,0.9166666666666666
130,k__Bacteria|p__Bacteroidetes|c__Bacteroidia|o__Bacteroidales|f__Bacteroidaceae|g__Bacteroides|s__Bacteroides_uniformis,712,k__Bacteria|p__Firmicutes|c__Clostridia|o__Lachnospirales|f__Lachnospiraceae|g__Eubacterium_fissicatena_group|s__None,0.9166666666666666
130,k__Bacteria|p__Bacteroidetes|c__Bacteroidia|o__Bacteroidales|f__Bacteroidaceae|g__Bacteroides|s__Bacteroides_uniformis,717,k__Bacteria|p__Firmicutes|c__Clostridia|o__Lachnospirales|f__Lachnospiraceae|g__Eubacterium_hallii_group|s__None,0.9166666666666666
130,k__Bacteria|p__Bacteroidetes|c__Bacteroidia|o__Bacteroidales|f__Bacteroidaceae|g__Bacteroides|s__Bacteroides_uniformis,722,k__Bacteria|p__Firmicutes|c__Clostridia|o__Lachnospirales|f__Lachnospiraceae|g__Eubacterium_ventriosum_group|s__uncultured_organism,1.0
130,k__Bacteria|p__Bacteroidetes|c__Bacteroidia|o__Bacteroidales|f__Bacteroidaceae|g__Bacteroides|s__Bacteroides_uniformis,724,k__Bacteria|p__Firmicutes|c__Clostridia|o__Lachnospirales|f__Lachnospiraceae|g__Eubacterium_xylanophilum_group|s__None,0.9166666666666666
130,k__Bacteria|p__Bacteroidetes|c__Bacteroidia|o__Bacteroidales|f__Bacteroidaceae|g__Bacteroides|s__Bacteroides_uniformis,730,k__Bacteria|p__Firmicutes|c__Clostridia|o__Lachnospirales|f__Lachnospiraceae|g__Ruminococcus_torques_group|s__None,0.9166666666666666
130,k__Bacteria|p__Bacteroidetes|c__Bacteroidia|o__Bacteroidales|f__Bacteroidaceae|g__Bacteroides|s__Bacteroides_uniformis,732,k__Bacteria|p__Firmicutes|c__Clostridia|o__Lachnospirales|f__Lachnospiraceae|g__None|s__None,0.8333333333333334
130,k__Bacteria|p__Bacteroidetes|c__Bacteroidia|o__Bacteroidales|f__Bacteroidaceae|g__Bacteroides|s__Bacteroides_uniformis,733,k__Bacteria|p__Firmicutes|c__Clostridia|o__Lachnospirales|f__Lachnospiraceae|g__uncultured|s__None,0.9166666666666666
130,k__Bacteria|p__Bacteroidetes|c__Bacteroidia|o__Bacteroidales|f__Bacteroidaceae|g__Bacteroides|s__Bacteroides_uniformis,739,k__Bacteria|p__Firmicutes|c__Clostridia|o__Monoglobales|f__Monoglobaceae|g__Monoglobus|s__None,0.9166666666666666
130,k__Bacteria|p__Bacteroidetes|c__Bacteroidia|o__Bacteroidales|f__Bacteroidaceae|g__Bacteroides|s__Bacteroides_uniformis,759,k__Bacteria|p__Firmicutes|c__Clostridia|o__Oscillospirales|f__Oscillospiraceae|g__Colidextribacter|s__None,0.9166666666666666
130,k__Bacteria|p__Bacteroidetes|c__Bacteroidia|o__Bacteroidales|f__Bacteroidaceae|g__Bacteroides|s__Bacteroides_uniformis,767,k__Bacteria|p__Firmicutes|c__Clostridia|o__Oscillospirales|f__Oscillospiraceae|g__Flavonifractor|s__None,0.9166666666666666
130,k__Bacteria|p__Bacteroidetes|c__Bacteroidia|o__Bacteroidales|f__Bacteroidaceae|g__Bacteroides|s__Bacteroides_uniformis,769,k__Bacteria|p__Firmicutes|c__Clostridia|o__Oscillospirales|f__Oscillospiraceae|g__Intestinimonas|s__None,0.9166666666666666
130,k__Bacteria|p__Bacteroidetes|c__Bacteroidia|o__Bacteroidales|f__Bacteroidaceae|g__Bacteroides|s__Bacteroides_uniformis,770,k__Bacteria|p__Firmicutes|c__Clostridia|o__Oscillospirales|f__Oscillospiraceae|g__Intestinimonas|s__bacterium_P1C2,1.0
130,k__Bacteria|p__Bacteroidetes|c__Bacteroidia|o__Bacteroidales|f__Bacteroidaceae|g__Bacteroides|s__Bacteroides_uniformis,779,k__Bacteria|p__Firmicutes|c__Clostridia|o__Oscillospirales|f__Oscillospiraceae|g__Oscillibacter|s__None,0.9166666666666666
130,k__Bacteria|p__Bacteroidetes|c__Bacteroidia|o__Bacteroidales|f__Bacteroidaceae|g__Bacteroides|s__Bacteroides_uniformis,780,k__Bacteria|p__Firmicutes|c__Clostridia|o__Oscillospirales|f__Oscillospiraceae|g__Oscillibacter|s__metagenome,1.0
130,k__Bacteria|p__Bacteroidetes|c__Bacteroidia|o__Bacteroidales|f__Bacteroidaceae|g__Bacteroides|s__Bacteroides_uniformis,790,k__Bacteria|p__Firmicutes|c__Clostridia|o__Oscillospirales|f__Oscillospiraceae|g__UCG-002|s__None,0.9166666666666666
130,k__Bacteria|p__Bacteroidetes|c__Bacteroidia|o__Bacteroidales|f__Bacteroidaceae|g__Bacteroides|s__Bacteroides_uniformis,791,k__Bacteria|p__Firmicutes|c__Clostridia|o__Oscillospirales|f__Oscillospiraceae|g__UCG-003|s__None,0.9166666666666666
130,k__Bacteria|p__Bacteroidetes|c__Bacteroidia|o__Bacteroidales|f__Bacteroidaceae|g__Bacteroides|s__Bacteroides_uniformis,794,k__Bacteria|p__Firmicutes|c__Clostridia|o__Oscillospirales|f__Oscillospiraceae|g__UCG-005|s__metagenome,1.0
130,k__Bacteria|p__Bacteroidetes|c__Bacteroidia|o__Bacteroidales|f__Bacteroidaceae|g__Bacteroides|s__Bacteroides_uniformis,812,k__Bacteria|p__Firmicutes|c__Clostridia|o__Oscillospirales|f__Ruminococcaceae|g__Anaerofilum|s__metagenome,1.0
130,k__Bacteria|p__Bacteroidetes|c__Bacteroidia|o__Bacteroidales|f__Bacteroidaceae|g__Bacteroides|s__Bacteroides_uniformis,832,k__Bacteria|p__Firmicutes|c__Clostridia|o__Oscillospirales|f__Ruminococcaceae|g__DTU089|s__None,0.9166666666666666
130,k__Bacteria|p__Bacteroidetes|c__Bacteroidia|o__Bacteroidales|f__Bacteroidaceae|g__Bacteroides|s__Bacteroides_uniformis,833,k__Bacteria|p__Firmicutes|c__Clostridia|o__Oscillospirales|f__Ruminococcaceae|g__Faecalibacterium|s__None,0.9166666666666666
130,k__Bacteria|p__Bacteroidetes|c__Bacteroidia|o__Bacteroidales|f__Bacteroidaceae|g__Bacteroides|s__Bacteroides_uniformis,839,k__Bacteria|p__Firmicutes|c__Clostridia|o__Oscillospirales|f__Ruminococcaceae|g__Incertae_Sedis|s__metagenome,1.0
130,k__Bacteria|p__Bacteroidetes|c__Bacteroidia|o__Bacteroidales|f__Bacteroidaceae|g__Bacteroides|s__Bacteroides_uniformis,841,k__Bacteria|p__Firmicutes|c__Clostridia|o__Oscillospirales|f__Ruminococcaceae|g__Incertae_Sedis|s__None,0.9166666666666666
130,k__Bacteria|p__Bacteroidetes|c__Bacteroidia|o__Bacteroidales|f__Bacteroidaceae|g__Bacteroides|s__Bacteroides_uniformis,859,k__Bacteria|p__Firmicutes|c__Clostridia|o__Oscillospirales|f__Ruminococcaceae|g__Ruminococcus|s__None,0.9166666666666666
130,k__Bacteria|p__Bacteroidetes|c__Bacteroidia|o__Bacteroidales|f__Bacteroidaceae|g__Bacteroides|s__Bacteroides_uniformis,860,k__Bacteria|p__Firmicutes|c__Clostridia|o__Oscillospirales|f__Ruminococcaceae|g__Subdoligranulum|s__None,0.9166666666666666
130,k__Bacteria|p__Bacteroidetes|c__Bacteroidia|o__Bacteroidales|f__Bacteroidaceae|g__Bacteroides|s__Bacteroides_uniformis,863,k__Bacteria|p__Firmicutes|c__Clostridia|o__Oscillospirales|f__Ruminococcaceae|g__UBA1819|s__None,0.9166666666666666
130,k__Bacteria|p__Bacteroidetes|c__Bacteroidia|o__Bacteroidales|f__Bacteroidaceae|g__Bacteroides|s__Bacteroides_uniformis,865,k__Bacteria|p__Firmicutes|c__Clostridia|o__Oscillospirales|f__Ruminococcaceae|g__Eubacterium_siraeum_group|s__None,0.9166666666666666
130,k__Bacteria|p__Bacteroidetes|c__Bacteroidia|o__Bacteroidales|f__Bacteroidaceae|g__Bacteroides|s__Bacteroides_uniformis,869,k__Bacteria|p__Firmicutes|c__Clostridia|o__Oscillospirales|f__Ruminococcaceae|g__None|s__None,0.8333333333333334
130,k__Bacteria|p__Bacteroidetes|c__Bacteroidia|o__Bacteroidales|f__Bacteroidaceae|g__Bacteroides|s__Bacteroides_uniformis,885,k__Bacteria|p__Firmicutes|c__Clostridia|o__Oscillospirales|f__Eubacterium_coprostanoligenes_group|g__None|s__None,0.8333333333333334
130,k__Bacteria|p__Bacteroidetes|c__Bacteroidia|o__Bacteroidales|f__Bacteroidaceae|g__Bacteroides|s__Bacteroides_uniformis,905,k__Bacteria|p__Firmicutes|c__Clostridia|o__Peptostreptococcales-Tissierellales|f__Anaerovoracaceae|g__Family_XIII_AD3011_group|s__metagenome,1.0
130,k__Bacteria|p__Bacteroidetes|c__Bacteroidia|o__Bacteroidales|f__Bacteroidaceae|g__Bacteroides|s__Bacteroides_uniformis,925,k__Bacteria|p__Firmicutes|c__Clostridia|o__Peptostreptococcales-Tissierellales|f__Anaerovoracaceae|g__None|s__None,0.8333333333333334
130,k__Bacteria|p__Bacteroidetes|c__Bacteroidia|o__Bacteroidales|f__Bacteroidaceae|g__Bacteroides|s__Bacteroides_uniformis,943,k__Bacteria|p__Firmicutes|c__Clostridia|o__Peptostreptococcales-Tissierellales|f__Peptostreptococcaceae|g__Intestinibacter|s__None,0.9166666666666666
130,k__Bacteria|p__Bacteroidetes|c__Bacteroidia|o__Bacteroidales|f__Bacteroidaceae|g__Bacteroides|s__Bacteroides_uniformis,951,k__Bacteria|p__Firmicutes|c__Clostridia|o__Peptostreptococcales-Tissierellales|f__Peptostreptococcaceae|g__Romboutsia|s__None,0.9166666666666666
130,k__Bacteria|p__Bacteroidetes|c__Bacteroidia|o__Bacteroidales|f__Bacteroidaceae|g__Bacteroides|s__Bacteroides_uniformis,956,k__Bacteria|p__Firmicutes|c__Clostridia|o__None|f__None|g__None|s__None,0.6666666666666666
130,k__Bacteria|p__Bacteroidetes|c__Bacteroidia|o__Bacteroidales|f__Bacteroidaceae|g__Bacteroides|s__Bacteroides_uniformis,966,k__Bacteria|p__Firmicutes|c__Negativicutes|o__Acidaminococcales|f__Acidaminococcaceae|g__Acidaminococcus|s__None,0.9166666666666666
130,k__Bacteria|p__Bacteroidetes|c__Bacteroidia|o__Bacteroidales|f__Bacteroidaceae|g__Bacteroides|s__Bacteroides_uniformis,967,k__Bacteria|p__Firmicutes|c__Negativicutes|o__Acidaminococcales|f__Acidaminococcaceae|g__Phascolarctobacterium|s__None,0.9166666666666666
130,k__Bacteria|p__Bacteroidetes|c__Bacteroidia|o__Bacteroidales|f__Bacteroidaceae|g__Bacteroides|s__Bacteroides_uniformis,986,k__Bacteria|p__Firmicutes|c__Negativicutes|o__Veillonellales-Selenomonadales|f__Veillonellaceae|g__Dialister|s__None,0.9166666666666666
130,k__Bacteria|p__Bacteroidetes|c__Bacteroidia|o__Bacteroidales|f__Bacteroidaceae|g__Bacteroides|s__Bacteroides_uniformis,992,k__Bacteria|p__Firmicutes|c__Negativicutes|o__Veillonellales-Selenomonadales|f__Veillonellaceae|g__Veillonella|s__None,0.9166666666666666
130,k__Bacteria|p__Bacteroidetes|c__Bacteroidia|o__Bacteroidales|f__Bacteroidaceae|g__Bacteroides|s__Bacteroides_uniformis,1055,k__Bacteria|p__Proteobacteria|c__Gammaproteobacteria|o__Burkholderiales|f__Sutterellaceae|g__Parasutterella|s__None,0.9166666666666666
130,k__Bacteria|p__Bacteroidetes|c__Bacteroidia|o__Bacteroidales|f__Bacteroidaceae|g__Bacteroides|s__Bacteroides_uniformis,1069,k__Bacteria|p__Proteobacteria|c__Gammaproteobacteria|o__Enterobacterales|f__Enterobacteriaceae|g__Escherichia-Shigella|s__None,0.9166666666666666
130,k__Bacteria|p__Bacteroidetes|c__Bacteroidia|o__Bacteroidales|f__Bacteroidaceae|g__Bacteroides|s__Bacteroides_uniformis,1089,k__Bacteria|p__Proteobacteria|c__Gammaproteobacteria|o__Pseudomonadales|f__Pseudomonadaceae|g__Pseudomonas|s__None,0.9166666666666666
130,k__Bacteria|p__Bacteroidetes|c__Bacteroidia|o__Bacteroidales|f__Bacteroidaceae|g__Bacteroides|s__Bacteroides_uniformis,1132,k__Bacteria|p__Verrucomicrobiota|c__Verrucomicrobiae|o__Verrucomicrobiales|f__Akkermansiaceae|g__Akkermansia|s__None,0.9166666666666666
130,k__Bacteria|p__Bacteroidetes|c__Bacteroidia|o__Bacteroidales|f__Bacteroidaceae|g__Bacteroides|s__Bacteroides_uniformis,1136,k__Bacteria|p__None|c__None|o__None|f__None|g__None|s__None,0.5
132,k__Bacteria|p__Bacteroidetes|c__Bacteroidia|o__Bacteroidales|f__Bacteroidaceae|g__Bacteroides|s__None,157,k__Bacteria|p__Bacteroidetes|c__Bacteroidia|o__Bacteroidales|f__Muribaculaceae|g__metagenome|s__None,0.3333333333333333
132,k__Bacteria|p__Bacteroidetes|c__Bacteroidia|o__Bacteroidales|f__Bacteroidaceae|g__Bacteroides|s__None,200,k__Bacteria|p__Bacteroidetes|c__Bacteroidia|o__Bacteroidales|f__Prevotellaceae|g__Prevotella|s__None,0.3333333333333333
132,k__Bacteria|p__Bacteroidetes|c__Bacteroidia|o__Bacteroidales|f__Bacteroidaceae|g__Bacteroides|s__None,224,k__Bacteria|p__Bacteroidetes|c__Bacteroidia|o__Bacteroidales|f__Rikenellaceae|g__Alistipes|s__Bacteroidetes_bacterium_Eg28,0.4166666666666667
132,k__Bacteria|p__Bacteroidetes|c__Bacteroidia|o__Bacteroidales|f__Bacteroidaceae|g__Bacteroides|s__None,225,k__Bacteria|p__Bacteroidetes|c__Bacteroidia|o__Bacteroidales|f__Rikenellaceae|g__Alistipes|s__Tidjanibacter_massiliensis,0.4166666666666667
132,k__Bacteria|p__Bacteroidetes|c__Bacteroidia|o__Bacteroidales|f__Bacteroidaceae|g__Bacteroides|s__None,227,k__Bacteria|p__Bacteroidetes|c__Bacteroidia|o__Bacteroidales|f__Rikenellaceae|g__Alistipes|s__None,0.3333333333333333
132,k__Bacteria|p__Bacteroidetes|c__Bacteroidia|o__Bacteroidales|f__Bacteroidaceae|g__Bacteroides|s__None,284,k__Bacteria|p__Desulfobacterota|c__Desulfovibrionia|o__Desulfovibrionales|f__Desulfovibrionaceae|g__Bilophila|s__None,0.8333333333333334
132,k__Bacteria|p__Bacteroidetes|c__Bacteroidia|o__Bacteroidales|f__Bacteroidaceae|g__Bacteroides|s__None,311,k__Bacteria|p__Firmicutes|c__Bacilli|o__Erysipelotrichales|f__Erysipelatoclostridiaceae|g__Erysipelatoclostridium|s__Clostridium_spiroforme_DSM_1552,0.9166666666666666
132,k__Bacteria|p__Bacteroidetes|c__Bacteroidia|o__Bacteroidales|f__Bacteroidaceae|g__Bacteroides|s__None,314,k__Bacteria|p__Firmicutes|c__Bacilli|o__Erysipelotrichales|f__Erysipelatoclostridiaceae|g__Erysipelotrichaceae_UCG-003|s__None,0.8333333333333334
132,k__Bacteria|p__Bacteroidetes|c__Bacteroidia|o__Bacteroidales|f__Bacteroidaceae|g__Bacteroides|s__None,380,k__Bacteria|p__Firmicutes|c__Bacilli|o__Lactobacillales|f__Streptococcaceae|g__Streptococcus|s__None,0.8333333333333334
132,k__Bacteria|p__Bacteroidetes|c__Bacteroidia|o__Bacteroidales|f__Bacteroidaceae|g__Bacteroides|s__None,411,k__Bacteria|p__Firmicutes|c__Clostridia|o__Christensenellales|f__Christensenellaceae|g__Christensenellaceae_R-7_group|s__None,0.8333333333333334
132,k__Bacteria|p__Bacteroidetes|c__Bacteroidia|o__Bacteroidales|f__Bacteroidaceae|g__Bacteroides|s__None,421,k__Bacteria|p__Firmicutes|c__Clostridia|o__Christensenellales|f__Christensenellaceae|g__Christensenellaceae_R-7_group|s__uncultured_marine_bacterium,0.9166666666666666
132,k__Bacteria|p__Bacteroidetes|c__Bacteroidia|o__Bacteroidales|f__Bacteroidaceae|g__Bacteroides|s__None,426,k__Bacteria|p__Firmicutes|c__Clostridia|o__Clostridia_UCG-014|f__None|g__None|s__None,0.6666666666666666
132,k__Bacteria|p__Bacteroidetes|c__Bacteroidia|o__Bacteroidales|f__Bacteroidaceae|g__Bacteroides|s__None,445,k__Bacteria|p__Firmicutes|c__Clostridia|o__Clostridiales|f__Christensenellaceae|g__Christensenella|s__PAC002297,0.9166666666666666
132,k__Bacteria|p__Bacteroidetes|c__Bacteroidia|o__Bacteroidales|f__Bacteroidaceae|g__Bacteroides|s__None,501,k__Bacteria|p__Firmicutes|c__Clostridia|o__Clostridiales|f__Lachnospiraceae|g__PAC001201|s__PAC002549,0.9166666666666666
132,k__Bacteria|p__Bacteroidetes|c__Bacteroidia|o__Bacteroidales|f__Bacteroidaceae|g__Bacteroides|s__None,534,k__Bacteria|p__Firmicutes|c__Clostridia|o__Clostridiales|f__Ruminococcaceae|g__PAC001144|s__PAC001620,0.9166666666666666
132,k__Bacteria|p__Bacteroidetes|c__Bacteroidia|o__Bacteroidales|f__Bacteroidaceae|g__Bacteroides|s__None,562,k__Bacteria|p__Firmicutes|c__Clostridia|o__Eubacteriales|f__Eubacteriaceae|g__Eubacterium|s__None,0.8333333333333334
132,k__Bacteria|p__Bacteroidetes|c__Bacteroidia|o__Bacteroidales|f__Bacteroidaceae|g__Bacteroides|s__None,577,k__Bacteria|p__Firmicutes|c__Clostridia|o__Lachnospirales|f__Lachnospiraceae|g__Agathobacter|s__None,0.8333333333333334
132,k__Bacteria|p__Bacteroidetes|c__Bacteroidia|o__Bacteroidales|f__Bacteroidaceae|g__Bacteroides|s__None,588,k__Bacteria|p__Firmicutes|c__Clostridia|o__Lachnospirales|f__Lachnospiraceae|g__Anaerostipes|s__None,0.8333333333333334
132,k__Bacteria|p__Bacteroidetes|c__Bacteroidia|o__Bacteroidales|f__Bacteroidaceae|g__Bacteroides|s__None,591,k__Bacteria|p__Firmicutes|c__Clostridia|o__Lachnospirales|f__Lachnospiraceae|g__Anaerostipes|s__uncultured_Lachnospiraceae_bacterium,0.9166666666666666
132,k__Bacteria|p__Bacteroidetes|c__Bacteroidia|o__Bacteroidales|f__Bacteroidaceae|g__Bacteroides|s__None,594,k__Bacteria|p__Firmicutes|c__Clostridia|o__Lachnospirales|f__Lachnospiraceae|g__Blautia|s__None,0.8333333333333334
132,k__Bacteria|p__Bacteroidetes|c__Bacteroidia|o__Bacteroidales|f__Bacteroidaceae|g__Bacteroides|s__None,595,k__Bacteria|p__Firmicutes|c__Clostridia|o__Lachnospirales|f__Lachnospiraceae|g__Blautia|s__bacterium_mpn-isolate_group_20,0.9166666666666666
132,k__Bacteria|p__Bacteroidetes|c__Bacteroidia|o__Bacteroidales|f__Bacteroidaceae|g__Bacteroides|s__None,597,k__Bacteria|p__Firmicutes|c__Clostridia|o__Lachnospirales|f__Lachnospiraceae|g__Blautia|s__uncultured_Blautia_sp.,0.9166666666666666
132,k__Bacteria|p__Bacteroidetes|c__Bacteroidia|o__Bacteroidales|f__Bacteroidaceae|g__Bacteroides|s__None,608,k__Bacteria|p__Firmicutes|c__Clostridia|o__Lachnospirales|f__Lachnospiraceae|g__Coprococcus|s__None,0.8333333333333334
132,k__Bacteria|p__Bacteroidetes|c__Bacteroidia|o__Bacteroidales|f__Bacteroidaceae|g__Bacteroides|s__None,609,k__Bacteria|p__Firmicutes|c__Clostridia|o__Lachnospirales|f__Lachnospiraceae|g__Coprococcus|s__uncultured_Coprococcus_sp.,0.9166666666666666
132,k__Bacteria|p__Bacteroidetes|c__Bacteroidia|o__Bacteroidales|f__Bacteroidaceae|g__Bacteroides|s__None,612,k__Bacteria|p__Firmicutes|c__Clostridia|o__Lachnospirales|f__Lachnospiraceae|g__Eisenbergiella|s__None,0.8333333333333334
132,k__Bacteria|p__Bacteroidetes|c__Bacteroidia|o__Bacteroidales|f__Bacteroidaceae|g__Bacteroides|s__None,619,k__Bacteria|p__Firmicutes|c__Clostridia|o__Lachnospirales|f__Lachnospiraceae|g__Fusicatenibacter|s__uncultured_Lachnospiraceae_bacterium,0.9166666666666666
132,k__Bacteria|p__Bacteroidetes|c__Bacteroidia|o__Bacteroidales|f__Bacteroidaceae|g__Bacteroides|s__None,620,k__Bacteria|p__Firmicutes|c__Clostridia|o__Lachnospirales|f__Lachnospiraceae|g__GCA-900066575|s__None,0.8333333333333334
132,k__Bacteria|p__Bacteroidetes|c__Bacteroidia|o__Bacteroidales|f__Bacteroidaceae|g__Bacteroides|s__None,628,k__Bacteria|p__Firmicutes|c__Clostridia|o__Lachnospirales|f__Lachnospiraceae|g__Howardella|s__metagenome,0.9166666666666666
132,k__Bacteria|p__Bacteroidetes|c__Bacteroidia|o__Bacteroidales|f__Bacteroidaceae|g__Bacteroides|s__None,638,k__Bacteria|p__Firmicutes|c__Clostridia|o__Lachnospirales|f__Lachnospiraceae|g__Lachnoclostridium|s__None,0.8333333333333334
132,k__Bacteria|p__Bacteroidetes|c__Bacteroidia|o__Bacteroidales|f__Bacteroidaceae|g__Bacteroides|s__None,640,k__Bacteria|p__Firmicutes|c__Clostridia|o__Lachnospirales|f__Lachnospiraceae|g__Lachnoclostridium|s__uncultured_Lachnospiraceae_bacterium,0.9166666666666666
132,k__Bacteria|p__Bacteroidetes|c__Bacteroidia|o__Bacteroidales|f__Bacteroidaceae|g__Bacteroides|s__None,641,k__Bacteria|p__Firmicutes|c__Clostridia|o__Lachnospirales|f__Lachnospiraceae|g__Lachnospira|s__None,0.8333333333333334
132,k__Bacteria|p__Bacteroidetes|c__Bacteroidia|o__Bacteroidales|f__Bacteroidaceae|g__Bacteroides|s__None,649,k__Bacteria|p__Firmicutes|c__Clostridia|o__Lachnospirales|f__Lachnospiraceae|g__Lachnospiraceae_ND3007_group|s__metagenome,0.9166666666666666
132,k__Bacteria|p__Bacteroidetes|c__Bacteroidia|o__Bacteroidales|f__Bacteroidaceae|g__Bacteroides|s__None,658,k__Bacteria|p__Firmicutes|c__Clostridia|o__Lachnospirales|f__Lachnospiraceae|g__Lachnospiraceae_NK4A136_group|s__uncultured_bacterium_Adhufec49.25,0.9166666666666666
132,k__Bacteria|p__Bacteroidetes|c__Bacteroidia|o__Bacteroidales|f__Bacteroidaceae|g__Bacteroides|s__None,662,k__Bacteria|p__Firmicutes|c__Clostridia|o__Lachnospirales|f__Lachnospiraceae|g__Lachnospiraceae_UCG-001|s__metagenome,0.9166666666666666
132,k__Bacteria|p__Bacteroidetes|c__Bacteroidia|o__Bacteroidales|f__Bacteroidaceae|g__Bacteroides|s__None,675,k__Bacteria|p__Firmicutes|c__Clostridia|o__Lachnospirales|f__Lachnospiraceae|g__Lachnospiraceae_UCG-010|s__None,0.8333333333333334
132,k__Bacteria|p__Bacteroidetes|c__Bacteroidia|o__Bacteroidales|f__Bacteroidaceae|g__Bacteroides|s__None,694,k__Bacteria|p__Firmicutes|c__Clostridia|o__Lachnospirales|f__Lachnospiraceae|g__Roseburia|s__None,0.8333333333333334
132,k__Bacteria|p__Bacteroidetes|c__Bacteroidia|o__Bacteroidales|f__Bacteroidaceae|g__Bacteroides|s__None,695,k__Bacteria|p__Firmicutes|c__Clostridia|o__Lachnospirales|f__Lachnospiraceae|g__Roseburia|s__gut_metagenome,0.9166666666666666
132,k__Bacteria|p__Bacteroidetes|c__Bacteroidia|o__Bacteroidales|f__Bacteroidaceae|g__Bacteroides|s__None,705,k__Bacteria|p__Firmicutes|c__Clostridia|o__Lachnospirales|f__Lachnospiraceae|g__Tuzzerella|s__None,0.8333333333333334
132,k__Bacteria|p__Bacteroidetes|c__Bacteroidia|o__Bacteroidales|f__Bacteroidaceae|g__Bacteroides|s__None,709,k__Bacteria|p__Firmicutes|c__Clostridia|o__Lachnospirales|f__Lachnospiraceae|g__UC5-1-2E3|s__uncultured_organism,0.9166666666666666
132,k__Bacteria|p__Bacteroidetes|c__Bacteroidia|o__Bacteroidales|f__Bacteroidaceae|g__Bacteroides|s__None,711,k__Bacteria|p__Firmicutes|c__Clostridia|o__Lachnospirales|f__Lachnospiraceae|g__Eubacterium_eligens_group|s__None,0.8333333333333334
132,k__Bacteria|p__Bacteroidetes|c__Bacteroidia|o__Bacteroidales|f__Bacteroidaceae|g__Bacteroides|s__None,712,k__Bacteria|p__Firmicutes|c__Clostridia|o__Lachnospirales|f__Lachnospiraceae|g__Eubacterium_fissicatena_group|s__None,0.8333333333333334
132,k__Bacteria|p__Bacteroidetes|c__Bacteroidia|o__Bacteroidales|f__Bacteroidaceae|g__Bacteroides|s__None,717,k__Bacteria|p__Firmicutes|c__Clostridia|o__Lachnospirales|f__Lachnospiraceae|g__Eubacterium_hallii_group|s__None,0.8333333333333334
132,k__Bacteria|p__Bacteroidetes|c__Bacteroidia|o__Bacteroidales|f__Bacteroidaceae|g__Bacteroides|s__None,722,k__Bacteria|p__Firmicutes|c__Clostridia|o__Lachnospirales|f__Lachnospiraceae|g__Eubacterium_ventriosum_group|s__uncultured_organism,0.9166666666666666
132,k__Bacteria|p__Bacteroidetes|c__Bacteroidia|o__Bacteroidales|f__Bacteroidaceae|g__Bacteroides|s__None,724,k__Bacteria|p__Firmicutes|c__Clostridia|o__Lachnospirales|f__Lachnospiraceae|g__Eubacterium_xylanophilum_group|s__None,0.8333333333333334
132,k__Bacteria|p__Bacteroidetes|c__Bacteroidia|o__Bacteroidales|f__Bacteroidaceae|g__Bacteroides|s__None,730,k__Bacteria|p__Firmicutes|c__Clostridia|o__Lachnospirales|f__Lachnospiraceae|g__Ruminococcus_torques_group|s__None,0.8333333333333334
132,k__Bacteria|p__Bacteroidetes|c__Bacteroidia|o__Bacteroidales|f__Bacteroidaceae|g__Bacteroides|s__None,732,k__Bacteria|p__Firmicutes|c__Clostridia|o__Lachnospirales|f__Lachnospiraceae|g__None|s__None,0.75
132,k__Bacteria|p__Bacteroidetes|c__Bacteroidia|o__Bacteroidales|f__Bacteroidaceae|g__Bacteroides|s__None,733,k__Bacteria|p__Firmicutes|c__Clostridia|o__Lachnospirales|f__Lachnospiraceae|g__uncultured|s__None,0.8333333333333334
132,k__Bacteria|p__Bacteroidetes|c__Bacteroidia|o__Bacteroidales|f__Bacteroidaceae|g__Bacteroides|s__None,739,k__Bacteria|p__Firmicutes|c__Clostridia|o__Monoglobales|f__Monoglobaceae|g__Monoglobus|s__None,0.8333333333333334
132,k__Bacteria|p__Bacteroidetes|c__Bacteroidia|o__Bacteroidales|f__Bacteroidaceae|g__Bacteroides|s__None,759,k__Bacteria|p__Firmicutes|c__Clostridia|o__Oscillospirales|f__Oscillospiraceae|g__Colidextribacter|s__None,0.8333333333333334
132,k__Bacteria|p__Bacteroidetes|c__Bacteroidia|o__Bacteroidales|f__Bacteroidaceae|g__Bacteroides|s__None,767,k__Bacteria|p__Firmicutes|c__Clostridia|o__Oscillospirales|f__Oscillospiraceae|g__Flavonifractor|s__None,0.8333333333333334
132,k__Bacteria|p__Bacteroidetes|c__Bacteroidia|o__Bacteroidales|f__Bacteroidaceae|g__Bacteroides|s__None,769,k__Bacteria|p__Firmicutes|c__Clostridia|o__Oscillospirales|f__Oscillospiraceae|g__Intestinimonas|s__None,0.8333333333333334
132,k__Bacteria|p__Bacteroidetes|c__Bacteroidia|o__Bacteroidales|f__Bacteroidaceae|g__Bacteroides|s__None,770,k__Bacteria|p__Firmicutes|c__Clostridia|o__Oscillospirales|f__Oscillospiraceae|g__Intestinimonas|s__bacterium_P1C2,0.9166666666666666
132,k__Bacteria|p__Bacteroidetes|c__Bacteroidia|o__Bacteroidales|f__Bacteroidaceae|g__Bacteroides|s__None,779,k__Bacteria|p__Firmicutes|c__Clostridia|o__Oscillospirales|f__Oscillospiraceae|g__Oscillibacter|s__None,0.8333333333333334
132,k__Bacteria|p__Bacteroidetes|c__Bacteroidia|o__Bacteroidales|f__Bacteroidaceae|g__Bacteroides|s__None,780,k__Bacteria|p__Firmicutes|c__Clostridia|o__Oscillospirales|f__Oscillospiraceae|g__Oscillibacter|s__metagenome,0.9166666666666666
132,k__Bacteria|p__Bacteroidetes|c__Bacteroidia|o__Bacteroidales|f__Bacteroidaceae|g__Bacteroides|s__None,790,k__Bacteria|p__Firmicutes|c__Clostridia|o__Oscillospirales|f__Oscillospiraceae|g__UCG-002|s__None,0.8333333333333334
132,k__Bacteria|p__Bacteroidetes|c__Bacteroidia|o__Bacteroidales|f__Bacteroidaceae|g__Bacteroides|s__None,791,k__Bacteria|p__Firmicutes|c__Clostridia|o__Oscillospirales|f__Oscillospiraceae|g__UCG-003|s__None,0.8333333333333334
132,k__Bacteria|p__Bacteroidetes|c__Bacteroidia|o__Bacteroidales|f__Bacteroidaceae|g__Bacteroides|s__None,794,k__Bacteria|p__Firmicutes|c__Clostridia|o__Oscillospirales|f__Oscillospiraceae|g__UCG-005|s__metagenome,0.9166666666666666
132,k__Bacteria|p__Bacteroidetes|c__Bacteroidia|o__Bacteroidales|f__Bacteroidaceae|g__Bacteroides|s__None,812,k__Bacteria|p__Firmicutes|c__Clostridia|o__Oscillospirales|f__Ruminococcaceae|g__Anaerofilum|s__metagenome,0.9166666666666666
132,k__Bacteria|p__Bacteroidetes|c__Bacteroidia|o__Bacteroidales|f__Bacteroidaceae|g__Bacteroides|s__None,832,k__Bacteria|p__Firmicutes|c__Clostridia|o__Oscillospirales|f__Ruminococcaceae|g__DTU089|s__None,0.8333333333333334
132,k__Bacteria|p__Bacteroidetes|c__Bacteroidia|o__Bacteroidales|f__Bacteroidaceae|g__Bacteroides|s__None,833,k__Bacteria|p__Firmicutes|c__Clostridia|o__Oscillospirales|f__Ruminococcaceae|g__Faecalibacterium|s__None,0.8333333333333334
132,k__Bacteria|p__Bacteroidetes|c__Bacteroidia|o__Bacteroidales|f__Bacteroidaceae|g__Bacteroides|s__None,839,k__Bacteria|p__Firmicutes|c__Clostridia|o__Oscillospirales|f__Ruminococcaceae|g__Incertae_Sedis|s__metagenome,0.9166666666666666
132,k__Bacteria|p__Bacteroidetes|c__Bacteroidia|o__Bacteroidales|f__Bacteroidaceae|g__Bacteroides|s__None,841,k__Bacteria|p__Firmicutes|c__Clostridia|o__Oscillospirales|f__Ruminococcaceae|g__Incertae_Sedis|s__None,0.8333333333333334
132,k__Bacteria|p__Bacteroidetes|c__Bacteroidia|o__Bacteroidales|f__Bacteroidaceae|g__Bacteroides|s__None,859,k__Bacteria|p__Firmicutes|c__Clostridia|o__Oscillospirales|f__Ruminococcaceae|g__Ruminococcus|s__None,0.8333333333333334
132,k__Bacteria|p__Bacteroidetes|c__Bacteroidia|o__Bacteroidales|f__Bacteroidaceae|g__Bacteroides|s__None,860,k__Bacteria|p__Firmicutes|c__Clostridia|o__Oscillospirales|f__Ruminococcaceae|g__Subdoligranulum|s__None,0.8333333333333334
132,k__Bacteria|p__Bacteroidetes|c__Bacteroidia|o__Bacteroidales|f__Bacteroidaceae|g__Bacteroides|s__None,863,k__Bacteria|p__Firmicutes|c__Clostridia|o__Oscillospirales|f__Ruminococcaceae|g__UBA1819|s__None,0.8333333333333334
132,k__Bacteria|p__Bacteroidetes|c__Bacteroidia|o__Bacteroidales|f__Bacteroidaceae|g__Bacteroides|s__None,865,k__Bacteria|p__Firmicutes|c__Clostridia|o__Oscillospirales|f__Ruminococcaceae|g__Eubacterium_siraeum_group|s__None,0.8333333333333334
132,k__Bacteria|p__Bacteroidetes|c__Bacteroidia|o__Bacteroidales|f__Bacteroidaceae|g__Bacteroides|s__None,869,k__Bacteria|p__Firmicutes|c__Clostridia|o__Oscillospirales|f__Ruminococcaceae|g__None|s__None,0.75
132,k__Bacteria|p__Bacteroidetes|c__Bacteroidia|o__Bacteroidales|f__Bacteroidaceae|g__Bacteroides|s__None,885,k__Bacteria|p__Firmicutes|c__Clostridia|o__Oscillospirales|f__Eubacterium_coprostanoligenes_group|g__None|s__None,0.75
132,k__Bacteria|p__Bacteroidetes|c__Bacteroidia|o__Bacteroidales|f__Bacteroidaceae|g__Bacteroides|s__None,905,k__Bacteria|p__Firmicutes|c__Clostridia|o__Peptostreptococcales-Tissierellales|f__Anaerovoracaceae|g__Family_XIII_AD3011_group|s__metagenome,0.9166666666666666
132,k__Bacteria|p__Bacteroidetes|c__Bacteroidia|o__Bacteroidales|f__Bacteroidaceae|g__Bacteroides|s__None,925,k__Bacteria|p__Firmicutes|c__Clostridia|o__Peptostreptococcales-Tissierellales|f__Anaerovoracaceae|g__None|s__None,0.75
132,k__Bacteria|p__Bacteroidetes|c__Bacteroidia|o__Bacteroidales|f__Bacteroidaceae|g__Bacteroides|s__None,943,k__Bacteria|p__Firmicutes|c__Clostridia|o__Peptostreptococcales-Tissierellales|f__Peptostreptococcaceae|g__Intestinibacter|s__None,0.8333333333333334
132,k__Bacteria|p__Bacteroidetes|c__Bacteroidia|o__Bacteroidales|f__Bacteroidaceae|g__Bacteroides|s__None,951,k__Bacteria|p__Firmicutes|c__Clostridia|o__Peptostreptococcales-Tissierellales|f__Peptostreptococcaceae|g__Romboutsia|s__None,0.8333333333333334
132,k__Bacteria|p__Bacteroidetes|c__Bacteroidia|o__Bacteroidales|f__Bacteroidaceae|g__Bacteroides|s__None,956,k__Bacteria|p__Firmicutes|c__Clostridia|o__None|f__None|g__None|s__None,0.5833333333333334
132,k__Bacteria|p__Bacteroidetes|c__Bacteroidia|o__Bacteroidales|f__Bacteroidaceae|g__Bacteroides|s__None,966,k__Bacteria|p__Firmicutes|c__Negativicutes|o__Acidaminococcales|f__Acidaminococcaceae|g__Acidaminococcus|s__None,0.8333333333333334
132,k__Bacteria|p__Bacteroidetes|c__Bacteroidia|o__Bacteroidales|f__Bacteroidaceae|g__Bacteroides|s__None,967,k__Bacteria|p__Firmicutes|c__Negativicutes|o__Acidaminococcales|f__Acidaminococcaceae|g__Phascolarctobacterium|s__None,0.8333333333333334
132,k__Bacteria|p__Bacteroidetes|c__Bacteroidia|o__Bacteroidales|f__Bacteroidaceae|g__Bacteroides|s__None,986,k__Bacteria|p__Firmicutes|c__Negativicutes|o__Veillonellales-Selenomonadales|f__Veillonellaceae|g__Dialister|s__None,0.8333333333333334
132,k__Bacteria|p__Bacteroidetes|c__Bacteroidia|o__Bacteroidales|f__Bacteroidaceae|g__Bacteroides|s__None,992,k__Bacteria|p__Firmicutes|c__Negativicutes|o__Veillonellales-Selenomonadales|f__Veillonellaceae|g__Veillonella|s__None,0.8333333333333334
132,k__Bacteria|p__Bacteroidetes|c__Bacteroidia|o__Bacteroidales|f__Bacteroidaceae|g__Bacteroides|s__None,1055,k__Bacteria|p__Proteobacteria|c__Gammaproteobacteria|o__Burkholderiales|f__Sutterellaceae|g__Parasutterella|s__None,0.8333333333333334
132,k__Bacteria|p__Bacteroidetes|c__Bacteroidia|o__Bacteroidales|f__Bacteroidaceae|g__Bacteroides|s__None,1069,k__Bacteria|p__Proteobacteria|c__Gammaproteobacteria|o__Enterobacterales|f__Enterobacteriaceae|g__Escherichia-Shigella|s__None,0.8333333333333334
132,k__Bacteria|p__Bacteroidetes|c__Bacteroidia|o__Bacteroidales|f__Bacteroidaceae|g__Bacteroides|s__None,1089,k__Bacteria|p__Proteobacteria|c__Gammaproteobacteria|o__Pseudomonadales|f__Pseudomonadaceae|g__Pseudomonas|s__None,0.8333333333333334
132,k__Bacteria|p__Bacteroidetes|c__Bacteroidia|o__Bacteroidales|f__Bacteroidaceae|g__Bacteroides|s__None,1132,k__Bacteria|p__Verrucomicrobiota|c__Verrucomicrobiae|o__Verrucomicrobiales|f__Akkermansiaceae|g__Akkermansia|s__None,0.8333333333333334
132,k__Bacteria|p__Bacteroidetes|c__Bacteroidia|o__Bacteroidales|f__Bacteroidaceae|g__Bacteroides|s__None,1136,k__Bacteria|p__None|c__None|o__None|f__None|g__None|s__None,0.4166666666666667
157,k__Bacteria|p__Bacteroidetes|c__Bacteroidia|o__Bacteroidales|f__Muribaculaceae|g__metagenome|s__None,200,k__Bacteria|p__Bacteroidetes|c__Bacteroidia|o__Bacteroidales|f__Prevotellaceae|g__Prevotella|s__None,0.3333333333333333
157,k__Bacteria|p__Bacteroidetes|c__Bacteroidia|o__Bacteroidales|f__Muribaculaceae|g__metagenome|s__None,224,k__Bacteria|p__Bacteroidetes|c__Bacteroidia|o__Bacteroidales|f__Rikenellaceae|g__Alistipes|s__Bacteroidetes_bacterium_Eg28,0.4166666666666667
157,k__Bacteria|p__Bacteroidetes|c__Bacteroidia|o__Bacteroidales|f__Muribaculaceae|g__metagenome|s__None,225,k__Bacteria|p__Bacteroidetes|c__Bacteroidia|o__Bacteroidales|f__Rikenellaceae|g__Alistipes|s__Tidjanibacter_massiliensis,0.4166666666666667
157,k__Bacteria|p__Bacteroidetes|c__Bacteroidia|o__Bacteroidales|f__Muribaculaceae|g__metagenome|s__None,227,k__Bacteria|p__Bacteroidetes|c__Bacteroidia|o__Bacteroidales|f__Rikenellaceae|g__Alistipes|s__None,0.3333333333333333
157,k__Bacteria|p__Bacteroidetes|c__Bacteroidia|o__Bacteroidales|f__Muribaculaceae|g__metagenome|s__None,284,k__Bacteria|p__Desulfobacterota|c__Desulfovibrionia|o__Desulfovibrionales|f__Desulfovibrionaceae|g__Bilophila|s__None,0.8333333333333334
157,k__Bacteria|p__Bacteroidetes|c__Bacteroidia|o__Bacteroidales|f__Muribaculaceae|g__metagenome|s__None,311,k__Bacteria|p__Firmicutes|c__Bacilli|o__Erysipelotrichales|f__Erysipelatoclostridiaceae|g__Erysipelatoclostridium|s__Clostridium_spiroforme_DSM_1552,0.9166666666666666
157,k__Bacteria|p__Bacteroidetes|c__Bacteroidia|o__Bacteroidales|f__Muribaculaceae|g__metagenome|s__None,314,k__Bacteria|p__Firmicutes|c__Bacilli|o__Erysipelotrichales|f__Erysipelatoclostridiaceae|g__Erysipelotrichaceae_UCG-003|s__None,0.8333333333333334
157,k__Bacteria|p__Bacteroidetes|c__Bacteroidia|o__Bacteroidales|f__Muribaculaceae|g__metagenome|s__None,380,k__Bacteria|p__Firmicutes|c__Bacilli|o__Lactobacillales|f__Streptococcaceae|g__Streptococcus|s__None,0.8333333333333334
157,k__Bacteria|p__Bacteroidetes|c__Bacteroidia|o__Bacteroidales|f__Muribaculaceae|g__metagenome|s__None,411,k__Bacteria|p__Firmicutes|c__Clostridia|o__Christensenellales|f__Christensenellaceae|g__Christensenellaceae_R-7_group|s__None,0.8333333333333334
157,k__Bacteria|p__Bacteroidetes|c__Bacteroidia|o__Bacteroidales|f__Muribaculaceae|g__metagenome|s__None,421,k__Bacteria|p__Firmicutes|c__Clostridia|o__Christensenellales|f__Christensenellaceae|g__Christensenellaceae_R-7_group|s__uncultured_marine_bacterium,0.9166666666666666
157,k__Bacteria|p__Bacteroidetes|c__Bacteroidia|o__Bacteroidales|f__Muribaculaceae|g__metagenome|s__None,426,k__Bacteria|p__Firmicutes|c__Clostridia|o__Clostridia_UCG-014|f__None|g__None|s__None,0.6666666666666666
157,k__Bacteria|p__Bacteroidetes|c__Bacteroidia|o__Bacteroidales|f__Muribaculaceae|g__metagenome|s__None,445,k__Bacteria|p__Firmicutes|c__Clostridia|o__Clostridiales|f__Christensenellaceae|g__Christensenella|s__PAC002297,0.9166666666666666
157,k__Bacteria|p__Bacteroidetes|c__Bacteroidia|o__Bacteroidales|f__Muribaculaceae|g__metagenome|s__None,501,k__Bacteria|p__Firmicutes|c__Clostridia|o__Clostridiales|f__Lachnospiraceae|g__PAC001201|s__PAC002549,0.9166666666666666
157,k__Bacteria|p__Bacteroidetes|c__Bacteroidia|o__Bacteroidales|f__Muribaculaceae|g__metagenome|s__None,534,k__Bacteria|p__Firmicutes|c__Clostridia|o__Clostridiales|f__Ruminococcaceae|g__PAC001144|s__PAC001620,0.9166666666666666
157,k__Bacteria|p__Bacteroidetes|c__Bacteroidia|o__Bacteroidales|f__Muribaculaceae|g__metagenome|s__None,562,k__Bacteria|p__Firmicutes|c__Clostridia|o__Eubacteriales|f__Eubacteriaceae|g__Eubacterium|s__None,0.8333333333333334
157,k__Bacteria|p__Bacteroidetes|c__Bacteroidia|o__Bacteroidales|f__Muribaculaceae|g__metagenome|s__None,577,k__Bacteria|p__Firmicutes|c__Clostridia|o__Lachnospirales|f__Lachnospiraceae|g__Agathobacter|s__None,0.8333333333333334
157,k__Bacteria|p__Bacteroidetes|c__Bacteroidia|o__Bacteroidales|f__Muribaculaceae|g__metagenome|s__None,588,k__Bacteria|p__Firmicutes|c__Clostridia|o__Lachnospirales|f__Lachnospiraceae|g__Anaerostipes|s__None,0.8333333333333334
157,k__Bacteria|p__Bacteroidetes|c__Bacteroidia|o__Bacteroidales|f__Muribaculaceae|g__metagenome|s__None,591,k__Bacteria|p__Firmicutes|c__Clostridia|o__Lachnospirales|f__Lachnospiraceae|g__Anaerostipes|s__uncultured_Lachnospiraceae_bacterium,0.9166666666666666
157,k__Bacteria|p__Bacteroidetes|c__Bacteroidia|o__Bacteroidales|f__Muribaculaceae|g__metagenome|s__None,594,k__Bacteria|p__Firmicutes|c__Clostridia|o__Lachnospirales|f__Lachnospiraceae|g__Blautia|s__None,0.8333333333333334
157,k__Bacteria|p__Bacteroidetes|c__Bacteroidia|o__Bacteroidales|f__Muribaculaceae|g__metagenome|s__None,595,k__Bacteria|p__Firmicutes|c__Clostridia|o__Lachnospirales|f__Lachnospiraceae|g__Blautia|s__bacterium_mpn-isolate_group_20,0.9166666666666666
157,k__Bacteria|p__Bacteroidetes|c__Bacteroidia|o__Bacteroidales|f__Muribaculaceae|g__metagenome|s__None,597,k__Bacteria|p__Firmicutes|c__Clostridia|o__Lachnospirales|f__Lachnospiraceae|g__Blautia|s__uncultured_Blautia_sp.,0.9166666666666666
157,k__Bacteria|p__Bacteroidetes|c__Bacteroidia|o__Bacteroidales|f__Muribaculaceae|g__metagenome|s__None,608,k__Bacteria|p__Firmicutes|c__Clostridia|o__Lachnospirales|f__Lachnospiraceae|g__Coprococcus|s__None,0.8333333333333334
157,k__Bacteria|p__Bacteroidetes|c__Bacteroidia|o__Bacteroidales|f__Muribaculaceae|g__metagenome|s__None,609,k__Bacteria|p__Firmicutes|c__Clostridia|o__Lachnospirales|f__Lachnospiraceae|g__Coprococcus|s__uncultured_Coprococcus_sp.,0.9166666666666666
157,k__Bacteria|p__Bacteroidetes|c__Bacteroidia|o__Bacteroidales|f__Muribaculaceae|g__metagenome|s__None,612,k__Bacteria|p__Firmicutes|c__Clostridia|o__Lachnospirales|f__Lachnospiraceae|g__Eisenbergiella|s__None,0.8333333333333334
157,k__Bacteria|p__Bacteroidetes|c__Bacteroidia|o__Bacteroidales|f__Muribaculaceae|g__metagenome|s__None,619,k__Bacteria|p__Firmicutes|c__Clostridia|o__Lachnospirales|f__Lachnospiraceae|g__Fusicatenibacter|s__uncultured_Lachnospiraceae_bacterium,0.9166666666666666
157,k__Bacteria|p__Bacteroidetes|c__Bacteroidia|o__Bacteroidales|f__Muribaculaceae|g__metagenome|s__None,620,k__Bacteria|p__Firmicutes|c__Clostridia|o__Lachnospirales|f__Lachnospiraceae|g__GCA-900066575|s__None,0.8333333333333334
157,k__Bacteria|p__Bacteroidetes|c__Bacteroidia|o__Bacteroidales|f__Muribaculaceae|g__metagenome|s__None,628,k__Bacteria|p__Firmicutes|c__Clostridia|o__Lachnospirales|f__Lachnospiraceae|g__Howardella|s__metagenome,0.9166666666666666
157,k__Bacteria|p__Bacteroidetes|c__Bacteroidia|o__Bacteroidales|f__Muribaculaceae|g__metagenome|s__None,638,k__Bacteria|p__Firmicutes|c__Clostridia|o__Lachnospirales|f__Lachnospiraceae|g__Lachnoclostridium|s__None,0.8333333333333334
157,k__Bacteria|p__Bacteroidetes|c__Bacteroidia|o__Bacteroidales|f__Muribaculaceae|g__metagenome|s__None,640,k__Bacteria|p__Firmicutes|c__Clostridia|o__Lachnospirales|f__Lachnospiraceae|g__Lachnoclostridium|s__uncultured_Lachnospiraceae_bacterium,0.9166666666666666
157,k__Bacteria|p__Bacteroidetes|c__Bacteroidia|o__Bacteroidales|f__Muribaculaceae|g__metagenome|s__None,641,k__Bacteria|p__Firmicutes|c__Clostridia|o__Lachnospirales|f__Lachnospiraceae|g__Lachnospira|s__None,0.8333333333333334
157,k__Bacteria|p__Bacteroidetes|c__Bacteroidia|o__Bacteroidales|f__Muribaculaceae|g__metagenome|s__None,649,k__Bacteria|p__Firmicutes|c__Clostridia|o__Lachnospirales|f__Lachnospiraceae|g__Lachnospiraceae_ND3007_group|s__metagenome,0.9166666666666666
157,k__Bacteria|p__Bacteroidetes|c__Bacteroidia|o__Bacteroidales|f__Muribaculaceae|g__metagenome|s__None,658,k__Bacteria|p__Firmicutes|c__Clostridia|o__Lachnospirales|f__Lachnospiraceae|g__Lachnospiraceae_NK4A136_group|s__uncultured_bacterium_Adhufec49.25,0.9166666666666666
157,k__Bacteria|p__Bacteroidetes|c__Bacteroidia|o__Bacteroidales|f__Muribaculaceae|g__metagenome|s__None,662,k__Bacteria|p__Firmicutes|c__Clostridia|o__Lachnospirales|f__Lachnospiraceae|g__Lachnospiraceae_UCG-001|s__metagenome,0.9166666666666666
157,k__Bacteria|p__Bacteroidetes|c__Bacteroidia|o__Bacteroidales|f__Muribaculaceae|g__metagenome|s__None,675,k__Bacteria|p__Firmicutes|c__Clostridia|o__Lachnospirales|f__Lachnospiraceae|g__Lachnospiraceae_UCG-010|s__None,0.8333333333333334
157,k__Bacteria|p__Bacteroidetes|c__Bacteroidia|o__Bacteroidales|f__Muribaculaceae|g__metagenome|s__None,694,k__Bacteria|p__Firmicutes|c__Clostridia|o__Lachnospirales|f__Lachnospiraceae|g__Roseburia|s__None,0.8333333333333334
157,k__Bacteria|p__Bacteroidetes|c__Bacteroidia|o__Bacteroidales|f__Muribaculaceae|g__metagenome|s__None,695,k__Bacteria|p__Firmicutes|c__Clostridia|o__Lachnospirales|f__Lachnospiraceae|g__Roseburia|s__gut_metagenome,0.9166666666666666
157,k__Bacteria|p__Bacteroidetes|c__Bacteroidia|o__Bacteroidales|f__Muribaculaceae|g__metagenome|s__None,705,k__Bacteria|p__Firmicutes|c__Clostridia|o__Lachnospirales|f__Lachnospiraceae|g__Tuzzerella|s__None,0.8333333333333334
157,k__Bacteria|p__Bacteroidetes|c__Bacteroidia|o__Bacteroidales|f__Muribaculaceae|g__metagenome|s__None,709,k__Bacteria|p__Firmicutes|c__Clostridia|o__Lachnospirales|f__Lachnospiraceae|g__UC5-1-2E3|s__uncultured_organism,0.9166666666666666
157,k__Bacteria|p__Bacteroidetes|c__Bacteroidia|o__Bacteroidales|f__Muribaculaceae|g__metagenome|s__None,711,k__Bacteria|p__Firmicutes|c__Clostridia|o__Lachnospirales|f__Lachnospiraceae|g__Eubacterium_eligens_group|s__None,0.8333333333333334
157,k__Bacteria|p__Bacteroidetes|c__Bacteroidia|o__Bacteroidales|f__Muribaculaceae|g__metagenome|s__None,712,k__Bacteria|p__Firmicutes|c__Clostridia|o__Lachnospirales|f__Lachnospiraceae|g__Eubacterium_fissicatena_group|s__None,0.8333333333333334
157,k__Bacteria|p__Bacteroidetes|c__Bacteroidia|o__Bacteroidales|f__Muribaculaceae|g__metagenome|s__None,717,k__Bacteria|p__Firmicutes|c__Clostridia|o__Lachnospirales|f__Lachnospiraceae|g__Eubacterium_hallii_group|s__None,0.8333333333333334
157,k__Bacteria|p__Bacteroidetes|c__Bacteroidia|o__Bacteroidales|f__Muribaculaceae|g__metagenome|s__None,722,k__Bacteria|p__Firmicutes|c__Clostridia|o__Lachnospirales|f__Lachnospiraceae|g__Eubacterium_ventriosum_group|s__uncultured_organism,0.9166666666666666
157,k__Bacteria|p__Bacteroidetes|c__Bacteroidia|o__Bacteroidales|f__Muribaculaceae|g__metagenome|s__None,724,k__Bacteria|p__Firmicutes|c__Clostridia|o__Lachnospirales|f__Lachnospiraceae|g__Eubacterium_xylanophilum_group|s__None,0.8333333333333334
157,k__Bacteria|p__Bacteroidetes|c__Bacteroidia|o__Bacteroidales|f__Muribaculaceae|g__metagenome|s__None,730,k__Bacteria|p__Firmicutes|c__Clostridia|o__Lachnospirales|f__Lachnospiraceae|g__Ruminococcus_torques_group|s__None,0.8333333333333334
157,k__Bacteria|p__Bacteroidetes|c__Bacteroidia|o__Bacteroidales|f__Muribaculaceae|g__metagenome|s__None,732,k__Bacteria|p__Firmicutes|c__Clostridia|o__Lachnospirales|f__Lachnospiraceae|g__None|s__None,0.75
157,k__Bacteria|p__Bacteroidetes|c__Bacteroidia|o__Bacteroidales|f__Muribaculaceae|g__metagenome|s__None,733,k__Bacteria|p__Firmicutes|c__Clostridia|o__Lachnospirales|f__Lachnospiraceae|g__uncultured|s__None,0.8333333333333334
157,k__Bacteria|p__Bacteroidetes|c__Bacteroidia|o__Bacteroidales|f__Muribaculaceae|g__metagenome|s__None,739,k__Bacteria|p__Firmicutes|c__Clostridia|o__Monoglobales|f__Monoglobaceae|g__Monoglobus|s__None,0.8333333333333334
157,k__Bacteria|p__Bacteroidetes|c__Bacteroidia|o__Bacteroidales|f__Muribaculaceae|g__metagenome|s__None,759,k__Bacteria|p__Firmicutes|c__Clostridia|o__Oscillospirales|f__Oscillospiraceae|g__Colidextribacter|s__None,0.8333333333333334
157,k__Bacteria|p__Bacteroidetes|c__Bacteroidia|o__Bacteroidales|f__Muribaculaceae|g__metagenome|s__None,767,k__Bacteria|p__Firmicutes|c__Clostridia|o__Oscillospirales|f__Oscillospiraceae|g__Flavonifractor|s__None,0.8333333333333334
157,k__Bacteria|p__Bacteroidetes|c__Bacteroidia|o__Bacteroidales|f__Muribaculaceae|g__metagenome|s__None,769,k__Bacteria|p__Firmicutes|c__Clostridia|o__Oscillospirales|f__Oscillospiraceae|g__Intestinimonas|s__None,0.8333333333333334
157,k__Bacteria|p__Bacteroidetes|c__Bacteroidia|o__Bacteroidales|f__Muribaculaceae|g__metagenome|s__None,770,k__Bacteria|p__Firmicutes|c__Clostridia|o__Oscillospirales|f__Oscillospiraceae|g__Intestinimonas|s__bacterium_P1C2,0.9166666666666666
157,k__Bacteria|p__Bacteroidetes|c__Bacteroidia|o__Bacteroidales|f__Muribaculaceae|g__metagenome|s__None,779,k__Bacteria|p__Firmicutes|c__Clostridia|o__Oscillospirales|f__Oscillospiraceae|g__Oscillibacter|s__None,0.8333333333333334
157,k__Bacteria|p__Bacteroidetes|c__Bacteroidia|o__Bacteroidales|f__Muribaculaceae|g__metagenome|s__None,780,k__Bacteria|p__Firmicutes|c__Clostridia|o__Oscillospirales|f__Oscillospiraceae|g__Oscillibacter|s__metagenome,0.9166666666666666
157,k__Bacteria|p__Bacteroidetes|c__Bacteroidia|o__Bacteroidales|f__Muribaculaceae|g__metagenome|s__None,790,k__Bacteria|p__Firmicutes|c__Clostridia|o__Oscillospirales|f__Oscillospiraceae|g__UCG-002|s__None,0.8333333333333334
157,k__Bacteria|p__Bacteroidetes|c__Bacteroidia|o__Bacteroidales|f__Muribaculaceae|g__metagenome|s__None,791,k__Bacteria|p__Firmicutes|c__Clostridia|o__Oscillospirales|f__Oscillospiraceae|g__UCG-003|s__None,0.8333333333333334
157,k__Bacteria|p__Bacteroidetes|c__Bacteroidia|o__Bacteroidales|f__Muribaculaceae|g__metagenome|s__None,794,k__Bacteria|p__Firmicutes|c__Clostridia|o__Oscillospirales|f__Oscillospiraceae|g__UCG-005|s__metagenome,0.9166666666666666
157,k__Bacteria|p__Bacteroidetes|c__Bacteroidia|o__Bacteroidales|f__Muribaculaceae|g__metagenome|s__None,812,k__Bacteria|p__Firmicutes|c__Clostridia|o__Oscillospirales|f__Ruminococcaceae|g__Anaerofilum|s__metagenome,0.9166666666666666
157,k__Bacteria|p__Bacteroidetes|c__Bacteroidia|o__Bacteroidales|f__Muribaculaceae|g__metagenome|s__None,832,k__Bacteria|p__Firmicutes|c__Clostridia|o__Oscillospirales|f__Ruminococcaceae|g__DTU089|s__None,0.8333333333333334
157,k__Bacteria|p__Bacteroidetes|c__Bacteroidia|o__Bacteroidales|f__Muribaculaceae|g__metagenome|s__None,833,k__Bacteria|p__Firmicutes|c__Clostridia|o__Oscillospirales|f__Ruminococcaceae|g__Faecalibacterium|s__None,0.8333333333333334
157,k__Bacteria|p__Bacteroidetes|c__Bacteroidia|o__Bacteroidales|f__Muribaculaceae|g__metagenome|s__None,839,k__Bacteria|p__Firmicutes|c__Clostridia|o__Oscillospirales|f__Ruminococcaceae|g__Incertae_Sedis|s__metagenome,0.9166666666666666
157,k__Bacteria|p__Bacteroidetes|c__Bacteroidia|o__Bacteroidales|f__Muribaculaceae|g__metagenome|s__None,841,k__Bacteria|p__Firmicutes|c__Clostridia|o__Oscillospirales|f__Ruminococcaceae|g__Incertae_Sedis|s__None,0.8333333333333334
157,k__Bacteria|p__Bacteroidetes|c__Bacteroidia|o__Bacteroidales|f__Muribaculaceae|g__metagenome|s__None,859,k__Bacteria|p__Firmicutes|c__Clostridia|o__Oscillospirales|f__Ruminococcaceae|g__Ruminococcus|s__None,0.8333333333333334
157,k__Bacteria|p__Bacteroidetes|c__Bacteroidia|o__Bacteroidales|f__Muribaculaceae|g__metagenome|s__None,860,k__Bacteria|p__Firmicutes|c__Clostridia|o__Oscillospirales|f__Ruminococcaceae|g__Subdoligranulum|s__None,0.8333333333333334
157,k__Bacteria|p__Bacteroidetes|c__Bacteroidia|o__Bacteroidales|f__Muribaculaceae|g__metagenome|s__None,863,k__Bacteria|p__Firmicutes|c__Clostridia|o__Oscillospirales|f__Ruminococcaceae|g__UBA1819|s__None,0.8333333333333334
157,k__Bacteria|p__Bacteroidetes|c__Bacteroidia|o__Bacteroidales|f__Muribaculaceae|g__metagenome|s__None,865,k__Bacteria|p__Firmicutes|c__Clostridia|o__Oscillospirales|f__Ruminococcaceae|g__Eubacterium_siraeum_group|s__None,0.8333333333333334
157,k__Bacteria|p__Bacteroidetes|c__Bacteroidia|o__Bacteroidales|f__Muribaculaceae|g__metagenome|s__None,869,k__Bacteria|p__Firmicutes|c__Clostridia|o__Oscillospirales|f__Ruminococcaceae|g__None|s__None,0.75
157,k__Bacteria|p__Bacteroidetes|c__Bacteroidia|o__Bacteroidales|f__Muribaculaceae|g__metagenome|s__None,885,k__Bacteria|p__Firmicutes|c__Clostridia|o__Oscillospirales|f__Eubacterium_coprostanoligenes_group|g__None|s__None,0.75
157,k__Bacteria|p__Bacteroidetes|c__Bacteroidia|o__Bacteroidales|f__Muribaculaceae|g__metagenome|s__None,905,k__Bacteria|p__Firmicutes|c__Clostridia|o__Peptostreptococcales-Tissierellales|f__Anaerovoracaceae|g__Family_XIII_AD3011_group|s__metagenome,0.9166666666666666
157,k__Bacteria|p__Bacteroidetes|c__Bacteroidia|o__Bacteroidales|f__Muribaculaceae|g__metagenome|s__None,925,k__Bacteria|p__Firmicutes|c__Clostridia|o__Peptostreptococcales-Tissierellales|f__Anaerovoracaceae|g__None|s__None,0.75
157,k__Bacteria|p__Bacteroidetes|c__Bacteroidia|o__Bacteroidales|f__Muribaculaceae|g__metagenome|s__None,943,k__Bacteria|p__Firmicutes|c__Clostridia|o__Peptostreptococcales-Tissierellales|f__Peptostreptococcaceae|g__Intestinibacter|s__None,0.8333333333333334
157,k__Bacteria|p__Bacteroidetes|c__Bacteroidia|o__Bacteroidales|f__Muribaculaceae|g__metagenome|s__None,951,k__Bacteria|p__Firmicutes|c__Clostridia|o__Peptostreptococcales-Tissierellales|f__Peptostreptococcaceae|g__Romboutsia|s__None,0.8333333333333334
157,k__Bacteria|p__Bacteroidetes|c__Bacteroidia|o__Bacteroidales|f__Muribaculaceae|g__metagenome|s__None,956,k__Bacteria|p__Firmicutes|c__Clostridia|o__None|f__None|g__None|s__None,0.5833333333333334
157,k__Bacteria|p__Bacteroidetes|c__Bacteroidia|o__Bacteroidales|f__Muribaculaceae|g__metagenome|s__None,966,k__Bacteria|p__Firmicutes|c__Negativicutes|o__Acidaminococcales|f__Acidaminococcaceae|g__Acidaminococcus|s__None,0.8333333333333334
157,k__Bacteria|p__Bacteroidetes|c__Bacteroidia|o__Bacteroidales|f__Muribaculaceae|g__metagenome|s__None,967,k__Bacteria|p__Firmicutes|c__Negativicutes|o__Acidaminococcales|f__Acidaminococcaceae|g__Phascolarctobacterium|s__None,0.8333333333333334
157,k__Bacteria|p__Bacteroidetes|c__Bacteroidia|o__Bacteroidales|f__Muribaculaceae|g__metagenome|s__None,986,k__Bacteria|p__Firmicutes|c__Negativicutes|o__Veillonellales-Selenomonadales|f__Veillonellaceae|g__Dialister|s__None,0.8333333333333334
157,k__Bacteria|p__Bacteroidetes|c__Bacteroidia|o__Bacteroidales|f__Muribaculaceae|g__metagenome|s__None,992,k__Bacteria|p__Firmicutes|c__Negativicutes|o__Veillonellales-Selenomonadales|f__Veillonellaceae|g__Veillonella|s__None,0.8333333333333334
157,k__Bacteria|p__Bacteroidetes|c__Bacteroidia|o__Bacteroidales|f__Muribaculaceae|g__metagenome|s__None,1055,k__Bacteria|p__Proteobacteria|c__Gammaproteobacteria|o__Burkholderiales|f__Sutterellaceae|g__Parasutterella|s__None,0.8333333333333334
157,k__Bacteria|p__Bacteroidetes|c__Bacteroidia|o__Bacteroidales|f__Muribaculaceae|g__metagenome|s__None,1069,k__Bacteria|p__Proteobacteria|c__Gammaproteobacteria|o__Enterobacterales|f__Enterobacteriaceae|g__Escherichia-Shigella|s__None,0.8333333333333334
157,k__Bacteria|p__Bacteroidetes|c__Bacteroidia|o__Bacteroidales|f__Muribaculaceae|g__metagenome|s__None,1089,k__Bacteria|p__Proteobacteria|c__Gammaproteobacteria|o__Pseudomonadales|f__Pseudomonadaceae|g__Pseudomonas|s__None,0.8333333333333334
157,k__Bacteria|p__Bacteroidetes|c__Bacteroidia|o__Bacteroidales|f__Muribaculaceae|g__metagenome|s__None,1132,k__Bacteria|p__Verrucomicrobiota|c__Verrucomicrobiae|o__Verrucomicrobiales|f__Akkermansiaceae|g__Akkermansia|s__None,0.8333333333333334
157,k__Bacteria|p__Bacteroidetes|c__Bacteroidia|o__Bacteroidales|f__Muribaculaceae|g__metagenome|s__None,1136,k__Bacteria|p__None|c__None|o__None|f__None|g__None|s__None,0.4166666666666667
200,k__Bacteria|p__Bacteroidetes|c__Bacteroidia|o__Bacteroidales|f__Prevotellaceae|g__Prevotella|s__None,224,k__Bacteria|p__Bacteroidetes|c__Bacteroidia|o__Bacteroidales|f__Rikenellaceae|g__Alistipes|s__Bacteroidetes_bacterium_Eg28,0.4166666666666667
200,k__Bacteria|p__Bacteroidetes|c__Bacteroidia|o__Bacteroidales|f__Prevotellaceae|g__Prevotella|s__None,225,k__Bacteria|p__Bacteroidetes|c__Bacteroidia|o__Bacteroidales|f__Rikenellaceae|g__Alistipes|s__Tidjanibacter_massiliensis,0.4166666666666667
200,k__Bacteria|p__Bacteroidetes|c__Bacteroidia|o__Bacteroidales|f__Prevotellaceae|g__Prevotella|s__None,227,k__Bacteria|p__Bacteroidetes|c__Bacteroidia|o__Bacteroidales|f__Rikenellaceae|g__Alistipes|s__None,0.3333333333333333
200,k__Bacteria|p__Bacteroidetes|c__Bacteroidia|o__Bacteroidales|f__Prevotellaceae|g__Prevotella|s__None,284,k__Bacteria|p__Desulfobacterota|c__Desulfovibrionia|o__Desulfovibrionales|f__Desulfovibrionaceae|g__Bilophila|s__None,0.8333333333333334
200,k__Bacteria|p__Bacteroidetes|c__Bacteroidia|o__Bacteroidales|f__Prevotellaceae|g__Prevotella|s__None,311,k__Bacteria|p__Firmicutes|c__Bacilli|o__Erysipelotrichales|f__Erysipelatoclostridiaceae|g__Erysipelatoclostridium|s__Clostridium_spiroforme_DSM_1552,0.9166666666666666
200,k__Bacteria|p__Bacteroidetes|c__Bacteroidia|o__Bacteroidales|f__Prevotellaceae|g__Prevotella|s__None,314,k__Bacteria|p__Firmicutes|c__Bacilli|o__Erysipelotrichales|f__Erysipelatoclostridiaceae|g__Erysipelotrichaceae_UCG-003|s__None,0.8333333333333334
200,k__Bacteria|p__Bacteroidetes|c__Bacteroidia|o__Bacteroidales|f__Prevotellaceae|g__Prevotella|s__None,380,k__Bacteria|p__Firmicutes|c__Bacilli|o__Lactobacillales|f__Streptococcaceae|g__Streptococcus|s__None,0.8333333333333334
200,k__Bacteria|p__Bacteroidetes|c__Bacteroidia|o__Bacteroidales|f__Prevotellaceae|g__Prevotella|s__None,411,k__Bacteria|p__Firmicutes|c__Clostridia|o__Christensenellales|f__Christensenellaceae|g__Christensenellaceae_R-7_group|s__None,0.8333333333333334
200,k__Bacteria|p__Bacteroidetes|c__Bacteroidia|o__Bacteroidales|f__Prevotellaceae|g__Prevotella|s__None,421,k__Bacteria|p__Firmicutes|c__Clostridia|o__Christensenellales|f__Christensenellaceae|g__Christensenellaceae_R-7_group|s__uncultured_marine_bacterium,0.9166666666666666
200,k__Bacteria|p__Bacteroidetes|c__Bacteroidia|o__Bacteroidales|f__Prevotellaceae|g__Prevotella|s__None,426,k__Bacteria|p__Firmicutes|c__Clostridia|o__Clostridia_UCG-014|f__None|g__None|s__None,0.6666666666666666
200,k__Bacteria|p__Bacteroidetes|c__Bacteroidia|o__Bacteroidales|f__Prevotellaceae|g__Prevotella|s__None,445,k__Bacteria|p__Firmicutes|c__Clostridia|o__Clostridiales|f__Christensenellaceae|g__Christensenella|s__PAC002297,0.9166666666666666
200,k__Bacteria|p__Bacteroidetes|c__Bacteroidia|o__Bacteroidales|f__Prevotellaceae|g__Prevotella|s__None,501,k__Bacteria|p__Firmicutes|c__Clostridia|o__Clostridiales|f__Lachnospiraceae|g__PAC001201|s__PAC002549,0.9166666666666666
200,k__Bacteria|p__Bacteroidetes|c__Bacteroidia|o__Bacteroidales|f__Prevotellaceae|g__Prevotella|s__None,534,k__Bacteria|p__Firmicutes|c__Clostridia|o__Clostridiales|f__Ruminococcaceae|g__PAC001144|s__PAC001620,0.9166666666666666
200,k__Bacteria|p__Bacteroidetes|c__Bacteroidia|o__Bacteroidales|f__Prevotellaceae|g__Prevotella|s__None,562,k__Bacteria|p__Firmicutes|c__Clostridia|o__Eubacteriales|f__Eubacteriaceae|g__Eubacterium|s__None,0.8333333333333334
200,k__Bacteria|p__Bacteroidetes|c__Bacteroidia|o__Bacteroidales|f__Prevotellaceae|g__Prevotella|s__None,577,k__Bacteria|p__Firmicutes|c__Clostridia|o__Lachnospirales|f__Lachnospiraceae|g__Agathobacter|s__None,0.8333333333333334
200,k__Bacteria|p__Bacteroidetes|c__Bacteroidia|o__Bacteroidales|f__Prevotellaceae|g__Prevotella|s__None,588,k__Bacteria|p__Firmicutes|c__Clostridia|o__Lachnospirales|f__Lachnospiraceae|g__Anaerostipes|s__None,0.8333333333333334
200,k__Bacteria|p__Bacteroidetes|c__Bacteroidia|o__Bacteroidales|f__Prevotellaceae|g__Prevotella|s__None,591,k__Bacteria|p__Firmicutes|c__Clostridia|o__Lachnospirales|f__Lachnospiraceae|g__Anaerostipes|s__uncultured_Lachnospiraceae_bacterium,0.9166666666666666
200,k__Bacteria|p__Bacteroidetes|c__Bacteroidia|o__Bacteroidales|f__Prevotellaceae|g__Prevotella|s__None,594,k__Bacteria|p__Firmicutes|c__Clostridia|o__Lachnospirales|f__Lachnospiraceae|g__Blautia|s__None,0.8333333333333334
200,k__Bacteria|p__Bacteroidetes|c__Bacteroidia|o__Bacteroidales|f__Prevotellaceae|g__Prevotella|s__None,595,k__Bacteria|p__Firmicutes|c__Clostridia|o__Lachnospirales|f__Lachnospiraceae|g__Blautia|s__bacterium_mpn-isolate_group_20,0.9166666666666666
200,k__Bacteria|p__Bacteroidetes|c__Bacteroidia|o__Bacteroidales|f__Prevotellaceae|g__Prevotella|s__None,597,k__Bacteria|p__Firmicutes|c__Clostridia|o__Lachnospirales|f__Lachnospiraceae|g__Blautia|s__uncultured_Blautia_sp.,0.9166666666666666
200,k__Bacteria|p__Bacteroidetes|c__Bacteroidia|o__Bacteroidales|f__Prevotellaceae|g__Prevotella|s__None,608,k__Bacteria|p__Firmicutes|c__Clostridia|o__Lachnospirales|f__Lachnospiraceae|g__Coprococcus|s__None,0.8333333333333334
200,k__Bacteria|p__Bacteroidetes|c__Bacteroidia|o__Bacteroidales|f__Prevotellaceae|g__Prevotella|s__None,609,k__Bacteria|p__Firmicutes|c__Clostridia|o__Lachnospirales|f__Lachnospiraceae|g__Coprococcus|s__uncultured_Coprococcus_sp.,0.9166666666666666
200,k__Bacteria|p__Bacteroidetes|c__Bacteroidia|o__Bacteroidales|f__Prevotellaceae|g__Prevotella|s__None,612,k__Bacteria|p__Firmicutes|c__Clostridia|o__Lachnospirales|f__Lachnospiraceae|g__Eisenbergiella|s__None,0.8333333333333334
200,k__Bacteria|p__Bacteroidetes|c__Bacteroidia|o__Bacteroidales|f__Prevotellaceae|g__Prevotella|s__None,619,k__Bacteria|p__Firmicutes|c__Clostridia|o__Lachnospirales|f__Lachnospiraceae|g__Fusicatenibacter|s__uncultured_Lachnospiraceae_bacterium,0.9166666666666666
200,k__Bacteria|p__Bacteroidetes|c__Bacteroidia|o__Bacteroidales|f__Prevotellaceae|g__Prevotella|s__None,620,k__Bacteria|p__Firmicutes|c__Clostridia|o__Lachnospirales|f__Lachnospiraceae|g__GCA-900066575|s__None,0.8333333333333334
200,k__Bacteria|p__Bacteroidetes|c__Bacteroidia|o__Bacteroidales|f__Prevotellaceae|g__Prevotella|s__None,628,k__Bacteria|p__Firmicutes|c__Clostridia|o__Lachnospirales|f__Lachnospiraceae|g__Howardella|s__metagenome,0.9166666666666666
200,k__Bacteria|p__Bacteroidetes|c__Bacteroidia|o__Bacteroidales|f__Prevotellaceae|g__Prevotella|s__None,638,k__Bacteria|p__Firmicutes|c__Clostridia|o__Lachnospirales|f__Lachnospiraceae|g__Lachnoclostridium|s__None,0.8333333333333334
200,k__Bacteria|p__Bacteroidetes|c__Bacteroidia|o__Bacteroidales|f__Prevotellaceae|g__Prevotella|s__None,640,k__Bacteria|p__Firmicutes|c__Clostridia|o__Lachnospirales|f__Lachnospiraceae|g__Lachnoclostridium|s__uncultured_Lachnospiraceae_bacterium,0.9166666666666666
200,k__Bacteria|p__Bacteroidetes|c__Bacteroidia|o__Bacteroidales|f__Prevotellaceae|g__Prevotella|s__None,641,k__Bacteria|p__Firmicutes|c__Clostridia|o__Lachnospirales|f__Lachnospiraceae|g__Lachnospira|s__None,0.8333333333333334
200,k__Bacteria|p__Bacteroidetes|c__Bacteroidia|o__Bacteroidales|f__Prevotellaceae|g__Prevotella|s__None,649,k__Bacteria|p__Firmicutes|c__Clostridia|o__Lachnospirales|f__Lachnospiraceae|g__Lachnospiraceae_ND3007_group|s__metagenome,0.9166666666666666
200,k__Bacteria|p__Bacteroidetes|c__Bacteroidia|o__Bacteroidales|f__Prevotellaceae|g__Prevotella|s__None,658,k__Bacteria|p__Firmicutes|c__Clostridia|o__Lachnospirales|f__Lachnospiraceae|g__Lachnospiraceae_NK4A136_group|s__uncultured_bacterium_Adhufec49.25,0.9166666666666666
200,k__Bacteria|p__Bacteroidetes|c__Bacteroidia|o__Bacteroidales|f__Prevotellaceae|g__Prevotella|s__None,662,k__Bacteria|p__Firmicutes|c__Clostridia|o__Lachnospirales|f__Lachnospiraceae|g__Lachnospiraceae_UCG-001|s__metagenome,0.9166666666666666
200,k__Bacteria|p__Bacteroidetes|c__Bacteroidia|o__Bacteroidales|f__Prevotellaceae|g__Prevotella|s__None,675,k__Bacteria|p__Firmicutes|c__Clostridia|o__Lachnospirales|f__Lachnospiraceae|g__Lachnospiraceae_UCG-010|s__None,0.8333333333333334
200,k__Bacteria|p__Bacteroidetes|c__Bacteroidia|o__Bacteroidales|f__Prevotellaceae|g__Prevotella|s__None,694,k__Bacteria|p__Firmicutes|c__Clostridia|o__Lachnospirales|f__Lachnospiraceae|g__Roseburia|s__None,0.8333333333333334
200,k__Bacteria|p__Bacteroidetes|c__Bacteroidia|o__Bacteroidales|f__Prevotellaceae|g__Prevotella|s__None,695,k__Bacteria|p__Firmicutes|c__Clostridia|o__Lachnospirales|f__Lachnospiraceae|g__Roseburia|s__gut_metagenome,0.9166666666666666
200,k__Bacteria|p__Bacteroidetes|c__Bacteroidia|o__Bacteroidales|f__Prevotellaceae|g__Prevotella|s__None,705,k__Bacteria|p__Firmicutes|c__Clostridia|o__Lachnospirales|f__Lachnospiraceae|g__Tuzzerella|s__None,0.8333333333333334
200,k__Bacteria|p__Bacteroidetes|c__Bacteroidia|o__Bacteroidales|f__Prevotellaceae|g__Prevotella|s__None,709,k__Bacteria|p__Firmicutes|c__Clostridia|o__Lachnospirales|f__Lachnospiraceae|g__UC5-1-2E3|s__uncultured_organism,0.9166666666666666
200,k__Bacteria|p__Bacteroidetes|c__Bacteroidia|o__Bacteroidales|f__Prevotellaceae|g__Prevotella|s__None,711,k__Bacteria|p__Firmicutes|c__Clostridia|o__Lachnospirales|f__Lachnospiraceae|g__Eubacterium_eligens_group|s__None,0.8333333333333334
200,k__Bacteria|p__Bacteroidetes|c__Bacteroidia|o__Bacteroidales|f__Prevotellaceae|g__Prevotella|s__None,712,k__Bacteria|p__Firmicutes|c__Clostridia|o__Lachnospirales|f__Lachnospiraceae|g__Eubacterium_fissicatena_group|s__None,0.8333333333333334
200,k__Bacteria|p__Bacteroidetes|c__Bacteroidia|o__Bacteroidales|f__Prevotellaceae|g__Prevotella|s__None,717,k__Bacteria|p__Firmicutes|c__Clostridia|o__Lachnospirales|f__Lachnospiraceae|g__Eubacterium_hallii_group|s__None,0.8333333333333334
200,k__Bacteria|p__Bacteroidetes|c__Bacteroidia|o__Bacteroidales|f__Prevotellaceae|g__Prevotella|s__None,722,k__Bacteria|p__Firmicutes|c__Clostridia|o__Lachnospirales|f__Lachnospiraceae|g__Eubacterium_ventriosum_group|s__uncultured_organism,0.9166666666666666
200,k__Bacteria|p__Bacteroidetes|c__Bacteroidia|o__Bacteroidales|f__Prevotellaceae|g__Prevotella|s__None,724,k__Bacteria|p__Firmicutes|c__Clostridia|o__Lachnospirales|f__Lachnospiraceae|g__Eubacterium_xylanophilum_group|s__None,0.8333333333333334
200,k__Bacteria|p__Bacteroidetes|c__Bacteroidia|o__Bacteroidales|f__Prevotellaceae|g__Prevotella|s__None,730,k__Bacteria|p__Firmicutes|c__Clostridia|o__Lachnospirales|f__Lachnospiraceae|g__Ruminococcus_torques_group|s__None,0.8333333333333334
200,k__Bacteria|p__Bacteroidetes|c__Bacteroidia|o__Bacteroidales|f__Prevotellaceae|g__Prevotella|s__None,732,k__Bacteria|p__Firmicutes|c__Clostridia|o__Lachnospirales|f__Lachnospiraceae|g__None|s__None,0.75
200,k__Bacteria|p__Bacteroidetes|c__Bacteroidia|o__Bacteroidales|f__Prevotellaceae|g__Prevotella|s__None,733,k__Bacteria|p__Firmicutes|c__Clostridia|o__Lachnospirales|f__Lachnospiraceae|g__uncultured|s__None,0.8333333333333334
200,k__Bacteria|p__Bacteroidetes|c__Bacteroidia|o__Bacteroidales|f__Prevotellaceae|g__Prevotella|s__None,739,k__Bacteria|p__Firmicutes|c__Clostridia|o__Monoglobales|f__Monoglobaceae|g__Monoglobus|s__None,0.8333333333333334
200,k__Bacteria|p__Bacteroidetes|c__Bacteroidia|o__Bacteroidales|f__Prevotellaceae|g__Prevotella|s__None,759,k__Bacteria|p__Firmicutes|c__Clostridia|o__Oscillospirales|f__Oscillospiraceae|g__Colidextribacter|s__None,0.8333333333333334
200,k__Bacteria|p__Bacteroidetes|c__Bacteroidia|o__Bacteroidales|f__Prevotellaceae|g__Prevotella|s__None,767,k__Bacteria|p__Firmicutes|c__Clostridia|o__Oscillospirales|f__Oscillospiraceae|g__Flavonifractor|s__None,0.8333333333333334
200,k__Bacteria|p__Bacteroidetes|c__Bacteroidia|o__Bacteroidales|f__Prevotellaceae|g__Prevotella|s__None,769,k__Bacteria|p__Firmicutes|c__Clostridia|o__Oscillospirales|f__Oscillospiraceae|g__Intestinimonas|s__None,0.8333333333333334
200,k__Bacteria|p__Bacteroidetes|c__Bacteroidia|o__Bacteroidales|f__Prevotellaceae|g__Prevotella|s__None,770,k__Bacteria|p__Firmicutes|c__Clostridia|o__Oscillospirales|f__Oscillospiraceae|g__Intestinimonas|s__bacterium_P1C2,0.9166666666666666
200,k__Bacteria|p__Bacteroidetes|c__Bacteroidia|o__Bacteroidales|f__Prevotellaceae|g__Prevotella|s__None,779,k__Bacteria|p__Firmicutes|c__Clostridia|o__Oscillospirales|f__Oscillospiraceae|g__Oscillibacter|s__None,0.8333333333333334
200,k__Bacteria|p__Bacteroidetes|c__Bacteroidia|o__Bacteroidales|f__Prevotellaceae|g__Prevotella|s__None,780,k__Bacteria|p__Firmicutes|c__Clostridia|o__Oscillospirales|f__Oscillospiraceae|g__Oscillibacter|s__metagenome,0.9166666666666666
200,k__Bacteria|p__Bacteroidetes|c__Bacteroidia|o__Bacteroidales|f__Prevotellaceae|g__Prevotella|s__None,790,k__Bacteria|p__Firmicutes|c__Clostridia|o__Oscillospirales|f__Oscillospiraceae|g__UCG-002|s__None,0.8333333333333334
200,k__Bacteria|p__Bacteroidetes|c__Bacteroidia|o__Bacteroidales|f__Prevotellaceae|g__Prevotella|s__None,791,k__Bacteria|p__Firmicutes|c__Clostridia|o__Oscillospirales|f__Oscillospiraceae|g__UCG-003|s__None,0.8333333333333334
200,k__Bacteria|p__Bacteroidetes|c__Bacteroidia|o__Bacteroidales|f__Prevotellaceae|g__Prevotella|s__None,794,k__Bacteria|p__Firmicutes|c__Clostridia|o__Oscillospirales|f__Oscillospiraceae|g__UCG-005|s__metagenome,0.9166666666666666
200,k__Bacteria|p__Bacteroidetes|c__Bacteroidia|o__Bacteroidales|f__Prevotellaceae|g__Prevotella|s__None,812,k__Bacteria|p__Firmicutes|c__Clostridia|o__Oscillospirales|f__Ruminococcaceae|g__Anaerofilum|s__metagenome,0.9166666666666666
200,k__Bacteria|p__Bacteroidetes|c__Bacteroidia|o__Bacteroidales|f__Prevotellaceae|g__Prevotella|s__None,832,k__Bacteria|p__Firmicutes|c__Clostridia|o__Oscillospirales|f__Ruminococcaceae|g__DTU089|s__None,0.8333333333333334
200,k__Bacteria|p__Bacteroidetes|c__Bacteroidia|o__Bacteroidales|f__Prevotellaceae|g__Prevotella|s__None,833,k__Bacteria|p__Firmicutes|c__Clostridia|o__Oscillospirales|f__Ruminococcaceae|g__Faecalibacterium|s__None,0.8333333333333334
200,k__Bacteria|p__Bacteroidetes|c__Bacteroidia|o__Bacteroidales|f__Prevotellaceae|g__Prevotella|s__None,839,k__Bacteria|p__Firmicutes|c__Clostridia|o__Oscillospirales|f__Ruminococcaceae|g__Incertae_Sedis|s__metagenome,0.9166666666666666
200,k__Bacteria|p__Bacteroidetes|c__Bacteroidia|o__Bacteroidales|f__Prevotellaceae|g__Prevotella|s__None,841,k__Bacteria|p__Firmicutes|c__Clostridia|o__Oscillospirales|f__Ruminococcaceae|g__Incertae_Sedis|s__None,0.8333333333333334
200,k__Bacteria|p__Bacteroidetes|c__Bacteroidia|o__Bacteroidales|f__Prevotellaceae|g__Prevotella|s__None,859,k__Bacteria|p__Firmicutes|c__Clostridia|o__Oscillospirales|f__Ruminococcaceae|g__Ruminococcus|s__None,0.8333333333333334
200,k__Bacteria|p__Bacteroidetes|c__Bacteroidia|o__Bacteroidales|f__Prevotellaceae|g__Prevotella|s__None,860,k__Bacteria|p__Firmicutes|c__Clostridia|o__Oscillospirales|f__Ruminococcaceae|g__Subdoligranulum|s__None,0.8333333333333334
200,k__Bacteria|p__Bacteroidetes|c__Bacteroidia|o__Bacteroidales|f__Prevotellaceae|g__Prevotella|s__None,863,k__Bacteria|p__Firmicutes|c__Clostridia|o__Oscillospirales|f__Ruminococcaceae|g__UBA1819|s__None,0.8333333333333334
200,k__Bacteria|p__Bacteroidetes|c__Bacteroidia|o__Bacteroidales|f__Prevotellaceae|g__Prevotella|s__None,865,k__Bacteria|p__Firmicutes|c__Clostridia|o__Oscillospirales|f__Ruminococcaceae|g__Eubacterium_siraeum_group|s__None,0.8333333333333334
200,k__Bacteria|p__Bacteroidetes|c__Bacteroidia|o__Bacteroidales|f__Prevotellaceae|g__Prevotella|s__None,869,k__Bacteria|p__Firmicutes|c__Clostridia|o__Oscillospirales|f__Ruminococcaceae|g__None|s__None,0.75
200,k__Bacteria|p__Bacteroidetes|c__Bacteroidia|o__Bacteroidales|f__Prevotellaceae|g__Prevotella|s__None,885,k__Bacteria|p__Firmicutes|c__Clostridia|o__Oscillospirales|f__Eubacterium_coprostanoligenes_group|g__None|s__None,0.75
200,k__Bacteria|p__Bacteroidetes|c__Bacteroidia|o__Bacteroidales|f__Prevotellaceae|g__Prevotella|s__None,905,k__Bacteria|p__Firmicutes|c__Clostridia|o__Peptostreptococcales-Tissierellales|f__Anaerovoracaceae|g__Family_XIII_AD3011_group|s__metagenome,0.9166666666666666
200,k__Bacteria|p__Bacteroidetes|c__Bacteroidia|o__Bacteroidales|f__Prevotellaceae|g__Prevotella|s__None,925,k__Bacteria|p__Firmicutes|c__Clostridia|o__Peptostreptococcales-Tissierellales|f__Anaerovoracaceae|g__None|s__None,0.75
200,k__Bacteria|p__Bacteroidetes|c__Bacteroidia|o__Bacteroidales|f__Prevotellaceae|g__Prevotella|s__None,943,k__Bacteria|p__Firmicutes|c__Clostridia|o__Peptostreptococcales-Tissierellales|f__Peptostreptococcaceae|g__Intestinibacter|s__None,0.8333333333333334
200,k__Bacteria|p__Bacteroidetes|c__Bacteroidia|o__Bacteroidales|f__Prevotellaceae|g__Prevotella|s__None,951,k__Bacteria|p__Firmicutes|c__Clostridia|o__Peptostreptococcales-Tissierellales|f__Peptostreptococcaceae|g__Romboutsia|s__None,0.8333333333333334
200,k__Bacteria|p__Bacteroidetes|c__Bacteroidia|o__Bacteroidales|f__Prevotellaceae|g__Prevotella|s__None,956,k__Bacteria|p__Firmicutes|c__Clostridia|o__None|f__None|g__None|s__None,0.5833333333333334
200,k__Bacteria|p__Bacteroidetes|c__Bacteroidia|o__Bacteroidales|f__Prevotellaceae|g__Prevotella|s__None,966,k__Bacteria|p__Firmicutes|c__Negativicutes|o__Acidaminococcales|f__Acidaminococcaceae|g__Acidaminococcus|s__None,0.8333333333333334
200,k__Bacteria|p__Bacteroidetes|c__Bacteroidia|o__Bacteroidales|f__Prevotellaceae|g__Prevotella|s__None,967,k__Bacteria|p__Firmicutes|c__Negativicutes|o__Acidaminococcales|f__Acidaminococcaceae|g__Phascolarctobacterium|s__None,0.8333333333333334
200,k__Bacteria|p__Bacteroidetes|c__Bacteroidia|o__Bacteroidales|f__Prevotellaceae|g__Prevotella|s__None,986,k__Bacteria|p__Firmicutes|c__Negativicutes|o__Veillonellales-Selenomonadales|f__Veillonellaceae|g__Dialister|s__None,0.8333333333333334
200,k__Bacteria|p__Bacteroidetes|c__Bacteroidia|o__Bacteroidales|f__Prevotellaceae|g__Prevotella|s__None,992,k__Bacteria|p__Firmicutes|c__Negativicutes|o__Veillonellales-Selenomonadales|f__Veillonellaceae|g__Veillonella|s__None,0.8333333333333334
200,k__Bacteria|p__Bacteroidetes|c__Bacteroidia|o__Bacteroidales|f__Prevotellaceae|g__Prevotella|s__None,1055,k__Bacteria|p__Proteobacteria|c__Gammaproteobacteria|o__Burkholderiales|f__Sutterellaceae|g__Parasutterella|s__None,0.8333333333333334
200,k__Bacteria|p__Bacteroidetes|c__Bacteroidia|o__Bacteroidales|f__Prevotellaceae|g__Prevotella|s__None,1069,k__Bacteria|p__Proteobacteria|c__Gammaproteobacteria|o__Enterobacterales|f__Enterobacteriaceae|g__Escherichia-Shigella|s__None,0.8333333333333334
200,k__Bacteria|p__Bacteroidetes|c__Bacteroidia|o__Bacteroidales|f__Prevotellaceae|g__Prevotella|s__None,1089,k__Bacteria|p__Proteobacteria|c__Gammaproteobacteria|o__Pseudomonadales|f__Pseudomonadaceae|g__Pseudomonas|s__None,0.8333333333333334
200,k__Bacteria|p__Bacteroidetes|c__Bacteroidia|o__Bacteroidales|f__Prevotellaceae|g__Prevotella|s__None,1132,k__Bacteria|p__Verrucomicrobiota|c__Verrucomicrobiae|o__Verrucomicrobiales|f__Akkermansiaceae|g__Akkermansia|s__None,0.8333333333333334
200,k__Bacteria|p__Bacteroidetes|c__Bacteroidia|o__Bacteroidales|f__Prevotellaceae|g__Prevotella|s__None,1136,k__Bacteria|p__None|c__None|o__None|f__None|g__None|s__None,0.4166666666666667
224,k__Bacteria|p__Bacteroidetes|c__Bacteroidia|o__Bacteroidales|f__Rikenellaceae|g__Alistipes|s__Bacteroidetes_bacterium_Eg28,225,k__Bacteria|p__Bacteroidetes|c__Bacteroidia|o__Bacteroidales|f__Rikenellaceae|g__Alistipes|s__Tidjanibacter_massiliensis,0.16666666666666666
224,k__Bacteria|p__Bacteroidetes|c__Bacteroidia|o__Bacteroidales|f__Rikenellaceae|g__Alistipes|s__Bacteroidetes_bacterium_Eg28,227,k__Bacteria|p__Bacteroidetes|c__Bacteroidia|o__Bacteroidales|f__Rikenellaceae|g__Alistipes|s__None,0.08333333333333333
224,k__Bacteria|p__Bacteroidetes|c__Bacteroidia|o__Bacteroidales|f__Rikenellaceae|g__Alistipes|s__Bacteroidetes_bacterium_Eg28,284,k__Bacteria|p__Desulfobacterota|c__Desulfovibrionia|o__Desulfovibrionales|f__Desulfovibrionaceae|g__Bilophila|s__None,0.9166666666666666
224,k__Bacteria|p__Bacteroidetes|c__Bacteroidia|o__Bacteroidales|f__Rikenellaceae|g__Alistipes|s__Bacteroidetes_bacterium_Eg28,311,k__Bacteria|p__Firmicutes|c__Bacilli|o__Erysipelotrichales|f__Erysipelatoclostridiaceae|g__Erysipelatoclostridium|s__Clostridium_spiroforme_DSM_1552,1.0
224,k__Bacteria|p__Bacteroidetes|c__Bacteroidia|o__Bacteroidales|f__Rikenellaceae|g__Alistipes|s__Bacteroidetes_bacterium_Eg28,314,k__Bacteria|p__Firmicutes|c__Bacilli|o__Erysipelotrichales|f__Erysipelatoclostridiaceae|g__Erysipelotrichaceae_UCG-003|s__None,0.9166666666666666
224,k__Bacteria|p__Bacteroidetes|c__Bacteroidia|o__Bacteroidales|f__Rikenellaceae|g__Alistipes|s__Bacteroidetes_bacterium_Eg28,380,k__Bacteria|p__Firmicutes|c__Bacilli|o__Lactobacillales|f__Streptococcaceae|g__Streptococcus|s__None,0.9166666666666666
224,k__Bacteria|p__Bacteroidetes|c__Bacteroidia|o__Bacteroidales|f__Rikenellaceae|g__Alistipes|s__Bacteroidetes_bacterium_Eg28,411,k__Bacteria|p__Firmicutes|c__Clostridia|o__Christensenellales|f__Christensenellaceae|g__Christensenellaceae_R-7_group|s__None,0.9166666666666666
224,k__Bacteria|p__Bacteroidetes|c__Bacteroidia|o__Bacteroidales|f__Rikenellaceae|g__Alistipes|s__Bacteroidetes_bacterium_Eg28,421,k__Bacteria|p__Firmicutes|c__Clostridia|o__Christensenellales|f__Christensenellaceae|g__Christensenellaceae_R-7_group|s__uncultured_marine_bacterium,1.0
224,k__Bacteria|p__Bacteroidetes|c__Bacteroidia|o__Bacteroidales|f__Rikenellaceae|g__Alistipes|s__Bacteroidetes_bacterium_Eg28,426,k__Bacteria|p__Firmicutes|c__Clostridia|o__Clostridia_UCG-014|f__None|g__None|s__None,0.75
224,k__Bacteria|p__Bacteroidetes|c__Bacteroidia|o__Bacteroidales|f__Rikenellaceae|g__Alistipes|s__Bacteroidetes_bacterium_Eg28,445,k__Bacteria|p__Firmicutes|c__Clostridia|o__Clostridiales|f__Christensenellaceae|g__Christensenella|s__PAC002297,1.0
224,k__Bacteria|p__Bacteroidetes|c__Bacteroidia|o__Bacteroidales|f__Rikenellaceae|g__Alistipes|s__Bacteroidetes_bacterium_Eg28,501,k__Bacteria|p__Firmicutes|c__Clostridia|o__Clostridiales|f__Lachnospiraceae|g__PAC001201|s__PAC002549,1.0
224,k__Bacteria|p__Bacteroidetes|c__Bacteroidia|o__Bacteroidales|f__Rikenellaceae|g__Alistipes|s__Bacteroidetes_bacterium_Eg28,534,k__Bacteria|p__Firmicutes|c__Clostridia|o__Clostridiales|f__Ruminococcaceae|g__PAC001144|s__PAC001620,1.0
224,k__Bacteria|p__Bacteroidetes|c__Bacteroidia|o__Bacteroidales|f__Rikenellaceae|g__Alistipes|s__Bacteroidetes_bacterium_Eg28,562,k__Bacteria|p__Firmicutes|c__Clostridia|o__Eubacteriales|f__Eubacteriaceae|g__Eubacterium|s__None,0.9166666666666666
224,k__Bacteria|p__Bacteroidetes|c__Bacteroidia|o__Bacteroidales|f__Rikenellaceae|g__Alistipes|s__Bacteroidetes_bacterium_Eg28,577,k__Bacteria|p__Firmicutes|c__Clostridia|o__Lachnospirales|f__Lachnospiraceae|g__Agathobacter|s__None,0.9166666666666666
224,k__Bacteria|p__Bacteroidetes|c__Bacteroidia|o__Bacteroidales|f__Rikenellaceae|g__Alistipes|s__Bacteroidetes_bacterium_Eg28,588,k__Bacteria|p__Firmicutes|c__Clostridia|o__Lachnospirales|f__Lachnospiraceae|g__Anaerostipes|s__None,0.9166666666666666
224,k__Bacteria|p__Bacteroidetes|c__Bacteroidia|o__Bacteroidales|f__Rikenellaceae|g__Alistipes|s__Bacteroidetes_bacterium_Eg28,591,k__Bacteria|p__Firmicutes|c__Clostridia|o__Lachnospirales|f__Lachnospiraceae|g__Anaerostipes|s__uncultured_Lachnospiraceae_bacterium,1.0
224,k__Bacteria|p__Bacteroidetes|c__Bacteroidia|o__Bacteroidales|f__Rikenellaceae|g__Alistipes|s__Bacteroidetes_bacterium_Eg28,594,k__Bacteria|p__Firmicutes|c__Clostridia|o__Lachnospirales|f__Lachnospiraceae|g__Blautia|s__None,0.9166666666666666
224,k__Bacteria|p__Bacteroidetes|c__Bacteroidia|o__Bacteroidales|f__Rikenellaceae|g__Alistipes|s__Bacteroidetes_bacterium_Eg28,595,k__Bacteria|p__Firmicutes|c__Clostridia|o__Lachnospirales|f__Lachnospiraceae|g__Blautia|s__bacterium_mpn-isolate_group_20,1.0
224,k__Bacteria|p__Bacteroidetes|c__Bacteroidia|o__Bacteroidales|f__Rikenellaceae|g__Alistipes|s__Bacteroidetes_bacterium_Eg28,597,k__Bacteria|p__Firmicutes|c__Clostridia|o__Lachnospirales|f__Lachnospiraceae|g__Blautia|s__uncultured_Blautia_sp.,1.0
224,k__Bacteria|p__Bacteroidetes|c__Bacteroidia|o__Bacteroidales|f__Rikenellaceae|g__Alistipes|s__Bacteroidetes_bacterium_Eg28,608,k__Bacteria|p__Firmicutes|c__Clostridia|o__Lachnospirales|f__Lachnospiraceae|g__Coprococcus|s__None,0.9166666666666666
224,k__Bacteria|p__Bacteroidetes|c__Bacteroidia|o__Bacteroidales|f__Rikenellaceae|g__Alistipes|s__Bacteroidetes_bacterium_Eg28,609,k__Bacteria|p__Firmicutes|c__Clostridia|o__Lachnospirales|f__Lachnospiraceae|g__Coprococcus|s__uncultured_Coprococcus_sp.,1.0
224,k__Bacteria|p__Bacteroidetes|c__Bacteroidia|o__Bacteroidales|f__Rikenellaceae|g__Alistipes|s__Bacteroidetes_bacterium_Eg28,612,k__Bacteria|p__Firmicutes|c__Clostridia|o__Lachnospirales|f__Lachnospiraceae|g__Eisenbergiella|s__None,0.9166666666666666
224,k__Bacteria|p__Bacteroidetes|c__Bacteroidia|o__Bacteroidales|f__Rikenellaceae|g__Alistipes|s__Bacteroidetes_bacterium_Eg28,619,k__Bacteria|p__Firmicutes|c__Clostridia|o__Lachnospirales|f__Lachnospiraceae|g__Fusicatenibacter|s__uncultured_Lachnospiraceae_bacterium,1.0
224,k__Bacteria|p__Bacteroidetes|c__Bacteroidia|o__Bacteroidales|f__Rikenellaceae|g__Alistipes|s__Bacteroidetes_bacterium_Eg28,620,k__Bacteria|p__Firmicutes|c__Clostridia|o__Lachnospirales|f__Lachnospiraceae|g__GCA-900066575|s__None,0.9166666666666666
224,k__Bacteria|p__Bacteroidetes|c__Bacteroidia|o__Bacteroidales|f__Rikenellaceae|g__Alistipes|s__Bacteroidetes_bacterium_Eg28,628,k__Bacteria|p__Firmicutes|c__Clostridia|o__Lachnospirales|f__Lachnospiraceae|g__Howardella|s__metagenome,1.0
224,k__Bacteria|p__Bacteroidetes|c__Bacteroidia|o__Bacteroidales|f__Rikenellaceae|g__Alistipes|s__Bacteroidetes_bacterium_Eg28,638,k__Bacteria|p__Firmicutes|c__Clostridia|o__Lachnospirales|f__Lachnospiraceae|g__Lachnoclostridium|s__None,0.9166666666666666
224,k__Bacteria|p__Bacteroidetes|c__Bacteroidia|o__Bacteroidales|f__Rikenellaceae|g__Alistipes|s__Bacteroidetes_bacterium_Eg28,640,k__Bacteria|p__Firmicutes|c__Clostridia|o__Lachnospirales|f__Lachnospiraceae|g__Lachnoclostridium|s__uncultured_Lachnospiraceae_bacterium,1.0
224,k__Bacteria|p__Bacteroidetes|c__Bacteroidia|o__Bacteroidales|f__Rikenellaceae|g__Alistipes|s__Bacteroidetes_bacterium_Eg28,641,k__Bacteria|p__Firmicutes|c__Clostridia|o__Lachnospirales|f__Lachnospiraceae|g__Lachnospira|s__None,0.9166666666666666
224,k__Bacteria|p__Bacteroidetes|c__Bacteroidia|o__Bacteroidales|f__Rikenellaceae|g__Alistipes|s__Bacteroidetes_bacterium_Eg28,649,k__Bacteria|p__Firmicutes|c__Clostridia|o__Lachnospirales|f__Lachnospiraceae|g__Lachnospiraceae_ND3007_group|s__metagenome,1.0
224,k__Bacteria|p__Bacteroidetes|c__Bacteroidia|o__Bacteroidales|f__Rikenellaceae|g__Alistipes|s__Bacteroidetes_bacterium_Eg28,658,k__Bacteria|p__Firmicutes|c__Clostridia|o__Lachnospirales|f__Lachnospiraceae|g__Lachnospiraceae_NK4A136_group|s__uncultured_bacterium_Adhufec49.25,1.0
224,k__Bacteria|p__Bacteroidetes|c__Bacteroidia|o__Bacteroidales|f__Rikenellaceae|g__Alistipes|s__Bacteroidetes_bacterium_Eg28,662,k__Bacteria|p__Firmicutes|c__Clostridia|o__Lachnospirales|f__Lachnospiraceae|g__Lachnospiraceae_UCG-001|s__metagenome,1.0
224,k__Bacteria|p__Bacteroidetes|c__Bacteroidia|o__Bacteroidales|f__Rikenellaceae|g__Alistipes|s__Bacteroidetes_bacterium_Eg28,675,k__Bacteria|p__Firmicutes|c__Clostridia|o__Lachnospirales|f__Lachnospiraceae|g__Lachnospiraceae_UCG-010|s__None,0.9166666666666666
224,k__Bacteria|p__Bacteroidetes|c__Bacteroidia|o__Bacteroidales|f__Rikenellaceae|g__Alistipes|s__Bacteroidetes_bacterium_Eg28,694,k__Bacteria|p__Firmicutes|c__Clostridia|o__Lachnospirales|f__Lachnospiraceae|g__Roseburia|s__None,0.9166666666666666
224,k__Bacteria|p__Bacteroidetes|c__Bacteroidia|o__Bacteroidales|f__Rikenellaceae|g__Alistipes|s__Bacteroidetes_bacterium_Eg28,695,k__Bacteria|p__Firmicutes|c__Clostridia|o__Lachnospirales|f__Lachnospiraceae|g__Roseburia|s__gut_metagenome,1.0
224,k__Bacteria|p__Bacteroidetes|c__Bacteroidia|o__Bacteroidales|f__Rikenellaceae|g__Alistipes|s__Bacteroidetes_bacterium_Eg28,705,k__Bacteria|p__Firmicutes|c__Clostridia|o__Lachnospirales|f__Lachnospiraceae|g__Tuzzerella|s__None,0.9166666666666666
224,k__Bacteria|p__Bacteroidetes|c__Bacteroidia|o__Bacteroidales|f__Rikenellaceae|g__Alistipes|s__Bacteroidetes_bacterium_Eg28,709,k__Bacteria|p__Firmicutes|c__Clostridia|o__Lachnospirales|f__Lachnospiraceae|g__UC5-1-2E3|s__uncultured_organism,1.0
224,k__Bacteria|p__Bacteroidetes|c__Bacteroidia|o__Bacteroidales|f__Rikenellaceae|g__Alistipes|s__Bacteroidetes_bacterium_Eg28,711,k__Bacteria|p__Firmicutes|c__Clostridia|o__Lachnospirales|f__Lachnospiraceae|g__Eubacterium_eligens_group|s__None,0.9166666666666666
224,k__Bacteria|p__Bacteroidetes|c__Bacteroidia|o__Bacteroidales|f__Rikenellaceae|g__Alistipes|s__Bacteroidetes_bacterium_Eg28,712,k__Bacteria|p__Firmicutes|c__Clostridia|o__Lachnospirales|f__Lachnospiraceae|g__Eubacterium_fissicatena_group|s__None,0.9166666666666666
224,k__Bacteria|p__Bacteroidetes|c__Bacteroidia|o__Bacteroidales|f__Rikenellaceae|g__Alistipes|s__Bacteroidetes_bacterium_Eg28,717,k__Bacteria|p__Firmicutes|c__Clostridia|o__Lachnospirales|f__Lachnospiraceae|g__Eubacterium_hallii_group|s__None,0.9166666666666666
224,k__Bacteria|p__Bacteroidetes|c__Bacteroidia|o__Bacteroidales|f__Rikenellaceae|g__Alistipes|s__Bacteroidetes_bacterium_Eg28,722,k__Bacteria|p__Firmicutes|c__Clostridia|o__Lachnospirales|f__Lachnospiraceae|g__Eubacterium_ventriosum_group|s__uncultured_organism,1.0
224,k__Bacteria|p__Bacteroidetes|c__Bacteroidia|o__Bacteroidales|f__Rikenellaceae|g__Alistipes|s__Bacteroidetes_bacterium_Eg28,724,k__Bacteria|p__Firmicutes|c__Clostridia|o__Lachnospirales|f__Lachnospiraceae|g__Eubacterium_xylanophilum_group|s__None,0.9166666666666666
224,k__Bacteria|p__Bacteroidetes|c__Bacteroidia|o__Bacteroidales|f__Rikenellaceae|g__Alistipes|s__Bacteroidetes_bacterium_Eg28,730,k__Bacteria|p__Firmicutes|c__Clostridia|o__Lachnospirales|f__Lachnospiraceae|g__Ruminococcus_torques_group|s__None,0.9166666666666666
224,k__Bacteria|p__Bacteroidetes|c__Bacteroidia|o__Bacteroidales|f__Rikenellaceae|g__Alistipes|s__Bacteroidetes_bacterium_Eg28,732,k__Bacteria|p__Firmicutes|c__Clostridia|o__Lachnospirales|f__Lachnospiraceae|g__None|s__None,0.8333333333333334
224,k__Bacteria|p__Bacteroidetes|c__Bacteroidia|o__Bacteroidales|f__Rikenellaceae|g__Alistipes|s__Bacteroidetes_bacterium_Eg28,733,k__Bacteria|p__Firmicutes|c__Clostridia|o__Lachnospirales|f__Lachnospiraceae|g__uncultured|s__None,0.9166666666666666
224,k__Bacteria|p__Bacteroidetes|c__Bacteroidia|o__Bacteroidales|f__Rikenellaceae|g__Alistipes|s__Bacteroidetes_bacterium_Eg28,739,k__Bacteria|p__Firmicutes|c__Clostridia|o__Monoglobales|f__Monoglobaceae|g__Monoglobus|s__None,0.9166666666666666
224,k__Bacteria|p__Bacteroidetes|c__Bacteroidia|o__Bacteroidales|f__Rikenellaceae|g__Alistipes|s__Bacteroidetes_bacterium_Eg28,759,k__Bacteria|p__Firmicutes|c__Clostridia|o__Oscillospirales|f__Oscillospiraceae|g__Colidextribacter|s__None,0.9166666666666666
224,k__Bacteria|p__Bacteroidetes|c__Bacteroidia|o__Bacteroidales|f__Rikenellaceae|g__Alistipes|s__Bacteroidetes_bacterium_Eg28,767,k__Bacteria|p__Firmicutes|c__Clostridia|o__Oscillospirales|f__Oscillospiraceae|g__Flavonifractor|s__None,0.9166666666666666
224,k__Bacteria|p__Bacteroidetes|c__Bacteroidia|o__Bacteroidales|f__Rikenellaceae|g__Alistipes|s__Bacteroidetes_bacterium_Eg28,769,k__Bacteria|p__Firmicutes|c__Clostridia|o__Oscillospirales|f__Oscillospiraceae|g__Intestinimonas|s__None,0.9166666666666666
224,k__Bacteria|p__Bacteroidetes|c__Bacteroidia|o__Bacteroidales|f__Rikenellaceae|g__Alistipes|s__Bacteroidetes_bacterium_Eg28,770,k__Bacteria|p__Firmicutes|c__Clostridia|o__Oscillospirales|f__Oscillospiraceae|g__Intestinimonas|s__bacterium_P1C2,1.0
224,k__Bacteria|p__Bacteroidetes|c__Bacteroidia|o__Bacteroidales|f__Rikenellaceae|g__Alistipes|s__Bacteroidetes_bacterium_Eg28,779,k__Bacteria|p__Firmicutes|c__Clostridia|o__Oscillospirales|f__Oscillospiraceae|g__Oscillibacter|s__None,0.9166666666666666
224,k__Bacteria|p__Bacteroidetes|c__Bacteroidia|o__Bacteroidales|f__Rikenellaceae|g__Alistipes|s__Bacteroidetes_bacterium_Eg28,780,k__Bacteria|p__Firmicutes|c__Clostridia|o__Oscillospirales|f__Oscillospiraceae|g__Oscillibacter|s__metagenome,1.0
224,k__Bacteria|p__Bacteroidetes|c__Bacteroidia|o__Bacteroidales|f__Rikenellaceae|g__Alistipes|s__Bacteroidetes_bacterium_Eg28,790,k__Bacteria|p__Firmicutes|c__Clostridia|o__Oscillospirales|f__Oscillospiraceae|g__UCG-002|s__None,0.9166666666666666
224,k__Bacteria|p__Bacteroidetes|c__Bacteroidia|o__Bacteroidales|f__Rikenellaceae|g__Alistipes|s__Bacteroidetes_bacterium_Eg28,791,k__Bacteria|p__Firmicutes|c__Clostridia|o__Oscillospirales|f__Oscillospiraceae|g__UCG-003|s__None,0.9166666666666666
224,k__Bacteria|p__Bacteroidetes|c__Bacteroidia|o__Bacteroidales|f__Rikenellaceae|g__Alistipes|s__Bacteroidetes_bacterium_Eg28,794,k__Bacteria|p__Firmicutes|c__Clostridia|o__Oscillospirales|f__Oscillospiraceae|g__UCG-005|s__metagenome,1.0
224,k__Bacteria|p__Bacteroidetes|c__Bacteroidia|o__Bacteroidales|f__Rikenellaceae|g__Alistipes|s__Bacteroidetes_bacterium_Eg28,812,k__Bacteria|p__Firmicutes|c__Clostridia|o__Oscillospirales|f__Ruminococcaceae|g__Anaerofilum|s__metagenome,1.0
224,k__Bacteria|p__Bacteroidetes|c__Bacteroidia|o__Bacteroidales|f__Rikenellaceae|g__Alistipes|s__Bacteroidetes_bacterium_Eg28,832,k__Bacteria|p__Firmicutes|c__Clostridia|o__Oscillospirales|f__Ruminococcaceae|g__DTU089|s__None,0.9166666666666666
224,k__Bacteria|p__Bacteroidetes|c__Bacteroidia|o__Bacteroidales|f__Rikenellaceae|g__Alistipes|s__Bacteroidetes_bacterium_Eg28,833,k__Bacteria|p__Firmicutes|c__Clostridia|o__Oscillospirales|f__Ruminococcaceae|g__Faecalibacterium|s__None,0.9166666666666666
224,k__Bacteria|p__Bacteroidetes|c__Bacteroidia|o__Bacteroidales|f__Rikenellaceae|g__Alistipes|s__Bacteroidetes_bacterium_Eg28,839,k__Bacteria|p__Firmicutes|c__Clostridia|o__Oscillospirales|f__Ruminococcaceae|g__Incertae_Sedis|s__metagenome,1.0
224,k__Bacteria|p__Bacteroidetes|c__Bacteroidia|o__Bacteroidales|f__Rikenellaceae|g__Alistipes|s__Bacteroidetes_bacterium_Eg28,841,k__Bacteria|p__Firmicutes|c__Clostridia|o__Oscillospirales|f__Ruminococcaceae|g__Incertae_Sedis|s__None,0.9166666666666666
224,k__Bacteria|p__Bacteroidetes|c__Bacteroidia|o__Bacteroidales|f__Rikenellaceae|g__Alistipes|s__Bacteroidetes_bacterium_Eg28,859,k__Bacteria|p__Firmicutes|c__Clostridia|o__Oscillospirales|f__Ruminococcaceae|g__Ruminococcus|s__None,0.9166666666666666
224,k__Bacteria|p__Bacteroidetes|c__Bacteroidia|o__Bacteroidales|f__Rikenellaceae|g__Alistipes|s__Bacteroidetes_bacterium_Eg28,860,k__Bacteria|p__Firmicutes|c__Clostridia|o__Oscillospirales|f__Ruminococcaceae|g__Subdoligranulum|s__None,0.9166666666666666
224,k__Bacteria|p__Bacteroidetes|c__Bacteroidia|o__Bacteroidales|f__Rikenellaceae|g__Alistipes|s__Bacteroidetes_bacterium_Eg28,863,k__Bacteria|p__Firmicutes|c__Clostridia|o__Oscillospirales|f__Ruminococcaceae|g__UBA1819|s__None,0.9166666666666666
224,k__Bacteria|p__Bacteroidetes|c__Bacteroidia|o__Bacteroidales|f__Rikenellaceae|g__Alistipes|s__Bacteroidetes_bacterium_Eg28,865,k__Bacteria|p__Firmicutes|c__Clostridia|o__Oscillospirales|f__Ruminococcaceae|g__Eubacterium_siraeum_group|s__None,0.9166666666666666
224,k__Bacteria|p__Bacteroidetes|c__Bacteroidia|o__Bacteroidales|f__Rikenellaceae|g__Alistipes|s__Bacteroidetes_bacterium_Eg28,869,k__Bacteria|p__Firmicutes|c__Clostridia|o__Oscillospirales|f__Ruminococcaceae|g__None|s__None,0.8333333333333334
224,k__Bacteria|p__Bacteroidetes|c__Bacteroidia|o__Bacteroidales|f__Rikenellaceae|g__Alistipes|s__Bacteroidetes_bacterium_Eg28,885,k__Bacteria|p__Firmicutes|c__Clostridia|o__Oscillospirales|f__Eubacterium_coprostanoligenes_group|g__None|s__None,0.8333333333333334
224,k__Bacteria|p__Bacteroidetes|c__Bacteroidia|o__Bacteroidales|f__Rikenellaceae|g__Alistipes|s__Bacteroidetes_bacterium_Eg28,905,k__Bacteria|p__Firmicutes|c__Clostridia|o__Peptostreptococcales-Tissierellales|f__Anaerovoracaceae|g__Family_XIII_AD3011_group|s__metagenome,1.0
224,k__Bacteria|p__Bacteroidetes|c__Bacteroidia|o__Bacteroidales|f__Rikenellaceae|g__Alistipes|s__Bacteroidetes_bacterium_Eg28,925,k__Bacteria|p__Firmicutes|c__Clostridia|o__Peptostreptococcales-Tissierellales|f__Anaerovoracaceae|g__None|s__None,0.8333333333333334
224,k__Bacteria|p__Bacteroidetes|c__Bacteroidia|o__Bacteroidales|f__Rikenellaceae|g__Alistipes|s__Bacteroidetes_bacterium_Eg28,943,k__Bacteria|p__Firmicutes|c__Clostridia|o__Peptostreptococcales-Tissierellales|f__Peptostreptococcaceae|g__Intestinibacter|s__None,0.9166666666666666
224,k__Bacteria|p__Bacteroidetes|c__Bacteroidia|o__Bacteroidales|f__Rikenellaceae|g__Alistipes|s__Bacteroidetes_bacterium_Eg28,951,k__Bacteria|p__Firmicutes|c__Clostridia|o__Peptostreptococcales-Tissierellales|f__Peptostreptococcaceae|g__Romboutsia|s__None,0.9166666666666666
224,k__Bacteria|p__Bacteroidetes|c__Bacteroidia|o__Bacteroidales|f__Rikenellaceae|g__Alistipes|s__Bacteroidetes_bacterium_Eg28,956,k__Bacteria|p__Firmicutes|c__Clostridia|o__None|f__None|g__None|s__None,0.6666666666666666
224,k__Bacteria|p__Bacteroidetes|c__Bacteroidia|o__Bacteroidales|f__Rikenellaceae|g__Alistipes|s__Bacteroidetes_bacterium_Eg28,966,k__Bacteria|p__Firmicutes|c__Negativicutes|o__Acidaminococcales|f__Acidaminococcaceae|g__Acidaminococcus|s__None,0.9166666666666666
224,k__Bacteria|p__Bacteroidetes|c__Bacteroidia|o__Bacteroidales|f__Rikenellaceae|g__Alistipes|s__Bacteroidetes_bacterium_Eg28,967,k__Bacteria|p__Firmicutes|c__Negativicutes|o__Acidaminococcales|f__Acidaminococcaceae|g__Phascolarctobacterium|s__None,0.9166666666666666
224,k__Bacteria|p__Bacteroidetes|c__Bacteroidia|o__Bacteroidales|f__Rikenellaceae|g__Alistipes|s__Bacteroidetes_bacterium_Eg28,986,k__Bacteria|p__Firmicutes|c__Negativicutes|o__Veillonellales-Selenomonadales|f__Veillonellaceae|g__Dialister|s__None,0.9166666666666666
224,k__Bacteria|p__Bacteroidetes|c__Bacteroidia|o__Bacteroidales|f__Rikenellaceae|g__Alistipes|s__Bacteroidetes_bacterium_Eg28,992,k__Bacteria|p__Firmicutes|c__Negativicutes|o__Veillonellales-Selenomonadales|f__Veillonellaceae|g__Veillonella|s__None,0.9166666666666666
224,k__Bacteria|p__Bacteroidetes|c__Bacteroidia|o__Bacteroidales|f__Rikenellaceae|g__Alistipes|s__Bacteroidetes_bacterium_Eg28,1055,k__Bacteria|p__Proteobacteria|c__Gammaproteobacteria|o__Burkholderiales|f__Sutterellaceae|g__Parasutterella|s__None,0.9166666666666666
224,k__Bacteria|p__Bacteroidetes|c__Bacteroidia|o__Bacteroidales|f__Rikenellaceae|g__Alistipes|s__Bacteroidetes_bacterium_Eg28,1069,k__Bacteria|p__Proteobacteria|c__Gammaproteobacteria|o__Enterobacterales|f__Enterobacteriaceae|g__Escherichia-Shigella|s__None,0.9166666666666666
224,k__Bacteria|p__Bacteroidetes|c__Bacteroidia|o__Bacteroidales|f__Rikenellaceae|g__Alistipes|s__Bacteroidetes_bacterium_Eg28,1089,k__Bacteria|p__Proteobacteria|c__Gammaproteobacteria|o__Pseudomonadales|f__Pseudomonadaceae|g__Pseudomonas|s__None,0.9166666666666666
224,k__Bacteria|p__Bacteroidetes|c__Bacteroidia|o__Bacteroidales|f__Rikenellaceae|g__Alistipes|s__Bacteroidetes_bacterium_Eg28,1132,k__Bacteria|p__Verrucomicrobiota|c__Verrucomicrobiae|o__Verrucomicrobiales|f__Akkermansiaceae|g__Akkermansia|s__None,0.9166666666666666
224,k__Bacteria|p__Bacteroidetes|c__Bacteroidia|o__Bacteroidales|f__Rikenellaceae|g__Alistipes|s__Bacteroidetes_bacterium_Eg28,1136,k__Bacteria|p__None|c__None|o__None|f__None|g__None|s__None,0.5
225,k__Bacteria|p__Bacteroidetes|c__Bacteroidia|o__Bacteroidales|f__Rikenellaceae|g__Alistipes|s__Tidjanibacter_massiliensis,227,k__Bacteria|p__Bacteroidetes|c__Bacteroidia|o__Bacteroidales|f__Rikenellaceae|g__Alistipes|s__None,0.08333333333333333
225,k__Bacteria|p__Bacteroidetes|c__Bacteroidia|o__Bacteroidales|f__Rikenellaceae|g__Alistipes|s__Tidjanibacter_massiliensis,284,k__Bacteria|p__Desulfobacterota|c__Desulfovibrionia|o__Desulfovibrionales|f__Desulfovibrionaceae|g__Bilophila|s__None,0.9166666666666666
225,k__Bacteria|p__Bacteroidetes|c__Bacteroidia|o__Bacteroidales|f__Rikenellaceae|g__Alistipes|s__Tidjanibacter_massiliensis,311,k__Bacteria|p__Firmicutes|c__Bacilli|o__Erysipelotrichales|f__Erysipelatoclostridiaceae|g__Erysipelatoclostridium|s__Clostridium_spiroforme_DSM_1552,1.0
225,k__Bacteria|p__Bacteroidetes|c__Bacteroidia|o__Bacteroidales|f__Rikenellaceae|g__Alistipes|s__Tidjanibacter_massiliensis,314,k__Bacteria|p__Firmicutes|c__Bacilli|o__Erysipelotrichales|f__Erysipelatoclostridiaceae|g__Erysipelotrichaceae_UCG-003|s__None,0.9166666666666666
225,k__Bacteria|p__Bacteroidetes|c__Bacteroidia|o__Bacteroidales|f__Rikenellaceae|g__Alistipes|s__Tidjanibacter_massiliensis,380,k__Bacteria|p__Firmicutes|c__Bacilli|o__Lactobacillales|f__Streptococcaceae|g__Streptococcus|s__None,0.9166666666666666
225,k__Bacteria|p__Bacteroidetes|c__Bacteroidia|o__Bacteroidales|f__Rikenellaceae|g__Alistipes|s__Tidjanibacter_massiliensis,411,k__Bacteria|p__Firmicutes|c__Clostridia|o__Christensenellales|f__Christensenellaceae|g__Christensenellaceae_R-7_group|s__None,0.9166666666666666
225,k__Bacteria|p__Bacteroidetes|c__Bacteroidia|o__Bacteroidales|f__Rikenellaceae|g__Alistipes|s__Tidjanibacter_massiliensis,421,k__Bacteria|p__Firmicutes|c__Clostridia|o__Christensenellales|f__Christensenellaceae|g__Christensenellaceae_R-7_group|s__uncultured_marine_bacterium,1.0
225,k__Bacteria|p__Bacteroidetes|c__Bacteroidia|o__Bacteroidales|f__Rikenellaceae|g__Alistipes|s__Tidjanibacter_massiliensis,426,k__Bacteria|p__Firmicutes|c__Clostridia|o__Clostridia_UCG-014|f__None|g__None|s__None,0.75
225,k__Bacteria|p__Bacteroidetes|c__Bacteroidia|o__Bacteroidales|f__Rikenellaceae|g__Alistipes|s__Tidjanibacter_massiliensis,445,k__Bacteria|p__Firmicutes|c__Clostridia|o__Clostridiales|f__Christensenellaceae|g__Christensenella|s__PAC002297,1.0
225,k__Bacteria|p__Bacteroidetes|c__Bacteroidia|o__Bacteroidales|f__Rikenellaceae|g__Alistipes|s__Tidjanibacter_massiliensis,501,k__Bacteria|p__Firmicutes|c__Clostridia|o__Clostridiales|f__Lachnospiraceae|g__PAC001201|s__PAC002549,1.0
225,k__Bacteria|p__Bacteroidetes|c__Bacteroidia|o__Bacteroidales|f__Rikenellaceae|g__Alistipes|s__Tidjanibacter_massiliensis,534,k__Bacteria|p__Firmicutes|c__Clostridia|o__Clostridiales|f__Ruminococcaceae|g__PAC001144|s__PAC001620,1.0
225,k__Bacteria|p__Bacteroidetes|c__Bacteroidia|o__Bacteroidales|f__Rikenellaceae|g__Alistipes|s__Tidjanibacter_massiliensis,562,k__Bacteria|p__Firmicutes|c__Clostridia|o__Eubacteriales|f__Eubacteriaceae|g__Eubacterium|s__None,0.9166666666666666
225,k__Bacteria|p__Bacteroidetes|c__Bacteroidia|o__Bacteroidales|f__Rikenellaceae|g__Alistipes|s__Tidjanibacter_massiliensis,577,k__Bacteria|p__Firmicutes|c__Clostridia|o__Lachnospirales|f__Lachnospiraceae|g__Agathobacter|s__None,0.9166666666666666
225,k__Bacteria|p__Bacteroidetes|c__Bacteroidia|o__Bacteroidales|f__Rikenellaceae|g__Alistipes|s__Tidjanibacter_massiliensis,588,k__Bacteria|p__Firmicutes|c__Clostridia|o__Lachnospirales|f__Lachnospiraceae|g__Anaerostipes|s__None,0.9166666666666666
225,k__Bacteria|p__Bacteroidetes|c__Bacteroidia|o__Bacteroidales|f__Rikenellaceae|g__Alistipes|s__Tidjanibacter_massiliensis,591,k__Bacteria|p__Firmicutes|c__Clostridia|o__Lachnospirales|f__Lachnospiraceae|g__Anaerostipes|s__uncultured_Lachnospiraceae_bacterium,1.0
225,k__Bacteria|p__Bacteroidetes|c__Bacteroidia|o__Bacteroidales|f__Rikenellaceae|g__Alistipes|s__Tidjanibacter_massiliensis,594,k__Bacteria|p__Firmicutes|c__Clostridia|o__Lachnospirales|f__Lachnospiraceae|g__Blautia|s__None,0.9166666666666666
225,k__Bacteria|p__Bacteroidetes|c__Bacteroidia|o__Bacteroidales|f__Rikenellaceae|g__Alistipes|s__Tidjanibacter_massiliensis,595,k__Bacteria|p__Firmicutes|c__Clostridia|o__Lachnospirales|f__Lachnospiraceae|g__Blautia|s__bacterium_mpn-isolate_group_20,1.0
225,k__Bacteria|p__Bacteroidetes|c__Bacteroidia|o__Bacteroidales|f__Rikenellaceae|g__Alistipes|s__Tidjanibacter_massiliensis,597,k__Bacteria|p__Firmicutes|c__Clostridia|o__Lachnospirales|f__Lachnospiraceae|g__Blautia|s__uncultured_Blautia_sp.,1.0
225,k__Bacteria|p__Bacteroidetes|c__Bacteroidia|o__Bacteroidales|f__Rikenellaceae|g__Alistipes|s__Tidjanibacter_massiliensis,608,k__Bacteria|p__Firmicutes|c__Clostridia|o__Lachnospirales|f__Lachnospiraceae|g__Coprococcus|s__None,0.9166666666666666
225,k__Bacteria|p__Bacteroidetes|c__Bacteroidia|o__Bacteroidales|f__Rikenellaceae|g__Alistipes|s__Tidjanibacter_massiliensis,609,k__Bacteria|p__Firmicutes|c__Clostridia|o__Lachnospirales|f__Lachnospiraceae|g__Coprococcus|s__uncultured_Coprococcus_sp.,1.0
225,k__Bacteria|p__Bacteroidetes|c__Bacteroidia|o__Bacteroidales|f__Rikenellaceae|g__Alistipes|s__Tidjanibacter_massiliensis,612,k__Bacteria|p__Firmicutes|c__Clostridia|o__Lachnospirales|f__Lachnospiraceae|g__Eisenbergiella|s__None,0.9166666666666666
225,k__Bacteria|p__Bacteroidetes|c__Bacteroidia|o__Bacteroidales|f__Rikenellaceae|g__Alistipes|s__Tidjanibacter_massiliensis,619,k__Bacteria|p__Firmicutes|c__Clostridia|o__Lachnospirales|f__Lachnospiraceae|g__Fusicatenibacter|s__uncultured_Lachnospiraceae_bacterium,1.0
225,k__Bacteria|p__Bacteroidetes|c__Bacteroidia|o__Bacteroidales|f__Rikenellaceae|g__Alistipes|s__Tidjanibacter_massiliensis,620,k__Bacteria|p__Firmicutes|c__Clostridia|o__Lachnospirales|f__Lachnospiraceae|g__GCA-900066575|s__None,0.9166666666666666
225,k__Bacteria|p__Bacteroidetes|c__Bacteroidia|o__Bacteroidales|f__Rikenellaceae|g__Alistipes|s__Tidjanibacter_massiliensis,628,k__Bacteria|p__Firmicutes|c__Clostridia|o__Lachnospirales|f__Lachnospiraceae|g__Howardella|s__metagenome,1.0
225,k__Bacteria|p__Bacteroidetes|c__Bacteroidia|o__Bacteroidales|f__Rikenellaceae|g__Alistipes|s__Tidjanibacter_massiliensis,638,k__Bacteria|p__Firmicutes|c__Clostridia|o__Lachnospirales|f__Lachnospiraceae|g__Lachnoclostridium|s__None,0.9166666666666666
225,k__Bacteria|p__Bacteroidetes|c__Bacteroidia|o__Bacteroidales|f__Rikenellaceae|g__Alistipes|s__Tidjanibacter_massiliensis,640,k__Bacteria|p__Firmicutes|c__Clostridia|o__Lachnospirales|f__Lachnospiraceae|g__Lachnoclostridium|s__uncultured_Lachnospiraceae_bacterium,1.0
225,k__Bacteria|p__Bacteroidetes|c__Bacteroidia|o__Bacteroidales|f__Rikenellaceae|g__Alistipes|s__Tidjanibacter_massiliensis,641,k__Bacteria|p__Firmicutes|c__Clostridia|o__Lachnospirales|f__Lachnospiraceae|g__Lachnospira|s__None,0.9166666666666666
225,k__Bacteria|p__Bacteroidetes|c__Bacteroidia|o__Bacteroidales|f__Rikenellaceae|g__Alistipes|s__Tidjanibacter_massiliensis,649,k__Bacteria|p__Firmicutes|c__Clostridia|o__Lachnospirales|f__Lachnospiraceae|g__Lachnospiraceae_ND3007_group|s__metagenome,1.0
225,k__Bacteria|p__Bacteroidetes|c__Bacteroidia|o__Bacteroidales|f__Rikenellaceae|g__Alistipes|s__Tidjanibacter_massiliensis,658,k__Bacteria|p__Firmicutes|c__Clostridia|o__Lachnospirales|f__Lachnospiraceae|g__Lachnospiraceae_NK4A136_group|s__uncultured_bacterium_Adhufec49.25,1.0
225,k__Bacteria|p__Bacteroidetes|c__Bacteroidia|o__Bacteroidales|f__Rikenellaceae|g__Alistipes|s__Tidjanibacter_massiliensis,662,k__Bacteria|p__Firmicutes|c__Clostridia|o__Lachnospirales|f__Lachnospiraceae|g__Lachnospiraceae_UCG-001|s__metagenome,1.0
225,k__Bacteria|p__Bacteroidetes|c__Bacteroidia|o__Bacteroidales|f__Rikenellaceae|g__Alistipes|s__Tidjanibacter_massiliensis,675,k__Bacteria|p__Firmicutes|c__Clostridia|o__Lachnospirales|f__Lachnospiraceae|g__Lachnospiraceae_UCG-010|s__None,0.9166666666666666
225,k__Bacteria|p__Bacteroidetes|c__Bacteroidia|o__Bacteroidales|f__Rikenellaceae|g__Alistipes|s__Tidjanibacter_massiliensis,694,k__Bacteria|p__Firmicutes|c__Clostridia|o__Lachnospirales|f__Lachnospiraceae|g__Roseburia|s__None,0.9166666666666666
225,k__Bacteria|p__Bacteroidetes|c__Bacteroidia|o__Bacteroidales|f__Rikenellaceae|g__Alistipes|s__Tidjanibacter_massiliensis,695,k__Bacteria|p__Firmicutes|c__Clostridia|o__Lachnospirales|f__Lachnospiraceae|g__Roseburia|s__gut_metagenome,1.0
225,k__Bacteria|p__Bacteroidetes|c__Bacteroidia|o__Bacteroidales|f__Rikenellaceae|g__Alistipes|s__Tidjanibacter_massiliensis,705,k__Bacteria|p__Firmicutes|c__Clostridia|o__Lachnospirales|f__Lachnospiraceae|g__Tuzzerella|s__None,0.9166666666666666
225,k__Bacteria|p__Bacteroidetes|c__Bacteroidia|o__Bacteroidales|f__Rikenellaceae|g__Alistipes|s__Tidjanibacter_massiliensis,709,k__Bacteria|p__Firmicutes|c__Clostridia|o__Lachnospirales|f__Lachnospiraceae|g__UC5-1-2E3|s__uncultured_organism,1.0
225,k__Bacteria|p__Bacteroidetes|c__Bacteroidia|o__Bacteroidales|f__Rikenellaceae|g__Alistipes|s__Tidjanibacter_massiliensis,711,k__Bacteria|p__Firmicutes|c__Clostridia|o__Lachnospirales|f__Lachnospiraceae|g__Eubacterium_eligens_group|s__None,0.9166666666666666
225,k__Bacteria|p__Bacteroidetes|c__Bacteroidia|o__Bacteroidales|f__Rikenellaceae|g__Alistipes|s__Tidjanibacter_massiliensis,712,k__Bacteria|p__Firmicutes|c__Clostridia|o__Lachnospirales|f__Lachnospiraceae|g__Eubacterium_fissicatena_group|s__None,0.9166666666666666
225,k__Bacteria|p__Bacteroidetes|c__Bacteroidia|o__Bacteroidales|f__Rikenellaceae|g__Alistipes|s__Tidjanibacter_massiliensis,717,k__Bacteria|p__Firmicutes|c__Clostridia|o__Lachnospirales|f__Lachnospiraceae|g__Eubacterium_hallii_group|s__None,0.9166666666666666
225,k__Bacteria|p__Bacteroidetes|c__Bacteroidia|o__Bacteroidales|f__Rikenellaceae|g__Alistipes|s__Tidjanibacter_massiliensis,722,k__Bacteria|p__Firmicutes|c__Clostridia|o__Lachnospirales|f__Lachnospiraceae|g__Eubacterium_ventriosum_group|s__uncultured_organism,1.0
225,k__Bacteria|p__Bacteroidetes|c__Bacteroidia|o__Bacteroidales|f__Rikenellaceae|g__Alistipes|s__Tidjanibacter_massiliensis,724,k__Bacteria|p__Firmicutes|c__Clostridia|o__Lachnospirales|f__Lachnospiraceae|g__Eubacterium_xylanophilum_group|s__None,0.9166666666666666
225,k__Bacteria|p__Bacteroidetes|c__Bacteroidia|o__Bacteroidales|f__Rikenellaceae|g__Alistipes|s__Tidjanibacter_massiliensis,730,k__Bacteria|p__Firmicutes|c__Clostridia|o__Lachnospirales|f__Lachnospiraceae|g__Ruminococcus_torques_group|s__None,0.9166666666666666
225,k__Bacteria|p__Bacteroidetes|c__Bacteroidia|o__Bacteroidales|f__Rikenellaceae|g__Alistipes|s__Tidjanibacter_massiliensis,732,k__Bacteria|p__Firmicutes|c__Clostridia|o__Lachnospirales|f__Lachnospiraceae|g__None|s__None,0.8333333333333334
225,k__Bacteria|p__Bacteroidetes|c__Bacteroidia|o__Bacteroidales|f__Rikenellaceae|g__Alistipes|s__Tidjanibacter_massiliensis,733,k__Bacteria|p__Firmicutes|c__Clostridia|o__Lachnospirales|f__Lachnospiraceae|g__uncultured|s__None,0.9166666666666666
225,k__Bacteria|p__Bacteroidetes|c__Bacteroidia|o__Bacteroidales|f__Rikenellaceae|g__Alistipes|s__Tidjanibacter_massiliensis,739,k__Bacteria|p__Firmicutes|c__Clostridia|o__Monoglobales|f__Monoglobaceae|g__Monoglobus|s__None,0.9166666666666666
225,k__Bacteria|p__Bacteroidetes|c__Bacteroidia|o__Bacteroidales|f__Rikenellaceae|g__Alistipes|s__Tidjanibacter_massiliensis,759,k__Bacteria|p__Firmicutes|c__Clostridia|o__Oscillospirales|f__Oscillospiraceae|g__Colidextribacter|s__None,0.9166666666666666
225,k__Bacteria|p__Bacteroidetes|c__Bacteroidia|o__Bacteroidales|f__Rikenellaceae|g__Alistipes|s__Tidjanibacter_massiliensis,767,k__Bacteria|p__Firmicutes|c__Clostridia|o__Oscillospirales|f__Oscillospiraceae|g__Flavonifractor|s__None,0.9166666666666666
225,k__Bacteria|p__Bacteroidetes|c__Bacteroidia|o__Bacteroidales|f__Rikenellaceae|g__Alistipes|s__Tidjanibacter_massiliensis,769,k__Bacteria|p__Firmicutes|c__Clostridia|o__Oscillospirales|f__Oscillospiraceae|g__Intestinimonas|s__None,0.9166666666666666
225,k__Bacteria|p__Bacteroidetes|c__Bacteroidia|o__Bacteroidales|f__Rikenellaceae|g__Alistipes|s__Tidjanibacter_massiliensis,770,k__Bacteria|p__Firmicutes|c__Clostridia|o__Oscillospirales|f__Oscillospiraceae|g__Intestinimonas|s__bacterium_P1C2,1.0
225,k__Bacteria|p__Bacteroidetes|c__Bacteroidia|o__Bacteroidales|f__Rikenellaceae|g__Alistipes|s__Tidjanibacter_massiliensis,779,k__Bacteria|p__Firmicutes|c__Clostridia|o__Oscillospirales|f__Oscillospiraceae|g__Oscillibacter|s__None,0.9166666666666666
225,k__Bacteria|p__Bacteroidetes|c__Bacteroidia|o__Bacteroidales|f__Rikenellaceae|g__Alistipes|s__Tidjanibacter_massiliensis,780,k__Bacteria|p__Firmicutes|c__Clostridia|o__Oscillospirales|f__Oscillospiraceae|g__Oscillibacter|s__metagenome,1.0
225,k__Bacteria|p__Bacteroidetes|c__Bacteroidia|o__Bacteroidales|f__Rikenellaceae|g__Alistipes|s__Tidjanibacter_massiliensis,790,k__Bacteria|p__Firmicutes|c__Clostridia|o__Oscillospirales|f__Oscillospiraceae|g__UCG-002|s__None,0.9166666666666666
225,k__Bacteria|p__Bacteroidetes|c__Bacteroidia|o__Bacteroidales|f__Rikenellaceae|g__Alistipes|s__Tidjanibacter_massiliensis,791,k__Bacteria|p__Firmicutes|c__Clostridia|o__Oscillospirales|f__Oscillospiraceae|g__UCG-003|s__None,0.9166666666666666
225,k__Bacteria|p__Bacteroidetes|c__Bacteroidia|o__Bacteroidales|f__Rikenellaceae|g__Alistipes|s__Tidjanibacter_massiliensis,794,k__Bacteria|p__Firmicutes|c__Clostridia|o__Oscillospirales|f__Oscillospiraceae|g__UCG-005|s__metagenome,1.0
225,k__Bacteria|p__Bacteroidetes|c__Bacteroidia|o__Bacteroidales|f__Rikenellaceae|g__Alistipes|s__Tidjanibacter_massiliensis,812,k__Bacteria|p__Firmicutes|c__Clostridia|o__Oscillospirales|f__Ruminococcaceae|g__Anaerofilum|s__metagenome,1.0
225,k__Bacteria|p__Bacteroidetes|c__Bacteroidia|o__Bacteroidales|f__Rikenellaceae|g__Alistipes|s__Tidjanibacter_massiliensis,832,k__Bacteria|p__Firmicutes|c__Clostridia|o__Oscillospirales|f__Ruminococcaceae|g__DTU089|s__None,0.9166666666666666
225,k__Bacteria|p__Bacteroidetes|c__Bacteroidia|o__Bacteroidales|f__Rikenellaceae|g__Alistipes|s__Tidjanibacter_massiliensis,833,k__Bacteria|p__Firmicutes|c__Clostridia|o__Oscillospirales|f__Ruminococcaceae|g__Faecalibacterium|s__None,0.9166666666666666
225,k__Bacteria|p__Bacteroidetes|c__Bacteroidia|o__Bacteroidales|f__Rikenellaceae|g__Alistipes|s__Tidjanibacter_massiliensis,839,k__Bacteria|p__Firmicutes|c__Clostridia|o__Oscillospirales|f__Ruminococcaceae|g__Incertae_Sedis|s__metagenome,1.0
225,k__Bacteria|p__Bacteroidetes|c__Bacteroidia|o__Bacteroidales|f__Rikenellaceae|g__Alistipes|s__Tidjanibacter_massiliensis,841,k__Bacteria|p__Firmicutes|c__Clostridia|o__Oscillospirales|f__Ruminococcaceae|g__Incertae_Sedis|s__None,0.9166666666666666
225,k__Bacteria|p__Bacteroidetes|c__Bacteroidia|o__Bacteroidales|f__Rikenellaceae|g__Alistipes|s__Tidjanibacter_massiliensis,859,k__Bacteria|p__Firmicutes|c__Clostridia|o__Oscillospirales|f__Ruminococcaceae|g__Ruminococcus|s__None,0.9166666666666666
225,k__Bacteria|p__Bacteroidetes|c__Bacteroidia|o__Bacteroidales|f__Rikenellaceae|g__Alistipes|s__Tidjanibacter_massiliensis,860,k__Bacteria|p__Firmicutes|c__Clostridia|o__Oscillospirales|f__Ruminococcaceae|g__Subdoligranulum|s__None,0.9166666666666666
225,k__Bacteria|p__Bacteroidetes|c__Bacteroidia|o__Bacteroidales|f__Rikenellaceae|g__Alistipes|s__Tidjanibacter_massiliensis,863,k__Bacteria|p__Firmicutes|c__Clostridia|o__Oscillospirales|f__Ruminococcaceae|g__UBA1819|s__None,0.9166666666666666
225,k__Bacteria|p__Bacteroidetes|c__Bacteroidia|o__Bacteroidales|f__Rikenellaceae|g__Alistipes|s__Tidjanibacter_massiliensis,865,k__Bacteria|p__Firmicutes|c__Clostridia|o__Oscillospirales|f__Ruminococcaceae|g__Eubacterium_siraeum_group|s__None,0.9166666666666666
225,k__Bacteria|p__Bacteroidetes|c__Bacteroidia|o__Bacteroidales|f__Rikenellaceae|g__Alistipes|s__Tidjanibacter_massiliensis,869,k__Bacteria|p__Firmicutes|c__Clostridia|o__Oscillospirales|f__Ruminococcaceae|g__None|s__None,0.8333333333333334
225,k__Bacteria|p__Bacteroidetes|c__Bacteroidia|o__Bacteroidales|f__Rikenellaceae|g__Alistipes|s__Tidjanibacter_massiliensis,885,k__Bacteria|p__Firmicutes|c__Clostridia|o__Oscillospirales|f__Eubacterium_coprostanoligenes_group|g__None|s__None,0.8333333333333334
225,k__Bacteria|p__Bacteroidetes|c__Bacteroidia|o__Bacteroidales|f__Rikenellaceae|g__Alistipes|s__Tidjanibacter_massiliensis,905,k__Bacteria|p__Firmicutes|c__Clostridia|o__Peptostreptococcales-Tissierellales|f__Anaerovoracaceae|g__Family_XIII_AD3011_group|s__metagenome,1.0
225,k__Bacteria|p__Bacteroidetes|c__Bacteroidia|o__Bacteroidales|f__Rikenellaceae|g__Alistipes|s__Tidjanibacter_massiliensis,925,k__Bacteria|p__Firmicutes|c__Clostridia|o__Peptostreptococcales-Tissierellales|f__Anaerovoracaceae|g__None|s__None,0.8333333333333334
225,k__Bacteria|p__Bacteroidetes|c__Bacteroidia|o__Bacteroidales|f__Rikenellaceae|g__Alistipes|s__Tidjanibacter_massiliensis,943,k__Bacteria|p__Firmicutes|c__Clostridia|o__Peptostreptococcales-Tissierellales|f__Peptostreptococcaceae|g__Intestinibacter|s__None,0.9166666666666666
225,k__Bacteria|p__Bacteroidetes|c__Bacteroidia|o__Bacteroidales|f__Rikenellaceae|g__Alistipes|s__Tidjanibacter_massiliensis,951,k__Bacteria|p__Firmicutes|c__Clostridia|o__Peptostreptococcales-Tissierellales|f__Peptostreptococcaceae|g__Romboutsia|s__None,0.9166666666666666
225,k__Bacteria|p__Bacteroidetes|c__Bacteroidia|o__Bacteroidales|f__Rikenellaceae|g__Alistipes|s__Tidjanibacter_massiliensis,956,k__Bacteria|p__Firmicutes|c__Clostridia|o__None|f__None|g__None|s__None,0.6666666666666666
225,k__Bacteria|p__Bacteroidetes|c__Bacteroidia|o__Bacteroidales|f__Rikenellaceae|g__Alistipes|s__Tidjanibacter_massiliensis,966,k__Bacteria|p__Firmicutes|c__Negativicutes|o__Acidaminococcales|f__Acidaminococcaceae|g__Acidaminococcus|s__None,0.9166666666666666
225,k__Bacteria|p__Bacteroidetes|c__Bacteroidia|o__Bacteroidales|f__Rikenellaceae|g__Alistipes|s__Tidjanibacter_massiliensis,967,k__Bacteria|p__Firmicutes|c__Negativicutes|o__Acidaminococcales|f__Acidaminococcaceae|g__Phascolarctobacterium|s__None,0.9166666666666666
225,k__Bacteria|p__Bacteroidetes|c__Bacteroidia|o__Bacteroidales|f__Rikenellaceae|g__Alistipes|s__Tidjanibacter_massiliensis,986,k__Bacteria|p__Firmicutes|c__Negativicutes|o__Veillonellales-Selenomonadales|f__Veillonellaceae|g__Dialister|s__None,0.9166666666666666
225,k__Bacteria|p__Bacteroidetes|c__Bacteroidia|o__Bacteroidales|f__Rikenellaceae|g__Alistipes|s__Tidjanibacter_massiliensis,992,k__Bacteria|p__Firmicutes|c__Negativicutes|o__Veillonellales-Selenomonadales|f__Veillonellaceae|g__Veillonella|s__None,0.9166666666666666
225,k__Bacteria|p__Bacteroidetes|c__Bacteroidia|o__Bacteroidales|f__Rikenellaceae|g__Alistipes|s__Tidjanibacter_massiliensis,1055,k__Bacteria|p__Proteobacteria|c__Gammaproteobacteria|o__Burkholderiales|f__Sutterellaceae|g__Parasutterella|s__None,0.9166666666666666
225,k__Bacteria|p__Bacteroidetes|c__Bacteroidia|o__Bacteroidales|f__Rikenellaceae|g__Alistipes|s__Tidjanibacter_massiliensis,1069,k__Bacteria|p__Proteobacteria|c__Gammaproteobacteria|o__Enterobacterales|f__Enterobacteriaceae|g__Escherichia-Shigella|s__None,0.9166666666666666
225,k__Bacteria|p__Bacteroidetes|c__Bacteroidia|o__Bacteroidales|f__Rikenellaceae|g__Alistipes|s__Tidjanibacter_massiliensis,1089,k__Bacteria|p__Proteobacteria|c__Gammaproteobacteria|o__Pseudomonadales|f__Pseudomonadaceae|g__Pseudomonas|s__None,0.9166666666666666
225,k__Bacteria|p__Bacteroidetes|c__Bacteroidia|o__Bacteroidales|f__Rikenellaceae|g__Alistipes|s__Tidjanibacter_massiliensis,1132,k__Bacteria|p__Verrucomicrobiota|c__Verrucomicrobiae|o__Verrucomicrobiales|f__Akkermansiaceae|g__Akkermansia|s__None,0.9166666666666666
225,k__Bacteria|p__Bacteroidetes|c__Bacteroidia|o__Bacteroidales|f__Rikenellaceae|g__Alistipes|s__Tidjanibacter_massiliensis,1136,k__Bacteria|p__None|c__None|o__None|f__None|g__None|s__None,0.5
227,k__Bacteria|p__Bacteroidetes|c__Bacteroidia|o__Bacteroidales|f__Rikenellaceae|g__Alistipes|s__None,284,k__Bacteria|p__Desulfobacterota|c__Desulfovibrionia|o__Desulfovibrionales|f__Desulfovibrionaceae|g__Bilophila|s__None,0.8333333333333334
227,k__Bacteria|p__Bacteroidetes|c__Bacteroidia|o__Bacteroidales|f__Rikenellaceae|g__Alistipes|s__None,311,k__Bacteria|p__Firmicutes|c__Bacilli|o__Erysipelotrichales|f__Erysipelatoclostridiaceae|g__Erysipelatoclostridium|s__Clostridium_spiroforme_DSM_1552,0.9166666666666666
227,k__Bacteria|p__Bacteroidetes|c__Bacteroidia|o__Bacteroidales|f__Rikenellaceae|g__Alistipes|s__None,314,k__Bacteria|p__Firmicutes|c__Bacilli|o__Erysipelotrichales|f__Erysipelatoclostridiaceae|g__Erysipelotrichaceae_UCG-003|s__None,0.8333333333333334
227,k__Bacteria|p__Bacteroidetes|c__Bacteroidia|o__Bacteroidales|f__Rikenellaceae|g__Alistipes|s__None,380,k__Bacteria|p__Firmicutes|c__Bacilli|o__Lactobacillales|f__Streptococcaceae|g__Streptococcus|s__None,0.8333333333333334
227,k__Bacteria|p__Bacteroidetes|c__Bacteroidia|o__Bacteroidales|f__Rikenellaceae|g__Alistipes|s__None,411,k__Bacteria|p__Firmicutes|c__Clostridia|o__Christensenellales|f__Christensenellaceae|g__Christensenellaceae_R-7_group|s__None,0.8333333333333334
227,k__Bacteria|p__Bacteroidetes|c__Bacteroidia|o__Bacteroidales|f__Rikenellaceae|g__Alistipes|s__None,421,k__Bacteria|p__Firmicutes|c__Clostridia|o__Christensenellales|f__Christensenellaceae|g__Christensenellaceae_R-7_group|s__uncultured_marine_bacterium,0.9166666666666666
227,k__Bacteria|p__Bacteroidetes|c__Bacteroidia|o__Bacteroidales|f__Rikenellaceae|g__Alistipes|s__None,426,k__Bacteria|p__Firmicutes|c__Clostridia|o__Clostridia_UCG-014|f__None|g__None|s__None,0.6666666666666666
227,k__Bacteria|p__Bacteroidetes|c__Bacteroidia|o__Bacteroidales|f__Rikenellaceae|g__Alistipes|s__None,445,k__Bacteria|p__Firmicutes|c__Clostridia|o__Clostridiales|f__Christensenellaceae|g__Christensenella|s__PAC002297,0.9166666666666666
227,k__Bacteria|p__Bacteroidetes|c__Bacteroidia|o__Bacteroidales|f__Rikenellaceae|g__Alistipes|s__None,501,k__Bacteria|p__Firmicutes|c__Clostridia|o__Clostridiales|f__Lachnospiraceae|g__PAC001201|s__PAC002549,0.9166666666666666
227,k__Bacteria|p__Bacteroidetes|c__Bacteroidia|o__Bacteroidales|f__Rikenellaceae|g__Alistipes|s__None,534,k__Bacteria|p__Firmicutes|c__Clostridia|o__Clostridiales|f__Ruminococcaceae|g__PAC001144|s__PAC001620,0.9166666666666666
227,k__Bacteria|p__Bacteroidetes|c__Bacteroidia|o__Bacteroidales|f__Rikenellaceae|g__Alistipes|s__None,562,k__Bacteria|p__Firmicutes|c__Clostridia|o__Eubacteriales|f__Eubacteriaceae|g__Eubacterium|s__None,0.8333333333333334
227,k__Bacteria|p__Bacteroidetes|c__Bacteroidia|o__Bacteroidales|f__Rikenellaceae|g__Alistipes|s__None,577,k__Bacteria|p__Firmicutes|c__Clostridia|o__Lachnospirales|f__Lachnospiraceae|g__Agathobacter|s__None,0.8333333333333334
227,k__Bacteria|p__Bacteroidetes|c__Bacteroidia|o__Bacteroidales|f__Rikenellaceae|g__Alistipes|s__None,588,k__Bacteria|p__Firmicutes|c__Clostridia|o__Lachnospirales|f__Lachnospiraceae|g__Anaerostipes|s__None,0.8333333333333334
227,k__Bacteria|p__Bacteroidetes|c__Bacteroidia|o__Bacteroidales|f__Rikenellaceae|g__Alistipes|s__None,591,k__Bacteria|p__Firmicutes|c__Clostridia|o__Lachnospirales|f__Lachnospiraceae|g__Anaerostipes|s__uncultured_Lachnospiraceae_bacterium,0.9166666666666666
227,k__Bacteria|p__Bacteroidetes|c__Bacteroidia|o__Bacteroidales|f__Rikenellaceae|g__Alistipes|s__None,594,k__Bacteria|p__Firmicutes|c__Clostridia|o__Lachnospirales|f__Lachnospiraceae|g__Blautia|s__None,0.8333333333333334
227,k__Bacteria|p__Bacteroidetes|c__Bacteroidia|o__Bacteroidales|f__Rikenellaceae|g__Alistipes|s__None,595,k__Bacteria|p__Firmicutes|c__Clostridia|o__Lachnospirales|f__Lachnospiraceae|g__Blautia|s__bacterium_mpn-isolate_group_20,0.9166666666666666
227,k__Bacteria|p__Bacteroidetes|c__Bacteroidia|o__Bacteroidales|f__Rikenellaceae|g__Alistipes|s__None,597,k__Bacteria|p__Firmicutes|c__Clostridia|o__Lachnospirales|f__Lachnospiraceae|g__Blautia|s__uncultured_Blautia_sp.,0.9166666666666666
227,k__Bacteria|p__Bacteroidetes|c__Bacteroidia|o__Bacteroidales|f__Rikenellaceae|g__Alistipes|s__None,608,k__Bacteria|p__Firmicutes|c__Clostridia|o__Lachnospirales|f__Lachnospiraceae|g__Coprococcus|s__None,0.8333333333333334
227,k__Bacteria|p__Bacteroidetes|c__Bacteroidia|o__Bacteroidales|f__Rikenellaceae|g__Alistipes|s__None,609,k__Bacteria|p__Firmicutes|c__Clostridia|o__Lachnospirales|f__Lachnospiraceae|g__Coprococcus|s__uncultured_Coprococcus_sp.,0.9166666666666666
227,k__Bacteria|p__Bacteroidetes|c__Bacteroidia|o__Bacteroidales|f__Rikenellaceae|g__Alistipes|s__None,612,k__Bacteria|p__Firmicutes|c__Clostridia|o__Lachnospirales|f__Lachnospiraceae|g__Eisenbergiella|s__None,0.8333333333333334
227,k__Bacteria|p__Bacteroidetes|c__Bacteroidia|o__Bacteroidales|f__Rikenellaceae|g__Alistipes|s__None,619,k__Bacteria|p__Firmicutes|c__Clostridia|o__Lachnospirales|f__Lachnospiraceae|g__Fusicatenibacter|s__uncultured_Lachnospiraceae_bacterium,0.9166666666666666
227,k__Bacteria|p__Bacteroidetes|c__Bacteroidia|o__Bacteroidales|f__Rikenellaceae|g__Alistipes|s__None,620,k__Bacteria|p__Firmicutes|c__Clostridia|o__Lachnospirales|f__Lachnospiraceae|g__GCA-900066575|s__None,0.8333333333333334
227,k__Bacteria|p__Bacteroidetes|c__Bacteroidia|o__Bacteroidales|f__Rikenellaceae|g__Alistipes|s__None,628,k__Bacteria|p__Firmicutes|c__Clostridia|o__Lachnospirales|f__Lachnospiraceae|g__Howardella|s__metagenome,0.9166666666666666
227,k__Bacteria|p__Bacteroidetes|c__Bacteroidia|o__Bacteroidales|f__Rikenellaceae|g__Alistipes|s__None,638,k__Bacteria|p__Firmicutes|c__Clostridia|o__Lachnospirales|f__Lachnospiraceae|g__Lachnoclostridium|s__None,0.8333333333333334
227,k__Bacteria|p__Bacteroidetes|c__Bacteroidia|o__Bacteroidales|f__Rikenellaceae|g__Alistipes|s__None,640,k__Bacteria|p__Firmicutes|c__Clostridia|o__Lachnospirales|f__Lachnospiraceae|g__Lachnoclostridium|s__uncultured_Lachnospiraceae_bacterium,0.9166666666666666
227,k__Bacteria|p__Bacteroidetes|c__Bacteroidia|o__Bacteroidales|f__Rikenellaceae|g__Alistipes|s__None,641,k__Bacteria|p__Firmicutes|c__Clostridia|o__Lachnospirales|f__Lachnospiraceae|g__Lachnospira|s__None,0.8333333333333334
227,k__Bacteria|p__Bacteroidetes|c__Bacteroidia|o__Bacteroidales|f__Rikenellaceae|g__Alistipes|s__None,649,k__Bacteria|p__Firmicutes|c__Clostridia|o__Lachnospirales|f__Lachnospiraceae|g__Lachnospiraceae_ND3007_group|s__metagenome,0.9166666666666666
227,k__Bacteria|p__Bacteroidetes|c__Bacteroidia|o__Bacteroidales|f__Rikenellaceae|g__Alistipes|s__None,658,k__Bacteria|p__Firmicutes|c__Clostridia|o__Lachnospirales|f__Lachnospiraceae|g__Lachnospiraceae_NK4A136_group|s__uncultured_bacterium_Adhufec49.25,0.9166666666666666
227,k__Bacteria|p__Bacteroidetes|c__Bacteroidia|o__Bacteroidales|f__Rikenellaceae|g__Alistipes|s__None,662,k__Bacteria|p__Firmicutes|c__Clostridia|o__Lachnospirales|f__Lachnospiraceae|g__Lachnospiraceae_UCG-001|s__metagenome,0.9166666666666666
227,k__Bacteria|p__Bacteroidetes|c__Bacteroidia|o__Bacteroidales|f__Rikenellaceae|g__Alistipes|s__None,675,k__Bacteria|p__Firmicutes|c__Clostridia|o__Lachnospirales|f__Lachnospiraceae|g__Lachnospiraceae_UCG-010|s__None,0.8333333333333334
227,k__Bacteria|p__Bacteroidetes|c__Bacteroidia|o__Bacteroidales|f__Rikenellaceae|g__Alistipes|s__None,694,k__Bacteria|p__Firmicutes|c__Clostridia|o__Lachnospirales|f__Lachnospiraceae|g__Roseburia|s__None,0.8333333333333334
227,k__Bacteria|p__Bacteroidetes|c__Bacteroidia|o__Bacteroidales|f__Rikenellaceae|g__Alistipes|s__None,695,k__Bacteria|p__Firmicutes|c__Clostridia|o__Lachnospirales|f__Lachnospiraceae|g__Roseburia|s__gut_metagenome,0.9166666666666666
227,k__Bacteria|p__Bacteroidetes|c__Bacteroidia|o__Bacteroidales|f__Rikenellaceae|g__Alistipes|s__None,705,k__Bacteria|p__Firmicutes|c__Clostridia|o__Lachnospirales|f__Lachnospiraceae|g__Tuzzerella|s__None,0.8333333333333334
227,k__Bacteria|p__Bacteroidetes|c__Bacteroidia|o__Bacteroidales|f__Rikenellaceae|g__Alistipes|s__None,709,k__Bacteria|p__Firmicutes|c__Clostridia|o__Lachnospirales|f__Lachnospiraceae|g__UC5-1-2E3|s__uncultured_organism,0.9166666666666666
227,k__Bacteria|p__Bacteroidetes|c__Bacteroidia|o__Bacteroidales|f__Rikenellaceae|g__Alistipes|s__None,711,k__Bacteria|p__Firmicutes|c__Clostridia|o__Lachnospirales|f__Lachnospiraceae|g__Eubacterium_eligens_group|s__None,0.8333333333333334
227,k__Bacteria|p__Bacteroidetes|c__Bacteroidia|o__Bacteroidales|f__Rikenellaceae|g__Alistipes|s__None,712,k__Bacteria|p__Firmicutes|c__Clostridia|o__Lachnospirales|f__Lachnospiraceae|g__Eubacterium_fissicatena_group|s__None,0.8333333333333334
227,k__Bacteria|p__Bacteroidetes|c__Bacteroidia|o__Bacteroidales|f__Rikenellaceae|g__Alistipes|s__None,717,k__Bacteria|p__Firmicutes|c__Clostridia|o__Lachnospirales|f__Lachnospiraceae|g__Eubacterium_hallii_group|s__None,0.8333333333333334
227,k__Bacteria|p__Bacteroidetes|c__Bacteroidia|o__Bacteroidales|f__Rikenellaceae|g__Alistipes|s__None,722,k__Bacteria|p__Firmicutes|c__Clostridia|o__Lachnospirales|f__Lachnospiraceae|g__Eubacterium_ventriosum_group|s__uncultured_organism,0.9166666666666666
227,k__Bacteria|p__Bacteroidetes|c__Bacteroidia|o__Bacteroidales|f__Rikenellaceae|g__Alistipes|s__None,724,k__Bacteria|p__Firmicutes|c__Clostridia|o__Lachnospirales|f__Lachnospiraceae|g__Eubacterium_xylanophilum_group|s__None,0.8333333333333334
227,k__Bacteria|p__Bacteroidetes|c__Bacteroidia|o__Bacteroidales|f__Rikenellaceae|g__Alistipes|s__None,730,k__Bacteria|p__Firmicutes|c__Clostridia|o__Lachnospirales|f__Lachnospiraceae|g__Ruminococcus_torques_group|s__None,0.8333333333333334
227,k__Bacteria|p__Bacteroidetes|c__Bacteroidia|o__Bacteroidales|f__Rikenellaceae|g__Alistipes|s__None,732,k__Bacteria|p__Firmicutes|c__Clostridia|o__Lachnospirales|f__Lachnospiraceae|g__None|s__None,0.75
227,k__Bacteria|p__Bacteroidetes|c__Bacteroidia|o__Bacteroidales|f__Rikenellaceae|g__Alistipes|s__None,733,k__Bacteria|p__Firmicutes|c__Clostridia|o__Lachnospirales|f__Lachnospiraceae|g__uncultured|s__None,0.8333333333333334
227,k__Bacteria|p__Bacteroidetes|c__Bacteroidia|o__Bacteroidales|f__Rikenellaceae|g__Alistipes|s__None,739,k__Bacteria|p__Firmicutes|c__Clostridia|o__Monoglobales|f__Monoglobaceae|g__Monoglobus|s__None,0.8333333333333334
227,k__Bacteria|p__Bacteroidetes|c__Bacteroidia|o__Bacteroidales|f__Rikenellaceae|g__Alistipes|s__None,759,k__Bacteria|p__Firmicutes|c__Clostridia|o__Oscillospirales|f__Oscillospiraceae|g__Colidextribacter|s__None,0.8333333333333334
227,k__Bacteria|p__Bacteroidetes|c__Bacteroidia|o__Bacteroidales|f__Rikenellaceae|g__Alistipes|s__None,767,k__Bacteria|p__Firmicutes|c__Clostridia|o__Oscillospirales|f__Oscillospiraceae|g__Flavonifractor|s__None,0.8333333333333334
227,k__Bacteria|p__Bacteroidetes|c__Bacteroidia|o__Bacteroidales|f__Rikenellaceae|g__Alistipes|s__None,769,k__Bacteria|p__Firmicutes|c__Clostridia|o__Oscillospirales|f__Oscillospiraceae|g__Intestinimonas|s__None,0.8333333333333334
227,k__Bacteria|p__Bacteroidetes|c__Bacteroidia|o__Bacteroidales|f__Rikenellaceae|g__Alistipes|s__None,770,k__Bacteria|p__Firmicutes|c__Clostridia|o__Oscillospirales|f__Oscillospiraceae|g__Intestinimonas|s__bacterium_P1C2,0.9166666666666666
227,k__Bacteria|p__Bacteroidetes|c__Bacteroidia|o__Bacteroidales|f__Rikenellaceae|g__Alistipes|s__None,779,k__Bacteria|p__Firmicutes|c__Clostridia|o__Oscillospirales|f__Oscillospiraceae|g__Oscillibacter|s__None,0.8333333333333334
227,k__Bacteria|p__Bacteroidetes|c__Bacteroidia|o__Bacteroidales|f__Rikenellaceae|g__Alistipes|s__None,780,k__Bacteria|p__Firmicutes|c__Clostridia|o__Oscillospirales|f__Oscillospiraceae|g__Oscillibacter|s__metagenome,0.9166666666666666
227,k__Bacteria|p__Bacteroidetes|c__Bacteroidia|o__Bacteroidales|f__Rikenellaceae|g__Alistipes|s__None,790,k__Bacteria|p__Firmicutes|c__Clostridia|o__Oscillospirales|f__Oscillospiraceae|g__UCG-002|s__None,0.8333333333333334
227,k__Bacteria|p__Bacteroidetes|c__Bacteroidia|o__Bacteroidales|f__Rikenellaceae|g__Alistipes|s__None,791,k__Bacteria|p__Firmicutes|c__Clostridia|o__Oscillospirales|f__Oscillospiraceae|g__UCG-003|s__None,0.8333333333333334
227,k__Bacteria|p__Bacteroidetes|c__Bacteroidia|o__Bacteroidales|f__Rikenellaceae|g__Alistipes|s__None,794,k__Bacteria|p__Firmicutes|c__Clostridia|o__Oscillospirales|f__Oscillospiraceae|g__UCG-005|s__metagenome,0.9166666666666666
227,k__Bacteria|p__Bacteroidetes|c__Bacteroidia|o__Bacteroidales|f__Rikenellaceae|g__Alistipes|s__None,812,k__Bacteria|p__Firmicutes|c__Clostridia|o__Oscillospirales|f__Ruminococcaceae|g__Anaerofilum|s__metagenome,0.9166666666666666
227,k__Bacteria|p__Bacteroidetes|c__Bacteroidia|o__Bacteroidales|f__Rikenellaceae|g__Alistipes|s__None,832,k__Bacteria|p__Firmicutes|c__Clostridia|o__Oscillospirales|f__Ruminococcaceae|g__DTU089|s__None,0.8333333333333334
227,k__Bacteria|p__Bacteroidetes|c__Bacteroidia|o__Bacteroidales|f__Rikenellaceae|g__Alistipes|s__None,833,k__Bacteria|p__Firmicutes|c__Clostridia|o__Oscillospirales|f__Ruminococcaceae|g__Faecalibacterium|s__None,0.8333333333333334
227,k__Bacteria|p__Bacteroidetes|c__Bacteroidia|o__Bacteroidales|f__Rikenellaceae|g__Alistipes|s__None,839,k__Bacteria|p__Firmicutes|c__Clostridia|o__Oscillospirales|f__Ruminococcaceae|g__Incertae_Sedis|s__metagenome,0.9166666666666666
227,k__Bacteria|p__Bacteroidetes|c__Bacteroidia|o__Bacteroidales|f__Rikenellaceae|g__Alistipes|s__None,841,k__Bacteria|p__Firmicutes|c__Clostridia|o__Oscillospirales|f__Ruminococcaceae|g__Incertae_Sedis|s__None,0.8333333333333334
227,k__Bacteria|p__Bacteroidetes|c__Bacteroidia|o__Bacteroidales|f__Rikenellaceae|g__Alistipes|s__None,859,k__Bacteria|p__Firmicutes|c__Clostridia|o__Oscillospirales|f__Ruminococcaceae|g__Ruminococcus|s__None,0.8333333333333334
227,k__Bacteria|p__Bacteroidetes|c__Bacteroidia|o__Bacteroidales|f__Rikenellaceae|g__Alistipes|s__None,860,k__Bacteria|p__Firmicutes|c__Clostridia|o__Oscillospirales|f__Ruminococcaceae|g__Subdoligranulum|s__None,0.8333333333333334
227,k__Bacteria|p__Bacteroidetes|c__Bacteroidia|o__Bacteroidales|f__Rikenellaceae|g__Alistipes|s__None,863,k__Bacteria|p__Firmicutes|c__Clostridia|o__Oscillospirales|f__Ruminococcaceae|g__UBA1819|s__None,0.8333333333333334
227,k__Bacteria|p__Bacteroidetes|c__Bacteroidia|o__Bacteroidales|f__Rikenellaceae|g__Alistipes|s__None,865,k__Bacteria|p__Firmicutes|c__Clostridia|o__Oscillospirales|f__Ruminococcaceae|g__Eubacterium_siraeum_group|s__None,0.8333333333333334
227,k__Bacteria|p__Bacteroidetes|c__Bacteroidia|o__Bacteroidales|f__Rikenellaceae|g__Alistipes|s__None,869,k__Bacteria|p__Firmicutes|c__Clostridia|o__Oscillospirales|f__Ruminococcaceae|g__None|s__None,0.75
227,k__Bacteria|p__Bacteroidetes|c__Bacteroidia|o__Bacteroidales|f__Rikenellaceae|g__Alistipes|s__None,885,k__Bacteria|p__Firmicutes|c__Clostridia|o__Oscillospirales|f__Eubacterium_coprostanoligenes_group|g__None|s__None,0.75
227,k__Bacteria|p__Bacteroidetes|c__Bacteroidia|o__Bacteroidales|f__Rikenellaceae|g__Alistipes|s__None,905,k__Bacteria|p__Firmicutes|c__Clostridia|o__Peptostreptococcales-Tissierellales|f__Anaerovoracaceae|g__Family_XIII_AD3011_group|s__metagenome,0.9166666666666666
227,k__Bacteria|p__Bacteroidetes|c__Bacteroidia|o__Bacteroidales|f__Rikenellaceae|g__Alistipes|s__None,925,k__Bacteria|p__Firmicutes|c__Clostridia|o__Peptostreptococcales-Tissierellales|f__Anaerovoracaceae|g__None|s__None,0.75
227,k__Bacteria|p__Bacteroidetes|c__Bacteroidia|o__Bacteroidales|f__Rikenellaceae|g__Alistipes|s__None,943,k__Bacteria|p__Firmicutes|c__Clostridia|o__Peptostreptococcales-Tissierellales|f__Peptostreptococcaceae|g__Intestinibacter|s__None,0.8333333333333334
227,k__Bacteria|p__Bacteroidetes|c__Bacteroidia|o__Bacteroidales|f__Rikenellaceae|g__Alistipes|s__None,951,k__Bacteria|p__Firmicutes|c__Clostridia|o__Peptostreptococcales-Tissierellales|f__Peptostreptococcaceae|g__Romboutsia|s__None,0.8333333333333334
227,k__Bacteria|p__Bacteroidetes|c__Bacteroidia|o__Bacteroidales|f__Rikenellaceae|g__Alistipes|s__None,956,k__Bacteria|p__Firmicutes|c__Clostridia|o__None|f__None|g__None|s__None,0.5833333333333334
227,k__Bacteria|p__Bacteroidetes|c__Bacteroidia|o__Bacteroidales|f__Rikenellaceae|g__Alistipes|s__None,966,k__Bacteria|p__Firmicutes|c__Negativicutes|o__Acidaminococcales|f__Acidaminococcaceae|g__Acidaminococcus|s__None,0.8333333333333334
227,k__Bacteria|p__Bacteroidetes|c__Bacteroidia|o__Bacteroidales|f__Rikenellaceae|g__Alistipes|s__None,967,k__Bacteria|p__Firmicutes|c__Negativicutes|o__Acidaminococcales|f__Acidaminococcaceae|g__Phascolarctobacterium|s__None,0.8333333333333334
227,k__Bacteria|p__Bacteroidetes|c__Bacteroidia|o__Bacteroidales|f__Rikenellaceae|g__Alistipes|s__None,986,k__Bacteria|p__Firmicutes|c__Negativicutes|o__Veillonellales-Selenomonadales|f__Veillonellaceae|g__Dialister|s__None,0.8333333333333334
227,k__Bacteria|p__Bacteroidetes|c__Bacteroidia|o__Bacteroidales|f__Rikenellaceae|g__Alistipes|s__None,992,k__Bacteria|p__Firmicutes|c__Negativicutes|o__Veillonellales-Selenomonadales|f__Veillonellaceae|g__Veillonella|s__None,0.8333333333333334
227,k__Bacteria|p__Bacteroidetes|c__Bacteroidia|o__Bacteroidales|f__Rikenellaceae|g__Alistipes|s__None,1055,k__Bacteria|p__Proteobacteria|c__Gammaproteobacteria|o__Burkholderiales|f__Sutterellaceae|g__Parasutterella|s__None,0.8333333333333334
227,k__Bacteria|p__Bacteroidetes|c__Bacteroidia|o__Bacteroidales|f__Rikenellaceae|g__Alistipes|s__None,1069,k__Bacteria|p__Proteobacteria|c__Gammaproteobacteria|o__Enterobacterales|f__Enterobacteriaceae|g__Escherichia-Shigella|s__None,0.8333333333333334
227,k__Bacteria|p__Bacteroidetes|c__Bacteroidia|o__Bacteroidales|f__Rikenellaceae|g__Alistipes|s__None,1089,k__Bacteria|p__Proteobacteria|c__Gammaproteobacteria|o__Pseudomonadales|f__Pseudomonadaceae|g__Pseudomonas|s__None,0.8333333333333334
227,k__Bacteria|p__Bacteroidetes|c__Bacteroidia|o__Bacteroidales|f__Rikenellaceae|g__Alistipes|s__None,1132,k__Bacteria|p__Verrucomicrobiota|c__Verrucomicrobiae|o__Verrucomicrobiales|f__Akkermansiaceae|g__Akkermansia|s__None,0.8333333333333334
227,k__Bacteria|p__Bacteroidetes|c__Bacteroidia|o__Bacteroidales|f__Rikenellaceae|g__Alistipes|s__None,1136,k__Bacteria|p__None|c__None|o__None|f__None|g__None|s__None,0.4166666666666667
284,k__Bacteria|p__Desulfobacterota|c__Desulfovibrionia|o__Desulfovibrionales|f__Desulfovibrionaceae|g__Bilophila|s__None,311,k__Bacteria|p__Firmicutes|c__Bacilli|o__Erysipelotrichales|f__Erysipelatoclostridiaceae|g__Erysipelatoclostridium|s__Clostridium_spiroforme_DSM_1552,0.9166666666666666
284,k__Bacteria|p__Desulfobacterota|c__Desulfovibrionia|o__Desulfovibrionales|f__Desulfovibrionaceae|g__Bilophila|s__None,314,k__Bacteria|p__Firmicutes|c__Bacilli|o__Erysipelotrichales|f__Erysipelatoclostridiaceae|g__Erysipelotrichaceae_UCG-003|s__None,0.8333333333333334
284,k__Bacteria|p__Desulfobacterota|c__Desulfovibrionia|o__Desulfovibrionales|f__Desulfovibrionaceae|g__Bilophila|s__None,380,k__Bacteria|p__Firmicutes|c__Bacilli|o__Lactobacillales|f__Streptococcaceae|g__Streptococcus|s__None,0.8333333333333334
284,k__Bacteria|p__Desulfobacterota|c__Desulfovibrionia|o__Desulfovibrionales|f__Desulfovibrionaceae|g__Bilophila|s__None,411,k__Bacteria|p__Firmicutes|c__Clostridia|o__Christensenellales|f__Christensenellaceae|g__Christensenellaceae_R-7_group|s__None,0.8333333333333334
284,k__Bacteria|p__Desulfobacterota|c__Desulfovibrionia|o__Desulfovibrionales|f__Desulfovibrionaceae|g__Bilophila|s__None,421,k__Bacteria|p__Firmicutes|c__Clostridia|o__Christensenellales|f__Christensenellaceae|g__Christensenellaceae_R-7_group|s__uncultured_marine_bacterium,0.9166666666666666
284,k__Bacteria|p__Desulfobacterota|c__Desulfovibrionia|o__Desulfovibrionales|f__Desulfovibrionaceae|g__Bilophila|s__None,426,k__Bacteria|p__Firmicutes|c__Clostridia|o__Clostridia_UCG-014|f__None|g__None|s__None,0.6666666666666666
284,k__Bacteria|p__Desulfobacterota|c__Desulfovibrionia|o__Desulfovibrionales|f__Desulfovibrionaceae|g__Bilophila|s__None,445,k__Bacteria|p__Firmicutes|c__Clostridia|o__Clostridiales|f__Christensenellaceae|g__Christensenella|s__PAC002297,0.9166666666666666
284,k__Bacteria|p__Desulfobacterota|c__Desulfovibrionia|o__Desulfovibrionales|f__Desulfovibrionaceae|g__Bilophila|s__None,501,k__Bacteria|p__Firmicutes|c__Clostridia|o__Clostridiales|f__Lachnospiraceae|g__PAC001201|s__PAC002549,0.9166666666666666
284,k__Bacteria|p__Desulfobacterota|c__Desulfovibrionia|o__Desulfovibrionales|f__Desulfovibrionaceae|g__Bilophila|s__None,534,k__Bacteria|p__Firmicutes|c__Clostridia|o__Clostridiales|f__Ruminococcaceae|g__PAC001144|s__PAC001620,0.9166666666666666
284,k__Bacteria|p__Desulfobacterota|c__Desulfovibrionia|o__Desulfovibrionales|f__Desulfovibrionaceae|g__Bilophila|s__None,562,k__Bacteria|p__Firmicutes|c__Clostridia|o__Eubacteriales|f__Eubacteriaceae|g__Eubacterium|s__None,0.8333333333333334
284,k__Bacteria|p__Desulfobacterota|c__Desulfovibrionia|o__Desulfovibrionales|f__Desulfovibrionaceae|g__Bilophila|s__None,577,k__Bacteria|p__Firmicutes|c__Clostridia|o__Lachnospirales|f__Lachnospiraceae|g__Agathobacter|s__None,0.8333333333333334
284,k__Bacteria|p__Desulfobacterota|c__Desulfovibrionia|o__Desulfovibrionales|f__Desulfovibrionaceae|g__Bilophila|s__None,588,k__Bacteria|p__Firmicutes|c__Clostridia|o__Lachnospirales|f__Lachnospiraceae|g__Anaerostipes|s__None,0.8333333333333334
284,k__Bacteria|p__Desulfobacterota|c__Desulfovibrionia|o__Desulfovibrionales|f__Desulfovibrionaceae|g__Bilophila|s__None,591,k__Bacteria|p__Firmicutes|c__Clostridia|o__Lachnospirales|f__Lachnospiraceae|g__Anaerostipes|s__uncultured_Lachnospiraceae_bacterium,0.9166666666666666
284,k__Bacteria|p__Desulfobacterota|c__Desulfovibrionia|o__Desulfovibrionales|f__Desulfovibrionaceae|g__Bilophila|s__None,594,k__Bacteria|p__Firmicutes|c__Clostridia|o__Lachnospirales|f__Lachnospiraceae|g__Blautia|s__None,0.8333333333333334
284,k__Bacteria|p__Desulfobacterota|c__Desulfovibrionia|o__Desulfovibrionales|f__Desulfovibrionaceae|g__Bilophila|s__None,595,k__Bacteria|p__Firmicutes|c__Clostridia|o__Lachnospirales|f__Lachnospiraceae|g__Blautia|s__bacterium_mpn-isolate_group_20,0.9166666666666666
284,k__Bacteria|p__Desulfobacterota|c__Desulfovibrionia|o__Desulfovibrionales|f__Desulfovibrionaceae|g__Bilophila|s__None,597,k__Bacteria|p__Firmicutes|c__Clostridia|o__Lachnospirales|f__Lachnospiraceae|g__Blautia|s__uncultured_Blautia_sp.,0.9166666666666666
284,k__Bacteria|p__Desulfobacterota|c__Desulfovibrionia|o__Desulfovibrionales|f__Desulfovibrionaceae|g__Bilophila|s__None,608,k__Bacteria|p__Firmicutes|c__Clostridia|o__Lachnospirales|f__Lachnospiraceae|g__Coprococcus|s__None,0.8333333333333334
284,k__Bacteria|p__Desulfobacterota|c__Desulfovibrionia|o__Desulfovibrionales|f__Desulfovibrionaceae|g__Bilophila|s__None,609,k__Bacteria|p__Firmicutes|c__Clostridia|o__Lachnospirales|f__Lachnospiraceae|g__Coprococcus|s__uncultured_Coprococcus_sp.,0.9166666666666666
284,k__Bacteria|p__Desulfobacterota|c__Desulfovibrionia|o__Desulfovibrionales|f__Desulfovibrionaceae|g__Bilophila|s__None,612,k__Bacteria|p__Firmicutes|c__Clostridia|o__Lachnospirales|f__Lachnospiraceae|g__Eisenbergiella|s__None,0.8333333333333334
284,k__Bacteria|p__Desulfobacterota|c__Desulfovibrionia|o__Desulfovibrionales|f__Desulfovibrionaceae|g__Bilophila|s__None,619,k__Bacteria|p__Firmicutes|c__Clostridia|o__Lachnospirales|f__Lachnospiraceae|g__Fusicatenibacter|s__uncultured_Lachnospiraceae_bacterium,0.9166666666666666
284,k__Bacteria|p__Desulfobacterota|c__Desulfovibrionia|o__Desulfovibrionales|f__Desulfovibrionaceae|g__Bilophila|s__None,620,k__Bacteria|p__Firmicutes|c__Clostridia|o__Lachnospirales|f__Lachnospiraceae|g__GCA-900066575|s__None,0.8333333333333334
284,k__Bacteria|p__Desulfobacterota|c__Desulfovibrionia|o__Desulfovibrionales|f__Desulfovibrionaceae|g__Bilophila|s__None,628,k__Bacteria|p__Firmicutes|c__Clostridia|o__Lachnospirales|f__Lachnospiraceae|g__Howardella|s__metagenome,0.9166666666666666
284,k__Bacteria|p__Desulfobacterota|c__Desulfovibrionia|o__Desulfovibrionales|f__Desulfovibrionaceae|g__Bilophila|s__None,638,k__Bacteria|p__Firmicutes|c__Clostridia|o__Lachnospirales|f__Lachnospiraceae|g__Lachnoclostridium|s__None,0.8333333333333334
284,k__Bacteria|p__Desulfobacterota|c__Desulfovibrionia|o__Desulfovibrionales|f__Desulfovibrionaceae|g__Bilophila|s__None,640,k__Bacteria|p__Firmicutes|c__Clostridia|o__Lachnospirales|f__Lachnospiraceae|g__Lachnoclostridium|s__uncultured_Lachnospiraceae_bacterium,0.9166666666666666
284,k__Bacteria|p__Desulfobacterota|c__Desulfovibrionia|o__Desulfovibrionales|f__Desulfovibrionaceae|g__Bilophila|s__None,641,k__Bacteria|p__Firmicutes|c__Clostridia|o__Lachnospirales|f__Lachnospiraceae|g__Lachnospira|s__None,0.8333333333333334
284,k__Bacteria|p__Desulfobacterota|c__Desulfovibrionia|o__Desulfovibrionales|f__Desulfovibrionaceae|g__Bilophila|s__None,649,k__Bacteria|p__Firmicutes|c__Clostridia|o__Lachnospirales|f__Lachnospiraceae|g__Lachnospiraceae_ND3007_group|s__metagenome,0.9166666666666666
284,k__Bacteria|p__Desulfobacterota|c__Desulfovibrionia|o__Desulfovibrionales|f__Desulfovibrionaceae|g__Bilophila|s__None,658,k__Bacteria|p__Firmicutes|c__Clostridia|o__Lachnospirales|f__Lachnospiraceae|g__Lachnospiraceae_NK4A136_group|s__uncultured_bacterium_Adhufec49.25,0.9166666666666666
284,k__Bacteria|p__Desulfobacterota|c__Desulfovibrionia|o__Desulfovibrionales|f__Desulfovibrionaceae|g__Bilophila|s__None,662,k__Bacteria|p__Firmicutes|c__Clostridia|o__Lachnospirales|f__Lachnospiraceae|g__Lachnospiraceae_UCG-001|s__metagenome,0.9166666666666666
284,k__Bacteria|p__Desulfobacterota|c__Desulfovibrionia|o__Desulfovibrionales|f__Desulfovibrionaceae|g__Bilophila|s__None,675,k__Bacteria|p__Firmicutes|c__Clostridia|o__Lachnospirales|f__Lachnospiraceae|g__Lachnospiraceae_UCG-010|s__None,0.8333333333333334
284,k__Bacteria|p__Desulfobacterota|c__Desulfovibrionia|o__Desulfovibrionales|f__Desulfovibrionaceae|g__Bilophila|s__None,694,k__Bacteria|p__Firmicutes|c__Clostridia|o__Lachnospirales|f__Lachnospiraceae|g__Roseburia|s__None,0.8333333333333334
284,k__Bacteria|p__Desulfobacterota|c__Desulfovibrionia|o__Desulfovibrionales|f__Desulfovibrionaceae|g__Bilophila|s__None,695,k__Bacteria|p__Firmicutes|c__Clostridia|o__Lachnospirales|f__Lachnospiraceae|g__Roseburia|s__gut_metagenome,0.9166666666666666
284,k__Bacteria|p__Desulfobacterota|c__Desulfovibrionia|o__Desulfovibrionales|f__Desulfovibrionaceae|g__Bilophila|s__None,705,k__Bacteria|p__Firmicutes|c__Clostridia|o__Lachnospirales|f__Lachnospiraceae|g__Tuzzerella|s__None,0.8333333333333334
284,k__Bacteria|p__Desulfobacterota|c__Desulfovibrionia|o__Desulfovibrionales|f__Desulfovibrionaceae|g__Bilophila|s__None,709,k__Bacteria|p__Firmicutes|c__Clostridia|o__Lachnospirales|f__Lachnospiraceae|g__UC5-1-2E3|s__uncultured_organism,0.9166666666666666
284,k__Bacteria|p__Desulfobacterota|c__Desulfovibrionia|o__Desulfovibrionales|f__Desulfovibrionaceae|g__Bilophila|s__None,711,k__Bacteria|p__Firmicutes|c__Clostridia|o__Lachnospirales|f__Lachnospiraceae|g__Eubacterium_eligens_group|s__None,0.8333333333333334
284,k__Bacteria|p__Desulfobacterota|c__Desulfovibrionia|o__Desulfovibrionales|f__Desulfovibrionaceae|g__Bilophila|s__None,712,k__Bacteria|p__Firmicutes|c__Clostridia|o__Lachnospirales|f__Lachnospiraceae|g__Eubacterium_fissicatena_group|s__None,0.8333333333333334
284,k__Bacteria|p__Desulfobacterota|c__Desulfovibrionia|o__Desulfovibrionales|f__Desulfovibrionaceae|g__Bilophila|s__None,717,k__Bacteria|p__Firmicutes|c__Clostridia|o__Lachnospirales|f__Lachnospiraceae|g__Eubacterium_hallii_group|s__None,0.8333333333333334
284,k__Bacteria|p__Desulfobacterota|c__Desulfovibrionia|o__Desulfovibrionales|f__Desulfovibrionaceae|g__Bilophila|s__None,722,k__Bacteria|p__Firmicutes|c__Clostridia|o__Lachnospirales|f__Lachnospiraceae|g__Eubacterium_ventriosum_group|s__uncultured_organism,0.9166666666666666
284,k__Bacteria|p__Desulfobacterota|c__Desulfovibrionia|o__Desulfovibrionales|f__Desulfovibrionaceae|g__Bilophila|s__None,724,k__Bacteria|p__Firmicutes|c__Clostridia|o__Lachnospirales|f__Lachnospiraceae|g__Eubacterium_xylanophilum_group|s__None,0.8333333333333334
284,k__Bacteria|p__Desulfobacterota|c__Desulfovibrionia|o__Desulfovibrionales|f__Desulfovibrionaceae|g__Bilophila|s__None,730,k__Bacteria|p__Firmicutes|c__Clostridia|o__Lachnospirales|f__Lachnospiraceae|g__Ruminococcus_torques_group|s__None,0.8333333333333334
284,k__Bacteria|p__Desulfobacterota|c__Desulfovibrionia|o__Desulfovibrionales|f__Desulfovibrionaceae|g__Bilophila|s__None,732,k__Bacteria|p__Firmicutes|c__Clostridia|o__Lachnospirales|f__Lachnospiraceae|g__None|s__None,0.75
284,k__Bacteria|p__Desulfobacterota|c__Desulfovibrionia|o__Desulfovibrionales|f__Desulfovibrionaceae|g__Bilophila|s__None,733,k__Bacteria|p__Firmicutes|c__Clostridia|o__Lachnospirales|f__Lachnospiraceae|g__uncultured|s__None,0.8333333333333334
284,k__Bacteria|p__Desulfobacterota|c__Desulfovibrionia|o__Desulfovibrionales|f__Desulfovibrionaceae|g__Bilophila|s__None,739,k__Bacteria|p__Firmicutes|c__Clostridia|o__Monoglobales|f__Monoglobaceae|g__Monoglobus|s__None,0.8333333333333334
284,k__Bacteria|p__Desulfobacterota|c__Desulfovibrionia|o__Desulfovibrionales|f__Desulfovibrionaceae|g__Bilophila|s__None,759,k__Bacteria|p__Firmicutes|c__Clostridia|o__Oscillospirales|f__Oscillospiraceae|g__Colidextribacter|s__None,0.8333333333333334
284,k__Bacteria|p__Desulfobacterota|c__Desulfovibrionia|o__Desulfovibrionales|f__Desulfovibrionaceae|g__Bilophila|s__None,767,k__Bacteria|p__Firmicutes|c__Clostridia|o__Oscillospirales|f__Oscillospiraceae|g__Flavonifractor|s__None,0.8333333333333334
284,k__Bacteria|p__Desulfobacterota|c__Desulfovibrionia|o__Desulfovibrionales|f__Desulfovibrionaceae|g__Bilophila|s__None,769,k__Bacteria|p__Firmicutes|c__Clostridia|o__Oscillospirales|f__Oscillospiraceae|g__Intestinimonas|s__None,0.8333333333333334
284,k__Bacteria|p__Desulfobacterota|c__Desulfovibrionia|o__Desulfovibrionales|f__Desulfovibrionaceae|g__Bilophila|s__None,770,k__Bacteria|p__Firmicutes|c__Clostridia|o__Oscillospirales|f__Oscillospiraceae|g__Intestinimonas|s__bacterium_P1C2,0.9166666666666666
284,k__Bacteria|p__Desulfobacterota|c__Desulfovibrionia|o__Desulfovibrionales|f__Desulfovibrionaceae|g__Bilophila|s__None,779,k__Bacteria|p__Firmicutes|c__Clostridia|o__Oscillospirales|f__Oscillospiraceae|g__Oscillibacter|s__None,0.8333333333333334
284,k__Bacteria|p__Desulfobacterota|c__Desulfovibrionia|o__Desulfovibrionales|f__Desulfovibrionaceae|g__Bilophila|s__None,780,k__Bacteria|p__Firmicutes|c__Clostridia|o__Oscillospirales|f__Oscillospiraceae|g__Oscillibacter|s__metagenome,0.9166666666666666
284,k__Bacteria|p__Desulfobacterota|c__Desulfovibrionia|o__Desulfovibrionales|f__Desulfovibrionaceae|g__Bilophila|s__None,790,k__Bacteria|p__Firmicutes|c__Clostridia|o__Oscillospirales|f__Oscillospiraceae|g__UCG-002|s__None,0.8333333333333334
284,k__Bacteria|p__Desulfobacterota|c__Desulfovibrionia|o__Desulfovibrionales|f__Desulfovibrionaceae|g__Bilophila|s__None,791,k__Bacteria|p__Firmicutes|c__Clostridia|o__Oscillospirales|f__Oscillospiraceae|g__UCG-003|s__None,0.8333333333333334
284,k__Bacteria|p__Desulfobacterota|c__Desulfovibrionia|o__Desulfovibrionales|f__Desulfovibrionaceae|g__Bilophila|s__None,794,k__Bacteria|p__Firmicutes|c__Clostridia|o__Oscillospirales|f__Oscillospiraceae|g__UCG-005|s__metagenome,0.9166666666666666
284,k__Bacteria|p__Desulfobacterota|c__Desulfovibrionia|o__Desulfovibrionales|f__Desulfovibrionaceae|g__Bilophila|s__None,812,k__Bacteria|p__Firmicutes|c__Clostridia|o__Oscillospirales|f__Ruminococcaceae|g__Anaerofilum|s__metagenome,0.9166666666666666
284,k__Bacteria|p__Desulfobacterota|c__Desulfovibrionia|o__Desulfovibrionales|f__Desulfovibrionaceae|g__Bilophila|s__None,832,k__Bacteria|p__Firmicutes|c__Clostridia|o__Oscillospirales|f__Ruminococcaceae|g__DTU089|s__None,0.8333333333333334
284,k__Bacteria|p__Desulfobacterota|c__Desulfovibrionia|o__Desulfovibrionales|f__Desulfovibrionaceae|g__Bilophila|s__None,833,k__Bacteria|p__Firmicutes|c__Clostridia|o__Oscillospirales|f__Ruminococcaceae|g__Faecalibacterium|s__None,0.8333333333333334
284,k__Bacteria|p__Desulfobacterota|c__Desulfovibrionia|o__Desulfovibrionales|f__Desulfovibrionaceae|g__Bilophila|s__None,839,k__Bacteria|p__Firmicutes|c__Clostridia|o__Oscillospirales|f__Ruminococcaceae|g__Incertae_Sedis|s__metagenome,0.9166666666666666
284,k__Bacteria|p__Desulfobacterota|c__Desulfovibrionia|o__Desulfovibrionales|f__Desulfovibrionaceae|g__Bilophila|s__None,841,k__Bacteria|p__Firmicutes|c__Clostridia|o__Oscillospirales|f__Ruminococcaceae|g__Incertae_Sedis|s__None,0.8333333333333334
284,k__Bacteria|p__Desulfobacterota|c__Desulfovibrionia|o__Desulfovibrionales|f__Desulfovibrionaceae|g__Bilophila|s__None,859,k__Bacteria|p__Firmicutes|c__Clostridia|o__Oscillospirales|f__Ruminococcaceae|g__Ruminococcus|s__None,0.8333333333333334
284,k__Bacteria|p__Desulfobacterota|c__Desulfovibrionia|o__Desulfovibrionales|f__Desulfovibrionaceae|g__Bilophila|s__None,860,k__Bacteria|p__Firmicutes|c__Clostridia|o__Oscillospirales|f__Ruminococcaceae|g__Subdoligranulum|s__None,0.8333333333333334
284,k__Bacteria|p__Desulfobacterota|c__Desulfovibrionia|o__Desulfovibrionales|f__Desulfovibrionaceae|g__Bilophila|s__None,863,k__Bacteria|p__Firmicutes|c__Clostridia|o__Oscillospirales|f__Ruminococcaceae|g__UBA1819|s__None,0.8333333333333334
284,k__Bacteria|p__Desulfobacterota|c__Desulfovibrionia|o__Desulfovibrionales|f__Desulfovibrionaceae|g__Bilophila|s__None,865,k__Bacteria|p__Firmicutes|c__Clostridia|o__Oscillospirales|f__Ruminococcaceae|g__Eubacterium_siraeum_group|s__None,0.8333333333333334
284,k__Bacteria|p__Desulfobacterota|c__Desulfovibrionia|o__Desulfovibrionales|f__Desulfovibrionaceae|g__Bilophila|s__None,869,k__Bacteria|p__Firmicutes|c__Clostridia|o__Oscillospirales|f__Ruminococcaceae|g__None|s__None,0.75
284,k__Bacteria|p__Desulfobacterota|c__Desulfovibrionia|o__Desulfovibrionales|f__Desulfovibrionaceae|g__Bilophila|s__None,885,k__Bacteria|p__Firmicutes|c__Clostridia|o__Oscillospirales|f__Eubacterium_coprostanoligenes_group|g__None|s__None,0.75
284,k__Bacteria|p__Desulfobacterota|c__Desulfovibrionia|o__Desulfovibrionales|f__Desulfovibrionaceae|g__Bilophila|s__None,905,k__Bacteria|p__Firmicutes|c__Clostridia|o__Peptostreptococcales-Tissierellales|f__Anaerovoracaceae|g__Family_XIII_AD3011_group|s__metagenome,0.9166666666666666
284,k__Bacteria|p__Desulfobacterota|c__Desulfovibrionia|o__Desulfovibrionales|f__Desulfovibrionaceae|g__Bilophila|s__None,925,k__Bacteria|p__Firmicutes|c__Clostridia|o__Peptostreptococcales-Tissierellales|f__Anaerovoracaceae|g__None|s__None,0.75
284,k__Bacteria|p__Desulfobacterota|c__Desulfovibrionia|o__Desulfovibrionales|f__Desulfovibrionaceae|g__Bilophila|s__None,943,k__Bacteria|p__Firmicutes|c__Clostridia|o__Peptostreptococcales-Tissierellales|f__Peptostreptococcaceae|g__Intestinibacter|s__None,0.8333333333333334
284,k__Bacteria|p__Desulfobacterota|c__Desulfovibrionia|o__Desulfovibrionales|f__Desulfovibrionaceae|g__Bilophila|s__None,951,k__Bacteria|p__Firmicutes|c__Clostridia|o__Peptostreptococcales-Tissierellales|f__Peptostreptococcaceae|g__Romboutsia|s__None,0.8333333333333334
284,k__Bacteria|p__Desulfobacterota|c__Desulfovibrionia|o__Desulfovibrionales|f__Desulfovibrionaceae|g__Bilophila|s__None,956,k__Bacteria|p__Firmicutes|c__Clostridia|o__None|f__None|g__None|s__None,0.5833333333333334
284,k__Bacteria|p__Desulfobacterota|c__Desulfovibrionia|o__Desulfovibrionales|f__Desulfovibrionaceae|g__Bilophila|s__None,966,k__Bacteria|p__Firmicutes|c__Negativicutes|o__Acidaminococcales|f__Acidaminococcaceae|g__Acidaminococcus|s__None,0.8333333333333334
284,k__Bacteria|p__Desulfobacterota|c__Desulfovibrionia|o__Desulfovibrionales|f__Desulfovibrionaceae|g__Bilophila|s__None,967,k__Bacteria|p__Firmicutes|c__Negativicutes|o__Acidaminococcales|f__Acidaminococcaceae|g__Phascolarctobacterium|s__None,0.8333333333333334
284,k__Bacteria|p__Desulfobacterota|c__Desulfovibrionia|o__Desulfovibrionales|f__Desulfovibrionaceae|g__Bilophila|s__None,986,k__Bacteria|p__Firmicutes|c__Negativicutes|o__Veillonellales-Selenomonadales|f__Veillonellaceae|g__Dialister|s__None,0.8333333333333334
284,k__Bacteria|p__Desulfobacterota|c__Desulfovibrionia|o__Desulfovibrionales|f__Desulfovibrionaceae|g__Bilophila|s__None,992,k__Bacteria|p__Firmicutes|c__Negativicutes|o__Veillonellales-Selenomonadales|f__Veillonellaceae|g__Veillonella|s__None,0.8333333333333334
284,k__Bacteria|p__Desulfobacterota|c__Desulfovibrionia|o__Desulfovibrionales|f__Desulfovibrionaceae|g__Bilophila|s__None,1055,k__Bacteria|p__Proteobacteria|c__Gammaproteobacteria|o__Burkholderiales|f__Sutterellaceae|g__Parasutterella|s__None,0.8333333333333334
284,k__Bacteria|p__Desulfobacterota|c__Desulfovibrionia|o__Desulfovibrionales|f__Desulfovibrionaceae|g__Bilophila|s__None,1069,k__Bacteria|p__Proteobacteria|c__Gammaproteobacteria|o__Enterobacterales|f__Enterobacteriaceae|g__Escherichia-Shigella|s__None,0.8333333333333334
284,k__Bacteria|p__Desulfobacterota|c__Desulfovibrionia|o__Desulfovibrionales|f__Desulfovibrionaceae|g__Bilophila|s__None,1089,k__Bacteria|p__Proteobacteria|c__Gammaproteobacteria|o__Pseudomonadales|f__Pseudomonadaceae|g__Pseudomonas|s__None,0.8333333333333334
284,k__Bacteria|p__Desulfobacterota|c__Desulfovibrionia|o__Desulfovibrionales|f__Desulfovibrionaceae|g__Bilophila|s__None,1132,k__Bacteria|p__Verrucomicrobiota|c__Verrucomicrobiae|o__Verrucomicrobiales|f__Akkermansiaceae|g__Akkermansia|s__None,0.8333333333333334
284,k__Bacteria|p__Desulfobacterota|c__Desulfovibrionia|o__Desulfovibrionales|f__Desulfovibrionaceae|g__Bilophila|s__None,1136,k__Bacteria|p__None|c__None|o__None|f__None|g__None|s__None,0.4166666666666667
311,k__Bacteria|p__Firmicutes|c__Bacilli|o__Erysipelotrichales|f__Erysipelatoclostridiaceae|g__Erysipelatoclostridium|s__Clostridium_spiroforme_DSM_1552,314,k__Bacteria|p__Firmicutes|c__Bacilli|o__Erysipelotrichales|f__Erysipelatoclostridiaceae|g__Erysipelotrichaceae_UCG-003|s__None,0.25
311,k__Bacteria|p__Firmicutes|c__Bacilli|o__Erysipelotrichales|f__Erysipelatoclostridiaceae|g__Erysipelatoclostridium|s__Clostridium_spiroforme_DSM_1552,380,k__Bacteria|p__Firmicutes|c__Bacilli|o__Lactobacillales|f__Streptococcaceae|g__Streptococcus|s__None,0.5833333333333334
311,k__Bacteria|p__Firmicutes|c__Bacilli|o__Erysipelotrichales|f__Erysipelatoclostridiaceae|g__Erysipelatoclostridium|s__Clostridium_spiroforme_DSM_1552,411,k__Bacteria|p__Firmicutes|c__Clostridia|o__Christensenellales|f__Christensenellaceae|g__Christensenellaceae_R-7_group|s__None,0.75
311,k__Bacteria|p__Firmicutes|c__Bacilli|o__Erysipelotrichales|f__Erysipelatoclostridiaceae|g__Erysipelatoclostridium|s__Clostridium_spiroforme_DSM_1552,421,k__Bacteria|p__Firmicutes|c__Clostridia|o__Christensenellales|f__Christensenellaceae|g__Christensenellaceae_R-7_group|s__uncultured_marine_bacterium,0.8333333333333334
311,k__Bacteria|p__Firmicutes|c__Bacilli|o__Erysipelotrichales|f__Erysipelatoclostridiaceae|g__Erysipelatoclostridium|s__Clostridium_spiroforme_DSM_1552,426,k__Bacteria|p__Firmicutes|c__Clostridia|o__Clostridia_UCG-014|f__None|g__None|s__None,0.5833333333333334
311,k__Bacteria|p__Firmicutes|c__Bacilli|o__Erysipelotrichales|f__Erysipelatoclostridiaceae|g__Erysipelatoclostridium|s__Clostridium_spiroforme_DSM_1552,445,k__Bacteria|p__Firmicutes|c__Clostridia|o__Clostridiales|f__Christensenellaceae|g__Christensenella|s__PAC002297,0.8333333333333334
311,k__Bacteria|p__Firmicutes|c__Bacilli|o__Erysipelotrichales|f__Erysipelatoclostridiaceae|g__Erysipelatoclostridium|s__Clostridium_spiroforme_DSM_1552,501,k__Bacteria|p__Firmicutes|c__Clostridia|o__Clostridiales|f__Lachnospiraceae|g__PAC001201|s__PAC002549,0.8333333333333334
311,k__Bacteria|p__Firmicutes|c__Bacilli|o__Erysipelotrichales|f__Erysipelatoclostridiaceae|g__Erysipelatoclostridium|s__Clostridium_spiroforme_DSM_1552,534,k__Bacteria|p__Firmicutes|c__Clostridia|o__Clostridiales|f__Ruminococcaceae|g__PAC001144|s__PAC001620,0.8333333333333334
311,k__Bacteria|p__Firmicutes|c__Bacilli|o__Erysipelotrichales|f__Erysipelatoclostridiaceae|g__Erysipelatoclostridium|s__Clostridium_spiroforme_DSM_1552,562,k__Bacteria|p__Firmicutes|c__Clostridia|o__Eubacteriales|f__Eubacteriaceae|g__Eubacterium|s__None,0.75
311,k__Bacteria|p__Firmicutes|c__Bacilli|o__Erysipelotrichales|f__Erysipelatoclostridiaceae|g__Erysipelatoclostridium|s__Clostridium_spiroforme_DSM_1552,577,k__Bacteria|p__Firmicutes|c__Clostridia|o__Lachnospirales|f__Lachnospiraceae|g__Agathobacter|s__None,0.75
311,k__Bacteria|p__Firmicutes|c__Bacilli|o__Erysipelotrichales|f__Erysipelatoclostridiaceae|g__Erysipelatoclostridium|s__Clostridium_spiroforme_DSM_1552,588,k__Bacteria|p__Firmicutes|c__Clostridia|o__Lachnospirales|f__Lachnospiraceae|g__Anaerostipes|s__None,0.75
311,k__Bacteria|p__Firmicutes|c__Bacilli|o__Erysipelotrichales|f__Erysipelatoclostridiaceae|g__Erysipelatoclostridium|s__Clostridium_spiroforme_DSM_1552,591,k__Bacteria|p__Firmicutes|c__Clostridia|o__Lachnospirales|f__Lachnospiraceae|g__Anaerostipes|s__uncultured_Lachnospiraceae_bacterium,0.8333333333333334
311,k__Bacteria|p__Firmicutes|c__Bacilli|o__Erysipelotrichales|f__Erysipelatoclostridiaceae|g__Erysipelatoclostridium|s__Clostridium_spiroforme_DSM_1552,594,k__Bacteria|p__Firmicutes|c__Clostridia|o__Lachnospirales|f__Lachnospiraceae|g__Blautia|s__None,0.75
311,k__Bacteria|p__Firmicutes|c__Bacilli|o__Erysipelotrichales|f__Erysipelatoclostridiaceae|g__Erysipelatoclostridium|s__Clostridium_spiroforme_DSM_1552,595,k__Bacteria|p__Firmicutes|c__Clostridia|o__Lachnospirales|f__Lachnospiraceae|g__Blautia|s__bacterium_mpn-isolate_group_20,0.8333333333333334
311,k__Bacteria|p__Firmicutes|c__Bacilli|o__Erysipelotrichales|f__Erysipelatoclostridiaceae|g__Erysipelatoclostridium|s__Clostridium_spiroforme_DSM_1552,597,k__Bacteria|p__Firmicutes|c__Clostridia|o__Lachnospirales|f__Lachnospiraceae|g__Blautia|s__uncultured_Blautia_sp.,0.8333333333333334
311,k__Bacteria|p__Firmicutes|c__Bacilli|o__Erysipelotrichales|f__Erysipelatoclostridiaceae|g__Erysipelatoclostridium|s__Clostridium_spiroforme_DSM_1552,608,k__Bacteria|p__Firmicutes|c__Clostridia|o__Lachnospirales|f__Lachnospiraceae|g__Coprococcus|s__None,0.75
311,k__Bacteria|p__Firmicutes|c__Bacilli|o__Erysipelotrichales|f__Erysipelatoclostridiaceae|g__Erysipelatoclostridium|s__Clostridium_spiroforme_DSM_1552,609,k__Bacteria|p__Firmicutes|c__Clostridia|o__Lachnospirales|f__Lachnospiraceae|g__Coprococcus|s__uncultured_Coprococcus_sp.,0.8333333333333334
311,k__Bacteria|p__Firmicutes|c__Bacilli|o__Erysipelotrichales|f__Erysipelatoclostridiaceae|g__Erysipelatoclostridium|s__Clostridium_spiroforme_DSM_1552,612,k__Bacteria|p__Firmicutes|c__Clostridia|o__Lachnospirales|f__Lachnospiraceae|g__Eisenbergiella|s__None,0.75
311,k__Bacteria|p__Firmicutes|c__Bacilli|o__Erysipelotrichales|f__Erysipelatoclostridiaceae|g__Erysipelatoclostridium|s__Clostridium_spiroforme_DSM_1552,619,k__Bacteria|p__Firmicutes|c__Clostridia|o__Lachnospirales|f__Lachnospiraceae|g__Fusicatenibacter|s__uncultured_Lachnospiraceae_bacterium,0.8333333333333334
311,k__Bacteria|p__Firmicutes|c__Bacilli|o__Erysipelotrichales|f__Erysipelatoclostridiaceae|g__Erysipelatoclostridium|s__Clostridium_spiroforme_DSM_1552,620,k__Bacteria|p__Firmicutes|c__Clostridia|o__Lachnospirales|f__Lachnospiraceae|g__GCA-900066575|s__None,0.75
311,k__Bacteria|p__Firmicutes|c__Bacilli|o__Erysipelotrichales|f__Erysipelatoclostridiaceae|g__Erysipelatoclostridium|s__Clostridium_spiroforme_DSM_1552,628,k__Bacteria|p__Firmicutes|c__Clostridia|o__Lachnospirales|f__Lachnospiraceae|g__Howardella|s__metagenome,0.8333333333333334
311,k__Bacteria|p__Firmicutes|c__Bacilli|o__Erysipelotrichales|f__Erysipelatoclostridiaceae|g__Erysipelatoclostridium|s__Clostridium_spiroforme_DSM_1552,638,k__Bacteria|p__Firmicutes|c__Clostridia|o__Lachnospirales|f__Lachnospiraceae|g__Lachnoclostridium|s__None,0.75
311,k__Bacteria|p__Firmicutes|c__Bacilli|o__Erysipelotrichales|f__Erysipelatoclostridiaceae|g__Erysipelatoclostridium|s__Clostridium_spiroforme_DSM_1552,640,k__Bacteria|p__Firmicutes|c__Clostridia|o__Lachnospirales|f__Lachnospiraceae|g__Lachnoclostridium|s__uncultured_Lachnospiraceae_bacterium,0.8333333333333334
311,k__Bacteria|p__Firmicutes|c__Bacilli|o__Erysipelotrichales|f__Erysipelatoclostridiaceae|g__Erysipelatoclostridium|s__Clostridium_spiroforme_DSM_1552,641,k__Bacteria|p__Firmicutes|c__Clostridia|o__Lachnospirales|f__Lachnospiraceae|g__Lachnospira|s__None,0.75
311,k__Bacteria|p__Firmicutes|c__Bacilli|o__Erysipelotrichales|f__Erysipelatoclostridiaceae|g__Erysipelatoclostridium|s__Clostridium_spiroforme_DSM_1552,649,k__Bacteria|p__Firmicutes|c__Clostridia|o__Lachnospirales|f__Lachnospiraceae|g__Lachnospiraceae_ND3007_group|s__metagenome,0.8333333333333334
311,k__Bacteria|p__Firmicutes|c__Bacilli|o__Erysipelotrichales|f__Erysipelatoclostridiaceae|g__Erysipelatoclostridium|s__Clostridium_spiroforme_DSM_1552,658,k__Bacteria|p__Firmicutes|c__Clostridia|o__Lachnospirales|f__Lachnospiraceae|g__Lachnospiraceae_NK4A136_group|s__uncultured_bacterium_Adhufec49.25,0.8333333333333334
311,k__Bacteria|p__Firmicutes|c__Bacilli|o__Erysipelotrichales|f__Erysipelatoclostridiaceae|g__Erysipelatoclostridium|s__Clostridium_spiroforme_DSM_1552,662,k__Bacteria|p__Firmicutes|c__Clostridia|o__Lachnospirales|f__Lachnospiraceae|g__Lachnospiraceae_UCG-001|s__metagenome,0.8333333333333334
311,k__Bacteria|p__Firmicutes|c__Bacilli|o__Erysipelotrichales|f__Erysipelatoclostridiaceae|g__Erysipelatoclostridium|s__Clostridium_spiroforme_DSM_1552,675,k__Bacteria|p__Firmicutes|c__Clostridia|o__Lachnospirales|f__Lachnospiraceae|g__Lachnospiraceae_UCG-010|s__None,0.75
311,k__Bacteria|p__Firmicutes|c__Bacilli|o__Erysipelotrichales|f__Erysipelatoclostridiaceae|g__Erysipelatoclostridium|s__Clostridium_spiroforme_DSM_1552,694,k__Bacteria|p__Firmicutes|c__Clostridia|o__Lachnospirales|f__Lachnospiraceae|g__Roseburia|s__None,0.75
311,k__Bacteria|p__Firmicutes|c__Bacilli|o__Erysipelotrichales|f__Erysipelatoclostridiaceae|g__Erysipelatoclostridium|s__Clostridium_spiroforme_DSM_1552,695,k__Bacteria|p__Firmicutes|c__Clostridia|o__Lachnospirales|f__Lachnospiraceae|g__Roseburia|s__gut_metagenome,0.8333333333333334
311,k__Bacteria|p__Firmicutes|c__Bacilli|o__Erysipelotrichales|f__Erysipelatoclostridiaceae|g__Erysipelatoclostridium|s__Clostridium_spiroforme_DSM_1552,705,k__Bacteria|p__Firmicutes|c__Clostridia|o__Lachnospirales|f__Lachnospiraceae|g__Tuzzerella|s__None,0.75
311,k__Bacteria|p__Firmicutes|c__Bacilli|o__Erysipelotrichales|f__Erysipelatoclostridiaceae|g__Erysipelatoclostridium|s__Clostridium_spiroforme_DSM_1552,709,k__Bacteria|p__Firmicutes|c__Clostridia|o__Lachnospirales|f__Lachnospiraceae|g__UC5-1-2E3|s__uncultured_organism,0.8333333333333334
311,k__Bacteria|p__Firmicutes|c__Bacilli|o__Erysipelotrichales|f__Erysipelatoclostridiaceae|g__Erysipelatoclostridium|s__Clostridium_spiroforme_DSM_1552,711,k__Bacteria|p__Firmicutes|c__Clostridia|o__Lachnospirales|f__Lachnospiraceae|g__Eubacterium_eligens_group|s__None,0.75
311,k__Bacteria|p__Firmicutes|c__Bacilli|o__Erysipelotrichales|f__Erysipelatoclostridiaceae|g__Erysipelatoclostridium|s__Clostridium_spiroforme_DSM_1552,712,k__Bacteria|p__Firmicutes|c__Clostridia|o__Lachnospirales|f__Lachnospiraceae|g__Eubacterium_fissicatena_group|s__None,0.75
311,k__Bacteria|p__Firmicutes|c__Bacilli|o__Erysipelotrichales|f__Erysipelatoclostridiaceae|g__Erysipelatoclostridium|s__Clostridium_spiroforme_DSM_1552,717,k__Bacteria|p__Firmicutes|c__Clostridia|o__Lachnospirales|f__Lachnospiraceae|g__Eubacterium_hallii_group|s__None,0.75
311,k__Bacteria|p__Firmicutes|c__Bacilli|o__Erysipelotrichales|f__Erysipelatoclostridiaceae|g__Erysipelatoclostridium|s__Clostridium_spiroforme_DSM_1552,722,k__Bacteria|p__Firmicutes|c__Clostridia|o__Lachnospirales|f__Lachnospiraceae|g__Eubacterium_ventriosum_group|s__uncultured_organism,0.8333333333333334
311,k__Bacteria|p__Firmicutes|c__Bacilli|o__Erysipelotrichales|f__Erysipelatoclostridiaceae|g__Erysipelatoclostridium|s__Clostridium_spiroforme_DSM_1552,724,k__Bacteria|p__Firmicutes|c__Clostridia|o__Lachnospirales|f__Lachnospiraceae|g__Eubacterium_xylanophilum_group|s__None,0.75
311,k__Bacteria|p__Firmicutes|c__Bacilli|o__Erysipelotrichales|f__Erysipelatoclostridiaceae|g__Erysipelatoclostridium|s__Clostridium_spiroforme_DSM_1552,730,k__Bacteria|p__Firmicutes|c__Clostridia|o__Lachnospirales|f__Lachnospiraceae|g__Ruminococcus_torques_group|s__None,0.75
311,k__Bacteria|p__Firmicutes|c__Bacilli|o__Erysipelotrichales|f__Erysipelatoclostridiaceae|g__Erysipelatoclostridium|s__Clostridium_spiroforme_DSM_1552,732,k__Bacteria|p__Firmicutes|c__Clostridia|o__Lachnospirales|f__Lachnospiraceae|g__None|s__None,0.6666666666666666
311,k__Bacteria|p__Firmicutes|c__Bacilli|o__Erysipelotrichales|f__Erysipelatoclostridiaceae|g__Erysipelatoclostridium|s__Clostridium_spiroforme_DSM_1552,733,k__Bacteria|p__Firmicutes|c__Clostridia|o__Lachnospirales|f__Lachnospiraceae|g__uncultured|s__None,0.75
311,k__Bacteria|p__Firmicutes|c__Bacilli|o__Erysipelotrichales|f__Erysipelatoclostridiaceae|g__Erysipelatoclostridium|s__Clostridium_spiroforme_DSM_1552,739,k__Bacteria|p__Firmicutes|c__Clostridia|o__Monoglobales|f__Monoglobaceae|g__Monoglobus|s__None,0.75
311,k__Bacteria|p__Firmicutes|c__Bacilli|o__Erysipelotrichales|f__Erysipelatoclostridiaceae|g__Erysipelatoclostridium|s__Clostridium_spiroforme_DSM_1552,759,k__Bacteria|p__Firmicutes|c__Clostridia|o__Oscillospirales|f__Oscillospiraceae|g__Colidextribacter|s__None,0.75
311,k__Bacteria|p__Firmicutes|c__Bacilli|o__Erysipelotrichales|f__Erysipelatoclostridiaceae|g__Erysipelatoclostridium|s__Clostridium_spiroforme_DSM_1552,767,k__Bacteria|p__Firmicutes|c__Clostridia|o__Oscillospirales|f__Oscillospiraceae|g__Flavonifractor|s__None,0.75
311,k__Bacteria|p__Firmicutes|c__Bacilli|o__Erysipelotrichales|f__Erysipelatoclostridiaceae|g__Erysipelatoclostridium|s__Clostridium_spiroforme_DSM_1552,769,k__Bacteria|p__Firmicutes|c__Clostridia|o__Oscillospirales|f__Oscillospiraceae|g__Intestinimonas|s__None,0.75
311,k__Bacteria|p__Firmicutes|c__Bacilli|o__Erysipelotrichales|f__Erysipelatoclostridiaceae|g__Erysipelatoclostridium|s__Clostridium_spiroforme_DSM_1552,770,k__Bacteria|p__Firmicutes|c__Clostridia|o__Oscillospirales|f__Oscillospiraceae|g__Intestinimonas|s__bacterium_P1C2,0.8333333333333334
311,k__Bacteria|p__Firmicutes|c__Bacilli|o__Erysipelotrichales|f__Erysipelatoclostridiaceae|g__Erysipelatoclostridium|s__Clostridium_spiroforme_DSM_1552,779,k__Bacteria|p__Firmicutes|c__Clostridia|o__Oscillospirales|f__Oscillospiraceae|g__Oscillibacter|s__None,0.75
311,k__Bacteria|p__Firmicutes|c__Bacilli|o__Erysipelotrichales|f__Erysipelatoclostridiaceae|g__Erysipelatoclostridium|s__Clostridium_spiroforme_DSM_1552,780,k__Bacteria|p__Firmicutes|c__Clostridia|o__Oscillospirales|f__Oscillospiraceae|g__Oscillibacter|s__metagenome,0.8333333333333334
311,k__Bacteria|p__Firmicutes|c__Bacilli|o__Erysipelotrichales|f__Erysipelatoclostridiaceae|g__Erysipelatoclostridium|s__Clostridium_spiroforme_DSM_1552,790,k__Bacteria|p__Firmicutes|c__Clostridia|o__Oscillospirales|f__Oscillospiraceae|g__UCG-002|s__None,0.75
311,k__Bacteria|p__Firmicutes|c__Bacilli|o__Erysipelotrichales|f__Erysipelatoclostridiaceae|g__Erysipelatoclostridium|s__Clostridium_spiroforme_DSM_1552,791,k__Bacteria|p__Firmicutes|c__Clostridia|o__Oscillospirales|f__Oscillospiraceae|g__UCG-003|s__None,0.75
311,k__Bacteria|p__Firmicutes|c__Bacilli|o__Erysipelotrichales|f__Erysipelatoclostridiaceae|g__Erysipelatoclostridium|s__Clostridium_spiroforme_DSM_1552,794,k__Bacteria|p__Firmicutes|c__Clostridia|o__Oscillospirales|f__Oscillospiraceae|g__UCG-005|s__metagenome,0.8333333333333334
311,k__Bacteria|p__Firmicutes|c__Bacilli|o__Erysipelotrichales|f__Erysipelatoclostridiaceae|g__Erysipelatoclostridium|s__Clostridium_spiroforme_DSM_1552,812,k__Bacteria|p__Firmicutes|c__Clostridia|o__Oscillospirales|f__Ruminococcaceae|g__Anaerofilum|s__metagenome,0.8333333333333334
311,k__Bacteria|p__Firmicutes|c__Bacilli|o__Erysipelotrichales|f__Erysipelatoclostridiaceae|g__Erysipelatoclostridium|s__Clostridium_spiroforme_DSM_1552,832,k__Bacteria|p__Firmicutes|c__Clostridia|o__Oscillospirales|f__Ruminococcaceae|g__DTU089|s__None,0.75
311,k__Bacteria|p__Firmicutes|c__Bacilli|o__Erysipelotrichales|f__Erysipelatoclostridiaceae|g__Erysipelatoclostridium|s__Clostridium_spiroforme_DSM_1552,833,k__Bacteria|p__Firmicutes|c__Clostridia|o__Oscillospirales|f__Ruminococcaceae|g__Faecalibacterium|s__None,0.75
311,k__Bacteria|p__Firmicutes|c__Bacilli|o__Erysipelotrichales|f__Erysipelatoclostridiaceae|g__Erysipelatoclostridium|s__Clostridium_spiroforme_DSM_1552,839,k__Bacteria|p__Firmicutes|c__Clostridia|o__Oscillospirales|f__Ruminococcaceae|g__Incertae_Sedis|s__metagenome,0.8333333333333334
311,k__Bacteria|p__Firmicutes|c__Bacilli|o__Erysipelotrichales|f__Erysipelatoclostridiaceae|g__Erysipelatoclostridium|s__Clostridium_spiroforme_DSM_1552,841,k__Bacteria|p__Firmicutes|c__Clostridia|o__Oscillospirales|f__Ruminococcaceae|g__Incertae_Sedis|s__None,0.75
311,k__Bacteria|p__Firmicutes|c__Bacilli|o__Erysipelotrichales|f__Erysipelatoclostridiaceae|g__Erysipelatoclostridium|s__Clostridium_spiroforme_DSM_1552,859,k__Bacteria|p__Firmicutes|c__Clostridia|o__Oscillospirales|f__Ruminococcaceae|g__Ruminococcus|s__None,0.75
311,k__Bacteria|p__Firmicutes|c__Bacilli|o__Erysipelotrichales|f__Erysipelatoclostridiaceae|g__Erysipelatoclostridium|s__Clostridium_spiroforme_DSM_1552,860,k__Bacteria|p__Firmicutes|c__Clostridia|o__Oscillospirales|f__Ruminococcaceae|g__Subdoligranulum|s__None,0.75
311,k__Bacteria|p__Firmicutes|c__Bacilli|o__Erysipelotrichales|f__Erysipelatoclostridiaceae|g__Erysipelatoclostridium|s__Clostridium_spiroforme_DSM_1552,863,k__Bacteria|p__Firmicutes|c__Clostridia|o__Oscillospirales|f__Ruminococcaceae|g__UBA1819|s__None,0.75
311,k__Bacteria|p__Firmicutes|c__Bacilli|o__Erysipelotrichales|f__Erysipelatoclostridiaceae|g__Erysipelatoclostridium|s__Clostridium_spiroforme_DSM_1552,865,k__Bacteria|p__Firmicutes|c__Clostridia|o__Oscillospirales|f__Ruminococcaceae|g__Eubacterium_siraeum_group|s__None,0.75
311,k__Bacteria|p__Firmicutes|c__Bacilli|o__Erysipelotrichales|f__Erysipelatoclostridiaceae|g__Erysipelatoclostridium|s__Clostridium_spiroforme_DSM_1552,869,k__Bacteria|p__Firmicutes|c__Clostridia|o__Oscillospirales|f__Ruminococcaceae|g__None|s__None,0.6666666666666666
311,k__Bacteria|p__Firmicutes|c__Bacilli|o__Erysipelotrichales|f__Erysipelatoclostridiaceae|g__Erysipelatoclostridium|s__Clostridium_spiroforme_DSM_1552,885,k__Bacteria|p__Firmicutes|c__Clostridia|o__Oscillospirales|f__Eubacterium_coprostanoligenes_group|g__None|s__None,0.6666666666666666
311,k__Bacteria|p__Firmicutes|c__Bacilli|o__Erysipelotrichales|f__Erysipelatoclostridiaceae|g__Erysipelatoclostridium|s__Clostridium_spiroforme_DSM_1552,905,k__Bacteria|p__Firmicutes|c__Clostridia|o__Peptostreptococcales-Tissierellales|f__Anaerovoracaceae|g__Family_XIII_AD3011_group|s__metagenome,0.8333333333333334
311,k__Bacteria|p__Firmicutes|c__Bacilli|o__Erysipelotrichales|f__Erysipelatoclostridiaceae|g__Erysipelatoclostridium|s__Clostridium_spiroforme_DSM_1552,925,k__Bacteria|p__Firmicutes|c__Clostridia|o__Peptostreptococcales-Tissierellales|f__Anaerovoracaceae|g__None|s__None,0.6666666666666666
311,k__Bacteria|p__Firmicutes|c__Bacilli|o__Erysipelotrichales|f__Erysipelatoclostridiaceae|g__Erysipelatoclostridium|s__Clostridium_spiroforme_DSM_1552,943,k__Bacteria|p__Firmicutes|c__Clostridia|o__Peptostreptococcales-Tissierellales|f__Peptostreptococcaceae|g__Intestinibacter|s__None,0.75
311,k__Bacteria|p__Firmicutes|c__Bacilli|o__Erysipelotrichales|f__Erysipelatoclostridiaceae|g__Erysipelatoclostridium|s__Clostridium_spiroforme_DSM_1552,951,k__Bacteria|p__Firmicutes|c__Clostridia|o__Peptostreptococcales-Tissierellales|f__Peptostreptococcaceae|g__Romboutsia|s__None,0.75
311,k__Bacteria|p__Firmicutes|c__Bacilli|o__Erysipelotrichales|f__Erysipelatoclostridiaceae|g__Erysipelatoclostridium|s__Clostridium_spiroforme_DSM_1552,956,k__Bacteria|p__Firmicutes|c__Clostridia|o__None|f__None|g__None|s__None,0.5
311,k__Bacteria|p__Firmicutes|c__Bacilli|o__Erysipelotrichales|f__Erysipelatoclostridiaceae|g__Erysipelatoclostridium|s__Clostridium_spiroforme_DSM_1552,966,k__Bacteria|p__Firmicutes|c__Negativicutes|o__Acidaminococcales|f__Acidaminococcaceae|g__Acidaminococcus|s__None,0.75
311,k__Bacteria|p__Firmicutes|c__Bacilli|o__Erysipelotrichales|f__Erysipelatoclostridiaceae|g__Erysipelatoclostridium|s__Clostridium_spiroforme_DSM_1552,967,k__Bacteria|p__Firmicutes|c__Negativicutes|o__Acidaminococcales|f__Acidaminococcaceae|g__Phascolarctobacterium|s__None,0.75
311,k__Bacteria|p__Firmicutes|c__Bacilli|o__Erysipelotrichales|f__Erysipelatoclostridiaceae|g__Erysipelatoclostridium|s__Clostridium_spiroforme_DSM_1552,986,k__Bacteria|p__Firmicutes|c__Negativicutes|o__Veillonellales-Selenomonadales|f__Veillonellaceae|g__Dialister|s__None,0.75
311,k__Bacteria|p__Firmicutes|c__Bacilli|o__Erysipelotrichales|f__Erysipelatoclostridiaceae|g__Erysipelatoclostridium|s__Clostridium_spiroforme_DSM_1552,992,k__Bacteria|p__Firmicutes|c__Negativicutes|o__Veillonellales-Selenomonadales|f__Veillonellaceae|g__Veillonella|s__None,0.75
311,k__Bacteria|p__Firmicutes|c__Bacilli|o__Erysipelotrichales|f__Erysipelatoclostridiaceae|g__Erysipelatoclostridium|s__Clostridium_spiroforme_DSM_1552,1055,k__Bacteria|p__Proteobacteria|c__Gammaproteobacteria|o__Burkholderiales|f__Sutterellaceae|g__Parasutterella|s__None,0.9166666666666666
311,k__Bacteria|p__Firmicutes|c__Bacilli|o__Erysipelotrichales|f__Erysipelatoclostridiaceae|g__Erysipelatoclostridium|s__Clostridium_spiroforme_DSM_1552,1069,k__Bacteria|p__Proteobacteria|c__Gammaproteobacteria|o__Enterobacterales|f__Enterobacteriaceae|g__Escherichia-Shigella|s__None,0.9166666666666666
311,k__Bacteria|p__Firmicutes|c__Bacilli|o__Erysipelotrichales|f__Erysipelatoclostridiaceae|g__Erysipelatoclostridium|s__Clostridium_spiroforme_DSM_1552,1089,k__Bacteria|p__Proteobacteria|c__Gammaproteobacteria|o__Pseudomonadales|f__Pseudomonadaceae|g__Pseudomonas|s__None,0.9166666666666666
311,k__Bacteria|p__Firmicutes|c__Bacilli|o__Erysipelotrichales|f__Erysipelatoclostridiaceae|g__Erysipelatoclostridium|s__Clostridium_spiroforme_DSM_1552,1132,k__Bacteria|p__Verrucomicrobiota|c__Verrucomicrobiae|o__Verrucomicrobiales|f__Akkermansiaceae|g__Akkermansia|s__None,0.9166666666666666
311,k__Bacteria|p__Firmicutes|c__Bacilli|o__Erysipelotrichales|f__Erysipelatoclostridiaceae|g__Erysipelatoclostridium|s__Clostridium_spiroforme_DSM_1552,1136,k__Bacteria|p__None|c__None|o__None|f__None|g__None|s__None,0.5
314,k__Bacteria|p__Firmicutes|c__Bacilli|o__Erysipelotrichales|f__Erysipelatoclostridiaceae|g__Erysipelotrichaceae_UCG-003|s__None,380,k__Bacteria|p__Firmicutes|c__Bacilli|o__Lactobacillales|f__Streptococcaceae|g__Streptococcus|s__None,0.5
314,k__Bacteria|p__Firmicutes|c__Bacilli|o__Erysipelotrichales|f__Erysipelatoclostridiaceae|g__Erysipelotrichaceae_UCG-003|s__None,411,k__Bacteria|p__Firmicutes|c__Clostridia|o__Christensenellales|f__Christensenellaceae|g__Christensenellaceae_R-7_group|s__None,0.6666666666666666
314,k__Bacteria|p__Firmicutes|c__Bacilli|o__Erysipelotrichales|f__Erysipelatoclostridiaceae|g__Erysipelotrichaceae_UCG-003|s__None,421,k__Bacteria|p__Firmicutes|c__Clostridia|o__Christensenellales|f__Christensenellaceae|g__Christensenellaceae_R-7_group|s__uncultured_marine_bacterium,0.75
314,k__Bacteria|p__Firmicutes|c__Bacilli|o__Erysipelotrichales|f__Erysipelatoclostridiaceae|g__Erysipelotrichaceae_UCG-003|s__None,426,k__Bacteria|p__Firmicutes|c__Clostridia|o__Clostridia_UCG-014|f__None|g__None|s__None,0.5
314,k__Bacteria|p__Firmicutes|c__Bacilli|o__Erysipelotrichales|f__Erysipelatoclostridiaceae|g__Erysipelotrichaceae_UCG-003|s__None,445,k__Bacteria|p__Firmicutes|c__Clostridia|o__Clostridiales|f__Christensenellaceae|g__Christensenella|s__PAC002297,0.75
314,k__Bacteria|p__Firmicutes|c__Bacilli|o__Erysipelotrichales|f__Erysipelatoclostridiaceae|g__Erysipelotrichaceae_UCG-003|s__None,501,k__Bacteria|p__Firmicutes|c__Clostridia|o__Clostridiales|f__Lachnospiraceae|g__PAC001201|s__PAC002549,0.75
314,k__Bacteria|p__Firmicutes|c__Bacilli|o__Erysipelotrichales|f__Erysipelatoclostridiaceae|g__Erysipelotrichaceae_UCG-003|s__None,534,k__Bacteria|p__Firmicutes|c__Clostridia|o__Clostridiales|f__Ruminococcaceae|g__PAC001144|s__PAC001620,0.75
314,k__Bacteria|p__Firmicutes|c__Bacilli|o__Erysipelotrichales|f__Erysipelatoclostridiaceae|g__Erysipelotrichaceae_UCG-003|s__None,562,k__Bacteria|p__Firmicutes|c__Clostridia|o__Eubacteriales|f__Eubacteriaceae|g__Eubacterium|s__None,0.6666666666666666
314,k__Bacteria|p__Firmicutes|c__Bacilli|o__Erysipelotrichales|f__Erysipelatoclostridiaceae|g__Erysipelotrichaceae_UCG-003|s__None,577,k__Bacteria|p__Firmicutes|c__Clostridia|o__Lachnospirales|f__Lachnospiraceae|g__Agathobacter|s__None,0.6666666666666666
314,k__Bacteria|p__Firmicutes|c__Bacilli|o__Erysipelotrichales|f__Erysipelatoclostridiaceae|g__Erysipelotrichaceae_UCG-003|s__None,588,k__Bacteria|p__Firmicutes|c__Clostridia|o__Lachnospirales|f__Lachnospiraceae|g__Anaerostipes|s__None,0.6666666666666666
314,k__Bacteria|p__Firmicutes|c__Bacilli|o__Erysipelotrichales|f__Erysipelatoclostridiaceae|g__Erysipelotrichaceae_UCG-003|s__None,591,k__Bacteria|p__Firmicutes|c__Clostridia|o__Lachnospirales|f__Lachnospiraceae|g__Anaerostipes|s__uncultured_Lachnospiraceae_bacterium,0.75
314,k__Bacteria|p__Firmicutes|c__Bacilli|o__Erysipelotrichales|f__Erysipelatoclostridiaceae|g__Erysipelotrichaceae_UCG-003|s__None,594,k__Bacteria|p__Firmicutes|c__Clostridia|o__Lachnospirales|f__Lachnospiraceae|g__Blautia|s__None,0.6666666666666666
314,k__Bacteria|p__Firmicutes|c__Bacilli|o__Erysipelotrichales|f__Erysipelatoclostridiaceae|g__Erysipelotrichaceae_UCG-003|s__None,595,k__Bacteria|p__Firmicutes|c__Clostridia|o__Lachnospirales|f__Lachnospiraceae|g__Blautia|s__bacterium_mpn-isolate_group_20,0.75
314,k__Bacteria|p__Firmicutes|c__Bacilli|o__Erysipelotrichales|f__Erysipelatoclostridiaceae|g__Erysipelotrichaceae_UCG-003|s__None,597,k__Bacteria|p__Firmicutes|c__Clostridia|o__Lachnospirales|f__Lachnospiraceae|g__Blautia|s__uncultured_Blautia_sp.,0.75
314,k__Bacteria|p__Firmicutes|c__Bacilli|o__Erysipelotrichales|f__Erysipelatoclostridiaceae|g__Erysipelotrichaceae_UCG-003|s__None,608,k__Bacteria|p__Firmicutes|c__Clostridia|o__Lachnospirales|f__Lachnospiraceae|g__Coprococcus|s__None,0.6666666666666666
314,k__Bacteria|p__Firmicutes|c__Bacilli|o__Erysipelotrichales|f__Erysipelatoclostridiaceae|g__Erysipelotrichaceae_UCG-003|s__None,609,k__Bacteria|p__Firmicutes|c__Clostridia|o__Lachnospirales|f__Lachnospiraceae|g__Coprococcus|s__uncultured_Coprococcus_sp.,0.75
314,k__Bacteria|p__Firmicutes|c__Bacilli|o__Erysipelotrichales|f__Erysipelatoclostridiaceae|g__Erysipelotrichaceae_UCG-003|s__None,612,k__Bacteria|p__Firmicutes|c__Clostridia|o__Lachnospirales|f__Lachnospiraceae|g__Eisenbergiella|s__None,0.6666666666666666
314,k__Bacteria|p__Firmicutes|c__Bacilli|o__Erysipelotrichales|f__Erysipelatoclostridiaceae|g__Erysipelotrichaceae_UCG-003|s__None,619,k__Bacteria|p__Firmicutes|c__Clostridia|o__Lachnospirales|f__Lachnospiraceae|g__Fusicatenibacter|s__uncultured_Lachnospiraceae_bacterium,0.75
314,k__Bacteria|p__Firmicutes|c__Bacilli|o__Erysipelotrichales|f__Erysipelatoclostridiaceae|g__Erysipelotrichaceae_UCG-003|s__None,620,k__Bacteria|p__Firmicutes|c__Clostridia|o__Lachnospirales|f__Lachnospiraceae|g__GCA-900066575|s__None,0.6666666666666666
314,k__Bacteria|p__Firmicutes|c__Bacilli|o__Erysipelotrichales|f__Erysipelatoclostridiaceae|g__Erysipelotrichaceae_UCG-003|s__None,628,k__Bacteria|p__Firmicutes|c__Clostridia|o__Lachnospirales|f__Lachnospiraceae|g__Howardella|s__metagenome,0.75
314,k__Bacteria|p__Firmicutes|c__Bacilli|o__Erysipelotrichales|f__Erysipelatoclostridiaceae|g__Erysipelotrichaceae_UCG-003|s__None,638,k__Bacteria|p__Firmicutes|c__Clostridia|o__Lachnospirales|f__Lachnospiraceae|g__Lachnoclostridium|s__None,0.6666666666666666
314,k__Bacteria|p__Firmicutes|c__Bacilli|o__Erysipelotrichales|f__Erysipelatoclostridiaceae|g__Erysipelotrichaceae_UCG-003|s__None,640,k__Bacteria|p__Firmicutes|c__Clostridia|o__Lachnospirales|f__Lachnospiraceae|g__Lachnoclostridium|s__uncultured_Lachnospiraceae_bacterium,0.75
314,k__Bacteria|p__Firmicutes|c__Bacilli|o__Erysipelotrichales|f__Erysipelatoclostridiaceae|g__Erysipelotrichaceae_UCG-003|s__None,641,k__Bacteria|p__Firmicutes|c__Clostridia|o__Lachnospirales|f__Lachnospiraceae|g__Lachnospira|s__None,0.6666666666666666
314,k__Bacteria|p__Firmicutes|c__Bacilli|o__Erysipelotrichales|f__Erysipelatoclostridiaceae|g__Erysipelotrichaceae_UCG-003|s__None,649,k__Bacteria|p__Firmicutes|c__Clostridia|o__Lachnospirales|f__Lachnospiraceae|g__Lachnospiraceae_ND3007_group|s__metagenome,0.75
314,k__Bacteria|p__Firmicutes|c__Bacilli|o__Erysipelotrichales|f__Erysipelatoclostridiaceae|g__Erysipelotrichaceae_UCG-003|s__None,658,k__Bacteria|p__Firmicutes|c__Clostridia|o__Lachnospirales|f__Lachnospiraceae|g__Lachnospiraceae_NK4A136_group|s__uncultured_bacterium_Adhufec49.25,0.75
314,k__Bacteria|p__Firmicutes|c__Bacilli|o__Erysipelotrichales|f__Erysipelatoclostridiaceae|g__Erysipelotrichaceae_UCG-003|s__None,662,k__Bacteria|p__Firmicutes|c__Clostridia|o__Lachnospirales|f__Lachnospiraceae|g__Lachnospiraceae_UCG-001|s__metagenome,0.75
314,k__Bacteria|p__Firmicutes|c__Bacilli|o__Erysipelotrichales|f__Erysipelatoclostridiaceae|g__Erysipelotrichaceae_UCG-003|s__None,675,k__Bacteria|p__Firmicutes|c__Clostridia|o__Lachnospirales|f__Lachnospiraceae|g__Lachnospiraceae_UCG-010|s__None,0.6666666666666666
314,k__Bacteria|p__Firmicutes|c__Bacilli|o__Erysipelotrichales|f__Erysipelatoclostridiaceae|g__Erysipelotrichaceae_UCG-003|s__None,694,k__Bacteria|p__Firmicutes|c__Clostridia|o__Lachnospirales|f__Lachnospiraceae|g__Roseburia|s__None,0.6666666666666666
314,k__Bacteria|p__Firmicutes|c__Bacilli|o__Erysipelotrichales|f__Erysipelatoclostridiaceae|g__Erysipelotrichaceae_UCG-003|s__None,695,k__Bacteria|p__Firmicutes|c__Clostridia|o__Lachnospirales|f__Lachnospiraceae|g__Roseburia|s__gut_metagenome,0.75
314,k__Bacteria|p__Firmicutes|c__Bacilli|o__Erysipelotrichales|f__Erysipelatoclostridiaceae|g__Erysipelotrichaceae_UCG-003|s__None,705,k__Bacteria|p__Firmicutes|c__Clostridia|o__Lachnospirales|f__Lachnospiraceae|g__Tuzzerella|s__None,0.6666666666666666
314,k__Bacteria|p__Firmicutes|c__Bacilli|o__Erysipelotrichales|f__Erysipelatoclostridiaceae|g__Erysipelotrichaceae_UCG-003|s__None,709,k__Bacteria|p__Firmicutes|c__Clostridia|o__Lachnospirales|f__Lachnospiraceae|g__UC5-1-2E3|s__uncultured_organism,0.75
314,k__Bacteria|p__Firmicutes|c__Bacilli|o__Erysipelotrichales|f__Erysipelatoclostridiaceae|g__Erysipelotrichaceae_UCG-003|s__None,711,k__Bacteria|p__Firmicutes|c__Clostridia|o__Lachnospirales|f__Lachnospiraceae|g__Eubacterium_eligens_group|s__None,0.6666666666666666
314,k__Bacteria|p__Firmicutes|c__Bacilli|o__Erysipelotrichales|f__Erysipelatoclostridiaceae|g__Erysipelotrichaceae_UCG-003|s__None,712,k__Bacteria|p__Firmicutes|c__Clostridia|o__Lachnospirales|f__Lachnospiraceae|g__Eubacterium_fissicatena_group|s__None,0.6666666666666666
314,k__Bacteria|p__Firmicutes|c__Bacilli|o__Erysipelotrichales|f__Erysipelatoclostridiaceae|g__Erysipelotrichaceae_UCG-003|s__None,717,k__Bacteria|p__Firmicutes|c__Clostridia|o__Lachnospirales|f__Lachnospiraceae|g__Eubacterium_hallii_group|s__None,0.6666666666666666
314,k__Bacteria|p__Firmicutes|c__Bacilli|o__Erysipelotrichales|f__Erysipelatoclostridiaceae|g__Erysipelotrichaceae_UCG-003|s__None,722,k__Bacteria|p__Firmicutes|c__Clostridia|o__Lachnospirales|f__Lachnospiraceae|g__Eubacterium_ventriosum_group|s__uncultured_organism,0.75
314,k__Bacteria|p__Firmicutes|c__Bacilli|o__Erysipelotrichales|f__Erysipelatoclostridiaceae|g__Erysipelotrichaceae_UCG-003|s__None,724,k__Bacteria|p__Firmicutes|c__Clostridia|o__Lachnospirales|f__Lachnospiraceae|g__Eubacterium_xylanophilum_group|s__None,0.6666666666666666
314,k__Bacteria|p__Firmicutes|c__Bacilli|o__Erysipelotrichales|f__Erysipelatoclostridiaceae|g__Erysipelotrichaceae_UCG-003|s__None,730,k__Bacteria|p__Firmicutes|c__Clostridia|o__Lachnospirales|f__Lachnospiraceae|g__Ruminococcus_torques_group|s__None,0.6666666666666666
314,k__Bacteria|p__Firmicutes|c__Bacilli|o__Erysipelotrichales|f__Erysipelatoclostridiaceae|g__Erysipelotrichaceae_UCG-003|s__None,732,k__Bacteria|p__Firmicutes|c__Clostridia|o__Lachnospirales|f__Lachnospiraceae|g__None|s__None,0.5833333333333334
314,k__Bacteria|p__Firmicutes|c__Bacilli|o__Erysipelotrichales|f__Erysipelatoclostridiaceae|g__Erysipelotrichaceae_UCG-003|s__None,733,k__Bacteria|p__Firmicutes|c__Clostridia|o__Lachnospirales|f__Lachnospiraceae|g__uncultured|s__None,0.6666666666666666
314,k__Bacteria|p__Firmicutes|c__Bacilli|o__Erysipelotrichales|f__Erysipelatoclostridiaceae|g__Erysipelotrichaceae_UCG-003|s__None,739,k__Bacteria|p__Firmicutes|c__Clostridia|o__Monoglobales|f__Monoglobaceae|g__Monoglobus|s__None,0.6666666666666666
314,k__Bacteria|p__Firmicutes|c__Bacilli|o__Erysipelotrichales|f__Erysipelatoclostridiaceae|g__Erysipelotrichaceae_UCG-003|s__None,759,k__Bacteria|p__Firmicutes|c__Clostridia|o__Oscillospirales|f__Oscillospiraceae|g__Colidextribacter|s__None,0.6666666666666666
314,k__Bacteria|p__Firmicutes|c__Bacilli|o__Erysipelotrichales|f__Erysipelatoclostridiaceae|g__Erysipelotrichaceae_UCG-003|s__None,767,k__Bacteria|p__Firmicutes|c__Clostridia|o__Oscillospirales|f__Oscillospiraceae|g__Flavonifractor|s__None,0.6666666666666666
314,k__Bacteria|p__Firmicutes|c__Bacilli|o__Erysipelotrichales|f__Erysipelatoclostridiaceae|g__Erysipelotrichaceae_UCG-003|s__None,769,k__Bacteria|p__Firmicutes|c__Clostridia|o__Oscillospirales|f__Oscillospiraceae|g__Intestinimonas|s__None,0.6666666666666666
314,k__Bacteria|p__Firmicutes|c__Bacilli|o__Erysipelotrichales|f__Erysipelatoclostridiaceae|g__Erysipelotrichaceae_UCG-003|s__None,770,k__Bacteria|p__Firmicutes|c__Clostridia|o__Oscillospirales|f__Oscillospiraceae|g__Intestinimonas|s__bacterium_P1C2,0.75
314,k__Bacteria|p__Firmicutes|c__Bacilli|o__Erysipelotrichales|f__Erysipelatoclostridiaceae|g__Erysipelotrichaceae_UCG-003|s__None,779,k__Bacteria|p__Firmicutes|c__Clostridia|o__Oscillospirales|f__Oscillospiraceae|g__Oscillibacter|s__None,0.6666666666666666
314,k__Bacteria|p__Firmicutes|c__Bacilli|o__Erysipelotrichales|f__Erysipelatoclostridiaceae|g__Erysipelotrichaceae_UCG-003|s__None,780,k__Bacteria|p__Firmicutes|c__Clostridia|o__Oscillospirales|f__Oscillospiraceae|g__Oscillibacter|s__metagenome,0.75
314,k__Bacteria|p__Firmicutes|c__Bacilli|o__Erysipelotrichales|f__Erysipelatoclostridiaceae|g__Erysipelotrichaceae_UCG-003|s__None,790,k__Bacteria|p__Firmicutes|c__Clostridia|o__Oscillospirales|f__Oscillospiraceae|g__UCG-002|s__None,0.6666666666666666
314,k__Bacteria|p__Firmicutes|c__Bacilli|o__Erysipelotrichales|f__Erysipelatoclostridiaceae|g__Erysipelotrichaceae_UCG-003|s__None,791,k__Bacteria|p__Firmicutes|c__Clostridia|o__Oscillospirales|f__Oscillospiraceae|g__UCG-003|s__None,0.6666666666666666
314,k__Bacteria|p__Firmicutes|c__Bacilli|o__Erysipelotrichales|f__Erysipelatoclostridiaceae|g__Erysipelotrichaceae_UCG-003|s__None,794,k__Bacteria|p__Firmicutes|c__Clostridia|o__Oscillospirales|f__Oscillospiraceae|g__UCG-005|s__metagenome,0.75
314,k__Bacteria|p__Firmicutes|c__Bacilli|o__Erysipelotrichales|f__Erysipelatoclostridiaceae|g__Erysipelotrichaceae_UCG-003|s__None,812,k__Bacteria|p__Firmicutes|c__Clostridia|o__Oscillospirales|f__Ruminococcaceae|g__Anaerofilum|s__metagenome,0.75
314,k__Bacteria|p__Firmicutes|c__Bacilli|o__Erysipelotrichales|f__Erysipelatoclostridiaceae|g__Erysipelotrichaceae_UCG-003|s__None,832,k__Bacteria|p__Firmicutes|c__Clostridia|o__Oscillospirales|f__Ruminococcaceae|g__DTU089|s__None,0.6666666666666666
314,k__Bacteria|p__Firmicutes|c__Bacilli|o__Erysipelotrichales|f__Erysipelatoclostridiaceae|g__Erysipelotrichaceae_UCG-003|s__None,833,k__Bacteria|p__Firmicutes|c__Clostridia|o__Oscillospirales|f__Ruminococcaceae|g__Faecalibacterium|s__None,0.6666666666666666
314,k__Bacteria|p__Firmicutes|c__Bacilli|o__Erysipelotrichales|f__Erysipelatoclostridiaceae|g__Erysipelotrichaceae_UCG-003|s__None,839,k__Bacteria|p__Firmicutes|c__Clostridia|o__Oscillospirales|f__Ruminococcaceae|g__Incertae_Sedis|s__metagenome,0.75
314,k__Bacteria|p__Firmicutes|c__Bacilli|o__Erysipelotrichales|f__Erysipelatoclostridiaceae|g__Erysipelotrichaceae_UCG-003|s__None,841,k__Bacteria|p__Firmicutes|c__Clostridia|o__Oscillospirales|f__Ruminococcaceae|g__Incertae_Sedis|s__None,0.6666666666666666
314,k__Bacteria|p__Firmicutes|c__Bacilli|o__Erysipelotrichales|f__Erysipelatoclostridiaceae|g__Erysipelotrichaceae_UCG-003|s__None,859,k__Bacteria|p__Firmicutes|c__Clostridia|o__Oscillospirales|f__Ruminococcaceae|g__Ruminococcus|s__None,0.6666666666666666
314,k__Bacteria|p__Firmicutes|c__Bacilli|o__Erysipelotrichales|f__Erysipelatoclostridiaceae|g__Erysipelotrichaceae_UCG-003|s__None,860,k__Bacteria|p__Firmicutes|c__Clostridia|o__Oscillospirales|f__Ruminococcaceae|g__Subdoligranulum|s__None,0.6666666666666666
314,k__Bacteria|p__Firmicutes|c__Bacilli|o__Erysipelotrichales|f__Erysipelatoclostridiaceae|g__Erysipelotrichaceae_UCG-003|s__None,863,k__Bacteria|p__Firmicutes|c__Clostridia|o__Oscillospirales|f__Ruminococcaceae|g__UBA1819|s__None,0.6666666666666666
314,k__Bacteria|p__Firmicutes|c__Bacilli|o__Erysipelotrichales|f__Erysipelatoclostridiaceae|g__Erysipelotrichaceae_UCG-003|s__None,865,k__Bacteria|p__Firmicutes|c__Clostridia|o__Oscillospirales|f__Ruminococcaceae|g__Eubacterium_siraeum_group|s__None,0.6666666666666666
314,k__Bacteria|p__Firmicutes|c__Bacilli|o__Erysipelotrichales|f__Erysipelatoclostridiaceae|g__Erysipelotrichaceae_UCG-003|s__None,869,k__Bacteria|p__Firmicutes|c__Clostridia|o__Oscillospirales|f__Ruminococcaceae|g__None|s__None,0.5833333333333334
314,k__Bacteria|p__Firmicutes|c__Bacilli|o__Erysipelotrichales|f__Erysipelatoclostridiaceae|g__Erysipelotrichaceae_UCG-003|s__None,885,k__Bacteria|p__Firmicutes|c__Clostridia|o__Oscillospirales|f__Eubacterium_coprostanoligenes_group|g__None|s__None,0.5833333333333334
314,k__Bacteria|p__Firmicutes|c__Bacilli|o__Erysipelotrichales|f__Erysipelatoclostridiaceae|g__Erysipelotrichaceae_UCG-003|s__None,905,k__Bacteria|p__Firmicutes|c__Clostridia|o__Peptostreptococcales-Tissierellales|f__Anaerovoracaceae|g__Family_XIII_AD3011_group|s__metagenome,0.75
314,k__Bacteria|p__Firmicutes|c__Bacilli|o__Erysipelotrichales|f__Erysipelatoclostridiaceae|g__Erysipelotrichaceae_UCG-003|s__None,925,k__Bacteria|p__Firmicutes|c__Clostridia|o__Peptostreptococcales-Tissierellales|f__Anaerovoracaceae|g__None|s__None,0.5833333333333334
314,k__Bacteria|p__Firmicutes|c__Bacilli|o__Erysipelotrichales|f__Erysipelatoclostridiaceae|g__Erysipelotrichaceae_UCG-003|s__None,943,k__Bacteria|p__Firmicutes|c__Clostridia|o__Peptostreptococcales-Tissierellales|f__Peptostreptococcaceae|g__Intestinibacter|s__None,0.6666666666666666
314,k__Bacteria|p__Firmicutes|c__Bacilli|o__Erysipelotrichales|f__Erysipelatoclostridiaceae|g__Erysipelotrichaceae_UCG-003|s__None,951,k__Bacteria|p__Firmicutes|c__Clostridia|o__Peptostreptococcales-Tissierellales|f__Peptostreptococcaceae|g__Romboutsia|s__None,0.6666666666666666
314,k__Bacteria|p__Firmicutes|c__Bacilli|o__Erysipelotrichales|f__Erysipelatoclostridiaceae|g__Erysipelotrichaceae_UCG-003|s__None,956,k__Bacteria|p__Firmicutes|c__Clostridia|o__None|f__None|g__None|s__None,0.4166666666666667
314,k__Bacteria|p__Firmicutes|c__Bacilli|o__Erysipelotrichales|f__Erysipelatoclostridiaceae|g__Erysipelotrichaceae_UCG-003|s__None,966,k__Bacteria|p__Firmicutes|c__Negativicutes|o__Acidaminococcales|f__Acidaminococcaceae|g__Acidaminococcus|s__None,0.6666666666666666
314,k__Bacteria|p__Firmicutes|c__Bacilli|o__Erysipelotrichales|f__Erysipelatoclostridiaceae|g__Erysipelotrichaceae_UCG-003|s__None,967,k__Bacteria|p__Firmicutes|c__Negativicutes|o__Acidaminococcales|f__Acidaminococcaceae|g__Phascolarctobacterium|s__None,0.6666666666666666
314,k__Bacteria|p__Firmicutes|c__Bacilli|o__Erysipelotrichales|f__Erysipelatoclostridiaceae|g__Erysipelotrichaceae_UCG-003|s__None,986,k__Bacteria|p__Firmicutes|c__Negativicutes|o__Veillonellales-Selenomonadales|f__Veillonellaceae|g__Dialister|s__None,0.6666666666666666
314,k__Bacteria|p__Firmicutes|c__Bacilli|o__Erysipelotrichales|f__Erysipelatoclostridiaceae|g__Erysipelotrichaceae_UCG-003|s__None,992,k__Bacteria|p__Firmicutes|c__Negativicutes|o__Veillonellales-Selenomonadales|f__Veillonellaceae|g__Veillonella|s__None,0.6666666666666666
314,k__Bacteria|p__Firmicutes|c__Bacilli|o__Erysipelotrichales|f__Erysipelatoclostridiaceae|g__Erysipelotrichaceae_UCG-003|s__None,1055,k__Bacteria|p__Proteobacteria|c__Gammaproteobacteria|o__Burkholderiales|f__Sutterellaceae|g__Parasutterella|s__None,0.8333333333333334
314,k__Bacteria|p__Firmicutes|c__Bacilli|o__Erysipelotrichales|f__Erysipelatoclostridiaceae|g__Erysipelotrichaceae_UCG-003|s__None,1069,k__Bacteria|p__Proteobacteria|c__Gammaproteobacteria|o__Enterobacterales|f__Enterobacteriaceae|g__Escherichia-Shigella|s__None,0.8333333333333334
314,k__Bacteria|p__Firmicutes|c__Bacilli|o__Erysipelotrichales|f__Erysipelatoclostridiaceae|g__Erysipelotrichaceae_UCG-003|s__None,1089,k__Bacteria|p__Proteobacteria|c__Gammaproteobacteria|o__Pseudomonadales|f__Pseudomonadaceae|g__Pseudomonas|s__None,0.8333333333333334
314,k__Bacteria|p__Firmicutes|c__Bacilli|o__Erysipelotrichales|f__Erysipelatoclostridiaceae|g__Erysipelotrichaceae_UCG-003|s__None,1132,k__Bacteria|p__Verrucomicrobiota|c__Verrucomicrobiae|o__Verrucomicrobiales|f__Akkermansiaceae|g__Akkermansia|s__None,0.8333333333333334
314,k__Bacteria|p__Firmicutes|c__Bacilli|o__Erysipelotrichales|f__Erysipelatoclostridiaceae|g__Erysipelotrichaceae_UCG-003|s__None,1136,k__Bacteria|p__None|c__None|o__None|f__None|g__None|s__None,0.4166666666666667
380,k__Bacteria|p__Firmicutes|c__Bacilli|o__Lactobacillales|f__Streptococcaceae|g__Streptococcus|s__None,411,k__Bacteria|p__Firmicutes|c__Clostridia|o__Christensenellales|f__Christensenellaceae|g__Christensenellaceae_R-7_group|s__None,0.6666666666666666
380,k__Bacteria|p__Firmicutes|c__Bacilli|o__Lactobacillales|f__Streptococcaceae|g__Streptococcus|s__None,421,k__Bacteria|p__Firmicutes|c__Clostridia|o__Christensenellales|f__Christensenellaceae|g__Christensenellaceae_R-7_group|s__uncultured_marine_bacterium,0.75
380,k__Bacteria|p__Firmicutes|c__Bacilli|o__Lactobacillales|f__Streptococcaceae|g__Streptococcus|s__None,426,k__Bacteria|p__Firmicutes|c__Clostridia|o__Clostridia_UCG-014|f__None|g__None|s__None,0.5
380,k__Bacteria|p__Firmicutes|c__Bacilli|o__Lactobacillales|f__Streptococcaceae|g__Streptococcus|s__None,445,k__Bacteria|p__Firmicutes|c__Clostridia|o__Clostridiales|f__Christensenellaceae|g__Christensenella|s__PAC002297,0.75
380,k__Bacteria|p__Firmicutes|c__Bacilli|o__Lactobacillales|f__Streptococcaceae|g__Streptococcus|s__None,501,k__Bacteria|p__Firmicutes|c__Clostridia|o__Clostridiales|f__Lachnospiraceae|g__PAC001201|s__PAC002549,0.75
380,k__Bacteria|p__Firmicutes|c__Bacilli|o__Lactobacillales|f__Streptococcaceae|g__Streptococcus|s__None,534,k__Bacteria|p__Firmicutes|c__Clostridia|o__Clostridiales|f__Ruminococcaceae|g__PAC001144|s__PAC001620,0.75
380,k__Bacteria|p__Firmicutes|c__Bacilli|o__Lactobacillales|f__Streptococcaceae|g__Streptococcus|s__None,562,k__Bacteria|p__Firmicutes|c__Clostridia|o__Eubacteriales|f__Eubacteriaceae|g__Eubacterium|s__None,0.6666666666666666
380,k__Bacteria|p__Firmicutes|c__Bacilli|o__Lactobacillales|f__Streptococcaceae|g__Streptococcus|s__None,577,k__Bacteria|p__Firmicutes|c__Clostridia|o__Lachnospirales|f__Lachnospiraceae|g__Agathobacter|s__None,0.6666666666666666
380,k__Bacteria|p__Firmicutes|c__Bacilli|o__Lactobacillales|f__Streptococcaceae|g__Streptococcus|s__None,588,k__Bacteria|p__Firmicutes|c__Clostridia|o__Lachnospirales|f__Lachnospiraceae|g__Anaerostipes|s__None,0.6666666666666666
380,k__Bacteria|p__Firmicutes|c__Bacilli|o__Lactobacillales|f__Streptococcaceae|g__Streptococcus|s__None,591,k__Bacteria|p__Firmicutes|c__Clostridia|o__Lachnospirales|f__Lachnospiraceae|g__Anaerostipes|s__uncultured_Lachnospiraceae_bacterium,0.75
380,k__Bacteria|p__Firmicutes|c__Bacilli|o__Lactobacillales|f__Streptococcaceae|g__Streptococcus|s__None,594,k__Bacteria|p__Firmicutes|c__Clostridia|o__Lachnospirales|f__Lachnospiraceae|g__Blautia|s__None,0.6666666666666666
380,k__Bacteria|p__Firmicutes|c__Bacilli|o__Lactobacillales|f__Streptococcaceae|g__Streptococcus|s__None,595,k__Bacteria|p__Firmicutes|c__Clostridia|o__Lachnospirales|f__Lachnospiraceae|g__Blautia|s__bacterium_mpn-isolate_group_20,0.75
380,k__Bacteria|p__Firmicutes|c__Bacilli|o__Lactobacillales|f__Streptococcaceae|g__Streptococcus|s__None,597,k__Bacteria|p__Firmicutes|c__Clostridia|o__Lachnospirales|f__Lachnospiraceae|g__Blautia|s__uncultured_Blautia_sp.,0.75
380,k__Bacteria|p__Firmicutes|c__Bacilli|o__Lactobacillales|f__Streptococcaceae|g__Streptococcus|s__None,608,k__Bacteria|p__Firmicutes|c__Clostridia|o__Lachnospirales|f__Lachnospiraceae|g__Coprococcus|s__None,0.6666666666666666
380,k__Bacteria|p__Firmicutes|c__Bacilli|o__Lactobacillales|f__Streptococcaceae|g__Streptococcus|s__None,609,k__Bacteria|p__Firmicutes|c__Clostridia|o__Lachnospirales|f__Lachnospiraceae|g__Coprococcus|s__uncultured_Coprococcus_sp.,0.75
380,k__Bacteria|p__Firmicutes|c__Bacilli|o__Lactobacillales|f__Streptococcaceae|g__Streptococcus|s__None,612,k__Bacteria|p__Firmicutes|c__Clostridia|o__Lachnospirales|f__Lachnospiraceae|g__Eisenbergiella|s__None,0.6666666666666666
380,k__Bacteria|p__Firmicutes|c__Bacilli|o__Lactobacillales|f__Streptococcaceae|g__Streptococcus|s__None,619,k__Bacteria|p__Firmicutes|c__Clostridia|o__Lachnospirales|f__Lachnospiraceae|g__Fusicatenibacter|s__uncultured_Lachnospiraceae_bacterium,0.75
380,k__Bacteria|p__Firmicutes|c__Bacilli|o__Lactobacillales|f__Streptococcaceae|g__Streptococcus|s__None,620,k__Bacteria|p__Firmicutes|c__Clostridia|o__Lachnospirales|f__Lachnospiraceae|g__GCA-900066575|s__None,0.6666666666666666
380,k__Bacteria|p__Firmicutes|c__Bacilli|o__Lactobacillales|f__Streptococcaceae|g__Streptococcus|s__None,628,k__Bacteria|p__Firmicutes|c__Clostridia|o__Lachnospirales|f__Lachnospiraceae|g__Howardella|s__metagenome,0.75
380,k__Bacteria|p__Firmicutes|c__Bacilli|o__Lactobacillales|f__Streptococcaceae|g__Streptococcus|s__None,638,k__Bacteria|p__Firmicutes|c__Clostridia|o__Lachnospirales|f__Lachnospiraceae|g__Lachnoclostridium|s__None,0.6666666666666666
380,k__Bacteria|p__Firmicutes|c__Bacilli|o__Lactobacillales|f__Streptococcaceae|g__Streptococcus|s__None,640,k__Bacteria|p__Firmicutes|c__Clostridia|o__Lachnospirales|f__Lachnospiraceae|g__Lachnoclostridium|s__uncultured_Lachnospiraceae_bacterium,0.75
380,k__Bacteria|p__Firmicutes|c__Bacilli|o__Lactobacillales|f__Streptococcaceae|g__Streptococcus|s__None,641,k__Bacteria|p__Firmicutes|c__Clostridia|o__Lachnospirales|f__Lachnospiraceae|g__Lachnospira|s__None,0.6666666666666666
380,k__Bacteria|p__Firmicutes|c__Bacilli|o__Lactobacillales|f__Streptococcaceae|g__Streptococcus|s__None,649,k__Bacteria|p__Firmicutes|c__Clostridia|o__Lachnospirales|f__Lachnospiraceae|g__Lachnospiraceae_ND3007_group|s__metagenome,0.75
380,k__Bacteria|p__Firmicutes|c__Bacilli|o__Lactobacillales|f__Streptococcaceae|g__Streptococcus|s__None,658,k__Bacteria|p__Firmicutes|c__Clostridia|o__Lachnospirales|f__Lachnospiraceae|g__Lachnospiraceae_NK4A136_group|s__uncultured_bacterium_Adhufec49.25,0.75
380,k__Bacteria|p__Firmicutes|c__Bacilli|o__Lactobacillales|f__Streptococcaceae|g__Streptococcus|s__None,662,k__Bacteria|p__Firmicutes|c__Clostridia|o__Lachnospirales|f__Lachnospiraceae|g__Lachnospiraceae_UCG-001|s__metagenome,0.75
380,k__Bacteria|p__Firmicutes|c__Bacilli|o__Lactobacillales|f__Streptococcaceae|g__Streptococcus|s__None,675,k__Bacteria|p__Firmicutes|c__Clostridia|o__Lachnospirales|f__Lachnospiraceae|g__Lachnospiraceae_UCG-010|s__None,0.6666666666666666
380,k__Bacteria|p__Firmicutes|c__Bacilli|o__Lactobacillales|f__Streptococcaceae|g__Streptococcus|s__None,694,k__Bacteria|p__Firmicutes|c__Clostridia|o__Lachnospirales|f__Lachnospiraceae|g__Roseburia|s__None,0.6666666666666666
380,k__Bacteria|p__Firmicutes|c__Bacilli|o__Lactobacillales|f__Streptococcaceae|g__Streptococcus|s__None,695,k__Bacteria|p__Firmicutes|c__Clostridia|o__Lachnospirales|f__Lachnospiraceae|g__Roseburia|s__gut_metagenome,0.75
380,k__Bacteria|p__Firmicutes|c__Bacilli|o__Lactobacillales|f__Streptococcaceae|g__Streptococcus|s__None,705,k__Bacteria|p__Firmicutes|c__Clostridia|o__Lachnospirales|f__Lachnospiraceae|g__Tuzzerella|s__None,0.6666666666666666
380,k__Bacteria|p__Firmicutes|c__Bacilli|o__Lactobacillales|f__Streptococcaceae|g__Streptococcus|s__None,709,k__Bacteria|p__Firmicutes|c__Clostridia|o__Lachnospirales|f__Lachnospiraceae|g__UC5-1-2E3|s__uncultured_organism,0.75
380,k__Bacteria|p__Firmicutes|c__Bacilli|o__Lactobacillales|f__Streptococcaceae|g__Streptococcus|s__None,711,k__Bacteria|p__Firmicutes|c__Clostridia|o__Lachnospirales|f__Lachnospiraceae|g__Eubacterium_eligens_group|s__None,0.6666666666666666
380,k__Bacteria|p__Firmicutes|c__Bacilli|o__Lactobacillales|f__Streptococcaceae|g__Streptococcus|s__None,712,k__Bacteria|p__Firmicutes|c__Clostridia|o__Lachnospirales|f__Lachnospiraceae|g__Eubacterium_fissicatena_group|s__None,0.6666666666666666
380,k__Bacteria|p__Firmicutes|c__Bacilli|o__Lactobacillales|f__Streptococcaceae|g__Streptococcus|s__None,717,k__Bacteria|p__Firmicutes|c__Clostridia|o__Lachnospirales|f__Lachnospiraceae|g__Eubacterium_hallii_group|s__None,0.6666666666666666
380,k__Bacteria|p__Firmicutes|c__Bacilli|o__Lactobacillales|f__Streptococcaceae|g__Streptococcus|s__None,722,k__Bacteria|p__Firmicutes|c__Clostridia|o__Lachnospirales|f__Lachnospiraceae|g__Eubacterium_ventriosum_group|s__uncultured_organism,0.75
380,k__Bacteria|p__Firmicutes|c__Bacilli|o__Lactobacillales|f__Streptococcaceae|g__Streptococcus|s__None,724,k__Bacteria|p__Firmicutes|c__Clostridia|o__Lachnospirales|f__Lachnospiraceae|g__Eubacterium_xylanophilum_group|s__None,0.6666666666666666
380,k__Bacteria|p__Firmicutes|c__Bacilli|o__Lactobacillales|f__Streptococcaceae|g__Streptococcus|s__None,730,k__Bacteria|p__Firmicutes|c__Clostridia|o__Lachnospirales|f__Lachnospiraceae|g__Ruminococcus_torques_group|s__None,0.6666666666666666
380,k__Bacteria|p__Firmicutes|c__Bacilli|o__Lactobacillales|f__Streptococcaceae|g__Streptococcus|s__None,732,k__Bacteria|p__Firmicutes|c__Clostridia|o__Lachnospirales|f__Lachnospiraceae|g__None|s__None,0.5833333333333334
380,k__Bacteria|p__Firmicutes|c__Bacilli|o__Lactobacillales|f__Streptococcaceae|g__Streptococcus|s__None,733,k__Bacteria|p__Firmicutes|c__Clostridia|o__Lachnospirales|f__Lachnospiraceae|g__uncultured|s__None,0.6666666666666666
380,k__Bacteria|p__Firmicutes|c__Bacilli|o__Lactobacillales|f__Streptococcaceae|g__Streptococcus|s__None,739,k__Bacteria|p__Firmicutes|c__Clostridia|o__Monoglobales|f__Monoglobaceae|g__Monoglobus|s__None,0.6666666666666666
380,k__Bacteria|p__Firmicutes|c__Bacilli|o__Lactobacillales|f__Streptococcaceae|g__Streptococcus|s__None,759,k__Bacteria|p__Firmicutes|c__Clostridia|o__Oscillospirales|f__Oscillospiraceae|g__Colidextribacter|s__None,0.6666666666666666
380,k__Bacteria|p__Firmicutes|c__Bacilli|o__Lactobacillales|f__Streptococcaceae|g__Streptococcus|s__None,767,k__Bacteria|p__Firmicutes|c__Clostridia|o__Oscillospirales|f__Oscillospiraceae|g__Flavonifractor|s__None,0.6666666666666666
380,k__Bacteria|p__Firmicutes|c__Bacilli|o__Lactobacillales|f__Streptococcaceae|g__Streptococcus|s__None,769,k__Bacteria|p__Firmicutes|c__Clostridia|o__Oscillospirales|f__Oscillospiraceae|g__Intestinimonas|s__None,0.6666666666666666
380,k__Bacteria|p__Firmicutes|c__Bacilli|o__Lactobacillales|f__Streptococcaceae|g__Streptococcus|s__None,770,k__Bacteria|p__Firmicutes|c__Clostridia|o__Oscillospirales|f__Oscillospiraceae|g__Intestinimonas|s__bacterium_P1C2,0.75
380,k__Bacteria|p__Firmicutes|c__Bacilli|o__Lactobacillales|f__Streptococcaceae|g__Streptococcus|s__None,779,k__Bacteria|p__Firmicutes|c__Clostridia|o__Oscillospirales|f__Oscillospiraceae|g__Oscillibacter|s__None,0.6666666666666666
380,k__Bacteria|p__Firmicutes|c__Bacilli|o__Lactobacillales|f__Streptococcaceae|g__Streptococcus|s__None,780,k__Bacteria|p__Firmicutes|c__Clostridia|o__Oscillospirales|f__Oscillospiraceae|g__Oscillibacter|s__metagenome,0.75
380,k__Bacteria|p__Firmicutes|c__Bacilli|o__Lactobacillales|f__Streptococcaceae|g__Streptococcus|s__None,790,k__Bacteria|p__Firmicutes|c__Clostridia|o__Oscillospirales|f__Oscillospiraceae|g__UCG-002|s__None,0.6666666666666666
380,k__Bacteria|p__Firmicutes|c__Bacilli|o__Lactobacillales|f__Streptococcaceae|g__Streptococcus|s__None,791,k__Bacteria|p__Firmicutes|c__Clostridia|o__Oscillospirales|f__Oscillospiraceae|g__UCG-003|s__None,0.6666666666666666
380,k__Bacteria|p__Firmicutes|c__Bacilli|o__Lactobacillales|f__Streptococcaceae|g__Streptococcus|s__None,794,k__Bacteria|p__Firmicutes|c__Clostridia|o__Oscillospirales|f__Oscillospiraceae|g__UCG-005|s__metagenome,0.75
380,k__Bacteria|p__Firmicutes|c__Bacilli|o__Lactobacillales|f__Streptococcaceae|g__Streptococcus|s__None,812,k__Bacteria|p__Firmicutes|c__Clostridia|o__Oscillospirales|f__Ruminococcaceae|g__Anaerofilum|s__metagenome,0.75
380,k__Bacteria|p__Firmicutes|c__Bacilli|o__Lactobacillales|f__Streptococcaceae|g__Streptococcus|s__None,832,k__Bacteria|p__Firmicutes|c__Clostridia|o__Oscillospirales|f__Ruminococcaceae|g__DTU089|s__None,0.6666666666666666
380,k__Bacteria|p__Firmicutes|c__Bacilli|o__Lactobacillales|f__Streptococcaceae|g__Streptococcus|s__None,833,k__Bacteria|p__Firmicutes|c__Clostridia|o__Oscillospirales|f__Ruminococcaceae|g__Faecalibacterium|s__None,0.6666666666666666
380,k__Bacteria|p__Firmicutes|c__Bacilli|o__Lactobacillales|f__Streptococcaceae|g__Streptococcus|s__None,839,k__Bacteria|p__Firmicutes|c__Clostridia|o__Oscillospirales|f__Ruminococcaceae|g__Incertae_Sedis|s__metagenome,0.75
380,k__Bacteria|p__Firmicutes|c__Bacilli|o__Lactobacillales|f__Streptococcaceae|g__Streptococcus|s__None,841,k__Bacteria|p__Firmicutes|c__Clostridia|o__Oscillospirales|f__Ruminococcaceae|g__Incertae_Sedis|s__None,0.6666666666666666
380,k__Bacteria|p__Firmicutes|c__Bacilli|o__Lactobacillales|f__Streptococcaceae|g__Streptococcus|s__None,859,k__Bacteria|p__Firmicutes|c__Clostridia|o__Oscillospirales|f__Ruminococcaceae|g__Ruminococcus|s__None,0.6666666666666666
380,k__Bacteria|p__Firmicutes|c__Bacilli|o__Lactobacillales|f__Streptococcaceae|g__Streptococcus|s__None,860,k__Bacteria|p__Firmicutes|c__Clostridia|o__Oscillospirales|f__Ruminococcaceae|g__Subdoligranulum|s__None,0.6666666666666666
380,k__Bacteria|p__Firmicutes|c__Bacilli|o__Lactobacillales|f__Streptococcaceae|g__Streptococcus|s__None,863,k__Bacteria|p__Firmicutes|c__Clostridia|o__Oscillospirales|f__Ruminococcaceae|g__UBA1819|s__None,0.6666666666666666
380,k__Bacteria|p__Firmicutes|c__Bacilli|o__Lactobacillales|f__Streptococcaceae|g__Streptococcus|s__None,865,k__Bacteria|p__Firmicutes|c__Clostridia|o__Oscillospirales|f__Ruminococcaceae|g__Eubacterium_siraeum_group|s__None,0.6666666666666666
380,k__Bacteria|p__Firmicutes|c__Bacilli|o__Lactobacillales|f__Streptococcaceae|g__Streptococcus|s__None,869,k__Bacteria|p__Firmicutes|c__Clostridia|o__Oscillospirales|f__Ruminococcaceae|g__None|s__None,0.5833333333333334
380,k__Bacteria|p__Firmicutes|c__Bacilli|o__Lactobacillales|f__Streptococcaceae|g__Streptococcus|s__None,885,k__Bacteria|p__Firmicutes|c__Clostridia|o__Oscillospirales|f__Eubacterium_coprostanoligenes_group|g__None|s__None,0.5833333333333334
380,k__Bacteria|p__Firmicutes|c__Bacilli|o__Lactobacillales|f__Streptococcaceae|g__Streptococcus|s__None,905,k__Bacteria|p__Firmicutes|c__Clostridia|o__Peptostreptococcales-Tissierellales|f__Anaerovoracaceae|g__Family_XIII_AD3011_group|s__metagenome,0.75
380,k__Bacteria|p__Firmicutes|c__Bacilli|o__Lactobacillales|f__Streptococcaceae|g__Streptococcus|s__None,925,k__Bacteria|p__Firmicutes|c__Clostridia|o__Peptostreptococcales-Tissierellales|f__Anaerovoracaceae|g__None|s__None,0.5833333333333334
380,k__Bacteria|p__Firmicutes|c__Bacilli|o__Lactobacillales|f__Streptococcaceae|g__Streptococcus|s__None,943,k__Bacteria|p__Firmicutes|c__Clostridia|o__Peptostreptococcales-Tissierellales|f__Peptostreptococcaceae|g__Intestinibacter|s__None,0.6666666666666666
380,k__Bacteria|p__Firmicutes|c__Bacilli|o__Lactobacillales|f__Streptococcaceae|g__Streptococcus|s__None,951,k__Bacteria|p__Firmicutes|c__Clostridia|o__Peptostreptococcales-Tissierellales|f__Peptostreptococcaceae|g__Romboutsia|s__None,0.6666666666666666
380,k__Bacteria|p__Firmicutes|c__Bacilli|o__Lactobacillales|f__Streptococcaceae|g__Streptococcus|s__None,956,k__Bacteria|p__Firmicutes|c__Clostridia|o__None|f__None|g__None|s__None,0.4166666666666667
380,k__Bacteria|p__Firmicutes|c__Bacilli|o__Lactobacillales|f__Streptococcaceae|g__Streptococcus|s__None,966,k__Bacteria|p__Firmicutes|c__Negativicutes|o__Acidaminococcales|f__Acidaminococcaceae|g__Acidaminococcus|s__None,0.6666666666666666
380,k__Bacteria|p__Firmicutes|c__Bacilli|o__Lactobacillales|f__Streptococcaceae|g__Streptococcus|s__None,967,k__Bacteria|p__Firmicutes|c__Negativicutes|o__Acidaminococcales|f__Acidaminococcaceae|g__Phascolarctobacterium|s__None,0.6666666666666666
380,k__Bacteria|p__Firmicutes|c__Bacilli|o__Lactobacillales|f__Streptococcaceae|g__Streptococcus|s__None,986,k__Bacteria|p__Firmicutes|c__Negativicutes|o__Veillonellales-Selenomonadales|f__Veillonellaceae|g__Dialister|s__None,0.6666666666666666
380,k__Bacteria|p__Firmicutes|c__Bacilli|o__Lactobacillales|f__Streptococcaceae|g__Streptococcus|s__None,992,k__Bacteria|p__Firmicutes|c__Negativicutes|o__Veillonellales-Selenomonadales|f__Veillonellaceae|g__Veillonella|s__None,0.6666666666666666
380,k__Bacteria|p__Firmicutes|c__Bacilli|o__Lactobacillales|f__Streptococcaceae|g__Streptococcus|s__None,1055,k__Bacteria|p__Proteobacteria|c__Gammaproteobacteria|o__Burkholderiales|f__Sutterellaceae|g__Parasutterella|s__None,0.8333333333333334
380,k__Bacteria|p__Firmicutes|c__Bacilli|o__Lactobacillales|f__Streptococcaceae|g__Streptococcus|s__None,1069,k__Bacteria|p__Proteobacteria|c__Gammaproteobacteria|o__Enterobacterales|f__Enterobacteriaceae|g__Escherichia-Shigella|s__None,0.8333333333333334
380,k__Bacteria|p__Firmicutes|c__Bacilli|o__Lactobacillales|f__Streptococcaceae|g__Streptococcus|s__None,1089,k__Bacteria|p__Proteobacteria|c__Gammaproteobacteria|o__Pseudomonadales|f__Pseudomonadaceae|g__Pseudomonas|s__None,0.8333333333333334
380,k__Bacteria|p__Firmicutes|c__Bacilli|o__Lactobacillales|f__Streptococcaceae|g__Streptococcus|s__None,1132,k__Bacteria|p__Verrucomicrobiota|c__Verrucomicrobiae|o__Verrucomicrobiales|f__Akkermansiaceae|g__Akkermansia|s__None,0.8333333333333334
380,k__Bacteria|p__Firmicutes|c__Bacilli|o__Lactobacillales|f__Streptococcaceae|g__Streptococcus|s__None,1136,k__Bacteria|p__None|c__None|o__None|f__None|g__None|s__None,0.4166666666666667
411,k__Bacteria|p__Firmicutes|c__Clostridia|o__Christensenellales|f__Christensenellaceae|g__Christensenellaceae_R-7_group|s__None,421,k__Bacteria|p__Firmicutes|c__Clostridia|o__Christensenellales|f__Christensenellaceae|g__Christensenellaceae_R-7_group|s__uncultured_marine_bacterium,0.08333333333333333
411,k__Bacteria|p__Firmicutes|c__Clostridia|o__Christensenellales|f__Christensenellaceae|g__Christensenellaceae_R-7_group|s__None,426,k__Bacteria|p__Firmicutes|c__Clostridia|o__Clostridia_UCG-014|f__None|g__None|s__None,0.3333333333333333
411,k__Bacteria|p__Firmicutes|c__Clostridia|o__Christensenellales|f__Christensenellaceae|g__Christensenellaceae_R-7_group|s__None,445,k__Bacteria|p__Firmicutes|c__Clostridia|o__Clostridiales|f__Christensenellaceae|g__Christensenella|s__PAC002297,0.5833333333333334
411,k__Bacteria|p__Firmicutes|c__Clostridia|o__Christensenellales|f__Christensenellaceae|g__Christensenellaceae_R-7_group|s__None,501,k__Bacteria|p__Firmicutes|c__Clostridia|o__Clostridiales|f__Lachnospiraceae|g__PAC001201|s__PAC002549,0.5833333333333334
411,k__Bacteria|p__Firmicutes|c__Clostridia|o__Christensenellales|f__Christensenellaceae|g__Christensenellaceae_R-7_group|s__None,534,k__Bacteria|p__Firmicutes|c__Clostridia|o__Clostridiales|f__Ruminococcaceae|g__PAC001144|s__PAC001620,0.5833333333333334
411,k__Bacteria|p__Firmicutes|c__Clostridia|o__Christensenellales|f__Christensenellaceae|g__Christensenellaceae_R-7_group|s__None,562,k__Bacteria|p__Firmicutes|c__Clostridia|o__Eubacteriales|f__Eubacteriaceae|g__Eubacterium|s__None,0.5
411,k__Bacteria|p__Firmicutes|c__Clostridia|o__Christensenellales|f__Christensenellaceae|g__Christensenellaceae_R-7_group|s__None,577,k__Bacteria|p__Firmicutes|c__Clostridia|o__Lachnospirales|f__Lachnospiraceae|g__Agathobacter|s__None,0.5
411,k__Bacteria|p__Firmicutes|c__Clostridia|o__Christensenellales|f__Christensenellaceae|g__Christensenellaceae_R-7_group|s__None,588,k__Bacteria|p__Firmicutes|c__Clostridia|o__Lachnospirales|f__Lachnospiraceae|g__Anaerostipes|s__None,0.5
411,k__Bacteria|p__Firmicutes|c__Clostridia|o__Christensenellales|f__Christensenellaceae|g__Christensenellaceae_R-7_group|s__None,591,k__Bacteria|p__Firmicutes|c__Clostridia|o__Lachnospirales|f__Lachnospiraceae|g__Anaerostipes|s__uncultured_Lachnospiraceae_bacterium,0.5833333333333334
411,k__Bacteria|p__Firmicutes|c__Clostridia|o__Christensenellales|f__Christensenellaceae|g__Christensenellaceae_R-7_group|s__None,594,k__Bacteria|p__Firmicutes|c__Clostridia|o__Lachnospirales|f__Lachnospiraceae|g__Blautia|s__None,0.5
411,k__Bacteria|p__Firmicutes|c__Clostridia|o__Christensenellales|f__Christensenellaceae|g__Christensenellaceae_R-7_group|s__None,595,k__Bacteria|p__Firmicutes|c__Clostridia|o__Lachnospirales|f__Lachnospiraceae|g__Blautia|s__bacterium_mpn-isolate_group_20,0.5833333333333334
411,k__Bacteria|p__Firmicutes|c__Clostridia|o__Christensenellales|f__Christensenellaceae|g__Christensenellaceae_R-7_group|s__None,597,k__Bacteria|p__Firmicutes|c__Clostridia|o__Lachnospirales|f__Lachnospiraceae|g__Blautia|s__uncultured_Blautia_sp.,0.5833333333333334
411,k__Bacteria|p__Firmicutes|c__Clostridia|o__Christensenellales|f__Christensenellaceae|g__Christensenellaceae_R-7_group|s__None,608,k__Bacteria|p__Firmicutes|c__Clostridia|o__Lachnospirales|f__Lachnospiraceae|g__Coprococcus|s__None,0.5
411,k__Bacteria|p__Firmicutes|c__Clostridia|o__Christensenellales|f__Christensenellaceae|g__Christensenellaceae_R-7_group|s__None,609,k__Bacteria|p__Firmicutes|c__Clostridia|o__Lachnospirales|f__Lachnospiraceae|g__Coprococcus|s__uncultured_Coprococcus_sp.,0.5833333333333334
411,k__Bacteria|p__Firmicutes|c__Clostridia|o__Christensenellales|f__Christensenellaceae|g__Christensenellaceae_R-7_group|s__None,612,k__Bacteria|p__Firmicutes|c__Clostridia|o__Lachnospirales|f__Lachnospiraceae|g__Eisenbergiella|s__None,0.5
411,k__Bacteria|p__Firmicutes|c__Clostridia|o__Christensenellales|f__Christensenellaceae|g__Christensenellaceae_R-7_group|s__None,619,k__Bacteria|p__Firmicutes|c__Clostridia|o__Lachnospirales|f__Lachnospiraceae|g__Fusicatenibacter|s__uncultured_Lachnospiraceae_bacterium,0.5833333333333334
411,k__Bacteria|p__Firmicutes|c__Clostridia|o__Christensenellales|f__Christensenellaceae|g__Christensenellaceae_R-7_group|s__None,620,k__Bacteria|p__Firmicutes|c__Clostridia|o__Lachnospirales|f__Lachnospiraceae|g__GCA-900066575|s__None,0.5
411,k__Bacteria|p__Firmicutes|c__Clostridia|o__Christensenellales|f__Christensenellaceae|g__Christensenellaceae_R-7_group|s__None,628,k__Bacteria|p__Firmicutes|c__Clostridia|o__Lachnospirales|f__Lachnospiraceae|g__Howardella|s__metagenome,0.5833333333333334
411,k__Bacteria|p__Firmicutes|c__Clostridia|o__Christensenellales|f__Christensenellaceae|g__Christensenellaceae_R-7_group|s__None,638,k__Bacteria|p__Firmicutes|c__Clostridia|o__Lachnospirales|f__Lachnospiraceae|g__Lachnoclostridium|s__None,0.5
411,k__Bacteria|p__Firmicutes|c__Clostridia|o__Christensenellales|f__Christensenellaceae|g__Christensenellaceae_R-7_group|s__None,640,k__Bacteria|p__Firmicutes|c__Clostridia|o__Lachnospirales|f__Lachnospiraceae|g__Lachnoclostridium|s__uncultured_Lachnospiraceae_bacterium,0.5833333333333334
411,k__Bacteria|p__Firmicutes|c__Clostridia|o__Christensenellales|f__Christensenellaceae|g__Christensenellaceae_R-7_group|s__None,641,k__Bacteria|p__Firmicutes|c__Clostridia|o__Lachnospirales|f__Lachnospiraceae|g__Lachnospira|s__None,0.5
411,k__Bacteria|p__Firmicutes|c__Clostridia|o__Christensenellales|f__Christensenellaceae|g__Christensenellaceae_R-7_group|s__None,649,k__Bacteria|p__Firmicutes|c__Clostridia|o__Lachnospirales|f__Lachnospiraceae|g__Lachnospiraceae_ND3007_group|s__metagenome,0.5833333333333334
411,k__Bacteria|p__Firmicutes|c__Clostridia|o__Christensenellales|f__Christensenellaceae|g__Christensenellaceae_R-7_group|s__None,658,k__Bacteria|p__Firmicutes|c__Clostridia|o__Lachnospirales|f__Lachnospiraceae|g__Lachnospiraceae_NK4A136_group|s__uncultured_bacterium_Adhufec49.25,0.5833333333333334
411,k__Bacteria|p__Firmicutes|c__Clostridia|o__Christensenellales|f__Christensenellaceae|g__Christensenellaceae_R-7_group|s__None,662,k__Bacteria|p__Firmicutes|c__Clostridia|o__Lachnospirales|f__Lachnospiraceae|g__Lachnospiraceae_UCG-001|s__metagenome,0.5833333333333334
411,k__Bacteria|p__Firmicutes|c__Clostridia|o__Christensenellales|f__Christensenellaceae|g__Christensenellaceae_R-7_group|s__None,675,k__Bacteria|p__Firmicutes|c__Clostridia|o__Lachnospirales|f__Lachnospiraceae|g__Lachnospiraceae_UCG-010|s__None,0.5
411,k__Bacteria|p__Firmicutes|c__Clostridia|o__Christensenellales|f__Christensenellaceae|g__Christensenellaceae_R-7_group|s__None,694,k__Bacteria|p__Firmicutes|c__Clostridia|o__Lachnospirales|f__Lachnospiraceae|g__Roseburia|s__None,0.5
411,k__Bacteria|p__Firmicutes|c__Clostridia|o__Christensenellales|f__Christensenellaceae|g__Christensenellaceae_R-7_group|s__None,695,k__Bacteria|p__Firmicutes|c__Clostridia|o__Lachnospirales|f__Lachnospiraceae|g__Roseburia|s__gut_metagenome,0.5833333333333334
411,k__Bacteria|p__Firmicutes|c__Clostridia|o__Christensenellales|f__Christensenellaceae|g__Christensenellaceae_R-7_group|s__None,705,k__Bacteria|p__Firmicutes|c__Clostridia|o__Lachnospirales|f__Lachnospiraceae|g__Tuzzerella|s__None,0.5
411,k__Bacteria|p__Firmicutes|c__Clostridia|o__Christensenellales|f__Christensenellaceae|g__Christensenellaceae_R-7_group|s__None,709,k__Bacteria|p__Firmicutes|c__Clostridia|o__Lachnospirales|f__Lachnospiraceae|g__UC5-1-2E3|s__uncultured_organism,0.5833333333333334
411,k__Bacteria|p__Firmicutes|c__Clostridia|o__Christensenellales|f__Christensenellaceae|g__Christensenellaceae_R-7_group|s__None,711,k__Bacteria|p__Firmicutes|c__Clostridia|o__Lachnospirales|f__Lachnospiraceae|g__Eubacterium_eligens_group|s__None,0.5
411,k__Bacteria|p__Firmicutes|c__Clostridia|o__Christensenellales|f__Christensenellaceae|g__Christensenellaceae_R-7_group|s__None,712,k__Bacteria|p__Firmicutes|c__Clostridia|o__Lachnospirales|f__Lachnospiraceae|g__Eubacterium_fissicatena_group|s__None,0.5
411,k__Bacteria|p__Firmicutes|c__Clostridia|o__Christensenellales|f__Christensenellaceae|g__Christensenellaceae_R-7_group|s__None,717,k__Bacteria|p__Firmicutes|c__Clostridia|o__Lachnospirales|f__Lachnospiraceae|g__Eubacterium_hallii_group|s__None,0.5
411,k__Bacteria|p__Firmicutes|c__Clostridia|o__Christensenellales|f__Christensenellaceae|g__Christensenellaceae_R-7_group|s__None,722,k__Bacteria|p__Firmicutes|c__Clostridia|o__Lachnospirales|f__Lachnospiraceae|g__Eubacterium_ventriosum_group|s__uncultured_organism,0.5833333333333334
411,k__Bacteria|p__Firmicutes|c__Clostridia|o__Christensenellales|f__Christensenellaceae|g__Christensenellaceae_R-7_group|s__None,724,k__Bacteria|p__Firmicutes|c__Clostridia|o__Lachnospirales|f__Lachnospiraceae|g__Eubacterium_xylanophilum_group|s__None,0.5
411,k__Bacteria|p__Firmicutes|c__Clostridia|o__Christensenellales|f__Christensenellaceae|g__Christensenellaceae_R-7_group|s__None,730,k__Bacteria|p__Firmicutes|c__Clostridia|o__Lachnospirales|f__Lachnospiraceae|g__Ruminococcus_torques_group|s__None,0.5
411,k__Bacteria|p__Firmicutes|c__Clostridia|o__Christensenellales|f__Christensenellaceae|g__Christensenellaceae_R-7_group|s__None,732,k__Bacteria|p__Firmicutes|c__Clostridia|o__Lachnospirales|f__Lachnospiraceae|g__None|s__None,0.4166666666666667
411,k__Bacteria|p__Firmicutes|c__Clostridia|o__Christensenellales|f__Christensenellaceae|g__Christensenellaceae_R-7_group|s__None,733,k__Bacteria|p__Firmicutes|c__Clostridia|o__Lachnospirales|f__Lachnospiraceae|g__uncultured|s__None,0.5
411,k__Bacteria|p__Firmicutes|c__Clostridia|o__Christensenellales|f__Christensenellaceae|g__Christensenellaceae_R-7_group|s__None,739,k__Bacteria|p__Firmicutes|c__Clostridia|o__Monoglobales|f__Monoglobaceae|g__Monoglobus|s__None,0.5
411,k__Bacteria|p__Firmicutes|c__Clostridia|o__Christensenellales|f__Christensenellaceae|g__Christensenellaceae_R-7_group|s__None,759,k__Bacteria|p__Firmicutes|c__Clostridia|o__Oscillospirales|f__Oscillospiraceae|g__Colidextribacter|s__None,0.5
411,k__Bacteria|p__Firmicutes|c__Clostridia|o__Christensenellales|f__Christensenellaceae|g__Christensenellaceae_R-7_group|s__None,767,k__Bacteria|p__Firmicutes|c__Clostridia|o__Oscillospirales|f__Oscillospiraceae|g__Flavonifractor|s__None,0.5
411,k__Bacteria|p__Firmicutes|c__Clostridia|o__Christensenellales|f__Christensenellaceae|g__Christensenellaceae_R-7_group|s__None,769,k__Bacteria|p__Firmicutes|c__Clostridia|o__Oscillospirales|f__Oscillospiraceae|g__Intestinimonas|s__None,0.5
411,k__Bacteria|p__Firmicutes|c__Clostridia|o__Christensenellales|f__Christensenellaceae|g__Christensenellaceae_R-7_group|s__None,770,k__Bacteria|p__Firmicutes|c__Clostridia|o__Oscillospirales|f__Oscillospiraceae|g__Intestinimonas|s__bacterium_P1C2,0.5833333333333334
411,k__Bacteria|p__Firmicutes|c__Clostridia|o__Christensenellales|f__Christensenellaceae|g__Christensenellaceae_R-7_group|s__None,779,k__Bacteria|p__Firmicutes|c__Clostridia|o__Oscillospirales|f__Oscillospiraceae|g__Oscillibacter|s__None,0.5
411,k__Bacteria|p__Firmicutes|c__Clostridia|o__Christensenellales|f__Christensenellaceae|g__Christensenellaceae_R-7_group|s__None,780,k__Bacteria|p__Firmicutes|c__Clostridia|o__Oscillospirales|f__Oscillospiraceae|g__Oscillibacter|s__metagenome,0.5833333333333334
411,k__Bacteria|p__Firmicutes|c__Clostridia|o__Christensenellales|f__Christensenellaceae|g__Christensenellaceae_R-7_group|s__None,790,k__Bacteria|p__Firmicutes|c__Clostridia|o__Oscillospirales|f__Oscillospiraceae|g__UCG-002|s__None,0.5
411,k__Bacteria|p__Firmicutes|c__Clostridia|o__Christensenellales|f__Christensenellaceae|g__Christensenellaceae_R-7_group|s__None,791,k__Bacteria|p__Firmicutes|c__Clostridia|o__Oscillospirales|f__Oscillospiraceae|g__UCG-003|s__None,0.5
411,k__Bacteria|p__Firmicutes|c__Clostridia|o__Christensenellales|f__Christensenellaceae|g__Christensenellaceae_R-7_group|s__None,794,k__Bacteria|p__Firmicutes|c__Clostridia|o__Oscillospirales|f__Oscillospiraceae|g__UCG-005|s__metagenome,0.5833333333333334
411,k__Bacteria|p__Firmicutes|c__Clostridia|o__Christensenellales|f__Christensenellaceae|g__Christensenellaceae_R-7_group|s__None,812,k__Bacteria|p__Firmicutes|c__Clostridia|o__Oscillospirales|f__Ruminococcaceae|g__Anaerofilum|s__metagenome,0.5833333333333334
411,k__Bacteria|p__Firmicutes|c__Clostridia|o__Christensenellales|f__Christensenellaceae|g__Christensenellaceae_R-7_group|s__None,832,k__Bacteria|p__Firmicutes|c__Clostridia|o__Oscillospirales|f__Ruminococcaceae|g__DTU089|s__None,0.5
411,k__Bacteria|p__Firmicutes|c__Clostridia|o__Christensenellales|f__Christensenellaceae|g__Christensenellaceae_R-7_group|s__None,833,k__Bacteria|p__Firmicutes|c__Clostridia|o__Oscillospirales|f__Ruminococcaceae|g__Faecalibacterium|s__None,0.5
411,k__Bacteria|p__Firmicutes|c__Clostridia|o__Christensenellales|f__Christensenellaceae|g__Christensenellaceae_R-7_group|s__None,839,k__Bacteria|p__Firmicutes|c__Clostridia|o__Oscillospirales|f__Ruminococcaceae|g__Incertae_Sedis|s__metagenome,0.5833333333333334
411,k__Bacteria|p__Firmicutes|c__Clostridia|o__Christensenellales|f__Christensenellaceae|g__Christensenellaceae_R-7_group|s__None,841,k__Bacteria|p__Firmicutes|c__Clostridia|o__Oscillospirales|f__Ruminococcaceae|g__Incertae_Sedis|s__None,0.5
411,k__Bacteria|p__Firmicutes|c__Clostridia|o__Christensenellales|f__Christensenellaceae|g__Christensenellaceae_R-7_group|s__None,859,k__Bacteria|p__Firmicutes|c__Clostridia|o__Oscillospirales|f__Ruminococcaceae|g__Ruminococcus|s__None,0.5
411,k__Bacteria|p__Firmicutes|c__Clostridia|o__Christensenellales|f__Christensenellaceae|g__Christensenellaceae_R-7_group|s__None,860,k__Bacteria|p__Firmicutes|c__Clostridia|o__Oscillospirales|f__Ruminococcaceae|g__Subdoligranulum|s__None,0.5
411,k__Bacteria|p__Firmicutes|c__Clostridia|o__Christensenellales|f__Christensenellaceae|g__Christensenellaceae_R-7_group|s__None,863,k__Bacteria|p__Firmicutes|c__Clostridia|o__Oscillospirales|f__Ruminococcaceae|g__UBA1819|s__None,0.5
411,k__Bacteria|p__Firmicutes|c__Clostridia|o__Christensenellales|f__Christensenellaceae|g__Christensenellaceae_R-7_group|s__None,865,k__Bacteria|p__Firmicutes|c__Clostridia|o__Oscillospirales|f__Ruminococcaceae|g__Eubacterium_siraeum_group|s__None,0.5
411,k__Bacteria|p__Firmicutes|c__Clostridia|o__Christensenellales|f__Christensenellaceae|g__Christensenellaceae_R-7_group|s__None,869,k__Bacteria|p__Firmicutes|c__Clostridia|o__Oscillospirales|f__Ruminococcaceae|g__None|s__None,0.4166666666666667
411,k__Bacteria|p__Firmicutes|c__Clostridia|o__Christensenellales|f__Christensenellaceae|g__Christensenellaceae_R-7_group|s__None,885,k__Bacteria|p__Firmicutes|c__Clostridia|o__Oscillospirales|f__Eubacterium_coprostanoligenes_group|g__None|s__None,0.4166666666666667
411,k__Bacteria|p__Firmicutes|c__Clostridia|o__Christensenellales|f__Christensenellaceae|g__Christensenellaceae_R-7_group|s__None,905,k__Bacteria|p__Firmicutes|c__Clostridia|o__Peptostreptococcales-Tissierellales|f__Anaerovoracaceae|g__Family_XIII_AD3011_group|s__metagenome,0.5833333333333334
411,k__Bacteria|p__Firmicutes|c__Clostridia|o__Christensenellales|f__Christensenellaceae|g__Christensenellaceae_R-7_group|s__None,925,k__Bacteria|p__Firmicutes|c__Clostridia|o__Peptostreptococcales-Tissierellales|f__Anaerovoracaceae|g__None|s__None,0.4166666666666667
411,k__Bacteria|p__Firmicutes|c__Clostridia|o__Christensenellales|f__Christensenellaceae|g__Christensenellaceae_R-7_group|s__None,943,k__Bacteria|p__Firmicutes|c__Clostridia|o__Peptostreptococcales-Tissierellales|f__Peptostreptococcaceae|g__Intestinibacter|s__None,0.5
411,k__Bacteria|p__Firmicutes|c__Clostridia|o__Christensenellales|f__Christensenellaceae|g__Christensenellaceae_R-7_group|s__None,951,k__Bacteria|p__Firmicutes|c__Clostridia|o__Peptostreptococcales-Tissierellales|f__Peptostreptococcaceae|g__Romboutsia|s__None,0.5
411,k__Bacteria|p__Firmicutes|c__Clostridia|o__Christensenellales|f__Christensenellaceae|g__Christensenellaceae_R-7_group|s__None,956,k__Bacteria|p__Firmicutes|c__Clostridia|o__None|f__None|g__None|s__None,0.25
411,k__Bacteria|p__Firmicutes|c__Clostridia|o__Christensenellales|f__Christensenellaceae|g__Christensenellaceae_R-7_group|s__None,966,k__Bacteria|p__Firmicutes|c__Negativicutes|o__Acidaminococcales|f__Acidaminococcaceae|g__Acidaminococcus|s__None,0.6666666666666666
411,k__Bacteria|p__Firmicutes|c__Clostridia|o__Christensenellales|f__Christensenellaceae|g__Christensenellaceae_R-7_group|s__None,967,k__Bacteria|p__Firmicutes|c__Negativicutes|o__Acidaminococcales|f__Acidaminococcaceae|g__Phascolarctobacterium|s__None,0.6666666666666666
411,k__Bacteria|p__Firmicutes|c__Clostridia|o__Christensenellales|f__Christensenellaceae|g__Christensenellaceae_R-7_group|s__None,986,k__Bacteria|p__Firmicutes|c__Negativicutes|o__Veillonellales-Selenomonadales|f__Veillonellaceae|g__Dialister|s__None,0.6666666666666666
411,k__Bacteria|p__Firmicutes|c__Clostridia|o__Christensenellales|f__Christensenellaceae|g__Christensenellaceae_R-7_group|s__None,992,k__Bacteria|p__Firmicutes|c__Negativicutes|o__Veillonellales-Selenomonadales|f__Veillonellaceae|g__Veillonella|s__None,0.6666666666666666
411,k__Bacteria|p__Firmicutes|c__Clostridia|o__Christensenellales|f__Christensenellaceae|g__Christensenellaceae_R-7_group|s__None,1055,k__Bacteria|p__Proteobacteria|c__Gammaproteobacteria|o__Burkholderiales|f__Sutterellaceae|g__Parasutterella|s__None,0.8333333333333334
411,k__Bacteria|p__Firmicutes|c__Clostridia|o__Christensenellales|f__Christensenellaceae|g__Christensenellaceae_R-7_group|s__None,1069,k__Bacteria|p__Proteobacteria|c__Gammaproteobacteria|o__Enterobacterales|f__Enterobacteriaceae|g__Escherichia-Shigella|s__None,0.8333333333333334
411,k__Bacteria|p__Firmicutes|c__Clostridia|o__Christensenellales|f__Christensenellaceae|g__Christensenellaceae_R-7_group|s__None,1089,k__Bacteria|p__Proteobacteria|c__Gammaproteobacteria|o__Pseudomonadales|f__Pseudomonadaceae|g__Pseudomonas|s__None,0.8333333333333334
411,k__Bacteria|p__Firmicutes|c__Clostridia|o__Christensenellales|f__Christensenellaceae|g__Christensenellaceae_R-7_group|s__None,1132,k__Bacteria|p__Verrucomicrobiota|c__Verrucomicrobiae|o__Verrucomicrobiales|f__Akkermansiaceae|g__Akkermansia|s__None,0.8333333333333334
411,k__Bacteria|p__Firmicutes|c__Clostridia|o__Christensenellales|f__Christensenellaceae|g__Christensenellaceae_R-7_group|s__None,1136,k__Bacteria|p__None|c__None|o__None|f__None|g__None|s__None,0.4166666666666667
421,k__Bacteria|p__Firmicutes|c__Clostridia|o__Christensenellales|f__Christensenellaceae|g__Christensenellaceae_R-7_group|s__uncultured_marine_bacterium,426,k__Bacteria|p__Firmicutes|c__Clostridia|o__Clostridia_UCG-014|f__None|g__None|s__None,0.4166666666666667
421,k__Bacteria|p__Firmicutes|c__Clostridia|o__Christensenellales|f__Christensenellaceae|g__Christensenellaceae_R-7_group|s__uncultured_marine_bacterium,445,k__Bacteria|p__Firmicutes|c__Clostridia|o__Clostridiales|f__Christensenellaceae|g__Christensenella|s__PAC002297,0.6666666666666666
421,k__Bacteria|p__Firmicutes|c__Clostridia|o__Christensenellales|f__Christensenellaceae|g__Christensenellaceae_R-7_group|s__uncultured_marine_bacterium,501,k__Bacteria|p__Firmicutes|c__Clostridia|o__Clostridiales|f__Lachnospiraceae|g__PAC001201|s__PAC002549,0.6666666666666666
421,k__Bacteria|p__Firmicutes|c__Clostridia|o__Christensenellales|f__Christensenellaceae|g__Christensenellaceae_R-7_group|s__uncultured_marine_bacterium,534,k__Bacteria|p__Firmicutes|c__Clostridia|o__Clostridiales|f__Ruminococcaceae|g__PAC001144|s__PAC001620,0.6666666666666666
421,k__Bacteria|p__Firmicutes|c__Clostridia|o__Christensenellales|f__Christensenellaceae|g__Christensenellaceae_R-7_group|s__uncultured_marine_bacterium,562,k__Bacteria|p__Firmicutes|c__Clostridia|o__Eubacteriales|f__Eubacteriaceae|g__Eubacterium|s__None,0.5833333333333334
421,k__Bacteria|p__Firmicutes|c__Clostridia|o__Christensenellales|f__Christensenellaceae|g__Christensenellaceae_R-7_group|s__uncultured_marine_bacterium,577,k__Bacteria|p__Firmicutes|c__Clostridia|o__Lachnospirales|f__Lachnospiraceae|g__Agathobacter|s__None,0.5833333333333334
421,k__Bacteria|p__Firmicutes|c__Clostridia|o__Christensenellales|f__Christensenellaceae|g__Christensenellaceae_R-7_group|s__uncultured_marine_bacterium,588,k__Bacteria|p__Firmicutes|c__Clostridia|o__Lachnospirales|f__Lachnospiraceae|g__Anaerostipes|s__None,0.5833333333333334
421,k__Bacteria|p__Firmicutes|c__Clostridia|o__Christensenellales|f__Christensenellaceae|g__Christensenellaceae_R-7_group|s__uncultured_marine_bacterium,591,k__Bacteria|p__Firmicutes|c__Clostridia|o__Lachnospirales|f__Lachnospiraceae|g__Anaerostipes|s__uncultured_Lachnospiraceae_bacterium,0.6666666666666666
421,k__Bacteria|p__Firmicutes|c__Clostridia|o__Christensenellales|f__Christensenellaceae|g__Christensenellaceae_R-7_group|s__uncultured_marine_bacterium,594,k__Bacteria|p__Firmicutes|c__Clostridia|o__Lachnospirales|f__Lachnospiraceae|g__Blautia|s__None,0.5833333333333334
421,k__Bacteria|p__Firmicutes|c__Clostridia|o__Christensenellales|f__Christensenellaceae|g__Christensenellaceae_R-7_group|s__uncultured_marine_bacterium,595,k__Bacteria|p__Firmicutes|c__Clostridia|o__Lachnospirales|f__Lachnospiraceae|g__Blautia|s__bacterium_mpn-isolate_group_20,0.6666666666666666
421,k__Bacteria|p__Firmicutes|c__Clostridia|o__Christensenellales|f__Christensenellaceae|g__Christensenellaceae_R-7_group|s__uncultured_marine_bacterium,597,k__Bacteria|p__Firmicutes|c__Clostridia|o__Lachnospirales|f__Lachnospiraceae|g__Blautia|s__uncultured_Blautia_sp.,0.6666666666666666
421,k__Bacteria|p__Firmicutes|c__Clostridia|o__Christensenellales|f__Christensenellaceae|g__Christensenellaceae_R-7_group|s__uncultured_marine_bacterium,608,k__Bacteria|p__Firmicutes|c__Clostridia|o__Lachnospirales|f__Lachnospiraceae|g__Coprococcus|s__None,0.5833333333333334
421,k__Bacteria|p__Firmicutes|c__Clostridia|o__Christensenellales|f__Christensenellaceae|g__Christensenellaceae_R-7_group|s__uncultured_marine_bacterium,609,k__Bacteria|p__Firmicutes|c__Clostridia|o__Lachnospirales|f__Lachnospiraceae|g__Coprococcus|s__uncultured_Coprococcus_sp.,0.6666666666666666
421,k__Bacteria|p__Firmicutes|c__Clostridia|o__Christensenellales|f__Christensenellaceae|g__Christensenellaceae_R-7_group|s__uncultured_marine_bacterium,612,k__Bacteria|p__Firmicutes|c__Clostridia|o__Lachnospirales|f__Lachnospiraceae|g__Eisenbergiella|s__None,0.5833333333333334
421,k__Bacteria|p__Firmicutes|c__Clostridia|o__Christensenellales|f__Christensenellaceae|g__Christensenellaceae_R-7_group|s__uncultured_marine_bacterium,619,k__Bacteria|p__Firmicutes|c__Clostridia|o__Lachnospirales|f__Lachnospiraceae|g__Fusicatenibacter|s__uncultured_Lachnospiraceae_bacterium,0.6666666666666666
421,k__Bacteria|p__Firmicutes|c__Clostridia|o__Christensenellales|f__Christensenellaceae|g__Christensenellaceae_R-7_group|s__uncultured_marine_bacterium,620,k__Bacteria|p__Firmicutes|c__Clostridia|o__Lachnospirales|f__Lachnospiraceae|g__GCA-900066575|s__None,0.5833333333333334
421,k__Bacteria|p__Firmicutes|c__Clostridia|o__Christensenellales|f__Christensenellaceae|g__Christensenellaceae_R-7_group|s__uncultured_marine_bacterium,628,k__Bacteria|p__Firmicutes|c__Clostridia|o__Lachnospirales|f__Lachnospiraceae|g__Howardella|s__metagenome,0.6666666666666666
421,k__Bacteria|p__Firmicutes|c__Clostridia|o__Christensenellales|f__Christensenellaceae|g__Christensenellaceae_R-7_group|s__uncultured_marine_bacterium,638,k__Bacteria|p__Firmicutes|c__Clostridia|o__Lachnospirales|f__Lachnospiraceae|g__Lachnoclostridium|s__None,0.5833333333333334
421,k__Bacteria|p__Firmicutes|c__Clostridia|o__Christensenellales|f__Christensenellaceae|g__Christensenellaceae_R-7_group|s__uncultured_marine_bacterium,640,k__Bacteria|p__Firmicutes|c__Clostridia|o__Lachnospirales|f__Lachnospiraceae|g__Lachnoclostridium|s__uncultured_Lachnospiraceae_bacterium,0.6666666666666666
421,k__Bacteria|p__Firmicutes|c__Clostridia|o__Christensenellales|f__Christensenellaceae|g__Christensenellaceae_R-7_group|s__uncultured_marine_bacterium,641,k__Bacteria|p__Firmicutes|c__Clostridia|o__Lachnospirales|f__Lachnospiraceae|g__Lachnospira|s__None,0.5833333333333334
421,k__Bacteria|p__Firmicutes|c__Clostridia|o__Christensenellales|f__Christensenellaceae|g__Christensenellaceae_R-7_group|s__uncultured_marine_bacterium,649,k__Bacteria|p__Firmicutes|c__Clostridia|o__Lachnospirales|f__Lachnospiraceae|g__Lachnospiraceae_ND3007_group|s__metagenome,0.6666666666666666
421,k__Bacteria|p__Firmicutes|c__Clostridia|o__Christensenellales|f__Christensenellaceae|g__Christensenellaceae_R-7_group|s__uncultured_marine_bacterium,658,k__Bacteria|p__Firmicutes|c__Clostridia|o__Lachnospirales|f__Lachnospiraceae|g__Lachnospiraceae_NK4A136_group|s__uncultured_bacterium_Adhufec49.25,0.6666666666666666
421,k__Bacteria|p__Firmicutes|c__Clostridia|o__Christensenellales|f__Christensenellaceae|g__Christensenellaceae_R-7_group|s__uncultured_marine_bacterium,662,k__Bacteria|p__Firmicutes|c__Clostridia|o__Lachnospirales|f__Lachnospiraceae|g__Lachnospiraceae_UCG-001|s__metagenome,0.6666666666666666
421,k__Bacteria|p__Firmicutes|c__Clostridia|o__Christensenellales|f__Christensenellaceae|g__Christensenellaceae_R-7_group|s__uncultured_marine_bacterium,675,k__Bacteria|p__Firmicutes|c__Clostridia|o__Lachnospirales|f__Lachnospiraceae|g__Lachnospiraceae_UCG-010|s__None,0.5833333333333334
421,k__Bacteria|p__Firmicutes|c__Clostridia|o__Christensenellales|f__Christensenellaceae|g__Christensenellaceae_R-7_group|s__uncultured_marine_bacterium,694,k__Bacteria|p__Firmicutes|c__Clostridia|o__Lachnospirales|f__Lachnospiraceae|g__Roseburia|s__None,0.5833333333333334
421,k__Bacteria|p__Firmicutes|c__Clostridia|o__Christensenellales|f__Christensenellaceae|g__Christensenellaceae_R-7_group|s__uncultured_marine_bacterium,695,k__Bacteria|p__Firmicutes|c__Clostridia|o__Lachnospirales|f__Lachnospiraceae|g__Roseburia|s__gut_metagenome,0.6666666666666666
421,k__Bacteria|p__Firmicutes|c__Clostridia|o__Christensenellales|f__Christensenellaceae|g__Christensenellaceae_R-7_group|s__uncultured_marine_bacterium,705,k__Bacteria|p__Firmicutes|c__Clostridia|o__Lachnospirales|f__Lachnospiraceae|g__Tuzzerella|s__None,0.5833333333333334
421,k__Bacteria|p__Firmicutes|c__Clostridia|o__Christensenellales|f__Christensenellaceae|g__Christensenellaceae_R-7_group|s__uncultured_marine_bacterium,709,k__Bacteria|p__Firmicutes|c__Clostridia|o__Lachnospirales|f__Lachnospiraceae|g__UC5-1-2E3|s__uncultured_organism,0.6666666666666666
421,k__Bacteria|p__Firmicutes|c__Clostridia|o__Christensenellales|f__Christensenellaceae|g__Christensenellaceae_R-7_group|s__uncultured_marine_bacterium,711,k__Bacteria|p__Firmicutes|c__Clostridia|o__Lachnospirales|f__Lachnospiraceae|g__Eubacterium_eligens_group|s__None,0.5833333333333334
421,k__Bacteria|p__Firmicutes|c__Clostridia|o__Christensenellales|f__Christensenellaceae|g__Christensenellaceae_R-7_group|s__uncultured_marine_bacterium,712,k__Bacteria|p__Firmicutes|c__Clostridia|o__Lachnospirales|f__Lachnospiraceae|g__Eubacterium_fissicatena_group|s__None,0.5833333333333334
421,k__Bacteria|p__Firmicutes|c__Clostridia|o__Christensenellales|f__Christensenellaceae|g__Christensenellaceae_R-7_group|s__uncultured_marine_bacterium,717,k__Bacteria|p__Firmicutes|c__Clostridia|o__Lachnospirales|f__Lachnospiraceae|g__Eubacterium_hallii_group|s__None,0.5833333333333334
421,k__Bacteria|p__Firmicutes|c__Clostridia|o__Christensenellales|f__Christensenellaceae|g__Christensenellaceae_R-7_group|s__uncultured_marine_bacterium,722,k__Bacteria|p__Firmicutes|c__Clostridia|o__Lachnospirales|f__Lachnospiraceae|g__Eubacterium_ventriosum_group|s__uncultured_organism,0.6666666666666666
421,k__Bacteria|p__Firmicutes|c__Clostridia|o__Christensenellales|f__Christensenellaceae|g__Christensenellaceae_R-7_group|s__uncultured_marine_bacterium,724,k__Bacteria|p__Firmicutes|c__Clostridia|o__Lachnospirales|f__Lachnospiraceae|g__Eubacterium_xylanophilum_group|s__None,0.5833333333333334
421,k__Bacteria|p__Firmicutes|c__Clostridia|o__Christensenellales|f__Christensenellaceae|g__Christensenellaceae_R-7_group|s__uncultured_marine_bacterium,730,k__Bacteria|p__Firmicutes|c__Clostridia|o__Lachnospirales|f__Lachnospiraceae|g__Ruminococcus_torques_group|s__None,0.5833333333333334
421,k__Bacteria|p__Firmicutes|c__Clostridia|o__Christensenellales|f__Christensenellaceae|g__Christensenellaceae_R-7_group|s__uncultured_marine_bacterium,732,k__Bacteria|p__Firmicutes|c__Clostridia|o__Lachnospirales|f__Lachnospiraceae|g__None|s__None,0.5
421,k__Bacteria|p__Firmicutes|c__Clostridia|o__Christensenellales|f__Christensenellaceae|g__Christensenellaceae_R-7_group|s__uncultured_marine_bacterium,733,k__Bacteria|p__Firmicutes|c__Clostridia|o__Lachnospirales|f__Lachnospiraceae|g__uncultured|s__None,0.5833333333333334
421,k__Bacteria|p__Firmicutes|c__Clostridia|o__Christensenellales|f__Christensenellaceae|g__Christensenellaceae_R-7_group|s__uncultured_marine_bacterium,739,k__Bacteria|p__Firmicutes|c__Clostridia|o__Monoglobales|f__Monoglobaceae|g__Monoglobus|s__None,0.5833333333333334
421,k__Bacteria|p__Firmicutes|c__Clostridia|o__Christensenellales|f__Christensenellaceae|g__Christensenellaceae_R-7_group|s__uncultured_marine_bacterium,759,k__Bacteria|p__Firmicutes|c__Clostridia|o__Oscillospirales|f__Oscillospiraceae|g__Colidextribacter|s__None,0.5833333333333334
421,k__Bacteria|p__Firmicutes|c__Clostridia|o__Christensenellales|f__Christensenellaceae|g__Christensenellaceae_R-7_group|s__uncultured_marine_bacterium,767,k__Bacteria|p__Firmicutes|c__Clostridia|o__Oscillospirales|f__Oscillospiraceae|g__Flavonifractor|s__None,0.5833333333333334
421,k__Bacteria|p__Firmicutes|c__Clostridia|o__Christensenellales|f__Christensenellaceae|g__Christensenellaceae_R-7_group|s__uncultured_marine_bacterium,769,k__Bacteria|p__Firmicutes|c__Clostridia|o__Oscillospirales|f__Oscillospiraceae|g__Intestinimonas|s__None,0.5833333333333334
421,k__Bacteria|p__Firmicutes|c__Clostridia|o__Christensenellales|f__Christensenellaceae|g__Christensenellaceae_R-7_group|s__uncultured_marine_bacterium,770,k__Bacteria|p__Firmicutes|c__Clostridia|o__Oscillospirales|f__Oscillospiraceae|g__Intestinimonas|s__bacterium_P1C2,0.6666666666666666
421,k__Bacteria|p__Firmicutes|c__Clostridia|o__Christensenellales|f__Christensenellaceae|g__Christensenellaceae_R-7_group|s__uncultured_marine_bacterium,779,k__Bacteria|p__Firmicutes|c__Clostridia|o__Oscillospirales|f__Oscillospiraceae|g__Oscillibacter|s__None,0.5833333333333334
421,k__Bacteria|p__Firmicutes|c__Clostridia|o__Christensenellales|f__Christensenellaceae|g__Christensenellaceae_R-7_group|s__uncultured_marine_bacterium,780,k__Bacteria|p__Firmicutes|c__Clostridia|o__Oscillospirales|f__Oscillospiraceae|g__Oscillibacter|s__metagenome,0.6666666666666666
421,k__Bacteria|p__Firmicutes|c__Clostridia|o__Christensenellales|f__Christensenellaceae|g__Christensenellaceae_R-7_group|s__uncultured_marine_bacterium,790,k__Bacteria|p__Firmicutes|c__Clostridia|o__Oscillospirales|f__Oscillospiraceae|g__UCG-002|s__None,0.5833333333333334
421,k__Bacteria|p__Firmicutes|c__Clostridia|o__Christensenellales|f__Christensenellaceae|g__Christensenellaceae_R-7_group|s__uncultured_marine_bacterium,791,k__Bacteria|p__Firmicutes|c__Clostridia|o__Oscillospirales|f__Oscillospiraceae|g__UCG-003|s__None,0.5833333333333334
421,k__Bacteria|p__Firmicutes|c__Clostridia|o__Christensenellales|f__Christensenellaceae|g__Christensenellaceae_R-7_group|s__uncultured_marine_bacterium,794,k__Bacteria|p__Firmicutes|c__Clostridia|o__Oscillospirales|f__Oscillospiraceae|g__UCG-005|s__metagenome,0.6666666666666666
421,k__Bacteria|p__Firmicutes|c__Clostridia|o__Christensenellales|f__Christensenellaceae|g__Christensenellaceae_R-7_group|s__uncultured_marine_bacterium,812,k__Bacteria|p__Firmicutes|c__Clostridia|o__Oscillospirales|f__Ruminococcaceae|g__Anaerofilum|s__metagenome,0.6666666666666666
421,k__Bacteria|p__Firmicutes|c__Clostridia|o__Christensenellales|f__Christensenellaceae|g__Christensenellaceae_R-7_group|s__uncultured_marine_bacterium,832,k__Bacteria|p__Firmicutes|c__Clostridia|o__Oscillospirales|f__Ruminococcaceae|g__DTU089|s__None,0.5833333333333334
421,k__Bacteria|p__Firmicutes|c__Clostridia|o__Christensenellales|f__Christensenellaceae|g__Christensenellaceae_R-7_group|s__uncultured_marine_bacterium,833,k__Bacteria|p__Firmicutes|c__Clostridia|o__Oscillospirales|f__Ruminococcaceae|g__Faecalibacterium|s__None,0.5833333333333334
421,k__Bacteria|p__Firmicutes|c__Clostridia|o__Christensenellales|f__Christensenellaceae|g__Christensenellaceae_R-7_group|s__uncultured_marine_bacterium,839,k__Bacteria|p__Firmicutes|c__Clostridia|o__Oscillospirales|f__Ruminococcaceae|g__Incertae_Sedis|s__metagenome,0.6666666666666666
421,k__Bacteria|p__Firmicutes|c__Clostridia|o__Christensenellales|f__Christensenellaceae|g__Christensenellaceae_R-7_group|s__uncultured_marine_bacterium,841,k__Bacteria|p__Firmicutes|c__Clostridia|o__Oscillospirales|f__Ruminococcaceae|g__Incertae_Sedis|s__None,0.5833333333333334
421,k__Bacteria|p__Firmicutes|c__Clostridia|o__Christensenellales|f__Christensenellaceae|g__Christensenellaceae_R-7_group|s__uncultured_marine_bacterium,859,k__Bacteria|p__Firmicutes|c__Clostridia|o__Oscillospirales|f__Ruminococcaceae|g__Ruminococcus|s__None,0.5833333333333334
421,k__Bacteria|p__Firmicutes|c__Clostridia|o__Christensenellales|f__Christensenellaceae|g__Christensenellaceae_R-7_group|s__uncultured_marine_bacterium,860,k__Bacteria|p__Firmicutes|c__Clostridia|o__Oscillospirales|f__Ruminococcaceae|g__Subdoligranulum|s__None,0.5833333333333334
421,k__Bacteria|p__Firmicutes|c__Clostridia|o__Christensenellales|f__Christensenellaceae|g__Christensenellaceae_R-7_group|s__uncultured_marine_bacterium,863,k__Bacteria|p__Firmicutes|c__Clostridia|o__Oscillospirales|f__Ruminococcaceae|g__UBA1819|s__None,0.5833333333333334
421,k__Bacteria|p__Firmicutes|c__Clostridia|o__Christensenellales|f__Christensenellaceae|g__Christensenellaceae_R-7_group|s__uncultured_marine_bacterium,865,k__Bacteria|p__Firmicutes|c__Clostridia|o__Oscillospirales|f__Ruminococcaceae|g__Eubacterium_siraeum_group|s__None,0.5833333333333334
421,k__Bacteria|p__Firmicutes|c__Clostridia|o__Christensenellales|f__Christensenellaceae|g__Christensenellaceae_R-7_group|s__uncultured_marine_bacterium,869,k__Bacteria|p__Firmicutes|c__Clostridia|o__Oscillospirales|f__Ruminococcaceae|g__None|s__None,0.5
421,k__Bacteria|p__Firmicutes|c__Clostridia|o__Christensenellales|f__Christensenellaceae|g__Christensenellaceae_R-7_group|s__uncultured_marine_bacterium,885,k__Bacteria|p__Firmicutes|c__Clostridia|o__Oscillospirales|f__Eubacterium_coprostanoligenes_group|g__None|s__None,0.5
421,k__Bacteria|p__Firmicutes|c__Clostridia|o__Christensenellales|f__Christensenellaceae|g__Christensenellaceae_R-7_group|s__uncultured_marine_bacterium,905,k__Bacteria|p__Firmicutes|c__Clostridia|o__Peptostreptococcales-Tissierellales|f__Anaerovoracaceae|g__Family_XIII_AD3011_group|s__metagenome,0.6666666666666666
421,k__Bacteria|p__Firmicutes|c__Clostridia|o__Christensenellales|f__Christensenellaceae|g__Christensenellaceae_R-7_group|s__uncultured_marine_bacterium,925,k__Bacteria|p__Firmicutes|c__Clostridia|o__Peptostreptococcales-Tissierellales|f__Anaerovoracaceae|g__None|s__None,0.5
421,k__Bacteria|p__Firmicutes|c__Clostridia|o__Christensenellales|f__Christensenellaceae|g__Christensenellaceae_R-7_group|s__uncultured_marine_bacterium,943,k__Bacteria|p__Firmicutes|c__Clostridia|o__Peptostreptococcales-Tissierellales|f__Peptostreptococcaceae|g__Intestinibacter|s__None,0.5833333333333334
421,k__Bacteria|p__Firmicutes|c__Clostridia|o__Christensenellales|f__Christensenellaceae|g__Christensenellaceae_R-7_group|s__uncultured_marine_bacterium,951,k__Bacteria|p__Firmicutes|c__Clostridia|o__Peptostreptococcales-Tissierellales|f__Peptostreptococcaceae|g__Romboutsia|s__None,0.5833333333333334
421,k__Bacteria|p__Firmicutes|c__Clostridia|o__Christensenellales|f__Christensenellaceae|g__Christensenellaceae_R-7_group|s__uncultured_marine_bacterium,956,k__Bacteria|p__Firmicutes|c__Clostridia|o__None|f__None|g__None|s__None,0.3333333333333333
421,k__Bacteria|p__Firmicutes|c__Clostridia|o__Christensenellales|f__Christensenellaceae|g__Christensenellaceae_R-7_group|s__uncultured_marine_bacterium,966,k__Bacteria|p__Firmicutes|c__Negativicutes|o__Acidaminococcales|f__Acidaminococcaceae|g__Acidaminococcus|s__None,0.75
421,k__Bacteria|p__Firmicutes|c__Clostridia|o__Christensenellales|f__Christensenellaceae|g__Christensenellaceae_R-7_group|s__uncultured_marine_bacterium,967,k__Bacteria|p__Firmicutes|c__Negativicutes|o__Acidaminococcales|f__Acidaminococcaceae|g__Phascolarctobacterium|s__None,0.75
421,k__Bacteria|p__Firmicutes|c__Clostridia|o__Christensenellales|f__Christensenellaceae|g__Christensenellaceae_R-7_group|s__uncultured_marine_bacterium,986,k__Bacteria|p__Firmicutes|c__Negativicutes|o__Veillonellales-Selenomonadales|f__Veillonellaceae|g__Dialister|s__None,0.75
421,k__Bacteria|p__Firmicutes|c__Clostridia|o__Christensenellales|f__Christensenellaceae|g__Christensenellaceae_R-7_group|s__uncultured_marine_bacterium,992,k__Bacteria|p__Firmicutes|c__Negativicutes|o__Veillonellales-Selenomonadales|f__Veillonellaceae|g__Veillonella|s__None,0.75
421,k__Bacteria|p__Firmicutes|c__Clostridia|o__Christensenellales|f__Christensenellaceae|g__Christensenellaceae_R-7_group|s__uncultured_marine_bacterium,1055,k__Bacteria|p__Proteobacteria|c__Gammaproteobacteria|o__Burkholderiales|f__Sutterellaceae|g__Parasutterella|s__None,0.9166666666666666
421,k__Bacteria|p__Firmicutes|c__Clostridia|o__Christensenellales|f__Christensenellaceae|g__Christensenellaceae_R-7_group|s__uncultured_marine_bacterium,1069,k__Bacteria|p__Proteobacteria|c__Gammaproteobacteria|o__Enterobacterales|f__Enterobacteriaceae|g__Escherichia-Shigella|s__None,0.9166666666666666
421,k__Bacteria|p__Firmicutes|c__Clostridia|o__Christensenellales|f__Christensenellaceae|g__Christensenellaceae_R-7_group|s__uncultured_marine_bacterium,1089,k__Bacteria|p__Proteobacteria|c__Gammaproteobacteria|o__Pseudomonadales|f__Pseudomonadaceae|g__Pseudomonas|s__None,0.9166666666666666
421,k__Bacteria|p__Firmicutes|c__Clostridia|o__Christensenellales|f__Christensenellaceae|g__Christensenellaceae_R-7_group|s__uncultured_marine_bacterium,1132,k__Bacteria|p__Verrucomicrobiota|c__Verrucomicrobiae|o__Verrucomicrobiales|f__Akkermansiaceae|g__Akkermansia|s__None,0.9166666666666666
421,k__Bacteria|p__Firmicutes|c__Clostridia|o__Christensenellales|f__Christensenellaceae|g__Christensenellaceae_R-7_group|s__uncultured_marine_bacterium,1136,k__Bacteria|p__None|c__None|o__None|f__None|g__None|s__None,0.5
426,k__Bacteria|p__Firmicutes|c__Clostridia|o__Clostridia_UCG-014|f__None|g__None|s__None,445,k__Bacteria|p__Firmicutes|c__Clostridia|o__Clostridiales|f__Christensenellaceae|g__Christensenella|s__PAC002297,0.4166666666666667
426,k__Bacteria|p__Firmicutes|c__Clostridia|o__Clostridia_UCG-014|f__None|g__None|s__None,501,k__Bacteria|p__Firmicutes|c__Clostridia|o__Clostridiales|f__Lachnospiraceae|g__PAC001201|s__PAC002549,0.4166666666666667
426,k__Bacteria|p__Firmicutes|c__Clostridia|o__Clostridia_UCG-014|f__None|g__None|s__None,534,k__Bacteria|p__Firmicutes|c__Clostridia|o__Clostridiales|f__Ruminococcaceae|g__PAC001144|s__PAC001620,0.4166666666666667
426,k__Bacteria|p__Firmicutes|c__Clostridia|o__Clostridia_UCG-014|f__None|g__None|s__None,562,k__Bacteria|p__Firmicutes|c__Clostridia|o__Eubacteriales|f__Eubacteriaceae|g__Eubacterium|s__None,0.3333333333333333
426,k__Bacteria|p__Firmicutes|c__Clostridia|o__Clostridia_UCG-014|f__None|g__None|s__None,577,k__Bacteria|p__Firmicutes|c__Clostridia|o__Lachnospirales|f__Lachnospiraceae|g__Agathobacter|s__None,0.3333333333333333
426,k__Bacteria|p__Firmicutes|c__Clostridia|o__Clostridia_UCG-014|f__None|g__None|s__None,588,k__Bacteria|p__Firmicutes|c__Clostridia|o__Lachnospirales|f__Lachnospiraceae|g__Anaerostipes|s__None,0.3333333333333333
426,k__Bacteria|p__Firmicutes|c__Clostridia|o__Clostridia_UCG-014|f__None|g__None|s__None,591,k__Bacteria|p__Firmicutes|c__Clostridia|o__Lachnospirales|f__Lachnospiraceae|g__Anaerostipes|s__uncultured_Lachnospiraceae_bacterium,0.4166666666666667
426,k__Bacteria|p__Firmicutes|c__Clostridia|o__Clostridia_UCG-014|f__None|g__None|s__None,594,k__Bacteria|p__Firmicutes|c__Clostridia|o__Lachnospirales|f__Lachnospiraceae|g__Blautia|s__None,0.3333333333333333
426,k__Bacteria|p__Firmicutes|c__Clostridia|o__Clostridia_UCG-014|f__None|g__None|s__None,595,k__Bacteria|p__Firmicutes|c__Clostridia|o__Lachnospirales|f__Lachnospiraceae|g__Blautia|s__bacterium_mpn-isolate_group_20,0.4166666666666667
426,k__Bacteria|p__Firmicutes|c__Clostridia|o__Clostridia_UCG-014|f__None|g__None|s__None,597,k__Bacteria|p__Firmicutes|c__Clostridia|o__Lachnospirales|f__Lachnospiraceae|g__Blautia|s__uncultured_Blautia_sp.,0.4166666666666667
426,k__Bacteria|p__Firmicutes|c__Clostridia|o__Clostridia_UCG-014|f__None|g__None|s__None,608,k__Bacteria|p__Firmicutes|c__Clostridia|o__Lachnospirales|f__Lachnospiraceae|g__Coprococcus|s__None,0.3333333333333333
426,k__Bacteria|p__Firmicutes|c__Clostridia|o__Clostridia_UCG-014|f__None|g__None|s__None,609,k__Bacteria|p__Firmicutes|c__Clostridia|o__Lachnospirales|f__Lachnospiraceae|g__Coprococcus|s__uncultured_Coprococcus_sp.,0.4166666666666667
426,k__Bacteria|p__Firmicutes|c__Clostridia|o__Clostridia_UCG-014|f__None|g__None|s__None,612,k__Bacteria|p__Firmicutes|c__Clostridia|o__Lachnospirales|f__Lachnospiraceae|g__Eisenbergiella|s__None,0.3333333333333333
426,k__Bacteria|p__Firmicutes|c__Clostridia|o__Clostridia_UCG-014|f__None|g__None|s__None,619,k__Bacteria|p__Firmicutes|c__Clostridia|o__Lachnospirales|f__Lachnospiraceae|g__Fusicatenibacter|s__uncultured_Lachnospiraceae_bacterium,0.4166666666666667
426,k__Bacteria|p__Firmicutes|c__Clostridia|o__Clostridia_UCG-014|f__None|g__None|s__None,620,k__Bacteria|p__Firmicutes|c__Clostridia|o__Lachnospirales|f__Lachnospiraceae|g__GCA-900066575|s__None,0.3333333333333333
426,k__Bacteria|p__Firmicutes|c__Clostridia|o__Clostridia_UCG-014|f__None|g__None|s__None,628,k__Bacteria|p__Firmicutes|c__Clostridia|o__Lachnospirales|f__Lachnospiraceae|g__Howardella|s__metagenome,0.4166666666666667
426,k__Bacteria|p__Firmicutes|c__Clostridia|o__Clostridia_UCG-014|f__None|g__None|s__None,638,k__Bacteria|p__Firmicutes|c__Clostridia|o__Lachnospirales|f__Lachnospiraceae|g__Lachnoclostridium|s__None,0.3333333333333333
426,k__Bacteria|p__Firmicutes|c__Clostridia|o__Clostridia_UCG-014|f__None|g__None|s__None,640,k__Bacteria|p__Firmicutes|c__Clostridia|o__Lachnospirales|f__Lachnospiraceae|g__Lachnoclostridium|s__uncultured_Lachnospiraceae_bacterium,0.4166666666666667
426,k__Bacteria|p__Firmicutes|c__Clostridia|o__Clostridia_UCG-014|f__None|g__None|s__None,641,k__Bacteria|p__Firmicutes|c__Clostridia|o__Lachnospirales|f__Lachnospiraceae|g__Lachnospira|s__None,0.3333333333333333
426,k__Bacteria|p__Firmicutes|c__Clostridia|o__Clostridia_UCG-014|f__None|g__None|s__None,649,k__Bacteria|p__Firmicutes|c__Clostridia|o__Lachnospirales|f__Lachnospiraceae|g__Lachnospiraceae_ND3007_group|s__metagenome,0.4166666666666667
426,k__Bacteria|p__Firmicutes|c__Clostridia|o__Clostridia_UCG-014|f__None|g__None|s__None,658,k__Bacteria|p__Firmicutes|c__Clostridia|o__Lachnospirales|f__Lachnospiraceae|g__Lachnospiraceae_NK4A136_group|s__uncultured_bacterium_Adhufec49.25,0.4166666666666667
426,k__Bacteria|p__Firmicutes|c__Clostridia|o__Clostridia_UCG-014|f__None|g__None|s__None,662,k__Bacteria|p__Firmicutes|c__Clostridia|o__Lachnospirales|f__Lachnospiraceae|g__Lachnospiraceae_UCG-001|s__metagenome,0.4166666666666667
426,k__Bacteria|p__Firmicutes|c__Clostridia|o__Clostridia_UCG-014|f__None|g__None|s__None,675,k__Bacteria|p__Firmicutes|c__Clostridia|o__Lachnospirales|f__Lachnospiraceae|g__Lachnospiraceae_UCG-010|s__None,0.3333333333333333
426,k__Bacteria|p__Firmicutes|c__Clostridia|o__Clostridia_UCG-014|f__None|g__None|s__None,694,k__Bacteria|p__Firmicutes|c__Clostridia|o__Lachnospirales|f__Lachnospiraceae|g__Roseburia|s__None,0.3333333333333333
426,k__Bacteria|p__Firmicutes|c__Clostridia|o__Clostridia_UCG-014|f__None|g__None|s__None,695,k__Bacteria|p__Firmicutes|c__Clostridia|o__Lachnospirales|f__Lachnospiraceae|g__Roseburia|s__gut_metagenome,0.4166666666666667
426,k__Bacteria|p__Firmicutes|c__Clostridia|o__Clostridia_UCG-014|f__None|g__None|s__None,705,k__Bacteria|p__Firmicutes|c__Clostridia|o__Lachnospirales|f__Lachnospiraceae|g__Tuzzerella|s__None,0.3333333333333333
426,k__Bacteria|p__Firmicutes|c__Clostridia|o__Clostridia_UCG-014|f__None|g__None|s__None,709,k__Bacteria|p__Firmicutes|c__Clostridia|o__Lachnospirales|f__Lachnospiraceae|g__UC5-1-2E3|s__uncultured_organism,0.4166666666666667
426,k__Bacteria|p__Firmicutes|c__Clostridia|o__Clostridia_UCG-014|f__None|g__None|s__None,711,k__Bacteria|p__Firmicutes|c__Clostridia|o__Lachnospirales|f__Lachnospiraceae|g__Eubacterium_eligens_group|s__None,0.3333333333333333
426,k__Bacteria|p__Firmicutes|c__Clostridia|o__Clostridia_UCG-014|f__None|g__None|s__None,712,k__Bacteria|p__Firmicutes|c__Clostridia|o__Lachnospirales|f__Lachnospiraceae|g__Eubacterium_fissicatena_group|s__None,0.3333333333333333
426,k__Bacteria|p__Firmicutes|c__Clostridia|o__Clostridia_UCG-014|f__None|g__None|s__None,717,k__Bacteria|p__Firmicutes|c__Clostridia|o__Lachnospirales|f__Lachnospiraceae|g__Eubacterium_hallii_group|s__None,0.3333333333333333
426,k__Bacteria|p__Firmicutes|c__Clostridia|o__Clostridia_UCG-014|f__None|g__None|s__None,722,k__Bacteria|p__Firmicutes|c__Clostridia|o__Lachnospirales|f__Lachnospiraceae|g__Eubacterium_ventriosum_group|s__uncultured_organism,0.4166666666666667
426,k__Bacteria|p__Firmicutes|c__Clostridia|o__Clostridia_UCG-014|f__None|g__None|s__None,724,k__Bacteria|p__Firmicutes|c__Clostridia|o__Lachnospirales|f__Lachnospiraceae|g__Eubacterium_xylanophilum_group|s__None,0.3333333333333333
426,k__Bacteria|p__Firmicutes|c__Clostridia|o__Clostridia_UCG-014|f__None|g__None|s__None,730,k__Bacteria|p__Firmicutes|c__Clostridia|o__Lachnospirales|f__Lachnospiraceae|g__Ruminococcus_torques_group|s__None,0.3333333333333333
426,k__Bacteria|p__Firmicutes|c__Clostridia|o__Clostridia_UCG-014|f__None|g__None|s__None,732,k__Bacteria|p__Firmicutes|c__Clostridia|o__Lachnospirales|f__Lachnospiraceae|g__None|s__None,0.25
426,k__Bacteria|p__Firmicutes|c__Clostridia|o__Clostridia_UCG-014|f__None|g__None|s__None,733,k__Bacteria|p__Firmicutes|c__Clostridia|o__Lachnospirales|f__Lachnospiraceae|g__uncultured|s__None,0.3333333333333333
426,k__Bacteria|p__Firmicutes|c__Clostridia|o__Clostridia_UCG-014|f__None|g__None|s__None,739,k__Bacteria|p__Firmicutes|c__Clostridia|o__Monoglobales|f__Monoglobaceae|g__Monoglobus|s__None,0.3333333333333333
426,k__Bacteria|p__Firmicutes|c__Clostridia|o__Clostridia_UCG-014|f__None|g__None|s__None,759,k__Bacteria|p__Firmicutes|c__Clostridia|o__Oscillospirales|f__Oscillospiraceae|g__Colidextribacter|s__None,0.3333333333333333
426,k__Bacteria|p__Firmicutes|c__Clostridia|o__Clostridia_UCG-014|f__None|g__None|s__None,767,k__Bacteria|p__Firmicutes|c__Clostridia|o__Oscillospirales|f__Oscillospiraceae|g__Flavonifractor|s__None,0.3333333333333333
426,k__Bacteria|p__Firmicutes|c__Clostridia|o__Clostridia_UCG-014|f__None|g__None|s__None,769,k__Bacteria|p__Firmicutes|c__Clostridia|o__Oscillospirales|f__Oscillospiraceae|g__Intestinimonas|s__None,0.3333333333333333
426,k__Bacteria|p__Firmicutes|c__Clostridia|o__Clostridia_UCG-014|f__None|g__None|s__None,770,k__Bacteria|p__Firmicutes|c__Clostridia|o__Oscillospirales|f__Oscillospiraceae|g__Intestinimonas|s__bacterium_P1C2,0.4166666666666667
426,k__Bacteria|p__Firmicutes|c__Clostridia|o__Clostridia_UCG-014|f__None|g__None|s__None,779,k__Bacteria|p__Firmicutes|c__Clostridia|o__Oscillospirales|f__Oscillospiraceae|g__Oscillibacter|s__None,0.3333333333333333
426,k__Bacteria|p__Firmicutes|c__Clostridia|o__Clostridia_UCG-014|f__None|g__None|s__None,780,k__Bacteria|p__Firmicutes|c__Clostridia|o__Oscillospirales|f__Oscillospiraceae|g__Oscillibacter|s__metagenome,0.4166666666666667
426,k__Bacteria|p__Firmicutes|c__Clostridia|o__Clostridia_UCG-014|f__None|g__None|s__None,790,k__Bacteria|p__Firmicutes|c__Clostridia|o__Oscillospirales|f__Oscillospiraceae|g__UCG-002|s__None,0.3333333333333333
426,k__Bacteria|p__Firmicutes|c__Clostridia|o__Clostridia_UCG-014|f__None|g__None|s__None,791,k__Bacteria|p__Firmicutes|c__Clostridia|o__Oscillospirales|f__Oscillospiraceae|g__UCG-003|s__None,0.3333333333333333
426,k__Bacteria|p__Firmicutes|c__Clostridia|o__Clostridia_UCG-014|f__None|g__None|s__None,794,k__Bacteria|p__Firmicutes|c__Clostridia|o__Oscillospirales|f__Oscillospiraceae|g__UCG-005|s__metagenome,0.4166666666666667
426,k__Bacteria|p__Firmicutes|c__Clostridia|o__Clostridia_UCG-014|f__None|g__None|s__None,812,k__Bacteria|p__Firmicutes|c__Clostridia|o__Oscillospirales|f__Ruminococcaceae|g__Anaerofilum|s__metagenome,0.4166666666666667
426,k__Bacteria|p__Firmicutes|c__Clostridia|o__Clostridia_UCG-014|f__None|g__None|s__None,832,k__Bacteria|p__Firmicutes|c__Clostridia|o__Oscillospirales|f__Ruminococcaceae|g__DTU089|s__None,0.3333333333333333
426,k__Bacteria|p__Firmicutes|c__Clostridia|o__Clostridia_UCG-014|f__None|g__None|s__None,833,k__Bacteria|p__Firmicutes|c__Clostridia|o__Oscillospirales|f__Ruminococcaceae|g__Faecalibacterium|s__None,0.3333333333333333
426,k__Bacteria|p__Firmicutes|c__Clostridia|o__Clostridia_UCG-014|f__None|g__None|s__None,839,k__Bacteria|p__Firmicutes|c__Clostridia|o__Oscillospirales|f__Ruminococcaceae|g__Incertae_Sedis|s__metagenome,0.4166666666666667
426,k__Bacteria|p__Firmicutes|c__Clostridia|o__Clostridia_UCG-014|f__None|g__None|s__None,841,k__Bacteria|p__Firmicutes|c__Clostridia|o__Oscillospirales|f__Ruminococcaceae|g__Incertae_Sedis|s__None,0.3333333333333333
426,k__Bacteria|p__Firmicutes|c__Clostridia|o__Clostridia_UCG-014|f__None|g__None|s__None,859,k__Bacteria|p__Firmicutes|c__Clostridia|o__Oscillospirales|f__Ruminococcaceae|g__Ruminococcus|s__None,0.3333333333333333
426,k__Bacteria|p__Firmicutes|c__Clostridia|o__Clostridia_UCG-014|f__None|g__None|s__None,860,k__Bacteria|p__Firmicutes|c__Clostridia|o__Oscillospirales|f__Ruminococcaceae|g__Subdoligranulum|s__None,0.3333333333333333
426,k__Bacteria|p__Firmicutes|c__Clostridia|o__Clostridia_UCG-014|f__None|g__None|s__None,863,k__Bacteria|p__Firmicutes|c__Clostridia|o__Oscillospirales|f__Ruminococcaceae|g__UBA1819|s__None,0.3333333333333333
426,k__Bacteria|p__Firmicutes|c__Clostridia|o__Clostridia_UCG-014|f__None|g__None|s__None,865,k__Bacteria|p__Firmicutes|c__Clostridia|o__Oscillospirales|f__Ruminococcaceae|g__Eubacterium_siraeum_group|s__None,0.3333333333333333
426,k__Bacteria|p__Firmicutes|c__Clostridia|o__Clostridia_UCG-014|f__None|g__None|s__None,869,k__Bacteria|p__Firmicutes|c__Clostridia|o__Oscillospirales|f__Ruminococcaceae|g__None|s__None,0.25
426,k__Bacteria|p__Firmicutes|c__Clostridia|o__Clostridia_UCG-014|f__None|g__None|s__None,885,k__Bacteria|p__Firmicutes|c__Clostridia|o__Oscillospirales|f__Eubacterium_coprostanoligenes_group|g__None|s__None,0.25
426,k__Bacteria|p__Firmicutes|c__Clostridia|o__Clostridia_UCG-014|f__None|g__None|s__None,905,k__Bacteria|p__Firmicutes|c__Clostridia|o__Peptostreptococcales-Tissierellales|f__Anaerovoracaceae|g__Family_XIII_AD3011_group|s__metagenome,0.4166666666666667
426,k__Bacteria|p__Firmicutes|c__Clostridia|o__Clostridia_UCG-014|f__None|g__None|s__None,925,k__Bacteria|p__Firmicutes|c__Clostridia|o__Peptostreptococcales-Tissierellales|f__Anaerovoracaceae|g__None|s__None,0.25
426,k__Bacteria|p__Firmicutes|c__Clostridia|o__Clostridia_UCG-014|f__None|g__None|s__None,943,k__Bacteria|p__Firmicutes|c__Clostridia|o__Peptostreptococcales-Tissierellales|f__Peptostreptococcaceae|g__Intestinibacter|s__None,0.3333333333333333
426,k__Bacteria|p__Firmicutes|c__Clostridia|o__Clostridia_UCG-014|f__None|g__None|s__None,951,k__Bacteria|p__Firmicutes|c__Clostridia|o__Peptostreptococcales-Tissierellales|f__Peptostreptococcaceae|g__Romboutsia|s__None,0.3333333333333333
426,k__Bacteria|p__Firmicutes|c__Clostridia|o__Clostridia_UCG-014|f__None|g__None|s__None,956,k__Bacteria|p__Firmicutes|c__Clostridia|o__None|f__None|g__None|s__None,0.08333333333333333
426,k__Bacteria|p__Firmicutes|c__Clostridia|o__Clostridia_UCG-014|f__None|g__None|s__None,966,k__Bacteria|p__Firmicutes|c__Negativicutes|o__Acidaminococcales|f__Acidaminococcaceae|g__Acidaminococcus|s__None,0.5
426,k__Bacteria|p__Firmicutes|c__Clostridia|o__Clostridia_UCG-014|f__None|g__None|s__None,967,k__Bacteria|p__Firmicutes|c__Negativicutes|o__Acidaminococcales|f__Acidaminococcaceae|g__Phascolarctobacterium|s__None,0.5
426,k__Bacteria|p__Firmicutes|c__Clostridia|o__Clostridia_UCG-014|f__None|g__None|s__None,986,k__Bacteria|p__Firmicutes|c__Negativicutes|o__Veillonellales-Selenomonadales|f__Veillonellaceae|g__Dialister|s__None,0.5
426,k__Bacteria|p__Firmicutes|c__Clostridia|o__Clostridia_UCG-014|f__None|g__None|s__None,992,k__Bacteria|p__Firmicutes|c__Negativicutes|o__Veillonellales-Selenomonadales|f__Veillonellaceae|g__Veillonella|s__None,0.5
426,k__Bacteria|p__Firmicutes|c__Clostridia|o__Clostridia_UCG-014|f__None|g__None|s__None,1055,k__Bacteria|p__Proteobacteria|c__Gammaproteobacteria|o__Burkholderiales|f__Sutterellaceae|g__Parasutterella|s__None,0.6666666666666666
426,k__Bacteria|p__Firmicutes|c__Clostridia|o__Clostridia_UCG-014|f__None|g__None|s__None,1069,k__Bacteria|p__Proteobacteria|c__Gammaproteobacteria|o__Enterobacterales|f__Enterobacteriaceae|g__Escherichia-Shigella|s__None,0.6666666666666666
426,k__Bacteria|p__Firmicutes|c__Clostridia|o__Clostridia_UCG-014|f__None|g__None|s__None,1089,k__Bacteria|p__Proteobacteria|c__Gammaproteobacteria|o__Pseudomonadales|f__Pseudomonadaceae|g__Pseudomonas|s__None,0.6666666666666666
426,k__Bacteria|p__Firmicutes|c__Clostridia|o__Clostridia_UCG-014|f__None|g__None|s__None,1132,k__Bacteria|p__Verrucomicrobiota|c__Verrucomicrobiae|o__Verrucomicrobiales|f__Akkermansiaceae|g__Akkermansia|s__None,0.6666666666666666
426,k__Bacteria|p__Firmicutes|c__Clostridia|o__Clostridia_UCG-014|f__None|g__None|s__None,1136,k__Bacteria|p__None|c__None|o__None|f__None|g__None|s__None,0.25
445,k__Bacteria|p__Firmicutes|c__Clostridia|o__Clostridiales|f__Christensenellaceae|g__Christensenella|s__PAC002297,501,k__Bacteria|p__Firmicutes|c__Clostridia|o__Clostridiales|f__Lachnospiraceae|g__PAC001201|s__PAC002549,0.5
445,k__Bacteria|p__Firmicutes|c__Clostridia|o__Clostridiales|f__Christensenellaceae|g__Christensenella|s__PAC002297,534,k__Bacteria|p__Firmicutes|c__Clostridia|o__Clostridiales|f__Ruminococcaceae|g__PAC001144|s__PAC001620,0.5
445,k__Bacteria|p__Firmicutes|c__Clostridia|o__Clostridiales|f__Christensenellaceae|g__Christensenella|s__PAC002297,562,k__Bacteria|p__Firmicutes|c__Clostridia|o__Eubacteriales|f__Eubacteriaceae|g__Eubacterium|s__None,0.5833333333333334
445,k__Bacteria|p__Firmicutes|c__Clostridia|o__Clostridiales|f__Christensenellaceae|g__Christensenella|s__PAC002297,577,k__Bacteria|p__Firmicutes|c__Clostridia|o__Lachnospirales|f__Lachnospiraceae|g__Agathobacter|s__None,0.5833333333333334
445,k__Bacteria|p__Firmicutes|c__Clostridia|o__Clostridiales|f__Christensenellaceae|g__Christensenella|s__PAC002297,588,k__Bacteria|p__Firmicutes|c__Clostridia|o__Lachnospirales|f__Lachnospiraceae|g__Anaerostipes|s__None,0.5833333333333334
445,k__Bacteria|p__Firmicutes|c__Clostridia|o__Clostridiales|f__Christensenellaceae|g__Christensenella|s__PAC002297,591,k__Bacteria|p__Firmicutes|c__Clostridia|o__Lachnospirales|f__Lachnospiraceae|g__Anaerostipes|s__uncultured_Lachnospiraceae_bacterium,0.6666666666666666
445,k__Bacteria|p__Firmicutes|c__Clostridia|o__Clostridiales|f__Christensenellaceae|g__Christensenella|s__PAC002297,594,k__Bacteria|p__Firmicutes|c__Clostridia|o__Lachnospirales|f__Lachnospiraceae|g__Blautia|s__None,0.5833333333333334
445,k__Bacteria|p__Firmicutes|c__Clostridia|o__Clostridiales|f__Christensenellaceae|g__Christensenella|s__PAC002297,595,k__Bacteria|p__Firmicutes|c__Clostridia|o__Lachnospirales|f__Lachnospiraceae|g__Blautia|s__bacterium_mpn-isolate_group_20,0.6666666666666666
445,k__Bacteria|p__Firmicutes|c__Clostridia|o__Clostridiales|f__Christensenellaceae|g__Christensenella|s__PAC002297,597,k__Bacteria|p__Firmicutes|c__Clostridia|o__Lachnospirales|f__Lachnospiraceae|g__Blautia|s__uncultured_Blautia_sp.,0.6666666666666666
445,k__Bacteria|p__Firmicutes|c__Clostridia|o__Clostridiales|f__Christensenellaceae|g__Christensenella|s__PAC002297,608,k__Bacteria|p__Firmicutes|c__Clostridia|o__Lachnospirales|f__Lachnospiraceae|g__Coprococcus|s__None,0.5833333333333334
445,k__Bacteria|p__Firmicutes|c__Clostridia|o__Clostridiales|f__Christensenellaceae|g__Christensenella|s__PAC002297,609,k__Bacteria|p__Firmicutes|c__Clostridia|o__Lachnospirales|f__Lachnospiraceae|g__Coprococcus|s__uncultured_Coprococcus_sp.,0.6666666666666666
445,k__Bacteria|p__Firmicutes|c__Clostridia|o__Clostridiales|f__Christensenellaceae|g__Christensenella|s__PAC002297,612,k__Bacteria|p__Firmicutes|c__Clostridia|o__Lachnospirales|f__Lachnospiraceae|g__Eisenbergiella|s__None,0.5833333333333334
445,k__Bacteria|p__Firmicutes|c__Clostridia|o__Clostridiales|f__Christensenellaceae|g__Christensenella|s__PAC002297,619,k__Bacteria|p__Firmicutes|c__Clostridia|o__Lachnospirales|f__Lachnospiraceae|g__Fusicatenibacter|s__uncultured_Lachnospiraceae_bacterium,0.6666666666666666
445,k__Bacteria|p__Firmicutes|c__Clostridia|o__Clostridiales|f__Christensenellaceae|g__Christensenella|s__PAC002297,620,k__Bacteria|p__Firmicutes|c__Clostridia|o__Lachnospirales|f__Lachnospiraceae|g__GCA-900066575|s__None,0.5833333333333334
445,k__Bacteria|p__Firmicutes|c__Clostridia|o__Clostridiales|f__Christensenellaceae|g__Christensenella|s__PAC002297,628,k__Bacteria|p__Firmicutes|c__Clostridia|o__Lachnospirales|f__Lachnospiraceae|g__Howardella|s__metagenome,0.6666666666666666
445,k__Bacteria|p__Firmicutes|c__Clostridia|o__Clostridiales|f__Christensenellaceae|g__Christensenella|s__PAC002297,638,k__Bacteria|p__Firmicutes|c__Clostridia|o__Lachnospirales|f__Lachnospiraceae|g__Lachnoclostridium|s__None,0.5833333333333334
445,k__Bacteria|p__Firmicutes|c__Clostridia|o__Clostridiales|f__Christensenellaceae|g__Christensenella|s__PAC002297,640,k__Bacteria|p__Firmicutes|c__Clostridia|o__Lachnospirales|f__Lachnospiraceae|g__Lachnoclostridium|s__uncultured_Lachnospiraceae_bacterium,0.6666666666666666
445,k__Bacteria|p__Firmicutes|c__Clostridia|o__Clostridiales|f__Christensenellaceae|g__Christensenella|s__PAC002297,641,k__Bacteria|p__Firmicutes|c__Clostridia|o__Lachnospirales|f__Lachnospiraceae|g__Lachnospira|s__None,0.5833333333333334
445,k__Bacteria|p__Firmicutes|c__Clostridia|o__Clostridiales|f__Christensenellaceae|g__Christensenella|s__PAC002297,649,k__Bacteria|p__Firmicutes|c__Clostridia|o__Lachnospirales|f__Lachnospiraceae|g__Lachnospiraceae_ND3007_group|s__metagenome,0.6666666666666666
445,k__Bacteria|p__Firmicutes|c__Clostridia|o__Clostridiales|f__Christensenellaceae|g__Christensenella|s__PAC002297,658,k__Bacteria|p__Firmicutes|c__Clostridia|o__Lachnospirales|f__Lachnospiraceae|g__Lachnospiraceae_NK4A136_group|s__uncultured_bacterium_Adhufec49.25,0.6666666666666666
445,k__Bacteria|p__Firmicutes|c__Clostridia|o__Clostridiales|f__Christensenellaceae|g__Christensenella|s__PAC002297,662,k__Bacteria|p__Firmicutes|c__Clostridia|o__Lachnospirales|f__Lachnospiraceae|g__Lachnospiraceae_UCG-001|s__metagenome,0.6666666666666666
445,k__Bacteria|p__Firmicutes|c__Clostridia|o__Clostridiales|f__Christensenellaceae|g__Christensenella|s__PAC002297,675,k__Bacteria|p__Firmicutes|c__Clostridia|o__Lachnospirales|f__Lachnospiraceae|g__Lachnospiraceae_UCG-010|s__None,0.5833333333333334
445,k__Bacteria|p__Firmicutes|c__Clostridia|o__Clostridiales|f__Christensenellaceae|g__Christensenella|s__PAC002297,694,k__Bacteria|p__Firmicutes|c__Clostridia|o__Lachnospirales|f__Lachnospiraceae|g__Roseburia|s__None,0.5833333333333334
445,k__Bacteria|p__Firmicutes|c__Clostridia|o__Clostridiales|f__Christensenellaceae|g__Christensenella|s__PAC002297,695,k__Bacteria|p__Firmicutes|c__Clostridia|o__Lachnospirales|f__Lachnospiraceae|g__Roseburia|s__gut_metagenome,0.6666666666666666
445,k__Bacteria|p__Firmicutes|c__Clostridia|o__Clostridiales|f__Christensenellaceae|g__Christensenella|s__PAC002297,705,k__Bacteria|p__Firmicutes|c__Clostridia|o__Lachnospirales|f__Lachnospiraceae|g__Tuzzerella|s__None,0.5833333333333334
445,k__Bacteria|p__Firmicutes|c__Clostridia|o__Clostridiales|f__Christensenellaceae|g__Christensenella|s__PAC002297,709,k__Bacteria|p__Firmicutes|c__Clostridia|o__Lachnospirales|f__Lachnospiraceae|g__UC5-1-2E3|s__uncultured_organism,0.6666666666666666
445,k__Bacteria|p__Firmicutes|c__Clostridia|o__Clostridiales|f__Christensenellaceae|g__Christensenella|s__PAC002297,711,k__Bacteria|p__Firmicutes|c__Clostridia|o__Lachnospirales|f__Lachnospiraceae|g__Eubacterium_eligens_group|s__None,0.5833333333333334
445,k__Bacteria|p__Firmicutes|c__Clostridia|o__Clostridiales|f__Christensenellaceae|g__Christensenella|s__PAC002297,712,k__Bacteria|p__Firmicutes|c__Clostridia|o__Lachnospirales|f__Lachnospiraceae|g__Eubacterium_fissicatena_group|s__None,0.5833333333333334
445,k__Bacteria|p__Firmicutes|c__Clostridia|o__Clostridiales|f__Christensenellaceae|g__Christensenella|s__PAC002297,717,k__Bacteria|p__Firmicutes|c__Clostridia|o__Lachnospirales|f__Lachnospiraceae|g__Eubacterium_hallii_group|s__None,0.5833333333333334
445,k__Bacteria|p__Firmicutes|c__Clostridia|o__Clostridiales|f__Christensenellaceae|g__Christensenella|s__PAC002297,722,k__Bacteria|p__Firmicutes|c__Clostridia|o__Lachnospirales|f__Lachnospiraceae|g__Eubacterium_ventriosum_group|s__uncultured_organism,0.6666666666666666
445,k__Bacteria|p__Firmicutes|c__Clostridia|o__Clostridiales|f__Christensenellaceae|g__Christensenella|s__PAC002297,724,k__Bacteria|p__Firmicutes|c__Clostridia|o__Lachnospirales|f__Lachnospiraceae|g__Eubacterium_xylanophilum_group|s__None,0.5833333333333334
445,k__Bacteria|p__Firmicutes|c__Clostridia|o__Clostridiales|f__Christensenellaceae|g__Christensenella|s__PAC002297,730,k__Bacteria|p__Firmicutes|c__Clostridia|o__Lachnospirales|f__Lachnospiraceae|g__Ruminococcus_torques_group|s__None,0.5833333333333334
445,k__Bacteria|p__Firmicutes|c__Clostridia|o__Clostridiales|f__Christensenellaceae|g__Christensenella|s__PAC002297,732,k__Bacteria|p__Firmicutes|c__Clostridia|o__Lachnospirales|f__Lachnospiraceae|g__None|s__None,0.5
445,k__Bacteria|p__Firmicutes|c__Clostridia|o__Clostridiales|f__Christensenellaceae|g__Christensenella|s__PAC002297,733,k__Bacteria|p__Firmicutes|c__Clostridia|o__Lachnospirales|f__Lachnospiraceae|g__uncultured|s__None,0.5833333333333334
445,k__Bacteria|p__Firmicutes|c__Clostridia|o__Clostridiales|f__Christensenellaceae|g__Christensenella|s__PAC002297,739,k__Bacteria|p__Firmicutes|c__Clostridia|o__Monoglobales|f__Monoglobaceae|g__Monoglobus|s__None,0.5833333333333334
445,k__Bacteria|p__Firmicutes|c__Clostridia|o__Clostridiales|f__Christensenellaceae|g__Christensenella|s__PAC002297,759,k__Bacteria|p__Firmicutes|c__Clostridia|o__Oscillospirales|f__Oscillospiraceae|g__Colidextribacter|s__None,0.5833333333333334
445,k__Bacteria|p__Firmicutes|c__Clostridia|o__Clostridiales|f__Christensenellaceae|g__Christensenella|s__PAC002297,767,k__Bacteria|p__Firmicutes|c__Clostridia|o__Oscillospirales|f__Oscillospiraceae|g__Flavonifractor|s__None,0.5833333333333334
445,k__Bacteria|p__Firmicutes|c__Clostridia|o__Clostridiales|f__Christensenellaceae|g__Christensenella|s__PAC002297,769,k__Bacteria|p__Firmicutes|c__Clostridia|o__Oscillospirales|f__Oscillospiraceae|g__Intestinimonas|s__None,0.5833333333333334
445,k__Bacteria|p__Firmicutes|c__Clostridia|o__Clostridiales|f__Christensenellaceae|g__Christensenella|s__PAC002297,770,k__Bacteria|p__Firmicutes|c__Clostridia|o__Oscillospirales|f__Oscillospiraceae|g__Intestinimonas|s__bacterium_P1C2,0.6666666666666666
445,k__Bacteria|p__Firmicutes|c__Clostridia|o__Clostridiales|f__Christensenellaceae|g__Christensenella|s__PAC002297,779,k__Bacteria|p__Firmicutes|c__Clostridia|o__Oscillospirales|f__Oscillospiraceae|g__Oscillibacter|s__None,0.5833333333333334
445,k__Bacteria|p__Firmicutes|c__Clostridia|o__Clostridiales|f__Christensenellaceae|g__Christensenella|s__PAC002297,780,k__Bacteria|p__Firmicutes|c__Clostridia|o__Oscillospirales|f__Oscillospiraceae|g__Oscillibacter|s__metagenome,0.6666666666666666
445,k__Bacteria|p__Firmicutes|c__Clostridia|o__Clostridiales|f__Christensenellaceae|g__Christensenella|s__PAC002297,790,k__Bacteria|p__Firmicutes|c__Clostridia|o__Oscillospirales|f__Oscillospiraceae|g__UCG-002|s__None,0.5833333333333334
445,k__Bacteria|p__Firmicutes|c__Clostridia|o__Clostridiales|f__Christensenellaceae|g__Christensenella|s__PAC002297,791,k__Bacteria|p__Firmicutes|c__Clostridia|o__Oscillospirales|f__Oscillospiraceae|g__UCG-003|s__None,0.5833333333333334
445,k__Bacteria|p__Firmicutes|c__Clostridia|o__Clostridiales|f__Christensenellaceae|g__Christensenella|s__PAC002297,794,k__Bacteria|p__Firmicutes|c__Clostridia|o__Oscillospirales|f__Oscillospiraceae|g__UCG-005|s__metagenome,0.6666666666666666
445,k__Bacteria|p__Firmicutes|c__Clostridia|o__Clostridiales|f__Christensenellaceae|g__Christensenella|s__PAC002297,812,k__Bacteria|p__Firmicutes|c__Clostridia|o__Oscillospirales|f__Ruminococcaceae|g__Anaerofilum|s__metagenome,0.6666666666666666
445,k__Bacteria|p__Firmicutes|c__Clostridia|o__Clostridiales|f__Christensenellaceae|g__Christensenella|s__PAC002297,832,k__Bacteria|p__Firmicutes|c__Clostridia|o__Oscillospirales|f__Ruminococcaceae|g__DTU089|s__None,0.5833333333333334
445,k__Bacteria|p__Firmicutes|c__Clostridia|o__Clostridiales|f__Christensenellaceae|g__Christensenella|s__PAC002297,833,k__Bacteria|p__Firmicutes|c__Clostridia|o__Oscillospirales|f__Ruminococcaceae|g__Faecalibacterium|s__None,0.5833333333333334
445,k__Bacteria|p__Firmicutes|c__Clostridia|o__Clostridiales|f__Christensenellaceae|g__Christensenella|s__PAC002297,839,k__Bacteria|p__Firmicutes|c__Clostridia|o__Oscillospirales|f__Ruminococcaceae|g__Incertae_Sedis|s__metagenome,0.6666666666666666
445,k__Bacteria|p__Firmicutes|c__Clostridia|o__Clostridiales|f__Christensenellaceae|g__Christensenella|s__PAC002297,841,k__Bacteria|p__Firmicutes|c__Clostridia|o__Oscillospirales|f__Ruminococcaceae|g__Incertae_Sedis|s__None,0.5833333333333334
445,k__Bacteria|p__Firmicutes|c__Clostridia|o__Clostridiales|f__Christensenellaceae|g__Christensenella|s__PAC002297,859,k__Bacteria|p__Firmicutes|c__Clostridia|o__Oscillospirales|f__Ruminococcaceae|g__Ruminococcus|s__None,0.5833333333333334
445,k__Bacteria|p__Firmicutes|c__Clostridia|o__Clostridiales|f__Christensenellaceae|g__Christensenella|s__PAC002297,860,k__Bacteria|p__Firmicutes|c__Clostridia|o__Oscillospirales|f__Ruminococcaceae|g__Subdoligranulum|s__None,0.5833333333333334
445,k__Bacteria|p__Firmicutes|c__Clostridia|o__Clostridiales|f__Christensenellaceae|g__Christensenella|s__PAC002297,863,k__Bacteria|p__Firmicutes|c__Clostridia|o__Oscillospirales|f__Ruminococcaceae|g__UBA1819|s__None,0.5833333333333334
445,k__Bacteria|p__Firmicutes|c__Clostridia|o__Clostridiales|f__Christensenellaceae|g__Christensenella|s__PAC002297,865,k__Bacteria|p__Firmicutes|c__Clostridia|o__Oscillospirales|f__Ruminococcaceae|g__Eubacterium_siraeum_group|s__None,0.5833333333333334
445,k__Bacteria|p__Firmicutes|c__Clostridia|o__Clostridiales|f__Christensenellaceae|g__Christensenella|s__PAC002297,869,k__Bacteria|p__Firmicutes|c__Clostridia|o__Oscillospirales|f__Ruminococcaceae|g__None|s__None,0.5
445,k__Bacteria|p__Firmicutes|c__Clostridia|o__Clostridiales|f__Christensenellaceae|g__Christensenella|s__PAC002297,885,k__Bacteria|p__Firmicutes|c__Clostridia|o__Oscillospirales|f__Eubacterium_coprostanoligenes_group|g__None|s__None,0.5
445,k__Bacteria|p__Firmicutes|c__Clostridia|o__Clostridiales|f__Christensenellaceae|g__Christensenella|s__PAC002297,905,k__Bacteria|p__Firmicutes|c__Clostridia|o__Peptostreptococcales-Tissierellales|f__Anaerovoracaceae|g__Family_XIII_AD3011_group|s__metagenome,0.6666666666666666
445,k__Bacteria|p__Firmicutes|c__Clostridia|o__Clostridiales|f__Christensenellaceae|g__Christensenella|s__PAC002297,925,k__Bacteria|p__Firmicutes|c__Clostridia|o__Peptostreptococcales-Tissierellales|f__Anaerovoracaceae|g__None|s__None,0.5
445,k__Bacteria|p__Firmicutes|c__Clostridia|o__Clostridiales|f__Christensenellaceae|g__Christensenella|s__PAC002297,943,k__Bacteria|p__Firmicutes|c__Clostridia|o__Peptostreptococcales-Tissierellales|f__Peptostreptococcaceae|g__Intestinibacter|s__None,0.5833333333333334
445,k__Bacteria|p__Firmicutes|c__Clostridia|o__Clostridiales|f__Christensenellaceae|g__Christensenella|s__PAC002297,951,k__Bacteria|p__Firmicutes|c__Clostridia|o__Peptostreptococcales-Tissierellales|f__Peptostreptococcaceae|g__Romboutsia|s__None,0.5833333333333334
445,k__Bacteria|p__Firmicutes|c__Clostridia|o__Clostridiales|f__Christensenellaceae|g__Christensenella|s__PAC002297,956,k__Bacteria|p__Firmicutes|c__Clostridia|o__None|f__None|g__None|s__None,0.3333333333333333
445,k__Bacteria|p__Firmicutes|c__Clostridia|o__Clostridiales|f__Christensenellaceae|g__Christensenella|s__PAC002297,966,k__Bacteria|p__Firmicutes|c__Negativicutes|o__Acidaminococcales|f__Acidaminococcaceae|g__Acidaminococcus|s__None,0.75
445,k__Bacteria|p__Firmicutes|c__Clostridia|o__Clostridiales|f__Christensenellaceae|g__Christensenella|s__PAC002297,967,k__Bacteria|p__Firmicutes|c__Negativicutes|o__Acidaminococcales|f__Acidaminococcaceae|g__Phascolarctobacterium|s__None,0.75
445,k__Bacteria|p__Firmicutes|c__Clostridia|o__Clostridiales|f__Christensenellaceae|g__Christensenella|s__PAC002297,986,k__Bacteria|p__Firmicutes|c__Negativicutes|o__Veillonellales-Selenomonadales|f__Veillonellaceae|g__Dialister|s__None,0.75
445,k__Bacteria|p__Firmicutes|c__Clostridia|o__Clostridiales|f__Christensenellaceae|g__Christensenella|s__PAC002297,992,k__Bacteria|p__Firmicutes|c__Negativicutes|o__Veillonellales-Selenomonadales|f__Veillonellaceae|g__Veillonella|s__None,0.75
445,k__Bacteria|p__Firmicutes|c__Clostridia|o__Clostridiales|f__Christensenellaceae|g__Christensenella|s__PAC002297,1055,k__Bacteria|p__Proteobacteria|c__Gammaproteobacteria|o__Burkholderiales|f__Sutterellaceae|g__Parasutterella|s__None,0.9166666666666666
445,k__Bacteria|p__Firmicutes|c__Clostridia|o__Clostridiales|f__Christensenellaceae|g__Christensenella|s__PAC002297,1069,k__Bacteria|p__Proteobacteria|c__Gammaproteobacteria|o__Enterobacterales|f__Enterobacteriaceae|g__Escherichia-Shigella|s__None,0.9166666666666666
445,k__Bacteria|p__Firmicutes|c__Clostridia|o__Clostridiales|f__Christensenellaceae|g__Christensenella|s__PAC002297,1089,k__Bacteria|p__Proteobacteria|c__Gammaproteobacteria|o__Pseudomonadales|f__Pseudomonadaceae|g__Pseudomonas|s__None,0.9166666666666666
445,k__Bacteria|p__Firmicutes|c__Clostridia|o__Clostridiales|f__Christensenellaceae|g__Christensenella|s__PAC002297,1132,k__Bacteria|p__Verrucomicrobiota|c__Verrucomicrobiae|o__Verrucomicrobiales|f__Akkermansiaceae|g__Akkermansia|s__None,0.9166666666666666
445,k__Bacteria|p__Firmicutes|c__Clostridia|o__Clostridiales|f__Christensenellaceae|g__Christensenella|s__PAC002297,1136,k__Bacteria|p__None|c__None|o__None|f__None|g__None|s__None,0.5
501,k__Bacteria|p__Firmicutes|c__Clostridia|o__Clostridiales|f__Lachnospiraceae|g__PAC001201|s__PAC002549,534,k__Bacteria|p__Firmicutes|c__Clostridia|o__Clostridiales|f__Ruminococcaceae|g__PAC001144|s__PAC001620,0.5
501,k__Bacteria|p__Firmicutes|c__Clostridia|o__Clostridiales|f__Lachnospiraceae|g__PAC001201|s__PAC002549,562,k__Bacteria|p__Firmicutes|c__Clostridia|o__Eubacteriales|f__Eubacteriaceae|g__Eubacterium|s__None,0.5833333333333334
501,k__Bacteria|p__Firmicutes|c__Clostridia|o__Clostridiales|f__Lachnospiraceae|g__PAC001201|s__PAC002549,577,k__Bacteria|p__Firmicutes|c__Clostridia|o__Lachnospirales|f__Lachnospiraceae|g__Agathobacter|s__None,0.5833333333333334
501,k__Bacteria|p__Firmicutes|c__Clostridia|o__Clostridiales|f__Lachnospiraceae|g__PAC001201|s__PAC002549,588,k__Bacteria|p__Firmicutes|c__Clostridia|o__Lachnospirales|f__Lachnospiraceae|g__Anaerostipes|s__None,0.5833333333333334
501,k__Bacteria|p__Firmicutes|c__Clostridia|o__Clostridiales|f__Lachnospiraceae|g__PAC001201|s__PAC002549,591,k__Bacteria|p__Firmicutes|c__Clostridia|o__Lachnospirales|f__Lachnospiraceae|g__Anaerostipes|s__uncultured_Lachnospiraceae_bacterium,0.6666666666666666
501,k__Bacteria|p__Firmicutes|c__Clostridia|o__Clostridiales|f__Lachnospiraceae|g__PAC001201|s__PAC002549,594,k__Bacteria|p__Firmicutes|c__Clostridia|o__Lachnospirales|f__Lachnospiraceae|g__Blautia|s__None,0.5833333333333334
501,k__Bacteria|p__Firmicutes|c__Clostridia|o__Clostridiales|f__Lachnospiraceae|g__PAC001201|s__PAC002549,595,k__Bacteria|p__Firmicutes|c__Clostridia|o__Lachnospirales|f__Lachnospiraceae|g__Blautia|s__bacterium_mpn-isolate_group_20,0.6666666666666666
501,k__Bacteria|p__Firmicutes|c__Clostridia|o__Clostridiales|f__Lachnospiraceae|g__PAC001201|s__PAC002549,597,k__Bacteria|p__Firmicutes|c__Clostridia|o__Lachnospirales|f__Lachnospiraceae|g__Blautia|s__uncultured_Blautia_sp.,0.6666666666666666
501,k__Bacteria|p__Firmicutes|c__Clostridia|o__Clostridiales|f__Lachnospiraceae|g__PAC001201|s__PAC002549,608,k__Bacteria|p__Firmicutes|c__Clostridia|o__Lachnospirales|f__Lachnospiraceae|g__Coprococcus|s__None,0.5833333333333334
501,k__Bacteria|p__Firmicutes|c__Clostridia|o__Clostridiales|f__Lachnospiraceae|g__PAC001201|s__PAC002549,609,k__Bacteria|p__Firmicutes|c__Clostridia|o__Lachnospirales|f__Lachnospiraceae|g__Coprococcus|s__uncultured_Coprococcus_sp.,0.6666666666666666
501,k__Bacteria|p__Firmicutes|c__Clostridia|o__Clostridiales|f__Lachnospiraceae|g__PAC001201|s__PAC002549,612,k__Bacteria|p__Firmicutes|c__Clostridia|o__Lachnospirales|f__Lachnospiraceae|g__Eisenbergiella|s__None,0.5833333333333334
501,k__Bacteria|p__Firmicutes|c__Clostridia|o__Clostridiales|f__Lachnospiraceae|g__PAC001201|s__PAC002549,619,k__Bacteria|p__Firmicutes|c__Clostridia|o__Lachnospirales|f__Lachnospiraceae|g__Fusicatenibacter|s__uncultured_Lachnospiraceae_bacterium,0.6666666666666666
501,k__Bacteria|p__Firmicutes|c__Clostridia|o__Clostridiales|f__Lachnospiraceae|g__PAC001201|s__PAC002549,620,k__Bacteria|p__Firmicutes|c__Clostridia|o__Lachnospirales|f__Lachnospiraceae|g__GCA-900066575|s__None,0.5833333333333334
501,k__Bacteria|p__Firmicutes|c__Clostridia|o__Clostridiales|f__Lachnospiraceae|g__PAC001201|s__PAC002549,628,k__Bacteria|p__Firmicutes|c__Clostridia|o__Lachnospirales|f__Lachnospiraceae|g__Howardella|s__metagenome,0.6666666666666666
501,k__Bacteria|p__Firmicutes|c__Clostridia|o__Clostridiales|f__Lachnospiraceae|g__PAC001201|s__PAC002549,638,k__Bacteria|p__Firmicutes|c__Clostridia|o__Lachnospirales|f__Lachnospiraceae|g__Lachnoclostridium|s__None,0.5833333333333334
501,k__Bacteria|p__Firmicutes|c__Clostridia|o__Clostridiales|f__Lachnospiraceae|g__PAC001201|s__PAC002549,640,k__Bacteria|p__Firmicutes|c__Clostridia|o__Lachnospirales|f__Lachnospiraceae|g__Lachnoclostridium|s__uncultured_Lachnospiraceae_bacterium,0.6666666666666666
501,k__Bacteria|p__Firmicutes|c__Clostridia|o__Clostridiales|f__Lachnospiraceae|g__PAC001201|s__PAC002549,641,k__Bacteria|p__Firmicutes|c__Clostridia|o__Lachnospirales|f__Lachnospiraceae|g__Lachnospira|s__None,0.5833333333333334
501,k__Bacteria|p__Firmicutes|c__Clostridia|o__Clostridiales|f__Lachnospiraceae|g__PAC001201|s__PAC002549,649,k__Bacteria|p__Firmicutes|c__Clostridia|o__Lachnospirales|f__Lachnospiraceae|g__Lachnospiraceae_ND3007_group|s__metagenome,0.6666666666666666
501,k__Bacteria|p__Firmicutes|c__Clostridia|o__Clostridiales|f__Lachnospiraceae|g__PAC001201|s__PAC002549,658,k__Bacteria|p__Firmicutes|c__Clostridia|o__Lachnospirales|f__Lachnospiraceae|g__Lachnospiraceae_NK4A136_group|s__uncultured_bacterium_Adhufec49.25,0.6666666666666666
501,k__Bacteria|p__Firmicutes|c__Clostridia|o__Clostridiales|f__Lachnospiraceae|g__PAC001201|s__PAC002549,662,k__Bacteria|p__Firmicutes|c__Clostridia|o__Lachnospirales|f__Lachnospiraceae|g__Lachnospiraceae_UCG-001|s__metagenome,0.6666666666666666
501,k__Bacteria|p__Firmicutes|c__Clostridia|o__Clostridiales|f__Lachnospiraceae|g__PAC001201|s__PAC002549,675,k__Bacteria|p__Firmicutes|c__Clostridia|o__Lachnospirales|f__Lachnospiraceae|g__Lachnospiraceae_UCG-010|s__None,0.5833333333333334
501,k__Bacteria|p__Firmicutes|c__Clostridia|o__Clostridiales|f__Lachnospiraceae|g__PAC001201|s__PAC002549,694,k__Bacteria|p__Firmicutes|c__Clostridia|o__Lachnospirales|f__Lachnospiraceae|g__Roseburia|s__None,0.5833333333333334
501,k__Bacteria|p__Firmicutes|c__Clostridia|o__Clostridiales|f__Lachnospiraceae|g__PAC001201|s__PAC002549,695,k__Bacteria|p__Firmicutes|c__Clostridia|o__Lachnospirales|f__Lachnospiraceae|g__Roseburia|s__gut_metagenome,0.6666666666666666
501,k__Bacteria|p__Firmicutes|c__Clostridia|o__Clostridiales|f__Lachnospiraceae|g__PAC001201|s__PAC002549,705,k__Bacteria|p__Firmicutes|c__Clostridia|o__Lachnospirales|f__Lachnospiraceae|g__Tuzzerella|s__None,0.5833333333333334
501,k__Bacteria|p__Firmicutes|c__Clostridia|o__Clostridiales|f__Lachnospiraceae|g__PAC001201|s__PAC002549,709,k__Bacteria|p__Firmicutes|c__Clostridia|o__Lachnospirales|f__Lachnospiraceae|g__UC5-1-2E3|s__uncultured_organism,0.6666666666666666
501,k__Bacteria|p__Firmicutes|c__Clostridia|o__Clostridiales|f__Lachnospiraceae|g__PAC001201|s__PAC002549,711,k__Bacteria|p__Firmicutes|c__Clostridia|o__Lachnospirales|f__Lachnospiraceae|g__Eubacterium_eligens_group|s__None,0.5833333333333334
501,k__Bacteria|p__Firmicutes|c__Clostridia|o__Clostridiales|f__Lachnospiraceae|g__PAC001201|s__PAC002549,712,k__Bacteria|p__Firmicutes|c__Clostridia|o__Lachnospirales|f__Lachnospiraceae|g__Eubacterium_fissicatena_group|s__None,0.5833333333333334
501,k__Bacteria|p__Firmicutes|c__Clostridia|o__Clostridiales|f__Lachnospiraceae|g__PAC001201|s__PAC002549,717,k__Bacteria|p__Firmicutes|c__Clostridia|o__Lachnospirales|f__Lachnospiraceae|g__Eubacterium_hallii_group|s__None,0.5833333333333334
501,k__Bacteria|p__Firmicutes|c__Clostridia|o__Clostridiales|f__Lachnospiraceae|g__PAC001201|s__PAC002549,722,k__Bacteria|p__Firmicutes|c__Clostridia|o__Lachnospirales|f__Lachnospiraceae|g__Eubacterium_ventriosum_group|s__uncultured_organism,0.6666666666666666
501,k__Bacteria|p__Firmicutes|c__Clostridia|o__Clostridiales|f__Lachnospiraceae|g__PAC001201|s__PAC002549,724,k__Bacteria|p__Firmicutes|c__Clostridia|o__Lachnospirales|f__Lachnospiraceae|g__Eubacterium_xylanophilum_group|s__None,0.5833333333333334
501,k__Bacteria|p__Firmicutes|c__Clostridia|o__Clostridiales|f__Lachnospiraceae|g__PAC001201|s__PAC002549,730,k__Bacteria|p__Firmicutes|c__Clostridia|o__Lachnospirales|f__Lachnospiraceae|g__Ruminococcus_torques_group|s__None,0.5833333333333334
501,k__Bacteria|p__Firmicutes|c__Clostridia|o__Clostridiales|f__Lachnospiraceae|g__PAC001201|s__PAC002549,732,k__Bacteria|p__Firmicutes|c__Clostridia|o__Lachnospirales|f__Lachnospiraceae|g__None|s__None,0.5
501,k__Bacteria|p__Firmicutes|c__Clostridia|o__Clostridiales|f__Lachnospiraceae|g__PAC001201|s__PAC002549,733,k__Bacteria|p__Firmicutes|c__Clostridia|o__Lachnospirales|f__Lachnospiraceae|g__uncultured|s__None,0.5833333333333334
501,k__Bacteria|p__Firmicutes|c__Clostridia|o__Clostridiales|f__Lachnospiraceae|g__PAC001201|s__PAC002549,739,k__Bacteria|p__Firmicutes|c__Clostridia|o__Monoglobales|f__Monoglobaceae|g__Monoglobus|s__None,0.5833333333333334
501,k__Bacteria|p__Firmicutes|c__Clostridia|o__Clostridiales|f__Lachnospiraceae|g__PAC001201|s__PAC002549,759,k__Bacteria|p__Firmicutes|c__Clostridia|o__Oscillospirales|f__Oscillospiraceae|g__Colidextribacter|s__None,0.5833333333333334
501,k__Bacteria|p__Firmicutes|c__Clostridia|o__Clostridiales|f__Lachnospiraceae|g__PAC001201|s__PAC002549,767,k__Bacteria|p__Firmicutes|c__Clostridia|o__Oscillospirales|f__Oscillospiraceae|g__Flavonifractor|s__None,0.5833333333333334
501,k__Bacteria|p__Firmicutes|c__Clostridia|o__Clostridiales|f__Lachnospiraceae|g__PAC001201|s__PAC002549,769,k__Bacteria|p__Firmicutes|c__Clostridia|o__Oscillospirales|f__Oscillospiraceae|g__Intestinimonas|s__None,0.5833333333333334
501,k__Bacteria|p__Firmicutes|c__Clostridia|o__Clostridiales|f__Lachnospiraceae|g__PAC001201|s__PAC002549,770,k__Bacteria|p__Firmicutes|c__Clostridia|o__Oscillospirales|f__Oscillospiraceae|g__Intestinimonas|s__bacterium_P1C2,0.6666666666666666
501,k__Bacteria|p__Firmicutes|c__Clostridia|o__Clostridiales|f__Lachnospiraceae|g__PAC001201|s__PAC002549,779,k__Bacteria|p__Firmicutes|c__Clostridia|o__Oscillospirales|f__Oscillospiraceae|g__Oscillibacter|s__None,0.5833333333333334
501,k__Bacteria|p__Firmicutes|c__Clostridia|o__Clostridiales|f__Lachnospiraceae|g__PAC001201|s__PAC002549,780,k__Bacteria|p__Firmicutes|c__Clostridia|o__Oscillospirales|f__Oscillospiraceae|g__Oscillibacter|s__metagenome,0.6666666666666666
501,k__Bacteria|p__Firmicutes|c__Clostridia|o__Clostridiales|f__Lachnospiraceae|g__PAC001201|s__PAC002549,790,k__Bacteria|p__Firmicutes|c__Clostridia|o__Oscillospirales|f__Oscillospiraceae|g__UCG-002|s__None,0.5833333333333334
501,k__Bacteria|p__Firmicutes|c__Clostridia|o__Clostridiales|f__Lachnospiraceae|g__PAC001201|s__PAC002549,791,k__Bacteria|p__Firmicutes|c__Clostridia|o__Oscillospirales|f__Oscillospiraceae|g__UCG-003|s__None,0.5833333333333334
501,k__Bacteria|p__Firmicutes|c__Clostridia|o__Clostridiales|f__Lachnospiraceae|g__PAC001201|s__PAC002549,794,k__Bacteria|p__Firmicutes|c__Clostridia|o__Oscillospirales|f__Oscillospiraceae|g__UCG-005|s__metagenome,0.6666666666666666
501,k__Bacteria|p__Firmicutes|c__Clostridia|o__Clostridiales|f__Lachnospiraceae|g__PAC001201|s__PAC002549,812,k__Bacteria|p__Firmicutes|c__Clostridia|o__Oscillospirales|f__Ruminococcaceae|g__Anaerofilum|s__metagenome,0.6666666666666666
501,k__Bacteria|p__Firmicutes|c__Clostridia|o__Clostridiales|f__Lachnospiraceae|g__PAC001201|s__PAC002549,832,k__Bacteria|p__Firmicutes|c__Clostridia|o__Oscillospirales|f__Ruminococcaceae|g__DTU089|s__None,0.5833333333333334
501,k__Bacteria|p__Firmicutes|c__Clostridia|o__Clostridiales|f__Lachnospiraceae|g__PAC001201|s__PAC002549,833,k__Bacteria|p__Firmicutes|c__Clostridia|o__Oscillospirales|f__Ruminococcaceae|g__Faecalibacterium|s__None,0.5833333333333334
501,k__Bacteria|p__Firmicutes|c__Clostridia|o__Clostridiales|f__Lachnospiraceae|g__PAC001201|s__PAC002549,839,k__Bacteria|p__Firmicutes|c__Clostridia|o__Oscillospirales|f__Ruminococcaceae|g__Incertae_Sedis|s__metagenome,0.6666666666666666
501,k__Bacteria|p__Firmicutes|c__Clostridia|o__Clostridiales|f__Lachnospiraceae|g__PAC001201|s__PAC002549,841,k__Bacteria|p__Firmicutes|c__Clostridia|o__Oscillospirales|f__Ruminococcaceae|g__Incertae_Sedis|s__None,0.5833333333333334
501,k__Bacteria|p__Firmicutes|c__Clostridia|o__Clostridiales|f__Lachnospiraceae|g__PAC001201|s__PAC002549,859,k__Bacteria|p__Firmicutes|c__Clostridia|o__Oscillospirales|f__Ruminococcaceae|g__Ruminococcus|s__None,0.5833333333333334
501,k__Bacteria|p__Firmicutes|c__Clostridia|o__Clostridiales|f__Lachnospiraceae|g__PAC001201|s__PAC002549,860,k__Bacteria|p__Firmicutes|c__Clostridia|o__Oscillospirales|f__Ruminococcaceae|g__Subdoligranulum|s__None,0.5833333333333334
501,k__Bacteria|p__Firmicutes|c__Clostridia|o__Clostridiales|f__Lachnospiraceae|g__PAC001201|s__PAC002549,863,k__Bacteria|p__Firmicutes|c__Clostridia|o__Oscillospirales|f__Ruminococcaceae|g__UBA1819|s__None,0.5833333333333334
501,k__Bacteria|p__Firmicutes|c__Clostridia|o__Clostridiales|f__Lachnospiraceae|g__PAC001201|s__PAC002549,865,k__Bacteria|p__Firmicutes|c__Clostridia|o__Oscillospirales|f__Ruminococcaceae|g__Eubacterium_siraeum_group|s__None,0.5833333333333334
501,k__Bacteria|p__Firmicutes|c__Clostridia|o__Clostridiales|f__Lachnospiraceae|g__PAC001201|s__PAC002549,869,k__Bacteria|p__Firmicutes|c__Clostridia|o__Oscillospirales|f__Ruminococcaceae|g__None|s__None,0.5
501,k__Bacteria|p__Firmicutes|c__Clostridia|o__Clostridiales|f__Lachnospiraceae|g__PAC001201|s__PAC002549,885,k__Bacteria|p__Firmicutes|c__Clostridia|o__Oscillospirales|f__Eubacterium_coprostanoligenes_group|g__None|s__None,0.5
501,k__Bacteria|p__Firmicutes|c__Clostridia|o__Clostridiales|f__Lachnospiraceae|g__PAC001201|s__PAC002549,905,k__Bacteria|p__Firmicutes|c__Clostridia|o__Peptostreptococcales-Tissierellales|f__Anaerovoracaceae|g__Family_XIII_AD3011_group|s__metagenome,0.6666666666666666
501,k__Bacteria|p__Firmicutes|c__Clostridia|o__Clostridiales|f__Lachnospiraceae|g__PAC001201|s__PAC002549,925,k__Bacteria|p__Firmicutes|c__Clostridia|o__Peptostreptococcales-Tissierellales|f__Anaerovoracaceae|g__None|s__None,0.5
501,k__Bacteria|p__Firmicutes|c__Clostridia|o__Clostridiales|f__Lachnospiraceae|g__PAC001201|s__PAC002549,943,k__Bacteria|p__Firmicutes|c__Clostridia|o__Peptostreptococcales-Tissierellales|f__Peptostreptococcaceae|g__Intestinibacter|s__None,0.5833333333333334
501,k__Bacteria|p__Firmicutes|c__Clostridia|o__Clostridiales|f__Lachnospiraceae|g__PAC001201|s__PAC002549,951,k__Bacteria|p__Firmicutes|c__Clostridia|o__Peptostreptococcales-Tissierellales|f__Peptostreptococcaceae|g__Romboutsia|s__None,0.5833333333333334
501,k__Bacteria|p__Firmicutes|c__Clostridia|o__Clostridiales|f__Lachnospiraceae|g__PAC001201|s__PAC002549,956,k__Bacteria|p__Firmicutes|c__Clostridia|o__None|f__None|g__None|s__None,0.3333333333333333
501,k__Bacteria|p__Firmicutes|c__Clostridia|o__Clostridiales|f__Lachnospiraceae|g__PAC001201|s__PAC002549,966,k__Bacteria|p__Firmicutes|c__Negativicutes|o__Acidaminococcales|f__Acidaminococcaceae|g__Acidaminococcus|s__None,0.75
501,k__Bacteria|p__Firmicutes|c__Clostridia|o__Clostridiales|f__Lachnospiraceae|g__PAC001201|s__PAC002549,967,k__Bacteria|p__Firmicutes|c__Negativicutes|o__Acidaminococcales|f__Acidaminococcaceae|g__Phascolarctobacterium|s__None,0.75
501,k__Bacteria|p__Firmicutes|c__Clostridia|o__Clostridiales|f__Lachnospiraceae|g__PAC001201|s__PAC002549,986,k__Bacteria|p__Firmicutes|c__Negativicutes|o__Veillonellales-Selenomonadales|f__Veillonellaceae|g__Dialister|s__None,0.75
501,k__Bacteria|p__Firmicutes|c__Clostridia|o__Clostridiales|f__Lachnospiraceae|g__PAC001201|s__PAC002549,992,k__Bacteria|p__Firmicutes|c__Negativicutes|o__Veillonellales-Selenomonadales|f__Veillonellaceae|g__Veillonella|s__None,0.75
501,k__Bacteria|p__Firmicutes|c__Clostridia|o__Clostridiales|f__Lachnospiraceae|g__PAC001201|s__PAC002549,1055,k__Bacteria|p__Proteobacteria|c__Gammaproteobacteria|o__Burkholderiales|f__Sutterellaceae|g__Parasutterella|s__None,0.9166666666666666
501,k__Bacteria|p__Firmicutes|c__Clostridia|o__Clostridiales|f__Lachnospiraceae|g__PAC001201|s__PAC002549,1069,k__Bacteria|p__Proteobacteria|c__Gammaproteobacteria|o__Enterobacterales|f__Enterobacteriaceae|g__Escherichia-Shigella|s__None,0.9166666666666666
501,k__Bacteria|p__Firmicutes|c__Clostridia|o__Clostridiales|f__Lachnospiraceae|g__PAC001201|s__PAC002549,1089,k__Bacteria|p__Proteobacteria|c__Gammaproteobacteria|o__Pseudomonadales|f__Pseudomonadaceae|g__Pseudomonas|s__None,0.9166666666666666
501,k__Bacteria|p__Firmicutes|c__Clostridia|o__Clostridiales|f__Lachnospiraceae|g__PAC001201|s__PAC002549,1132,k__Bacteria|p__Verrucomicrobiota|c__Verrucomicrobiae|o__Verrucomicrobiales|f__Akkermansiaceae|g__Akkermansia|s__None,0.9166666666666666
501,k__Bacteria|p__Firmicutes|c__Clostridia|o__Clostridiales|f__Lachnospiraceae|g__PAC001201|s__PAC002549,1136,k__Bacteria|p__None|c__None|o__None|f__None|g__None|s__None,0.5
534,k__Bacteria|p__Firmicutes|c__Clostridia|o__Clostridiales|f__Ruminococcaceae|g__PAC001144|s__PAC001620,562,k__Bacteria|p__Firmicutes|c__Clostridia|o__Eubacteriales|f__Eubacteriaceae|g__Eubacterium|s__None,0.5833333333333334
534,k__Bacteria|p__Firmicutes|c__Clostridia|o__Clostridiales|f__Ruminococcaceae|g__PAC001144|s__PAC001620,577,k__Bacteria|p__Firmicutes|c__Clostridia|o__Lachnospirales|f__Lachnospiraceae|g__Agathobacter|s__None,0.5833333333333334
534,k__Bacteria|p__Firmicutes|c__Clostridia|o__Clostridiales|f__Ruminococcaceae|g__PAC001144|s__PAC001620,588,k__Bacteria|p__Firmicutes|c__Clostridia|o__Lachnospirales|f__Lachnospiraceae|g__Anaerostipes|s__None,0.5833333333333334
534,k__Bacteria|p__Firmicutes|c__Clostridia|o__Clostridiales|f__Ruminococcaceae|g__PAC001144|s__PAC001620,591,k__Bacteria|p__Firmicutes|c__Clostridia|o__Lachnospirales|f__Lachnospiraceae|g__Anaerostipes|s__uncultured_Lachnospiraceae_bacterium,0.6666666666666666
534,k__Bacteria|p__Firmicutes|c__Clostridia|o__Clostridiales|f__Ruminococcaceae|g__PAC001144|s__PAC001620,594,k__Bacteria|p__Firmicutes|c__Clostridia|o__Lachnospirales|f__Lachnospiraceae|g__Blautia|s__None,0.5833333333333334
534,k__Bacteria|p__Firmicutes|c__Clostridia|o__Clostridiales|f__Ruminococcaceae|g__PAC001144|s__PAC001620,595,k__Bacteria|p__Firmicutes|c__Clostridia|o__Lachnospirales|f__Lachnospiraceae|g__Blautia|s__bacterium_mpn-isolate_group_20,0.6666666666666666
534,k__Bacteria|p__Firmicutes|c__Clostridia|o__Clostridiales|f__Ruminococcaceae|g__PAC001144|s__PAC001620,597,k__Bacteria|p__Firmicutes|c__Clostridia|o__Lachnospirales|f__Lachnospiraceae|g__Blautia|s__uncultured_Blautia_sp.,0.6666666666666666
534,k__Bacteria|p__Firmicutes|c__Clostridia|o__Clostridiales|f__Ruminococcaceae|g__PAC001144|s__PAC001620,608,k__Bacteria|p__Firmicutes|c__Clostridia|o__Lachnospirales|f__Lachnospiraceae|g__Coprococcus|s__None,0.5833333333333334
534,k__Bacteria|p__Firmicutes|c__Clostridia|o__Clostridiales|f__Ruminococcaceae|g__PAC001144|s__PAC001620,609,k__Bacteria|p__Firmicutes|c__Clostridia|o__Lachnospirales|f__Lachnospiraceae|g__Coprococcus|s__uncultured_Coprococcus_sp.,0.6666666666666666
534,k__Bacteria|p__Firmicutes|c__Clostridia|o__Clostridiales|f__Ruminococcaceae|g__PAC001144|s__PAC001620,612,k__Bacteria|p__Firmicutes|c__Clostridia|o__Lachnospirales|f__Lachnospiraceae|g__Eisenbergiella|s__None,0.5833333333333334
534,k__Bacteria|p__Firmicutes|c__Clostridia|o__Clostridiales|f__Ruminococcaceae|g__PAC001144|s__PAC001620,619,k__Bacteria|p__Firmicutes|c__Clostridia|o__Lachnospirales|f__Lachnospiraceae|g__Fusicatenibacter|s__uncultured_Lachnospiraceae_bacterium,0.6666666666666666
534,k__Bacteria|p__Firmicutes|c__Clostridia|o__Clostridiales|f__Ruminococcaceae|g__PAC001144|s__PAC001620,620,k__Bacteria|p__Firmicutes|c__Clostridia|o__Lachnospirales|f__Lachnospiraceae|g__GCA-900066575|s__None,0.5833333333333334
534,k__Bacteria|p__Firmicutes|c__Clostridia|o__Clostridiales|f__Ruminococcaceae|g__PAC001144|s__PAC001620,628,k__Bacteria|p__Firmicutes|c__Clostridia|o__Lachnospirales|f__Lachnospiraceae|g__Howardella|s__metagenome,0.6666666666666666
534,k__Bacteria|p__Firmicutes|c__Clostridia|o__Clostridiales|f__Ruminococcaceae|g__PAC001144|s__PAC001620,638,k__Bacteria|p__Firmicutes|c__Clostridia|o__Lachnospirales|f__Lachnospiraceae|g__Lachnoclostridium|s__None,0.5833333333333334
534,k__Bacteria|p__Firmicutes|c__Clostridia|o__Clostridiales|f__Ruminococcaceae|g__PAC001144|s__PAC001620,640,k__Bacteria|p__Firmicutes|c__Clostridia|o__Lachnospirales|f__Lachnospiraceae|g__Lachnoclostridium|s__uncultured_Lachnospiraceae_bacterium,0.6666666666666666
534,k__Bacteria|p__Firmicutes|c__Clostridia|o__Clostridiales|f__Ruminococcaceae|g__PAC001144|s__PAC001620,641,k__Bacteria|p__Firmicutes|c__Clostridia|o__Lachnospirales|f__Lachnospiraceae|g__Lachnospira|s__None,0.5833333333333334
534,k__Bacteria|p__Firmicutes|c__Clostridia|o__Clostridiales|f__Ruminococcaceae|g__PAC001144|s__PAC001620,649,k__Bacteria|p__Firmicutes|c__Clostridia|o__Lachnospirales|f__Lachnospiraceae|g__Lachnospiraceae_ND3007_group|s__metagenome,0.6666666666666666
534,k__Bacteria|p__Firmicutes|c__Clostridia|o__Clostridiales|f__Ruminococcaceae|g__PAC001144|s__PAC001620,658,k__Bacteria|p__Firmicutes|c__Clostridia|o__Lachnospirales|f__Lachnospiraceae|g__Lachnospiraceae_NK4A136_group|s__uncultured_bacterium_Adhufec49.25,0.6666666666666666
534,k__Bacteria|p__Firmicutes|c__Clostridia|o__Clostridiales|f__Ruminococcaceae|g__PAC001144|s__PAC001620,662,k__Bacteria|p__Firmicutes|c__Clostridia|o__Lachnospirales|f__Lachnospiraceae|g__Lachnospiraceae_UCG-001|s__metagenome,0.6666666666666666
534,k__Bacteria|p__Firmicutes|c__Clostridia|o__Clostridiales|f__Ruminococcaceae|g__PAC001144|s__PAC001620,675,k__Bacteria|p__Firmicutes|c__Clostridia|o__Lachnospirales|f__Lachnospiraceae|g__Lachnospiraceae_UCG-010|s__None,0.5833333333333334
534,k__Bacteria|p__Firmicutes|c__Clostridia|o__Clostridiales|f__Ruminococcaceae|g__PAC001144|s__PAC001620,694,k__Bacteria|p__Firmicutes|c__Clostridia|o__Lachnospirales|f__Lachnospiraceae|g__Roseburia|s__None,0.5833333333333334
534,k__Bacteria|p__Firmicutes|c__Clostridia|o__Clostridiales|f__Ruminococcaceae|g__PAC001144|s__PAC001620,695,k__Bacteria|p__Firmicutes|c__Clostridia|o__Lachnospirales|f__Lachnospiraceae|g__Roseburia|s__gut_metagenome,0.6666666666666666
534,k__Bacteria|p__Firmicutes|c__Clostridia|o__Clostridiales|f__Ruminococcaceae|g__PAC001144|s__PAC001620,705,k__Bacteria|p__Firmicutes|c__Clostridia|o__Lachnospirales|f__Lachnospiraceae|g__Tuzzerella|s__None,0.5833333333333334
534,k__Bacteria|p__Firmicutes|c__Clostridia|o__Clostridiales|f__Ruminococcaceae|g__PAC001144|s__PAC001620,709,k__Bacteria|p__Firmicutes|c__Clostridia|o__Lachnospirales|f__Lachnospiraceae|g__UC5-1-2E3|s__uncultured_organism,0.6666666666666666
534,k__Bacteria|p__Firmicutes|c__Clostridia|o__Clostridiales|f__Ruminococcaceae|g__PAC001144|s__PAC001620,711,k__Bacteria|p__Firmicutes|c__Clostridia|o__Lachnospirales|f__Lachnospiraceae|g__Eubacterium_eligens_group|s__None,0.5833333333333334
534,k__Bacteria|p__Firmicutes|c__Clostridia|o__Clostridiales|f__Ruminococcaceae|g__PAC001144|s__PAC001620,712,k__Bacteria|p__Firmicutes|c__Clostridia|o__Lachnospirales|f__Lachnospiraceae|g__Eubacterium_fissicatena_group|s__None,0.5833333333333334
534,k__Bacteria|p__Firmicutes|c__Clostridia|o__Clostridiales|f__Ruminococcaceae|g__PAC001144|s__PAC001620,717,k__Bacteria|p__Firmicutes|c__Clostridia|o__Lachnospirales|f__Lachnospiraceae|g__Eubacterium_hallii_group|s__None,0.5833333333333334
534,k__Bacteria|p__Firmicutes|c__Clostridia|o__Clostridiales|f__Ruminococcaceae|g__PAC001144|s__PAC001620,722,k__Bacteria|p__Firmicutes|c__Clostridia|o__Lachnospirales|f__Lachnospiraceae|g__Eubacterium_ventriosum_group|s__uncultured_organism,0.6666666666666666
534,k__Bacteria|p__Firmicutes|c__Clostridia|o__Clostridiales|f__Ruminococcaceae|g__PAC001144|s__PAC001620,724,k__Bacteria|p__Firmicutes|c__Clostridia|o__Lachnospirales|f__Lachnospiraceae|g__Eubacterium_xylanophilum_group|s__None,0.5833333333333334
534,k__Bacteria|p__Firmicutes|c__Clostridia|o__Clostridiales|f__Ruminococcaceae|g__PAC001144|s__PAC001620,730,k__Bacteria|p__Firmicutes|c__Clostridia|o__Lachnospirales|f__Lachnospiraceae|g__Ruminococcus_torques_group|s__None,0.5833333333333334
534,k__Bacteria|p__Firmicutes|c__Clostridia|o__Clostridiales|f__Ruminococcaceae|g__PAC001144|s__PAC001620,732,k__Bacteria|p__Firmicutes|c__Clostridia|o__Lachnospirales|f__Lachnospiraceae|g__None|s__None,0.5
534,k__Bacteria|p__Firmicutes|c__Clostridia|o__Clostridiales|f__Ruminococcaceae|g__PAC001144|s__PAC001620,733,k__Bacteria|p__Firmicutes|c__Clostridia|o__Lachnospirales|f__Lachnospiraceae|g__uncultured|s__None,0.5833333333333334
534,k__Bacteria|p__Firmicutes|c__Clostridia|o__Clostridiales|f__Ruminococcaceae|g__PAC001144|s__PAC001620,739,k__Bacteria|p__Firmicutes|c__Clostridia|o__Monoglobales|f__Monoglobaceae|g__Monoglobus|s__None,0.5833333333333334
534,k__Bacteria|p__Firmicutes|c__Clostridia|o__Clostridiales|f__Ruminococcaceae|g__PAC001144|s__PAC001620,759,k__Bacteria|p__Firmicutes|c__Clostridia|o__Oscillospirales|f__Oscillospiraceae|g__Colidextribacter|s__None,0.5833333333333334
534,k__Bacteria|p__Firmicutes|c__Clostridia|o__Clostridiales|f__Ruminococcaceae|g__PAC001144|s__PAC001620,767,k__Bacteria|p__Firmicutes|c__Clostridia|o__Oscillospirales|f__Oscillospiraceae|g__Flavonifractor|s__None,0.5833333333333334
534,k__Bacteria|p__Firmicutes|c__Clostridia|o__Clostridiales|f__Ruminococcaceae|g__PAC001144|s__PAC001620,769,k__Bacteria|p__Firmicutes|c__Clostridia|o__Oscillospirales|f__Oscillospiraceae|g__Intestinimonas|s__None,0.5833333333333334
534,k__Bacteria|p__Firmicutes|c__Clostridia|o__Clostridiales|f__Ruminococcaceae|g__PAC001144|s__PAC001620,770,k__Bacteria|p__Firmicutes|c__Clostridia|o__Oscillospirales|f__Oscillospiraceae|g__Intestinimonas|s__bacterium_P1C2,0.6666666666666666
534,k__Bacteria|p__Firmicutes|c__Clostridia|o__Clostridiales|f__Ruminococcaceae|g__PAC001144|s__PAC001620,779,k__Bacteria|p__Firmicutes|c__Clostridia|o__Oscillospirales|f__Oscillospiraceae|g__Oscillibacter|s__None,0.5833333333333334
534,k__Bacteria|p__Firmicutes|c__Clostridia|o__Clostridiales|f__Ruminococcaceae|g__PAC001144|s__PAC001620,780,k__Bacteria|p__Firmicutes|c__Clostridia|o__Oscillospirales|f__Oscillospiraceae|g__Oscillibacter|s__metagenome,0.6666666666666666
534,k__Bacteria|p__Firmicutes|c__Clostridia|o__Clostridiales|f__Ruminococcaceae|g__PAC001144|s__PAC001620,790,k__Bacteria|p__Firmicutes|c__Clostridia|o__Oscillospirales|f__Oscillospiraceae|g__UCG-002|s__None,0.5833333333333334
534,k__Bacteria|p__Firmicutes|c__Clostridia|o__Clostridiales|f__Ruminococcaceae|g__PAC001144|s__PAC001620,791,k__Bacteria|p__Firmicutes|c__Clostridia|o__Oscillospirales|f__Oscillospiraceae|g__UCG-003|s__None,0.5833333333333334
534,k__Bacteria|p__Firmicutes|c__Clostridia|o__Clostridiales|f__Ruminococcaceae|g__PAC001144|s__PAC001620,794,k__Bacteria|p__Firmicutes|c__Clostridia|o__Oscillospirales|f__Oscillospiraceae|g__UCG-005|s__metagenome,0.6666666666666666
534,k__Bacteria|p__Firmicutes|c__Clostridia|o__Clostridiales|f__Ruminococcaceae|g__PAC001144|s__PAC001620,812,k__Bacteria|p__Firmicutes|c__Clostridia|o__Oscillospirales|f__Ruminococcaceae|g__Anaerofilum|s__metagenome,0.6666666666666666
534,k__Bacteria|p__Firmicutes|c__Clostridia|o__Clostridiales|f__Ruminococcaceae|g__PAC001144|s__PAC001620,832,k__Bacteria|p__Firmicutes|c__Clostridia|o__Oscillospirales|f__Ruminococcaceae|g__DTU089|s__None,0.5833333333333334
534,k__Bacteria|p__Firmicutes|c__Clostridia|o__Clostridiales|f__Ruminococcaceae|g__PAC001144|s__PAC001620,833,k__Bacteria|p__Firmicutes|c__Clostridia|o__Oscillospirales|f__Ruminococcaceae|g__Faecalibacterium|s__None,0.5833333333333334
534,k__Bacteria|p__Firmicutes|c__Clostridia|o__Clostridiales|f__Ruminococcaceae|g__PAC001144|s__PAC001620,839,k__Bacteria|p__Firmicutes|c__Clostridia|o__Oscillospirales|f__Ruminococcaceae|g__Incertae_Sedis|s__metagenome,0.6666666666666666
534,k__Bacteria|p__Firmicutes|c__Clostridia|o__Clostridiales|f__Ruminococcaceae|g__PAC001144|s__PAC001620,841,k__Bacteria|p__Firmicutes|c__Clostridia|o__Oscillospirales|f__Ruminococcaceae|g__Incertae_Sedis|s__None,0.5833333333333334
534,k__Bacteria|p__Firmicutes|c__Clostridia|o__Clostridiales|f__Ruminococcaceae|g__PAC001144|s__PAC001620,859,k__Bacteria|p__Firmicutes|c__Clostridia|o__Oscillospirales|f__Ruminococcaceae|g__Ruminococcus|s__None,0.5833333333333334
534,k__Bacteria|p__Firmicutes|c__Clostridia|o__Clostridiales|f__Ruminococcaceae|g__PAC001144|s__PAC001620,860,k__Bacteria|p__Firmicutes|c__Clostridia|o__Oscillospirales|f__Ruminococcaceae|g__Subdoligranulum|s__None,0.5833333333333334
534,k__Bacteria|p__Firmicutes|c__Clostridia|o__Clostridiales|f__Ruminococcaceae|g__PAC001144|s__PAC001620,863,k__Bacteria|p__Firmicutes|c__Clostridia|o__Oscillospirales|f__Ruminococcaceae|g__UBA1819|s__None,0.5833333333333334
534,k__Bacteria|p__Firmicutes|c__Clostridia|o__Clostridiales|f__Ruminococcaceae|g__PAC001144|s__PAC001620,865,k__Bacteria|p__Firmicutes|c__Clostridia|o__Oscillospirales|f__Ruminococcaceae|g__Eubacterium_siraeum_group|s__None,0.5833333333333334
534,k__Bacteria|p__Firmicutes|c__Clostridia|o__Clostridiales|f__Ruminococcaceae|g__PAC001144|s__PAC001620,869,k__Bacteria|p__Firmicutes|c__Clostridia|o__Oscillospirales|f__Ruminococcaceae|g__None|s__None,0.5
534,k__Bacteria|p__Firmicutes|c__Clostridia|o__Clostridiales|f__Ruminococcaceae|g__PAC001144|s__PAC001620,885,k__Bacteria|p__Firmicutes|c__Clostridia|o__Oscillospirales|f__Eubacterium_coprostanoligenes_group|g__None|s__None,0.5
534,k__Bacteria|p__Firmicutes|c__Clostridia|o__Clostridiales|f__Ruminococcaceae|g__PAC001144|s__PAC001620,905,k__Bacteria|p__Firmicutes|c__Clostridia|o__Peptostreptococcales-Tissierellales|f__Anaerovoracaceae|g__Family_XIII_AD3011_group|s__metagenome,0.6666666666666666
534,k__Bacteria|p__Firmicutes|c__Clostridia|o__Clostridiales|f__Ruminococcaceae|g__PAC001144|s__PAC001620,925,k__Bacteria|p__Firmicutes|c__Clostridia|o__Peptostreptococcales-Tissierellales|f__Anaerovoracaceae|g__None|s__None,0.5
534,k__Bacteria|p__Firmicutes|c__Clostridia|o__Clostridiales|f__Ruminococcaceae|g__PAC001144|s__PAC001620,943,k__Bacteria|p__Firmicutes|c__Clostridia|o__Peptostreptococcales-Tissierellales|f__Peptostreptococcaceae|g__Intestinibacter|s__None,0.5833333333333334
534,k__Bacteria|p__Firmicutes|c__Clostridia|o__Clostridiales|f__Ruminococcaceae|g__PAC001144|s__PAC001620,951,k__Bacteria|p__Firmicutes|c__Clostridia|o__Peptostreptococcales-Tissierellales|f__Peptostreptococcaceae|g__Romboutsia|s__None,0.5833333333333334
534,k__Bacteria|p__Firmicutes|c__Clostridia|o__Clostridiales|f__Ruminococcaceae|g__PAC001144|s__PAC001620,956,k__Bacteria|p__Firmicutes|c__Clostridia|o__None|f__None|g__None|s__None,0.3333333333333333
534,k__Bacteria|p__Firmicutes|c__Clostridia|o__Clostridiales|f__Ruminococcaceae|g__PAC001144|s__PAC001620,966,k__Bacteria|p__Firmicutes|c__Negativicutes|o__Acidaminococcales|f__Acidaminococcaceae|g__Acidaminococcus|s__None,0.75
534,k__Bacteria|p__Firmicutes|c__Clostridia|o__Clostridiales|f__Ruminococcaceae|g__PAC001144|s__PAC001620,967,k__Bacteria|p__Firmicutes|c__Negativicutes|o__Acidaminococcales|f__Acidaminococcaceae|g__Phascolarctobacterium|s__None,0.75
534,k__Bacteria|p__Firmicutes|c__Clostridia|o__Clostridiales|f__Ruminococcaceae|g__PAC001144|s__PAC001620,986,k__Bacteria|p__Firmicutes|c__Negativicutes|o__Veillonellales-Selenomonadales|f__Veillonellaceae|g__Dialister|s__None,0.75
534,k__Bacteria|p__Firmicutes|c__Clostridia|o__Clostridiales|f__Ruminococcaceae|g__PAC001144|s__PAC001620,992,k__Bacteria|p__Firmicutes|c__Negativicutes|o__Veillonellales-Selenomonadales|f__Veillonellaceae|g__Veillonella|s__None,0.75
534,k__Bacteria|p__Firmicutes|c__Clostridia|o__Clostridiales|f__Ruminococcaceae|g__PAC001144|s__PAC001620,1055,k__Bacteria|p__Proteobacteria|c__Gammaproteobacteria|o__Burkholderiales|f__Sutterellaceae|g__Parasutterella|s__None,0.9166666666666666
534,k__Bacteria|p__Firmicutes|c__Clostridia|o__Clostridiales|f__Ruminococcaceae|g__PAC001144|s__PAC001620,1069,k__Bacteria|p__Proteobacteria|c__Gammaproteobacteria|o__Enterobacterales|f__Enterobacteriaceae|g__Escherichia-Shigella|s__None,0.9166666666666666
534,k__Bacteria|p__Firmicutes|c__Clostridia|o__Clostridiales|f__Ruminococcaceae|g__PAC001144|s__PAC001620,1089,k__Bacteria|p__Proteobacteria|c__Gammaproteobacteria|o__Pseudomonadales|f__Pseudomonadaceae|g__Pseudomonas|s__None,0.9166666666666666
534,k__Bacteria|p__Firmicutes|c__Clostridia|o__Clostridiales|f__Ruminococcaceae|g__PAC001144|s__PAC001620,1132,k__Bacteria|p__Verrucomicrobiota|c__Verrucomicrobiae|o__Verrucomicrobiales|f__Akkermansiaceae|g__Akkermansia|s__None,0.9166666666666666
534,k__Bacteria|p__Firmicutes|c__Clostridia|o__Clostridiales|f__Ruminococcaceae|g__PAC001144|s__PAC001620,1136,k__Bacteria|p__None|c__None|o__None|f__None|g__None|s__None,0.5
562,k__Bacteria|p__Firmicutes|c__Clostridia|o__Eubacteriales|f__Eubacteriaceae|g__Eubacterium|s__None,577,k__Bacteria|p__Firmicutes|c__Clostridia|o__Lachnospirales|f__Lachnospiraceae|g__Agathobacter|s__None,0.5
562,k__Bacteria|p__Firmicutes|c__Clostridia|o__Eubacteriales|f__Eubacteriaceae|g__Eubacterium|s__None,588,k__Bacteria|p__Firmicutes|c__Clostridia|o__Lachnospirales|f__Lachnospiraceae|g__Anaerostipes|s__None,0.5
562,k__Bacteria|p__Firmicutes|c__Clostridia|o__Eubacteriales|f__Eubacteriaceae|g__Eubacterium|s__None,591,k__Bacteria|p__Firmicutes|c__Clostridia|o__Lachnospirales|f__Lachnospiraceae|g__Anaerostipes|s__uncultured_Lachnospiraceae_bacterium,0.5833333333333334
562,k__Bacteria|p__Firmicutes|c__Clostridia|o__Eubacteriales|f__Eubacteriaceae|g__Eubacterium|s__None,594,k__Bacteria|p__Firmicutes|c__Clostridia|o__Lachnospirales|f__Lachnospiraceae|g__Blautia|s__None,0.5
562,k__Bacteria|p__Firmicutes|c__Clostridia|o__Eubacteriales|f__Eubacteriaceae|g__Eubacterium|s__None,595,k__Bacteria|p__Firmicutes|c__Clostridia|o__Lachnospirales|f__Lachnospiraceae|g__Blautia|s__bacterium_mpn-isolate_group_20,0.5833333333333334
562,k__Bacteria|p__Firmicutes|c__Clostridia|o__Eubacteriales|f__Eubacteriaceae|g__Eubacterium|s__None,597,k__Bacteria|p__Firmicutes|c__Clostridia|o__Lachnospirales|f__Lachnospiraceae|g__Blautia|s__uncultured_Blautia_sp.,0.5833333333333334
562,k__Bacteria|p__Firmicutes|c__Clostridia|o__Eubacteriales|f__Eubacteriaceae|g__Eubacterium|s__None,608,k__Bacteria|p__Firmicutes|c__Clostridia|o__Lachnospirales|f__Lachnospiraceae|g__Coprococcus|s__None,0.5
562,k__Bacteria|p__Firmicutes|c__Clostridia|o__Eubacteriales|f__Eubacteriaceae|g__Eubacterium|s__None,609,k__Bacteria|p__Firmicutes|c__Clostridia|o__Lachnospirales|f__Lachnospiraceae|g__Coprococcus|s__uncultured_Coprococcus_sp.,0.5833333333333334
562,k__Bacteria|p__Firmicutes|c__Clostridia|o__Eubacteriales|f__Eubacteriaceae|g__Eubacterium|s__None,612,k__Bacteria|p__Firmicutes|c__Clostridia|o__Lachnospirales|f__Lachnospiraceae|g__Eisenbergiella|s__None,0.5
562,k__Bacteria|p__Firmicutes|c__Clostridia|o__Eubacteriales|f__Eubacteriaceae|g__Eubacterium|s__None,619,k__Bacteria|p__Firmicutes|c__Clostridia|o__Lachnospirales|f__Lachnospiraceae|g__Fusicatenibacter|s__uncultured_Lachnospiraceae_bacterium,0.5833333333333334
562,k__Bacteria|p__Firmicutes|c__Clostridia|o__Eubacteriales|f__Eubacteriaceae|g__Eubacterium|s__None,620,k__Bacteria|p__Firmicutes|c__Clostridia|o__Lachnospirales|f__Lachnospiraceae|g__GCA-900066575|s__None,0.5
562,k__Bacteria|p__Firmicutes|c__Clostridia|o__Eubacteriales|f__Eubacteriaceae|g__Eubacterium|s__None,628,k__Bacteria|p__Firmicutes|c__Clostridia|o__Lachnospirales|f__Lachnospiraceae|g__Howardella|s__metagenome,0.5833333333333334
562,k__Bacteria|p__Firmicutes|c__Clostridia|o__Eubacteriales|f__Eubacteriaceae|g__Eubacterium|s__None,638,k__Bacteria|p__Firmicutes|c__Clostridia|o__Lachnospirales|f__Lachnospiraceae|g__Lachnoclostridium|s__None,0.5
562,k__Bacteria|p__Firmicutes|c__Clostridia|o__Eubacteriales|f__Eubacteriaceae|g__Eubacterium|s__None,640,k__Bacteria|p__Firmicutes|c__Clostridia|o__Lachnospirales|f__Lachnospiraceae|g__Lachnoclostridium|s__uncultured_Lachnospiraceae_bacterium,0.5833333333333334
562,k__Bacteria|p__Firmicutes|c__Clostridia|o__Eubacteriales|f__Eubacteriaceae|g__Eubacterium|s__None,641,k__Bacteria|p__Firmicutes|c__Clostridia|o__Lachnospirales|f__Lachnospiraceae|g__Lachnospira|s__None,0.5
562,k__Bacteria|p__Firmicutes|c__Clostridia|o__Eubacteriales|f__Eubacteriaceae|g__Eubacterium|s__None,649,k__Bacteria|p__Firmicutes|c__Clostridia|o__Lachnospirales|f__Lachnospiraceae|g__Lachnospiraceae_ND3007_group|s__metagenome,0.5833333333333334
562,k__Bacteria|p__Firmicutes|c__Clostridia|o__Eubacteriales|f__Eubacteriaceae|g__Eubacterium|s__None,658,k__Bacteria|p__Firmicutes|c__Clostridia|o__Lachnospirales|f__Lachnospiraceae|g__Lachnospiraceae_NK4A136_group|s__uncultured_bacterium_Adhufec49.25,0.5833333333333334
562,k__Bacteria|p__Firmicutes|c__Clostridia|o__Eubacteriales|f__Eubacteriaceae|g__Eubacterium|s__None,662,k__Bacteria|p__Firmicutes|c__Clostridia|o__Lachnospirales|f__Lachnospiraceae|g__Lachnospiraceae_UCG-001|s__metagenome,0.5833333333333334
562,k__Bacteria|p__Firmicutes|c__Clostridia|o__Eubacteriales|f__Eubacteriaceae|g__Eubacterium|s__None,675,k__Bacteria|p__Firmicutes|c__Clostridia|o__Lachnospirales|f__Lachnospiraceae|g__Lachnospiraceae_UCG-010|s__None,0.5
562,k__Bacteria|p__Firmicutes|c__Clostridia|o__Eubacteriales|f__Eubacteriaceae|g__Eubacterium|s__None,694,k__Bacteria|p__Firmicutes|c__Clostridia|o__Lachnospirales|f__Lachnospiraceae|g__Roseburia|s__None,0.5
562,k__Bacteria|p__Firmicutes|c__Clostridia|o__Eubacteriales|f__Eubacteriaceae|g__Eubacterium|s__None,695,k__Bacteria|p__Firmicutes|c__Clostridia|o__Lachnospirales|f__Lachnospiraceae|g__Roseburia|s__gut_metagenome,0.5833333333333334
562,k__Bacteria|p__Firmicutes|c__Clostridia|o__Eubacteriales|f__Eubacteriaceae|g__Eubacterium|s__None,705,k__Bacteria|p__Firmicutes|c__Clostridia|o__Lachnospirales|f__Lachnospiraceae|g__Tuzzerella|s__None,0.5
562,k__Bacteria|p__Firmicutes|c__Clostridia|o__Eubacteriales|f__Eubacteriaceae|g__Eubacterium|s__None,709,k__Bacteria|p__Firmicutes|c__Clostridia|o__Lachnospirales|f__Lachnospiraceae|g__UC5-1-2E3|s__uncultured_organism,0.5833333333333334
562,k__Bacteria|p__Firmicutes|c__Clostridia|o__Eubacteriales|f__Eubacteriaceae|g__Eubacterium|s__None,711,k__Bacteria|p__Firmicutes|c__Clostridia|o__Lachnospirales|f__Lachnospiraceae|g__Eubacterium_eligens_group|s__None,0.5
562,k__Bacteria|p__Firmicutes|c__Clostridia|o__Eubacteriales|f__Eubacteriaceae|g__Eubacterium|s__None,712,k__Bacteria|p__Firmicutes|c__Clostridia|o__Lachnospirales|f__Lachnospiraceae|g__Eubacterium_fissicatena_group|s__None,0.5
562,k__Bacteria|p__Firmicutes|c__Clostridia|o__Eubacteriales|f__Eubacteriaceae|g__Eubacterium|s__None,717,k__Bacteria|p__Firmicutes|c__Clostridia|o__Lachnospirales|f__Lachnospiraceae|g__Eubacterium_hallii_group|s__None,0.5
562,k__Bacteria|p__Firmicutes|c__Clostridia|o__Eubacteriales|f__Eubacteriaceae|g__Eubacterium|s__None,722,k__Bacteria|p__Firmicutes|c__Clostridia|o__Lachnospirales|f__Lachnospiraceae|g__Eubacterium_ventriosum_group|s__uncultured_organism,0.5833333333333334
562,k__Bacteria|p__Firmicutes|c__Clostridia|o__Eubacteriales|f__Eubacteriaceae|g__Eubacterium|s__None,724,k__Bacteria|p__Firmicutes|c__Clostridia|o__Lachnospirales|f__Lachnospiraceae|g__Eubacterium_xylanophilum_group|s__None,0.5
562,k__Bacteria|p__Firmicutes|c__Clostridia|o__Eubacteriales|f__Eubacteriaceae|g__Eubacterium|s__None,730,k__Bacteria|p__Firmicutes|c__Clostridia|o__Lachnospirales|f__Lachnospiraceae|g__Ruminococcus_torques_group|s__None,0.5
562,k__Bacteria|p__Firmicutes|c__Clostridia|o__Eubacteriales|f__Eubacteriaceae|g__Eubacterium|s__None,732,k__Bacteria|p__Firmicutes|c__Clostridia|o__Lachnospirales|f__Lachnospiraceae|g__None|s__None,0.4166666666666667
562,k__Bacteria|p__Firmicutes|c__Clostridia|o__Eubacteriales|f__Eubacteriaceae|g__Eubacterium|s__None,733,k__Bacteria|p__Firmicutes|c__Clostridia|o__Lachnospirales|f__Lachnospiraceae|g__uncultured|s__None,0.5
562,k__Bacteria|p__Firmicutes|c__Clostridia|o__Eubacteriales|f__Eubacteriaceae|g__Eubacterium|s__None,739,k__Bacteria|p__Firmicutes|c__Clostridia|o__Monoglobales|f__Monoglobaceae|g__Monoglobus|s__None,0.5
562,k__Bacteria|p__Firmicutes|c__Clostridia|o__Eubacteriales|f__Eubacteriaceae|g__Eubacterium|s__None,759,k__Bacteria|p__Firmicutes|c__Clostridia|o__Oscillospirales|f__Oscillospiraceae|g__Colidextribacter|s__None,0.5
562,k__Bacteria|p__Firmicutes|c__Clostridia|o__Eubacteriales|f__Eubacteriaceae|g__Eubacterium|s__None,767,k__Bacteria|p__Firmicutes|c__Clostridia|o__Oscillospirales|f__Oscillospiraceae|g__Flavonifractor|s__None,0.5
562,k__Bacteria|p__Firmicutes|c__Clostridia|o__Eubacteriales|f__Eubacteriaceae|g__Eubacterium|s__None,769,k__Bacteria|p__Firmicutes|c__Clostridia|o__Oscillospirales|f__Oscillospiraceae|g__Intestinimonas|s__None,0.5
562,k__Bacteria|p__Firmicutes|c__Clostridia|o__Eubacteriales|f__Eubacteriaceae|g__Eubacterium|s__None,770,k__Bacteria|p__Firmicutes|c__Clostridia|o__Oscillospirales|f__Oscillospiraceae|g__Intestinimonas|s__bacterium_P1C2,0.5833333333333334
562,k__Bacteria|p__Firmicutes|c__Clostridia|o__Eubacteriales|f__Eubacteriaceae|g__Eubacterium|s__None,779,k__Bacteria|p__Firmicutes|c__Clostridia|o__Oscillospirales|f__Oscillospiraceae|g__Oscillibacter|s__None,0.5
562,k__Bacteria|p__Firmicutes|c__Clostridia|o__Eubacteriales|f__Eubacteriaceae|g__Eubacterium|s__None,780,k__Bacteria|p__Firmicutes|c__Clostridia|o__Oscillospirales|f__Oscillospiraceae|g__Oscillibacter|s__metagenome,0.5833333333333334
562,k__Bacteria|p__Firmicutes|c__Clostridia|o__Eubacteriales|f__Eubacteriaceae|g__Eubacterium|s__None,790,k__Bacteria|p__Firmicutes|c__Clostridia|o__Oscillospirales|f__Oscillospiraceae|g__UCG-002|s__None,0.5
562,k__Bacteria|p__Firmicutes|c__Clostridia|o__Eubacteriales|f__Eubacteriaceae|g__Eubacterium|s__None,791,k__Bacteria|p__Firmicutes|c__Clostridia|o__Oscillospirales|f__Oscillospiraceae|g__UCG-003|s__None,0.5
562,k__Bacteria|p__Firmicutes|c__Clostridia|o__Eubacteriales|f__Eubacteriaceae|g__Eubacterium|s__None,794,k__Bacteria|p__Firmicutes|c__Clostridia|o__Oscillospirales|f__Oscillospiraceae|g__UCG-005|s__metagenome,0.5833333333333334
562,k__Bacteria|p__Firmicutes|c__Clostridia|o__Eubacteriales|f__Eubacteriaceae|g__Eubacterium|s__None,812,k__Bacteria|p__Firmicutes|c__Clostridia|o__Oscillospirales|f__Ruminococcaceae|g__Anaerofilum|s__metagenome,0.5833333333333334
562,k__Bacteria|p__Firmicutes|c__Clostridia|o__Eubacteriales|f__Eubacteriaceae|g__Eubacterium|s__None,832,k__Bacteria|p__Firmicutes|c__Clostridia|o__Oscillospirales|f__Ruminococcaceae|g__DTU089|s__None,0.5
562,k__Bacteria|p__Firmicutes|c__Clostridia|o__Eubacteriales|f__Eubacteriaceae|g__Eubacterium|s__None,833,k__Bacteria|p__Firmicutes|c__Clostridia|o__Oscillospirales|f__Ruminococcaceae|g__Faecalibacterium|s__None,0.5
562,k__Bacteria|p__Firmicutes|c__Clostridia|o__Eubacteriales|f__Eubacteriaceae|g__Eubacterium|s__None,839,k__Bacteria|p__Firmicutes|c__Clostridia|o__Oscillospirales|f__Ruminococcaceae|g__Incertae_Sedis|s__metagenome,0.5833333333333334
562,k__Bacteria|p__Firmicutes|c__Clostridia|o__Eubacteriales|f__Eubacteriaceae|g__Eubacterium|s__None,841,k__Bacteria|p__Firmicutes|c__Clostridia|o__Oscillospirales|f__Ruminococcaceae|g__Incertae_Sedis|s__None,0.5
562,k__Bacteria|p__Firmicutes|c__Clostridia|o__Eubacteriales|f__Eubacteriaceae|g__Eubacterium|s__None,859,k__Bacteria|p__Firmicutes|c__Clostridia|o__Oscillospirales|f__Ruminococcaceae|g__Ruminococcus|s__None,0.5
562,k__Bacteria|p__Firmicutes|c__Clostridia|o__Eubacteriales|f__Eubacteriaceae|g__Eubacterium|s__None,860,k__Bacteria|p__Firmicutes|c__Clostridia|o__Oscillospirales|f__Ruminococcaceae|g__Subdoligranulum|s__None,0.5
562,k__Bacteria|p__Firmicutes|c__Clostridia|o__Eubacteriales|f__Eubacteriaceae|g__Eubacterium|s__None,863,k__Bacteria|p__Firmicutes|c__Clostridia|o__Oscillospirales|f__Ruminococcaceae|g__UBA1819|s__None,0.5
562,k__Bacteria|p__Firmicutes|c__Clostridia|o__Eubacteriales|f__Eubacteriaceae|g__Eubacterium|s__None,865,k__Bacteria|p__Firmicutes|c__Clostridia|o__Oscillospirales|f__Ruminococcaceae|g__Eubacterium_siraeum_group|s__None,0.5
562,k__Bacteria|p__Firmicutes|c__Clostridia|o__Eubacteriales|f__Eubacteriaceae|g__Eubacterium|s__None,869,k__Bacteria|p__Firmicutes|c__Clostridia|o__Oscillospirales|f__Ruminococcaceae|g__None|s__None,0.4166666666666667
562,k__Bacteria|p__Firmicutes|c__Clostridia|o__Eubacteriales|f__Eubacteriaceae|g__Eubacterium|s__None,885,k__Bacteria|p__Firmicutes|c__Clostridia|o__Oscillospirales|f__Eubacterium_coprostanoligenes_group|g__None|s__None,0.4166666666666667
562,k__Bacteria|p__Firmicutes|c__Clostridia|o__Eubacteriales|f__Eubacteriaceae|g__Eubacterium|s__None,905,k__Bacteria|p__Firmicutes|c__Clostridia|o__Peptostreptococcales-Tissierellales|f__Anaerovoracaceae|g__Family_XIII_AD3011_group|s__metagenome,0.5833333333333334
562,k__Bacteria|p__Firmicutes|c__Clostridia|o__Eubacteriales|f__Eubacteriaceae|g__Eubacterium|s__None,925,k__Bacteria|p__Firmicutes|c__Clostridia|o__Peptostreptococcales-Tissierellales|f__Anaerovoracaceae|g__None|s__None,0.4166666666666667
562,k__Bacteria|p__Firmicutes|c__Clostridia|o__Eubacteriales|f__Eubacteriaceae|g__Eubacterium|s__None,943,k__Bacteria|p__Firmicutes|c__Clostridia|o__Peptostreptococcales-Tissierellales|f__Peptostreptococcaceae|g__Intestinibacter|s__None,0.5
562,k__Bacteria|p__Firmicutes|c__Clostridia|o__Eubacteriales|f__Eubacteriaceae|g__Eubacterium|s__None,951,k__Bacteria|p__Firmicutes|c__Clostridia|o__Peptostreptococcales-Tissierellales|f__Peptostreptococcaceae|g__Romboutsia|s__None,0.5
562,k__Bacteria|p__Firmicutes|c__Clostridia|o__Eubacteriales|f__Eubacteriaceae|g__Eubacterium|s__None,956,k__Bacteria|p__Firmicutes|c__Clostridia|o__None|f__None|g__None|s__None,0.25
562,k__Bacteria|p__Firmicutes|c__Clostridia|o__Eubacteriales|f__Eubacteriaceae|g__Eubacterium|s__None,966,k__Bacteria|p__Firmicutes|c__Negativicutes|o__Acidaminococcales|f__Acidaminococcaceae|g__Acidaminococcus|s__None,0.6666666666666666
562,k__Bacteria|p__Firmicutes|c__Clostridia|o__Eubacteriales|f__Eubacteriaceae|g__Eubacterium|s__None,967,k__Bacteria|p__Firmicutes|c__Negativicutes|o__Acidaminococcales|f__Acidaminococcaceae|g__Phascolarctobacterium|s__None,0.6666666666666666
562,k__Bacteria|p__Firmicutes|c__Clostridia|o__Eubacteriales|f__Eubacteriaceae|g__Eubacterium|s__None,986,k__Bacteria|p__Firmicutes|c__Negativicutes|o__Veillonellales-Selenomonadales|f__Veillonellaceae|g__Dialister|s__None,0.6666666666666666
562,k__Bacteria|p__Firmicutes|c__Clostridia|o__Eubacteriales|f__Eubacteriaceae|g__Eubacterium|s__None,992,k__Bacteria|p__Firmicutes|c__Negativicutes|o__Veillonellales-Selenomonadales|f__Veillonellaceae|g__Veillonella|s__None,0.6666666666666666
562,k__Bacteria|p__Firmicutes|c__Clostridia|o__Eubacteriales|f__Eubacteriaceae|g__Eubacterium|s__None,1055,k__Bacteria|p__Proteobacteria|c__Gammaproteobacteria|o__Burkholderiales|f__Sutterellaceae|g__Parasutterella|s__None,0.8333333333333334
562,k__Bacteria|p__Firmicutes|c__Clostridia|o__Eubacteriales|f__Eubacteriaceae|g__Eubacterium|s__None,1069,k__Bacteria|p__Proteobacteria|c__Gammaproteobacteria|o__Enterobacterales|f__Enterobacteriaceae|g__Escherichia-Shigella|s__None,0.8333333333333334
562,k__Bacteria|p__Firmicutes|c__Clostridia|o__Eubacteriales|f__Eubacteriaceae|g__Eubacterium|s__None,1089,k__Bacteria|p__Proteobacteria|c__Gammaproteobacteria|o__Pseudomonadales|f__Pseudomonadaceae|g__Pseudomonas|s__None,0.8333333333333334
562,k__Bacteria|p__Firmicutes|c__Clostridia|o__Eubacteriales|f__Eubacteriaceae|g__Eubacterium|s__None,1132,k__Bacteria|p__Verrucomicrobiota|c__Verrucomicrobiae|o__Verrucomicrobiales|f__Akkermansiaceae|g__Akkermansia|s__None,0.8333333333333334
562,k__Bacteria|p__Firmicutes|c__Clostridia|o__Eubacteriales|f__Eubacteriaceae|g__Eubacterium|s__None,1136,k__Bacteria|p__None|c__None|o__None|f__None|g__None|s__None,0.4166666666666667
577,k__Bacteria|p__Firmicutes|c__Clostridia|o__Lachnospirales|f__Lachnospiraceae|g__Agathobacter|s__None,588,k__Bacteria|p__Firmicutes|c__Clostridia|o__Lachnospirales|f__Lachnospiraceae|g__Anaerostipes|s__None,0.16666666666666666
577,k__Bacteria|p__Firmicutes|c__Clostridia|o__Lachnospirales|f__Lachnospiraceae|g__Agathobacter|s__None,591,k__Bacteria|p__Firmicutes|c__Clostridia|o__Lachnospirales|f__Lachnospiraceae|g__Anaerostipes|s__uncultured_Lachnospiraceae_bacterium,0.25
577,k__Bacteria|p__Firmicutes|c__Clostridia|o__Lachnospirales|f__Lachnospiraceae|g__Agathobacter|s__None,594,k__Bacteria|p__Firmicutes|c__Clostridia|o__Lachnospirales|f__Lachnospiraceae|g__Blautia|s__None,0.16666666666666666
577,k__Bacteria|p__Firmicutes|c__Clostridia|o__Lachnospirales|f__Lachnospiraceae|g__Agathobacter|s__None,595,k__Bacteria|p__Firmicutes|c__Clostridia|o__Lachnospirales|f__Lachnospiraceae|g__Blautia|s__bacterium_mpn-isolate_group_20,0.25
577,k__Bacteria|p__Firmicutes|c__Clostridia|o__Lachnospirales|f__Lachnospiraceae|g__Agathobacter|s__None,597,k__Bacteria|p__Firmicutes|c__Clostridia|o__Lachnospirales|f__Lachnospiraceae|g__Blautia|s__uncultured_Blautia_sp.,0.25
577,k__Bacteria|p__Firmicutes|c__Clostridia|o__Lachnospirales|f__Lachnospiraceae|g__Agathobacter|s__None,608,k__Bacteria|p__Firmicutes|c__Clostridia|o__Lachnospirales|f__Lachnospiraceae|g__Coprococcus|s__None,0.16666666666666666
577,k__Bacteria|p__Firmicutes|c__Clostridia|o__Lachnospirales|f__Lachnospiraceae|g__Agathobacter|s__None,609,k__Bacteria|p__Firmicutes|c__Clostridia|o__Lachnospirales|f__Lachnospiraceae|g__Coprococcus|s__uncultured_Coprococcus_sp.,0.25
577,k__Bacteria|p__Firmicutes|c__Clostridia|o__Lachnospirales|f__Lachnospiraceae|g__Agathobacter|s__None,612,k__Bacteria|p__Firmicutes|c__Clostridia|o__Lachnospirales|f__Lachnospiraceae|g__Eisenbergiella|s__None,0.16666666666666666
577,k__Bacteria|p__Firmicutes|c__Clostridia|o__Lachnospirales|f__Lachnospiraceae|g__Agathobacter|s__None,619,k__Bacteria|p__Firmicutes|c__Clostridia|o__Lachnospirales|f__Lachnospiraceae|g__Fusicatenibacter|s__uncultured_Lachnospiraceae_bacterium,0.25
577,k__Bacteria|p__Firmicutes|c__Clostridia|o__Lachnospirales|f__Lachnospiraceae|g__Agathobacter|s__None,620,k__Bacteria|p__Firmicutes|c__Clostridia|o__Lachnospirales|f__Lachnospiraceae|g__GCA-900066575|s__None,0.16666666666666666
577,k__Bacteria|p__Firmicutes|c__Clostridia|o__Lachnospirales|f__Lachnospiraceae|g__Agathobacter|s__None,628,k__Bacteria|p__Firmicutes|c__Clostridia|o__Lachnospirales|f__Lachnospiraceae|g__Howardella|s__metagenome,0.25
577,k__Bacteria|p__Firmicutes|c__Clostridia|o__Lachnospirales|f__Lachnospiraceae|g__Agathobacter|s__None,638,k__Bacteria|p__Firmicutes|c__Clostridia|o__Lachnospirales|f__Lachnospiraceae|g__Lachnoclostridium|s__None,0.16666666666666666
577,k__Bacteria|p__Firmicutes|c__Clostridia|o__Lachnospirales|f__Lachnospiraceae|g__Agathobacter|s__None,640,k__Bacteria|p__Firmicutes|c__Clostridia|o__Lachnospirales|f__Lachnospiraceae|g__Lachnoclostridium|s__uncultured_Lachnospiraceae_bacterium,0.25
577,k__Bacteria|p__Firmicutes|c__Clostridia|o__Lachnospirales|f__Lachnospiraceae|g__Agathobacter|s__None,641,k__Bacteria|p__Firmicutes|c__Clostridia|o__Lachnospirales|f__Lachnospiraceae|g__Lachnospira|s__None,0.16666666666666666
577,k__Bacteria|p__Firmicutes|c__Clostridia|o__Lachnospirales|f__Lachnospiraceae|g__Agathobacter|s__None,649,k__Bacteria|p__Firmicutes|c__Clostridia|o__Lachnospirales|f__Lachnospiraceae|g__Lachnospiraceae_ND3007_group|s__metagenome,0.25
577,k__Bacteria|p__Firmicutes|c__Clostridia|o__Lachnospirales|f__Lachnospiraceae|g__Agathobacter|s__None,658,k__Bacteria|p__Firmicutes|c__Clostridia|o__Lachnospirales|f__Lachnospiraceae|g__Lachnospiraceae_NK4A136_group|s__uncultured_bacterium_Adhufec49.25,0.25
577,k__Bacteria|p__Firmicutes|c__Clostridia|o__Lachnospirales|f__Lachnospiraceae|g__Agathobacter|s__None,662,k__Bacteria|p__Firmicutes|c__Clostridia|o__Lachnospirales|f__Lachnospiraceae|g__Lachnospiraceae_UCG-001|s__metagenome,0.25
577,k__Bacteria|p__Firmicutes|c__Clostridia|o__Lachnospirales|f__Lachnospiraceae|g__Agathobacter|s__None,675,k__Bacteria|p__Firmicutes|c__Clostridia|o__Lachnospirales|f__Lachnospiraceae|g__Lachnospiraceae_UCG-010|s__None,0.16666666666666666
577,k__Bacteria|p__Firmicutes|c__Clostridia|o__Lachnospirales|f__Lachnospiraceae|g__Agathobacter|s__None,694,k__Bacteria|p__Firmicutes|c__Clostridia|o__Lachnospirales|f__Lachnospiraceae|g__Roseburia|s__None,0.16666666666666666
577,k__Bacteria|p__Firmicutes|c__Clostridia|o__Lachnospirales|f__Lachnospiraceae|g__Agathobacter|s__None,695,k__Bacteria|p__Firmicutes|c__Clostridia|o__Lachnospirales|f__Lachnospiraceae|g__Roseburia|s__gut_metagenome,0.25
577,k__Bacteria|p__Firmicutes|c__Clostridia|o__Lachnospirales|f__Lachnospiraceae|g__Agathobacter|s__None,705,k__Bacteria|p__Firmicutes|c__Clostridia|o__Lachnospirales|f__Lachnospiraceae|g__Tuzzerella|s__None,0.16666666666666666
577,k__Bacteria|p__Firmicutes|c__Clostridia|o__Lachnospirales|f__Lachnospiraceae|g__Agathobacter|s__None,709,k__Bacteria|p__Firmicutes|c__Clostridia|o__Lachnospirales|f__Lachnospiraceae|g__UC5-1-2E3|s__uncultured_organism,0.25
577,k__Bacteria|p__Firmicutes|c__Clostridia|o__Lachnospirales|f__Lachnospiraceae|g__Agathobacter|s__None,711,k__Bacteria|p__Firmicutes|c__Clostridia|o__Lachnospirales|f__Lachnospiraceae|g__Eubacterium_eligens_group|s__None,0.16666666666666666
577,k__Bacteria|p__Firmicutes|c__Clostridia|o__Lachnospirales|f__Lachnospiraceae|g__Agathobacter|s__None,712,k__Bacteria|p__Firmicutes|c__Clostridia|o__Lachnospirales|f__Lachnospiraceae|g__Eubacterium_fissicatena_group|s__None,0.16666666666666666
577,k__Bacteria|p__Firmicutes|c__Clostridia|o__Lachnospirales|f__Lachnospiraceae|g__Agathobacter|s__None,717,k__Bacteria|p__Firmicutes|c__Clostridia|o__Lachnospirales|f__Lachnospiraceae|g__Eubacterium_hallii_group|s__None,0.16666666666666666
577,k__Bacteria|p__Firmicutes|c__Clostridia|o__Lachnospirales|f__Lachnospiraceae|g__Agathobacter|s__None,722,k__Bacteria|p__Firmicutes|c__Clostridia|o__Lachnospirales|f__Lachnospiraceae|g__Eubacterium_ventriosum_group|s__uncultured_organism,0.25
577,k__Bacteria|p__Firmicutes|c__Clostridia|o__Lachnospirales|f__Lachnospiraceae|g__Agathobacter|s__None,724,k__Bacteria|p__Firmicutes|c__Clostridia|o__Lachnospirales|f__Lachnospiraceae|g__Eubacterium_xylanophilum_group|s__None,0.16666666666666666
577,k__Bacteria|p__Firmicutes|c__Clostridia|o__Lachnospirales|f__Lachnospiraceae|g__Agathobacter|s__None,730,k__Bacteria|p__Firmicutes|c__Clostridia|o__Lachnospirales|f__Lachnospiraceae|g__Ruminococcus_torques_group|s__None,0.16666666666666666
577,k__Bacteria|p__Firmicutes|c__Clostridia|o__Lachnospirales|f__Lachnospiraceae|g__Agathobacter|s__None,732,k__Bacteria|p__Firmicutes|c__Clostridia|o__Lachnospirales|f__Lachnospiraceae|g__None|s__None,0.16666666666666666
577,k__Bacteria|p__Firmicutes|c__Clostridia|o__Lachnospirales|f__Lachnospiraceae|g__Agathobacter|s__None,733,k__Bacteria|p__Firmicutes|c__Clostridia|o__Lachnospirales|f__Lachnospiraceae|g__uncultured|s__None,0.16666666666666666
577,k__Bacteria|p__Firmicutes|c__Clostridia|o__Lachnospirales|f__Lachnospiraceae|g__Agathobacter|s__None,739,k__Bacteria|p__Firmicutes|c__Clostridia|o__Monoglobales|f__Monoglobaceae|g__Monoglobus|s__None,0.5
577,k__Bacteria|p__Firmicutes|c__Clostridia|o__Lachnospirales|f__Lachnospiraceae|g__Agathobacter|s__None,759,k__Bacteria|p__Firmicutes|c__Clostridia|o__Oscillospirales|f__Oscillospiraceae|g__Colidextribacter|s__None,0.5
577,k__Bacteria|p__Firmicutes|c__Clostridia|o__Lachnospirales|f__Lachnospiraceae|g__Agathobacter|s__None,767,k__Bacteria|p__Firmicutes|c__Clostridia|o__Oscillospirales|f__Oscillospiraceae|g__Flavonifractor|s__None,0.5
577,k__Bacteria|p__Firmicutes|c__Clostridia|o__Lachnospirales|f__Lachnospiraceae|g__Agathobacter|s__None,769,k__Bacteria|p__Firmicutes|c__Clostridia|o__Oscillospirales|f__Oscillospiraceae|g__Intestinimonas|s__None,0.5
577,k__Bacteria|p__Firmicutes|c__Clostridia|o__Lachnospirales|f__Lachnospiraceae|g__Agathobacter|s__None,770,k__Bacteria|p__Firmicutes|c__Clostridia|o__Oscillospirales|f__Oscillospiraceae|g__Intestinimonas|s__bacterium_P1C2,0.5833333333333334
577,k__Bacteria|p__Firmicutes|c__Clostridia|o__Lachnospirales|f__Lachnospiraceae|g__Agathobacter|s__None,779,k__Bacteria|p__Firmicutes|c__Clostridia|o__Oscillospirales|f__Oscillospiraceae|g__Oscillibacter|s__None,0.5
577,k__Bacteria|p__Firmicutes|c__Clostridia|o__Lachnospirales|f__Lachnospiraceae|g__Agathobacter|s__None,780,k__Bacteria|p__Firmicutes|c__Clostridia|o__Oscillospirales|f__Oscillospiraceae|g__Oscillibacter|s__metagenome,0.5833333333333334
577,k__Bacteria|p__Firmicutes|c__Clostridia|o__Lachnospirales|f__Lachnospiraceae|g__Agathobacter|s__None,790,k__Bacteria|p__Firmicutes|c__Clostridia|o__Oscillospirales|f__Oscillospiraceae|g__UCG-002|s__None,0.5
577,k__Bacteria|p__Firmicutes|c__Clostridia|o__Lachnospirales|f__Lachnospiraceae|g__Agathobacter|s__None,791,k__Bacteria|p__Firmicutes|c__Clostridia|o__Oscillospirales|f__Oscillospiraceae|g__UCG-003|s__None,0.5
577,k__Bacteria|p__Firmicutes|c__Clostridia|o__Lachnospirales|f__Lachnospiraceae|g__Agathobacter|s__None,794,k__Bacteria|p__Firmicutes|c__Clostridia|o__Oscillospirales|f__Oscillospiraceae|g__UCG-005|s__metagenome,0.5833333333333334
577,k__Bacteria|p__Firmicutes|c__Clostridia|o__Lachnospirales|f__Lachnospiraceae|g__Agathobacter|s__None,812,k__Bacteria|p__Firmicutes|c__Clostridia|o__Oscillospirales|f__Ruminococcaceae|g__Anaerofilum|s__metagenome,0.5833333333333334
577,k__Bacteria|p__Firmicutes|c__Clostridia|o__Lachnospirales|f__Lachnospiraceae|g__Agathobacter|s__None,832,k__Bacteria|p__Firmicutes|c__Clostridia|o__Oscillospirales|f__Ruminococcaceae|g__DTU089|s__None,0.5
577,k__Bacteria|p__Firmicutes|c__Clostridia|o__Lachnospirales|f__Lachnospiraceae|g__Agathobacter|s__None,833,k__Bacteria|p__Firmicutes|c__Clostridia|o__Oscillospirales|f__Ruminococcaceae|g__Faecalibacterium|s__None,0.5
577,k__Bacteria|p__Firmicutes|c__Clostridia|o__Lachnospirales|f__Lachnospiraceae|g__Agathobacter|s__None,839,k__Bacteria|p__Firmicutes|c__Clostridia|o__Oscillospirales|f__Ruminococcaceae|g__Incertae_Sedis|s__metagenome,0.5833333333333334
577,k__Bacteria|p__Firmicutes|c__Clostridia|o__Lachnospirales|f__Lachnospiraceae|g__Agathobacter|s__None,841,k__Bacteria|p__Firmicutes|c__Clostridia|o__Oscillospirales|f__Ruminococcaceae|g__Incertae_Sedis|s__None,0.5
577,k__Bacteria|p__Firmicutes|c__Clostridia|o__Lachnospirales|f__Lachnospiraceae|g__Agathobacter|s__None,859,k__Bacteria|p__Firmicutes|c__Clostridia|o__Oscillospirales|f__Ruminococcaceae|g__Ruminococcus|s__None,0.5
577,k__Bacteria|p__Firmicutes|c__Clostridia|o__Lachnospirales|f__Lachnospiraceae|g__Agathobacter|s__None,860,k__Bacteria|p__Firmicutes|c__Clostridia|o__Oscillospirales|f__Ruminococcaceae|g__Subdoligranulum|s__None,0.5
577,k__Bacteria|p__Firmicutes|c__Clostridia|o__Lachnospirales|f__Lachnospiraceae|g__Agathobacter|s__None,863,k__Bacteria|p__Firmicutes|c__Clostridia|o__Oscillospirales|f__Ruminococcaceae|g__UBA1819|s__None,0.5
577,k__Bacteria|p__Firmicutes|c__Clostridia|o__Lachnospirales|f__Lachnospiraceae|g__Agathobacter|s__None,865,k__Bacteria|p__Firmicutes|c__Clostridia|o__Oscillospirales|f__Ruminococcaceae|g__Eubacterium_siraeum_group|s__None,0.5
577,k__Bacteria|p__Firmicutes|c__Clostridia|o__Lachnospirales|f__Lachnospiraceae|g__Agathobacter|s__None,869,k__Bacteria|p__Firmicutes|c__Clostridia|o__Oscillospirales|f__Ruminococcaceae|g__None|s__None,0.4166666666666667
577,k__Bacteria|p__Firmicutes|c__Clostridia|o__Lachnospirales|f__Lachnospiraceae|g__Agathobacter|s__None,885,k__Bacteria|p__Firmicutes|c__Clostridia|o__Oscillospirales|f__Eubacterium_coprostanoligenes_group|g__None|s__None,0.4166666666666667
577,k__Bacteria|p__Firmicutes|c__Clostridia|o__Lachnospirales|f__Lachnospiraceae|g__Agathobacter|s__None,905,k__Bacteria|p__Firmicutes|c__Clostridia|o__Peptostreptococcales-Tissierellales|f__Anaerovoracaceae|g__Family_XIII_AD3011_group|s__metagenome,0.5833333333333334
577,k__Bacteria|p__Firmicutes|c__Clostridia|o__Lachnospirales|f__Lachnospiraceae|g__Agathobacter|s__None,925,k__Bacteria|p__Firmicutes|c__Clostridia|o__Peptostreptococcales-Tissierellales|f__Anaerovoracaceae|g__None|s__None,0.4166666666666667
577,k__Bacteria|p__Firmicutes|c__Clostridia|o__Lachnospirales|f__Lachnospiraceae|g__Agathobacter|s__None,943,k__Bacteria|p__Firmicutes|c__Clostridia|o__Peptostreptococcales-Tissierellales|f__Peptostreptococcaceae|g__Intestinibacter|s__None,0.5
577,k__Bacteria|p__Firmicutes|c__Clostridia|o__Lachnospirales|f__Lachnospiraceae|g__Agathobacter|s__None,951,k__Bacteria|p__Firmicutes|c__Clostridia|o__Peptostreptococcales-Tissierellales|f__Peptostreptococcaceae|g__Romboutsia|s__None,0.5
577,k__Bacteria|p__Firmicutes|c__Clostridia|o__Lachnospirales|f__Lachnospiraceae|g__Agathobacter|s__None,956,k__Bacteria|p__Firmicutes|c__Clostridia|o__None|f__None|g__None|s__None,0.25
577,k__Bacteria|p__Firmicutes|c__Clostridia|o__Lachnospirales|f__Lachnospiraceae|g__Agathobacter|s__None,966,k__Bacteria|p__Firmicutes|c__Negativicutes|o__Acidaminococcales|f__Acidaminococcaceae|g__Acidaminococcus|s__None,0.6666666666666666
577,k__Bacteria|p__Firmicutes|c__Clostridia|o__Lachnospirales|f__Lachnospiraceae|g__Agathobacter|s__None,967,k__Bacteria|p__Firmicutes|c__Negativicutes|o__Acidaminococcales|f__Acidaminococcaceae|g__Phascolarctobacterium|s__None,0.6666666666666666
577,k__Bacteria|p__Firmicutes|c__Clostridia|o__Lachnospirales|f__Lachnospiraceae|g__Agathobacter|s__None,986,k__Bacteria|p__Firmicutes|c__Negativicutes|o__Veillonellales-Selenomonadales|f__Veillonellaceae|g__Dialister|s__None,0.6666666666666666
577,k__Bacteria|p__Firmicutes|c__Clostridia|o__Lachnospirales|f__Lachnospiraceae|g__Agathobacter|s__None,992,k__Bacteria|p__Firmicutes|c__Negativicutes|o__Veillonellales-Selenomonadales|f__Veillonellaceae|g__Veillonella|s__None,0.6666666666666666
577,k__Bacteria|p__Firmicutes|c__Clostridia|o__Lachnospirales|f__Lachnospiraceae|g__Agathobacter|s__None,1055,k__Bacteria|p__Proteobacteria|c__Gammaproteobacteria|o__Burkholderiales|f__Sutterellaceae|g__Parasutterella|s__None,0.8333333333333334
577,k__Bacteria|p__Firmicutes|c__Clostridia|o__Lachnospirales|f__Lachnospiraceae|g__Agathobacter|s__None,1069,k__Bacteria|p__Proteobacteria|c__Gammaproteobacteria|o__Enterobacterales|f__Enterobacteriaceae|g__Escherichia-Shigella|s__None,0.8333333333333334
577,k__Bacteria|p__Firmicutes|c__Clostridia|o__Lachnospirales|f__Lachnospiraceae|g__Agathobacter|s__None,1089,k__Bacteria|p__Proteobacteria|c__Gammaproteobacteria|o__Pseudomonadales|f__Pseudomonadaceae|g__Pseudomonas|s__None,0.8333333333333334
577,k__Bacteria|p__Firmicutes|c__Clostridia|o__Lachnospirales|f__Lachnospiraceae|g__Agathobacter|s__None,1132,k__Bacteria|p__Verrucomicrobiota|c__Verrucomicrobiae|o__Verrucomicrobiales|f__Akkermansiaceae|g__Akkermansia|s__None,0.8333333333333334
577,k__Bacteria|p__Firmicutes|c__Clostridia|o__Lachnospirales|f__Lachnospiraceae|g__Agathobacter|s__None,1136,k__Bacteria|p__None|c__None|o__None|f__None|g__None|s__None,0.4166666666666667
588,k__Bacteria|p__Firmicutes|c__Clostridia|o__Lachnospirales|f__Lachnospiraceae|g__Anaerostipes|s__None,591,k__Bacteria|p__Firmicutes|c__Clostridia|o__Lachnospirales|f__Lachnospiraceae|g__Anaerostipes|s__uncultured_Lachnospiraceae_bacterium,0.08333333333333333
588,k__Bacteria|p__Firmicutes|c__Clostridia|o__Lachnospirales|f__Lachnospiraceae|g__Anaerostipes|s__None,594,k__Bacteria|p__Firmicutes|c__Clostridia|o__Lachnospirales|f__Lachnospiraceae|g__Blautia|s__None,0.16666666666666666
588,k__Bacteria|p__Firmicutes|c__Clostridia|o__Lachnospirales|f__Lachnospiraceae|g__Anaerostipes|s__None,595,k__Bacteria|p__Firmicutes|c__Clostridia|o__Lachnospirales|f__Lachnospiraceae|g__Blautia|s__bacterium_mpn-isolate_group_20,0.25
588,k__Bacteria|p__Firmicutes|c__Clostridia|o__Lachnospirales|f__Lachnospiraceae|g__Anaerostipes|s__None,597,k__Bacteria|p__Firmicutes|c__Clostridia|o__Lachnospirales|f__Lachnospiraceae|g__Blautia|s__uncultured_Blautia_sp.,0.25
588,k__Bacteria|p__Firmicutes|c__Clostridia|o__Lachnospirales|f__Lachnospiraceae|g__Anaerostipes|s__None,608,k__Bacteria|p__Firmicutes|c__Clostridia|o__Lachnospirales|f__Lachnospiraceae|g__Coprococcus|s__None,0.16666666666666666
588,k__Bacteria|p__Firmicutes|c__Clostridia|o__Lachnospirales|f__Lachnospiraceae|g__Anaerostipes|s__None,609,k__Bacteria|p__Firmicutes|c__Clostridia|o__Lachnospirales|f__Lachnospiraceae|g__Coprococcus|s__uncultured_Coprococcus_sp.,0.25
588,k__Bacteria|p__Firmicutes|c__Clostridia|o__Lachnospirales|f__Lachnospiraceae|g__Anaerostipes|s__None,612,k__Bacteria|p__Firmicutes|c__Clostridia|o__Lachnospirales|f__Lachnospiraceae|g__Eisenbergiella|s__None,0.16666666666666666
588,k__Bacteria|p__Firmicutes|c__Clostridia|o__Lachnospirales|f__Lachnospiraceae|g__Anaerostipes|s__None,619,k__Bacteria|p__Firmicutes|c__Clostridia|o__Lachnospirales|f__Lachnospiraceae|g__Fusicatenibacter|s__uncultured_Lachnospiraceae_bacterium,0.25
588,k__Bacteria|p__Firmicutes|c__Clostridia|o__Lachnospirales|f__Lachnospiraceae|g__Anaerostipes|s__None,620,k__Bacteria|p__Firmicutes|c__Clostridia|o__Lachnospirales|f__Lachnospiraceae|g__GCA-900066575|s__None,0.16666666666666666
588,k__Bacteria|p__Firmicutes|c__Clostridia|o__Lachnospirales|f__Lachnospiraceae|g__Anaerostipes|s__None,628,k__Bacteria|p__Firmicutes|c__Clostridia|o__Lachnospirales|f__Lachnospiraceae|g__Howardella|s__metagenome,0.25
588,k__Bacteria|p__Firmicutes|c__Clostridia|o__Lachnospirales|f__Lachnospiraceae|g__Anaerostipes|s__None,638,k__Bacteria|p__Firmicutes|c__Clostridia|o__Lachnospirales|f__Lachnospiraceae|g__Lachnoclostridium|s__None,0.16666666666666666
588,k__Bacteria|p__Firmicutes|c__Clostridia|o__Lachnospirales|f__Lachnospiraceae|g__Anaerostipes|s__None,640,k__Bacteria|p__Firmicutes|c__Clostridia|o__Lachnospirales|f__Lachnospiraceae|g__Lachnoclostridium|s__uncultured_Lachnospiraceae_bacterium,0.25
588,k__Bacteria|p__Firmicutes|c__Clostridia|o__Lachnospirales|f__Lachnospiraceae|g__Anaerostipes|s__None,641,k__Bacteria|p__Firmicutes|c__Clostridia|o__Lachnospirales|f__Lachnospiraceae|g__Lachnospira|s__None,0.16666666666666666
588,k__Bacteria|p__Firmicutes|c__Clostridia|o__Lachnospirales|f__Lachnospiraceae|g__Anaerostipes|s__None,649,k__Bacteria|p__Firmicutes|c__Clostridia|o__Lachnospirales|f__Lachnospiraceae|g__Lachnospiraceae_ND3007_group|s__metagenome,0.25
588,k__Bacteria|p__Firmicutes|c__Clostridia|o__Lachnospirales|f__Lachnospiraceae|g__Anaerostipes|s__None,658,k__Bacteria|p__Firmicutes|c__Clostridia|o__Lachnospirales|f__Lachnospiraceae|g__Lachnospiraceae_NK4A136_group|s__uncultured_bacterium_Adhufec49.25,0.25
588,k__Bacteria|p__Firmicutes|c__Clostridia|o__Lachnospirales|f__Lachnospiraceae|g__Anaerostipes|s__None,662,k__Bacteria|p__Firmicutes|c__Clostridia|o__Lachnospirales|f__Lachnospiraceae|g__Lachnospiraceae_UCG-001|s__metagenome,0.25
588,k__Bacteria|p__Firmicutes|c__Clostridia|o__Lachnospirales|f__Lachnospiraceae|g__Anaerostipes|s__None,675,k__Bacteria|p__Firmicutes|c__Clostridia|o__Lachnospirales|f__Lachnospiraceae|g__Lachnospiraceae_UCG-010|s__None,0.16666666666666666
588,k__Bacteria|p__Firmicutes|c__Clostridia|o__Lachnospirales|f__Lachnospiraceae|g__Anaerostipes|s__None,694,k__Bacteria|p__Firmicutes|c__Clostridia|o__Lachnospirales|f__Lachnospiraceae|g__Roseburia|s__None,0.16666666666666666
588,k__Bacteria|p__Firmicutes|c__Clostridia|o__Lachnospirales|f__Lachnospiraceae|g__Anaerostipes|s__None,695,k__Bacteria|p__Firmicutes|c__Clostridia|o__Lachnospirales|f__Lachnospiraceae|g__Roseburia|s__gut_metagenome,0.25
588,k__Bacteria|p__Firmicutes|c__Clostridia|o__Lachnospirales|f__Lachnospiraceae|g__Anaerostipes|s__None,705,k__Bacteria|p__Firmicutes|c__Clostridia|o__Lachnospirales|f__Lachnospiraceae|g__Tuzzerella|s__None,0.16666666666666666
588,k__Bacteria|p__Firmicutes|c__Clostridia|o__Lachnospirales|f__Lachnospiraceae|g__Anaerostipes|s__None,709,k__Bacteria|p__Firmicutes|c__Clostridia|o__Lachnospirales|f__Lachnospiraceae|g__UC5-1-2E3|s__uncultured_organism,0.25
588,k__Bacteria|p__Firmicutes|c__Clostridia|o__Lachnospirales|f__Lachnospiraceae|g__Anaerostipes|s__None,711,k__Bacteria|p__Firmicutes|c__Clostridia|o__Lachnospirales|f__Lachnospiraceae|g__Eubacterium_eligens_group|s__None,0.16666666666666666
588,k__Bacteria|p__Firmicutes|c__Clostridia|o__Lachnospirales|f__Lachnospiraceae|g__Anaerostipes|s__None,712,k__Bacteria|p__Firmicutes|c__Clostridia|o__Lachnospirales|f__Lachnospiraceae|g__Eubacterium_fissicatena_group|s__None,0.16666666666666666
588,k__Bacteria|p__Firmicutes|c__Clostridia|o__Lachnospirales|f__Lachnospiraceae|g__Anaerostipes|s__None,717,k__Bacteria|p__Firmicutes|c__Clostridia|o__Lachnospirales|f__Lachnospiraceae|g__Eubacterium_hallii_group|s__None,0.16666666666666666
588,k__Bacteria|p__Firmicutes|c__Clostridia|o__Lachnospirales|f__Lachnospiraceae|g__Anaerostipes|s__None,722,k__Bacteria|p__Firmicutes|c__Clostridia|o__Lachnospirales|f__Lachnospiraceae|g__Eubacterium_ventriosum_group|s__uncultured_organism,0.25
588,k__Bacteria|p__Firmicutes|c__Clostridia|o__Lachnospirales|f__Lachnospiraceae|g__Anaerostipes|s__None,724,k__Bacteria|p__Firmicutes|c__Clostridia|o__Lachnospirales|f__Lachnospiraceae|g__Eubacterium_xylanophilum_group|s__None,0.16666666666666666
588,k__Bacteria|p__Firmicutes|c__Clostridia|o__Lachnospirales|f__Lachnospiraceae|g__Anaerostipes|s__None,730,k__Bacteria|p__Firmicutes|c__Clostridia|o__Lachnospirales|f__Lachnospiraceae|g__Ruminococcus_torques_group|s__None,0.16666666666666666
588,k__Bacteria|p__Firmicutes|c__Clostridia|o__Lachnospirales|f__Lachnospiraceae|g__Anaerostipes|s__None,732,k__Bacteria|p__Firmicutes|c__Clostridia|o__Lachnospirales|f__Lachnospiraceae|g__None|s__None,0.16666666666666666
588,k__Bacteria|p__Firmicutes|c__Clostridia|o__Lachnospirales|f__Lachnospiraceae|g__Anaerostipes|s__None,733,k__Bacteria|p__Firmicutes|c__Clostridia|o__Lachnospirales|f__Lachnospiraceae|g__uncultured|s__None,0.16666666666666666
588,k__Bacteria|p__Firmicutes|c__Clostridia|o__Lachnospirales|f__Lachnospiraceae|g__Anaerostipes|s__None,739,k__Bacteria|p__Firmicutes|c__Clostridia|o__Monoglobales|f__Monoglobaceae|g__Monoglobus|s__None,0.5
588,k__Bacteria|p__Firmicutes|c__Clostridia|o__Lachnospirales|f__Lachnospiraceae|g__Anaerostipes|s__None,759,k__Bacteria|p__Firmicutes|c__Clostridia|o__Oscillospirales|f__Oscillospiraceae|g__Colidextribacter|s__None,0.5
588,k__Bacteria|p__Firmicutes|c__Clostridia|o__Lachnospirales|f__Lachnospiraceae|g__Anaerostipes|s__None,767,k__Bacteria|p__Firmicutes|c__Clostridia|o__Oscillospirales|f__Oscillospiraceae|g__Flavonifractor|s__None,0.5
588,k__Bacteria|p__Firmicutes|c__Clostridia|o__Lachnospirales|f__Lachnospiraceae|g__Anaerostipes|s__None,769,k__Bacteria|p__Firmicutes|c__Clostridia|o__Oscillospirales|f__Oscillospiraceae|g__Intestinimonas|s__None,0.5
588,k__Bacteria|p__Firmicutes|c__Clostridia|o__Lachnospirales|f__Lachnospiraceae|g__Anaerostipes|s__None,770,k__Bacteria|p__Firmicutes|c__Clostridia|o__Oscillospirales|f__Oscillospiraceae|g__Intestinimonas|s__bacterium_P1C2,0.5833333333333334
588,k__Bacteria|p__Firmicutes|c__Clostridia|o__Lachnospirales|f__Lachnospiraceae|g__Anaerostipes|s__None,779,k__Bacteria|p__Firmicutes|c__Clostridia|o__Oscillospirales|f__Oscillospiraceae|g__Oscillibacter|s__None,0.5
588,k__Bacteria|p__Firmicutes|c__Clostridia|o__Lachnospirales|f__Lachnospiraceae|g__Anaerostipes|s__None,780,k__Bacteria|p__Firmicutes|c__Clostridia|o__Oscillospirales|f__Oscillospiraceae|g__Oscillibacter|s__metagenome,0.5833333333333334
588,k__Bacteria|p__Firmicutes|c__Clostridia|o__Lachnospirales|f__Lachnospiraceae|g__Anaerostipes|s__None,790,k__Bacteria|p__Firmicutes|c__Clostridia|o__Oscillospirales|f__Oscillospiraceae|g__UCG-002|s__None,0.5
588,k__Bacteria|p__Firmicutes|c__Clostridia|o__Lachnospirales|f__Lachnospiraceae|g__Anaerostipes|s__None,791,k__Bacteria|p__Firmicutes|c__Clostridia|o__Oscillospirales|f__Oscillospiraceae|g__UCG-003|s__None,0.5
588,k__Bacteria|p__Firmicutes|c__Clostridia|o__Lachnospirales|f__Lachnospiraceae|g__Anaerostipes|s__None,794,k__Bacteria|p__Firmicutes|c__Clostridia|o__Oscillospirales|f__Oscillospiraceae|g__UCG-005|s__metagenome,0.5833333333333334
588,k__Bacteria|p__Firmicutes|c__Clostridia|o__Lachnospirales|f__Lachnospiraceae|g__Anaerostipes|s__None,812,k__Bacteria|p__Firmicutes|c__Clostridia|o__Oscillospirales|f__Ruminococcaceae|g__Anaerofilum|s__metagenome,0.5833333333333334
588,k__Bacteria|p__Firmicutes|c__Clostridia|o__Lachnospirales|f__Lachnospiraceae|g__Anaerostipes|s__None,832,k__Bacteria|p__Firmicutes|c__Clostridia|o__Oscillospirales|f__Ruminococcaceae|g__DTU089|s__None,0.5
588,k__Bacteria|p__Firmicutes|c__Clostridia|o__Lachnospirales|f__Lachnospiraceae|g__Anaerostipes|s__None,833,k__Bacteria|p__Firmicutes|c__Clostridia|o__Oscillospirales|f__Ruminococcaceae|g__Faecalibacterium|s__None,0.5
588,k__Bacteria|p__Firmicutes|c__Clostridia|o__Lachnospirales|f__Lachnospiraceae|g__Anaerostipes|s__None,839,k__Bacteria|p__Firmicutes|c__Clostridia|o__Oscillospirales|f__Ruminococcaceae|g__Incertae_Sedis|s__metagenome,0.5833333333333334
588,k__Bacteria|p__Firmicutes|c__Clostridia|o__Lachnospirales|f__Lachnospiraceae|g__Anaerostipes|s__None,841,k__Bacteria|p__Firmicutes|c__Clostridia|o__Oscillospirales|f__Ruminococcaceae|g__Incertae_Sedis|s__None,0.5
588,k__Bacteria|p__Firmicutes|c__Clostridia|o__Lachnospirales|f__Lachnospiraceae|g__Anaerostipes|s__None,859,k__Bacteria|p__Firmicutes|c__Clostridia|o__Oscillospirales|f__Ruminococcaceae|g__Ruminococcus|s__None,0.5
588,k__Bacteria|p__Firmicutes|c__Clostridia|o__Lachnospirales|f__Lachnospiraceae|g__Anaerostipes|s__None,860,k__Bacteria|p__Firmicutes|c__Clostridia|o__Oscillospirales|f__Ruminococcaceae|g__Subdoligranulum|s__None,0.5
588,k__Bacteria|p__Firmicutes|c__Clostridia|o__Lachnospirales|f__Lachnospiraceae|g__Anaerostipes|s__None,863,k__Bacteria|p__Firmicutes|c__Clostridia|o__Oscillospirales|f__Ruminococcaceae|g__UBA1819|s__None,0.5
588,k__Bacteria|p__Firmicutes|c__Clostridia|o__Lachnospirales|f__Lachnospiraceae|g__Anaerostipes|s__None,865,k__Bacteria|p__Firmicutes|c__Clostridia|o__Oscillospirales|f__Ruminococcaceae|g__Eubacterium_siraeum_group|s__None,0.5
588,k__Bacteria|p__Firmicutes|c__Clostridia|o__Lachnospirales|f__Lachnospiraceae|g__Anaerostipes|s__None,869,k__Bacteria|p__Firmicutes|c__Clostridia|o__Oscillospirales|f__Ruminococcaceae|g__None|s__None,0.4166666666666667
588,k__Bacteria|p__Firmicutes|c__Clostridia|o__Lachnospirales|f__Lachnospiraceae|g__Anaerostipes|s__None,885,k__Bacteria|p__Firmicutes|c__Clostridia|o__Oscillospirales|f__Eubacterium_coprostanoligenes_group|g__None|s__None,0.4166666666666667
588,k__Bacteria|p__Firmicutes|c__Clostridia|o__Lachnospirales|f__Lachnospiraceae|g__Anaerostipes|s__None,905,k__Bacteria|p__Firmicutes|c__Clostridia|o__Peptostreptococcales-Tissierellales|f__Anaerovoracaceae|g__Family_XIII_AD3011_group|s__metagenome,0.5833333333333334
588,k__Bacteria|p__Firmicutes|c__Clostridia|o__Lachnospirales|f__Lachnospiraceae|g__Anaerostipes|s__None,925,k__Bacteria|p__Firmicutes|c__Clostridia|o__Peptostreptococcales-Tissierellales|f__Anaerovoracaceae|g__None|s__None,0.4166666666666667
588,k__Bacteria|p__Firmicutes|c__Clostridia|o__Lachnospirales|f__Lachnospiraceae|g__Anaerostipes|s__None,943,k__Bacteria|p__Firmicutes|c__Clostridia|o__Peptostreptococcales-Tissierellales|f__Peptostreptococcaceae|g__Intestinibacter|s__None,0.5
588,k__Bacteria|p__Firmicutes|c__Clostridia|o__Lachnospirales|f__Lachnospiraceae|g__Anaerostipes|s__None,951,k__Bacteria|p__Firmicutes|c__Clostridia|o__Peptostreptococcales-Tissierellales|f__Peptostreptococcaceae|g__Romboutsia|s__None,0.5
588,k__Bacteria|p__Firmicutes|c__Clostridia|o__Lachnospirales|f__Lachnospiraceae|g__Anaerostipes|s__None,956,k__Bacteria|p__Firmicutes|c__Clostridia|o__None|f__None|g__None|s__None,0.25
588,k__Bacteria|p__Firmicutes|c__Clostridia|o__Lachnospirales|f__Lachnospiraceae|g__Anaerostipes|s__None,966,k__Bacteria|p__Firmicutes|c__Negativicutes|o__Acidaminococcales|f__Acidaminococcaceae|g__Acidaminococcus|s__None,0.6666666666666666
588,k__Bacteria|p__Firmicutes|c__Clostridia|o__Lachnospirales|f__Lachnospiraceae|g__Anaerostipes|s__None,967,k__Bacteria|p__Firmicutes|c__Negativicutes|o__Acidaminococcales|f__Acidaminococcaceae|g__Phascolarctobacterium|s__None,0.6666666666666666
588,k__Bacteria|p__Firmicutes|c__Clostridia|o__Lachnospirales|f__Lachnospiraceae|g__Anaerostipes|s__None,986,k__Bacteria|p__Firmicutes|c__Negativicutes|o__Veillonellales-Selenomonadales|f__Veillonellaceae|g__Dialister|s__None,0.6666666666666666
588,k__Bacteria|p__Firmicutes|c__Clostridia|o__Lachnospirales|f__Lachnospiraceae|g__Anaerostipes|s__None,992,k__Bacteria|p__Firmicutes|c__Negativicutes|o__Veillonellales-Selenomonadales|f__Veillonellaceae|g__Veillonella|s__None,0.6666666666666666
588,k__Bacteria|p__Firmicutes|c__Clostridia|o__Lachnospirales|f__Lachnospiraceae|g__Anaerostipes|s__None,1055,k__Bacteria|p__Proteobacteria|c__Gammaproteobacteria|o__Burkholderiales|f__Sutterellaceae|g__Parasutterella|s__None,0.8333333333333334
588,k__Bacteria|p__Firmicutes|c__Clostridia|o__Lachnospirales|f__Lachnospiraceae|g__Anaerostipes|s__None,1069,k__Bacteria|p__Proteobacteria|c__Gammaproteobacteria|o__Enterobacterales|f__Enterobacteriaceae|g__Escherichia-Shigella|s__None,0.8333333333333334
588,k__Bacteria|p__Firmicutes|c__Clostridia|o__Lachnospirales|f__Lachnospiraceae|g__Anaerostipes|s__None,1089,k__Bacteria|p__Proteobacteria|c__Gammaproteobacteria|o__Pseudomonadales|f__Pseudomonadaceae|g__Pseudomonas|s__None,0.8333333333333334
588,k__Bacteria|p__Firmicutes|c__Clostridia|o__Lachnospirales|f__Lachnospiraceae|g__Anaerostipes|s__None,1132,k__Bacteria|p__Verrucomicrobiota|c__Verrucomicrobiae|o__Verrucomicrobiales|f__Akkermansiaceae|g__Akkermansia|s__None,0.8333333333333334
588,k__Bacteria|p__Firmicutes|c__Clostridia|o__Lachnospirales|f__Lachnospiraceae|g__Anaerostipes|s__None,1136,k__Bacteria|p__None|c__None|o__None|f__None|g__None|s__None,0.4166666666666667
591,k__Bacteria|p__Firmicutes|c__Clostridia|o__Lachnospirales|f__Lachnospiraceae|g__Anaerostipes|s__uncultured_Lachnospiraceae_bacterium,594,k__Bacteria|p__Firmicutes|c__Clostridia|o__Lachnospirales|f__Lachnospiraceae|g__Blautia|s__None,0.25
591,k__Bacteria|p__Firmicutes|c__Clostridia|o__Lachnospirales|f__Lachnospiraceae|g__Anaerostipes|s__uncultured_Lachnospiraceae_bacterium,595,k__Bacteria|p__Firmicutes|c__Clostridia|o__Lachnospirales|f__Lachnospiraceae|g__Blautia|s__bacterium_mpn-isolate_group_20,0.3333333333333333
591,k__Bacteria|p__Firmicutes|c__Clostridia|o__Lachnospirales|f__Lachnospiraceae|g__Anaerostipes|s__uncultured_Lachnospiraceae_bacterium,597,k__Bacteria|p__Firmicutes|c__Clostridia|o__Lachnospirales|f__Lachnospiraceae|g__Blautia|s__uncultured_Blautia_sp.,0.3333333333333333
591,k__Bacteria|p__Firmicutes|c__Clostridia|o__Lachnospirales|f__Lachnospiraceae|g__Anaerostipes|s__uncultured_Lachnospiraceae_bacterium,608,k__Bacteria|p__Firmicutes|c__Clostridia|o__Lachnospirales|f__Lachnospiraceae|g__Coprococcus|s__None,0.25
591,k__Bacteria|p__Firmicutes|c__Clostridia|o__Lachnospirales|f__Lachnospiraceae|g__Anaerostipes|s__uncultured_Lachnospiraceae_bacterium,609,k__Bacteria|p__Firmicutes|c__Clostridia|o__Lachnospirales|f__Lachnospiraceae|g__Coprococcus|s__uncultured_Coprococcus_sp.,0.3333333333333333
591,k__Bacteria|p__Firmicutes|c__Clostridia|o__Lachnospirales|f__Lachnospiraceae|g__Anaerostipes|s__uncultured_Lachnospiraceae_bacterium,612,k__Bacteria|p__Firmicutes|c__Clostridia|o__Lachnospirales|f__Lachnospiraceae|g__Eisenbergiella|s__None,0.25
591,k__Bacteria|p__Firmicutes|c__Clostridia|o__Lachnospirales|f__Lachnospiraceae|g__Anaerostipes|s__uncultured_Lachnospiraceae_bacterium,619,k__Bacteria|p__Firmicutes|c__Clostridia|o__Lachnospirales|f__Lachnospiraceae|g__Fusicatenibacter|s__uncultured_Lachnospiraceae_bacterium,0.3333333333333333
591,k__Bacteria|p__Firmicutes|c__Clostridia|o__Lachnospirales|f__Lachnospiraceae|g__Anaerostipes|s__uncultured_Lachnospiraceae_bacterium,620,k__Bacteria|p__Firmicutes|c__Clostridia|o__Lachnospirales|f__Lachnospiraceae|g__GCA-900066575|s__None,0.25
591,k__Bacteria|p__Firmicutes|c__Clostridia|o__Lachnospirales|f__Lachnospiraceae|g__Anaerostipes|s__uncultured_Lachnospiraceae_bacterium,628,k__Bacteria|p__Firmicutes|c__Clostridia|o__Lachnospirales|f__Lachnospiraceae|g__Howardella|s__metagenome,0.3333333333333333
591,k__Bacteria|p__Firmicutes|c__Clostridia|o__Lachnospirales|f__Lachnospiraceae|g__Anaerostipes|s__uncultured_Lachnospiraceae_bacterium,638,k__Bacteria|p__Firmicutes|c__Clostridia|o__Lachnospirales|f__Lachnospiraceae|g__Lachnoclostridium|s__None,0.25
591,k__Bacteria|p__Firmicutes|c__Clostridia|o__Lachnospirales|f__Lachnospiraceae|g__Anaerostipes|s__uncultured_Lachnospiraceae_bacterium,640,k__Bacteria|p__Firmicutes|c__Clostridia|o__Lachnospirales|f__Lachnospiraceae|g__Lachnoclostridium|s__uncultured_Lachnospiraceae_bacterium,0.3333333333333333
591,k__Bacteria|p__Firmicutes|c__Clostridia|o__Lachnospirales|f__Lachnospiraceae|g__Anaerostipes|s__uncultured_Lachnospiraceae_bacterium,641,k__Bacteria|p__Firmicutes|c__Clostridia|o__Lachnospirales|f__Lachnospiraceae|g__Lachnospira|s__None,0.25
591,k__Bacteria|p__Firmicutes|c__Clostridia|o__Lachnospirales|f__Lachnospiraceae|g__Anaerostipes|s__uncultured_Lachnospiraceae_bacterium,649,k__Bacteria|p__Firmicutes|c__Clostridia|o__Lachnospirales|f__Lachnospiraceae|g__Lachnospiraceae_ND3007_group|s__metagenome,0.3333333333333333
591,k__Bacteria|p__Firmicutes|c__Clostridia|o__Lachnospirales|f__Lachnospiraceae|g__Anaerostipes|s__uncultured_Lachnospiraceae_bacterium,658,k__Bacteria|p__Firmicutes|c__Clostridia|o__Lachnospirales|f__Lachnospiraceae|g__Lachnospiraceae_NK4A136_group|s__uncultured_bacterium_Adhufec49.25,0.3333333333333333
591,k__Bacteria|p__Firmicutes|c__Clostridia|o__Lachnospirales|f__Lachnospiraceae|g__Anaerostipes|s__uncultured_Lachnospiraceae_bacterium,662,k__Bacteria|p__Firmicutes|c__Clostridia|o__Lachnospirales|f__Lachnospiraceae|g__Lachnospiraceae_UCG-001|s__metagenome,0.3333333333333333
591,k__Bacteria|p__Firmicutes|c__Clostridia|o__Lachnospirales|f__Lachnospiraceae|g__Anaerostipes|s__uncultured_Lachnospiraceae_bacterium,675,k__Bacteria|p__Firmicutes|c__Clostridia|o__Lachnospirales|f__Lachnospiraceae|g__Lachnospiraceae_UCG-010|s__None,0.25
591,k__Bacteria|p__Firmicutes|c__Clostridia|o__Lachnospirales|f__Lachnospiraceae|g__Anaerostipes|s__uncultured_Lachnospiraceae_bacterium,694,k__Bacteria|p__Firmicutes|c__Clostridia|o__Lachnospirales|f__Lachnospiraceae|g__Roseburia|s__None,0.25
591,k__Bacteria|p__Firmicutes|c__Clostridia|o__Lachnospirales|f__Lachnospiraceae|g__Anaerostipes|s__uncultured_Lachnospiraceae_bacterium,695,k__Bacteria|p__Firmicutes|c__Clostridia|o__Lachnospirales|f__Lachnospiraceae|g__Roseburia|s__gut_metagenome,0.3333333333333333
591,k__Bacteria|p__Firmicutes|c__Clostridia|o__Lachnospirales|f__Lachnospiraceae|g__Anaerostipes|s__uncultured_Lachnospiraceae_bacterium,705,k__Bacteria|p__Firmicutes|c__Clostridia|o__Lachnospirales|f__Lachnospiraceae|g__Tuzzerella|s__None,0.25
591,k__Bacteria|p__Firmicutes|c__Clostridia|o__Lachnospirales|f__Lachnospiraceae|g__Anaerostipes|s__uncultured_Lachnospiraceae_bacterium,709,k__Bacteria|p__Firmicutes|c__Clostridia|o__Lachnospirales|f__Lachnospiraceae|g__UC5-1-2E3|s__uncultured_organism,0.3333333333333333
591,k__Bacteria|p__Firmicutes|c__Clostridia|o__Lachnospirales|f__Lachnospiraceae|g__Anaerostipes|s__uncultured_Lachnospiraceae_bacterium,711,k__Bacteria|p__Firmicutes|c__Clostridia|o__Lachnospirales|f__Lachnospiraceae|g__Eubacterium_eligens_group|s__None,0.25
591,k__Bacteria|p__Firmicutes|c__Clostridia|o__Lachnospirales|f__Lachnospiraceae|g__Anaerostipes|s__uncultured_Lachnospiraceae_bacterium,712,k__Bacteria|p__Firmicutes|c__Clostridia|o__Lachnospirales|f__Lachnospiraceae|g__Eubacterium_fissicatena_group|s__None,0.25
591,k__Bacteria|p__Firmicutes|c__Clostridia|o__Lachnospirales|f__Lachnospiraceae|g__Anaerostipes|s__uncultured_Lachnospiraceae_bacterium,717,k__Bacteria|p__Firmicutes|c__Clostridia|o__Lachnospirales|f__Lachnospiraceae|g__Eubacterium_hallii_group|s__None,0.25
591,k__Bacteria|p__Firmicutes|c__Clostridia|o__Lachnospirales|f__Lachnospiraceae|g__Anaerostipes|s__uncultured_Lachnospiraceae_bacterium,722,k__Bacteria|p__Firmicutes|c__Clostridia|o__Lachnospirales|f__Lachnospiraceae|g__Eubacterium_ventriosum_group|s__uncultured_organism,0.3333333333333333
591,k__Bacteria|p__Firmicutes|c__Clostridia|o__Lachnospirales|f__Lachnospiraceae|g__Anaerostipes|s__uncultured_Lachnospiraceae_bacterium,724,k__Bacteria|p__Firmicutes|c__Clostridia|o__Lachnospirales|f__Lachnospiraceae|g__Eubacterium_xylanophilum_group|s__None,0.25
591,k__Bacteria|p__Firmicutes|c__Clostridia|o__Lachnospirales|f__Lachnospiraceae|g__Anaerostipes|s__uncultured_Lachnospiraceae_bacterium,730,k__Bacteria|p__Firmicutes|c__Clostridia|o__Lachnospirales|f__Lachnospiraceae|g__Ruminococcus_torques_group|s__None,0.25
591,k__Bacteria|p__Firmicutes|c__Clostridia|o__Lachnospirales|f__Lachnospiraceae|g__Anaerostipes|s__uncultured_Lachnospiraceae_bacterium,732,k__Bacteria|p__Firmicutes|c__Clostridia|o__Lachnospirales|f__Lachnospiraceae|g__None|s__None,0.25
591,k__Bacteria|p__Firmicutes|c__Clostridia|o__Lachnospirales|f__Lachnospiraceae|g__Anaerostipes|s__uncultured_Lachnospiraceae_bacterium,733,k__Bacteria|p__Firmicutes|c__Clostridia|o__Lachnospirales|f__Lachnospiraceae|g__uncultured|s__None,0.25
591,k__Bacteria|p__Firmicutes|c__Clostridia|o__Lachnospirales|f__Lachnospiraceae|g__Anaerostipes|s__uncultured_Lachnospiraceae_bacterium,739,k__Bacteria|p__Firmicutes|c__Clostridia|o__Monoglobales|f__Monoglobaceae|g__Monoglobus|s__None,0.5833333333333334
591,k__Bacteria|p__Firmicutes|c__Clostridia|o__Lachnospirales|f__Lachnospiraceae|g__Anaerostipes|s__uncultured_Lachnospiraceae_bacterium,759,k__Bacteria|p__Firmicutes|c__Clostridia|o__Oscillospirales|f__Oscillospiraceae|g__Colidextribacter|s__None,0.5833333333333334
591,k__Bacteria|p__Firmicutes|c__Clostridia|o__Lachnospirales|f__Lachnospiraceae|g__Anaerostipes|s__uncultured_Lachnospiraceae_bacterium,767,k__Bacteria|p__Firmicutes|c__Clostridia|o__Oscillospirales|f__Oscillospiraceae|g__Flavonifractor|s__None,0.5833333333333334
591,k__Bacteria|p__Firmicutes|c__Clostridia|o__Lachnospirales|f__Lachnospiraceae|g__Anaerostipes|s__uncultured_Lachnospiraceae_bacterium,769,k__Bacteria|p__Firmicutes|c__Clostridia|o__Oscillospirales|f__Oscillospiraceae|g__Intestinimonas|s__None,0.5833333333333334
591,k__Bacteria|p__Firmicutes|c__Clostridia|o__Lachnospirales|f__Lachnospiraceae|g__Anaerostipes|s__uncultured_Lachnospiraceae_bacterium,770,k__Bacteria|p__Firmicutes|c__Clostridia|o__Oscillospirales|f__Oscillospiraceae|g__Intestinimonas|s__bacterium_P1C2,0.6666666666666666
591,k__Bacteria|p__Firmicutes|c__Clostridia|o__Lachnospirales|f__Lachnospiraceae|g__Anaerostipes|s__uncultured_Lachnospiraceae_bacterium,779,k__Bacteria|p__Firmicutes|c__Clostridia|o__Oscillospirales|f__Oscillospiraceae|g__Oscillibacter|s__None,0.5833333333333334
591,k__Bacteria|p__Firmicutes|c__Clostridia|o__Lachnospirales|f__Lachnospiraceae|g__Anaerostipes|s__uncultured_Lachnospiraceae_bacterium,780,k__Bacteria|p__Firmicutes|c__Clostridia|o__Oscillospirales|f__Oscillospiraceae|g__Oscillibacter|s__metagenome,0.6666666666666666
591,k__Bacteria|p__Firmicutes|c__Clostridia|o__Lachnospirales|f__Lachnospiraceae|g__Anaerostipes|s__uncultured_Lachnospiraceae_bacterium,790,k__Bacteria|p__Firmicutes|c__Clostridia|o__Oscillospirales|f__Oscillospiraceae|g__UCG-002|s__None,0.5833333333333334
591,k__Bacteria|p__Firmicutes|c__Clostridia|o__Lachnospirales|f__Lachnospiraceae|g__Anaerostipes|s__uncultured_Lachnospiraceae_bacterium,791,k__Bacteria|p__Firmicutes|c__Clostridia|o__Oscillospirales|f__Oscillospiraceae|g__UCG-003|s__None,0.5833333333333334
591,k__Bacteria|p__Firmicutes|c__Clostridia|o__Lachnospirales|f__Lachnospiraceae|g__Anaerostipes|s__uncultured_Lachnospiraceae_bacterium,794,k__Bacteria|p__Firmicutes|c__Clostridia|o__Oscillospirales|f__Oscillospiraceae|g__UCG-005|s__metagenome,0.6666666666666666
591,k__Bacteria|p__Firmicutes|c__Clostridia|o__Lachnospirales|f__Lachnospiraceae|g__Anaerostipes|s__uncultured_Lachnospiraceae_bacterium,812,k__Bacteria|p__Firmicutes|c__Clostridia|o__Oscillospirales|f__Ruminococcaceae|g__Anaerofilum|s__metagenome,0.6666666666666666
591,k__Bacteria|p__Firmicutes|c__Clostridia|o__Lachnospirales|f__Lachnospiraceae|g__Anaerostipes|s__uncultured_Lachnospiraceae_bacterium,832,k__Bacteria|p__Firmicutes|c__Clostridia|o__Oscillospirales|f__Ruminococcaceae|g__DTU089|s__None,0.5833333333333334
591,k__Bacteria|p__Firmicutes|c__Clostridia|o__Lachnospirales|f__Lachnospiraceae|g__Anaerostipes|s__uncultured_Lachnospiraceae_bacterium,833,k__Bacteria|p__Firmicutes|c__Clostridia|o__Oscillospirales|f__Ruminococcaceae|g__Faecalibacterium|s__None,0.5833333333333334
591,k__Bacteria|p__Firmicutes|c__Clostridia|o__Lachnospirales|f__Lachnospiraceae|g__Anaerostipes|s__uncultured_Lachnospiraceae_bacterium,839,k__Bacteria|p__Firmicutes|c__Clostridia|o__Oscillospirales|f__Ruminococcaceae|g__Incertae_Sedis|s__metagenome,0.6666666666666666
591,k__Bacteria|p__Firmicutes|c__Clostridia|o__Lachnospirales|f__Lachnospiraceae|g__Anaerostipes|s__uncultured_Lachnospiraceae_bacterium,841,k__Bacteria|p__Firmicutes|c__Clostridia|o__Oscillospirales|f__Ruminococcaceae|g__Incertae_Sedis|s__None,0.5833333333333334
591,k__Bacteria|p__Firmicutes|c__Clostridia|o__Lachnospirales|f__Lachnospiraceae|g__Anaerostipes|s__uncultured_Lachnospiraceae_bacterium,859,k__Bacteria|p__Firmicutes|c__Clostridia|o__Oscillospirales|f__Ruminococcaceae|g__Ruminococcus|s__None,0.5833333333333334
591,k__Bacteria|p__Firmicutes|c__Clostridia|o__Lachnospirales|f__Lachnospiraceae|g__Anaerostipes|s__uncultured_Lachnospiraceae_bacterium,860,k__Bacteria|p__Firmicutes|c__Clostridia|o__Oscillospirales|f__Ruminococcaceae|g__Subdoligranulum|s__None,0.5833333333333334
591,k__Bacteria|p__Firmicutes|c__Clostridia|o__Lachnospirales|f__Lachnospiraceae|g__Anaerostipes|s__uncultured_Lachnospiraceae_bacterium,863,k__Bacteria|p__Firmicutes|c__Clostridia|o__Oscillospirales|f__Ruminococcaceae|g__UBA1819|s__None,0.5833333333333334
591,k__Bacteria|p__Firmicutes|c__Clostridia|o__Lachnospirales|f__Lachnospiraceae|g__Anaerostipes|s__uncultured_Lachnospiraceae_bacterium,865,k__Bacteria|p__Firmicutes|c__Clostridia|o__Oscillospirales|f__Ruminococcaceae|g__Eubacterium_siraeum_group|s__None,0.5833333333333334
591,k__Bacteria|p__Firmicutes|c__Clostridia|o__Lachnospirales|f__Lachnospiraceae|g__Anaerostipes|s__uncultured_Lachnospiraceae_bacterium,869,k__Bacteria|p__Firmicutes|c__Clostridia|o__Oscillospirales|f__Ruminococcaceae|g__None|s__None,0.5
591,k__Bacteria|p__Firmicutes|c__Clostridia|o__Lachnospirales|f__Lachnospiraceae|g__Anaerostipes|s__uncultured_Lachnospiraceae_bacterium,885,k__Bacteria|p__Firmicutes|c__Clostridia|o__Oscillospirales|f__Eubacterium_coprostanoligenes_group|g__None|s__None,0.5
591,k__Bacteria|p__Firmicutes|c__Clostridia|o__Lachnospirales|f__Lachnospiraceae|g__Anaerostipes|s__uncultured_Lachnospiraceae_bacterium,905,k__Bacteria|p__Firmicutes|c__Clostridia|o__Peptostreptococcales-Tissierellales|f__Anaerovoracaceae|g__Family_XIII_AD3011_group|s__metagenome,0.6666666666666666
591,k__Bacteria|p__Firmicutes|c__Clostridia|o__Lachnospirales|f__Lachnospiraceae|g__Anaerostipes|s__uncultured_Lachnospiraceae_bacterium,925,k__Bacteria|p__Firmicutes|c__Clostridia|o__Peptostreptococcales-Tissierellales|f__Anaerovoracaceae|g__None|s__None,0.5
591,k__Bacteria|p__Firmicutes|c__Clostridia|o__Lachnospirales|f__Lachnospiraceae|g__Anaerostipes|s__uncultured_Lachnospiraceae_bacterium,943,k__Bacteria|p__Firmicutes|c__Clostridia|o__Peptostreptococcales-Tissierellales|f__Peptostreptococcaceae|g__Intestinibacter|s__None,0.5833333333333334
591,k__Bacteria|p__Firmicutes|c__Clostridia|o__Lachnospirales|f__Lachnospiraceae|g__Anaerostipes|s__uncultured_Lachnospiraceae_bacterium,951,k__Bacteria|p__Firmicutes|c__Clostridia|o__Peptostreptococcales-Tissierellales|f__Peptostreptococcaceae|g__Romboutsia|s__None,0.5833333333333334
591,k__Bacteria|p__Firmicutes|c__Clostridia|o__Lachnospirales|f__Lachnospiraceae|g__Anaerostipes|s__uncultured_Lachnospiraceae_bacterium,956,k__Bacteria|p__Firmicutes|c__Clostridia|o__None|f__None|g__None|s__None,0.3333333333333333
591,k__Bacteria|p__Firmicutes|c__Clostridia|o__Lachnospirales|f__Lachnospiraceae|g__Anaerostipes|s__uncultured_Lachnospiraceae_bacterium,966,k__Bacteria|p__Firmicutes|c__Negativicutes|o__Acidaminococcales|f__Acidaminococcaceae|g__Acidaminococcus|s__None,0.75
591,k__Bacteria|p__Firmicutes|c__Clostridia|o__Lachnospirales|f__Lachnospiraceae|g__Anaerostipes|s__uncultured_Lachnospiraceae_bacterium,967,k__Bacteria|p__Firmicutes|c__Negativicutes|o__Acidaminococcales|f__Acidaminococcaceae|g__Phascolarctobacterium|s__None,0.75
591,k__Bacteria|p__Firmicutes|c__Clostridia|o__Lachnospirales|f__Lachnospiraceae|g__Anaerostipes|s__uncultured_Lachnospiraceae_bacterium,986,k__Bacteria|p__Firmicutes|c__Negativicutes|o__Veillonellales-Selenomonadales|f__Veillonellaceae|g__Dialister|s__None,0.75
591,k__Bacteria|p__Firmicutes|c__Clostridia|o__Lachnospirales|f__Lachnospiraceae|g__Anaerostipes|s__uncultured_Lachnospiraceae_bacterium,992,k__Bacteria|p__Firmicutes|c__Negativicutes|o__Veillonellales-Selenomonadales|f__Veillonellaceae|g__Veillonella|s__None,0.75
591,k__Bacteria|p__Firmicutes|c__Clostridia|o__Lachnospirales|f__Lachnospiraceae|g__Anaerostipes|s__uncultured_Lachnospiraceae_bacterium,1055,k__Bacteria|p__Proteobacteria|c__Gammaproteobacteria|o__Burkholderiales|f__Sutterellaceae|g__Parasutterella|s__None,0.9166666666666666
591,k__Bacteria|p__Firmicutes|c__Clostridia|o__Lachnospirales|f__Lachnospiraceae|g__Anaerostipes|s__uncultured_Lachnospiraceae_bacterium,1069,k__Bacteria|p__Proteobacteria|c__Gammaproteobacteria|o__Enterobacterales|f__Enterobacteriaceae|g__Escherichia-Shigella|s__None,0.9166666666666666
591,k__Bacteria|p__Firmicutes|c__Clostridia|o__Lachnospirales|f__Lachnospiraceae|g__Anaerostipes|s__uncultured_Lachnospiraceae_bacterium,1089,k__Bacteria|p__Proteobacteria|c__Gammaproteobacteria|o__Pseudomonadales|f__Pseudomonadaceae|g__Pseudomonas|s__None,0.9166666666666666
591,k__Bacteria|p__Firmicutes|c__Clostridia|o__Lachnospirales|f__Lachnospiraceae|g__Anaerostipes|s__uncultured_Lachnospiraceae_bacterium,1132,k__Bacteria|p__Verrucomicrobiota|c__Verrucomicrobiae|o__Verrucomicrobiales|f__Akkermansiaceae|g__Akkermansia|s__None,0.9166666666666666
591,k__Bacteria|p__Firmicutes|c__Clostridia|o__Lachnospirales|f__Lachnospiraceae|g__Anaerostipes|s__uncultured_Lachnospiraceae_bacterium,1136,k__Bacteria|p__None|c__None|o__None|f__None|g__None|s__None,0.5
594,k__Bacteria|p__Firmicutes|c__Clostridia|o__Lachnospirales|f__Lachnospiraceae|g__Blautia|s__None,595,k__Bacteria|p__Firmicutes|c__Clostridia|o__Lachnospirales|f__Lachnospiraceae|g__Blautia|s__bacterium_mpn-isolate_group_20,0.08333333333333333
594,k__Bacteria|p__Firmicutes|c__Clostridia|o__Lachnospirales|f__Lachnospiraceae|g__Blautia|s__None,597,k__Bacteria|p__Firmicutes|c__Clostridia|o__Lachnospirales|f__Lachnospiraceae|g__Blautia|s__uncultured_Blautia_sp.,0.08333333333333333
594,k__Bacteria|p__Firmicutes|c__Clostridia|o__Lachnospirales|f__Lachnospiraceae|g__Blautia|s__None,608,k__Bacteria|p__Firmicutes|c__Clostridia|o__Lachnospirales|f__Lachnospiraceae|g__Coprococcus|s__None,0.16666666666666666
594,k__Bacteria|p__Firmicutes|c__Clostridia|o__Lachnospirales|f__Lachnospiraceae|g__Blautia|s__None,609,k__Bacteria|p__Firmicutes|c__Clostridia|o__Lachnospirales|f__Lachnospiraceae|g__Coprococcus|s__uncultured_Coprococcus_sp.,0.25
594,k__Bacteria|p__Firmicutes|c__Clostridia|o__Lachnospirales|f__Lachnospiraceae|g__Blautia|s__None,612,k__Bacteria|p__Firmicutes|c__Clostridia|o__Lachnospirales|f__Lachnospiraceae|g__Eisenbergiella|s__None,0.16666666666666666
594,k__Bacteria|p__Firmicutes|c__Clostridia|o__Lachnospirales|f__Lachnospiraceae|g__Blautia|s__None,619,k__Bacteria|p__Firmicutes|c__Clostridia|o__Lachnospirales|f__Lachnospiraceae|g__Fusicatenibacter|s__uncultured_Lachnospiraceae_bacterium,0.25
594,k__Bacteria|p__Firmicutes|c__Clostridia|o__Lachnospirales|f__Lachnospiraceae|g__Blautia|s__None,620,k__Bacteria|p__Firmicutes|c__Clostridia|o__Lachnospirales|f__Lachnospiraceae|g__GCA-900066575|s__None,0.16666666666666666
594,k__Bacteria|p__Firmicutes|c__Clostridia|o__Lachnospirales|f__Lachnospiraceae|g__Blautia|s__None,628,k__Bacteria|p__Firmicutes|c__Clostridia|o__Lachnospirales|f__Lachnospiraceae|g__Howardella|s__metagenome,0.25
594,k__Bacteria|p__Firmicutes|c__Clostridia|o__Lachnospirales|f__Lachnospiraceae|g__Blautia|s__None,638,k__Bacteria|p__Firmicutes|c__Clostridia|o__Lachnospirales|f__Lachnospiraceae|g__Lachnoclostridium|s__None,0.16666666666666666
594,k__Bacteria|p__Firmicutes|c__Clostridia|o__Lachnospirales|f__Lachnospiraceae|g__Blautia|s__None,640,k__Bacteria|p__Firmicutes|c__Clostridia|o__Lachnospirales|f__Lachnospiraceae|g__Lachnoclostridium|s__uncultured_Lachnospiraceae_bacterium,0.25
594,k__Bacteria|p__Firmicutes|c__Clostridia|o__Lachnospirales|f__Lachnospiraceae|g__Blautia|s__None,641,k__Bacteria|p__Firmicutes|c__Clostridia|o__Lachnospirales|f__Lachnospiraceae|g__Lachnospira|s__None,0.16666666666666666
594,k__Bacteria|p__Firmicutes|c__Clostridia|o__Lachnospirales|f__Lachnospiraceae|g__Blautia|s__None,649,k__Bacteria|p__Firmicutes|c__Clostridia|o__Lachnospirales|f__Lachnospiraceae|g__Lachnospiraceae_ND3007_group|s__metagenome,0.25
594,k__Bacteria|p__Firmicutes|c__Clostridia|o__Lachnospirales|f__Lachnospiraceae|g__Blautia|s__None,658,k__Bacteria|p__Firmicutes|c__Clostridia|o__Lachnospirales|f__Lachnospiraceae|g__Lachnospiraceae_NK4A136_group|s__uncultured_bacterium_Adhufec49.25,0.25
594,k__Bacteria|p__Firmicutes|c__Clostridia|o__Lachnospirales|f__Lachnospiraceae|g__Blautia|s__None,662,k__Bacteria|p__Firmicutes|c__Clostridia|o__Lachnospirales|f__Lachnospiraceae|g__Lachnospiraceae_UCG-001|s__metagenome,0.25
594,k__Bacteria|p__Firmicutes|c__Clostridia|o__Lachnospirales|f__Lachnospiraceae|g__Blautia|s__None,675,k__Bacteria|p__Firmicutes|c__Clostridia|o__Lachnospirales|f__Lachnospiraceae|g__Lachnospiraceae_UCG-010|s__None,0.16666666666666666
594,k__Bacteria|p__Firmicutes|c__Clostridia|o__Lachnospirales|f__Lachnospiraceae|g__Blautia|s__None,694,k__Bacteria|p__Firmicutes|c__Clostridia|o__Lachnospirales|f__Lachnospiraceae|g__Roseburia|s__None,0.16666666666666666
594,k__Bacteria|p__Firmicutes|c__Clostridia|o__Lachnospirales|f__Lachnospiraceae|g__Blautia|s__None,695,k__Bacteria|p__Firmicutes|c__Clostridia|o__Lachnospirales|f__Lachnospiraceae|g__Roseburia|s__gut_metagenome,0.25
594,k__Bacteria|p__Firmicutes|c__Clostridia|o__Lachnospirales|f__Lachnospiraceae|g__Blautia|s__None,705,k__Bacteria|p__Firmicutes|c__Clostridia|o__Lachnospirales|f__Lachnospiraceae|g__Tuzzerella|s__None,0.16666666666666666
594,k__Bacteria|p__Firmicutes|c__Clostridia|o__Lachnospirales|f__Lachnospiraceae|g__Blautia|s__None,709,k__Bacteria|p__Firmicutes|c__Clostridia|o__Lachnospirales|f__Lachnospiraceae|g__UC5-1-2E3|s__uncultured_organism,0.25
594,k__Bacteria|p__Firmicutes|c__Clostridia|o__Lachnospirales|f__Lachnospiraceae|g__Blautia|s__None,711,k__Bacteria|p__Firmicutes|c__Clostridia|o__Lachnospirales|f__Lachnospiraceae|g__Eubacterium_eligens_group|s__None,0.16666666666666666
594,k__Bacteria|p__Firmicutes|c__Clostridia|o__Lachnospirales|f__Lachnospiraceae|g__Blautia|s__None,712,k__Bacteria|p__Firmicutes|c__Clostridia|o__Lachnospirales|f__Lachnospiraceae|g__Eubacterium_fissicatena_group|s__None,0.16666666666666666
594,k__Bacteria|p__Firmicutes|c__Clostridia|o__Lachnospirales|f__Lachnospiraceae|g__Blautia|s__None,717,k__Bacteria|p__Firmicutes|c__Clostridia|o__Lachnospirales|f__Lachnospiraceae|g__Eubacterium_hallii_group|s__None,0.16666666666666666
594,k__Bacteria|p__Firmicutes|c__Clostridia|o__Lachnospirales|f__Lachnospiraceae|g__Blautia|s__None,722,k__Bacteria|p__Firmicutes|c__Clostridia|o__Lachnospirales|f__Lachnospiraceae|g__Eubacterium_ventriosum_group|s__uncultured_organism,0.25
594,k__Bacteria|p__Firmicutes|c__Clostridia|o__Lachnospirales|f__Lachnospiraceae|g__Blautia|s__None,724,k__Bacteria|p__Firmicutes|c__Clostridia|o__Lachnospirales|f__Lachnospiraceae|g__Eubacterium_xylanophilum_group|s__None,0.16666666666666666
594,k__Bacteria|p__Firmicutes|c__Clostridia|o__Lachnospirales|f__Lachnospiraceae|g__Blautia|s__None,730,k__Bacteria|p__Firmicutes|c__Clostridia|o__Lachnospirales|f__Lachnospiraceae|g__Ruminococcus_torques_group|s__None,0.16666666666666666
594,k__Bacteria|p__Firmicutes|c__Clostridia|o__Lachnospirales|f__Lachnospiraceae|g__Blautia|s__None,732,k__Bacteria|p__Firmicutes|c__Clostridia|o__Lachnospirales|f__Lachnospiraceae|g__None|s__None,0.16666666666666666
594,k__Bacteria|p__Firmicutes|c__Clostridia|o__Lachnospirales|f__Lachnospiraceae|g__Blautia|s__None,733,k__Bacteria|p__Firmicutes|c__Clostridia|o__Lachnospirales|f__Lachnospiraceae|g__uncultured|s__None,0.16666666666666666
594,k__Bacteria|p__Firmicutes|c__Clostridia|o__Lachnospirales|f__Lachnospiraceae|g__Blautia|s__None,739,k__Bacteria|p__Firmicutes|c__Clostridia|o__Monoglobales|f__Monoglobaceae|g__Monoglobus|s__None,0.5
594,k__Bacteria|p__Firmicutes|c__Clostridia|o__Lachnospirales|f__Lachnospiraceae|g__Blautia|s__None,759,k__Bacteria|p__Firmicutes|c__Clostridia|o__Oscillospirales|f__Oscillospiraceae|g__Colidextribacter|s__None,0.5
594,k__Bacteria|p__Firmicutes|c__Clostridia|o__Lachnospirales|f__Lachnospiraceae|g__Blautia|s__None,767,k__Bacteria|p__Firmicutes|c__Clostridia|o__Oscillospirales|f__Oscillospiraceae|g__Flavonifractor|s__None,0.5
594,k__Bacteria|p__Firmicutes|c__Clostridia|o__Lachnospirales|f__Lachnospiraceae|g__Blautia|s__None,769,k__Bacteria|p__Firmicutes|c__Clostridia|o__Oscillospirales|f__Oscillospiraceae|g__Intestinimonas|s__None,0.5
594,k__Bacteria|p__Firmicutes|c__Clostridia|o__Lachnospirales|f__Lachnospiraceae|g__Blautia|s__None,770,k__Bacteria|p__Firmicutes|c__Clostridia|o__Oscillospirales|f__Oscillospiraceae|g__Intestinimonas|s__bacterium_P1C2,0.5833333333333334
594,k__Bacteria|p__Firmicutes|c__Clostridia|o__Lachnospirales|f__Lachnospiraceae|g__Blautia|s__None,779,k__Bacteria|p__Firmicutes|c__Clostridia|o__Oscillospirales|f__Oscillospiraceae|g__Oscillibacter|s__None,0.5
594,k__Bacteria|p__Firmicutes|c__Clostridia|o__Lachnospirales|f__Lachnospiraceae|g__Blautia|s__None,780,k__Bacteria|p__Firmicutes|c__Clostridia|o__Oscillospirales|f__Oscillospiraceae|g__Oscillibacter|s__metagenome,0.5833333333333334
594,k__Bacteria|p__Firmicutes|c__Clostridia|o__Lachnospirales|f__Lachnospiraceae|g__Blautia|s__None,790,k__Bacteria|p__Firmicutes|c__Clostridia|o__Oscillospirales|f__Oscillospiraceae|g__UCG-002|s__None,0.5
594,k__Bacteria|p__Firmicutes|c__Clostridia|o__Lachnospirales|f__Lachnospiraceae|g__Blautia|s__None,791,k__Bacteria|p__Firmicutes|c__Clostridia|o__Oscillospirales|f__Oscillospiraceae|g__UCG-003|s__None,0.5
594,k__Bacteria|p__Firmicutes|c__Clostridia|o__Lachnospirales|f__Lachnospiraceae|g__Blautia|s__None,794,k__Bacteria|p__Firmicutes|c__Clostridia|o__Oscillospirales|f__Oscillospiraceae|g__UCG-005|s__metagenome,0.5833333333333334
594,k__Bacteria|p__Firmicutes|c__Clostridia|o__Lachnospirales|f__Lachnospiraceae|g__Blautia|s__None,812,k__Bacteria|p__Firmicutes|c__Clostridia|o__Oscillospirales|f__Ruminococcaceae|g__Anaerofilum|s__metagenome,0.5833333333333334
594,k__Bacteria|p__Firmicutes|c__Clostridia|o__Lachnospirales|f__Lachnospiraceae|g__Blautia|s__None,832,k__Bacteria|p__Firmicutes|c__Clostridia|o__Oscillospirales|f__Ruminococcaceae|g__DTU089|s__None,0.5
594,k__Bacteria|p__Firmicutes|c__Clostridia|o__Lachnospirales|f__Lachnospiraceae|g__Blautia|s__None,833,k__Bacteria|p__Firmicutes|c__Clostridia|o__Oscillospirales|f__Ruminococcaceae|g__Faecalibacterium|s__None,0.5
594,k__Bacteria|p__Firmicutes|c__Clostridia|o__Lachnospirales|f__Lachnospiraceae|g__Blautia|s__None,839,k__Bacteria|p__Firmicutes|c__Clostridia|o__Oscillospirales|f__Ruminococcaceae|g__Incertae_Sedis|s__metagenome,0.5833333333333334
594,k__Bacteria|p__Firmicutes|c__Clostridia|o__Lachnospirales|f__Lachnospiraceae|g__Blautia|s__None,841,k__Bacteria|p__Firmicutes|c__Clostridia|o__Oscillospirales|f__Ruminococcaceae|g__Incertae_Sedis|s__None,0.5
594,k__Bacteria|p__Firmicutes|c__Clostridia|o__Lachnospirales|f__Lachnospiraceae|g__Blautia|s__None,859,k__Bacteria|p__Firmicutes|c__Clostridia|o__Oscillospirales|f__Ruminococcaceae|g__Ruminococcus|s__None,0.5
594,k__Bacteria|p__Firmicutes|c__Clostridia|o__Lachnospirales|f__Lachnospiraceae|g__Blautia|s__None,860,k__Bacteria|p__Firmicutes|c__Clostridia|o__Oscillospirales|f__Ruminococcaceae|g__Subdoligranulum|s__None,0.5
594,k__Bacteria|p__Firmicutes|c__Clostridia|o__Lachnospirales|f__Lachnospiraceae|g__Blautia|s__None,863,k__Bacteria|p__Firmicutes|c__Clostridia|o__Oscillospirales|f__Ruminococcaceae|g__UBA1819|s__None,0.5
594,k__Bacteria|p__Firmicutes|c__Clostridia|o__Lachnospirales|f__Lachnospiraceae|g__Blautia|s__None,865,k__Bacteria|p__Firmicutes|c__Clostridia|o__Oscillospirales|f__Ruminococcaceae|g__Eubacterium_siraeum_group|s__None,0.5
594,k__Bacteria|p__Firmicutes|c__Clostridia|o__Lachnospirales|f__Lachnospiraceae|g__Blautia|s__None,869,k__Bacteria|p__Firmicutes|c__Clostridia|o__Oscillospirales|f__Ruminococcaceae|g__None|s__None,0.4166666666666667
594,k__Bacteria|p__Firmicutes|c__Clostridia|o__Lachnospirales|f__Lachnospiraceae|g__Blautia|s__None,885,k__Bacteria|p__Firmicutes|c__Clostridia|o__Oscillospirales|f__Eubacterium_coprostanoligenes_group|g__None|s__None,0.4166666666666667
594,k__Bacteria|p__Firmicutes|c__Clostridia|o__Lachnospirales|f__Lachnospiraceae|g__Blautia|s__None,905,k__Bacteria|p__Firmicutes|c__Clostridia|o__Peptostreptococcales-Tissierellales|f__Anaerovoracaceae|g__Family_XIII_AD3011_group|s__metagenome,0.5833333333333334
594,k__Bacteria|p__Firmicutes|c__Clostridia|o__Lachnospirales|f__Lachnospiraceae|g__Blautia|s__None,925,k__Bacteria|p__Firmicutes|c__Clostridia|o__Peptostreptococcales-Tissierellales|f__Anaerovoracaceae|g__None|s__None,0.4166666666666667
594,k__Bacteria|p__Firmicutes|c__Clostridia|o__Lachnospirales|f__Lachnospiraceae|g__Blautia|s__None,943,k__Bacteria|p__Firmicutes|c__Clostridia|o__Peptostreptococcales-Tissierellales|f__Peptostreptococcaceae|g__Intestinibacter|s__None,0.5
594,k__Bacteria|p__Firmicutes|c__Clostridia|o__Lachnospirales|f__Lachnospiraceae|g__Blautia|s__None,951,k__Bacteria|p__Firmicutes|c__Clostridia|o__Peptostreptococcales-Tissierellales|f__Peptostreptococcaceae|g__Romboutsia|s__None,0.5
594,k__Bacteria|p__Firmicutes|c__Clostridia|o__Lachnospirales|f__Lachnospiraceae|g__Blautia|s__None,956,k__Bacteria|p__Firmicutes|c__Clostridia|o__None|f__None|g__None|s__None,0.25
594,k__Bacteria|p__Firmicutes|c__Clostridia|o__Lachnospirales|f__Lachnospiraceae|g__Blautia|s__None,966,k__Bacteria|p__Firmicutes|c__Negativicutes|o__Acidaminococcales|f__Acidaminococcaceae|g__Acidaminococcus|s__None,0.6666666666666666
594,k__Bacteria|p__Firmicutes|c__Clostridia|o__Lachnospirales|f__Lachnospiraceae|g__Blautia|s__None,967,k__Bacteria|p__Firmicutes|c__Negativicutes|o__Acidaminococcales|f__Acidaminococcaceae|g__Phascolarctobacterium|s__None,0.6666666666666666
594,k__Bacteria|p__Firmicutes|c__Clostridia|o__Lachnospirales|f__Lachnospiraceae|g__Blautia|s__None,986,k__Bacteria|p__Firmicutes|c__Negativicutes|o__Veillonellales-Selenomonadales|f__Veillonellaceae|g__Dialister|s__None,0.6666666666666666
594,k__Bacteria|p__Firmicutes|c__Clostridia|o__Lachnospirales|f__Lachnospiraceae|g__Blautia|s__None,992,k__Bacteria|p__Firmicutes|c__Negativicutes|o__Veillonellales-Selenomonadales|f__Veillonellaceae|g__Veillonella|s__None,0.6666666666666666
594,k__Bacteria|p__Firmicutes|c__Clostridia|o__Lachnospirales|f__Lachnospiraceae|g__Blautia|s__None,1055,k__Bacteria|p__Proteobacteria|c__Gammaproteobacteria|o__Burkholderiales|f__Sutterellaceae|g__Parasutterella|s__None,0.8333333333333334
594,k__Bacteria|p__Firmicutes|c__Clostridia|o__Lachnospirales|f__Lachnospiraceae|g__Blautia|s__None,1069,k__Bacteria|p__Proteobacteria|c__Gammaproteobacteria|o__Enterobacterales|f__Enterobacteriaceae|g__Escherichia-Shigella|s__None,0.8333333333333334
594,k__Bacteria|p__Firmicutes|c__Clostridia|o__Lachnospirales|f__Lachnospiraceae|g__Blautia|s__None,1089,k__Bacteria|p__Proteobacteria|c__Gammaproteobacteria|o__Pseudomonadales|f__Pseudomonadaceae|g__Pseudomonas|s__None,0.8333333333333334
594,k__Bacteria|p__Firmicutes|c__Clostridia|o__Lachnospirales|f__Lachnospiraceae|g__Blautia|s__None,1132,k__Bacteria|p__Verrucomicrobiota|c__Verrucomicrobiae|o__Verrucomicrobiales|f__Akkermansiaceae|g__Akkermansia|s__None,0.8333333333333334
594,k__Bacteria|p__Firmicutes|c__Clostridia|o__Lachnospirales|f__Lachnospiraceae|g__Blautia|s__None,1136,k__Bacteria|p__None|c__None|o__None|f__None|g__None|s__None,0.4166666666666667
595,k__Bacteria|p__Firmicutes|c__Clostridia|o__Lachnospirales|f__Lachnospiraceae|g__Blautia|s__bacterium_mpn-isolate_group_20,597,k__Bacteria|p__Firmicutes|c__Clostridia|o__Lachnospirales|f__Lachnospiraceae|g__Blautia|s__uncultured_Blautia_sp.,0.16666666666666666
595,k__Bacteria|p__Firmicutes|c__Clostridia|o__Lachnospirales|f__Lachnospiraceae|g__Blautia|s__bacterium_mpn-isolate_group_20,608,k__Bacteria|p__Firmicutes|c__Clostridia|o__Lachnospirales|f__Lachnospiraceae|g__Coprococcus|s__None,0.25
595,k__Bacteria|p__Firmicutes|c__Clostridia|o__Lachnospirales|f__Lachnospiraceae|g__Blautia|s__bacterium_mpn-isolate_group_20,609,k__Bacteria|p__Firmicutes|c__Clostridia|o__Lachnospirales|f__Lachnospiraceae|g__Coprococcus|s__uncultured_Coprococcus_sp.,0.3333333333333333
595,k__Bacteria|p__Firmicutes|c__Clostridia|o__Lachnospirales|f__Lachnospiraceae|g__Blautia|s__bacterium_mpn-isolate_group_20,612,k__Bacteria|p__Firmicutes|c__Clostridia|o__Lachnospirales|f__Lachnospiraceae|g__Eisenbergiella|s__None,0.25
595,k__Bacteria|p__Firmicutes|c__Clostridia|o__Lachnospirales|f__Lachnospiraceae|g__Blautia|s__bacterium_mpn-isolate_group_20,619,k__Bacteria|p__Firmicutes|c__Clostridia|o__Lachnospirales|f__Lachnospiraceae|g__Fusicatenibacter|s__uncultured_Lachnospiraceae_bacterium,0.3333333333333333
595,k__Bacteria|p__Firmicutes|c__Clostridia|o__Lachnospirales|f__Lachnospiraceae|g__Blautia|s__bacterium_mpn-isolate_group_20,620,k__Bacteria|p__Firmicutes|c__Clostridia|o__Lachnospirales|f__Lachnospiraceae|g__GCA-900066575|s__None,0.25
595,k__Bacteria|p__Firmicutes|c__Clostridia|o__Lachnospirales|f__Lachnospiraceae|g__Blautia|s__bacterium_mpn-isolate_group_20,628,k__Bacteria|p__Firmicutes|c__Clostridia|o__Lachnospirales|f__Lachnospiraceae|g__Howardella|s__metagenome,0.3333333333333333
595,k__Bacteria|p__Firmicutes|c__Clostridia|o__Lachnospirales|f__Lachnospiraceae|g__Blautia|s__bacterium_mpn-isolate_group_20,638,k__Bacteria|p__Firmicutes|c__Clostridia|o__Lachnospirales|f__Lachnospiraceae|g__Lachnoclostridium|s__None,0.25
595,k__Bacteria|p__Firmicutes|c__Clostridia|o__Lachnospirales|f__Lachnospiraceae|g__Blautia|s__bacterium_mpn-isolate_group_20,640,k__Bacteria|p__Firmicutes|c__Clostridia|o__Lachnospirales|f__Lachnospiraceae|g__Lachnoclostridium|s__uncultured_Lachnospiraceae_bacterium,0.3333333333333333
595,k__Bacteria|p__Firmicutes|c__Clostridia|o__Lachnospirales|f__Lachnospiraceae|g__Blautia|s__bacterium_mpn-isolate_group_20,641,k__Bacteria|p__Firmicutes|c__Clostridia|o__Lachnospirales|f__Lachnospiraceae|g__Lachnospira|s__None,0.25
595,k__Bacteria|p__Firmicutes|c__Clostridia|o__Lachnospirales|f__Lachnospiraceae|g__Blautia|s__bacterium_mpn-isolate_group_20,649,k__Bacteria|p__Firmicutes|c__Clostridia|o__Lachnospirales|f__Lachnospiraceae|g__Lachnospiraceae_ND3007_group|s__metagenome,0.3333333333333333
595,k__Bacteria|p__Firmicutes|c__Clostridia|o__Lachnospirales|f__Lachnospiraceae|g__Blautia|s__bacterium_mpn-isolate_group_20,658,k__Bacteria|p__Firmicutes|c__Clostridia|o__Lachnospirales|f__Lachnospiraceae|g__Lachnospiraceae_NK4A136_group|s__uncultured_bacterium_Adhufec49.25,0.3333333333333333
595,k__Bacteria|p__Firmicutes|c__Clostridia|o__Lachnospirales|f__Lachnospiraceae|g__Blautia|s__bacterium_mpn-isolate_group_20,662,k__Bacteria|p__Firmicutes|c__Clostridia|o__Lachnospirales|f__Lachnospiraceae|g__Lachnospiraceae_UCG-001|s__metagenome,0.3333333333333333
595,k__Bacteria|p__Firmicutes|c__Clostridia|o__Lachnospirales|f__Lachnospiraceae|g__Blautia|s__bacterium_mpn-isolate_group_20,675,k__Bacteria|p__Firmicutes|c__Clostridia|o__Lachnospirales|f__Lachnospiraceae|g__Lachnospiraceae_UCG-010|s__None,0.25
595,k__Bacteria|p__Firmicutes|c__Clostridia|o__Lachnospirales|f__Lachnospiraceae|g__Blautia|s__bacterium_mpn-isolate_group_20,694,k__Bacteria|p__Firmicutes|c__Clostridia|o__Lachnospirales|f__Lachnospiraceae|g__Roseburia|s__None,0.25
595,k__Bacteria|p__Firmicutes|c__Clostridia|o__Lachnospirales|f__Lachnospiraceae|g__Blautia|s__bacterium_mpn-isolate_group_20,695,k__Bacteria|p__Firmicutes|c__Clostridia|o__Lachnospirales|f__Lachnospiraceae|g__Roseburia|s__gut_metagenome,0.3333333333333333
595,k__Bacteria|p__Firmicutes|c__Clostridia|o__Lachnospirales|f__Lachnospiraceae|g__Blautia|s__bacterium_mpn-isolate_group_20,705,k__Bacteria|p__Firmicutes|c__Clostridia|o__Lachnospirales|f__Lachnospiraceae|g__Tuzzerella|s__None,0.25
595,k__Bacteria|p__Firmicutes|c__Clostridia|o__Lachnospirales|f__Lachnospiraceae|g__Blautia|s__bacterium_mpn-isolate_group_20,709,k__Bacteria|p__Firmicutes|c__Clostridia|o__Lachnospirales|f__Lachnospiraceae|g__UC5-1-2E3|s__uncultured_organism,0.3333333333333333
595,k__Bacteria|p__Firmicutes|c__Clostridia|o__Lachnospirales|f__Lachnospiraceae|g__Blautia|s__bacterium_mpn-isolate_group_20,711,k__Bacteria|p__Firmicutes|c__Clostridia|o__Lachnospirales|f__Lachnospiraceae|g__Eubacterium_eligens_group|s__None,0.25
595,k__Bacteria|p__Firmicutes|c__Clostridia|o__Lachnospirales|f__Lachnospiraceae|g__Blautia|s__bacterium_mpn-isolate_group_20,712,k__Bacteria|p__Firmicutes|c__Clostridia|o__Lachnospirales|f__Lachnospiraceae|g__Eubacterium_fissicatena_group|s__None,0.25
595,k__Bacteria|p__Firmicutes|c__Clostridia|o__Lachnospirales|f__Lachnospiraceae|g__Blautia|s__bacterium_mpn-isolate_group_20,717,k__Bacteria|p__Firmicutes|c__Clostridia|o__Lachnospirales|f__Lachnospiraceae|g__Eubacterium_hallii_group|s__None,0.25
595,k__Bacteria|p__Firmicutes|c__Clostridia|o__Lachnospirales|f__Lachnospiraceae|g__Blautia|s__bacterium_mpn-isolate_group_20,722,k__Bacteria|p__Firmicutes|c__Clostridia|o__Lachnospirales|f__Lachnospiraceae|g__Eubacterium_ventriosum_group|s__uncultured_organism,0.3333333333333333
595,k__Bacteria|p__Firmicutes|c__Clostridia|o__Lachnospirales|f__Lachnospiraceae|g__Blautia|s__bacterium_mpn-isolate_group_20,724,k__Bacteria|p__Firmicutes|c__Clostridia|o__Lachnospirales|f__Lachnospiraceae|g__Eubacterium_xylanophilum_group|s__None,0.25
595,k__Bacteria|p__Firmicutes|c__Clostridia|o__Lachnospirales|f__Lachnospiraceae|g__Blautia|s__bacterium_mpn-isolate_group_20,730,k__Bacteria|p__Firmicutes|c__Clostridia|o__Lachnospirales|f__Lachnospiraceae|g__Ruminococcus_torques_group|s__None,0.25
595,k__Bacteria|p__Firmicutes|c__Clostridia|o__Lachnospirales|f__Lachnospiraceae|g__Blautia|s__bacterium_mpn-isolate_group_20,732,k__Bacteria|p__Firmicutes|c__Clostridia|o__Lachnospirales|f__Lachnospiraceae|g__None|s__None,0.25
595,k__Bacteria|p__Firmicutes|c__Clostridia|o__Lachnospirales|f__Lachnospiraceae|g__Blautia|s__bacterium_mpn-isolate_group_20,733,k__Bacteria|p__Firmicutes|c__Clostridia|o__Lachnospirales|f__Lachnospiraceae|g__uncultured|s__None,0.25
595,k__Bacteria|p__Firmicutes|c__Clostridia|o__Lachnospirales|f__Lachnospiraceae|g__Blautia|s__bacterium_mpn-isolate_group_20,739,k__Bacteria|p__Firmicutes|c__Clostridia|o__Monoglobales|f__Monoglobaceae|g__Monoglobus|s__None,0.5833333333333334
595,k__Bacteria|p__Firmicutes|c__Clostridia|o__Lachnospirales|f__Lachnospiraceae|g__Blautia|s__bacterium_mpn-isolate_group_20,759,k__Bacteria|p__Firmicutes|c__Clostridia|o__Oscillospirales|f__Oscillospiraceae|g__Colidextribacter|s__None,0.5833333333333334
595,k__Bacteria|p__Firmicutes|c__Clostridia|o__Lachnospirales|f__Lachnospiraceae|g__Blautia|s__bacterium_mpn-isolate_group_20,767,k__Bacteria|p__Firmicutes|c__Clostridia|o__Oscillospirales|f__Oscillospiraceae|g__Flavonifractor|s__None,0.5833333333333334
595,k__Bacteria|p__Firmicutes|c__Clostridia|o__Lachnospirales|f__Lachnospiraceae|g__Blautia|s__bacterium_mpn-isolate_group_20,769,k__Bacteria|p__Firmicutes|c__Clostridia|o__Oscillospirales|f__Oscillospiraceae|g__Intestinimonas|s__None,0.5833333333333334
595,k__Bacteria|p__Firmicutes|c__Clostridia|o__Lachnospirales|f__Lachnospiraceae|g__Blautia|s__bacterium_mpn-isolate_group_20,770,k__Bacteria|p__Firmicutes|c__Clostridia|o__Oscillospirales|f__Oscillospiraceae|g__Intestinimonas|s__bacterium_P1C2,0.6666666666666666
595,k__Bacteria|p__Firmicutes|c__Clostridia|o__Lachnospirales|f__Lachnospiraceae|g__Blautia|s__bacterium_mpn-isolate_group_20,779,k__Bacteria|p__Firmicutes|c__Clostridia|o__Oscillospirales|f__Oscillospiraceae|g__Oscillibacter|s__None,0.5833333333333334
595,k__Bacteria|p__Firmicutes|c__Clostridia|o__Lachnospirales|f__Lachnospiraceae|g__Blautia|s__bacterium_mpn-isolate_group_20,780,k__Bacteria|p__Firmicutes|c__Clostridia|o__Oscillospirales|f__Oscillospiraceae|g__Oscillibacter|s__metagenome,0.6666666666666666
595,k__Bacteria|p__Firmicutes|c__Clostridia|o__Lachnospirales|f__Lachnospiraceae|g__Blautia|s__bacterium_mpn-isolate_group_20,790,k__Bacteria|p__Firmicutes|c__Clostridia|o__Oscillospirales|f__Oscillospiraceae|g__UCG-002|s__None,0.5833333333333334
595,k__Bacteria|p__Firmicutes|c__Clostridia|o__Lachnospirales|f__Lachnospiraceae|g__Blautia|s__bacterium_mpn-isolate_group_20,791,k__Bacteria|p__Firmicutes|c__Clostridia|o__Oscillospirales|f__Oscillospiraceae|g__UCG-003|s__None,0.5833333333333334
595,k__Bacteria|p__Firmicutes|c__Clostridia|o__Lachnospirales|f__Lachnospiraceae|g__Blautia|s__bacterium_mpn-isolate_group_20,794,k__Bacteria|p__Firmicutes|c__Clostridia|o__Oscillospirales|f__Oscillospiraceae|g__UCG-005|s__metagenome,0.6666666666666666
595,k__Bacteria|p__Firmicutes|c__Clostridia|o__Lachnospirales|f__Lachnospiraceae|g__Blautia|s__bacterium_mpn-isolate_group_20,812,k__Bacteria|p__Firmicutes|c__Clostridia|o__Oscillospirales|f__Ruminococcaceae|g__Anaerofilum|s__metagenome,0.6666666666666666
595,k__Bacteria|p__Firmicutes|c__Clostridia|o__Lachnospirales|f__Lachnospiraceae|g__Blautia|s__bacterium_mpn-isolate_group_20,832,k__Bacteria|p__Firmicutes|c__Clostridia|o__Oscillospirales|f__Ruminococcaceae|g__DTU089|s__None,0.5833333333333334
595,k__Bacteria|p__Firmicutes|c__Clostridia|o__Lachnospirales|f__Lachnospiraceae|g__Blautia|s__bacterium_mpn-isolate_group_20,833,k__Bacteria|p__Firmicutes|c__Clostridia|o__Oscillospirales|f__Ruminococcaceae|g__Faecalibacterium|s__None,0.5833333333333334
595,k__Bacteria|p__Firmicutes|c__Clostridia|o__Lachnospirales|f__Lachnospiraceae|g__Blautia|s__bacterium_mpn-isolate_group_20,839,k__Bacteria|p__Firmicutes|c__Clostridia|o__Oscillospirales|f__Ruminococcaceae|g__Incertae_Sedis|s__metagenome,0.6666666666666666
595,k__Bacteria|p__Firmicutes|c__Clostridia|o__Lachnospirales|f__Lachnospiraceae|g__Blautia|s__bacterium_mpn-isolate_group_20,841,k__Bacteria|p__Firmicutes|c__Clostridia|o__Oscillospirales|f__Ruminococcaceae|g__Incertae_Sedis|s__None,0.5833333333333334
595,k__Bacteria|p__Firmicutes|c__Clostridia|o__Lachnospirales|f__Lachnospiraceae|g__Blautia|s__bacterium_mpn-isolate_group_20,859,k__Bacteria|p__Firmicutes|c__Clostridia|o__Oscillospirales|f__Ruminococcaceae|g__Ruminococcus|s__None,0.5833333333333334
595,k__Bacteria|p__Firmicutes|c__Clostridia|o__Lachnospirales|f__Lachnospiraceae|g__Blautia|s__bacterium_mpn-isolate_group_20,860,k__Bacteria|p__Firmicutes|c__Clostridia|o__Oscillospirales|f__Ruminococcaceae|g__Subdoligranulum|s__None,0.5833333333333334
595,k__Bacteria|p__Firmicutes|c__Clostridia|o__Lachnospirales|f__Lachnospiraceae|g__Blautia|s__bacterium_mpn-isolate_group_20,863,k__Bacteria|p__Firmicutes|c__Clostridia|o__Oscillospirales|f__Ruminococcaceae|g__UBA1819|s__None,0.5833333333333334
595,k__Bacteria|p__Firmicutes|c__Clostridia|o__Lachnospirales|f__Lachnospiraceae|g__Blautia|s__bacterium_mpn-isolate_group_20,865,k__Bacteria|p__Firmicutes|c__Clostridia|o__Oscillospirales|f__Ruminococcaceae|g__Eubacterium_siraeum_group|s__None,0.5833333333333334
595,k__Bacteria|p__Firmicutes|c__Clostridia|o__Lachnospirales|f__Lachnospiraceae|g__Blautia|s__bacterium_mpn-isolate_group_20,869,k__Bacteria|p__Firmicutes|c__Clostridia|o__Oscillospirales|f__Ruminococcaceae|g__None|s__None,0.5
595,k__Bacteria|p__Firmicutes|c__Clostridia|o__Lachnospirales|f__Lachnospiraceae|g__Blautia|s__bacterium_mpn-isolate_group_20,885,k__Bacteria|p__Firmicutes|c__Clostridia|o__Oscillospirales|f__Eubacterium_coprostanoligenes_group|g__None|s__None,0.5
595,k__Bacteria|p__Firmicutes|c__Clostridia|o__Lachnospirales|f__Lachnospiraceae|g__Blautia|s__bacterium_mpn-isolate_group_20,905,k__Bacteria|p__Firmicutes|c__Clostridia|o__Peptostreptococcales-Tissierellales|f__Anaerovoracaceae|g__Family_XIII_AD3011_group|s__metagenome,0.6666666666666666
595,k__Bacteria|p__Firmicutes|c__Clostridia|o__Lachnospirales|f__Lachnospiraceae|g__Blautia|s__bacterium_mpn-isolate_group_20,925,k__Bacteria|p__Firmicutes|c__Clostridia|o__Peptostreptococcales-Tissierellales|f__Anaerovoracaceae|g__None|s__None,0.5
595,k__Bacteria|p__Firmicutes|c__Clostridia|o__Lachnospirales|f__Lachnospiraceae|g__Blautia|s__bacterium_mpn-isolate_group_20,943,k__Bacteria|p__Firmicutes|c__Clostridia|o__Peptostreptococcales-Tissierellales|f__Peptostreptococcaceae|g__Intestinibacter|s__None,0.5833333333333334
595,k__Bacteria|p__Firmicutes|c__Clostridia|o__Lachnospirales|f__Lachnospiraceae|g__Blautia|s__bacterium_mpn-isolate_group_20,951,k__Bacteria|p__Firmicutes|c__Clostridia|o__Peptostreptococcales-Tissierellales|f__Peptostreptococcaceae|g__Romboutsia|s__None,0.5833333333333334
595,k__Bacteria|p__Firmicutes|c__Clostridia|o__Lachnospirales|f__Lachnospiraceae|g__Blautia|s__bacterium_mpn-isolate_group_20,956,k__Bacteria|p__Firmicutes|c__Clostridia|o__None|f__None|g__None|s__None,0.3333333333333333
595,k__Bacteria|p__Firmicutes|c__Clostridia|o__Lachnospirales|f__Lachnospiraceae|g__Blautia|s__bacterium_mpn-isolate_group_20,966,k__Bacteria|p__Firmicutes|c__Negativicutes|o__Acidaminococcales|f__Acidaminococcaceae|g__Acidaminococcus|s__None,0.75
595,k__Bacteria|p__Firmicutes|c__Clostridia|o__Lachnospirales|f__Lachnospiraceae|g__Blautia|s__bacterium_mpn-isolate_group_20,967,k__Bacteria|p__Firmicutes|c__Negativicutes|o__Acidaminococcales|f__Acidaminococcaceae|g__Phascolarctobacterium|s__None,0.75
595,k__Bacteria|p__Firmicutes|c__Clostridia|o__Lachnospirales|f__Lachnospiraceae|g__Blautia|s__bacterium_mpn-isolate_group_20,986,k__Bacteria|p__Firmicutes|c__Negativicutes|o__Veillonellales-Selenomonadales|f__Veillonellaceae|g__Dialister|s__None,0.75
595,k__Bacteria|p__Firmicutes|c__Clostridia|o__Lachnospirales|f__Lachnospiraceae|g__Blautia|s__bacterium_mpn-isolate_group_20,992,k__Bacteria|p__Firmicutes|c__Negativicutes|o__Veillonellales-Selenomonadales|f__Veillonellaceae|g__Veillonella|s__None,0.75
595,k__Bacteria|p__Firmicutes|c__Clostridia|o__Lachnospirales|f__Lachnospiraceae|g__Blautia|s__bacterium_mpn-isolate_group_20,1055,k__Bacteria|p__Proteobacteria|c__Gammaproteobacteria|o__Burkholderiales|f__Sutterellaceae|g__Parasutterella|s__None,0.9166666666666666
595,k__Bacteria|p__Firmicutes|c__Clostridia|o__Lachnospirales|f__Lachnospiraceae|g__Blautia|s__bacterium_mpn-isolate_group_20,1069,k__Bacteria|p__Proteobacteria|c__Gammaproteobacteria|o__Enterobacterales|f__Enterobacteriaceae|g__Escherichia-Shigella|s__None,0.9166666666666666
595,k__Bacteria|p__Firmicutes|c__Clostridia|o__Lachnospirales|f__Lachnospiraceae|g__Blautia|s__bacterium_mpn-isolate_group_20,1089,k__Bacteria|p__Proteobacteria|c__Gammaproteobacteria|o__Pseudomonadales|f__Pseudomonadaceae|g__Pseudomonas|s__None,0.9166666666666666
595,k__Bacteria|p__Firmicutes|c__Clostridia|o__Lachnospirales|f__Lachnospiraceae|g__Blautia|s__bacterium_mpn-isolate_group_20,1132,k__Bacteria|p__Verrucomicrobiota|c__Verrucomicrobiae|o__Verrucomicrobiales|f__Akkermansiaceae|g__Akkermansia|s__None,0.9166666666666666
595,k__Bacteria|p__Firmicutes|c__Clostridia|o__Lachnospirales|f__Lachnospiraceae|g__Blautia|s__bacterium_mpn-isolate_group_20,1136,k__Bacteria|p__None|c__None|o__None|f__None|g__None|s__None,0.5
597,k__Bacteria|p__Firmicutes|c__Clostridia|o__Lachnospirales|f__Lachnospiraceae|g__Blautia|s__uncultured_Blautia_sp.,608,k__Bacteria|p__Firmicutes|c__Clostridia|o__Lachnospirales|f__Lachnospiraceae|g__Coprococcus|s__None,0.25
597,k__Bacteria|p__Firmicutes|c__Clostridia|o__Lachnospirales|f__Lachnospiraceae|g__Blautia|s__uncultured_Blautia_sp.,609,k__Bacteria|p__Firmicutes|c__Clostridia|o__Lachnospirales|f__Lachnospiraceae|g__Coprococcus|s__uncultured_Coprococcus_sp.,0.3333333333333333
597,k__Bacteria|p__Firmicutes|c__Clostridia|o__Lachnospirales|f__Lachnospiraceae|g__Blautia|s__uncultured_Blautia_sp.,612,k__Bacteria|p__Firmicutes|c__Clostridia|o__Lachnospirales|f__Lachnospiraceae|g__Eisenbergiella|s__None,0.25
597,k__Bacteria|p__Firmicutes|c__Clostridia|o__Lachnospirales|f__Lachnospiraceae|g__Blautia|s__uncultured_Blautia_sp.,619,k__Bacteria|p__Firmicutes|c__Clostridia|o__Lachnospirales|f__Lachnospiraceae|g__Fusicatenibacter|s__uncultured_Lachnospiraceae_bacterium,0.3333333333333333
597,k__Bacteria|p__Firmicutes|c__Clostridia|o__Lachnospirales|f__Lachnospiraceae|g__Blautia|s__uncultured_Blautia_sp.,620,k__Bacteria|p__Firmicutes|c__Clostridia|o__Lachnospirales|f__Lachnospiraceae|g__GCA-900066575|s__None,0.25
597,k__Bacteria|p__Firmicutes|c__Clostridia|o__Lachnospirales|f__Lachnospiraceae|g__Blautia|s__uncultured_Blautia_sp.,628,k__Bacteria|p__Firmicutes|c__Clostridia|o__Lachnospirales|f__Lachnospiraceae|g__Howardella|s__metagenome,0.3333333333333333
597,k__Bacteria|p__Firmicutes|c__Clostridia|o__Lachnospirales|f__Lachnospiraceae|g__Blautia|s__uncultured_Blautia_sp.,638,k__Bacteria|p__Firmicutes|c__Clostridia|o__Lachnospirales|f__Lachnospiraceae|g__Lachnoclostridium|s__None,0.25
597,k__Bacteria|p__Firmicutes|c__Clostridia|o__Lachnospirales|f__Lachnospiraceae|g__Blautia|s__uncultured_Blautia_sp.,640,k__Bacteria|p__Firmicutes|c__Clostridia|o__Lachnospirales|f__Lachnospiraceae|g__Lachnoclostridium|s__uncultured_Lachnospiraceae_bacterium,0.3333333333333333
597,k__Bacteria|p__Firmicutes|c__Clostridia|o__Lachnospirales|f__Lachnospiraceae|g__Blautia|s__uncultured_Blautia_sp.,641,k__Bacteria|p__Firmicutes|c__Clostridia|o__Lachnospirales|f__Lachnospiraceae|g__Lachnospira|s__None,0.25
597,k__Bacteria|p__Firmicutes|c__Clostridia|o__Lachnospirales|f__Lachnospiraceae|g__Blautia|s__uncultured_Blautia_sp.,649,k__Bacteria|p__Firmicutes|c__Clostridia|o__Lachnospirales|f__Lachnospiraceae|g__Lachnospiraceae_ND3007_group|s__metagenome,0.3333333333333333
597,k__Bacteria|p__Firmicutes|c__Clostridia|o__Lachnospirales|f__Lachnospiraceae|g__Blautia|s__uncultured_Blautia_sp.,658,k__Bacteria|p__Firmicutes|c__Clostridia|o__Lachnospirales|f__Lachnospiraceae|g__Lachnospiraceae_NK4A136_group|s__uncultured_bacterium_Adhufec49.25,0.3333333333333333
597,k__Bacteria|p__Firmicutes|c__Clostridia|o__Lachnospirales|f__Lachnospiraceae|g__Blautia|s__uncultured_Blautia_sp.,662,k__Bacteria|p__Firmicutes|c__Clostridia|o__Lachnospirales|f__Lachnospiraceae|g__Lachnospiraceae_UCG-001|s__metagenome,0.3333333333333333
597,k__Bacteria|p__Firmicutes|c__Clostridia|o__Lachnospirales|f__Lachnospiraceae|g__Blautia|s__uncultured_Blautia_sp.,675,k__Bacteria|p__Firmicutes|c__Clostridia|o__Lachnospirales|f__Lachnospiraceae|g__Lachnospiraceae_UCG-010|s__None,0.25
597,k__Bacteria|p__Firmicutes|c__Clostridia|o__Lachnospirales|f__Lachnospiraceae|g__Blautia|s__uncultured_Blautia_sp.,694,k__Bacteria|p__Firmicutes|c__Clostridia|o__Lachnospirales|f__Lachnospiraceae|g__Roseburia|s__None,0.25
597,k__Bacteria|p__Firmicutes|c__Clostridia|o__Lachnospirales|f__Lachnospiraceae|g__Blautia|s__uncultured_Blautia_sp.,695,k__Bacteria|p__Firmicutes|c__Clostridia|o__Lachnospirales|f__Lachnospiraceae|g__Roseburia|s__gut_metagenome,0.3333333333333333
597,k__Bacteria|p__Firmicutes|c__Clostridia|o__Lachnospirales|f__Lachnospiraceae|g__Blautia|s__uncultured_Blautia_sp.,705,k__Bacteria|p__Firmicutes|c__Clostridia|o__Lachnospirales|f__Lachnospiraceae|g__Tuzzerella|s__None,0.25
597,k__Bacteria|p__Firmicutes|c__Clostridia|o__Lachnospirales|f__Lachnospiraceae|g__Blautia|s__uncultured_Blautia_sp.,709,k__Bacteria|p__Firmicutes|c__Clostridia|o__Lachnospirales|f__Lachnospiraceae|g__UC5-1-2E3|s__uncultured_organism,0.3333333333333333
597,k__Bacteria|p__Firmicutes|c__Clostridia|o__Lachnospirales|f__Lachnospiraceae|g__Blautia|s__uncultured_Blautia_sp.,711,k__Bacteria|p__Firmicutes|c__Clostridia|o__Lachnospirales|f__Lachnospiraceae|g__Eubacterium_eligens_group|s__None,0.25
597,k__Bacteria|p__Firmicutes|c__Clostridia|o__Lachnospirales|f__Lachnospiraceae|g__Blautia|s__uncultured_Blautia_sp.,712,k__Bacteria|p__Firmicutes|c__Clostridia|o__Lachnospirales|f__Lachnospiraceae|g__Eubacterium_fissicatena_group|s__None,0.25
597,k__Bacteria|p__Firmicutes|c__Clostridia|o__Lachnospirales|f__Lachnospiraceae|g__Blautia|s__uncultured_Blautia_sp.,717,k__Bacteria|p__Firmicutes|c__Clostridia|o__Lachnospirales|f__Lachnospiraceae|g__Eubacterium_hallii_group|s__None,0.25
597,k__Bacteria|p__Firmicutes|c__Clostridia|o__Lachnospirales|f__Lachnospiraceae|g__Blautia|s__uncultured_Blautia_sp.,722,k__Bacteria|p__Firmicutes|c__Clostridia|o__Lachnospirales|f__Lachnospiraceae|g__Eubacterium_ventriosum_group|s__uncultured_organism,0.3333333333333333
597,k__Bacteria|p__Firmicutes|c__Clostridia|o__Lachnospirales|f__Lachnospiraceae|g__Blautia|s__uncultured_Blautia_sp.,724,k__Bacteria|p__Firmicutes|c__Clostridia|o__Lachnospirales|f__Lachnospiraceae|g__Eubacterium_xylanophilum_group|s__None,0.25
597,k__Bacteria|p__Firmicutes|c__Clostridia|o__Lachnospirales|f__Lachnospiraceae|g__Blautia|s__uncultured_Blautia_sp.,730,k__Bacteria|p__Firmicutes|c__Clostridia|o__Lachnospirales|f__Lachnospiraceae|g__Ruminococcus_torques_group|s__None,0.25
597,k__Bacteria|p__Firmicutes|c__Clostridia|o__Lachnospirales|f__Lachnospiraceae|g__Blautia|s__uncultured_Blautia_sp.,732,k__Bacteria|p__Firmicutes|c__Clostridia|o__Lachnospirales|f__Lachnospiraceae|g__None|s__None,0.25
597,k__Bacteria|p__Firmicutes|c__Clostridia|o__Lachnospirales|f__Lachnospiraceae|g__Blautia|s__uncultured_Blautia_sp.,733,k__Bacteria|p__Firmicutes|c__Clostridia|o__Lachnospirales|f__Lachnospiraceae|g__uncultured|s__None,0.25
597,k__Bacteria|p__Firmicutes|c__Clostridia|o__Lachnospirales|f__Lachnospiraceae|g__Blautia|s__uncultured_Blautia_sp.,739,k__Bacteria|p__Firmicutes|c__Clostridia|o__Monoglobales|f__Monoglobaceae|g__Monoglobus|s__None,0.5833333333333334
597,k__Bacteria|p__Firmicutes|c__Clostridia|o__Lachnospirales|f__Lachnospiraceae|g__Blautia|s__uncultured_Blautia_sp.,759,k__Bacteria|p__Firmicutes|c__Clostridia|o__Oscillospirales|f__Oscillospiraceae|g__Colidextribacter|s__None,0.5833333333333334
597,k__Bacteria|p__Firmicutes|c__Clostridia|o__Lachnospirales|f__Lachnospiraceae|g__Blautia|s__uncultured_Blautia_sp.,767,k__Bacteria|p__Firmicutes|c__Clostridia|o__Oscillospirales|f__Oscillospiraceae|g__Flavonifractor|s__None,0.5833333333333334
597,k__Bacteria|p__Firmicutes|c__Clostridia|o__Lachnospirales|f__Lachnospiraceae|g__Blautia|s__uncultured_Blautia_sp.,769,k__Bacteria|p__Firmicutes|c__Clostridia|o__Oscillospirales|f__Oscillospiraceae|g__Intestinimonas|s__None,0.5833333333333334
597,k__Bacteria|p__Firmicutes|c__Clostridia|o__Lachnospirales|f__Lachnospiraceae|g__Blautia|s__uncultured_Blautia_sp.,770,k__Bacteria|p__Firmicutes|c__Clostridia|o__Oscillospirales|f__Oscillospiraceae|g__Intestinimonas|s__bacterium_P1C2,0.6666666666666666
597,k__Bacteria|p__Firmicutes|c__Clostridia|o__Lachnospirales|f__Lachnospiraceae|g__Blautia|s__uncultured_Blautia_sp.,779,k__Bacteria|p__Firmicutes|c__Clostridia|o__Oscillospirales|f__Oscillospiraceae|g__Oscillibacter|s__None,0.5833333333333334
597,k__Bacteria|p__Firmicutes|c__Clostridia|o__Lachnospirales|f__Lachnospiraceae|g__Blautia|s__uncultured_Blautia_sp.,780,k__Bacteria|p__Firmicutes|c__Clostridia|o__Oscillospirales|f__Oscillospiraceae|g__Oscillibacter|s__metagenome,0.6666666666666666
597,k__Bacteria|p__Firmicutes|c__Clostridia|o__Lachnospirales|f__Lachnospiraceae|g__Blautia|s__uncultured_Blautia_sp.,790,k__Bacteria|p__Firmicutes|c__Clostridia|o__Oscillospirales|f__Oscillospiraceae|g__UCG-002|s__None,0.5833333333333334
597,k__Bacteria|p__Firmicutes|c__Clostridia|o__Lachnospirales|f__Lachnospiraceae|g__Blautia|s__uncultured_Blautia_sp.,791,k__Bacteria|p__Firmicutes|c__Clostridia|o__Oscillospirales|f__Oscillospiraceae|g__UCG-003|s__None,0.5833333333333334
597,k__Bacteria|p__Firmicutes|c__Clostridia|o__Lachnospirales|f__Lachnospiraceae|g__Blautia|s__uncultured_Blautia_sp.,794,k__Bacteria|p__Firmicutes|c__Clostridia|o__Oscillospirales|f__Oscillospiraceae|g__UCG-005|s__metagenome,0.6666666666666666
597,k__Bacteria|p__Firmicutes|c__Clostridia|o__Lachnospirales|f__Lachnospiraceae|g__Blautia|s__uncultured_Blautia_sp.,812,k__Bacteria|p__Firmicutes|c__Clostridia|o__Oscillospirales|f__Ruminococcaceae|g__Anaerofilum|s__metagenome,0.6666666666666666
597,k__Bacteria|p__Firmicutes|c__Clostridia|o__Lachnospirales|f__Lachnospiraceae|g__Blautia|s__uncultured_Blautia_sp.,832,k__Bacteria|p__Firmicutes|c__Clostridia|o__Oscillospirales|f__Ruminococcaceae|g__DTU089|s__None,0.5833333333333334
597,k__Bacteria|p__Firmicutes|c__Clostridia|o__Lachnospirales|f__Lachnospiraceae|g__Blautia|s__uncultured_Blautia_sp.,833,k__Bacteria|p__Firmicutes|c__Clostridia|o__Oscillospirales|f__Ruminococcaceae|g__Faecalibacterium|s__None,0.5833333333333334
597,k__Bacteria|p__Firmicutes|c__Clostridia|o__Lachnospirales|f__Lachnospiraceae|g__Blautia|s__uncultured_Blautia_sp.,839,k__Bacteria|p__Firmicutes|c__Clostridia|o__Oscillospirales|f__Ruminococcaceae|g__Incertae_Sedis|s__metagenome,0.6666666666666666
597,k__Bacteria|p__Firmicutes|c__Clostridia|o__Lachnospirales|f__Lachnospiraceae|g__Blautia|s__uncultured_Blautia_sp.,841,k__Bacteria|p__Firmicutes|c__Clostridia|o__Oscillospirales|f__Ruminococcaceae|g__Incertae_Sedis|s__None,0.5833333333333334
597,k__Bacteria|p__Firmicutes|c__Clostridia|o__Lachnospirales|f__Lachnospiraceae|g__Blautia|s__uncultured_Blautia_sp.,859,k__Bacteria|p__Firmicutes|c__Clostridia|o__Oscillospirales|f__Ruminococcaceae|g__Ruminococcus|s__None,0.5833333333333334
597,k__Bacteria|p__Firmicutes|c__Clostridia|o__Lachnospirales|f__Lachnospiraceae|g__Blautia|s__uncultured_Blautia_sp.,860,k__Bacteria|p__Firmicutes|c__Clostridia|o__Oscillospirales|f__Ruminococcaceae|g__Subdoligranulum|s__None,0.5833333333333334
597,k__Bacteria|p__Firmicutes|c__Clostridia|o__Lachnospirales|f__Lachnospiraceae|g__Blautia|s__uncultured_Blautia_sp.,863,k__Bacteria|p__Firmicutes|c__Clostridia|o__Oscillospirales|f__Ruminococcaceae|g__UBA1819|s__None,0.5833333333333334
597,k__Bacteria|p__Firmicutes|c__Clostridia|o__Lachnospirales|f__Lachnospiraceae|g__Blautia|s__uncultured_Blautia_sp.,865,k__Bacteria|p__Firmicutes|c__Clostridia|o__Oscillospirales|f__Ruminococcaceae|g__Eubacterium_siraeum_group|s__None,0.5833333333333334
597,k__Bacteria|p__Firmicutes|c__Clostridia|o__Lachnospirales|f__Lachnospiraceae|g__Blautia|s__uncultured_Blautia_sp.,869,k__Bacteria|p__Firmicutes|c__Clostridia|o__Oscillospirales|f__Ruminococcaceae|g__None|s__None,0.5
597,k__Bacteria|p__Firmicutes|c__Clostridia|o__Lachnospirales|f__Lachnospiraceae|g__Blautia|s__uncultured_Blautia_sp.,885,k__Bacteria|p__Firmicutes|c__Clostridia|o__Oscillospirales|f__Eubacterium_coprostanoligenes_group|g__None|s__None,0.5
597,k__Bacteria|p__Firmicutes|c__Clostridia|o__Lachnospirales|f__Lachnospiraceae|g__Blautia|s__uncultured_Blautia_sp.,905,k__Bacteria|p__Firmicutes|c__Clostridia|o__Peptostreptococcales-Tissierellales|f__Anaerovoracaceae|g__Family_XIII_AD3011_group|s__metagenome,0.6666666666666666
597,k__Bacteria|p__Firmicutes|c__Clostridia|o__Lachnospirales|f__Lachnospiraceae|g__Blautia|s__uncultured_Blautia_sp.,925,k__Bacteria|p__Firmicutes|c__Clostridia|o__Peptostreptococcales-Tissierellales|f__Anaerovoracaceae|g__None|s__None,0.5
597,k__Bacteria|p__Firmicutes|c__Clostridia|o__Lachnospirales|f__Lachnospiraceae|g__Blautia|s__uncultured_Blautia_sp.,943,k__Bacteria|p__Firmicutes|c__Clostridia|o__Peptostreptococcales-Tissierellales|f__Peptostreptococcaceae|g__Intestinibacter|s__None,0.5833333333333334
597,k__Bacteria|p__Firmicutes|c__Clostridia|o__Lachnospirales|f__Lachnospiraceae|g__Blautia|s__uncultured_Blautia_sp.,951,k__Bacteria|p__Firmicutes|c__Clostridia|o__Peptostreptococcales-Tissierellales|f__Peptostreptococcaceae|g__Romboutsia|s__None,0.5833333333333334
597,k__Bacteria|p__Firmicutes|c__Clostridia|o__Lachnospirales|f__Lachnospiraceae|g__Blautia|s__uncultured_Blautia_sp.,956,k__Bacteria|p__Firmicutes|c__Clostridia|o__None|f__None|g__None|s__None,0.3333333333333333
597,k__Bacteria|p__Firmicutes|c__Clostridia|o__Lachnospirales|f__Lachnospiraceae|g__Blautia|s__uncultured_Blautia_sp.,966,k__Bacteria|p__Firmicutes|c__Negativicutes|o__Acidaminococcales|f__Acidaminococcaceae|g__Acidaminococcus|s__None,0.75
597,k__Bacteria|p__Firmicutes|c__Clostridia|o__Lachnospirales|f__Lachnospiraceae|g__Blautia|s__uncultured_Blautia_sp.,967,k__Bacteria|p__Firmicutes|c__Negativicutes|o__Acidaminococcales|f__Acidaminococcaceae|g__Phascolarctobacterium|s__None,0.75
597,k__Bacteria|p__Firmicutes|c__Clostridia|o__Lachnospirales|f__Lachnospiraceae|g__Blautia|s__uncultured_Blautia_sp.,986,k__Bacteria|p__Firmicutes|c__Negativicutes|o__Veillonellales-Selenomonadales|f__Veillonellaceae|g__Dialister|s__None,0.75
597,k__Bacteria|p__Firmicutes|c__Clostridia|o__Lachnospirales|f__Lachnospiraceae|g__Blautia|s__uncultured_Blautia_sp.,992,k__Bacteria|p__Firmicutes|c__Negativicutes|o__Veillonellales-Selenomonadales|f__Veillonellaceae|g__Veillonella|s__None,0.75
597,k__Bacteria|p__Firmicutes|c__Clostridia|o__Lachnospirales|f__Lachnospiraceae|g__Blautia|s__uncultured_Blautia_sp.,1055,k__Bacteria|p__Proteobacteria|c__Gammaproteobacteria|o__Burkholderiales|f__Sutterellaceae|g__Parasutterella|s__None,0.9166666666666666
597,k__Bacteria|p__Firmicutes|c__Clostridia|o__Lachnospirales|f__Lachnospiraceae|g__Blautia|s__uncultured_Blautia_sp.,1069,k__Bacteria|p__Proteobacteria|c__Gammaproteobacteria|o__Enterobacterales|f__Enterobacteriaceae|g__Escherichia-Shigella|s__None,0.9166666666666666
597,k__Bacteria|p__Firmicutes|c__Clostridia|o__Lachnospirales|f__Lachnospiraceae|g__Blautia|s__uncultured_Blautia_sp.,1089,k__Bacteria|p__Proteobacteria|c__Gammaproteobacteria|o__Pseudomonadales|f__Pseudomonadaceae|g__Pseudomonas|s__None,0.9166666666666666
597,k__Bacteria|p__Firmicutes|c__Clostridia|o__Lachnospirales|f__Lachnospiraceae|g__Blautia|s__uncultured_Blautia_sp.,1132,k__Bacteria|p__Verrucomicrobiota|c__Verrucomicrobiae|o__Verrucomicrobiales|f__Akkermansiaceae|g__Akkermansia|s__None,0.9166666666666666
597,k__Bacteria|p__Firmicutes|c__Clostridia|o__Lachnospirales|f__Lachnospiraceae|g__Blautia|s__uncultured_Blautia_sp.,1136,k__Bacteria|p__None|c__None|o__None|f__None|g__None|s__None,0.5
608,k__Bacteria|p__Firmicutes|c__Clostridia|o__Lachnospirales|f__Lachnospiraceae|g__Coprococcus|s__None,609,k__Bacteria|p__Firmicutes|c__Clostridia|o__Lachnospirales|f__Lachnospiraceae|g__Coprococcus|s__uncultured_Coprococcus_sp.,0.08333333333333333
608,k__Bacteria|p__Firmicutes|c__Clostridia|o__Lachnospirales|f__Lachnospiraceae|g__Coprococcus|s__None,612,k__Bacteria|p__Firmicutes|c__Clostridia|o__Lachnospirales|f__Lachnospiraceae|g__Eisenbergiella|s__None,0.16666666666666666
608,k__Bacteria|p__Firmicutes|c__Clostridia|o__Lachnospirales|f__Lachnospiraceae|g__Coprococcus|s__None,619,k__Bacteria|p__Firmicutes|c__Clostridia|o__Lachnospirales|f__Lachnospiraceae|g__Fusicatenibacter|s__uncultured_Lachnospiraceae_bacterium,0.25
608,k__Bacteria|p__Firmicutes|c__Clostridia|o__Lachnospirales|f__Lachnospiraceae|g__Coprococcus|s__None,620,k__Bacteria|p__Firmicutes|c__Clostridia|o__Lachnospirales|f__Lachnospiraceae|g__GCA-900066575|s__None,0.16666666666666666
608,k__Bacteria|p__Firmicutes|c__Clostridia|o__Lachnospirales|f__Lachnospiraceae|g__Coprococcus|s__None,628,k__Bacteria|p__Firmicutes|c__Clostridia|o__Lachnospirales|f__Lachnospiraceae|g__Howardella|s__metagenome,0.25
608,k__Bacteria|p__Firmicutes|c__Clostridia|o__Lachnospirales|f__Lachnospiraceae|g__Coprococcus|s__None,638,k__Bacteria|p__Firmicutes|c__Clostridia|o__Lachnospirales|f__Lachnospiraceae|g__Lachnoclostridium|s__None,0.16666666666666666
608,k__Bacteria|p__Firmicutes|c__Clostridia|o__Lachnospirales|f__Lachnospiraceae|g__Coprococcus|s__None,640,k__Bacteria|p__Firmicutes|c__Clostridia|o__Lachnospirales|f__Lachnospiraceae|g__Lachnoclostridium|s__uncultured_Lachnospiraceae_bacterium,0.25
608,k__Bacteria|p__Firmicutes|c__Clostridia|o__Lachnospirales|f__Lachnospiraceae|g__Coprococcus|s__None,641,k__Bacteria|p__Firmicutes|c__Clostridia|o__Lachnospirales|f__Lachnospiraceae|g__Lachnospira|s__None,0.16666666666666666
608,k__Bacteria|p__Firmicutes|c__Clostridia|o__Lachnospirales|f__Lachnospiraceae|g__Coprococcus|s__None,649,k__Bacteria|p__Firmicutes|c__Clostridia|o__Lachnospirales|f__Lachnospiraceae|g__Lachnospiraceae_ND3007_group|s__metagenome,0.25
608,k__Bacteria|p__Firmicutes|c__Clostridia|o__Lachnospirales|f__Lachnospiraceae|g__Coprococcus|s__None,658,k__Bacteria|p__Firmicutes|c__Clostridia|o__Lachnospirales|f__Lachnospiraceae|g__Lachnospiraceae_NK4A136_group|s__uncultured_bacterium_Adhufec49.25,0.25
608,k__Bacteria|p__Firmicutes|c__Clostridia|o__Lachnospirales|f__Lachnospiraceae|g__Coprococcus|s__None,662,k__Bacteria|p__Firmicutes|c__Clostridia|o__Lachnospirales|f__Lachnospiraceae|g__Lachnospiraceae_UCG-001|s__metagenome,0.25
608,k__Bacteria|p__Firmicutes|c__Clostridia|o__Lachnospirales|f__Lachnospiraceae|g__Coprococcus|s__None,675,k__Bacteria|p__Firmicutes|c__Clostridia|o__Lachnospirales|f__Lachnospiraceae|g__Lachnospiraceae_UCG-010|s__None,0.16666666666666666
608,k__Bacteria|p__Firmicutes|c__Clostridia|o__Lachnospirales|f__Lachnospiraceae|g__Coprococcus|s__None,694,k__Bacteria|p__Firmicutes|c__Clostridia|o__Lachnospirales|f__Lachnospiraceae|g__Roseburia|s__None,0.16666666666666666
608,k__Bacteria|p__Firmicutes|c__Clostridia|o__Lachnospirales|f__Lachnospiraceae|g__Coprococcus|s__None,695,k__Bacteria|p__Firmicutes|c__Clostridia|o__Lachnospirales|f__Lachnospiraceae|g__Roseburia|s__gut_metagenome,0.25
608,k__Bacteria|p__Firmicutes|c__Clostridia|o__Lachnospirales|f__Lachnospiraceae|g__Coprococcus|s__None,705,k__Bacteria|p__Firmicutes|c__Clostridia|o__Lachnospirales|f__Lachnospiraceae|g__Tuzzerella|s__None,0.16666666666666666
608,k__Bacteria|p__Firmicutes|c__Clostridia|o__Lachnospirales|f__Lachnospiraceae|g__Coprococcus|s__None,709,k__Bacteria|p__Firmicutes|c__Clostridia|o__Lachnospirales|f__Lachnospiraceae|g__UC5-1-2E3|s__uncultured_organism,0.25
608,k__Bacteria|p__Firmicutes|c__Clostridia|o__Lachnospirales|f__Lachnospiraceae|g__Coprococcus|s__None,711,k__Bacteria|p__Firmicutes|c__Clostridia|o__Lachnospirales|f__Lachnospiraceae|g__Eubacterium_eligens_group|s__None,0.16666666666666666
608,k__Bacteria|p__Firmicutes|c__Clostridia|o__Lachnospirales|f__Lachnospiraceae|g__Coprococcus|s__None,712,k__Bacteria|p__Firmicutes|c__Clostridia|o__Lachnospirales|f__Lachnospiraceae|g__Eubacterium_fissicatena_group|s__None,0.16666666666666666
608,k__Bacteria|p__Firmicutes|c__Clostridia|o__Lachnospirales|f__Lachnospiraceae|g__Coprococcus|s__None,717,k__Bacteria|p__Firmicutes|c__Clostridia|o__Lachnospirales|f__Lachnospiraceae|g__Eubacterium_hallii_group|s__None,0.16666666666666666
608,k__Bacteria|p__Firmicutes|c__Clostridia|o__Lachnospirales|f__Lachnospiraceae|g__Coprococcus|s__None,722,k__Bacteria|p__Firmicutes|c__Clostridia|o__Lachnospirales|f__Lachnospiraceae|g__Eubacterium_ventriosum_group|s__uncultured_organism,0.25
608,k__Bacteria|p__Firmicutes|c__Clostridia|o__Lachnospirales|f__Lachnospiraceae|g__Coprococcus|s__None,724,k__Bacteria|p__Firmicutes|c__Clostridia|o__Lachnospirales|f__Lachnospiraceae|g__Eubacterium_xylanophilum_group|s__None,0.16666666666666666
608,k__Bacteria|p__Firmicutes|c__Clostridia|o__Lachnospirales|f__Lachnospiraceae|g__Coprococcus|s__None,730,k__Bacteria|p__Firmicutes|c__Clostridia|o__Lachnospirales|f__Lachnospiraceae|g__Ruminococcus_torques_group|s__None,0.16666666666666666
608,k__Bacteria|p__Firmicutes|c__Clostridia|o__Lachnospirales|f__Lachnospiraceae|g__Coprococcus|s__None,732,k__Bacteria|p__Firmicutes|c__Clostridia|o__Lachnospirales|f__Lachnospiraceae|g__None|s__None,0.16666666666666666
608,k__Bacteria|p__Firmicutes|c__Clostridia|o__Lachnospirales|f__Lachnospiraceae|g__Coprococcus|s__None,733,k__Bacteria|p__Firmicutes|c__Clostridia|o__Lachnospirales|f__Lachnospiraceae|g__uncultured|s__None,0.16666666666666666
608,k__Bacteria|p__Firmicutes|c__Clostridia|o__Lachnospirales|f__Lachnospiraceae|g__Coprococcus|s__None,739,k__Bacteria|p__Firmicutes|c__Clostridia|o__Monoglobales|f__Monoglobaceae|g__Monoglobus|s__None,0.5
608,k__Bacteria|p__Firmicutes|c__Clostridia|o__Lachnospirales|f__Lachnospiraceae|g__Coprococcus|s__None,759,k__Bacteria|p__Firmicutes|c__Clostridia|o__Oscillospirales|f__Oscillospiraceae|g__Colidextribacter|s__None,0.5
608,k__Bacteria|p__Firmicutes|c__Clostridia|o__Lachnospirales|f__Lachnospiraceae|g__Coprococcus|s__None,767,k__Bacteria|p__Firmicutes|c__Clostridia|o__Oscillospirales|f__Oscillospiraceae|g__Flavonifractor|s__None,0.5
608,k__Bacteria|p__Firmicutes|c__Clostridia|o__Lachnospirales|f__Lachnospiraceae|g__Coprococcus|s__None,769,k__Bacteria|p__Firmicutes|c__Clostridia|o__Oscillospirales|f__Oscillospiraceae|g__Intestinimonas|s__None,0.5
608,k__Bacteria|p__Firmicutes|c__Clostridia|o__Lachnospirales|f__Lachnospiraceae|g__Coprococcus|s__None,770,k__Bacteria|p__Firmicutes|c__Clostridia|o__Oscillospirales|f__Oscillospiraceae|g__Intestinimonas|s__bacterium_P1C2,0.5833333333333334
608,k__Bacteria|p__Firmicutes|c__Clostridia|o__Lachnospirales|f__Lachnospiraceae|g__Coprococcus|s__None,779,k__Bacteria|p__Firmicutes|c__Clostridia|o__Oscillospirales|f__Oscillospiraceae|g__Oscillibacter|s__None,0.5
608,k__Bacteria|p__Firmicutes|c__Clostridia|o__Lachnospirales|f__Lachnospiraceae|g__Coprococcus|s__None,780,k__Bacteria|p__Firmicutes|c__Clostridia|o__Oscillospirales|f__Oscillospiraceae|g__Oscillibacter|s__metagenome,0.5833333333333334
608,k__Bacteria|p__Firmicutes|c__Clostridia|o__Lachnospirales|f__Lachnospiraceae|g__Coprococcus|s__None,790,k__Bacteria|p__Firmicutes|c__Clostridia|o__Oscillospirales|f__Oscillospiraceae|g__UCG-002|s__None,0.5
608,k__Bacteria|p__Firmicutes|c__Clostridia|o__Lachnospirales|f__Lachnospiraceae|g__Coprococcus|s__None,791,k__Bacteria|p__Firmicutes|c__Clostridia|o__Oscillospirales|f__Oscillospiraceae|g__UCG-003|s__None,0.5
608,k__Bacteria|p__Firmicutes|c__Clostridia|o__Lachnospirales|f__Lachnospiraceae|g__Coprococcus|s__None,794,k__Bacteria|p__Firmicutes|c__Clostridia|o__Oscillospirales|f__Oscillospiraceae|g__UCG-005|s__metagenome,0.5833333333333334
608,k__Bacteria|p__Firmicutes|c__Clostridia|o__Lachnospirales|f__Lachnospiraceae|g__Coprococcus|s__None,812,k__Bacteria|p__Firmicutes|c__Clostridia|o__Oscillospirales|f__Ruminococcaceae|g__Anaerofilum|s__metagenome,0.5833333333333334
608,k__Bacteria|p__Firmicutes|c__Clostridia|o__Lachnospirales|f__Lachnospiraceae|g__Coprococcus|s__None,832,k__Bacteria|p__Firmicutes|c__Clostridia|o__Oscillospirales|f__Ruminococcaceae|g__DTU089|s__None,0.5
608,k__Bacteria|p__Firmicutes|c__Clostridia|o__Lachnospirales|f__Lachnospiraceae|g__Coprococcus|s__None,833,k__Bacteria|p__Firmicutes|c__Clostridia|o__Oscillospirales|f__Ruminococcaceae|g__Faecalibacterium|s__None,0.5
608,k__Bacteria|p__Firmicutes|c__Clostridia|o__Lachnospirales|f__Lachnospiraceae|g__Coprococcus|s__None,839,k__Bacteria|p__Firmicutes|c__Clostridia|o__Oscillospirales|f__Ruminococcaceae|g__Incertae_Sedis|s__metagenome,0.5833333333333334
608,k__Bacteria|p__Firmicutes|c__Clostridia|o__Lachnospirales|f__Lachnospiraceae|g__Coprococcus|s__None,841,k__Bacteria|p__Firmicutes|c__Clostridia|o__Oscillospirales|f__Ruminococcaceae|g__Incertae_Sedis|s__None,0.5
608,k__Bacteria|p__Firmicutes|c__Clostridia|o__Lachnospirales|f__Lachnospiraceae|g__Coprococcus|s__None,859,k__Bacteria|p__Firmicutes|c__Clostridia|o__Oscillospirales|f__Ruminococcaceae|g__Ruminococcus|s__None,0.5
608,k__Bacteria|p__Firmicutes|c__Clostridia|o__Lachnospirales|f__Lachnospiraceae|g__Coprococcus|s__None,860,k__Bacteria|p__Firmicutes|c__Clostridia|o__Oscillospirales|f__Ruminococcaceae|g__Subdoligranulum|s__None,0.5
608,k__Bacteria|p__Firmicutes|c__Clostridia|o__Lachnospirales|f__Lachnospiraceae|g__Coprococcus|s__None,863,k__Bacteria|p__Firmicutes|c__Clostridia|o__Oscillospirales|f__Ruminococcaceae|g__UBA1819|s__None,0.5
608,k__Bacteria|p__Firmicutes|c__Clostridia|o__Lachnospirales|f__Lachnospiraceae|g__Coprococcus|s__None,865,k__Bacteria|p__Firmicutes|c__Clostridia|o__Oscillospirales|f__Ruminococcaceae|g__Eubacterium_siraeum_group|s__None,0.5
608,k__Bacteria|p__Firmicutes|c__Clostridia|o__Lachnospirales|f__Lachnospiraceae|g__Coprococcus|s__None,869,k__Bacteria|p__Firmicutes|c__Clostridia|o__Oscillospirales|f__Ruminococcaceae|g__None|s__None,0.4166666666666667
608,k__Bacteria|p__Firmicutes|c__Clostridia|o__Lachnospirales|f__Lachnospiraceae|g__Coprococcus|s__None,885,k__Bacteria|p__Firmicutes|c__Clostridia|o__Oscillospirales|f__Eubacterium_coprostanoligenes_group|g__None|s__None,0.4166666666666667
608,k__Bacteria|p__Firmicutes|c__Clostridia|o__Lachnospirales|f__Lachnospiraceae|g__Coprococcus|s__None,905,k__Bacteria|p__Firmicutes|c__Clostridia|o__Peptostreptococcales-Tissierellales|f__Anaerovoracaceae|g__Family_XIII_AD3011_group|s__metagenome,0.5833333333333334
608,k__Bacteria|p__Firmicutes|c__Clostridia|o__Lachnospirales|f__Lachnospiraceae|g__Coprococcus|s__None,925,k__Bacteria|p__Firmicutes|c__Clostridia|o__Peptostreptococcales-Tissierellales|f__Anaerovoracaceae|g__None|s__None,0.4166666666666667
608,k__Bacteria|p__Firmicutes|c__Clostridia|o__Lachnospirales|f__Lachnospiraceae|g__Coprococcus|s__None,943,k__Bacteria|p__Firmicutes|c__Clostridia|o__Peptostreptococcales-Tissierellales|f__Peptostreptococcaceae|g__Intestinibacter|s__None,0.5
608,k__Bacteria|p__Firmicutes|c__Clostridia|o__Lachnospirales|f__Lachnospiraceae|g__Coprococcus|s__None,951,k__Bacteria|p__Firmicutes|c__Clostridia|o__Peptostreptococcales-Tissierellales|f__Peptostreptococcaceae|g__Romboutsia|s__None,0.5
608,k__Bacteria|p__Firmicutes|c__Clostridia|o__Lachnospirales|f__Lachnospiraceae|g__Coprococcus|s__None,956,k__Bacteria|p__Firmicutes|c__Clostridia|o__None|f__None|g__None|s__None,0.25
608,k__Bacteria|p__Firmicutes|c__Clostridia|o__Lachnospirales|f__Lachnospiraceae|g__Coprococcus|s__None,966,k__Bacteria|p__Firmicutes|c__Negativicutes|o__Acidaminococcales|f__Acidaminococcaceae|g__Acidaminococcus|s__None,0.6666666666666666
608,k__Bacteria|p__Firmicutes|c__Clostridia|o__Lachnospirales|f__Lachnospiraceae|g__Coprococcus|s__None,967,k__Bacteria|p__Firmicutes|c__Negativicutes|o__Acidaminococcales|f__Acidaminococcaceae|g__Phascolarctobacterium|s__None,0.6666666666666666
608,k__Bacteria|p__Firmicutes|c__Clostridia|o__Lachnospirales|f__Lachnospiraceae|g__Coprococcus|s__None,986,k__Bacteria|p__Firmicutes|c__Negativicutes|o__Veillonellales-Selenomonadales|f__Veillonellaceae|g__Dialister|s__None,0.6666666666666666
608,k__Bacteria|p__Firmicutes|c__Clostridia|o__Lachnospirales|f__Lachnospiraceae|g__Coprococcus|s__None,992,k__Bacteria|p__Firmicutes|c__Negativicutes|o__Veillonellales-Selenomonadales|f__Veillonellaceae|g__Veillonella|s__None,0.6666666666666666
608,k__Bacteria|p__Firmicutes|c__Clostridia|o__Lachnospirales|f__Lachnospiraceae|g__Coprococcus|s__None,1055,k__Bacteria|p__Proteobacteria|c__Gammaproteobacteria|o__Burkholderiales|f__Sutterellaceae|g__Parasutterella|s__None,0.8333333333333334
608,k__Bacteria|p__Firmicutes|c__Clostridia|o__Lachnospirales|f__Lachnospiraceae|g__Coprococcus|s__None,1069,k__Bacteria|p__Proteobacteria|c__Gammaproteobacteria|o__Enterobacterales|f__Enterobacteriaceae|g__Escherichia-Shigella|s__None,0.8333333333333334
608,k__Bacteria|p__Firmicutes|c__Clostridia|o__Lachnospirales|f__Lachnospiraceae|g__Coprococcus|s__None,1089,k__Bacteria|p__Proteobacteria|c__Gammaproteobacteria|o__Pseudomonadales|f__Pseudomonadaceae|g__Pseudomonas|s__None,0.8333333333333334
608,k__Bacteria|p__Firmicutes|c__Clostridia|o__Lachnospirales|f__Lachnospiraceae|g__Coprococcus|s__None,1132,k__Bacteria|p__Verrucomicrobiota|c__Verrucomicrobiae|o__Verrucomicrobiales|f__Akkermansiaceae|g__Akkermansia|s__None,0.8333333333333334
608,k__Bacteria|p__Firmicutes|c__Clostridia|o__Lachnospirales|f__Lachnospiraceae|g__Coprococcus|s__None,1136,k__Bacteria|p__None|c__None|o__None|f__None|g__None|s__None,0.4166666666666667
609,k__Bacteria|p__Firmicutes|c__Clostridia|o__Lachnospirales|f__Lachnospiraceae|g__Coprococcus|s__uncultured_Coprococcus_sp.,612,k__Bacteria|p__Firmicutes|c__Clostridia|o__Lachnospirales|f__Lachnospiraceae|g__Eisenbergiella|s__None,0.25
609,k__Bacteria|p__Firmicutes|c__Clostridia|o__Lachnospirales|f__Lachnospiraceae|g__Coprococcus|s__uncultured_Coprococcus_sp.,619,k__Bacteria|p__Firmicutes|c__Clostridia|o__Lachnospirales|f__Lachnospiraceae|g__Fusicatenibacter|s__uncultured_Lachnospiraceae_bacterium,0.3333333333333333
609,k__Bacteria|p__Firmicutes|c__Clostridia|o__Lachnospirales|f__Lachnospiraceae|g__Coprococcus|s__uncultured_Coprococcus_sp.,620,k__Bacteria|p__Firmicutes|c__Clostridia|o__Lachnospirales|f__Lachnospiraceae|g__GCA-900066575|s__None,0.25
609,k__Bacteria|p__Firmicutes|c__Clostridia|o__Lachnospirales|f__Lachnospiraceae|g__Coprococcus|s__uncultured_Coprococcus_sp.,628,k__Bacteria|p__Firmicutes|c__Clostridia|o__Lachnospirales|f__Lachnospiraceae|g__Howardella|s__metagenome,0.3333333333333333
609,k__Bacteria|p__Firmicutes|c__Clostridia|o__Lachnospirales|f__Lachnospiraceae|g__Coprococcus|s__uncultured_Coprococcus_sp.,638,k__Bacteria|p__Firmicutes|c__Clostridia|o__Lachnospirales|f__Lachnospiraceae|g__Lachnoclostridium|s__None,0.25
609,k__Bacteria|p__Firmicutes|c__Clostridia|o__Lachnospirales|f__Lachnospiraceae|g__Coprococcus|s__uncultured_Coprococcus_sp.,640,k__Bacteria|p__Firmicutes|c__Clostridia|o__Lachnospirales|f__Lachnospiraceae|g__Lachnoclostridium|s__uncultured_Lachnospiraceae_bacterium,0.3333333333333333
609,k__Bacteria|p__Firmicutes|c__Clostridia|o__Lachnospirales|f__Lachnospiraceae|g__Coprococcus|s__uncultured_Coprococcus_sp.,641,k__Bacteria|p__Firmicutes|c__Clostridia|o__Lachnospirales|f__Lachnospiraceae|g__Lachnospira|s__None,0.25
609,k__Bacteria|p__Firmicutes|c__Clostridia|o__Lachnospirales|f__Lachnospiraceae|g__Coprococcus|s__uncultured_Coprococcus_sp.,649,k__Bacteria|p__Firmicutes|c__Clostridia|o__Lachnospirales|f__Lachnospiraceae|g__Lachnospiraceae_ND3007_group|s__metagenome,0.3333333333333333
609,k__Bacteria|p__Firmicutes|c__Clostridia|o__Lachnospirales|f__Lachnospiraceae|g__Coprococcus|s__uncultured_Coprococcus_sp.,658,k__Bacteria|p__Firmicutes|c__Clostridia|o__Lachnospirales|f__Lachnospiraceae|g__Lachnospiraceae_NK4A136_group|s__uncultured_bacterium_Adhufec49.25,0.3333333333333333
609,k__Bacteria|p__Firmicutes|c__Clostridia|o__Lachnospirales|f__Lachnospiraceae|g__Coprococcus|s__uncultured_Coprococcus_sp.,662,k__Bacteria|p__Firmicutes|c__Clostridia|o__Lachnospirales|f__Lachnospiraceae|g__Lachnospiraceae_UCG-001|s__metagenome,0.3333333333333333
609,k__Bacteria|p__Firmicutes|c__Clostridia|o__Lachnospirales|f__Lachnospiraceae|g__Coprococcus|s__uncultured_Coprococcus_sp.,675,k__Bacteria|p__Firmicutes|c__Clostridia|o__Lachnospirales|f__Lachnospiraceae|g__Lachnospiraceae_UCG-010|s__None,0.25
609,k__Bacteria|p__Firmicutes|c__Clostridia|o__Lachnospirales|f__Lachnospiraceae|g__Coprococcus|s__uncultured_Coprococcus_sp.,694,k__Bacteria|p__Firmicutes|c__Clostridia|o__Lachnospirales|f__Lachnospiraceae|g__Roseburia|s__None,0.25
609,k__Bacteria|p__Firmicutes|c__Clostridia|o__Lachnospirales|f__Lachnospiraceae|g__Coprococcus|s__uncultured_Coprococcus_sp.,695,k__Bacteria|p__Firmicutes|c__Clostridia|o__Lachnospirales|f__Lachnospiraceae|g__Roseburia|s__gut_metagenome,0.3333333333333333
609,k__Bacteria|p__Firmicutes|c__Clostridia|o__Lachnospirales|f__Lachnospiraceae|g__Coprococcus|s__uncultured_Coprococcus_sp.,705,k__Bacteria|p__Firmicutes|c__Clostridia|o__Lachnospirales|f__Lachnospiraceae|g__Tuzzerella|s__None,0.25
609,k__Bacteria|p__Firmicutes|c__Clostridia|o__Lachnospirales|f__Lachnospiraceae|g__Coprococcus|s__uncultured_Coprococcus_sp.,709,k__Bacteria|p__Firmicutes|c__Clostridia|o__Lachnospirales|f__Lachnospiraceae|g__UC5-1-2E3|s__uncultured_organism,0.3333333333333333
609,k__Bacteria|p__Firmicutes|c__Clostridia|o__Lachnospirales|f__Lachnospiraceae|g__Coprococcus|s__uncultured_Coprococcus_sp.,711,k__Bacteria|p__Firmicutes|c__Clostridia|o__Lachnospirales|f__Lachnospiraceae|g__Eubacterium_eligens_group|s__None,0.25
609,k__Bacteria|p__Firmicutes|c__Clostridia|o__Lachnospirales|f__Lachnospiraceae|g__Coprococcus|s__uncultured_Coprococcus_sp.,712,k__Bacteria|p__Firmicutes|c__Clostridia|o__Lachnospirales|f__Lachnospiraceae|g__Eubacterium_fissicatena_group|s__None,0.25
609,k__Bacteria|p__Firmicutes|c__Clostridia|o__Lachnospirales|f__Lachnospiraceae|g__Coprococcus|s__uncultured_Coprococcus_sp.,717,k__Bacteria|p__Firmicutes|c__Clostridia|o__Lachnospirales|f__Lachnospiraceae|g__Eubacterium_hallii_group|s__None,0.25
609,k__Bacteria|p__Firmicutes|c__Clostridia|o__Lachnospirales|f__Lachnospiraceae|g__Coprococcus|s__uncultured_Coprococcus_sp.,722,k__Bacteria|p__Firmicutes|c__Clostridia|o__Lachnospirales|f__Lachnospiraceae|g__Eubacterium_ventriosum_group|s__uncultured_organism,0.3333333333333333
609,k__Bacteria|p__Firmicutes|c__Clostridia|o__Lachnospirales|f__Lachnospiraceae|g__Coprococcus|s__uncultured_Coprococcus_sp.,724,k__Bacteria|p__Firmicutes|c__Clostridia|o__Lachnospirales|f__Lachnospiraceae|g__Eubacterium_xylanophilum_group|s__None,0.25
609,k__Bacteria|p__Firmicutes|c__Clostridia|o__Lachnospirales|f__Lachnospiraceae|g__Coprococcus|s__uncultured_Coprococcus_sp.,730,k__Bacteria|p__Firmicutes|c__Clostridia|o__Lachnospirales|f__Lachnospiraceae|g__Ruminococcus_torques_group|s__None,0.25
609,k__Bacteria|p__Firmicutes|c__Clostridia|o__Lachnospirales|f__Lachnospiraceae|g__Coprococcus|s__uncultured_Coprococcus_sp.,732,k__Bacteria|p__Firmicutes|c__Clostridia|o__Lachnospirales|f__Lachnospiraceae|g__None|s__None,0.25
609,k__Bacteria|p__Firmicutes|c__Clostridia|o__Lachnospirales|f__Lachnospiraceae|g__Coprococcus|s__uncultured_Coprococcus_sp.,733,k__Bacteria|p__Firmicutes|c__Clostridia|o__Lachnospirales|f__Lachnospiraceae|g__uncultured|s__None,0.25
609,k__Bacteria|p__Firmicutes|c__Clostridia|o__Lachnospirales|f__Lachnospiraceae|g__Coprococcus|s__uncultured_Coprococcus_sp.,739,k__Bacteria|p__Firmicutes|c__Clostridia|o__Monoglobales|f__Monoglobaceae|g__Monoglobus|s__None,0.5833333333333334
609,k__Bacteria|p__Firmicutes|c__Clostridia|o__Lachnospirales|f__Lachnospiraceae|g__Coprococcus|s__uncultured_Coprococcus_sp.,759,k__Bacteria|p__Firmicutes|c__Clostridia|o__Oscillospirales|f__Oscillospiraceae|g__Colidextribacter|s__None,0.5833333333333334
609,k__Bacteria|p__Firmicutes|c__Clostridia|o__Lachnospirales|f__Lachnospiraceae|g__Coprococcus|s__uncultured_Coprococcus_sp.,767,k__Bacteria|p__Firmicutes|c__Clostridia|o__Oscillospirales|f__Oscillospiraceae|g__Flavonifractor|s__None,0.5833333333333334
609,k__Bacteria|p__Firmicutes|c__Clostridia|o__Lachnospirales|f__Lachnospiraceae|g__Coprococcus|s__uncultured_Coprococcus_sp.,769,k__Bacteria|p__Firmicutes|c__Clostridia|o__Oscillospirales|f__Oscillospiraceae|g__Intestinimonas|s__None,0.5833333333333334
609,k__Bacteria|p__Firmicutes|c__Clostridia|o__Lachnospirales|f__Lachnospiraceae|g__Coprococcus|s__uncultured_Coprococcus_sp.,770,k__Bacteria|p__Firmicutes|c__Clostridia|o__Oscillospirales|f__Oscillospiraceae|g__Intestinimonas|s__bacterium_P1C2,0.6666666666666666
609,k__Bacteria|p__Firmicutes|c__Clostridia|o__Lachnospirales|f__Lachnospiraceae|g__Coprococcus|s__uncultured_Coprococcus_sp.,779,k__Bacteria|p__Firmicutes|c__Clostridia|o__Oscillospirales|f__Oscillospiraceae|g__Oscillibacter|s__None,0.5833333333333334
609,k__Bacteria|p__Firmicutes|c__Clostridia|o__Lachnospirales|f__Lachnospiraceae|g__Coprococcus|s__uncultured_Coprococcus_sp.,780,k__Bacteria|p__Firmicutes|c__Clostridia|o__Oscillospirales|f__Oscillospiraceae|g__Oscillibacter|s__metagenome,0.6666666666666666
609,k__Bacteria|p__Firmicutes|c__Clostridia|o__Lachnospirales|f__Lachnospiraceae|g__Coprococcus|s__uncultured_Coprococcus_sp.,790,k__Bacteria|p__Firmicutes|c__Clostridia|o__Oscillospirales|f__Oscillospiraceae|g__UCG-002|s__None,0.5833333333333334
609,k__Bacteria|p__Firmicutes|c__Clostridia|o__Lachnospirales|f__Lachnospiraceae|g__Coprococcus|s__uncultured_Coprococcus_sp.,791,k__Bacteria|p__Firmicutes|c__Clostridia|o__Oscillospirales|f__Oscillospiraceae|g__UCG-003|s__None,0.5833333333333334
609,k__Bacteria|p__Firmicutes|c__Clostridia|o__Lachnospirales|f__Lachnospiraceae|g__Coprococcus|s__uncultured_Coprococcus_sp.,794,k__Bacteria|p__Firmicutes|c__Clostridia|o__Oscillospirales|f__Oscillospiraceae|g__UCG-005|s__metagenome,0.6666666666666666
609,k__Bacteria|p__Firmicutes|c__Clostridia|o__Lachnospirales|f__Lachnospiraceae|g__Coprococcus|s__uncultured_Coprococcus_sp.,812,k__Bacteria|p__Firmicutes|c__Clostridia|o__Oscillospirales|f__Ruminococcaceae|g__Anaerofilum|s__metagenome,0.6666666666666666
609,k__Bacteria|p__Firmicutes|c__Clostridia|o__Lachnospirales|f__Lachnospiraceae|g__Coprococcus|s__uncultured_Coprococcus_sp.,832,k__Bacteria|p__Firmicutes|c__Clostridia|o__Oscillospirales|f__Ruminococcaceae|g__DTU089|s__None,0.5833333333333334
609,k__Bacteria|p__Firmicutes|c__Clostridia|o__Lachnospirales|f__Lachnospiraceae|g__Coprococcus|s__uncultured_Coprococcus_sp.,833,k__Bacteria|p__Firmicutes|c__Clostridia|o__Oscillospirales|f__Ruminococcaceae|g__Faecalibacterium|s__None,0.5833333333333334
609,k__Bacteria|p__Firmicutes|c__Clostridia|o__Lachnospirales|f__Lachnospiraceae|g__Coprococcus|s__uncultured_Coprococcus_sp.,839,k__Bacteria|p__Firmicutes|c__Clostridia|o__Oscillospirales|f__Ruminococcaceae|g__Incertae_Sedis|s__metagenome,0.6666666666666666
609,k__Bacteria|p__Firmicutes|c__Clostridia|o__Lachnospirales|f__Lachnospiraceae|g__Coprococcus|s__uncultured_Coprococcus_sp.,841,k__Bacteria|p__Firmicutes|c__Clostridia|o__Oscillospirales|f__Ruminococcaceae|g__Incertae_Sedis|s__None,0.5833333333333334
609,k__Bacteria|p__Firmicutes|c__Clostridia|o__Lachnospirales|f__Lachnospiraceae|g__Coprococcus|s__uncultured_Coprococcus_sp.,859,k__Bacteria|p__Firmicutes|c__Clostridia|o__Oscillospirales|f__Ruminococcaceae|g__Ruminococcus|s__None,0.5833333333333334
609,k__Bacteria|p__Firmicutes|c__Clostridia|o__Lachnospirales|f__Lachnospiraceae|g__Coprococcus|s__uncultured_Coprococcus_sp.,860,k__Bacteria|p__Firmicutes|c__Clostridia|o__Oscillospirales|f__Ruminococcaceae|g__Subdoligranulum|s__None,0.5833333333333334
609,k__Bacteria|p__Firmicutes|c__Clostridia|o__Lachnospirales|f__Lachnospiraceae|g__Coprococcus|s__uncultured_Coprococcus_sp.,863,k__Bacteria|p__Firmicutes|c__Clostridia|o__Oscillospirales|f__Ruminococcaceae|g__UBA1819|s__None,0.5833333333333334
609,k__Bacteria|p__Firmicutes|c__Clostridia|o__Lachnospirales|f__Lachnospiraceae|g__Coprococcus|s__uncultured_Coprococcus_sp.,865,k__Bacteria|p__Firmicutes|c__Clostridia|o__Oscillospirales|f__Ruminococcaceae|g__Eubacterium_siraeum_group|s__None,0.5833333333333334
609,k__Bacteria|p__Firmicutes|c__Clostridia|o__Lachnospirales|f__Lachnospiraceae|g__Coprococcus|s__uncultured_Coprococcus_sp.,869,k__Bacteria|p__Firmicutes|c__Clostridia|o__Oscillospirales|f__Ruminococcaceae|g__None|s__None,0.5
609,k__Bacteria|p__Firmicutes|c__Clostridia|o__Lachnospirales|f__Lachnospiraceae|g__Coprococcus|s__uncultured_Coprococcus_sp.,885,k__Bacteria|p__Firmicutes|c__Clostridia|o__Oscillospirales|f__Eubacterium_coprostanoligenes_group|g__None|s__None,0.5
609,k__Bacteria|p__Firmicutes|c__Clostridia|o__Lachnospirales|f__Lachnospiraceae|g__Coprococcus|s__uncultured_Coprococcus_sp.,905,k__Bacteria|p__Firmicutes|c__Clostridia|o__Peptostreptococcales-Tissierellales|f__Anaerovoracaceae|g__Family_XIII_AD3011_group|s__metagenome,0.6666666666666666
609,k__Bacteria|p__Firmicutes|c__Clostridia|o__Lachnospirales|f__Lachnospiraceae|g__Coprococcus|s__uncultured_Coprococcus_sp.,925,k__Bacteria|p__Firmicutes|c__Clostridia|o__Peptostreptococcales-Tissierellales|f__Anaerovoracaceae|g__None|s__None,0.5
609,k__Bacteria|p__Firmicutes|c__Clostridia|o__Lachnospirales|f__Lachnospiraceae|g__Coprococcus|s__uncultured_Coprococcus_sp.,943,k__Bacteria|p__Firmicutes|c__Clostridia|o__Peptostreptococcales-Tissierellales|f__Peptostreptococcaceae|g__Intestinibacter|s__None,0.5833333333333334
609,k__Bacteria|p__Firmicutes|c__Clostridia|o__Lachnospirales|f__Lachnospiraceae|g__Coprococcus|s__uncultured_Coprococcus_sp.,951,k__Bacteria|p__Firmicutes|c__Clostridia|o__Peptostreptococcales-Tissierellales|f__Peptostreptococcaceae|g__Romboutsia|s__None,0.5833333333333334
609,k__Bacteria|p__Firmicutes|c__Clostridia|o__Lachnospirales|f__Lachnospiraceae|g__Coprococcus|s__uncultured_Coprococcus_sp.,956,k__Bacteria|p__Firmicutes|c__Clostridia|o__None|f__None|g__None|s__None,0.3333333333333333
609,k__Bacteria|p__Firmicutes|c__Clostridia|o__Lachnospirales|f__Lachnospiraceae|g__Coprococcus|s__uncultured_Coprococcus_sp.,966,k__Bacteria|p__Firmicutes|c__Negativicutes|o__Acidaminococcales|f__Acidaminococcaceae|g__Acidaminococcus|s__None,0.75
609,k__Bacteria|p__Firmicutes|c__Clostridia|o__Lachnospirales|f__Lachnospiraceae|g__Coprococcus|s__uncultured_Coprococcus_sp.,967,k__Bacteria|p__Firmicutes|c__Negativicutes|o__Acidaminococcales|f__Acidaminococcaceae|g__Phascolarctobacterium|s__None,0.75
609,k__Bacteria|p__Firmicutes|c__Clostridia|o__Lachnospirales|f__Lachnospiraceae|g__Coprococcus|s__uncultured_Coprococcus_sp.,986,k__Bacteria|p__Firmicutes|c__Negativicutes|o__Veillonellales-Selenomonadales|f__Veillonellaceae|g__Dialister|s__None,0.75
609,k__Bacteria|p__Firmicutes|c__Clostridia|o__Lachnospirales|f__Lachnospiraceae|g__Coprococcus|s__uncultured_Coprococcus_sp.,992,k__Bacteria|p__Firmicutes|c__Negativicutes|o__Veillonellales-Selenomonadales|f__Veillonellaceae|g__Veillonella|s__None,0.75
609,k__Bacteria|p__Firmicutes|c__Clostridia|o__Lachnospirales|f__Lachnospiraceae|g__Coprococcus|s__uncultured_Coprococcus_sp.,1055,k__Bacteria|p__Proteobacteria|c__Gammaproteobacteria|o__Burkholderiales|f__Sutterellaceae|g__Parasutterella|s__None,0.9166666666666666
609,k__Bacteria|p__Firmicutes|c__Clostridia|o__Lachnospirales|f__Lachnospiraceae|g__Coprococcus|s__uncultured_Coprococcus_sp.,1069,k__Bacteria|p__Proteobacteria|c__Gammaproteobacteria|o__Enterobacterales|f__Enterobacteriaceae|g__Escherichia-Shigella|s__None,0.9166666666666666
609,k__Bacteria|p__Firmicutes|c__Clostridia|o__Lachnospirales|f__Lachnospiraceae|g__Coprococcus|s__uncultured_Coprococcus_sp.,1089,k__Bacteria|p__Proteobacteria|c__Gammaproteobacteria|o__Pseudomonadales|f__Pseudomonadaceae|g__Pseudomonas|s__None,0.9166666666666666
609,k__Bacteria|p__Firmicutes|c__Clostridia|o__Lachnospirales|f__Lachnospiraceae|g__Coprococcus|s__uncultured_Coprococcus_sp.,1132,k__Bacteria|p__Verrucomicrobiota|c__Verrucomicrobiae|o__Verrucomicrobiales|f__Akkermansiaceae|g__Akkermansia|s__None,0.9166666666666666
609,k__Bacteria|p__Firmicutes|c__Clostridia|o__Lachnospirales|f__Lachnospiraceae|g__Coprococcus|s__uncultured_Coprococcus_sp.,1136,k__Bacteria|p__None|c__None|o__None|f__None|g__None|s__None,0.5
612,k__Bacteria|p__Firmicutes|c__Clostridia|o__Lachnospirales|f__Lachnospiraceae|g__Eisenbergiella|s__None,619,k__Bacteria|p__Firmicutes|c__Clostridia|o__Lachnospirales|f__Lachnospiraceae|g__Fusicatenibacter|s__uncultured_Lachnospiraceae_bacterium,0.25
612,k__Bacteria|p__Firmicutes|c__Clostridia|o__Lachnospirales|f__Lachnospiraceae|g__Eisenbergiella|s__None,620,k__Bacteria|p__Firmicutes|c__Clostridia|o__Lachnospirales|f__Lachnospiraceae|g__GCA-900066575|s__None,0.16666666666666666
612,k__Bacteria|p__Firmicutes|c__Clostridia|o__Lachnospirales|f__Lachnospiraceae|g__Eisenbergiella|s__None,628,k__Bacteria|p__Firmicutes|c__Clostridia|o__Lachnospirales|f__Lachnospiraceae|g__Howardella|s__metagenome,0.25
612,k__Bacteria|p__Firmicutes|c__Clostridia|o__Lachnospirales|f__Lachnospiraceae|g__Eisenbergiella|s__None,638,k__Bacteria|p__Firmicutes|c__Clostridia|o__Lachnospirales|f__Lachnospiraceae|g__Lachnoclostridium|s__None,0.16666666666666666
612,k__Bacteria|p__Firmicutes|c__Clostridia|o__Lachnospirales|f__Lachnospiraceae|g__Eisenbergiella|s__None,640,k__Bacteria|p__Firmicutes|c__Clostridia|o__Lachnospirales|f__Lachnospiraceae|g__Lachnoclostridium|s__uncultured_Lachnospiraceae_bacterium,0.25
612,k__Bacteria|p__Firmicutes|c__Clostridia|o__Lachnospirales|f__Lachnospiraceae|g__Eisenbergiella|s__None,641,k__Bacteria|p__Firmicutes|c__Clostridia|o__Lachnospirales|f__Lachnospiraceae|g__Lachnospira|s__None,0.16666666666666666
612,k__Bacteria|p__Firmicutes|c__Clostridia|o__Lachnospirales|f__Lachnospiraceae|g__Eisenbergiella|s__None,649,k__Bacteria|p__Firmicutes|c__Clostridia|o__Lachnospirales|f__Lachnospiraceae|g__Lachnospiraceae_ND3007_group|s__metagenome,0.25
612,k__Bacteria|p__Firmicutes|c__Clostridia|o__Lachnospirales|f__Lachnospiraceae|g__Eisenbergiella|s__None,658,k__Bacteria|p__Firmicutes|c__Clostridia|o__Lachnospirales|f__Lachnospiraceae|g__Lachnospiraceae_NK4A136_group|s__uncultured_bacterium_Adhufec49.25,0.25
612,k__Bacteria|p__Firmicutes|c__Clostridia|o__Lachnospirales|f__Lachnospiraceae|g__Eisenbergiella|s__None,662,k__Bacteria|p__Firmicutes|c__Clostridia|o__Lachnospirales|f__Lachnospiraceae|g__Lachnospiraceae_UCG-001|s__metagenome,0.25
612,k__Bacteria|p__Firmicutes|c__Clostridia|o__Lachnospirales|f__Lachnospiraceae|g__Eisenbergiella|s__None,675,k__Bacteria|p__Firmicutes|c__Clostridia|o__Lachnospirales|f__Lachnospiraceae|g__Lachnospiraceae_UCG-010|s__None,0.16666666666666666
612,k__Bacteria|p__Firmicutes|c__Clostridia|o__Lachnospirales|f__Lachnospiraceae|g__Eisenbergiella|s__None,694,k__Bacteria|p__Firmicutes|c__Clostridia|o__Lachnospirales|f__Lachnospiraceae|g__Roseburia|s__None,0.16666666666666666
612,k__Bacteria|p__Firmicutes|c__Clostridia|o__Lachnospirales|f__Lachnospiraceae|g__Eisenbergiella|s__None,695,k__Bacteria|p__Firmicutes|c__Clostridia|o__Lachnospirales|f__Lachnospiraceae|g__Roseburia|s__gut_metagenome,0.25
612,k__Bacteria|p__Firmicutes|c__Clostridia|o__Lachnospirales|f__Lachnospiraceae|g__Eisenbergiella|s__None,705,k__Bacteria|p__Firmicutes|c__Clostridia|o__Lachnospirales|f__Lachnospiraceae|g__Tuzzerella|s__None,0.16666666666666666
612,k__Bacteria|p__Firmicutes|c__Clostridia|o__Lachnospirales|f__Lachnospiraceae|g__Eisenbergiella|s__None,709,k__Bacteria|p__Firmicutes|c__Clostridia|o__Lachnospirales|f__Lachnospiraceae|g__UC5-1-2E3|s__uncultured_organism,0.25
612,k__Bacteria|p__Firmicutes|c__Clostridia|o__Lachnospirales|f__Lachnospiraceae|g__Eisenbergiella|s__None,711,k__Bacteria|p__Firmicutes|c__Clostridia|o__Lachnospirales|f__Lachnospiraceae|g__Eubacterium_eligens_group|s__None,0.16666666666666666
612,k__Bacteria|p__Firmicutes|c__Clostridia|o__Lachnospirales|f__Lachnospiraceae|g__Eisenbergiella|s__None,712,k__Bacteria|p__Firmicutes|c__Clostridia|o__Lachnospirales|f__Lachnospiraceae|g__Eubacterium_fissicatena_group|s__None,0.16666666666666666
612,k__Bacteria|p__Firmicutes|c__Clostridia|o__Lachnospirales|f__Lachnospiraceae|g__Eisenbergiella|s__None,717,k__Bacteria|p__Firmicutes|c__Clostridia|o__Lachnospirales|f__Lachnospiraceae|g__Eubacterium_hallii_group|s__None,0.16666666666666666
612,k__Bacteria|p__Firmicutes|c__Clostridia|o__Lachnospirales|f__Lachnospiraceae|g__Eisenbergiella|s__None,722,k__Bacteria|p__Firmicutes|c__Clostridia|o__Lachnospirales|f__Lachnospiraceae|g__Eubacterium_ventriosum_group|s__uncultured_organism,0.25
612,k__Bacteria|p__Firmicutes|c__Clostridia|o__Lachnospirales|f__Lachnospiraceae|g__Eisenbergiella|s__None,724,k__Bacteria|p__Firmicutes|c__Clostridia|o__Lachnospirales|f__Lachnospiraceae|g__Eubacterium_xylanophilum_group|s__None,0.16666666666666666
612,k__Bacteria|p__Firmicutes|c__Clostridia|o__Lachnospirales|f__Lachnospiraceae|g__Eisenbergiella|s__None,730,k__Bacteria|p__Firmicutes|c__Clostridia|o__Lachnospirales|f__Lachnospiraceae|g__Ruminococcus_torques_group|s__None,0.16666666666666666
612,k__Bacteria|p__Firmicutes|c__Clostridia|o__Lachnospirales|f__Lachnospiraceae|g__Eisenbergiella|s__None,732,k__Bacteria|p__Firmicutes|c__Clostridia|o__Lachnospirales|f__Lachnospiraceae|g__None|s__None,0.16666666666666666
612,k__Bacteria|p__Firmicutes|c__Clostridia|o__Lachnospirales|f__Lachnospiraceae|g__Eisenbergiella|s__None,733,k__Bacteria|p__Firmicutes|c__Clostridia|o__Lachnospirales|f__Lachnospiraceae|g__uncultured|s__None,0.16666666666666666
612,k__Bacteria|p__Firmicutes|c__Clostridia|o__Lachnospirales|f__Lachnospiraceae|g__Eisenbergiella|s__None,739,k__Bacteria|p__Firmicutes|c__Clostridia|o__Monoglobales|f__Monoglobaceae|g__Monoglobus|s__None,0.5
612,k__Bacteria|p__Firmicutes|c__Clostridia|o__Lachnospirales|f__Lachnospiraceae|g__Eisenbergiella|s__None,759,k__Bacteria|p__Firmicutes|c__Clostridia|o__Oscillospirales|f__Oscillospiraceae|g__Colidextribacter|s__None,0.5
612,k__Bacteria|p__Firmicutes|c__Clostridia|o__Lachnospirales|f__Lachnospiraceae|g__Eisenbergiella|s__None,767,k__Bacteria|p__Firmicutes|c__Clostridia|o__Oscillospirales|f__Oscillospiraceae|g__Flavonifractor|s__None,0.5
612,k__Bacteria|p__Firmicutes|c__Clostridia|o__Lachnospirales|f__Lachnospiraceae|g__Eisenbergiella|s__None,769,k__Bacteria|p__Firmicutes|c__Clostridia|o__Oscillospirales|f__Oscillospiraceae|g__Intestinimonas|s__None,0.5
612,k__Bacteria|p__Firmicutes|c__Clostridia|o__Lachnospirales|f__Lachnospiraceae|g__Eisenbergiella|s__None,770,k__Bacteria|p__Firmicutes|c__Clostridia|o__Oscillospirales|f__Oscillospiraceae|g__Intestinimonas|s__bacterium_P1C2,0.5833333333333334
612,k__Bacteria|p__Firmicutes|c__Clostridia|o__Lachnospirales|f__Lachnospiraceae|g__Eisenbergiella|s__None,779,k__Bacteria|p__Firmicutes|c__Clostridia|o__Oscillospirales|f__Oscillospiraceae|g__Oscillibacter|s__None,0.5
612,k__Bacteria|p__Firmicutes|c__Clostridia|o__Lachnospirales|f__Lachnospiraceae|g__Eisenbergiella|s__None,780,k__Bacteria|p__Firmicutes|c__Clostridia|o__Oscillospirales|f__Oscillospiraceae|g__Oscillibacter|s__metagenome,0.5833333333333334
612,k__Bacteria|p__Firmicutes|c__Clostridia|o__Lachnospirales|f__Lachnospiraceae|g__Eisenbergiella|s__None,790,k__Bacteria|p__Firmicutes|c__Clostridia|o__Oscillospirales|f__Oscillospiraceae|g__UCG-002|s__None,0.5
612,k__Bacteria|p__Firmicutes|c__Clostridia|o__Lachnospirales|f__Lachnospiraceae|g__Eisenbergiella|s__None,791,k__Bacteria|p__Firmicutes|c__Clostridia|o__Oscillospirales|f__Oscillospiraceae|g__UCG-003|s__None,0.5
612,k__Bacteria|p__Firmicutes|c__Clostridia|o__Lachnospirales|f__Lachnospiraceae|g__Eisenbergiella|s__None,794,k__Bacteria|p__Firmicutes|c__Clostridia|o__Oscillospirales|f__Oscillospiraceae|g__UCG-005|s__metagenome,0.5833333333333334
612,k__Bacteria|p__Firmicutes|c__Clostridia|o__Lachnospirales|f__Lachnospiraceae|g__Eisenbergiella|s__None,812,k__Bacteria|p__Firmicutes|c__Clostridia|o__Oscillospirales|f__Ruminococcaceae|g__Anaerofilum|s__metagenome,0.5833333333333334
612,k__Bacteria|p__Firmicutes|c__Clostridia|o__Lachnospirales|f__Lachnospiraceae|g__Eisenbergiella|s__None,832,k__Bacteria|p__Firmicutes|c__Clostridia|o__Oscillospirales|f__Ruminococcaceae|g__DTU089|s__None,0.5
612,k__Bacteria|p__Firmicutes|c__Clostridia|o__Lachnospirales|f__Lachnospiraceae|g__Eisenbergiella|s__None,833,k__Bacteria|p__Firmicutes|c__Clostridia|o__Oscillospirales|f__Ruminococcaceae|g__Faecalibacterium|s__None,0.5
612,k__Bacteria|p__Firmicutes|c__Clostridia|o__Lachnospirales|f__Lachnospiraceae|g__Eisenbergiella|s__None,839,k__Bacteria|p__Firmicutes|c__Clostridia|o__Oscillospirales|f__Ruminococcaceae|g__Incertae_Sedis|s__metagenome,0.5833333333333334
612,k__Bacteria|p__Firmicutes|c__Clostridia|o__Lachnospirales|f__Lachnospiraceae|g__Eisenbergiella|s__None,841,k__Bacteria|p__Firmicutes|c__Clostridia|o__Oscillospirales|f__Ruminococcaceae|g__Incertae_Sedis|s__None,0.5
612,k__Bacteria|p__Firmicutes|c__Clostridia|o__Lachnospirales|f__Lachnospiraceae|g__Eisenbergiella|s__None,859,k__Bacteria|p__Firmicutes|c__Clostridia|o__Oscillospirales|f__Ruminococcaceae|g__Ruminococcus|s__None,0.5
612,k__Bacteria|p__Firmicutes|c__Clostridia|o__Lachnospirales|f__Lachnospiraceae|g__Eisenbergiella|s__None,860,k__Bacteria|p__Firmicutes|c__Clostridia|o__Oscillospirales|f__Ruminococcaceae|g__Subdoligranulum|s__None,0.5
612,k__Bacteria|p__Firmicutes|c__Clostridia|o__Lachnospirales|f__Lachnospiraceae|g__Eisenbergiella|s__None,863,k__Bacteria|p__Firmicutes|c__Clostridia|o__Oscillospirales|f__Ruminococcaceae|g__UBA1819|s__None,0.5
612,k__Bacteria|p__Firmicutes|c__Clostridia|o__Lachnospirales|f__Lachnospiraceae|g__Eisenbergiella|s__None,865,k__Bacteria|p__Firmicutes|c__Clostridia|o__Oscillospirales|f__Ruminococcaceae|g__Eubacterium_siraeum_group|s__None,0.5
612,k__Bacteria|p__Firmicutes|c__Clostridia|o__Lachnospirales|f__Lachnospiraceae|g__Eisenbergiella|s__None,869,k__Bacteria|p__Firmicutes|c__Clostridia|o__Oscillospirales|f__Ruminococcaceae|g__None|s__None,0.4166666666666667
612,k__Bacteria|p__Firmicutes|c__Clostridia|o__Lachnospirales|f__Lachnospiraceae|g__Eisenbergiella|s__None,885,k__Bacteria|p__Firmicutes|c__Clostridia|o__Oscillospirales|f__Eubacterium_coprostanoligenes_group|g__None|s__None,0.4166666666666667
612,k__Bacteria|p__Firmicutes|c__Clostridia|o__Lachnospirales|f__Lachnospiraceae|g__Eisenbergiella|s__None,905,k__Bacteria|p__Firmicutes|c__Clostridia|o__Peptostreptococcales-Tissierellales|f__Anaerovoracaceae|g__Family_XIII_AD3011_group|s__metagenome,0.5833333333333334
612,k__Bacteria|p__Firmicutes|c__Clostridia|o__Lachnospirales|f__Lachnospiraceae|g__Eisenbergiella|s__None,925,k__Bacteria|p__Firmicutes|c__Clostridia|o__Peptostreptococcales-Tissierellales|f__Anaerovoracaceae|g__None|s__None,0.4166666666666667
612,k__Bacteria|p__Firmicutes|c__Clostridia|o__Lachnospirales|f__Lachnospiraceae|g__Eisenbergiella|s__None,943,k__Bacteria|p__Firmicutes|c__Clostridia|o__Peptostreptococcales-Tissierellales|f__Peptostreptococcaceae|g__Intestinibacter|s__None,0.5
612,k__Bacteria|p__Firmicutes|c__Clostridia|o__Lachnospirales|f__Lachnospiraceae|g__Eisenbergiella|s__None,951,k__Bacteria|p__Firmicutes|c__Clostridia|o__Peptostreptococcales-Tissierellales|f__Peptostreptococcaceae|g__Romboutsia|s__None,0.5
612,k__Bacteria|p__Firmicutes|c__Clostridia|o__Lachnospirales|f__Lachnospiraceae|g__Eisenbergiella|s__None,956,k__Bacteria|p__Firmicutes|c__Clostridia|o__None|f__None|g__None|s__None,0.25
612,k__Bacteria|p__Firmicutes|c__Clostridia|o__Lachnospirales|f__Lachnospiraceae|g__Eisenbergiella|s__None,966,k__Bacteria|p__Firmicutes|c__Negativicutes|o__Acidaminococcales|f__Acidaminococcaceae|g__Acidaminococcus|s__None,0.6666666666666666
612,k__Bacteria|p__Firmicutes|c__Clostridia|o__Lachnospirales|f__Lachnospiraceae|g__Eisenbergiella|s__None,967,k__Bacteria|p__Firmicutes|c__Negativicutes|o__Acidaminococcales|f__Acidaminococcaceae|g__Phascolarctobacterium|s__None,0.6666666666666666
612,k__Bacteria|p__Firmicutes|c__Clostridia|o__Lachnospirales|f__Lachnospiraceae|g__Eisenbergiella|s__None,986,k__Bacteria|p__Firmicutes|c__Negativicutes|o__Veillonellales-Selenomonadales|f__Veillonellaceae|g__Dialister|s__None,0.6666666666666666
612,k__Bacteria|p__Firmicutes|c__Clostridia|o__Lachnospirales|f__Lachnospiraceae|g__Eisenbergiella|s__None,992,k__Bacteria|p__Firmicutes|c__Negativicutes|o__Veillonellales-Selenomonadales|f__Veillonellaceae|g__Veillonella|s__None,0.6666666666666666
612,k__Bacteria|p__Firmicutes|c__Clostridia|o__Lachnospirales|f__Lachnospiraceae|g__Eisenbergiella|s__None,1055,k__Bacteria|p__Proteobacteria|c__Gammaproteobacteria|o__Burkholderiales|f__Sutterellaceae|g__Parasutterella|s__None,0.8333333333333334
612,k__Bacteria|p__Firmicutes|c__Clostridia|o__Lachnospirales|f__Lachnospiraceae|g__Eisenbergiella|s__None,1069,k__Bacteria|p__Proteobacteria|c__Gammaproteobacteria|o__Enterobacterales|f__Enterobacteriaceae|g__Escherichia-Shigella|s__None,0.8333333333333334
612,k__Bacteria|p__Firmicutes|c__Clostridia|o__Lachnospirales|f__Lachnospiraceae|g__Eisenbergiella|s__None,1089,k__Bacteria|p__Proteobacteria|c__Gammaproteobacteria|o__Pseudomonadales|f__Pseudomonadaceae|g__Pseudomonas|s__None,0.8333333333333334
612,k__Bacteria|p__Firmicutes|c__Clostridia|o__Lachnospirales|f__Lachnospiraceae|g__Eisenbergiella|s__None,1132,k__Bacteria|p__Verrucomicrobiota|c__Verrucomicrobiae|o__Verrucomicrobiales|f__Akkermansiaceae|g__Akkermansia|s__None,0.8333333333333334
612,k__Bacteria|p__Firmicutes|c__Clostridia|o__Lachnospirales|f__Lachnospiraceae|g__Eisenbergiella|s__None,1136,k__Bacteria|p__None|c__None|o__None|f__None|g__None|s__None,0.4166666666666667
619,k__Bacteria|p__Firmicutes|c__Clostridia|o__Lachnospirales|f__Lachnospiraceae|g__Fusicatenibacter|s__uncultured_Lachnospiraceae_bacterium,620,k__Bacteria|p__Firmicutes|c__Clostridia|o__Lachnospirales|f__Lachnospiraceae|g__GCA-900066575|s__None,0.25
619,k__Bacteria|p__Firmicutes|c__Clostridia|o__Lachnospirales|f__Lachnospiraceae|g__Fusicatenibacter|s__uncultured_Lachnospiraceae_bacterium,628,k__Bacteria|p__Firmicutes|c__Clostridia|o__Lachnospirales|f__Lachnospiraceae|g__Howardella|s__metagenome,0.3333333333333333
619,k__Bacteria|p__Firmicutes|c__Clostridia|o__Lachnospirales|f__Lachnospiraceae|g__Fusicatenibacter|s__uncultured_Lachnospiraceae_bacterium,638,k__Bacteria|p__Firmicutes|c__Clostridia|o__Lachnospirales|f__Lachnospiraceae|g__Lachnoclostridium|s__None,0.25
619,k__Bacteria|p__Firmicutes|c__Clostridia|o__Lachnospirales|f__Lachnospiraceae|g__Fusicatenibacter|s__uncultured_Lachnospiraceae_bacterium,640,k__Bacteria|p__Firmicutes|c__Clostridia|o__Lachnospirales|f__Lachnospiraceae|g__Lachnoclostridium|s__uncultured_Lachnospiraceae_bacterium,0.3333333333333333
619,k__Bacteria|p__Firmicutes|c__Clostridia|o__Lachnospirales|f__Lachnospiraceae|g__Fusicatenibacter|s__uncultured_Lachnospiraceae_bacterium,641,k__Bacteria|p__Firmicutes|c__Clostridia|o__Lachnospirales|f__Lachnospiraceae|g__Lachnospira|s__None,0.25
619,k__Bacteria|p__Firmicutes|c__Clostridia|o__Lachnospirales|f__Lachnospiraceae|g__Fusicatenibacter|s__uncultured_Lachnospiraceae_bacterium,649,k__Bacteria|p__Firmicutes|c__Clostridia|o__Lachnospirales|f__Lachnospiraceae|g__Lachnospiraceae_ND3007_group|s__metagenome,0.3333333333333333
619,k__Bacteria|p__Firmicutes|c__Clostridia|o__Lachnospirales|f__Lachnospiraceae|g__Fusicatenibacter|s__uncultured_Lachnospiraceae_bacterium,658,k__Bacteria|p__Firmicutes|c__Clostridia|o__Lachnospirales|f__Lachnospiraceae|g__Lachnospiraceae_NK4A136_group|s__uncultured_bacterium_Adhufec49.25,0.3333333333333333
619,k__Bacteria|p__Firmicutes|c__Clostridia|o__Lachnospirales|f__Lachnospiraceae|g__Fusicatenibacter|s__uncultured_Lachnospiraceae_bacterium,662,k__Bacteria|p__Firmicutes|c__Clostridia|o__Lachnospirales|f__Lachnospiraceae|g__Lachnospiraceae_UCG-001|s__metagenome,0.3333333333333333
619,k__Bacteria|p__Firmicutes|c__Clostridia|o__Lachnospirales|f__Lachnospiraceae|g__Fusicatenibacter|s__uncultured_Lachnospiraceae_bacterium,675,k__Bacteria|p__Firmicutes|c__Clostridia|o__Lachnospirales|f__Lachnospiraceae|g__Lachnospiraceae_UCG-010|s__None,0.25
619,k__Bacteria|p__Firmicutes|c__Clostridia|o__Lachnospirales|f__Lachnospiraceae|g__Fusicatenibacter|s__uncultured_Lachnospiraceae_bacterium,694,k__Bacteria|p__Firmicutes|c__Clostridia|o__Lachnospirales|f__Lachnospiraceae|g__Roseburia|s__None,0.25
619,k__Bacteria|p__Firmicutes|c__Clostridia|o__Lachnospirales|f__Lachnospiraceae|g__Fusicatenibacter|s__uncultured_Lachnospiraceae_bacterium,695,k__Bacteria|p__Firmicutes|c__Clostridia|o__Lachnospirales|f__Lachnospiraceae|g__Roseburia|s__gut_metagenome,0.3333333333333333
619,k__Bacteria|p__Firmicutes|c__Clostridia|o__Lachnospirales|f__Lachnospiraceae|g__Fusicatenibacter|s__uncultured_Lachnospiraceae_bacterium,705,k__Bacteria|p__Firmicutes|c__Clostridia|o__Lachnospirales|f__Lachnospiraceae|g__Tuzzerella|s__None,0.25
619,k__Bacteria|p__Firmicutes|c__Clostridia|o__Lachnospirales|f__Lachnospiraceae|g__Fusicatenibacter|s__uncultured_Lachnospiraceae_bacterium,709,k__Bacteria|p__Firmicutes|c__Clostridia|o__Lachnospirales|f__Lachnospiraceae|g__UC5-1-2E3|s__uncultured_organism,0.3333333333333333
619,k__Bacteria|p__Firmicutes|c__Clostridia|o__Lachnospirales|f__Lachnospiraceae|g__Fusicatenibacter|s__uncultured_Lachnospiraceae_bacterium,711,k__Bacteria|p__Firmicutes|c__Clostridia|o__Lachnospirales|f__Lachnospiraceae|g__Eubacterium_eligens_group|s__None,0.25
619,k__Bacteria|p__Firmicutes|c__Clostridia|o__Lachnospirales|f__Lachnospiraceae|g__Fusicatenibacter|s__uncultured_Lachnospiraceae_bacterium,712,k__Bacteria|p__Firmicutes|c__Clostridia|o__Lachnospirales|f__Lachnospiraceae|g__Eubacterium_fissicatena_group|s__None,0.25
619,k__Bacteria|p__Firmicutes|c__Clostridia|o__Lachnospirales|f__Lachnospiraceae|g__Fusicatenibacter|s__uncultured_Lachnospiraceae_bacterium,717,k__Bacteria|p__Firmicutes|c__Clostridia|o__Lachnospirales|f__Lachnospiraceae|g__Eubacterium_hallii_group|s__None,0.25
619,k__Bacteria|p__Firmicutes|c__Clostridia|o__Lachnospirales|f__Lachnospiraceae|g__Fusicatenibacter|s__uncultured_Lachnospiraceae_bacterium,722,k__Bacteria|p__Firmicutes|c__Clostridia|o__Lachnospirales|f__Lachnospiraceae|g__Eubacterium_ventriosum_group|s__uncultured_organism,0.3333333333333333
619,k__Bacteria|p__Firmicutes|c__Clostridia|o__Lachnospirales|f__Lachnospiraceae|g__Fusicatenibacter|s__uncultured_Lachnospiraceae_bacterium,724,k__Bacteria|p__Firmicutes|c__Clostridia|o__Lachnospirales|f__Lachnospiraceae|g__Eubacterium_xylanophilum_group|s__None,0.25
619,k__Bacteria|p__Firmicutes|c__Clostridia|o__Lachnospirales|f__Lachnospiraceae|g__Fusicatenibacter|s__uncultured_Lachnospiraceae_bacterium,730,k__Bacteria|p__Firmicutes|c__Clostridia|o__Lachnospirales|f__Lachnospiraceae|g__Ruminococcus_torques_group|s__None,0.25
619,k__Bacteria|p__Firmicutes|c__Clostridia|o__Lachnospirales|f__Lachnospiraceae|g__Fusicatenibacter|s__uncultured_Lachnospiraceae_bacterium,732,k__Bacteria|p__Firmicutes|c__Clostridia|o__Lachnospirales|f__Lachnospiraceae|g__None|s__None,0.25
619,k__Bacteria|p__Firmicutes|c__Clostridia|o__Lachnospirales|f__Lachnospiraceae|g__Fusicatenibacter|s__uncultured_Lachnospiraceae_bacterium,733,k__Bacteria|p__Firmicutes|c__Clostridia|o__Lachnospirales|f__Lachnospiraceae|g__uncultured|s__None,0.25
619,k__Bacteria|p__Firmicutes|c__Clostridia|o__Lachnospirales|f__Lachnospiraceae|g__Fusicatenibacter|s__uncultured_Lachnospiraceae_bacterium,739,k__Bacteria|p__Firmicutes|c__Clostridia|o__Monoglobales|f__Monoglobaceae|g__Monoglobus|s__None,0.5833333333333334
619,k__Bacteria|p__Firmicutes|c__Clostridia|o__Lachnospirales|f__Lachnospiraceae|g__Fusicatenibacter|s__uncultured_Lachnospiraceae_bacterium,759,k__Bacteria|p__Firmicutes|c__Clostridia|o__Oscillospirales|f__Oscillospiraceae|g__Colidextribacter|s__None,0.5833333333333334
619,k__Bacteria|p__Firmicutes|c__Clostridia|o__Lachnospirales|f__Lachnospiraceae|g__Fusicatenibacter|s__uncultured_Lachnospiraceae_bacterium,767,k__Bacteria|p__Firmicutes|c__Clostridia|o__Oscillospirales|f__Oscillospiraceae|g__Flavonifractor|s__None,0.5833333333333334
619,k__Bacteria|p__Firmicutes|c__Clostridia|o__Lachnospirales|f__Lachnospiraceae|g__Fusicatenibacter|s__uncultured_Lachnospiraceae_bacterium,769,k__Bacteria|p__Firmicutes|c__Clostridia|o__Oscillospirales|f__Oscillospiraceae|g__Intestinimonas|s__None,0.5833333333333334
619,k__Bacteria|p__Firmicutes|c__Clostridia|o__Lachnospirales|f__Lachnospiraceae|g__Fusicatenibacter|s__uncultured_Lachnospiraceae_bacterium,770,k__Bacteria|p__Firmicutes|c__Clostridia|o__Oscillospirales|f__Oscillospiraceae|g__Intestinimonas|s__bacterium_P1C2,0.6666666666666666
619,k__Bacteria|p__Firmicutes|c__Clostridia|o__Lachnospirales|f__Lachnospiraceae|g__Fusicatenibacter|s__uncultured_Lachnospiraceae_bacterium,779,k__Bacteria|p__Firmicutes|c__Clostridia|o__Oscillospirales|f__Oscillospiraceae|g__Oscillibacter|s__None,0.5833333333333334
619,k__Bacteria|p__Firmicutes|c__Clostridia|o__Lachnospirales|f__Lachnospiraceae|g__Fusicatenibacter|s__uncultured_Lachnospiraceae_bacterium,780,k__Bacteria|p__Firmicutes|c__Clostridia|o__Oscillospirales|f__Oscillospiraceae|g__Oscillibacter|s__metagenome,0.6666666666666666
619,k__Bacteria|p__Firmicutes|c__Clostridia|o__Lachnospirales|f__Lachnospiraceae|g__Fusicatenibacter|s__uncultured_Lachnospiraceae_bacterium,790,k__Bacteria|p__Firmicutes|c__Clostridia|o__Oscillospirales|f__Oscillospiraceae|g__UCG-002|s__None,0.5833333333333334
619,k__Bacteria|p__Firmicutes|c__Clostridia|o__Lachnospirales|f__Lachnospiraceae|g__Fusicatenibacter|s__uncultured_Lachnospiraceae_bacterium,791,k__Bacteria|p__Firmicutes|c__Clostridia|o__Oscillospirales|f__Oscillospiraceae|g__UCG-003|s__None,0.5833333333333334
619,k__Bacteria|p__Firmicutes|c__Clostridia|o__Lachnospirales|f__Lachnospiraceae|g__Fusicatenibacter|s__uncultured_Lachnospiraceae_bacterium,794,k__Bacteria|p__Firmicutes|c__Clostridia|o__Oscillospirales|f__Oscillospiraceae|g__UCG-005|s__metagenome,0.6666666666666666
619,k__Bacteria|p__Firmicutes|c__Clostridia|o__Lachnospirales|f__Lachnospiraceae|g__Fusicatenibacter|s__uncultured_Lachnospiraceae_bacterium,812,k__Bacteria|p__Firmicutes|c__Clostridia|o__Oscillospirales|f__Ruminococcaceae|g__Anaerofilum|s__metagenome,0.6666666666666666
619,k__Bacteria|p__Firmicutes|c__Clostridia|o__Lachnospirales|f__Lachnospiraceae|g__Fusicatenibacter|s__uncultured_Lachnospiraceae_bacterium,832,k__Bacteria|p__Firmicutes|c__Clostridia|o__Oscillospirales|f__Ruminococcaceae|g__DTU089|s__None,0.5833333333333334
619,k__Bacteria|p__Firmicutes|c__Clostridia|o__Lachnospirales|f__Lachnospiraceae|g__Fusicatenibacter|s__uncultured_Lachnospiraceae_bacterium,833,k__Bacteria|p__Firmicutes|c__Clostridia|o__Oscillospirales|f__Ruminococcaceae|g__Faecalibacterium|s__None,0.5833333333333334
619,k__Bacteria|p__Firmicutes|c__Clostridia|o__Lachnospirales|f__Lachnospiraceae|g__Fusicatenibacter|s__uncultured_Lachnospiraceae_bacterium,839,k__Bacteria|p__Firmicutes|c__Clostridia|o__Oscillospirales|f__Ruminococcaceae|g__Incertae_Sedis|s__metagenome,0.6666666666666666
619,k__Bacteria|p__Firmicutes|c__Clostridia|o__Lachnospirales|f__Lachnospiraceae|g__Fusicatenibacter|s__uncultured_Lachnospiraceae_bacterium,841,k__Bacteria|p__Firmicutes|c__Clostridia|o__Oscillospirales|f__Ruminococcaceae|g__Incertae_Sedis|s__None,0.5833333333333334
619,k__Bacteria|p__Firmicutes|c__Clostridia|o__Lachnospirales|f__Lachnospiraceae|g__Fusicatenibacter|s__uncultured_Lachnospiraceae_bacterium,859,k__Bacteria|p__Firmicutes|c__Clostridia|o__Oscillospirales|f__Ruminococcaceae|g__Ruminococcus|s__None,0.5833333333333334
619,k__Bacteria|p__Firmicutes|c__Clostridia|o__Lachnospirales|f__Lachnospiraceae|g__Fusicatenibacter|s__uncultured_Lachnospiraceae_bacterium,860,k__Bacteria|p__Firmicutes|c__Clostridia|o__Oscillospirales|f__Ruminococcaceae|g__Subdoligranulum|s__None,0.5833333333333334
619,k__Bacteria|p__Firmicutes|c__Clostridia|o__Lachnospirales|f__Lachnospiraceae|g__Fusicatenibacter|s__uncultured_Lachnospiraceae_bacterium,863,k__Bacteria|p__Firmicutes|c__Clostridia|o__Oscillospirales|f__Ruminococcaceae|g__UBA1819|s__None,0.5833333333333334
619,k__Bacteria|p__Firmicutes|c__Clostridia|o__Lachnospirales|f__Lachnospiraceae|g__Fusicatenibacter|s__uncultured_Lachnospiraceae_bacterium,865,k__Bacteria|p__Firmicutes|c__Clostridia|o__Oscillospirales|f__Ruminococcaceae|g__Eubacterium_siraeum_group|s__None,0.5833333333333334
619,k__Bacteria|p__Firmicutes|c__Clostridia|o__Lachnospirales|f__Lachnospiraceae|g__Fusicatenibacter|s__uncultured_Lachnospiraceae_bacterium,869,k__Bacteria|p__Firmicutes|c__Clostridia|o__Oscillospirales|f__Ruminococcaceae|g__None|s__None,0.5
619,k__Bacteria|p__Firmicutes|c__Clostridia|o__Lachnospirales|f__Lachnospiraceae|g__Fusicatenibacter|s__uncultured_Lachnospiraceae_bacterium,885,k__Bacteria|p__Firmicutes|c__Clostridia|o__Oscillospirales|f__Eubacterium_coprostanoligenes_group|g__None|s__None,0.5
619,k__Bacteria|p__Firmicutes|c__Clostridia|o__Lachnospirales|f__Lachnospiraceae|g__Fusicatenibacter|s__uncultured_Lachnospiraceae_bacterium,905,k__Bacteria|p__Firmicutes|c__Clostridia|o__Peptostreptococcales-Tissierellales|f__Anaerovoracaceae|g__Family_XIII_AD3011_group|s__metagenome,0.6666666666666666
619,k__Bacteria|p__Firmicutes|c__Clostridia|o__Lachnospirales|f__Lachnospiraceae|g__Fusicatenibacter|s__uncultured_Lachnospiraceae_bacterium,925,k__Bacteria|p__Firmicutes|c__Clostridia|o__Peptostreptococcales-Tissierellales|f__Anaerovoracaceae|g__None|s__None,0.5
619,k__Bacteria|p__Firmicutes|c__Clostridia|o__Lachnospirales|f__Lachnospiraceae|g__Fusicatenibacter|s__uncultured_Lachnospiraceae_bacterium,943,k__Bacteria|p__Firmicutes|c__Clostridia|o__Peptostreptococcales-Tissierellales|f__Peptostreptococcaceae|g__Intestinibacter|s__None,0.5833333333333334
619,k__Bacteria|p__Firmicutes|c__Clostridia|o__Lachnospirales|f__Lachnospiraceae|g__Fusicatenibacter|s__uncultured_Lachnospiraceae_bacterium,951,k__Bacteria|p__Firmicutes|c__Clostridia|o__Peptostreptococcales-Tissierellales|f__Peptostreptococcaceae|g__Romboutsia|s__None,0.5833333333333334
619,k__Bacteria|p__Firmicutes|c__Clostridia|o__Lachnospirales|f__Lachnospiraceae|g__Fusicatenibacter|s__uncultured_Lachnospiraceae_bacterium,956,k__Bacteria|p__Firmicutes|c__Clostridia|o__None|f__None|g__None|s__None,0.3333333333333333
619,k__Bacteria|p__Firmicutes|c__Clostridia|o__Lachnospirales|f__Lachnospiraceae|g__Fusicatenibacter|s__uncultured_Lachnospiraceae_bacterium,966,k__Bacteria|p__Firmicutes|c__Negativicutes|o__Acidaminococcales|f__Acidaminococcaceae|g__Acidaminococcus|s__None,0.75
619,k__Bacteria|p__Firmicutes|c__Clostridia|o__Lachnospirales|f__Lachnospiraceae|g__Fusicatenibacter|s__uncultured_Lachnospiraceae_bacterium,967,k__Bacteria|p__Firmicutes|c__Negativicutes|o__Acidaminococcales|f__Acidaminococcaceae|g__Phascolarctobacterium|s__None,0.75
619,k__Bacteria|p__Firmicutes|c__Clostridia|o__Lachnospirales|f__Lachnospiraceae|g__Fusicatenibacter|s__uncultured_Lachnospiraceae_bacterium,986,k__Bacteria|p__Firmicutes|c__Negativicutes|o__Veillonellales-Selenomonadales|f__Veillonellaceae|g__Dialister|s__None,0.75
619,k__Bacteria|p__Firmicutes|c__Clostridia|o__Lachnospirales|f__Lachnospiraceae|g__Fusicatenibacter|s__uncultured_Lachnospiraceae_bacterium,992,k__Bacteria|p__Firmicutes|c__Negativicutes|o__Veillonellales-Selenomonadales|f__Veillonellaceae|g__Veillonella|s__None,0.75
619,k__Bacteria|p__Firmicutes|c__Clostridia|o__Lachnospirales|f__Lachnospiraceae|g__Fusicatenibacter|s__uncultured_Lachnospiraceae_bacterium,1055,k__Bacteria|p__Proteobacteria|c__Gammaproteobacteria|o__Burkholderiales|f__Sutterellaceae|g__Parasutterella|s__None,0.9166666666666666
619,k__Bacteria|p__Firmicutes|c__Clostridia|o__Lachnospirales|f__Lachnospiraceae|g__Fusicatenibacter|s__uncultured_Lachnospiraceae_bacterium,1069,k__Bacteria|p__Proteobacteria|c__Gammaproteobacteria|o__Enterobacterales|f__Enterobacteriaceae|g__Escherichia-Shigella|s__None,0.9166666666666666
619,k__Bacteria|p__Firmicutes|c__Clostridia|o__Lachnospirales|f__Lachnospiraceae|g__Fusicatenibacter|s__uncultured_Lachnospiraceae_bacterium,1089,k__Bacteria|p__Proteobacteria|c__Gammaproteobacteria|o__Pseudomonadales|f__Pseudomonadaceae|g__Pseudomonas|s__None,0.9166666666666666
619,k__Bacteria|p__Firmicutes|c__Clostridia|o__Lachnospirales|f__Lachnospiraceae|g__Fusicatenibacter|s__uncultured_Lachnospiraceae_bacterium,1132,k__Bacteria|p__Verrucomicrobiota|c__Verrucomicrobiae|o__Verrucomicrobiales|f__Akkermansiaceae|g__Akkermansia|s__None,0.9166666666666666
619,k__Bacteria|p__Firmicutes|c__Clostridia|o__Lachnospirales|f__Lachnospiraceae|g__Fusicatenibacter|s__uncultured_Lachnospiraceae_bacterium,1136,k__Bacteria|p__None|c__None|o__None|f__None|g__None|s__None,0.5
620,k__Bacteria|p__Firmicutes|c__Clostridia|o__Lachnospirales|f__Lachnospiraceae|g__GCA-900066575|s__None,628,k__Bacteria|p__Firmicutes|c__Clostridia|o__Lachnospirales|f__Lachnospiraceae|g__Howardella|s__metagenome,0.25
620,k__Bacteria|p__Firmicutes|c__Clostridia|o__Lachnospirales|f__Lachnospiraceae|g__GCA-900066575|s__None,638,k__Bacteria|p__Firmicutes|c__Clostridia|o__Lachnospirales|f__Lachnospiraceae|g__Lachnoclostridium|s__None,0.16666666666666666
620,k__Bacteria|p__Firmicutes|c__Clostridia|o__Lachnospirales|f__Lachnospiraceae|g__GCA-900066575|s__None,640,k__Bacteria|p__Firmicutes|c__Clostridia|o__Lachnospirales|f__Lachnospiraceae|g__Lachnoclostridium|s__uncultured_Lachnospiraceae_bacterium,0.25
620,k__Bacteria|p__Firmicutes|c__Clostridia|o__Lachnospirales|f__Lachnospiraceae|g__GCA-900066575|s__None,641,k__Bacteria|p__Firmicutes|c__Clostridia|o__Lachnospirales|f__Lachnospiraceae|g__Lachnospira|s__None,0.16666666666666666
620,k__Bacteria|p__Firmicutes|c__Clostridia|o__Lachnospirales|f__Lachnospiraceae|g__GCA-900066575|s__None,649,k__Bacteria|p__Firmicutes|c__Clostridia|o__Lachnospirales|f__Lachnospiraceae|g__Lachnospiraceae_ND3007_group|s__metagenome,0.25
620,k__Bacteria|p__Firmicutes|c__Clostridia|o__Lachnospirales|f__Lachnospiraceae|g__GCA-900066575|s__None,658,k__Bacteria|p__Firmicutes|c__Clostridia|o__Lachnospirales|f__Lachnospiraceae|g__Lachnospiraceae_NK4A136_group|s__uncultured_bacterium_Adhufec49.25,0.25
620,k__Bacteria|p__Firmicutes|c__Clostridia|o__Lachnospirales|f__Lachnospiraceae|g__GCA-900066575|s__None,662,k__Bacteria|p__Firmicutes|c__Clostridia|o__Lachnospirales|f__Lachnospiraceae|g__Lachnospiraceae_UCG-001|s__metagenome,0.25
620,k__Bacteria|p__Firmicutes|c__Clostridia|o__Lachnospirales|f__Lachnospiraceae|g__GCA-900066575|s__None,675,k__Bacteria|p__Firmicutes|c__Clostridia|o__Lachnospirales|f__Lachnospiraceae|g__Lachnospiraceae_UCG-010|s__None,0.16666666666666666
620,k__Bacteria|p__Firmicutes|c__Clostridia|o__Lachnospirales|f__Lachnospiraceae|g__GCA-900066575|s__None,694,k__Bacteria|p__Firmicutes|c__Clostridia|o__Lachnospirales|f__Lachnospiraceae|g__Roseburia|s__None,0.16666666666666666
620,k__Bacteria|p__Firmicutes|c__Clostridia|o__Lachnospirales|f__Lachnospiraceae|g__GCA-900066575|s__None,695,k__Bacteria|p__Firmicutes|c__Clostridia|o__Lachnospirales|f__Lachnospiraceae|g__Roseburia|s__gut_metagenome,0.25
620,k__Bacteria|p__Firmicutes|c__Clostridia|o__Lachnospirales|f__Lachnospiraceae|g__GCA-900066575|s__None,705,k__Bacteria|p__Firmicutes|c__Clostridia|o__Lachnospirales|f__Lachnospiraceae|g__Tuzzerella|s__None,0.16666666666666666
620,k__Bacteria|p__Firmicutes|c__Clostridia|o__Lachnospirales|f__Lachnospiraceae|g__GCA-900066575|s__None,709,k__Bacteria|p__Firmicutes|c__Clostridia|o__Lachnospirales|f__Lachnospiraceae|g__UC5-1-2E3|s__uncultured_organism,0.25
620,k__Bacteria|p__Firmicutes|c__Clostridia|o__Lachnospirales|f__Lachnospiraceae|g__GCA-900066575|s__None,711,k__Bacteria|p__Firmicutes|c__Clostridia|o__Lachnospirales|f__Lachnospiraceae|g__Eubacterium_eligens_group|s__None,0.16666666666666666
620,k__Bacteria|p__Firmicutes|c__Clostridia|o__Lachnospirales|f__Lachnospiraceae|g__GCA-900066575|s__None,712,k__Bacteria|p__Firmicutes|c__Clostridia|o__Lachnospirales|f__Lachnospiraceae|g__Eubacterium_fissicatena_group|s__None,0.16666666666666666
620,k__Bacteria|p__Firmicutes|c__Clostridia|o__Lachnospirales|f__Lachnospiraceae|g__GCA-900066575|s__None,717,k__Bacteria|p__Firmicutes|c__Clostridia|o__Lachnospirales|f__Lachnospiraceae|g__Eubacterium_hallii_group|s__None,0.16666666666666666
620,k__Bacteria|p__Firmicutes|c__Clostridia|o__Lachnospirales|f__Lachnospiraceae|g__GCA-900066575|s__None,722,k__Bacteria|p__Firmicutes|c__Clostridia|o__Lachnospirales|f__Lachnospiraceae|g__Eubacterium_ventriosum_group|s__uncultured_organism,0.25
620,k__Bacteria|p__Firmicutes|c__Clostridia|o__Lachnospirales|f__Lachnospiraceae|g__GCA-900066575|s__None,724,k__Bacteria|p__Firmicutes|c__Clostridia|o__Lachnospirales|f__Lachnospiraceae|g__Eubacterium_xylanophilum_group|s__None,0.16666666666666666
620,k__Bacteria|p__Firmicutes|c__Clostridia|o__Lachnospirales|f__Lachnospiraceae|g__GCA-900066575|s__None,730,k__Bacteria|p__Firmicutes|c__Clostridia|o__Lachnospirales|f__Lachnospiraceae|g__Ruminococcus_torques_group|s__None,0.16666666666666666
620,k__Bacteria|p__Firmicutes|c__Clostridia|o__Lachnospirales|f__Lachnospiraceae|g__GCA-900066575|s__None,732,k__Bacteria|p__Firmicutes|c__Clostridia|o__Lachnospirales|f__Lachnospiraceae|g__None|s__None,0.16666666666666666
620,k__Bacteria|p__Firmicutes|c__Clostridia|o__Lachnospirales|f__Lachnospiraceae|g__GCA-900066575|s__None,733,k__Bacteria|p__Firmicutes|c__Clostridia|o__Lachnospirales|f__Lachnospiraceae|g__uncultured|s__None,0.16666666666666666
620,k__Bacteria|p__Firmicutes|c__Clostridia|o__Lachnospirales|f__Lachnospiraceae|g__GCA-900066575|s__None,739,k__Bacteria|p__Firmicutes|c__Clostridia|o__Monoglobales|f__Monoglobaceae|g__Monoglobus|s__None,0.5
620,k__Bacteria|p__Firmicutes|c__Clostridia|o__Lachnospirales|f__Lachnospiraceae|g__GCA-900066575|s__None,759,k__Bacteria|p__Firmicutes|c__Clostridia|o__Oscillospirales|f__Oscillospiraceae|g__Colidextribacter|s__None,0.5
620,k__Bacteria|p__Firmicutes|c__Clostridia|o__Lachnospirales|f__Lachnospiraceae|g__GCA-900066575|s__None,767,k__Bacteria|p__Firmicutes|c__Clostridia|o__Oscillospirales|f__Oscillospiraceae|g__Flavonifractor|s__None,0.5
620,k__Bacteria|p__Firmicutes|c__Clostridia|o__Lachnospirales|f__Lachnospiraceae|g__GCA-900066575|s__None,769,k__Bacteria|p__Firmicutes|c__Clostridia|o__Oscillospirales|f__Oscillospiraceae|g__Intestinimonas|s__None,0.5
620,k__Bacteria|p__Firmicutes|c__Clostridia|o__Lachnospirales|f__Lachnospiraceae|g__GCA-900066575|s__None,770,k__Bacteria|p__Firmicutes|c__Clostridia|o__Oscillospirales|f__Oscillospiraceae|g__Intestinimonas|s__bacterium_P1C2,0.5833333333333334
620,k__Bacteria|p__Firmicutes|c__Clostridia|o__Lachnospirales|f__Lachnospiraceae|g__GCA-900066575|s__None,779,k__Bacteria|p__Firmicutes|c__Clostridia|o__Oscillospirales|f__Oscillospiraceae|g__Oscillibacter|s__None,0.5
620,k__Bacteria|p__Firmicutes|c__Clostridia|o__Lachnospirales|f__Lachnospiraceae|g__GCA-900066575|s__None,780,k__Bacteria|p__Firmicutes|c__Clostridia|o__Oscillospirales|f__Oscillospiraceae|g__Oscillibacter|s__metagenome,0.5833333333333334
620,k__Bacteria|p__Firmicutes|c__Clostridia|o__Lachnospirales|f__Lachnospiraceae|g__GCA-900066575|s__None,790,k__Bacteria|p__Firmicutes|c__Clostridia|o__Oscillospirales|f__Oscillospiraceae|g__UCG-002|s__None,0.5
620,k__Bacteria|p__Firmicutes|c__Clostridia|o__Lachnospirales|f__Lachnospiraceae|g__GCA-900066575|s__None,791,k__Bacteria|p__Firmicutes|c__Clostridia|o__Oscillospirales|f__Oscillospiraceae|g__UCG-003|s__None,0.5
620,k__Bacteria|p__Firmicutes|c__Clostridia|o__Lachnospirales|f__Lachnospiraceae|g__GCA-900066575|s__None,794,k__Bacteria|p__Firmicutes|c__Clostridia|o__Oscillospirales|f__Oscillospiraceae|g__UCG-005|s__metagenome,0.5833333333333334
620,k__Bacteria|p__Firmicutes|c__Clostridia|o__Lachnospirales|f__Lachnospiraceae|g__GCA-900066575|s__None,812,k__Bacteria|p__Firmicutes|c__Clostridia|o__Oscillospirales|f__Ruminococcaceae|g__Anaerofilum|s__metagenome,0.5833333333333334
620,k__Bacteria|p__Firmicutes|c__Clostridia|o__Lachnospirales|f__Lachnospiraceae|g__GCA-900066575|s__None,832,k__Bacteria|p__Firmicutes|c__Clostridia|o__Oscillospirales|f__Ruminococcaceae|g__DTU089|s__None,0.5
620,k__Bacteria|p__Firmicutes|c__Clostridia|o__Lachnospirales|f__Lachnospiraceae|g__GCA-900066575|s__None,833,k__Bacteria|p__Firmicutes|c__Clostridia|o__Oscillospirales|f__Ruminococcaceae|g__Faecalibacterium|s__None,0.5
620,k__Bacteria|p__Firmicutes|c__Clostridia|o__Lachnospirales|f__Lachnospiraceae|g__GCA-900066575|s__None,839,k__Bacteria|p__Firmicutes|c__Clostridia|o__Oscillospirales|f__Ruminococcaceae|g__Incertae_Sedis|s__metagenome,0.5833333333333334
620,k__Bacteria|p__Firmicutes|c__Clostridia|o__Lachnospirales|f__Lachnospiraceae|g__GCA-900066575|s__None,841,k__Bacteria|p__Firmicutes|c__Clostridia|o__Oscillospirales|f__Ruminococcaceae|g__Incertae_Sedis|s__None,0.5
620,k__Bacteria|p__Firmicutes|c__Clostridia|o__Lachnospirales|f__Lachnospiraceae|g__GCA-900066575|s__None,859,k__Bacteria|p__Firmicutes|c__Clostridia|o__Oscillospirales|f__Ruminococcaceae|g__Ruminococcus|s__None,0.5
620,k__Bacteria|p__Firmicutes|c__Clostridia|o__Lachnospirales|f__Lachnospiraceae|g__GCA-900066575|s__None,860,k__Bacteria|p__Firmicutes|c__Clostridia|o__Oscillospirales|f__Ruminococcaceae|g__Subdoligranulum|s__None,0.5
620,k__Bacteria|p__Firmicutes|c__Clostridia|o__Lachnospirales|f__Lachnospiraceae|g__GCA-900066575|s__None,863,k__Bacteria|p__Firmicutes|c__Clostridia|o__Oscillospirales|f__Ruminococcaceae|g__UBA1819|s__None,0.5
620,k__Bacteria|p__Firmicutes|c__Clostridia|o__Lachnospirales|f__Lachnospiraceae|g__GCA-900066575|s__None,865,k__Bacteria|p__Firmicutes|c__Clostridia|o__Oscillospirales|f__Ruminococcaceae|g__Eubacterium_siraeum_group|s__None,0.5
620,k__Bacteria|p__Firmicutes|c__Clostridia|o__Lachnospirales|f__Lachnospiraceae|g__GCA-900066575|s__None,869,k__Bacteria|p__Firmicutes|c__Clostridia|o__Oscillospirales|f__Ruminococcaceae|g__None|s__None,0.4166666666666667
620,k__Bacteria|p__Firmicutes|c__Clostridia|o__Lachnospirales|f__Lachnospiraceae|g__GCA-900066575|s__None,885,k__Bacteria|p__Firmicutes|c__Clostridia|o__Oscillospirales|f__Eubacterium_coprostanoligenes_group|g__None|s__None,0.4166666666666667
620,k__Bacteria|p__Firmicutes|c__Clostridia|o__Lachnospirales|f__Lachnospiraceae|g__GCA-900066575|s__None,905,k__Bacteria|p__Firmicutes|c__Clostridia|o__Peptostreptococcales-Tissierellales|f__Anaerovoracaceae|g__Family_XIII_AD3011_group|s__metagenome,0.5833333333333334
620,k__Bacteria|p__Firmicutes|c__Clostridia|o__Lachnospirales|f__Lachnospiraceae|g__GCA-900066575|s__None,925,k__Bacteria|p__Firmicutes|c__Clostridia|o__Peptostreptococcales-Tissierellales|f__Anaerovoracaceae|g__None|s__None,0.4166666666666667
620,k__Bacteria|p__Firmicutes|c__Clostridia|o__Lachnospirales|f__Lachnospiraceae|g__GCA-900066575|s__None,943,k__Bacteria|p__Firmicutes|c__Clostridia|o__Peptostreptococcales-Tissierellales|f__Peptostreptococcaceae|g__Intestinibacter|s__None,0.5
620,k__Bacteria|p__Firmicutes|c__Clostridia|o__Lachnospirales|f__Lachnospiraceae|g__GCA-900066575|s__None,951,k__Bacteria|p__Firmicutes|c__Clostridia|o__Peptostreptococcales-Tissierellales|f__Peptostreptococcaceae|g__Romboutsia|s__None,0.5
620,k__Bacteria|p__Firmicutes|c__Clostridia|o__Lachnospirales|f__Lachnospiraceae|g__GCA-900066575|s__None,956,k__Bacteria|p__Firmicutes|c__Clostridia|o__None|f__None|g__None|s__None,0.25
620,k__Bacteria|p__Firmicutes|c__Clostridia|o__Lachnospirales|f__Lachnospiraceae|g__GCA-900066575|s__None,966,k__Bacteria|p__Firmicutes|c__Negativicutes|o__Acidaminococcales|f__Acidaminococcaceae|g__Acidaminococcus|s__None,0.6666666666666666
620,k__Bacteria|p__Firmicutes|c__Clostridia|o__Lachnospirales|f__Lachnospiraceae|g__GCA-900066575|s__None,967,k__Bacteria|p__Firmicutes|c__Negativicutes|o__Acidaminococcales|f__Acidaminococcaceae|g__Phascolarctobacterium|s__None,0.6666666666666666
620,k__Bacteria|p__Firmicutes|c__Clostridia|o__Lachnospirales|f__Lachnospiraceae|g__GCA-900066575|s__None,986,k__Bacteria|p__Firmicutes|c__Negativicutes|o__Veillonellales-Selenomonadales|f__Veillonellaceae|g__Dialister|s__None,0.6666666666666666
620,k__Bacteria|p__Firmicutes|c__Clostridia|o__Lachnospirales|f__Lachnospiraceae|g__GCA-900066575|s__None,992,k__Bacteria|p__Firmicutes|c__Negativicutes|o__Veillonellales-Selenomonadales|f__Veillonellaceae|g__Veillonella|s__None,0.6666666666666666
620,k__Bacteria|p__Firmicutes|c__Clostridia|o__Lachnospirales|f__Lachnospiraceae|g__GCA-900066575|s__None,1055,k__Bacteria|p__Proteobacteria|c__Gammaproteobacteria|o__Burkholderiales|f__Sutterellaceae|g__Parasutterella|s__None,0.8333333333333334
620,k__Bacteria|p__Firmicutes|c__Clostridia|o__Lachnospirales|f__Lachnospiraceae|g__GCA-900066575|s__None,1069,k__Bacteria|p__Proteobacteria|c__Gammaproteobacteria|o__Enterobacterales|f__Enterobacteriaceae|g__Escherichia-Shigella|s__None,0.8333333333333334
620,k__Bacteria|p__Firmicutes|c__Clostridia|o__Lachnospirales|f__Lachnospiraceae|g__GCA-900066575|s__None,1089,k__Bacteria|p__Proteobacteria|c__Gammaproteobacteria|o__Pseudomonadales|f__Pseudomonadaceae|g__Pseudomonas|s__None,0.8333333333333334
620,k__Bacteria|p__Firmicutes|c__Clostridia|o__Lachnospirales|f__Lachnospiraceae|g__GCA-900066575|s__None,1132,k__Bacteria|p__Verrucomicrobiota|c__Verrucomicrobiae|o__Verrucomicrobiales|f__Akkermansiaceae|g__Akkermansia|s__None,0.8333333333333334
620,k__Bacteria|p__Firmicutes|c__Clostridia|o__Lachnospirales|f__Lachnospiraceae|g__GCA-900066575|s__None,1136,k__Bacteria|p__None|c__None|o__None|f__None|g__None|s__None,0.4166666666666667
628,k__Bacteria|p__Firmicutes|c__Clostridia|o__Lachnospirales|f__Lachnospiraceae|g__Howardella|s__metagenome,638,k__Bacteria|p__Firmicutes|c__Clostridia|o__Lachnospirales|f__Lachnospiraceae|g__Lachnoclostridium|s__None,0.25
628,k__Bacteria|p__Firmicutes|c__Clostridia|o__Lachnospirales|f__Lachnospiraceae|g__Howardella|s__metagenome,640,k__Bacteria|p__Firmicutes|c__Clostridia|o__Lachnospirales|f__Lachnospiraceae|g__Lachnoclostridium|s__uncultured_Lachnospiraceae_bacterium,0.3333333333333333
628,k__Bacteria|p__Firmicutes|c__Clostridia|o__Lachnospirales|f__Lachnospiraceae|g__Howardella|s__metagenome,641,k__Bacteria|p__Firmicutes|c__Clostridia|o__Lachnospirales|f__Lachnospiraceae|g__Lachnospira|s__None,0.25
628,k__Bacteria|p__Firmicutes|c__Clostridia|o__Lachnospirales|f__Lachnospiraceae|g__Howardella|s__metagenome,649,k__Bacteria|p__Firmicutes|c__Clostridia|o__Lachnospirales|f__Lachnospiraceae|g__Lachnospiraceae_ND3007_group|s__metagenome,0.3333333333333333
628,k__Bacteria|p__Firmicutes|c__Clostridia|o__Lachnospirales|f__Lachnospiraceae|g__Howardella|s__metagenome,658,k__Bacteria|p__Firmicutes|c__Clostridia|o__Lachnospirales|f__Lachnospiraceae|g__Lachnospiraceae_NK4A136_group|s__uncultured_bacterium_Adhufec49.25,0.3333333333333333
628,k__Bacteria|p__Firmicutes|c__Clostridia|o__Lachnospirales|f__Lachnospiraceae|g__Howardella|s__metagenome,662,k__Bacteria|p__Firmicutes|c__Clostridia|o__Lachnospirales|f__Lachnospiraceae|g__Lachnospiraceae_UCG-001|s__metagenome,0.3333333333333333
628,k__Bacteria|p__Firmicutes|c__Clostridia|o__Lachnospirales|f__Lachnospiraceae|g__Howardella|s__metagenome,675,k__Bacteria|p__Firmicutes|c__Clostridia|o__Lachnospirales|f__Lachnospiraceae|g__Lachnospiraceae_UCG-010|s__None,0.25
628,k__Bacteria|p__Firmicutes|c__Clostridia|o__Lachnospirales|f__Lachnospiraceae|g__Howardella|s__metagenome,694,k__Bacteria|p__Firmicutes|c__Clostridia|o__Lachnospirales|f__Lachnospiraceae|g__Roseburia|s__None,0.25
628,k__Bacteria|p__Firmicutes|c__Clostridia|o__Lachnospirales|f__Lachnospiraceae|g__Howardella|s__metagenome,695,k__Bacteria|p__Firmicutes|c__Clostridia|o__Lachnospirales|f__Lachnospiraceae|g__Roseburia|s__gut_metagenome,0.3333333333333333
628,k__Bacteria|p__Firmicutes|c__Clostridia|o__Lachnospirales|f__Lachnospiraceae|g__Howardella|s__metagenome,705,k__Bacteria|p__Firmicutes|c__Clostridia|o__Lachnospirales|f__Lachnospiraceae|g__Tuzzerella|s__None,0.25
628,k__Bacteria|p__Firmicutes|c__Clostridia|o__Lachnospirales|f__Lachnospiraceae|g__Howardella|s__metagenome,709,k__Bacteria|p__Firmicutes|c__Clostridia|o__Lachnospirales|f__Lachnospiraceae|g__UC5-1-2E3|s__uncultured_organism,0.3333333333333333
628,k__Bacteria|p__Firmicutes|c__Clostridia|o__Lachnospirales|f__Lachnospiraceae|g__Howardella|s__metagenome,711,k__Bacteria|p__Firmicutes|c__Clostridia|o__Lachnospirales|f__Lachnospiraceae|g__Eubacterium_eligens_group|s__None,0.25
628,k__Bacteria|p__Firmicutes|c__Clostridia|o__Lachnospirales|f__Lachnospiraceae|g__Howardella|s__metagenome,712,k__Bacteria|p__Firmicutes|c__Clostridia|o__Lachnospirales|f__Lachnospiraceae|g__Eubacterium_fissicatena_group|s__None,0.25
628,k__Bacteria|p__Firmicutes|c__Clostridia|o__Lachnospirales|f__Lachnospiraceae|g__Howardella|s__metagenome,717,k__Bacteria|p__Firmicutes|c__Clostridia|o__Lachnospirales|f__Lachnospiraceae|g__Eubacterium_hallii_group|s__None,0.25
628,k__Bacteria|p__Firmicutes|c__Clostridia|o__Lachnospirales|f__Lachnospiraceae|g__Howardella|s__metagenome,722,k__Bacteria|p__Firmicutes|c__Clostridia|o__Lachnospirales|f__Lachnospiraceae|g__Eubacterium_ventriosum_group|s__uncultured_organism,0.3333333333333333
628,k__Bacteria|p__Firmicutes|c__Clostridia|o__Lachnospirales|f__Lachnospiraceae|g__Howardella|s__metagenome,724,k__Bacteria|p__Firmicutes|c__Clostridia|o__Lachnospirales|f__Lachnospiraceae|g__Eubacterium_xylanophilum_group|s__None,0.25
628,k__Bacteria|p__Firmicutes|c__Clostridia|o__Lachnospirales|f__Lachnospiraceae|g__Howardella|s__metagenome,730,k__Bacteria|p__Firmicutes|c__Clostridia|o__Lachnospirales|f__Lachnospiraceae|g__Ruminococcus_torques_group|s__None,0.25
628,k__Bacteria|p__Firmicutes|c__Clostridia|o__Lachnospirales|f__Lachnospiraceae|g__Howardella|s__metagenome,732,k__Bacteria|p__Firmicutes|c__Clostridia|o__Lachnospirales|f__Lachnospiraceae|g__None|s__None,0.25
628,k__Bacteria|p__Firmicutes|c__Clostridia|o__Lachnospirales|f__Lachnospiraceae|g__Howardella|s__metagenome,733,k__Bacteria|p__Firmicutes|c__Clostridia|o__Lachnospirales|f__Lachnospiraceae|g__uncultured|s__None,0.25
628,k__Bacteria|p__Firmicutes|c__Clostridia|o__Lachnospirales|f__Lachnospiraceae|g__Howardella|s__metagenome,739,k__Bacteria|p__Firmicutes|c__Clostridia|o__Monoglobales|f__Monoglobaceae|g__Monoglobus|s__None,0.5833333333333334
628,k__Bacteria|p__Firmicutes|c__Clostridia|o__Lachnospirales|f__Lachnospiraceae|g__Howardella|s__metagenome,759,k__Bacteria|p__Firmicutes|c__Clostridia|o__Oscillospirales|f__Oscillospiraceae|g__Colidextribacter|s__None,0.5833333333333334
628,k__Bacteria|p__Firmicutes|c__Clostridia|o__Lachnospirales|f__Lachnospiraceae|g__Howardella|s__metagenome,767,k__Bacteria|p__Firmicutes|c__Clostridia|o__Oscillospirales|f__Oscillospiraceae|g__Flavonifractor|s__None,0.5833333333333334
628,k__Bacteria|p__Firmicutes|c__Clostridia|o__Lachnospirales|f__Lachnospiraceae|g__Howardella|s__metagenome,769,k__Bacteria|p__Firmicutes|c__Clostridia|o__Oscillospirales|f__Oscillospiraceae|g__Intestinimonas|s__None,0.5833333333333334
628,k__Bacteria|p__Firmicutes|c__Clostridia|o__Lachnospirales|f__Lachnospiraceae|g__Howardella|s__metagenome,770,k__Bacteria|p__Firmicutes|c__Clostridia|o__Oscillospirales|f__Oscillospiraceae|g__Intestinimonas|s__bacterium_P1C2,0.6666666666666666
628,k__Bacteria|p__Firmicutes|c__Clostridia|o__Lachnospirales|f__Lachnospiraceae|g__Howardella|s__metagenome,779,k__Bacteria|p__Firmicutes|c__Clostridia|o__Oscillospirales|f__Oscillospiraceae|g__Oscillibacter|s__None,0.5833333333333334
628,k__Bacteria|p__Firmicutes|c__Clostridia|o__Lachnospirales|f__Lachnospiraceae|g__Howardella|s__metagenome,780,k__Bacteria|p__Firmicutes|c__Clostridia|o__Oscillospirales|f__Oscillospiraceae|g__Oscillibacter|s__metagenome,0.6666666666666666
628,k__Bacteria|p__Firmicutes|c__Clostridia|o__Lachnospirales|f__Lachnospiraceae|g__Howardella|s__metagenome,790,k__Bacteria|p__Firmicutes|c__Clostridia|o__Oscillospirales|f__Oscillospiraceae|g__UCG-002|s__None,0.5833333333333334
628,k__Bacteria|p__Firmicutes|c__Clostridia|o__Lachnospirales|f__Lachnospiraceae|g__Howardella|s__metagenome,791,k__Bacteria|p__Firmicutes|c__Clostridia|o__Oscillospirales|f__Oscillospiraceae|g__UCG-003|s__None,0.5833333333333334
628,k__Bacteria|p__Firmicutes|c__Clostridia|o__Lachnospirales|f__Lachnospiraceae|g__Howardella|s__metagenome,794,k__Bacteria|p__Firmicutes|c__Clostridia|o__Oscillospirales|f__Oscillospiraceae|g__UCG-005|s__metagenome,0.6666666666666666
628,k__Bacteria|p__Firmicutes|c__Clostridia|o__Lachnospirales|f__Lachnospiraceae|g__Howardella|s__metagenome,812,k__Bacteria|p__Firmicutes|c__Clostridia|o__Oscillospirales|f__Ruminococcaceae|g__Anaerofilum|s__metagenome,0.6666666666666666
628,k__Bacteria|p__Firmicutes|c__Clostridia|o__Lachnospirales|f__Lachnospiraceae|g__Howardella|s__metagenome,832,k__Bacteria|p__Firmicutes|c__Clostridia|o__Oscillospirales|f__Ruminococcaceae|g__DTU089|s__None,0.5833333333333334
628,k__Bacteria|p__Firmicutes|c__Clostridia|o__Lachnospirales|f__Lachnospiraceae|g__Howardella|s__metagenome,833,k__Bacteria|p__Firmicutes|c__Clostridia|o__Oscillospirales|f__Ruminococcaceae|g__Faecalibacterium|s__None,0.5833333333333334
628,k__Bacteria|p__Firmicutes|c__Clostridia|o__Lachnospirales|f__Lachnospiraceae|g__Howardella|s__metagenome,839,k__Bacteria|p__Firmicutes|c__Clostridia|o__Oscillospirales|f__Ruminococcaceae|g__Incertae_Sedis|s__metagenome,0.6666666666666666
628,k__Bacteria|p__Firmicutes|c__Clostridia|o__Lachnospirales|f__Lachnospiraceae|g__Howardella|s__metagenome,841,k__Bacteria|p__Firmicutes|c__Clostridia|o__Oscillospirales|f__Ruminococcaceae|g__Incertae_Sedis|s__None,0.5833333333333334
628,k__Bacteria|p__Firmicutes|c__Clostridia|o__Lachnospirales|f__Lachnospiraceae|g__Howardella|s__metagenome,859,k__Bacteria|p__Firmicutes|c__Clostridia|o__Oscillospirales|f__Ruminococcaceae|g__Ruminococcus|s__None,0.5833333333333334
628,k__Bacteria|p__Firmicutes|c__Clostridia|o__Lachnospirales|f__Lachnospiraceae|g__Howardella|s__metagenome,860,k__Bacteria|p__Firmicutes|c__Clostridia|o__Oscillospirales|f__Ruminococcaceae|g__Subdoligranulum|s__None,0.5833333333333334
628,k__Bacteria|p__Firmicutes|c__Clostridia|o__Lachnospirales|f__Lachnospiraceae|g__Howardella|s__metagenome,863,k__Bacteria|p__Firmicutes|c__Clostridia|o__Oscillospirales|f__Ruminococcaceae|g__UBA1819|s__None,0.5833333333333334
628,k__Bacteria|p__Firmicutes|c__Clostridia|o__Lachnospirales|f__Lachnospiraceae|g__Howardella|s__metagenome,865,k__Bacteria|p__Firmicutes|c__Clostridia|o__Oscillospirales|f__Ruminococcaceae|g__Eubacterium_siraeum_group|s__None,0.5833333333333334
628,k__Bacteria|p__Firmicutes|c__Clostridia|o__Lachnospirales|f__Lachnospiraceae|g__Howardella|s__metagenome,869,k__Bacteria|p__Firmicutes|c__Clostridia|o__Oscillospirales|f__Ruminococcaceae|g__None|s__None,0.5
628,k__Bacteria|p__Firmicutes|c__Clostridia|o__Lachnospirales|f__Lachnospiraceae|g__Howardella|s__metagenome,885,k__Bacteria|p__Firmicutes|c__Clostridia|o__Oscillospirales|f__Eubacterium_coprostanoligenes_group|g__None|s__None,0.5
628,k__Bacteria|p__Firmicutes|c__Clostridia|o__Lachnospirales|f__Lachnospiraceae|g__Howardella|s__metagenome,905,k__Bacteria|p__Firmicutes|c__Clostridia|o__Peptostreptococcales-Tissierellales|f__Anaerovoracaceae|g__Family_XIII_AD3011_group|s__metagenome,0.6666666666666666
628,k__Bacteria|p__Firmicutes|c__Clostridia|o__Lachnospirales|f__Lachnospiraceae|g__Howardella|s__metagenome,925,k__Bacteria|p__Firmicutes|c__Clostridia|o__Peptostreptococcales-Tissierellales|f__Anaerovoracaceae|g__None|s__None,0.5
628,k__Bacteria|p__Firmicutes|c__Clostridia|o__Lachnospirales|f__Lachnospiraceae|g__Howardella|s__metagenome,943,k__Bacteria|p__Firmicutes|c__Clostridia|o__Peptostreptococcales-Tissierellales|f__Peptostreptococcaceae|g__Intestinibacter|s__None,0.5833333333333334
628,k__Bacteria|p__Firmicutes|c__Clostridia|o__Lachnospirales|f__Lachnospiraceae|g__Howardella|s__metagenome,951,k__Bacteria|p__Firmicutes|c__Clostridia|o__Peptostreptococcales-Tissierellales|f__Peptostreptococcaceae|g__Romboutsia|s__None,0.5833333333333334
628,k__Bacteria|p__Firmicutes|c__Clostridia|o__Lachnospirales|f__Lachnospiraceae|g__Howardella|s__metagenome,956,k__Bacteria|p__Firmicutes|c__Clostridia|o__None|f__None|g__None|s__None,0.3333333333333333
628,k__Bacteria|p__Firmicutes|c__Clostridia|o__Lachnospirales|f__Lachnospiraceae|g__Howardella|s__metagenome,966,k__Bacteria|p__Firmicutes|c__Negativicutes|o__Acidaminococcales|f__Acidaminococcaceae|g__Acidaminococcus|s__None,0.75
628,k__Bacteria|p__Firmicutes|c__Clostridia|o__Lachnospirales|f__Lachnospiraceae|g__Howardella|s__metagenome,967,k__Bacteria|p__Firmicutes|c__Negativicutes|o__Acidaminococcales|f__Acidaminococcaceae|g__Phascolarctobacterium|s__None,0.75
628,k__Bacteria|p__Firmicutes|c__Clostridia|o__Lachnospirales|f__Lachnospiraceae|g__Howardella|s__metagenome,986,k__Bacteria|p__Firmicutes|c__Negativicutes|o__Veillonellales-Selenomonadales|f__Veillonellaceae|g__Dialister|s__None,0.75
628,k__Bacteria|p__Firmicutes|c__Clostridia|o__Lachnospirales|f__Lachnospiraceae|g__Howardella|s__metagenome,992,k__Bacteria|p__Firmicutes|c__Negativicutes|o__Veillonellales-Selenomonadales|f__Veillonellaceae|g__Veillonella|s__None,0.75
628,k__Bacteria|p__Firmicutes|c__Clostridia|o__Lachnospirales|f__Lachnospiraceae|g__Howardella|s__metagenome,1055,k__Bacteria|p__Proteobacteria|c__Gammaproteobacteria|o__Burkholderiales|f__Sutterellaceae|g__Parasutterella|s__None,0.9166666666666666
628,k__Bacteria|p__Firmicutes|c__Clostridia|o__Lachnospirales|f__Lachnospiraceae|g__Howardella|s__metagenome,1069,k__Bacteria|p__Proteobacteria|c__Gammaproteobacteria|o__Enterobacterales|f__Enterobacteriaceae|g__Escherichia-Shigella|s__None,0.9166666666666666
628,k__Bacteria|p__Firmicutes|c__Clostridia|o__Lachnospirales|f__Lachnospiraceae|g__Howardella|s__metagenome,1089,k__Bacteria|p__Proteobacteria|c__Gammaproteobacteria|o__Pseudomonadales|f__Pseudomonadaceae|g__Pseudomonas|s__None,0.9166666666666666
628,k__Bacteria|p__Firmicutes|c__Clostridia|o__Lachnospirales|f__Lachnospiraceae|g__Howardella|s__metagenome,1132,k__Bacteria|p__Verrucomicrobiota|c__Verrucomicrobiae|o__Verrucomicrobiales|f__Akkermansiaceae|g__Akkermansia|s__None,0.9166666666666666
628,k__Bacteria|p__Firmicutes|c__Clostridia|o__Lachnospirales|f__Lachnospiraceae|g__Howardella|s__metagenome,1136,k__Bacteria|p__None|c__None|o__None|f__None|g__None|s__None,0.5
638,k__Bacteria|p__Firmicutes|c__Clostridia|o__Lachnospirales|f__Lachnospiraceae|g__Lachnoclostridium|s__None,640,k__Bacteria|p__Firmicutes|c__Clostridia|o__Lachnospirales|f__Lachnospiraceae|g__Lachnoclostridium|s__uncultured_Lachnospiraceae_bacterium,0.08333333333333333
638,k__Bacteria|p__Firmicutes|c__Clostridia|o__Lachnospirales|f__Lachnospiraceae|g__Lachnoclostridium|s__None,641,k__Bacteria|p__Firmicutes|c__Clostridia|o__Lachnospirales|f__Lachnospiraceae|g__Lachnospira|s__None,0.16666666666666666
638,k__Bacteria|p__Firmicutes|c__Clostridia|o__Lachnospirales|f__Lachnospiraceae|g__Lachnoclostridium|s__None,649,k__Bacteria|p__Firmicutes|c__Clostridia|o__Lachnospirales|f__Lachnospiraceae|g__Lachnospiraceae_ND3007_group|s__metagenome,0.25
638,k__Bacteria|p__Firmicutes|c__Clostridia|o__Lachnospirales|f__Lachnospiraceae|g__Lachnoclostridium|s__None,658,k__Bacteria|p__Firmicutes|c__Clostridia|o__Lachnospirales|f__Lachnospiraceae|g__Lachnospiraceae_NK4A136_group|s__uncultured_bacterium_Adhufec49.25,0.25
638,k__Bacteria|p__Firmicutes|c__Clostridia|o__Lachnospirales|f__Lachnospiraceae|g__Lachnoclostridium|s__None,662,k__Bacteria|p__Firmicutes|c__Clostridia|o__Lachnospirales|f__Lachnospiraceae|g__Lachnospiraceae_UCG-001|s__metagenome,0.25
638,k__Bacteria|p__Firmicutes|c__Clostridia|o__Lachnospirales|f__Lachnospiraceae|g__Lachnoclostridium|s__None,675,k__Bacteria|p__Firmicutes|c__Clostridia|o__Lachnospirales|f__Lachnospiraceae|g__Lachnospiraceae_UCG-010|s__None,0.16666666666666666
638,k__Bacteria|p__Firmicutes|c__Clostridia|o__Lachnospirales|f__Lachnospiraceae|g__Lachnoclostridium|s__None,694,k__Bacteria|p__Firmicutes|c__Clostridia|o__Lachnospirales|f__Lachnospiraceae|g__Roseburia|s__None,0.16666666666666666
638,k__Bacteria|p__Firmicutes|c__Clostridia|o__Lachnospirales|f__Lachnospiraceae|g__Lachnoclostridium|s__None,695,k__Bacteria|p__Firmicutes|c__Clostridia|o__Lachnospirales|f__Lachnospiraceae|g__Roseburia|s__gut_metagenome,0.25
638,k__Bacteria|p__Firmicutes|c__Clostridia|o__Lachnospirales|f__Lachnospiraceae|g__Lachnoclostridium|s__None,705,k__Bacteria|p__Firmicutes|c__Clostridia|o__Lachnospirales|f__Lachnospiraceae|g__Tuzzerella|s__None,0.16666666666666666
638,k__Bacteria|p__Firmicutes|c__Clostridia|o__Lachnospirales|f__Lachnospiraceae|g__Lachnoclostridium|s__None,709,k__Bacteria|p__Firmicutes|c__Clostridia|o__Lachnospirales|f__Lachnospiraceae|g__UC5-1-2E3|s__uncultured_organism,0.25
638,k__Bacteria|p__Firmicutes|c__Clostridia|o__Lachnospirales|f__Lachnospiraceae|g__Lachnoclostridium|s__None,711,k__Bacteria|p__Firmicutes|c__Clostridia|o__Lachnospirales|f__Lachnospiraceae|g__Eubacterium_eligens_group|s__None,0.16666666666666666
638,k__Bacteria|p__Firmicutes|c__Clostridia|o__Lachnospirales|f__Lachnospiraceae|g__Lachnoclostridium|s__None,712,k__Bacteria|p__Firmicutes|c__Clostridia|o__Lachnospirales|f__Lachnospiraceae|g__Eubacterium_fissicatena_group|s__None,0.16666666666666666
638,k__Bacteria|p__Firmicutes|c__Clostridia|o__Lachnospirales|f__Lachnospiraceae|g__Lachnoclostridium|s__None,717,k__Bacteria|p__Firmicutes|c__Clostridia|o__Lachnospirales|f__Lachnospiraceae|g__Eubacterium_hallii_group|s__None,0.16666666666666666
638,k__Bacteria|p__Firmicutes|c__Clostridia|o__Lachnospirales|f__Lachnospiraceae|g__Lachnoclostridium|s__None,722,k__Bacteria|p__Firmicutes|c__Clostridia|o__Lachnospirales|f__Lachnospiraceae|g__Eubacterium_ventriosum_group|s__uncultured_organism,0.25
638,k__Bacteria|p__Firmicutes|c__Clostridia|o__Lachnospirales|f__Lachnospiraceae|g__Lachnoclostridium|s__None,724,k__Bacteria|p__Firmicutes|c__Clostridia|o__Lachnospirales|f__Lachnospiraceae|g__Eubacterium_xylanophilum_group|s__None,0.16666666666666666
638,k__Bacteria|p__Firmicutes|c__Clostridia|o__Lachnospirales|f__Lachnospiraceae|g__Lachnoclostridium|s__None,730,k__Bacteria|p__Firmicutes|c__Clostridia|o__Lachnospirales|f__Lachnospiraceae|g__Ruminococcus_torques_group|s__None,0.16666666666666666
638,k__Bacteria|p__Firmicutes|c__Clostridia|o__Lachnospirales|f__Lachnospiraceae|g__Lachnoclostridium|s__None,732,k__Bacteria|p__Firmicutes|c__Clostridia|o__Lachnospirales|f__Lachnospiraceae|g__None|s__None,0.16666666666666666
638,k__Bacteria|p__Firmicutes|c__Clostridia|o__Lachnospirales|f__Lachnospiraceae|g__Lachnoclostridium|s__None,733,k__Bacteria|p__Firmicutes|c__Clostridia|o__Lachnospirales|f__Lachnospiraceae|g__uncultured|s__None,0.16666666666666666
638,k__Bacteria|p__Firmicutes|c__Clostridia|o__Lachnospirales|f__Lachnospiraceae|g__Lachnoclostridium|s__None,739,k__Bacteria|p__Firmicutes|c__Clostridia|o__Monoglobales|f__Monoglobaceae|g__Monoglobus|s__None,0.5
638,k__Bacteria|p__Firmicutes|c__Clostridia|o__Lachnospirales|f__Lachnospiraceae|g__Lachnoclostridium|s__None,759,k__Bacteria|p__Firmicutes|c__Clostridia|o__Oscillospirales|f__Oscillospiraceae|g__Colidextribacter|s__None,0.5
638,k__Bacteria|p__Firmicutes|c__Clostridia|o__Lachnospirales|f__Lachnospiraceae|g__Lachnoclostridium|s__None,767,k__Bacteria|p__Firmicutes|c__Clostridia|o__Oscillospirales|f__Oscillospiraceae|g__Flavonifractor|s__None,0.5
638,k__Bacteria|p__Firmicutes|c__Clostridia|o__Lachnospirales|f__Lachnospiraceae|g__Lachnoclostridium|s__None,769,k__Bacteria|p__Firmicutes|c__Clostridia|o__Oscillospirales|f__Oscillospiraceae|g__Intestinimonas|s__None,0.5
638,k__Bacteria|p__Firmicutes|c__Clostridia|o__Lachnospirales|f__Lachnospiraceae|g__Lachnoclostridium|s__None,770,k__Bacteria|p__Firmicutes|c__Clostridia|o__Oscillospirales|f__Oscillospiraceae|g__Intestinimonas|s__bacterium_P1C2,0.5833333333333334
638,k__Bacteria|p__Firmicutes|c__Clostridia|o__Lachnospirales|f__Lachnospiraceae|g__Lachnoclostridium|s__None,779,k__Bacteria|p__Firmicutes|c__Clostridia|o__Oscillospirales|f__Oscillospiraceae|g__Oscillibacter|s__None,0.5
638,k__Bacteria|p__Firmicutes|c__Clostridia|o__Lachnospirales|f__Lachnospiraceae|g__Lachnoclostridium|s__None,780,k__Bacteria|p__Firmicutes|c__Clostridia|o__Oscillospirales|f__Oscillospiraceae|g__Oscillibacter|s__metagenome,0.5833333333333334
638,k__Bacteria|p__Firmicutes|c__Clostridia|o__Lachnospirales|f__Lachnospiraceae|g__Lachnoclostridium|s__None,790,k__Bacteria|p__Firmicutes|c__Clostridia|o__Oscillospirales|f__Oscillospiraceae|g__UCG-002|s__None,0.5
638,k__Bacteria|p__Firmicutes|c__Clostridia|o__Lachnospirales|f__Lachnospiraceae|g__Lachnoclostridium|s__None,791,k__Bacteria|p__Firmicutes|c__Clostridia|o__Oscillospirales|f__Oscillospiraceae|g__UCG-003|s__None,0.5
638,k__Bacteria|p__Firmicutes|c__Clostridia|o__Lachnospirales|f__Lachnospiraceae|g__Lachnoclostridium|s__None,794,k__Bacteria|p__Firmicutes|c__Clostridia|o__Oscillospirales|f__Oscillospiraceae|g__UCG-005|s__metagenome,0.5833333333333334
638,k__Bacteria|p__Firmicutes|c__Clostridia|o__Lachnospirales|f__Lachnospiraceae|g__Lachnoclostridium|s__None,812,k__Bacteria|p__Firmicutes|c__Clostridia|o__Oscillospirales|f__Ruminococcaceae|g__Anaerofilum|s__metagenome,0.5833333333333334
638,k__Bacteria|p__Firmicutes|c__Clostridia|o__Lachnospirales|f__Lachnospiraceae|g__Lachnoclostridium|s__None,832,k__Bacteria|p__Firmicutes|c__Clostridia|o__Oscillospirales|f__Ruminococcaceae|g__DTU089|s__None,0.5
638,k__Bacteria|p__Firmicutes|c__Clostridia|o__Lachnospirales|f__Lachnospiraceae|g__Lachnoclostridium|s__None,833,k__Bacteria|p__Firmicutes|c__Clostridia|o__Oscillospirales|f__Ruminococcaceae|g__Faecalibacterium|s__None,0.5
638,k__Bacteria|p__Firmicutes|c__Clostridia|o__Lachnospirales|f__Lachnospiraceae|g__Lachnoclostridium|s__None,839,k__Bacteria|p__Firmicutes|c__Clostridia|o__Oscillospirales|f__Ruminococcaceae|g__Incertae_Sedis|s__metagenome,0.5833333333333334
638,k__Bacteria|p__Firmicutes|c__Clostridia|o__Lachnospirales|f__Lachnospiraceae|g__Lachnoclostridium|s__None,841,k__Bacteria|p__Firmicutes|c__Clostridia|o__Oscillospirales|f__Ruminococcaceae|g__Incertae_Sedis|s__None,0.5
638,k__Bacteria|p__Firmicutes|c__Clostridia|o__Lachnospirales|f__Lachnospiraceae|g__Lachnoclostridium|s__None,859,k__Bacteria|p__Firmicutes|c__Clostridia|o__Oscillospirales|f__Ruminococcaceae|g__Ruminococcus|s__None,0.5
638,k__Bacteria|p__Firmicutes|c__Clostridia|o__Lachnospirales|f__Lachnospiraceae|g__Lachnoclostridium|s__None,860,k__Bacteria|p__Firmicutes|c__Clostridia|o__Oscillospirales|f__Ruminococcaceae|g__Subdoligranulum|s__None,0.5
638,k__Bacteria|p__Firmicutes|c__Clostridia|o__Lachnospirales|f__Lachnospiraceae|g__Lachnoclostridium|s__None,863,k__Bacteria|p__Firmicutes|c__Clostridia|o__Oscillospirales|f__Ruminococcaceae|g__UBA1819|s__None,0.5
638,k__Bacteria|p__Firmicutes|c__Clostridia|o__Lachnospirales|f__Lachnospiraceae|g__Lachnoclostridium|s__None,865,k__Bacteria|p__Firmicutes|c__Clostridia|o__Oscillospirales|f__Ruminococcaceae|g__Eubacterium_siraeum_group|s__None,0.5
638,k__Bacteria|p__Firmicutes|c__Clostridia|o__Lachnospirales|f__Lachnospiraceae|g__Lachnoclostridium|s__None,869,k__Bacteria|p__Firmicutes|c__Clostridia|o__Oscillospirales|f__Ruminococcaceae|g__None|s__None,0.4166666666666667
638,k__Bacteria|p__Firmicutes|c__Clostridia|o__Lachnospirales|f__Lachnospiraceae|g__Lachnoclostridium|s__None,885,k__Bacteria|p__Firmicutes|c__Clostridia|o__Oscillospirales|f__Eubacterium_coprostanoligenes_group|g__None|s__None,0.4166666666666667
638,k__Bacteria|p__Firmicutes|c__Clostridia|o__Lachnospirales|f__Lachnospiraceae|g__Lachnoclostridium|s__None,905,k__Bacteria|p__Firmicutes|c__Clostridia|o__Peptostreptococcales-Tissierellales|f__Anaerovoracaceae|g__Family_XIII_AD3011_group|s__metagenome,0.5833333333333334
638,k__Bacteria|p__Firmicutes|c__Clostridia|o__Lachnospirales|f__Lachnospiraceae|g__Lachnoclostridium|s__None,925,k__Bacteria|p__Firmicutes|c__Clostridia|o__Peptostreptococcales-Tissierellales|f__Anaerovoracaceae|g__None|s__None,0.4166666666666667
638,k__Bacteria|p__Firmicutes|c__Clostridia|o__Lachnospirales|f__Lachnospiraceae|g__Lachnoclostridium|s__None,943,k__Bacteria|p__Firmicutes|c__Clostridia|o__Peptostreptococcales-Tissierellales|f__Peptostreptococcaceae|g__Intestinibacter|s__None,0.5
638,k__Bacteria|p__Firmicutes|c__Clostridia|o__Lachnospirales|f__Lachnospiraceae|g__Lachnoclostridium|s__None,951,k__Bacteria|p__Firmicutes|c__Clostridia|o__Peptostreptococcales-Tissierellales|f__Peptostreptococcaceae|g__Romboutsia|s__None,0.5
638,k__Bacteria|p__Firmicutes|c__Clostridia|o__Lachnospirales|f__Lachnospiraceae|g__Lachnoclostridium|s__None,956,k__Bacteria|p__Firmicutes|c__Clostridia|o__None|f__None|g__None|s__None,0.25
638,k__Bacteria|p__Firmicutes|c__Clostridia|o__Lachnospirales|f__Lachnospiraceae|g__Lachnoclostridium|s__None,966,k__Bacteria|p__Firmicutes|c__Negativicutes|o__Acidaminococcales|f__Acidaminococcaceae|g__Acidaminococcus|s__None,0.6666666666666666
638,k__Bacteria|p__Firmicutes|c__Clostridia|o__Lachnospirales|f__Lachnospiraceae|g__Lachnoclostridium|s__None,967,k__Bacteria|p__Firmicutes|c__Negativicutes|o__Acidaminococcales|f__Acidaminococcaceae|g__Phascolarctobacterium|s__None,0.6666666666666666
638,k__Bacteria|p__Firmicutes|c__Clostridia|o__Lachnospirales|f__Lachnospiraceae|g__Lachnoclostridium|s__None,986,k__Bacteria|p__Firmicutes|c__Negativicutes|o__Veillonellales-Selenomonadales|f__Veillonellaceae|g__Dialister|s__None,0.6666666666666666
638,k__Bacteria|p__Firmicutes|c__Clostridia|o__Lachnospirales|f__Lachnospiraceae|g__Lachnoclostridium|s__None,992,k__Bacteria|p__Firmicutes|c__Negativicutes|o__Veillonellales-Selenomonadales|f__Veillonellaceae|g__Veillonella|s__None,0.6666666666666666
638,k__Bacteria|p__Firmicutes|c__Clostridia|o__Lachnospirales|f__Lachnospiraceae|g__Lachnoclostridium|s__None,1055,k__Bacteria|p__Proteobacteria|c__Gammaproteobacteria|o__Burkholderiales|f__Sutterellaceae|g__Parasutterella|s__None,0.8333333333333334
638,k__Bacteria|p__Firmicutes|c__Clostridia|o__Lachnospirales|f__Lachnospiraceae|g__Lachnoclostridium|s__None,1069,k__Bacteria|p__Proteobacteria|c__Gammaproteobacteria|o__Enterobacterales|f__Enterobacteriaceae|g__Escherichia-Shigella|s__None,0.8333333333333334
638,k__Bacteria|p__Firmicutes|c__Clostridia|o__Lachnospirales|f__Lachnospiraceae|g__Lachnoclostridium|s__None,1089,k__Bacteria|p__Proteobacteria|c__Gammaproteobacteria|o__Pseudomonadales|f__Pseudomonadaceae|g__Pseudomonas|s__None,0.8333333333333334
638,k__Bacteria|p__Firmicutes|c__Clostridia|o__Lachnospirales|f__Lachnospiraceae|g__Lachnoclostridium|s__None,1132,k__Bacteria|p__Verrucomicrobiota|c__Verrucomicrobiae|o__Verrucomicrobiales|f__Akkermansiaceae|g__Akkermansia|s__None,0.8333333333333334
638,k__Bacteria|p__Firmicutes|c__Clostridia|o__Lachnospirales|f__Lachnospiraceae|g__Lachnoclostridium|s__None,1136,k__Bacteria|p__None|c__None|o__None|f__None|g__None|s__None,0.4166666666666667
640,k__Bacteria|p__Firmicutes|c__Clostridia|o__Lachnospirales|f__Lachnospiraceae|g__Lachnoclostridium|s__uncultured_Lachnospiraceae_bacterium,641,k__Bacteria|p__Firmicutes|c__Clostridia|o__Lachnospirales|f__Lachnospiraceae|g__Lachnospira|s__None,0.25
640,k__Bacteria|p__Firmicutes|c__Clostridia|o__Lachnospirales|f__Lachnospiraceae|g__Lachnoclostridium|s__uncultured_Lachnospiraceae_bacterium,649,k__Bacteria|p__Firmicutes|c__Clostridia|o__Lachnospirales|f__Lachnospiraceae|g__Lachnospiraceae_ND3007_group|s__metagenome,0.3333333333333333
640,k__Bacteria|p__Firmicutes|c__Clostridia|o__Lachnospirales|f__Lachnospiraceae|g__Lachnoclostridium|s__uncultured_Lachnospiraceae_bacterium,658,k__Bacteria|p__Firmicutes|c__Clostridia|o__Lachnospirales|f__Lachnospiraceae|g__Lachnospiraceae_NK4A136_group|s__uncultured_bacterium_Adhufec49.25,0.3333333333333333
640,k__Bacteria|p__Firmicutes|c__Clostridia|o__Lachnospirales|f__Lachnospiraceae|g__Lachnoclostridium|s__uncultured_Lachnospiraceae_bacterium,662,k__Bacteria|p__Firmicutes|c__Clostridia|o__Lachnospirales|f__Lachnospiraceae|g__Lachnospiraceae_UCG-001|s__metagenome,0.3333333333333333
640,k__Bacteria|p__Firmicutes|c__Clostridia|o__Lachnospirales|f__Lachnospiraceae|g__Lachnoclostridium|s__uncultured_Lachnospiraceae_bacterium,675,k__Bacteria|p__Firmicutes|c__Clostridia|o__Lachnospirales|f__Lachnospiraceae|g__Lachnospiraceae_UCG-010|s__None,0.25
640,k__Bacteria|p__Firmicutes|c__Clostridia|o__Lachnospirales|f__Lachnospiraceae|g__Lachnoclostridium|s__uncultured_Lachnospiraceae_bacterium,694,k__Bacteria|p__Firmicutes|c__Clostridia|o__Lachnospirales|f__Lachnospiraceae|g__Roseburia|s__None,0.25
640,k__Bacteria|p__Firmicutes|c__Clostridia|o__Lachnospirales|f__Lachnospiraceae|g__Lachnoclostridium|s__uncultured_Lachnospiraceae_bacterium,695,k__Bacteria|p__Firmicutes|c__Clostridia|o__Lachnospirales|f__Lachnospiraceae|g__Roseburia|s__gut_metagenome,0.3333333333333333
640,k__Bacteria|p__Firmicutes|c__Clostridia|o__Lachnospirales|f__Lachnospiraceae|g__Lachnoclostridium|s__uncultured_Lachnospiraceae_bacterium,705,k__Bacteria|p__Firmicutes|c__Clostridia|o__Lachnospirales|f__Lachnospiraceae|g__Tuzzerella|s__None,0.25
640,k__Bacteria|p__Firmicutes|c__Clostridia|o__Lachnospirales|f__Lachnospiraceae|g__Lachnoclostridium|s__uncultured_Lachnospiraceae_bacterium,709,k__Bacteria|p__Firmicutes|c__Clostridia|o__Lachnospirales|f__Lachnospiraceae|g__UC5-1-2E3|s__uncultured_organism,0.3333333333333333
640,k__Bacteria|p__Firmicutes|c__Clostridia|o__Lachnospirales|f__Lachnospiraceae|g__Lachnoclostridium|s__uncultured_Lachnospiraceae_bacterium,711,k__Bacteria|p__Firmicutes|c__Clostridia|o__Lachnospirales|f__Lachnospiraceae|g__Eubacterium_eligens_group|s__None,0.25
640,k__Bacteria|p__Firmicutes|c__Clostridia|o__Lachnospirales|f__Lachnospiraceae|g__Lachnoclostridium|s__uncultured_Lachnospiraceae_bacterium,712,k__Bacteria|p__Firmicutes|c__Clostridia|o__Lachnospirales|f__Lachnospiraceae|g__Eubacterium_fissicatena_group|s__None,0.25
640,k__Bacteria|p__Firmicutes|c__Clostridia|o__Lachnospirales|f__Lachnospiraceae|g__Lachnoclostridium|s__uncultured_Lachnospiraceae_bacterium,717,k__Bacteria|p__Firmicutes|c__Clostridia|o__Lachnospirales|f__Lachnospiraceae|g__Eubacterium_hallii_group|s__None,0.25
640,k__Bacteria|p__Firmicutes|c__Clostridia|o__Lachnospirales|f__Lachnospiraceae|g__Lachnoclostridium|s__uncultured_Lachnospiraceae_bacterium,722,k__Bacteria|p__Firmicutes|c__Clostridia|o__Lachnospirales|f__Lachnospiraceae|g__Eubacterium_ventriosum_group|s__uncultured_organism,0.3333333333333333
640,k__Bacteria|p__Firmicutes|c__Clostridia|o__Lachnospirales|f__Lachnospiraceae|g__Lachnoclostridium|s__uncultured_Lachnospiraceae_bacterium,724,k__Bacteria|p__Firmicutes|c__Clostridia|o__Lachnospirales|f__Lachnospiraceae|g__Eubacterium_xylanophilum_group|s__None,0.25
640,k__Bacteria|p__Firmicutes|c__Clostridia|o__Lachnospirales|f__Lachnospiraceae|g__Lachnoclostridium|s__uncultured_Lachnospiraceae_bacterium,730,k__Bacteria|p__Firmicutes|c__Clostridia|o__Lachnospirales|f__Lachnospiraceae|g__Ruminococcus_torques_group|s__None,0.25
640,k__Bacteria|p__Firmicutes|c__Clostridia|o__Lachnospirales|f__Lachnospiraceae|g__Lachnoclostridium|s__uncultured_Lachnospiraceae_bacterium,732,k__Bacteria|p__Firmicutes|c__Clostridia|o__Lachnospirales|f__Lachnospiraceae|g__None|s__None,0.25
640,k__Bacteria|p__Firmicutes|c__Clostridia|o__Lachnospirales|f__Lachnospiraceae|g__Lachnoclostridium|s__uncultured_Lachnospiraceae_bacterium,733,k__Bacteria|p__Firmicutes|c__Clostridia|o__Lachnospirales|f__Lachnospiraceae|g__uncultured|s__None,0.25
640,k__Bacteria|p__Firmicutes|c__Clostridia|o__Lachnospirales|f__Lachnospiraceae|g__Lachnoclostridium|s__uncultured_Lachnospiraceae_bacterium,739,k__Bacteria|p__Firmicutes|c__Clostridia|o__Monoglobales|f__Monoglobaceae|g__Monoglobus|s__None,0.5833333333333334
640,k__Bacteria|p__Firmicutes|c__Clostridia|o__Lachnospirales|f__Lachnospiraceae|g__Lachnoclostridium|s__uncultured_Lachnospiraceae_bacterium,759,k__Bacteria|p__Firmicutes|c__Clostridia|o__Oscillospirales|f__Oscillospiraceae|g__Colidextribacter|s__None,0.5833333333333334
640,k__Bacteria|p__Firmicutes|c__Clostridia|o__Lachnospirales|f__Lachnospiraceae|g__Lachnoclostridium|s__uncultured_Lachnospiraceae_bacterium,767,k__Bacteria|p__Firmicutes|c__Clostridia|o__Oscillospirales|f__Oscillospiraceae|g__Flavonifractor|s__None,0.5833333333333334
640,k__Bacteria|p__Firmicutes|c__Clostridia|o__Lachnospirales|f__Lachnospiraceae|g__Lachnoclostridium|s__uncultured_Lachnospiraceae_bacterium,769,k__Bacteria|p__Firmicutes|c__Clostridia|o__Oscillospirales|f__Oscillospiraceae|g__Intestinimonas|s__None,0.5833333333333334
640,k__Bacteria|p__Firmicutes|c__Clostridia|o__Lachnospirales|f__Lachnospiraceae|g__Lachnoclostridium|s__uncultured_Lachnospiraceae_bacterium,770,k__Bacteria|p__Firmicutes|c__Clostridia|o__Oscillospirales|f__Oscillospiraceae|g__Intestinimonas|s__bacterium_P1C2,0.6666666666666666
640,k__Bacteria|p__Firmicutes|c__Clostridia|o__Lachnospirales|f__Lachnospiraceae|g__Lachnoclostridium|s__uncultured_Lachnospiraceae_bacterium,779,k__Bacteria|p__Firmicutes|c__Clostridia|o__Oscillospirales|f__Oscillospiraceae|g__Oscillibacter|s__None,0.5833333333333334
640,k__Bacteria|p__Firmicutes|c__Clostridia|o__Lachnospirales|f__Lachnospiraceae|g__Lachnoclostridium|s__uncultured_Lachnospiraceae_bacterium,780,k__Bacteria|p__Firmicutes|c__Clostridia|o__Oscillospirales|f__Oscillospiraceae|g__Oscillibacter|s__metagenome,0.6666666666666666
640,k__Bacteria|p__Firmicutes|c__Clostridia|o__Lachnospirales|f__Lachnospiraceae|g__Lachnoclostridium|s__uncultured_Lachnospiraceae_bacterium,790,k__Bacteria|p__Firmicutes|c__Clostridia|o__Oscillospirales|f__Oscillospiraceae|g__UCG-002|s__None,0.5833333333333334
640,k__Bacteria|p__Firmicutes|c__Clostridia|o__Lachnospirales|f__Lachnospiraceae|g__Lachnoclostridium|s__uncultured_Lachnospiraceae_bacterium,791,k__Bacteria|p__Firmicutes|c__Clostridia|o__Oscillospirales|f__Oscillospiraceae|g__UCG-003|s__None,0.5833333333333334
640,k__Bacteria|p__Firmicutes|c__Clostridia|o__Lachnospirales|f__Lachnospiraceae|g__Lachnoclostridium|s__uncultured_Lachnospiraceae_bacterium,794,k__Bacteria|p__Firmicutes|c__Clostridia|o__Oscillospirales|f__Oscillospiraceae|g__UCG-005|s__metagenome,0.6666666666666666
640,k__Bacteria|p__Firmicutes|c__Clostridia|o__Lachnospirales|f__Lachnospiraceae|g__Lachnoclostridium|s__uncultured_Lachnospiraceae_bacterium,812,k__Bacteria|p__Firmicutes|c__Clostridia|o__Oscillospirales|f__Ruminococcaceae|g__Anaerofilum|s__metagenome,0.6666666666666666
640,k__Bacteria|p__Firmicutes|c__Clostridia|o__Lachnospirales|f__Lachnospiraceae|g__Lachnoclostridium|s__uncultured_Lachnospiraceae_bacterium,832,k__Bacteria|p__Firmicutes|c__Clostridia|o__Oscillospirales|f__Ruminococcaceae|g__DTU089|s__None,0.5833333333333334
640,k__Bacteria|p__Firmicutes|c__Clostridia|o__Lachnospirales|f__Lachnospiraceae|g__Lachnoclostridium|s__uncultured_Lachnospiraceae_bacterium,833,k__Bacteria|p__Firmicutes|c__Clostridia|o__Oscillospirales|f__Ruminococcaceae|g__Faecalibacterium|s__None,0.5833333333333334
640,k__Bacteria|p__Firmicutes|c__Clostridia|o__Lachnospirales|f__Lachnospiraceae|g__Lachnoclostridium|s__uncultured_Lachnospiraceae_bacterium,839,k__Bacteria|p__Firmicutes|c__Clostridia|o__Oscillospirales|f__Ruminococcaceae|g__Incertae_Sedis|s__metagenome,0.6666666666666666
640,k__Bacteria|p__Firmicutes|c__Clostridia|o__Lachnospirales|f__Lachnospiraceae|g__Lachnoclostridium|s__uncultured_Lachnospiraceae_bacterium,841,k__Bacteria|p__Firmicutes|c__Clostridia|o__Oscillospirales|f__Ruminococcaceae|g__Incertae_Sedis|s__None,0.5833333333333334
640,k__Bacteria|p__Firmicutes|c__Clostridia|o__Lachnospirales|f__Lachnospiraceae|g__Lachnoclostridium|s__uncultured_Lachnospiraceae_bacterium,859,k__Bacteria|p__Firmicutes|c__Clostridia|o__Oscillospirales|f__Ruminococcaceae|g__Ruminococcus|s__None,0.5833333333333334
640,k__Bacteria|p__Firmicutes|c__Clostridia|o__Lachnospirales|f__Lachnospiraceae|g__Lachnoclostridium|s__uncultured_Lachnospiraceae_bacterium,860,k__Bacteria|p__Firmicutes|c__Clostridia|o__Oscillospirales|f__Ruminococcaceae|g__Subdoligranulum|s__None,0.5833333333333334
640,k__Bacteria|p__Firmicutes|c__Clostridia|o__Lachnospirales|f__Lachnospiraceae|g__Lachnoclostridium|s__uncultured_Lachnospiraceae_bacterium,863,k__Bacteria|p__Firmicutes|c__Clostridia|o__Oscillospirales|f__Ruminococcaceae|g__UBA1819|s__None,0.5833333333333334
640,k__Bacteria|p__Firmicutes|c__Clostridia|o__Lachnospirales|f__Lachnospiraceae|g__Lachnoclostridium|s__uncultured_Lachnospiraceae_bacterium,865,k__Bacteria|p__Firmicutes|c__Clostridia|o__Oscillospirales|f__Ruminococcaceae|g__Eubacterium_siraeum_group|s__None,0.5833333333333334
640,k__Bacteria|p__Firmicutes|c__Clostridia|o__Lachnospirales|f__Lachnospiraceae|g__Lachnoclostridium|s__uncultured_Lachnospiraceae_bacterium,869,k__Bacteria|p__Firmicutes|c__Clostridia|o__Oscillospirales|f__Ruminococcaceae|g__None|s__None,0.5
640,k__Bacteria|p__Firmicutes|c__Clostridia|o__Lachnospirales|f__Lachnospiraceae|g__Lachnoclostridium|s__uncultured_Lachnospiraceae_bacterium,885,k__Bacteria|p__Firmicutes|c__Clostridia|o__Oscillospirales|f__Eubacterium_coprostanoligenes_group|g__None|s__None,0.5
640,k__Bacteria|p__Firmicutes|c__Clostridia|o__Lachnospirales|f__Lachnospiraceae|g__Lachnoclostridium|s__uncultured_Lachnospiraceae_bacterium,905,k__Bacteria|p__Firmicutes|c__Clostridia|o__Peptostreptococcales-Tissierellales|f__Anaerovoracaceae|g__Family_XIII_AD3011_group|s__metagenome,0.6666666666666666
640,k__Bacteria|p__Firmicutes|c__Clostridia|o__Lachnospirales|f__Lachnospiraceae|g__Lachnoclostridium|s__uncultured_Lachnospiraceae_bacterium,925,k__Bacteria|p__Firmicutes|c__Clostridia|o__Peptostreptococcales-Tissierellales|f__Anaerovoracaceae|g__None|s__None,0.5
640,k__Bacteria|p__Firmicutes|c__Clostridia|o__Lachnospirales|f__Lachnospiraceae|g__Lachnoclostridium|s__uncultured_Lachnospiraceae_bacterium,943,k__Bacteria|p__Firmicutes|c__Clostridia|o__Peptostreptococcales-Tissierellales|f__Peptostreptococcaceae|g__Intestinibacter|s__None,0.5833333333333334
640,k__Bacteria|p__Firmicutes|c__Clostridia|o__Lachnospirales|f__Lachnospiraceae|g__Lachnoclostridium|s__uncultured_Lachnospiraceae_bacterium,951,k__Bacteria|p__Firmicutes|c__Clostridia|o__Peptostreptococcales-Tissierellales|f__Peptostreptococcaceae|g__Romboutsia|s__None,0.5833333333333334
640,k__Bacteria|p__Firmicutes|c__Clostridia|o__Lachnospirales|f__Lachnospiraceae|g__Lachnoclostridium|s__uncultured_Lachnospiraceae_bacterium,956,k__Bacteria|p__Firmicutes|c__Clostridia|o__None|f__None|g__None|s__None,0.3333333333333333
640,k__Bacteria|p__Firmicutes|c__Clostridia|o__Lachnospirales|f__Lachnospiraceae|g__Lachnoclostridium|s__uncultured_Lachnospiraceae_bacterium,966,k__Bacteria|p__Firmicutes|c__Negativicutes|o__Acidaminococcales|f__Acidaminococcaceae|g__Acidaminococcus|s__None,0.75
640,k__Bacteria|p__Firmicutes|c__Clostridia|o__Lachnospirales|f__Lachnospiraceae|g__Lachnoclostridium|s__uncultured_Lachnospiraceae_bacterium,967,k__Bacteria|p__Firmicutes|c__Negativicutes|o__Acidaminococcales|f__Acidaminococcaceae|g__Phascolarctobacterium|s__None,0.75
640,k__Bacteria|p__Firmicutes|c__Clostridia|o__Lachnospirales|f__Lachnospiraceae|g__Lachnoclostridium|s__uncultured_Lachnospiraceae_bacterium,986,k__Bacteria|p__Firmicutes|c__Negativicutes|o__Veillonellales-Selenomonadales|f__Veillonellaceae|g__Dialister|s__None,0.75
640,k__Bacteria|p__Firmicutes|c__Clostridia|o__Lachnospirales|f__Lachnospiraceae|g__Lachnoclostridium|s__uncultured_Lachnospiraceae_bacterium,992,k__Bacteria|p__Firmicutes|c__Negativicutes|o__Veillonellales-Selenomonadales|f__Veillonellaceae|g__Veillonella|s__None,0.75
640,k__Bacteria|p__Firmicutes|c__Clostridia|o__Lachnospirales|f__Lachnospiraceae|g__Lachnoclostridium|s__uncultured_Lachnospiraceae_bacterium,1055,k__Bacteria|p__Proteobacteria|c__Gammaproteobacteria|o__Burkholderiales|f__Sutterellaceae|g__Parasutterella|s__None,0.9166666666666666
640,k__Bacteria|p__Firmicutes|c__Clostridia|o__Lachnospirales|f__Lachnospiraceae|g__Lachnoclostridium|s__uncultured_Lachnospiraceae_bacterium,1069,k__Bacteria|p__Proteobacteria|c__Gammaproteobacteria|o__Enterobacterales|f__Enterobacteriaceae|g__Escherichia-Shigella|s__None,0.9166666666666666
640,k__Bacteria|p__Firmicutes|c__Clostridia|o__Lachnospirales|f__Lachnospiraceae|g__Lachnoclostridium|s__uncultured_Lachnospiraceae_bacterium,1089,k__Bacteria|p__Proteobacteria|c__Gammaproteobacteria|o__Pseudomonadales|f__Pseudomonadaceae|g__Pseudomonas|s__None,0.9166666666666666
640,k__Bacteria|p__Firmicutes|c__Clostridia|o__Lachnospirales|f__Lachnospiraceae|g__Lachnoclostridium|s__uncultured_Lachnospiraceae_bacterium,1132,k__Bacteria|p__Verrucomicrobiota|c__Verrucomicrobiae|o__Verrucomicrobiales|f__Akkermansiaceae|g__Akkermansia|s__None,0.9166666666666666
640,k__Bacteria|p__Firmicutes|c__Clostridia|o__Lachnospirales|f__Lachnospiraceae|g__Lachnoclostridium|s__uncultured_Lachnospiraceae_bacterium,1136,k__Bacteria|p__None|c__None|o__None|f__None|g__None|s__None,0.5
641,k__Bacteria|p__Firmicutes|c__Clostridia|o__Lachnospirales|f__Lachnospiraceae|g__Lachnospira|s__None,649,k__Bacteria|p__Firmicutes|c__Clostridia|o__Lachnospirales|f__Lachnospiraceae|g__Lachnospiraceae_ND3007_group|s__metagenome,0.25
641,k__Bacteria|p__Firmicutes|c__Clostridia|o__Lachnospirales|f__Lachnospiraceae|g__Lachnospira|s__None,658,k__Bacteria|p__Firmicutes|c__Clostridia|o__Lachnospirales|f__Lachnospiraceae|g__Lachnospiraceae_NK4A136_group|s__uncultured_bacterium_Adhufec49.25,0.25
641,k__Bacteria|p__Firmicutes|c__Clostridia|o__Lachnospirales|f__Lachnospiraceae|g__Lachnospira|s__None,662,k__Bacteria|p__Firmicutes|c__Clostridia|o__Lachnospirales|f__Lachnospiraceae|g__Lachnospiraceae_UCG-001|s__metagenome,0.25
641,k__Bacteria|p__Firmicutes|c__Clostridia|o__Lachnospirales|f__Lachnospiraceae|g__Lachnospira|s__None,675,k__Bacteria|p__Firmicutes|c__Clostridia|o__Lachnospirales|f__Lachnospiraceae|g__Lachnospiraceae_UCG-010|s__None,0.16666666666666666
641,k__Bacteria|p__Firmicutes|c__Clostridia|o__Lachnospirales|f__Lachnospiraceae|g__Lachnospira|s__None,694,k__Bacteria|p__Firmicutes|c__Clostridia|o__Lachnospirales|f__Lachnospiraceae|g__Roseburia|s__None,0.16666666666666666
641,k__Bacteria|p__Firmicutes|c__Clostridia|o__Lachnospirales|f__Lachnospiraceae|g__Lachnospira|s__None,695,k__Bacteria|p__Firmicutes|c__Clostridia|o__Lachnospirales|f__Lachnospiraceae|g__Roseburia|s__gut_metagenome,0.25
641,k__Bacteria|p__Firmicutes|c__Clostridia|o__Lachnospirales|f__Lachnospiraceae|g__Lachnospira|s__None,705,k__Bacteria|p__Firmicutes|c__Clostridia|o__Lachnospirales|f__Lachnospiraceae|g__Tuzzerella|s__None,0.16666666666666666
641,k__Bacteria|p__Firmicutes|c__Clostridia|o__Lachnospirales|f__Lachnospiraceae|g__Lachnospira|s__None,709,k__Bacteria|p__Firmicutes|c__Clostridia|o__Lachnospirales|f__Lachnospiraceae|g__UC5-1-2E3|s__uncultured_organism,0.25
641,k__Bacteria|p__Firmicutes|c__Clostridia|o__Lachnospirales|f__Lachnospiraceae|g__Lachnospira|s__None,711,k__Bacteria|p__Firmicutes|c__Clostridia|o__Lachnospirales|f__Lachnospiraceae|g__Eubacterium_eligens_group|s__None,0.16666666666666666
641,k__Bacteria|p__Firmicutes|c__Clostridia|o__Lachnospirales|f__Lachnospiraceae|g__Lachnospira|s__None,712,k__Bacteria|p__Firmicutes|c__Clostridia|o__Lachnospirales|f__Lachnospiraceae|g__Eubacterium_fissicatena_group|s__None,0.16666666666666666
641,k__Bacteria|p__Firmicutes|c__Clostridia|o__Lachnospirales|f__Lachnospiraceae|g__Lachnospira|s__None,717,k__Bacteria|p__Firmicutes|c__Clostridia|o__Lachnospirales|f__Lachnospiraceae|g__Eubacterium_hallii_group|s__None,0.16666666666666666
641,k__Bacteria|p__Firmicutes|c__Clostridia|o__Lachnospirales|f__Lachnospiraceae|g__Lachnospira|s__None,722,k__Bacteria|p__Firmicutes|c__Clostridia|o__Lachnospirales|f__Lachnospiraceae|g__Eubacterium_ventriosum_group|s__uncultured_organism,0.25
641,k__Bacteria|p__Firmicutes|c__Clostridia|o__Lachnospirales|f__Lachnospiraceae|g__Lachnospira|s__None,724,k__Bacteria|p__Firmicutes|c__Clostridia|o__Lachnospirales|f__Lachnospiraceae|g__Eubacterium_xylanophilum_group|s__None,0.16666666666666666
641,k__Bacteria|p__Firmicutes|c__Clostridia|o__Lachnospirales|f__Lachnospiraceae|g__Lachnospira|s__None,730,k__Bacteria|p__Firmicutes|c__Clostridia|o__Lachnospirales|f__Lachnospiraceae|g__Ruminococcus_torques_group|s__None,0.16666666666666666
641,k__Bacteria|p__Firmicutes|c__Clostridia|o__Lachnospirales|f__Lachnospiraceae|g__Lachnospira|s__None,732,k__Bacteria|p__Firmicutes|c__Clostridia|o__Lachnospirales|f__Lachnospiraceae|g__None|s__None,0.16666666666666666
641,k__Bacteria|p__Firmicutes|c__Clostridia|o__Lachnospirales|f__Lachnospiraceae|g__Lachnospira|s__None,733,k__Bacteria|p__Firmicutes|c__Clostridia|o__Lachnospirales|f__Lachnospiraceae|g__uncultured|s__None,0.16666666666666666
641,k__Bacteria|p__Firmicutes|c__Clostridia|o__Lachnospirales|f__Lachnospiraceae|g__Lachnospira|s__None,739,k__Bacteria|p__Firmicutes|c__Clostridia|o__Monoglobales|f__Monoglobaceae|g__Monoglobus|s__None,0.5
641,k__Bacteria|p__Firmicutes|c__Clostridia|o__Lachnospirales|f__Lachnospiraceae|g__Lachnospira|s__None,759,k__Bacteria|p__Firmicutes|c__Clostridia|o__Oscillospirales|f__Oscillospiraceae|g__Colidextribacter|s__None,0.5
641,k__Bacteria|p__Firmicutes|c__Clostridia|o__Lachnospirales|f__Lachnospiraceae|g__Lachnospira|s__None,767,k__Bacteria|p__Firmicutes|c__Clostridia|o__Oscillospirales|f__Oscillospiraceae|g__Flavonifractor|s__None,0.5
641,k__Bacteria|p__Firmicutes|c__Clostridia|o__Lachnospirales|f__Lachnospiraceae|g__Lachnospira|s__None,769,k__Bacteria|p__Firmicutes|c__Clostridia|o__Oscillospirales|f__Oscillospiraceae|g__Intestinimonas|s__None,0.5
641,k__Bacteria|p__Firmicutes|c__Clostridia|o__Lachnospirales|f__Lachnospiraceae|g__Lachnospira|s__None,770,k__Bacteria|p__Firmicutes|c__Clostridia|o__Oscillospirales|f__Oscillospiraceae|g__Intestinimonas|s__bacterium_P1C2,0.5833333333333334
641,k__Bacteria|p__Firmicutes|c__Clostridia|o__Lachnospirales|f__Lachnospiraceae|g__Lachnospira|s__None,779,k__Bacteria|p__Firmicutes|c__Clostridia|o__Oscillospirales|f__Oscillospiraceae|g__Oscillibacter|s__None,0.5
641,k__Bacteria|p__Firmicutes|c__Clostridia|o__Lachnospirales|f__Lachnospiraceae|g__Lachnospira|s__None,780,k__Bacteria|p__Firmicutes|c__Clostridia|o__Oscillospirales|f__Oscillospiraceae|g__Oscillibacter|s__metagenome,0.5833333333333334
641,k__Bacteria|p__Firmicutes|c__Clostridia|o__Lachnospirales|f__Lachnospiraceae|g__Lachnospira|s__None,790,k__Bacteria|p__Firmicutes|c__Clostridia|o__Oscillospirales|f__Oscillospiraceae|g__UCG-002|s__None,0.5
641,k__Bacteria|p__Firmicutes|c__Clostridia|o__Lachnospirales|f__Lachnospiraceae|g__Lachnospira|s__None,791,k__Bacteria|p__Firmicutes|c__Clostridia|o__Oscillospirales|f__Oscillospiraceae|g__UCG-003|s__None,0.5
641,k__Bacteria|p__Firmicutes|c__Clostridia|o__Lachnospirales|f__Lachnospiraceae|g__Lachnospira|s__None,794,k__Bacteria|p__Firmicutes|c__Clostridia|o__Oscillospirales|f__Oscillospiraceae|g__UCG-005|s__metagenome,0.5833333333333334
641,k__Bacteria|p__Firmicutes|c__Clostridia|o__Lachnospirales|f__Lachnospiraceae|g__Lachnospira|s__None,812,k__Bacteria|p__Firmicutes|c__Clostridia|o__Oscillospirales|f__Ruminococcaceae|g__Anaerofilum|s__metagenome,0.5833333333333334
641,k__Bacteria|p__Firmicutes|c__Clostridia|o__Lachnospirales|f__Lachnospiraceae|g__Lachnospira|s__None,832,k__Bacteria|p__Firmicutes|c__Clostridia|o__Oscillospirales|f__Ruminococcaceae|g__DTU089|s__None,0.5
641,k__Bacteria|p__Firmicutes|c__Clostridia|o__Lachnospirales|f__Lachnospiraceae|g__Lachnospira|s__None,833,k__Bacteria|p__Firmicutes|c__Clostridia|o__Oscillospirales|f__Ruminococcaceae|g__Faecalibacterium|s__None,0.5
641,k__Bacteria|p__Firmicutes|c__Clostridia|o__Lachnospirales|f__Lachnospiraceae|g__Lachnospira|s__None,839,k__Bacteria|p__Firmicutes|c__Clostridia|o__Oscillospirales|f__Ruminococcaceae|g__Incertae_Sedis|s__metagenome,0.5833333333333334
641,k__Bacteria|p__Firmicutes|c__Clostridia|o__Lachnospirales|f__Lachnospiraceae|g__Lachnospira|s__None,841,k__Bacteria|p__Firmicutes|c__Clostridia|o__Oscillospirales|f__Ruminococcaceae|g__Incertae_Sedis|s__None,0.5
641,k__Bacteria|p__Firmicutes|c__Clostridia|o__Lachnospirales|f__Lachnospiraceae|g__Lachnospira|s__None,859,k__Bacteria|p__Firmicutes|c__Clostridia|o__Oscillospirales|f__Ruminococcaceae|g__Ruminococcus|s__None,0.5
641,k__Bacteria|p__Firmicutes|c__Clostridia|o__Lachnospirales|f__Lachnospiraceae|g__Lachnospira|s__None,860,k__Bacteria|p__Firmicutes|c__Clostridia|o__Oscillospirales|f__Ruminococcaceae|g__Subdoligranulum|s__None,0.5
641,k__Bacteria|p__Firmicutes|c__Clostridia|o__Lachnospirales|f__Lachnospiraceae|g__Lachnospira|s__None,863,k__Bacteria|p__Firmicutes|c__Clostridia|o__Oscillospirales|f__Ruminococcaceae|g__UBA1819|s__None,0.5
641,k__Bacteria|p__Firmicutes|c__Clostridia|o__Lachnospirales|f__Lachnospiraceae|g__Lachnospira|s__None,865,k__Bacteria|p__Firmicutes|c__Clostridia|o__Oscillospirales|f__Ruminococcaceae|g__Eubacterium_siraeum_group|s__None,0.5
641,k__Bacteria|p__Firmicutes|c__Clostridia|o__Lachnospirales|f__Lachnospiraceae|g__Lachnospira|s__None,869,k__Bacteria|p__Firmicutes|c__Clostridia|o__Oscillospirales|f__Ruminococcaceae|g__None|s__None,0.4166666666666667
641,k__Bacteria|p__Firmicutes|c__Clostridia|o__Lachnospirales|f__Lachnospiraceae|g__Lachnospira|s__None,885,k__Bacteria|p__Firmicutes|c__Clostridia|o__Oscillospirales|f__Eubacterium_coprostanoligenes_group|g__None|s__None,0.4166666666666667
641,k__Bacteria|p__Firmicutes|c__Clostridia|o__Lachnospirales|f__Lachnospiraceae|g__Lachnospira|s__None,905,k__Bacteria|p__Firmicutes|c__Clostridia|o__Peptostreptococcales-Tissierellales|f__Anaerovoracaceae|g__Family_XIII_AD3011_group|s__metagenome,0.5833333333333334
641,k__Bacteria|p__Firmicutes|c__Clostridia|o__Lachnospirales|f__Lachnospiraceae|g__Lachnospira|s__None,925,k__Bacteria|p__Firmicutes|c__Clostridia|o__Peptostreptococcales-Tissierellales|f__Anaerovoracaceae|g__None|s__None,0.4166666666666667
641,k__Bacteria|p__Firmicutes|c__Clostridia|o__Lachnospirales|f__Lachnospiraceae|g__Lachnospira|s__None,943,k__Bacteria|p__Firmicutes|c__Clostridia|o__Peptostreptococcales-Tissierellales|f__Peptostreptococcaceae|g__Intestinibacter|s__None,0.5
641,k__Bacteria|p__Firmicutes|c__Clostridia|o__Lachnospirales|f__Lachnospiraceae|g__Lachnospira|s__None,951,k__Bacteria|p__Firmicutes|c__Clostridia|o__Peptostreptococcales-Tissierellales|f__Peptostreptococcaceae|g__Romboutsia|s__None,0.5
641,k__Bacteria|p__Firmicutes|c__Clostridia|o__Lachnospirales|f__Lachnospiraceae|g__Lachnospira|s__None,956,k__Bacteria|p__Firmicutes|c__Clostridia|o__None|f__None|g__None|s__None,0.25
641,k__Bacteria|p__Firmicutes|c__Clostridia|o__Lachnospirales|f__Lachnospiraceae|g__Lachnospira|s__None,966,k__Bacteria|p__Firmicutes|c__Negativicutes|o__Acidaminococcales|f__Acidaminococcaceae|g__Acidaminococcus|s__None,0.6666666666666666
641,k__Bacteria|p__Firmicutes|c__Clostridia|o__Lachnospirales|f__Lachnospiraceae|g__Lachnospira|s__None,967,k__Bacteria|p__Firmicutes|c__Negativicutes|o__Acidaminococcales|f__Acidaminococcaceae|g__Phascolarctobacterium|s__None,0.6666666666666666
641,k__Bacteria|p__Firmicutes|c__Clostridia|o__Lachnospirales|f__Lachnospiraceae|g__Lachnospira|s__None,986,k__Bacteria|p__Firmicutes|c__Negativicutes|o__Veillonellales-Selenomonadales|f__Veillonellaceae|g__Dialister|s__None,0.6666666666666666
641,k__Bacteria|p__Firmicutes|c__Clostridia|o__Lachnospirales|f__Lachnospiraceae|g__Lachnospira|s__None,992,k__Bacteria|p__Firmicutes|c__Negativicutes|o__Veillonellales-Selenomonadales|f__Veillonellaceae|g__Veillonella|s__None,0.6666666666666666
641,k__Bacteria|p__Firmicutes|c__Clostridia|o__Lachnospirales|f__Lachnospiraceae|g__Lachnospira|s__None,1055,k__Bacteria|p__Proteobacteria|c__Gammaproteobacteria|o__Burkholderiales|f__Sutterellaceae|g__Parasutterella|s__None,0.8333333333333334
641,k__Bacteria|p__Firmicutes|c__Clostridia|o__Lachnospirales|f__Lachnospiraceae|g__Lachnospira|s__None,1069,k__Bacteria|p__Proteobacteria|c__Gammaproteobacteria|o__Enterobacterales|f__Enterobacteriaceae|g__Escherichia-Shigella|s__None,0.8333333333333334
641,k__Bacteria|p__Firmicutes|c__Clostridia|o__Lachnospirales|f__Lachnospiraceae|g__Lachnospira|s__None,1089,k__Bacteria|p__Proteobacteria|c__Gammaproteobacteria|o__Pseudomonadales|f__Pseudomonadaceae|g__Pseudomonas|s__None,0.8333333333333334
641,k__Bacteria|p__Firmicutes|c__Clostridia|o__Lachnospirales|f__Lachnospiraceae|g__Lachnospira|s__None,1132,k__Bacteria|p__Verrucomicrobiota|c__Verrucomicrobiae|o__Verrucomicrobiales|f__Akkermansiaceae|g__Akkermansia|s__None,0.8333333333333334
641,k__Bacteria|p__Firmicutes|c__Clostridia|o__Lachnospirales|f__Lachnospiraceae|g__Lachnospira|s__None,1136,k__Bacteria|p__None|c__None|o__None|f__None|g__None|s__None,0.4166666666666667
649,k__Bacteria|p__Firmicutes|c__Clostridia|o__Lachnospirales|f__Lachnospiraceae|g__Lachnospiraceae_ND3007_group|s__metagenome,658,k__Bacteria|p__Firmicutes|c__Clostridia|o__Lachnospirales|f__Lachnospiraceae|g__Lachnospiraceae_NK4A136_group|s__uncultured_bacterium_Adhufec49.25,0.3333333333333333
649,k__Bacteria|p__Firmicutes|c__Clostridia|o__Lachnospirales|f__Lachnospiraceae|g__Lachnospiraceae_ND3007_group|s__metagenome,662,k__Bacteria|p__Firmicutes|c__Clostridia|o__Lachnospirales|f__Lachnospiraceae|g__Lachnospiraceae_UCG-001|s__metagenome,0.3333333333333333
649,k__Bacteria|p__Firmicutes|c__Clostridia|o__Lachnospirales|f__Lachnospiraceae|g__Lachnospiraceae_ND3007_group|s__metagenome,675,k__Bacteria|p__Firmicutes|c__Clostridia|o__Lachnospirales|f__Lachnospiraceae|g__Lachnospiraceae_UCG-010|s__None,0.25
649,k__Bacteria|p__Firmicutes|c__Clostridia|o__Lachnospirales|f__Lachnospiraceae|g__Lachnospiraceae_ND3007_group|s__metagenome,694,k__Bacteria|p__Firmicutes|c__Clostridia|o__Lachnospirales|f__Lachnospiraceae|g__Roseburia|s__None,0.25
649,k__Bacteria|p__Firmicutes|c__Clostridia|o__Lachnospirales|f__Lachnospiraceae|g__Lachnospiraceae_ND3007_group|s__metagenome,695,k__Bacteria|p__Firmicutes|c__Clostridia|o__Lachnospirales|f__Lachnospiraceae|g__Roseburia|s__gut_metagenome,0.3333333333333333
649,k__Bacteria|p__Firmicutes|c__Clostridia|o__Lachnospirales|f__Lachnospiraceae|g__Lachnospiraceae_ND3007_group|s__metagenome,705,k__Bacteria|p__Firmicutes|c__Clostridia|o__Lachnospirales|f__Lachnospiraceae|g__Tuzzerella|s__None,0.25
649,k__Bacteria|p__Firmicutes|c__Clostridia|o__Lachnospirales|f__Lachnospiraceae|g__Lachnospiraceae_ND3007_group|s__metagenome,709,k__Bacteria|p__Firmicutes|c__Clostridia|o__Lachnospirales|f__Lachnospiraceae|g__UC5-1-2E3|s__uncultured_organism,0.3333333333333333
649,k__Bacteria|p__Firmicutes|c__Clostridia|o__Lachnospirales|f__Lachnospiraceae|g__Lachnospiraceae_ND3007_group|s__metagenome,711,k__Bacteria|p__Firmicutes|c__Clostridia|o__Lachnospirales|f__Lachnospiraceae|g__Eubacterium_eligens_group|s__None,0.25
649,k__Bacteria|p__Firmicutes|c__Clostridia|o__Lachnospirales|f__Lachnospiraceae|g__Lachnospiraceae_ND3007_group|s__metagenome,712,k__Bacteria|p__Firmicutes|c__Clostridia|o__Lachnospirales|f__Lachnospiraceae|g__Eubacterium_fissicatena_group|s__None,0.25
649,k__Bacteria|p__Firmicutes|c__Clostridia|o__Lachnospirales|f__Lachnospiraceae|g__Lachnospiraceae_ND3007_group|s__metagenome,717,k__Bacteria|p__Firmicutes|c__Clostridia|o__Lachnospirales|f__Lachnospiraceae|g__Eubacterium_hallii_group|s__None,0.25
649,k__Bacteria|p__Firmicutes|c__Clostridia|o__Lachnospirales|f__Lachnospiraceae|g__Lachnospiraceae_ND3007_group|s__metagenome,722,k__Bacteria|p__Firmicutes|c__Clostridia|o__Lachnospirales|f__Lachnospiraceae|g__Eubacterium_ventriosum_group|s__uncultured_organism,0.3333333333333333
649,k__Bacteria|p__Firmicutes|c__Clostridia|o__Lachnospirales|f__Lachnospiraceae|g__Lachnospiraceae_ND3007_group|s__metagenome,724,k__Bacteria|p__Firmicutes|c__Clostridia|o__Lachnospirales|f__Lachnospiraceae|g__Eubacterium_xylanophilum_group|s__None,0.25
649,k__Bacteria|p__Firmicutes|c__Clostridia|o__Lachnospirales|f__Lachnospiraceae|g__Lachnospiraceae_ND3007_group|s__metagenome,730,k__Bacteria|p__Firmicutes|c__Clostridia|o__Lachnospirales|f__Lachnospiraceae|g__Ruminococcus_torques_group|s__None,0.25
649,k__Bacteria|p__Firmicutes|c__Clostridia|o__Lachnospirales|f__Lachnospiraceae|g__Lachnospiraceae_ND3007_group|s__metagenome,732,k__Bacteria|p__Firmicutes|c__Clostridia|o__Lachnospirales|f__Lachnospiraceae|g__None|s__None,0.25
649,k__Bacteria|p__Firmicutes|c__Clostridia|o__Lachnospirales|f__Lachnospiraceae|g__Lachnospiraceae_ND3007_group|s__metagenome,733,k__Bacteria|p__Firmicutes|c__Clostridia|o__Lachnospirales|f__Lachnospiraceae|g__uncultured|s__None,0.25
649,k__Bacteria|p__Firmicutes|c__Clostridia|o__Lachnospirales|f__Lachnospiraceae|g__Lachnospiraceae_ND3007_group|s__metagenome,739,k__Bacteria|p__Firmicutes|c__Clostridia|o__Monoglobales|f__Monoglobaceae|g__Monoglobus|s__None,0.5833333333333334
649,k__Bacteria|p__Firmicutes|c__Clostridia|o__Lachnospirales|f__Lachnospiraceae|g__Lachnospiraceae_ND3007_group|s__metagenome,759,k__Bacteria|p__Firmicutes|c__Clostridia|o__Oscillospirales|f__Oscillospiraceae|g__Colidextribacter|s__None,0.5833333333333334
649,k__Bacteria|p__Firmicutes|c__Clostridia|o__Lachnospirales|f__Lachnospiraceae|g__Lachnospiraceae_ND3007_group|s__metagenome,767,k__Bacteria|p__Firmicutes|c__Clostridia|o__Oscillospirales|f__Oscillospiraceae|g__Flavonifractor|s__None,0.5833333333333334
649,k__Bacteria|p__Firmicutes|c__Clostridia|o__Lachnospirales|f__Lachnospiraceae|g__Lachnospiraceae_ND3007_group|s__metagenome,769,k__Bacteria|p__Firmicutes|c__Clostridia|o__Oscillospirales|f__Oscillospiraceae|g__Intestinimonas|s__None,0.5833333333333334
649,k__Bacteria|p__Firmicutes|c__Clostridia|o__Lachnospirales|f__Lachnospiraceae|g__Lachnospiraceae_ND3007_group|s__metagenome,770,k__Bacteria|p__Firmicutes|c__Clostridia|o__Oscillospirales|f__Oscillospiraceae|g__Intestinimonas|s__bacterium_P1C2,0.6666666666666666
649,k__Bacteria|p__Firmicutes|c__Clostridia|o__Lachnospirales|f__Lachnospiraceae|g__Lachnospiraceae_ND3007_group|s__metagenome,779,k__Bacteria|p__Firmicutes|c__Clostridia|o__Oscillospirales|f__Oscillospiraceae|g__Oscillibacter|s__None,0.5833333333333334
649,k__Bacteria|p__Firmicutes|c__Clostridia|o__Lachnospirales|f__Lachnospiraceae|g__Lachnospiraceae_ND3007_group|s__metagenome,780,k__Bacteria|p__Firmicutes|c__Clostridia|o__Oscillospirales|f__Oscillospiraceae|g__Oscillibacter|s__metagenome,0.6666666666666666
649,k__Bacteria|p__Firmicutes|c__Clostridia|o__Lachnospirales|f__Lachnospiraceae|g__Lachnospiraceae_ND3007_group|s__metagenome,790,k__Bacteria|p__Firmicutes|c__Clostridia|o__Oscillospirales|f__Oscillospiraceae|g__UCG-002|s__None,0.5833333333333334
649,k__Bacteria|p__Firmicutes|c__Clostridia|o__Lachnospirales|f__Lachnospiraceae|g__Lachnospiraceae_ND3007_group|s__metagenome,791,k__Bacteria|p__Firmicutes|c__Clostridia|o__Oscillospirales|f__Oscillospiraceae|g__UCG-003|s__None,0.5833333333333334
649,k__Bacteria|p__Firmicutes|c__Clostridia|o__Lachnospirales|f__Lachnospiraceae|g__Lachnospiraceae_ND3007_group|s__metagenome,794,k__Bacteria|p__Firmicutes|c__Clostridia|o__Oscillospirales|f__Oscillospiraceae|g__UCG-005|s__metagenome,0.6666666666666666
649,k__Bacteria|p__Firmicutes|c__Clostridia|o__Lachnospirales|f__Lachnospiraceae|g__Lachnospiraceae_ND3007_group|s__metagenome,812,k__Bacteria|p__Firmicutes|c__Clostridia|o__Oscillospirales|f__Ruminococcaceae|g__Anaerofilum|s__metagenome,0.6666666666666666
649,k__Bacteria|p__Firmicutes|c__Clostridia|o__Lachnospirales|f__Lachnospiraceae|g__Lachnospiraceae_ND3007_group|s__metagenome,832,k__Bacteria|p__Firmicutes|c__Clostridia|o__Oscillospirales|f__Ruminococcaceae|g__DTU089|s__None,0.5833333333333334
649,k__Bacteria|p__Firmicutes|c__Clostridia|o__Lachnospirales|f__Lachnospiraceae|g__Lachnospiraceae_ND3007_group|s__metagenome,833,k__Bacteria|p__Firmicutes|c__Clostridia|o__Oscillospirales|f__Ruminococcaceae|g__Faecalibacterium|s__None,0.5833333333333334
649,k__Bacteria|p__Firmicutes|c__Clostridia|o__Lachnospirales|f__Lachnospiraceae|g__Lachnospiraceae_ND3007_group|s__metagenome,839,k__Bacteria|p__Firmicutes|c__Clostridia|o__Oscillospirales|f__Ruminococcaceae|g__Incertae_Sedis|s__metagenome,0.6666666666666666
649,k__Bacteria|p__Firmicutes|c__Clostridia|o__Lachnospirales|f__Lachnospiraceae|g__Lachnospiraceae_ND3007_group|s__metagenome,841,k__Bacteria|p__Firmicutes|c__Clostridia|o__Oscillospirales|f__Ruminococcaceae|g__Incertae_Sedis|s__None,0.5833333333333334
649,k__Bacteria|p__Firmicutes|c__Clostridia|o__Lachnospirales|f__Lachnospiraceae|g__Lachnospiraceae_ND3007_group|s__metagenome,859,k__Bacteria|p__Firmicutes|c__Clostridia|o__Oscillospirales|f__Ruminococcaceae|g__Ruminococcus|s__None,0.5833333333333334
649,k__Bacteria|p__Firmicutes|c__Clostridia|o__Lachnospirales|f__Lachnospiraceae|g__Lachnospiraceae_ND3007_group|s__metagenome,860,k__Bacteria|p__Firmicutes|c__Clostridia|o__Oscillospirales|f__Ruminococcaceae|g__Subdoligranulum|s__None,0.5833333333333334
649,k__Bacteria|p__Firmicutes|c__Clostridia|o__Lachnospirales|f__Lachnospiraceae|g__Lachnospiraceae_ND3007_group|s__metagenome,863,k__Bacteria|p__Firmicutes|c__Clostridia|o__Oscillospirales|f__Ruminococcaceae|g__UBA1819|s__None,0.5833333333333334
649,k__Bacteria|p__Firmicutes|c__Clostridia|o__Lachnospirales|f__Lachnospiraceae|g__Lachnospiraceae_ND3007_group|s__metagenome,865,k__Bacteria|p__Firmicutes|c__Clostridia|o__Oscillospirales|f__Ruminococcaceae|g__Eubacterium_siraeum_group|s__None,0.5833333333333334
649,k__Bacteria|p__Firmicutes|c__Clostridia|o__Lachnospirales|f__Lachnospiraceae|g__Lachnospiraceae_ND3007_group|s__metagenome,869,k__Bacteria|p__Firmicutes|c__Clostridia|o__Oscillospirales|f__Ruminococcaceae|g__None|s__None,0.5
649,k__Bacteria|p__Firmicutes|c__Clostridia|o__Lachnospirales|f__Lachnospiraceae|g__Lachnospiraceae_ND3007_group|s__metagenome,885,k__Bacteria|p__Firmicutes|c__Clostridia|o__Oscillospirales|f__Eubacterium_coprostanoligenes_group|g__None|s__None,0.5
649,k__Bacteria|p__Firmicutes|c__Clostridia|o__Lachnospirales|f__Lachnospiraceae|g__Lachnospiraceae_ND3007_group|s__metagenome,905,k__Bacteria|p__Firmicutes|c__Clostridia|o__Peptostreptococcales-Tissierellales|f__Anaerovoracaceae|g__Family_XIII_AD3011_group|s__metagenome,0.6666666666666666
649,k__Bacteria|p__Firmicutes|c__Clostridia|o__Lachnospirales|f__Lachnospiraceae|g__Lachnospiraceae_ND3007_group|s__metagenome,925,k__Bacteria|p__Firmicutes|c__Clostridia|o__Peptostreptococcales-Tissierellales|f__Anaerovoracaceae|g__None|s__None,0.5
649,k__Bacteria|p__Firmicutes|c__Clostridia|o__Lachnospirales|f__Lachnospiraceae|g__Lachnospiraceae_ND3007_group|s__metagenome,943,k__Bacteria|p__Firmicutes|c__Clostridia|o__Peptostreptococcales-Tissierellales|f__Peptostreptococcaceae|g__Intestinibacter|s__None,0.5833333333333334
649,k__Bacteria|p__Firmicutes|c__Clostridia|o__Lachnospirales|f__Lachnospiraceae|g__Lachnospiraceae_ND3007_group|s__metagenome,951,k__Bacteria|p__Firmicutes|c__Clostridia|o__Peptostreptococcales-Tissierellales|f__Peptostreptococcaceae|g__Romboutsia|s__None,0.5833333333333334
649,k__Bacteria|p__Firmicutes|c__Clostridia|o__Lachnospirales|f__Lachnospiraceae|g__Lachnospiraceae_ND3007_group|s__metagenome,956,k__Bacteria|p__Firmicutes|c__Clostridia|o__None|f__None|g__None|s__None,0.3333333333333333
649,k__Bacteria|p__Firmicutes|c__Clostridia|o__Lachnospirales|f__Lachnospiraceae|g__Lachnospiraceae_ND3007_group|s__metagenome,966,k__Bacteria|p__Firmicutes|c__Negativicutes|o__Acidaminococcales|f__Acidaminococcaceae|g__Acidaminococcus|s__None,0.75
649,k__Bacteria|p__Firmicutes|c__Clostridia|o__Lachnospirales|f__Lachnospiraceae|g__Lachnospiraceae_ND3007_group|s__metagenome,967,k__Bacteria|p__Firmicutes|c__Negativicutes|o__Acidaminococcales|f__Acidaminococcaceae|g__Phascolarctobacterium|s__None,0.75
649,k__Bacteria|p__Firmicutes|c__Clostridia|o__Lachnospirales|f__Lachnospiraceae|g__Lachnospiraceae_ND3007_group|s__metagenome,986,k__Bacteria|p__Firmicutes|c__Negativicutes|o__Veillonellales-Selenomonadales|f__Veillonellaceae|g__Dialister|s__None,0.75
649,k__Bacteria|p__Firmicutes|c__Clostridia|o__Lachnospirales|f__Lachnospiraceae|g__Lachnospiraceae_ND3007_group|s__metagenome,992,k__Bacteria|p__Firmicutes|c__Negativicutes|o__Veillonellales-Selenomonadales|f__Veillonellaceae|g__Veillonella|s__None,0.75
649,k__Bacteria|p__Firmicutes|c__Clostridia|o__Lachnospirales|f__Lachnospiraceae|g__Lachnospiraceae_ND3007_group|s__metagenome,1055,k__Bacteria|p__Proteobacteria|c__Gammaproteobacteria|o__Burkholderiales|f__Sutterellaceae|g__Parasutterella|s__None,0.9166666666666666
649,k__Bacteria|p__Firmicutes|c__Clostridia|o__Lachnospirales|f__Lachnospiraceae|g__Lachnospiraceae_ND3007_group|s__metagenome,1069,k__Bacteria|p__Proteobacteria|c__Gammaproteobacteria|o__Enterobacterales|f__Enterobacteriaceae|g__Escherichia-Shigella|s__None,0.9166666666666666
649,k__Bacteria|p__Firmicutes|c__Clostridia|o__Lachnospirales|f__Lachnospiraceae|g__Lachnospiraceae_ND3007_group|s__metagenome,1089,k__Bacteria|p__Proteobacteria|c__Gammaproteobacteria|o__Pseudomonadales|f__Pseudomonadaceae|g__Pseudomonas|s__None,0.9166666666666666
649,k__Bacteria|p__Firmicutes|c__Clostridia|o__Lachnospirales|f__Lachnospiraceae|g__Lachnospiraceae_ND3007_group|s__metagenome,1132,k__Bacteria|p__Verrucomicrobiota|c__Verrucomicrobiae|o__Verrucomicrobiales|f__Akkermansiaceae|g__Akkermansia|s__None,0.9166666666666666
649,k__Bacteria|p__Firmicutes|c__Clostridia|o__Lachnospirales|f__Lachnospiraceae|g__Lachnospiraceae_ND3007_group|s__metagenome,1136,k__Bacteria|p__None|c__None|o__None|f__None|g__None|s__None,0.5
658,k__Bacteria|p__Firmicutes|c__Clostridia|o__Lachnospirales|f__Lachnospiraceae|g__Lachnospiraceae_NK4A136_group|s__uncultured_bacterium_Adhufec49.25,662,k__Bacteria|p__Firmicutes|c__Clostridia|o__Lachnospirales|f__Lachnospiraceae|g__Lachnospiraceae_UCG-001|s__metagenome,0.3333333333333333
658,k__Bacteria|p__Firmicutes|c__Clostridia|o__Lachnospirales|f__Lachnospiraceae|g__Lachnospiraceae_NK4A136_group|s__uncultured_bacterium_Adhufec49.25,675,k__Bacteria|p__Firmicutes|c__Clostridia|o__Lachnospirales|f__Lachnospiraceae|g__Lachnospiraceae_UCG-010|s__None,0.25
658,k__Bacteria|p__Firmicutes|c__Clostridia|o__Lachnospirales|f__Lachnospiraceae|g__Lachnospiraceae_NK4A136_group|s__uncultured_bacterium_Adhufec49.25,694,k__Bacteria|p__Firmicutes|c__Clostridia|o__Lachnospirales|f__Lachnospiraceae|g__Roseburia|s__None,0.25
658,k__Bacteria|p__Firmicutes|c__Clostridia|o__Lachnospirales|f__Lachnospiraceae|g__Lachnospiraceae_NK4A136_group|s__uncultured_bacterium_Adhufec49.25,695,k__Bacteria|p__Firmicutes|c__Clostridia|o__Lachnospirales|f__Lachnospiraceae|g__Roseburia|s__gut_metagenome,0.3333333333333333
658,k__Bacteria|p__Firmicutes|c__Clostridia|o__Lachnospirales|f__Lachnospiraceae|g__Lachnospiraceae_NK4A136_group|s__uncultured_bacterium_Adhufec49.25,705,k__Bacteria|p__Firmicutes|c__Clostridia|o__Lachnospirales|f__Lachnospiraceae|g__Tuzzerella|s__None,0.25
658,k__Bacteria|p__Firmicutes|c__Clostridia|o__Lachnospirales|f__Lachnospiraceae|g__Lachnospiraceae_NK4A136_group|s__uncultured_bacterium_Adhufec49.25,709,k__Bacteria|p__Firmicutes|c__Clostridia|o__Lachnospirales|f__Lachnospiraceae|g__UC5-1-2E3|s__uncultured_organism,0.3333333333333333
658,k__Bacteria|p__Firmicutes|c__Clostridia|o__Lachnospirales|f__Lachnospiraceae|g__Lachnospiraceae_NK4A136_group|s__uncultured_bacterium_Adhufec49.25,711,k__Bacteria|p__Firmicutes|c__Clostridia|o__Lachnospirales|f__Lachnospiraceae|g__Eubacterium_eligens_group|s__None,0.25
658,k__Bacteria|p__Firmicutes|c__Clostridia|o__Lachnospirales|f__Lachnospiraceae|g__Lachnospiraceae_NK4A136_group|s__uncultured_bacterium_Adhufec49.25,712,k__Bacteria|p__Firmicutes|c__Clostridia|o__Lachnospirales|f__Lachnospiraceae|g__Eubacterium_fissicatena_group|s__None,0.25
658,k__Bacteria|p__Firmicutes|c__Clostridia|o__Lachnospirales|f__Lachnospiraceae|g__Lachnospiraceae_NK4A136_group|s__uncultured_bacterium_Adhufec49.25,717,k__Bacteria|p__Firmicutes|c__Clostridia|o__Lachnospirales|f__Lachnospiraceae|g__Eubacterium_hallii_group|s__None,0.25
658,k__Bacteria|p__Firmicutes|c__Clostridia|o__Lachnospirales|f__Lachnospiraceae|g__Lachnospiraceae_NK4A136_group|s__uncultured_bacterium_Adhufec49.25,722,k__Bacteria|p__Firmicutes|c__Clostridia|o__Lachnospirales|f__Lachnospiraceae|g__Eubacterium_ventriosum_group|s__uncultured_organism,0.3333333333333333
658,k__Bacteria|p__Firmicutes|c__Clostridia|o__Lachnospirales|f__Lachnospiraceae|g__Lachnospiraceae_NK4A136_group|s__uncultured_bacterium_Adhufec49.25,724,k__Bacteria|p__Firmicutes|c__Clostridia|o__Lachnospirales|f__Lachnospiraceae|g__Eubacterium_xylanophilum_group|s__None,0.25
658,k__Bacteria|p__Firmicutes|c__Clostridia|o__Lachnospirales|f__Lachnospiraceae|g__Lachnospiraceae_NK4A136_group|s__uncultured_bacterium_Adhufec49.25,730,k__Bacteria|p__Firmicutes|c__Clostridia|o__Lachnospirales|f__Lachnospiraceae|g__Ruminococcus_torques_group|s__None,0.25
658,k__Bacteria|p__Firmicutes|c__Clostridia|o__Lachnospirales|f__Lachnospiraceae|g__Lachnospiraceae_NK4A136_group|s__uncultured_bacterium_Adhufec49.25,732,k__Bacteria|p__Firmicutes|c__Clostridia|o__Lachnospirales|f__Lachnospiraceae|g__None|s__None,0.25
658,k__Bacteria|p__Firmicutes|c__Clostridia|o__Lachnospirales|f__Lachnospiraceae|g__Lachnospiraceae_NK4A136_group|s__uncultured_bacterium_Adhufec49.25,733,k__Bacteria|p__Firmicutes|c__Clostridia|o__Lachnospirales|f__Lachnospiraceae|g__uncultured|s__None,0.25
658,k__Bacteria|p__Firmicutes|c__Clostridia|o__Lachnospirales|f__Lachnospiraceae|g__Lachnospiraceae_NK4A136_group|s__uncultured_bacterium_Adhufec49.25,739,k__Bacteria|p__Firmicutes|c__Clostridia|o__Monoglobales|f__Monoglobaceae|g__Monoglobus|s__None,0.5833333333333334
658,k__Bacteria|p__Firmicutes|c__Clostridia|o__Lachnospirales|f__Lachnospiraceae|g__Lachnospiraceae_NK4A136_group|s__uncultured_bacterium_Adhufec49.25,759,k__Bacteria|p__Firmicutes|c__Clostridia|o__Oscillospirales|f__Oscillospiraceae|g__Colidextribacter|s__None,0.5833333333333334
658,k__Bacteria|p__Firmicutes|c__Clostridia|o__Lachnospirales|f__Lachnospiraceae|g__Lachnospiraceae_NK4A136_group|s__uncultured_bacterium_Adhufec49.25,767,k__Bacteria|p__Firmicutes|c__Clostridia|o__Oscillospirales|f__Oscillospiraceae|g__Flavonifractor|s__None,0.5833333333333334
658,k__Bacteria|p__Firmicutes|c__Clostridia|o__Lachnospirales|f__Lachnospiraceae|g__Lachnospiraceae_NK4A136_group|s__uncultured_bacterium_Adhufec49.25,769,k__Bacteria|p__Firmicutes|c__Clostridia|o__Oscillospirales|f__Oscillospiraceae|g__Intestinimonas|s__None,0.5833333333333334
658,k__Bacteria|p__Firmicutes|c__Clostridia|o__Lachnospirales|f__Lachnospiraceae|g__Lachnospiraceae_NK4A136_group|s__uncultured_bacterium_Adhufec49.25,770,k__Bacteria|p__Firmicutes|c__Clostridia|o__Oscillospirales|f__Oscillospiraceae|g__Intestinimonas|s__bacterium_P1C2,0.6666666666666666
658,k__Bacteria|p__Firmicutes|c__Clostridia|o__Lachnospirales|f__Lachnospiraceae|g__Lachnospiraceae_NK4A136_group|s__uncultured_bacterium_Adhufec49.25,779,k__Bacteria|p__Firmicutes|c__Clostridia|o__Oscillospirales|f__Oscillospiraceae|g__Oscillibacter|s__None,0.5833333333333334
658,k__Bacteria|p__Firmicutes|c__Clostridia|o__Lachnospirales|f__Lachnospiraceae|g__Lachnospiraceae_NK4A136_group|s__uncultured_bacterium_Adhufec49.25,780,k__Bacteria|p__Firmicutes|c__Clostridia|o__Oscillospirales|f__Oscillospiraceae|g__Oscillibacter|s__metagenome,0.6666666666666666
658,k__Bacteria|p__Firmicutes|c__Clostridia|o__Lachnospirales|f__Lachnospiraceae|g__Lachnospiraceae_NK4A136_group|s__uncultured_bacterium_Adhufec49.25,790,k__Bacteria|p__Firmicutes|c__Clostridia|o__Oscillospirales|f__Oscillospiraceae|g__UCG-002|s__None,0.5833333333333334
658,k__Bacteria|p__Firmicutes|c__Clostridia|o__Lachnospirales|f__Lachnospiraceae|g__Lachnospiraceae_NK4A136_group|s__uncultured_bacterium_Adhufec49.25,791,k__Bacteria|p__Firmicutes|c__Clostridia|o__Oscillospirales|f__Oscillospiraceae|g__UCG-003|s__None,0.5833333333333334
658,k__Bacteria|p__Firmicutes|c__Clostridia|o__Lachnospirales|f__Lachnospiraceae|g__Lachnospiraceae_NK4A136_group|s__uncultured_bacterium_Adhufec49.25,794,k__Bacteria|p__Firmicutes|c__Clostridia|o__Oscillospirales|f__Oscillospiraceae|g__UCG-005|s__metagenome,0.6666666666666666
658,k__Bacteria|p__Firmicutes|c__Clostridia|o__Lachnospirales|f__Lachnospiraceae|g__Lachnospiraceae_NK4A136_group|s__uncultured_bacterium_Adhufec49.25,812,k__Bacteria|p__Firmicutes|c__Clostridia|o__Oscillospirales|f__Ruminococcaceae|g__Anaerofilum|s__metagenome,0.6666666666666666
658,k__Bacteria|p__Firmicutes|c__Clostridia|o__Lachnospirales|f__Lachnospiraceae|g__Lachnospiraceae_NK4A136_group|s__uncultured_bacterium_Adhufec49.25,832,k__Bacteria|p__Firmicutes|c__Clostridia|o__Oscillospirales|f__Ruminococcaceae|g__DTU089|s__None,0.5833333333333334
658,k__Bacteria|p__Firmicutes|c__Clostridia|o__Lachnospirales|f__Lachnospiraceae|g__Lachnospiraceae_NK4A136_group|s__uncultured_bacterium_Adhufec49.25,833,k__Bacteria|p__Firmicutes|c__Clostridia|o__Oscillospirales|f__Ruminococcaceae|g__Faecalibacterium|s__None,0.5833333333333334
658,k__Bacteria|p__Firmicutes|c__Clostridia|o__Lachnospirales|f__Lachnospiraceae|g__Lachnospiraceae_NK4A136_group|s__uncultured_bacterium_Adhufec49.25,839,k__Bacteria|p__Firmicutes|c__Clostridia|o__Oscillospirales|f__Ruminococcaceae|g__Incertae_Sedis|s__metagenome,0.6666666666666666
658,k__Bacteria|p__Firmicutes|c__Clostridia|o__Lachnospirales|f__Lachnospiraceae|g__Lachnospiraceae_NK4A136_group|s__uncultured_bacterium_Adhufec49.25,841,k__Bacteria|p__Firmicutes|c__Clostridia|o__Oscillospirales|f__Ruminococcaceae|g__Incertae_Sedis|s__None,0.5833333333333334
658,k__Bacteria|p__Firmicutes|c__Clostridia|o__Lachnospirales|f__Lachnospiraceae|g__Lachnospiraceae_NK4A136_group|s__uncultured_bacterium_Adhufec49.25,859,k__Bacteria|p__Firmicutes|c__Clostridia|o__Oscillospirales|f__Ruminococcaceae|g__Ruminococcus|s__None,0.5833333333333334
658,k__Bacteria|p__Firmicutes|c__Clostridia|o__Lachnospirales|f__Lachnospiraceae|g__Lachnospiraceae_NK4A136_group|s__uncultured_bacterium_Adhufec49.25,860,k__Bacteria|p__Firmicutes|c__Clostridia|o__Oscillospirales|f__Ruminococcaceae|g__Subdoligranulum|s__None,0.5833333333333334
658,k__Bacteria|p__Firmicutes|c__Clostridia|o__Lachnospirales|f__Lachnospiraceae|g__Lachnospiraceae_NK4A136_group|s__uncultured_bacterium_Adhufec49.25,863,k__Bacteria|p__Firmicutes|c__Clostridia|o__Oscillospirales|f__Ruminococcaceae|g__UBA1819|s__None,0.5833333333333334
658,k__Bacteria|p__Firmicutes|c__Clostridia|o__Lachnospirales|f__Lachnospiraceae|g__Lachnospiraceae_NK4A136_group|s__uncultured_bacterium_Adhufec49.25,865,k__Bacteria|p__Firmicutes|c__Clostridia|o__Oscillospirales|f__Ruminococcaceae|g__Eubacterium_siraeum_group|s__None,0.5833333333333334
658,k__Bacteria|p__Firmicutes|c__Clostridia|o__Lachnospirales|f__Lachnospiraceae|g__Lachnospiraceae_NK4A136_group|s__uncultured_bacterium_Adhufec49.25,869,k__Bacteria|p__Firmicutes|c__Clostridia|o__Oscillospirales|f__Ruminococcaceae|g__None|s__None,0.5
658,k__Bacteria|p__Firmicutes|c__Clostridia|o__Lachnospirales|f__Lachnospiraceae|g__Lachnospiraceae_NK4A136_group|s__uncultured_bacterium_Adhufec49.25,885,k__Bacteria|p__Firmicutes|c__Clostridia|o__Oscillospirales|f__Eubacterium_coprostanoligenes_group|g__None|s__None,0.5
658,k__Bacteria|p__Firmicutes|c__Clostridia|o__Lachnospirales|f__Lachnospiraceae|g__Lachnospiraceae_NK4A136_group|s__uncultured_bacterium_Adhufec49.25,905,k__Bacteria|p__Firmicutes|c__Clostridia|o__Peptostreptococcales-Tissierellales|f__Anaerovoracaceae|g__Family_XIII_AD3011_group|s__metagenome,0.6666666666666666
658,k__Bacteria|p__Firmicutes|c__Clostridia|o__Lachnospirales|f__Lachnospiraceae|g__Lachnospiraceae_NK4A136_group|s__uncultured_bacterium_Adhufec49.25,925,k__Bacteria|p__Firmicutes|c__Clostridia|o__Peptostreptococcales-Tissierellales|f__Anaerovoracaceae|g__None|s__None,0.5
658,k__Bacteria|p__Firmicutes|c__Clostridia|o__Lachnospirales|f__Lachnospiraceae|g__Lachnospiraceae_NK4A136_group|s__uncultured_bacterium_Adhufec49.25,943,k__Bacteria|p__Firmicutes|c__Clostridia|o__Peptostreptococcales-Tissierellales|f__Peptostreptococcaceae|g__Intestinibacter|s__None,0.5833333333333334
658,k__Bacteria|p__Firmicutes|c__Clostridia|o__Lachnospirales|f__Lachnospiraceae|g__Lachnospiraceae_NK4A136_group|s__uncultured_bacterium_Adhufec49.25,951,k__Bacteria|p__Firmicutes|c__Clostridia|o__Peptostreptococcales-Tissierellales|f__Peptostreptococcaceae|g__Romboutsia|s__None,0.5833333333333334
658,k__Bacteria|p__Firmicutes|c__Clostridia|o__Lachnospirales|f__Lachnospiraceae|g__Lachnospiraceae_NK4A136_group|s__uncultured_bacterium_Adhufec49.25,956,k__Bacteria|p__Firmicutes|c__Clostridia|o__None|f__None|g__None|s__None,0.3333333333333333
658,k__Bacteria|p__Firmicutes|c__Clostridia|o__Lachnospirales|f__Lachnospiraceae|g__Lachnospiraceae_NK4A136_group|s__uncultured_bacterium_Adhufec49.25,966,k__Bacteria|p__Firmicutes|c__Negativicutes|o__Acidaminococcales|f__Acidaminococcaceae|g__Acidaminococcus|s__None,0.75
658,k__Bacteria|p__Firmicutes|c__Clostridia|o__Lachnospirales|f__Lachnospiraceae|g__Lachnospiraceae_NK4A136_group|s__uncultured_bacterium_Adhufec49.25,967,k__Bacteria|p__Firmicutes|c__Negativicutes|o__Acidaminococcales|f__Acidaminococcaceae|g__Phascolarctobacterium|s__None,0.75
658,k__Bacteria|p__Firmicutes|c__Clostridia|o__Lachnospirales|f__Lachnospiraceae|g__Lachnospiraceae_NK4A136_group|s__uncultured_bacterium_Adhufec49.25,986,k__Bacteria|p__Firmicutes|c__Negativicutes|o__Veillonellales-Selenomonadales|f__Veillonellaceae|g__Dialister|s__None,0.75
658,k__Bacteria|p__Firmicutes|c__Clostridia|o__Lachnospirales|f__Lachnospiraceae|g__Lachnospiraceae_NK4A136_group|s__uncultured_bacterium_Adhufec49.25,992,k__Bacteria|p__Firmicutes|c__Negativicutes|o__Veillonellales-Selenomonadales|f__Veillonellaceae|g__Veillonella|s__None,0.75
658,k__Bacteria|p__Firmicutes|c__Clostridia|o__Lachnospirales|f__Lachnospiraceae|g__Lachnospiraceae_NK4A136_group|s__uncultured_bacterium_Adhufec49.25,1055,k__Bacteria|p__Proteobacteria|c__Gammaproteobacteria|o__Burkholderiales|f__Sutterellaceae|g__Parasutterella|s__None,0.9166666666666666
658,k__Bacteria|p__Firmicutes|c__Clostridia|o__Lachnospirales|f__Lachnospiraceae|g__Lachnospiraceae_NK4A136_group|s__uncultured_bacterium_Adhufec49.25,1069,k__Bacteria|p__Proteobacteria|c__Gammaproteobacteria|o__Enterobacterales|f__Enterobacteriaceae|g__Escherichia-Shigella|s__None,0.9166666666666666
658,k__Bacteria|p__Firmicutes|c__Clostridia|o__Lachnospirales|f__Lachnospiraceae|g__Lachnospiraceae_NK4A136_group|s__uncultured_bacterium_Adhufec49.25,1089,k__Bacteria|p__Proteobacteria|c__Gammaproteobacteria|o__Pseudomonadales|f__Pseudomonadaceae|g__Pseudomonas|s__None,0.9166666666666666
658,k__Bacteria|p__Firmicutes|c__Clostridia|o__Lachnospirales|f__Lachnospiraceae|g__Lachnospiraceae_NK4A136_group|s__uncultured_bacterium_Adhufec49.25,1132,k__Bacteria|p__Verrucomicrobiota|c__Verrucomicrobiae|o__Verrucomicrobiales|f__Akkermansiaceae|g__Akkermansia|s__None,0.9166666666666666
658,k__Bacteria|p__Firmicutes|c__Clostridia|o__Lachnospirales|f__Lachnospiraceae|g__Lachnospiraceae_NK4A136_group|s__uncultured_bacterium_Adhufec49.25,1136,k__Bacteria|p__None|c__None|o__None|f__None|g__None|s__None,0.5
662,k__Bacteria|p__Firmicutes|c__Clostridia|o__Lachnospirales|f__Lachnospiraceae|g__Lachnospiraceae_UCG-001|s__metagenome,675,k__Bacteria|p__Firmicutes|c__Clostridia|o__Lachnospirales|f__Lachnospiraceae|g__Lachnospiraceae_UCG-010|s__None,0.25
662,k__Bacteria|p__Firmicutes|c__Clostridia|o__Lachnospirales|f__Lachnospiraceae|g__Lachnospiraceae_UCG-001|s__metagenome,694,k__Bacteria|p__Firmicutes|c__Clostridia|o__Lachnospirales|f__Lachnospiraceae|g__Roseburia|s__None,0.25
662,k__Bacteria|p__Firmicutes|c__Clostridia|o__Lachnospirales|f__Lachnospiraceae|g__Lachnospiraceae_UCG-001|s__metagenome,695,k__Bacteria|p__Firmicutes|c__Clostridia|o__Lachnospirales|f__Lachnospiraceae|g__Roseburia|s__gut_metagenome,0.3333333333333333
662,k__Bacteria|p__Firmicutes|c__Clostridia|o__Lachnospirales|f__Lachnospiraceae|g__Lachnospiraceae_UCG-001|s__metagenome,705,k__Bacteria|p__Firmicutes|c__Clostridia|o__Lachnospirales|f__Lachnospiraceae|g__Tuzzerella|s__None,0.25
662,k__Bacteria|p__Firmicutes|c__Clostridia|o__Lachnospirales|f__Lachnospiraceae|g__Lachnospiraceae_UCG-001|s__metagenome,709,k__Bacteria|p__Firmicutes|c__Clostridia|o__Lachnospirales|f__Lachnospiraceae|g__UC5-1-2E3|s__uncultured_organism,0.3333333333333333
662,k__Bacteria|p__Firmicutes|c__Clostridia|o__Lachnospirales|f__Lachnospiraceae|g__Lachnospiraceae_UCG-001|s__metagenome,711,k__Bacteria|p__Firmicutes|c__Clostridia|o__Lachnospirales|f__Lachnospiraceae|g__Eubacterium_eligens_group|s__None,0.25
662,k__Bacteria|p__Firmicutes|c__Clostridia|o__Lachnospirales|f__Lachnospiraceae|g__Lachnospiraceae_UCG-001|s__metagenome,712,k__Bacteria|p__Firmicutes|c__Clostridia|o__Lachnospirales|f__Lachnospiraceae|g__Eubacterium_fissicatena_group|s__None,0.25
662,k__Bacteria|p__Firmicutes|c__Clostridia|o__Lachnospirales|f__Lachnospiraceae|g__Lachnospiraceae_UCG-001|s__metagenome,717,k__Bacteria|p__Firmicutes|c__Clostridia|o__Lachnospirales|f__Lachnospiraceae|g__Eubacterium_hallii_group|s__None,0.25
662,k__Bacteria|p__Firmicutes|c__Clostridia|o__Lachnospirales|f__Lachnospiraceae|g__Lachnospiraceae_UCG-001|s__metagenome,722,k__Bacteria|p__Firmicutes|c__Clostridia|o__Lachnospirales|f__Lachnospiraceae|g__Eubacterium_ventriosum_group|s__uncultured_organism,0.3333333333333333
662,k__Bacteria|p__Firmicutes|c__Clostridia|o__Lachnospirales|f__Lachnospiraceae|g__Lachnospiraceae_UCG-001|s__metagenome,724,k__Bacteria|p__Firmicutes|c__Clostridia|o__Lachnospirales|f__Lachnospiraceae|g__Eubacterium_xylanophilum_group|s__None,0.25
662,k__Bacteria|p__Firmicutes|c__Clostridia|o__Lachnospirales|f__Lachnospiraceae|g__Lachnospiraceae_UCG-001|s__metagenome,730,k__Bacteria|p__Firmicutes|c__Clostridia|o__Lachnospirales|f__Lachnospiraceae|g__Ruminococcus_torques_group|s__None,0.25
662,k__Bacteria|p__Firmicutes|c__Clostridia|o__Lachnospirales|f__Lachnospiraceae|g__Lachnospiraceae_UCG-001|s__metagenome,732,k__Bacteria|p__Firmicutes|c__Clostridia|o__Lachnospirales|f__Lachnospiraceae|g__None|s__None,0.25
662,k__Bacteria|p__Firmicutes|c__Clostridia|o__Lachnospirales|f__Lachnospiraceae|g__Lachnospiraceae_UCG-001|s__metagenome,733,k__Bacteria|p__Firmicutes|c__Clostridia|o__Lachnospirales|f__Lachnospiraceae|g__uncultured|s__None,0.25
662,k__Bacteria|p__Firmicutes|c__Clostridia|o__Lachnospirales|f__Lachnospiraceae|g__Lachnospiraceae_UCG-001|s__metagenome,739,k__Bacteria|p__Firmicutes|c__Clostridia|o__Monoglobales|f__Monoglobaceae|g__Monoglobus|s__None,0.5833333333333334
662,k__Bacteria|p__Firmicutes|c__Clostridia|o__Lachnospirales|f__Lachnospiraceae|g__Lachnospiraceae_UCG-001|s__metagenome,759,k__Bacteria|p__Firmicutes|c__Clostridia|o__Oscillospirales|f__Oscillospiraceae|g__Colidextribacter|s__None,0.5833333333333334
662,k__Bacteria|p__Firmicutes|c__Clostridia|o__Lachnospirales|f__Lachnospiraceae|g__Lachnospiraceae_UCG-001|s__metagenome,767,k__Bacteria|p__Firmicutes|c__Clostridia|o__Oscillospirales|f__Oscillospiraceae|g__Flavonifractor|s__None,0.5833333333333334
662,k__Bacteria|p__Firmicutes|c__Clostridia|o__Lachnospirales|f__Lachnospiraceae|g__Lachnospiraceae_UCG-001|s__metagenome,769,k__Bacteria|p__Firmicutes|c__Clostridia|o__Oscillospirales|f__Oscillospiraceae|g__Intestinimonas|s__None,0.5833333333333334
662,k__Bacteria|p__Firmicutes|c__Clostridia|o__Lachnospirales|f__Lachnospiraceae|g__Lachnospiraceae_UCG-001|s__metagenome,770,k__Bacteria|p__Firmicutes|c__Clostridia|o__Oscillospirales|f__Oscillospiraceae|g__Intestinimonas|s__bacterium_P1C2,0.6666666666666666
662,k__Bacteria|p__Firmicutes|c__Clostridia|o__Lachnospirales|f__Lachnospiraceae|g__Lachnospiraceae_UCG-001|s__metagenome,779,k__Bacteria|p__Firmicutes|c__Clostridia|o__Oscillospirales|f__Oscillospiraceae|g__Oscillibacter|s__None,0.5833333333333334
662,k__Bacteria|p__Firmicutes|c__Clostridia|o__Lachnospirales|f__Lachnospiraceae|g__Lachnospiraceae_UCG-001|s__metagenome,780,k__Bacteria|p__Firmicutes|c__Clostridia|o__Oscillospirales|f__Oscillospiraceae|g__Oscillibacter|s__metagenome,0.6666666666666666
662,k__Bacteria|p__Firmicutes|c__Clostridia|o__Lachnospirales|f__Lachnospiraceae|g__Lachnospiraceae_UCG-001|s__metagenome,790,k__Bacteria|p__Firmicutes|c__Clostridia|o__Oscillospirales|f__Oscillospiraceae|g__UCG-002|s__None,0.5833333333333334
662,k__Bacteria|p__Firmicutes|c__Clostridia|o__Lachnospirales|f__Lachnospiraceae|g__Lachnospiraceae_UCG-001|s__metagenome,791,k__Bacteria|p__Firmicutes|c__Clostridia|o__Oscillospirales|f__Oscillospiraceae|g__UCG-003|s__None,0.5833333333333334
662,k__Bacteria|p__Firmicutes|c__Clostridia|o__Lachnospirales|f__Lachnospiraceae|g__Lachnospiraceae_UCG-001|s__metagenome,794,k__Bacteria|p__Firmicutes|c__Clostridia|o__Oscillospirales|f__Oscillospiraceae|g__UCG-005|s__metagenome,0.6666666666666666
662,k__Bacteria|p__Firmicutes|c__Clostridia|o__Lachnospirales|f__Lachnospiraceae|g__Lachnospiraceae_UCG-001|s__metagenome,812,k__Bacteria|p__Firmicutes|c__Clostridia|o__Oscillospirales|f__Ruminococcaceae|g__Anaerofilum|s__metagenome,0.6666666666666666
662,k__Bacteria|p__Firmicutes|c__Clostridia|o__Lachnospirales|f__Lachnospiraceae|g__Lachnospiraceae_UCG-001|s__metagenome,832,k__Bacteria|p__Firmicutes|c__Clostridia|o__Oscillospirales|f__Ruminococcaceae|g__DTU089|s__None,0.5833333333333334
662,k__Bacteria|p__Firmicutes|c__Clostridia|o__Lachnospirales|f__Lachnospiraceae|g__Lachnospiraceae_UCG-001|s__metagenome,833,k__Bacteria|p__Firmicutes|c__Clostridia|o__Oscillospirales|f__Ruminococcaceae|g__Faecalibacterium|s__None,0.5833333333333334
662,k__Bacteria|p__Firmicutes|c__Clostridia|o__Lachnospirales|f__Lachnospiraceae|g__Lachnospiraceae_UCG-001|s__metagenome,839,k__Bacteria|p__Firmicutes|c__Clostridia|o__Oscillospirales|f__Ruminococcaceae|g__Incertae_Sedis|s__metagenome,0.6666666666666666
662,k__Bacteria|p__Firmicutes|c__Clostridia|o__Lachnospirales|f__Lachnospiraceae|g__Lachnospiraceae_UCG-001|s__metagenome,841,k__Bacteria|p__Firmicutes|c__Clostridia|o__Oscillospirales|f__Ruminococcaceae|g__Incertae_Sedis|s__None,0.5833333333333334
662,k__Bacteria|p__Firmicutes|c__Clostridia|o__Lachnospirales|f__Lachnospiraceae|g__Lachnospiraceae_UCG-001|s__metagenome,859,k__Bacteria|p__Firmicutes|c__Clostridia|o__Oscillospirales|f__Ruminococcaceae|g__Ruminococcus|s__None,0.5833333333333334
662,k__Bacteria|p__Firmicutes|c__Clostridia|o__Lachnospirales|f__Lachnospiraceae|g__Lachnospiraceae_UCG-001|s__metagenome,860,k__Bacteria|p__Firmicutes|c__Clostridia|o__Oscillospirales|f__Ruminococcaceae|g__Subdoligranulum|s__None,0.5833333333333334
662,k__Bacteria|p__Firmicutes|c__Clostridia|o__Lachnospirales|f__Lachnospiraceae|g__Lachnospiraceae_UCG-001|s__metagenome,863,k__Bacteria|p__Firmicutes|c__Clostridia|o__Oscillospirales|f__Ruminococcaceae|g__UBA1819|s__None,0.5833333333333334
662,k__Bacteria|p__Firmicutes|c__Clostridia|o__Lachnospirales|f__Lachnospiraceae|g__Lachnospiraceae_UCG-001|s__metagenome,865,k__Bacteria|p__Firmicutes|c__Clostridia|o__Oscillospirales|f__Ruminococcaceae|g__Eubacterium_siraeum_group|s__None,0.5833333333333334
662,k__Bacteria|p__Firmicutes|c__Clostridia|o__Lachnospirales|f__Lachnospiraceae|g__Lachnospiraceae_UCG-001|s__metagenome,869,k__Bacteria|p__Firmicutes|c__Clostridia|o__Oscillospirales|f__Ruminococcaceae|g__None|s__None,0.5
662,k__Bacteria|p__Firmicutes|c__Clostridia|o__Lachnospirales|f__Lachnospiraceae|g__Lachnospiraceae_UCG-001|s__metagenome,885,k__Bacteria|p__Firmicutes|c__Clostridia|o__Oscillospirales|f__Eubacterium_coprostanoligenes_group|g__None|s__None,0.5
662,k__Bacteria|p__Firmicutes|c__Clostridia|o__Lachnospirales|f__Lachnospiraceae|g__Lachnospiraceae_UCG-001|s__metagenome,905,k__Bacteria|p__Firmicutes|c__Clostridia|o__Peptostreptococcales-Tissierellales|f__Anaerovoracaceae|g__Family_XIII_AD3011_group|s__metagenome,0.6666666666666666
662,k__Bacteria|p__Firmicutes|c__Clostridia|o__Lachnospirales|f__Lachnospiraceae|g__Lachnospiraceae_UCG-001|s__metagenome,925,k__Bacteria|p__Firmicutes|c__Clostridia|o__Peptostreptococcales-Tissierellales|f__Anaerovoracaceae|g__None|s__None,0.5
662,k__Bacteria|p__Firmicutes|c__Clostridia|o__Lachnospirales|f__Lachnospiraceae|g__Lachnospiraceae_UCG-001|s__metagenome,943,k__Bacteria|p__Firmicutes|c__Clostridia|o__Peptostreptococcales-Tissierellales|f__Peptostreptococcaceae|g__Intestinibacter|s__None,0.5833333333333334
662,k__Bacteria|p__Firmicutes|c__Clostridia|o__Lachnospirales|f__Lachnospiraceae|g__Lachnospiraceae_UCG-001|s__metagenome,951,k__Bacteria|p__Firmicutes|c__Clostridia|o__Peptostreptococcales-Tissierellales|f__Peptostreptococcaceae|g__Romboutsia|s__None,0.5833333333333334
662,k__Bacteria|p__Firmicutes|c__Clostridia|o__Lachnospirales|f__Lachnospiraceae|g__Lachnospiraceae_UCG-001|s__metagenome,956,k__Bacteria|p__Firmicutes|c__Clostridia|o__None|f__None|g__None|s__None,0.3333333333333333
662,k__Bacteria|p__Firmicutes|c__Clostridia|o__Lachnospirales|f__Lachnospiraceae|g__Lachnospiraceae_UCG-001|s__metagenome,966,k__Bacteria|p__Firmicutes|c__Negativicutes|o__Acidaminococcales|f__Acidaminococcaceae|g__Acidaminococcus|s__None,0.75
662,k__Bacteria|p__Firmicutes|c__Clostridia|o__Lachnospirales|f__Lachnospiraceae|g__Lachnospiraceae_UCG-001|s__metagenome,967,k__Bacteria|p__Firmicutes|c__Negativicutes|o__Acidaminococcales|f__Acidaminococcaceae|g__Phascolarctobacterium|s__None,0.75
662,k__Bacteria|p__Firmicutes|c__Clostridia|o__Lachnospirales|f__Lachnospiraceae|g__Lachnospiraceae_UCG-001|s__metagenome,986,k__Bacteria|p__Firmicutes|c__Negativicutes|o__Veillonellales-Selenomonadales|f__Veillonellaceae|g__Dialister|s__None,0.75
662,k__Bacteria|p__Firmicutes|c__Clostridia|o__Lachnospirales|f__Lachnospiraceae|g__Lachnospiraceae_UCG-001|s__metagenome,992,k__Bacteria|p__Firmicutes|c__Negativicutes|o__Veillonellales-Selenomonadales|f__Veillonellaceae|g__Veillonella|s__None,0.75
662,k__Bacteria|p__Firmicutes|c__Clostridia|o__Lachnospirales|f__Lachnospiraceae|g__Lachnospiraceae_UCG-001|s__metagenome,1055,k__Bacteria|p__Proteobacteria|c__Gammaproteobacteria|o__Burkholderiales|f__Sutterellaceae|g__Parasutterella|s__None,0.9166666666666666
662,k__Bacteria|p__Firmicutes|c__Clostridia|o__Lachnospirales|f__Lachnospiraceae|g__Lachnospiraceae_UCG-001|s__metagenome,1069,k__Bacteria|p__Proteobacteria|c__Gammaproteobacteria|o__Enterobacterales|f__Enterobacteriaceae|g__Escherichia-Shigella|s__None,0.9166666666666666
662,k__Bacteria|p__Firmicutes|c__Clostridia|o__Lachnospirales|f__Lachnospiraceae|g__Lachnospiraceae_UCG-001|s__metagenome,1089,k__Bacteria|p__Proteobacteria|c__Gammaproteobacteria|o__Pseudomonadales|f__Pseudomonadaceae|g__Pseudomonas|s__None,0.9166666666666666
662,k__Bacteria|p__Firmicutes|c__Clostridia|o__Lachnospirales|f__Lachnospiraceae|g__Lachnospiraceae_UCG-001|s__metagenome,1132,k__Bacteria|p__Verrucomicrobiota|c__Verrucomicrobiae|o__Verrucomicrobiales|f__Akkermansiaceae|g__Akkermansia|s__None,0.9166666666666666
662,k__Bacteria|p__Firmicutes|c__Clostridia|o__Lachnospirales|f__Lachnospiraceae|g__Lachnospiraceae_UCG-001|s__metagenome,1136,k__Bacteria|p__None|c__None|o__None|f__None|g__None|s__None,0.5
675,k__Bacteria|p__Firmicutes|c__Clostridia|o__Lachnospirales|f__Lachnospiraceae|g__Lachnospiraceae_UCG-010|s__None,694,k__Bacteria|p__Firmicutes|c__Clostridia|o__Lachnospirales|f__Lachnospiraceae|g__Roseburia|s__None,0.16666666666666666
675,k__Bacteria|p__Firmicutes|c__Clostridia|o__Lachnospirales|f__Lachnospiraceae|g__Lachnospiraceae_UCG-010|s__None,695,k__Bacteria|p__Firmicutes|c__Clostridia|o__Lachnospirales|f__Lachnospiraceae|g__Roseburia|s__gut_metagenome,0.25
675,k__Bacteria|p__Firmicutes|c__Clostridia|o__Lachnospirales|f__Lachnospiraceae|g__Lachnospiraceae_UCG-010|s__None,705,k__Bacteria|p__Firmicutes|c__Clostridia|o__Lachnospirales|f__Lachnospiraceae|g__Tuzzerella|s__None,0.16666666666666666
675,k__Bacteria|p__Firmicutes|c__Clostridia|o__Lachnospirales|f__Lachnospiraceae|g__Lachnospiraceae_UCG-010|s__None,709,k__Bacteria|p__Firmicutes|c__Clostridia|o__Lachnospirales|f__Lachnospiraceae|g__UC5-1-2E3|s__uncultured_organism,0.25
675,k__Bacteria|p__Firmicutes|c__Clostridia|o__Lachnospirales|f__Lachnospiraceae|g__Lachnospiraceae_UCG-010|s__None,711,k__Bacteria|p__Firmicutes|c__Clostridia|o__Lachnospirales|f__Lachnospiraceae|g__Eubacterium_eligens_group|s__None,0.16666666666666666
675,k__Bacteria|p__Firmicutes|c__Clostridia|o__Lachnospirales|f__Lachnospiraceae|g__Lachnospiraceae_UCG-010|s__None,712,k__Bacteria|p__Firmicutes|c__Clostridia|o__Lachnospirales|f__Lachnospiraceae|g__Eubacterium_fissicatena_group|s__None,0.16666666666666666
675,k__Bacteria|p__Firmicutes|c__Clostridia|o__Lachnospirales|f__Lachnospiraceae|g__Lachnospiraceae_UCG-010|s__None,717,k__Bacteria|p__Firmicutes|c__Clostridia|o__Lachnospirales|f__Lachnospiraceae|g__Eubacterium_hallii_group|s__None,0.16666666666666666
675,k__Bacteria|p__Firmicutes|c__Clostridia|o__Lachnospirales|f__Lachnospiraceae|g__Lachnospiraceae_UCG-010|s__None,722,k__Bacteria|p__Firmicutes|c__Clostridia|o__Lachnospirales|f__Lachnospiraceae|g__Eubacterium_ventriosum_group|s__uncultured_organism,0.25
675,k__Bacteria|p__Firmicutes|c__Clostridia|o__Lachnospirales|f__Lachnospiraceae|g__Lachnospiraceae_UCG-010|s__None,724,k__Bacteria|p__Firmicutes|c__Clostridia|o__Lachnospirales|f__Lachnospiraceae|g__Eubacterium_xylanophilum_group|s__None,0.16666666666666666
675,k__Bacteria|p__Firmicutes|c__Clostridia|o__Lachnospirales|f__Lachnospiraceae|g__Lachnospiraceae_UCG-010|s__None,730,k__Bacteria|p__Firmicutes|c__Clostridia|o__Lachnospirales|f__Lachnospiraceae|g__Ruminococcus_torques_group|s__None,0.16666666666666666
675,k__Bacteria|p__Firmicutes|c__Clostridia|o__Lachnospirales|f__Lachnospiraceae|g__Lachnospiraceae_UCG-010|s__None,732,k__Bacteria|p__Firmicutes|c__Clostridia|o__Lachnospirales|f__Lachnospiraceae|g__None|s__None,0.16666666666666666
675,k__Bacteria|p__Firmicutes|c__Clostridia|o__Lachnospirales|f__Lachnospiraceae|g__Lachnospiraceae_UCG-010|s__None,733,k__Bacteria|p__Firmicutes|c__Clostridia|o__Lachnospirales|f__Lachnospiraceae|g__uncultured|s__None,0.16666666666666666
675,k__Bacteria|p__Firmicutes|c__Clostridia|o__Lachnospirales|f__Lachnospiraceae|g__Lachnospiraceae_UCG-010|s__None,739,k__Bacteria|p__Firmicutes|c__Clostridia|o__Monoglobales|f__Monoglobaceae|g__Monoglobus|s__None,0.5
675,k__Bacteria|p__Firmicutes|c__Clostridia|o__Lachnospirales|f__Lachnospiraceae|g__Lachnospiraceae_UCG-010|s__None,759,k__Bacteria|p__Firmicutes|c__Clostridia|o__Oscillospirales|f__Oscillospiraceae|g__Colidextribacter|s__None,0.5
675,k__Bacteria|p__Firmicutes|c__Clostridia|o__Lachnospirales|f__Lachnospiraceae|g__Lachnospiraceae_UCG-010|s__None,767,k__Bacteria|p__Firmicutes|c__Clostridia|o__Oscillospirales|f__Oscillospiraceae|g__Flavonifractor|s__None,0.5
675,k__Bacteria|p__Firmicutes|c__Clostridia|o__Lachnospirales|f__Lachnospiraceae|g__Lachnospiraceae_UCG-010|s__None,769,k__Bacteria|p__Firmicutes|c__Clostridia|o__Oscillospirales|f__Oscillospiraceae|g__Intestinimonas|s__None,0.5
675,k__Bacteria|p__Firmicutes|c__Clostridia|o__Lachnospirales|f__Lachnospiraceae|g__Lachnospiraceae_UCG-010|s__None,770,k__Bacteria|p__Firmicutes|c__Clostridia|o__Oscillospirales|f__Oscillospiraceae|g__Intestinimonas|s__bacterium_P1C2,0.5833333333333334
675,k__Bacteria|p__Firmicutes|c__Clostridia|o__Lachnospirales|f__Lachnospiraceae|g__Lachnospiraceae_UCG-010|s__None,779,k__Bacteria|p__Firmicutes|c__Clostridia|o__Oscillospirales|f__Oscillospiraceae|g__Oscillibacter|s__None,0.5
675,k__Bacteria|p__Firmicutes|c__Clostridia|o__Lachnospirales|f__Lachnospiraceae|g__Lachnospiraceae_UCG-010|s__None,780,k__Bacteria|p__Firmicutes|c__Clostridia|o__Oscillospirales|f__Oscillospiraceae|g__Oscillibacter|s__metagenome,0.5833333333333334
675,k__Bacteria|p__Firmicutes|c__Clostridia|o__Lachnospirales|f__Lachnospiraceae|g__Lachnospiraceae_UCG-010|s__None,790,k__Bacteria|p__Firmicutes|c__Clostridia|o__Oscillospirales|f__Oscillospiraceae|g__UCG-002|s__None,0.5
675,k__Bacteria|p__Firmicutes|c__Clostridia|o__Lachnospirales|f__Lachnospiraceae|g__Lachnospiraceae_UCG-010|s__None,791,k__Bacteria|p__Firmicutes|c__Clostridia|o__Oscillospirales|f__Oscillospiraceae|g__UCG-003|s__None,0.5
675,k__Bacteria|p__Firmicutes|c__Clostridia|o__Lachnospirales|f__Lachnospiraceae|g__Lachnospiraceae_UCG-010|s__None,794,k__Bacteria|p__Firmicutes|c__Clostridia|o__Oscillospirales|f__Oscillospiraceae|g__UCG-005|s__metagenome,0.5833333333333334
675,k__Bacteria|p__Firmicutes|c__Clostridia|o__Lachnospirales|f__Lachnospiraceae|g__Lachnospiraceae_UCG-010|s__None,812,k__Bacteria|p__Firmicutes|c__Clostridia|o__Oscillospirales|f__Ruminococcaceae|g__Anaerofilum|s__metagenome,0.5833333333333334
675,k__Bacteria|p__Firmicutes|c__Clostridia|o__Lachnospirales|f__Lachnospiraceae|g__Lachnospiraceae_UCG-010|s__None,832,k__Bacteria|p__Firmicutes|c__Clostridia|o__Oscillospirales|f__Ruminococcaceae|g__DTU089|s__None,0.5
675,k__Bacteria|p__Firmicutes|c__Clostridia|o__Lachnospirales|f__Lachnospiraceae|g__Lachnospiraceae_UCG-010|s__None,833,k__Bacteria|p__Firmicutes|c__Clostridia|o__Oscillospirales|f__Ruminococcaceae|g__Faecalibacterium|s__None,0.5
675,k__Bacteria|p__Firmicutes|c__Clostridia|o__Lachnospirales|f__Lachnospiraceae|g__Lachnospiraceae_UCG-010|s__None,839,k__Bacteria|p__Firmicutes|c__Clostridia|o__Oscillospirales|f__Ruminococcaceae|g__Incertae_Sedis|s__metagenome,0.5833333333333334
675,k__Bacteria|p__Firmicutes|c__Clostridia|o__Lachnospirales|f__Lachnospiraceae|g__Lachnospiraceae_UCG-010|s__None,841,k__Bacteria|p__Firmicutes|c__Clostridia|o__Oscillospirales|f__Ruminococcaceae|g__Incertae_Sedis|s__None,0.5
675,k__Bacteria|p__Firmicutes|c__Clostridia|o__Lachnospirales|f__Lachnospiraceae|g__Lachnospiraceae_UCG-010|s__None,859,k__Bacteria|p__Firmicutes|c__Clostridia|o__Oscillospirales|f__Ruminococcaceae|g__Ruminococcus|s__None,0.5
675,k__Bacteria|p__Firmicutes|c__Clostridia|o__Lachnospirales|f__Lachnospiraceae|g__Lachnospiraceae_UCG-010|s__None,860,k__Bacteria|p__Firmicutes|c__Clostridia|o__Oscillospirales|f__Ruminococcaceae|g__Subdoligranulum|s__None,0.5
675,k__Bacteria|p__Firmicutes|c__Clostridia|o__Lachnospirales|f__Lachnospiraceae|g__Lachnospiraceae_UCG-010|s__None,863,k__Bacteria|p__Firmicutes|c__Clostridia|o__Oscillospirales|f__Ruminococcaceae|g__UBA1819|s__None,0.5
675,k__Bacteria|p__Firmicutes|c__Clostridia|o__Lachnospirales|f__Lachnospiraceae|g__Lachnospiraceae_UCG-010|s__None,865,k__Bacteria|p__Firmicutes|c__Clostridia|o__Oscillospirales|f__Ruminococcaceae|g__Eubacterium_siraeum_group|s__None,0.5
675,k__Bacteria|p__Firmicutes|c__Clostridia|o__Lachnospirales|f__Lachnospiraceae|g__Lachnospiraceae_UCG-010|s__None,869,k__Bacteria|p__Firmicutes|c__Clostridia|o__Oscillospirales|f__Ruminococcaceae|g__None|s__None,0.4166666666666667
675,k__Bacteria|p__Firmicutes|c__Clostridia|o__Lachnospirales|f__Lachnospiraceae|g__Lachnospiraceae_UCG-010|s__None,885,k__Bacteria|p__Firmicutes|c__Clostridia|o__Oscillospirales|f__Eubacterium_coprostanoligenes_group|g__None|s__None,0.4166666666666667
675,k__Bacteria|p__Firmicutes|c__Clostridia|o__Lachnospirales|f__Lachnospiraceae|g__Lachnospiraceae_UCG-010|s__None,905,k__Bacteria|p__Firmicutes|c__Clostridia|o__Peptostreptococcales-Tissierellales|f__Anaerovoracaceae|g__Family_XIII_AD3011_group|s__metagenome,0.5833333333333334
675,k__Bacteria|p__Firmicutes|c__Clostridia|o__Lachnospirales|f__Lachnospiraceae|g__Lachnospiraceae_UCG-010|s__None,925,k__Bacteria|p__Firmicutes|c__Clostridia|o__Peptostreptococcales-Tissierellales|f__Anaerovoracaceae|g__None|s__None,0.4166666666666667
675,k__Bacteria|p__Firmicutes|c__Clostridia|o__Lachnospirales|f__Lachnospiraceae|g__Lachnospiraceae_UCG-010|s__None,943,k__Bacteria|p__Firmicutes|c__Clostridia|o__Peptostreptococcales-Tissierellales|f__Peptostreptococcaceae|g__Intestinibacter|s__None,0.5
675,k__Bacteria|p__Firmicutes|c__Clostridia|o__Lachnospirales|f__Lachnospiraceae|g__Lachnospiraceae_UCG-010|s__None,951,k__Bacteria|p__Firmicutes|c__Clostridia|o__Peptostreptococcales-Tissierellales|f__Peptostreptococcaceae|g__Romboutsia|s__None,0.5
675,k__Bacteria|p__Firmicutes|c__Clostridia|o__Lachnospirales|f__Lachnospiraceae|g__Lachnospiraceae_UCG-010|s__None,956,k__Bacteria|p__Firmicutes|c__Clostridia|o__None|f__None|g__None|s__None,0.25
675,k__Bacteria|p__Firmicutes|c__Clostridia|o__Lachnospirales|f__Lachnospiraceae|g__Lachnospiraceae_UCG-010|s__None,966,k__Bacteria|p__Firmicutes|c__Negativicutes|o__Acidaminococcales|f__Acidaminococcaceae|g__Acidaminococcus|s__None,0.6666666666666666
675,k__Bacteria|p__Firmicutes|c__Clostridia|o__Lachnospirales|f__Lachnospiraceae|g__Lachnospiraceae_UCG-010|s__None,967,k__Bacteria|p__Firmicutes|c__Negativicutes|o__Acidaminococcales|f__Acidaminococcaceae|g__Phascolarctobacterium|s__None,0.6666666666666666
675,k__Bacteria|p__Firmicutes|c__Clostridia|o__Lachnospirales|f__Lachnospiraceae|g__Lachnospiraceae_UCG-010|s__None,986,k__Bacteria|p__Firmicutes|c__Negativicutes|o__Veillonellales-Selenomonadales|f__Veillonellaceae|g__Dialister|s__None,0.6666666666666666
675,k__Bacteria|p__Firmicutes|c__Clostridia|o__Lachnospirales|f__Lachnospiraceae|g__Lachnospiraceae_UCG-010|s__None,992,k__Bacteria|p__Firmicutes|c__Negativicutes|o__Veillonellales-Selenomonadales|f__Veillonellaceae|g__Veillonella|s__None,0.6666666666666666
675,k__Bacteria|p__Firmicutes|c__Clostridia|o__Lachnospirales|f__Lachnospiraceae|g__Lachnospiraceae_UCG-010|s__None,1055,k__Bacteria|p__Proteobacteria|c__Gammaproteobacteria|o__Burkholderiales|f__Sutterellaceae|g__Parasutterella|s__None,0.8333333333333334
675,k__Bacteria|p__Firmicutes|c__Clostridia|o__Lachnospirales|f__Lachnospiraceae|g__Lachnospiraceae_UCG-010|s__None,1069,k__Bacteria|p__Proteobacteria|c__Gammaproteobacteria|o__Enterobacterales|f__Enterobacteriaceae|g__Escherichia-Shigella|s__None,0.8333333333333334
675,k__Bacteria|p__Firmicutes|c__Clostridia|o__Lachnospirales|f__Lachnospiraceae|g__Lachnospiraceae_UCG-010|s__None,1089,k__Bacteria|p__Proteobacteria|c__Gammaproteobacteria|o__Pseudomonadales|f__Pseudomonadaceae|g__Pseudomonas|s__None,0.8333333333333334
675,k__Bacteria|p__Firmicutes|c__Clostridia|o__Lachnospirales|f__Lachnospiraceae|g__Lachnospiraceae_UCG-010|s__None,1132,k__Bacteria|p__Verrucomicrobiota|c__Verrucomicrobiae|o__Verrucomicrobiales|f__Akkermansiaceae|g__Akkermansia|s__None,0.8333333333333334
675,k__Bacteria|p__Firmicutes|c__Clostridia|o__Lachnospirales|f__Lachnospiraceae|g__Lachnospiraceae_UCG-010|s__None,1136,k__Bacteria|p__None|c__None|o__None|f__None|g__None|s__None,0.4166666666666667
694,k__Bacteria|p__Firmicutes|c__Clostridia|o__Lachnospirales|f__Lachnospiraceae|g__Roseburia|s__None,695,k__Bacteria|p__Firmicutes|c__Clostridia|o__Lachnospirales|f__Lachnospiraceae|g__Roseburia|s__gut_metagenome,0.08333333333333333
694,k__Bacteria|p__Firmicutes|c__Clostridia|o__Lachnospirales|f__Lachnospiraceae|g__Roseburia|s__None,705,k__Bacteria|p__Firmicutes|c__Clostridia|o__Lachnospirales|f__Lachnospiraceae|g__Tuzzerella|s__None,0.16666666666666666
694,k__Bacteria|p__Firmicutes|c__Clostridia|o__Lachnospirales|f__Lachnospiraceae|g__Roseburia|s__None,709,k__Bacteria|p__Firmicutes|c__Clostridia|o__Lachnospirales|f__Lachnospiraceae|g__UC5-1-2E3|s__uncultured_organism,0.25
694,k__Bacteria|p__Firmicutes|c__Clostridia|o__Lachnospirales|f__Lachnospiraceae|g__Roseburia|s__None,711,k__Bacteria|p__Firmicutes|c__Clostridia|o__Lachnospirales|f__Lachnospiraceae|g__Eubacterium_eligens_group|s__None,0.16666666666666666
694,k__Bacteria|p__Firmicutes|c__Clostridia|o__Lachnospirales|f__Lachnospiraceae|g__Roseburia|s__None,712,k__Bacteria|p__Firmicutes|c__Clostridia|o__Lachnospirales|f__Lachnospiraceae|g__Eubacterium_fissicatena_group|s__None,0.16666666666666666
694,k__Bacteria|p__Firmicutes|c__Clostridia|o__Lachnospirales|f__Lachnospiraceae|g__Roseburia|s__None,717,k__Bacteria|p__Firmicutes|c__Clostridia|o__Lachnospirales|f__Lachnospiraceae|g__Eubacterium_hallii_group|s__None,0.16666666666666666
694,k__Bacteria|p__Firmicutes|c__Clostridia|o__Lachnospirales|f__Lachnospiraceae|g__Roseburia|s__None,722,k__Bacteria|p__Firmicutes|c__Clostridia|o__Lachnospirales|f__Lachnospiraceae|g__Eubacterium_ventriosum_group|s__uncultured_organism,0.25
694,k__Bacteria|p__Firmicutes|c__Clostridia|o__Lachnospirales|f__Lachnospiraceae|g__Roseburia|s__None,724,k__Bacteria|p__Firmicutes|c__Clostridia|o__Lachnospirales|f__Lachnospiraceae|g__Eubacterium_xylanophilum_group|s__None,0.16666666666666666
694,k__Bacteria|p__Firmicutes|c__Clostridia|o__Lachnospirales|f__Lachnospiraceae|g__Roseburia|s__None,730,k__Bacteria|p__Firmicutes|c__Clostridia|o__Lachnospirales|f__Lachnospiraceae|g__Ruminococcus_torques_group|s__None,0.16666666666666666
694,k__Bacteria|p__Firmicutes|c__Clostridia|o__Lachnospirales|f__Lachnospiraceae|g__Roseburia|s__None,732,k__Bacteria|p__Firmicutes|c__Clostridia|o__Lachnospirales|f__Lachnospiraceae|g__None|s__None,0.16666666666666666
694,k__Bacteria|p__Firmicutes|c__Clostridia|o__Lachnospirales|f__Lachnospiraceae|g__Roseburia|s__None,733,k__Bacteria|p__Firmicutes|c__Clostridia|o__Lachnospirales|f__Lachnospiraceae|g__uncultured|s__None,0.16666666666666666
694,k__Bacteria|p__Firmicutes|c__Clostridia|o__Lachnospirales|f__Lachnospiraceae|g__Roseburia|s__None,739,k__Bacteria|p__Firmicutes|c__Clostridia|o__Monoglobales|f__Monoglobaceae|g__Monoglobus|s__None,0.5
694,k__Bacteria|p__Firmicutes|c__Clostridia|o__Lachnospirales|f__Lachnospiraceae|g__Roseburia|s__None,759,k__Bacteria|p__Firmicutes|c__Clostridia|o__Oscillospirales|f__Oscillospiraceae|g__Colidextribacter|s__None,0.5
694,k__Bacteria|p__Firmicutes|c__Clostridia|o__Lachnospirales|f__Lachnospiraceae|g__Roseburia|s__None,767,k__Bacteria|p__Firmicutes|c__Clostridia|o__Oscillospirales|f__Oscillospiraceae|g__Flavonifractor|s__None,0.5
694,k__Bacteria|p__Firmicutes|c__Clostridia|o__Lachnospirales|f__Lachnospiraceae|g__Roseburia|s__None,769,k__Bacteria|p__Firmicutes|c__Clostridia|o__Oscillospirales|f__Oscillospiraceae|g__Intestinimonas|s__None,0.5
694,k__Bacteria|p__Firmicutes|c__Clostridia|o__Lachnospirales|f__Lachnospiraceae|g__Roseburia|s__None,770,k__Bacteria|p__Firmicutes|c__Clostridia|o__Oscillospirales|f__Oscillospiraceae|g__Intestinimonas|s__bacterium_P1C2,0.5833333333333334
694,k__Bacteria|p__Firmicutes|c__Clostridia|o__Lachnospirales|f__Lachnospiraceae|g__Roseburia|s__None,779,k__Bacteria|p__Firmicutes|c__Clostridia|o__Oscillospirales|f__Oscillospiraceae|g__Oscillibacter|s__None,0.5
694,k__Bacteria|p__Firmicutes|c__Clostridia|o__Lachnospirales|f__Lachnospiraceae|g__Roseburia|s__None,780,k__Bacteria|p__Firmicutes|c__Clostridia|o__Oscillospirales|f__Oscillospiraceae|g__Oscillibacter|s__metagenome,0.5833333333333334
694,k__Bacteria|p__Firmicutes|c__Clostridia|o__Lachnospirales|f__Lachnospiraceae|g__Roseburia|s__None,790,k__Bacteria|p__Firmicutes|c__Clostridia|o__Oscillospirales|f__Oscillospiraceae|g__UCG-002|s__None,0.5
694,k__Bacteria|p__Firmicutes|c__Clostridia|o__Lachnospirales|f__Lachnospiraceae|g__Roseburia|s__None,791,k__Bacteria|p__Firmicutes|c__Clostridia|o__Oscillospirales|f__Oscillospiraceae|g__UCG-003|s__None,0.5
694,k__Bacteria|p__Firmicutes|c__Clostridia|o__Lachnospirales|f__Lachnospiraceae|g__Roseburia|s__None,794,k__Bacteria|p__Firmicutes|c__Clostridia|o__Oscillospirales|f__Oscillospiraceae|g__UCG-005|s__metagenome,0.5833333333333334
694,k__Bacteria|p__Firmicutes|c__Clostridia|o__Lachnospirales|f__Lachnospiraceae|g__Roseburia|s__None,812,k__Bacteria|p__Firmicutes|c__Clostridia|o__Oscillospirales|f__Ruminococcaceae|g__Anaerofilum|s__metagenome,0.5833333333333334
694,k__Bacteria|p__Firmicutes|c__Clostridia|o__Lachnospirales|f__Lachnospiraceae|g__Roseburia|s__None,832,k__Bacteria|p__Firmicutes|c__Clostridia|o__Oscillospirales|f__Ruminococcaceae|g__DTU089|s__None,0.5
694,k__Bacteria|p__Firmicutes|c__Clostridia|o__Lachnospirales|f__Lachnospiraceae|g__Roseburia|s__None,833,k__Bacteria|p__Firmicutes|c__Clostridia|o__Oscillospirales|f__Ruminococcaceae|g__Faecalibacterium|s__None,0.5
694,k__Bacteria|p__Firmicutes|c__Clostridia|o__Lachnospirales|f__Lachnospiraceae|g__Roseburia|s__None,839,k__Bacteria|p__Firmicutes|c__Clostridia|o__Oscillospirales|f__Ruminococcaceae|g__Incertae_Sedis|s__metagenome,0.5833333333333334
694,k__Bacteria|p__Firmicutes|c__Clostridia|o__Lachnospirales|f__Lachnospiraceae|g__Roseburia|s__None,841,k__Bacteria|p__Firmicutes|c__Clostridia|o__Oscillospirales|f__Ruminococcaceae|g__Incertae_Sedis|s__None,0.5
694,k__Bacteria|p__Firmicutes|c__Clostridia|o__Lachnospirales|f__Lachnospiraceae|g__Roseburia|s__None,859,k__Bacteria|p__Firmicutes|c__Clostridia|o__Oscillospirales|f__Ruminococcaceae|g__Ruminococcus|s__None,0.5
694,k__Bacteria|p__Firmicutes|c__Clostridia|o__Lachnospirales|f__Lachnospiraceae|g__Roseburia|s__None,860,k__Bacteria|p__Firmicutes|c__Clostridia|o__Oscillospirales|f__Ruminococcaceae|g__Subdoligranulum|s__None,0.5
694,k__Bacteria|p__Firmicutes|c__Clostridia|o__Lachnospirales|f__Lachnospiraceae|g__Roseburia|s__None,863,k__Bacteria|p__Firmicutes|c__Clostridia|o__Oscillospirales|f__Ruminococcaceae|g__UBA1819|s__None,0.5
694,k__Bacteria|p__Firmicutes|c__Clostridia|o__Lachnospirales|f__Lachnospiraceae|g__Roseburia|s__None,865,k__Bacteria|p__Firmicutes|c__Clostridia|o__Oscillospirales|f__Ruminococcaceae|g__Eubacterium_siraeum_group|s__None,0.5
694,k__Bacteria|p__Firmicutes|c__Clostridia|o__Lachnospirales|f__Lachnospiraceae|g__Roseburia|s__None,869,k__Bacteria|p__Firmicutes|c__Clostridia|o__Oscillospirales|f__Ruminococcaceae|g__None|s__None,0.4166666666666667
694,k__Bacteria|p__Firmicutes|c__Clostridia|o__Lachnospirales|f__Lachnospiraceae|g__Roseburia|s__None,885,k__Bacteria|p__Firmicutes|c__Clostridia|o__Oscillospirales|f__Eubacterium_coprostanoligenes_group|g__None|s__None,0.4166666666666667
694,k__Bacteria|p__Firmicutes|c__Clostridia|o__Lachnospirales|f__Lachnospiraceae|g__Roseburia|s__None,905,k__Bacteria|p__Firmicutes|c__Clostridia|o__Peptostreptococcales-Tissierellales|f__Anaerovoracaceae|g__Family_XIII_AD3011_group|s__metagenome,0.5833333333333334
694,k__Bacteria|p__Firmicutes|c__Clostridia|o__Lachnospirales|f__Lachnospiraceae|g__Roseburia|s__None,925,k__Bacteria|p__Firmicutes|c__Clostridia|o__Peptostreptococcales-Tissierellales|f__Anaerovoracaceae|g__None|s__None,0.4166666666666667
694,k__Bacteria|p__Firmicutes|c__Clostridia|o__Lachnospirales|f__Lachnospiraceae|g__Roseburia|s__None,943,k__Bacteria|p__Firmicutes|c__Clostridia|o__Peptostreptococcales-Tissierellales|f__Peptostreptococcaceae|g__Intestinibacter|s__None,0.5
694,k__Bacteria|p__Firmicutes|c__Clostridia|o__Lachnospirales|f__Lachnospiraceae|g__Roseburia|s__None,951,k__Bacteria|p__Firmicutes|c__Clostridia|o__Peptostreptococcales-Tissierellales|f__Peptostreptococcaceae|g__Romboutsia|s__None,0.5
694,k__Bacteria|p__Firmicutes|c__Clostridia|o__Lachnospirales|f__Lachnospiraceae|g__Roseburia|s__None,956,k__Bacteria|p__Firmicutes|c__Clostridia|o__None|f__None|g__None|s__None,0.25
694,k__Bacteria|p__Firmicutes|c__Clostridia|o__Lachnospirales|f__Lachnospiraceae|g__Roseburia|s__None,966,k__Bacteria|p__Firmicutes|c__Negativicutes|o__Acidaminococcales|f__Acidaminococcaceae|g__Acidaminococcus|s__None,0.6666666666666666
694,k__Bacteria|p__Firmicutes|c__Clostridia|o__Lachnospirales|f__Lachnospiraceae|g__Roseburia|s__None,967,k__Bacteria|p__Firmicutes|c__Negativicutes|o__Acidaminococcales|f__Acidaminococcaceae|g__Phascolarctobacterium|s__None,0.6666666666666666
694,k__Bacteria|p__Firmicutes|c__Clostridia|o__Lachnospirales|f__Lachnospiraceae|g__Roseburia|s__None,986,k__Bacteria|p__Firmicutes|c__Negativicutes|o__Veillonellales-Selenomonadales|f__Veillonellaceae|g__Dialister|s__None,0.6666666666666666
694,k__Bacteria|p__Firmicutes|c__Clostridia|o__Lachnospirales|f__Lachnospiraceae|g__Roseburia|s__None,992,k__Bacteria|p__Firmicutes|c__Negativicutes|o__Veillonellales-Selenomonadales|f__Veillonellaceae|g__Veillonella|s__None,0.6666666666666666
694,k__Bacteria|p__Firmicutes|c__Clostridia|o__Lachnospirales|f__Lachnospiraceae|g__Roseburia|s__None,1055,k__Bacteria|p__Proteobacteria|c__Gammaproteobacteria|o__Burkholderiales|f__Sutterellaceae|g__Parasutterella|s__None,0.8333333333333334
694,k__Bacteria|p__Firmicutes|c__Clostridia|o__Lachnospirales|f__Lachnospiraceae|g__Roseburia|s__None,1069,k__Bacteria|p__Proteobacteria|c__Gammaproteobacteria|o__Enterobacterales|f__Enterobacteriaceae|g__Escherichia-Shigella|s__None,0.8333333333333334
694,k__Bacteria|p__Firmicutes|c__Clostridia|o__Lachnospirales|f__Lachnospiraceae|g__Roseburia|s__None,1089,k__Bacteria|p__Proteobacteria|c__Gammaproteobacteria|o__Pseudomonadales|f__Pseudomonadaceae|g__Pseudomonas|s__None,0.8333333333333334
694,k__Bacteria|p__Firmicutes|c__Clostridia|o__Lachnospirales|f__Lachnospiraceae|g__Roseburia|s__None,1132,k__Bacteria|p__Verrucomicrobiota|c__Verrucomicrobiae|o__Verrucomicrobiales|f__Akkermansiaceae|g__Akkermansia|s__None,0.8333333333333334
694,k__Bacteria|p__Firmicutes|c__Clostridia|o__Lachnospirales|f__Lachnospiraceae|g__Roseburia|s__None,1136,k__Bacteria|p__None|c__None|o__None|f__None|g__None|s__None,0.4166666666666667
695,k__Bacteria|p__Firmicutes|c__Clostridia|o__Lachnospirales|f__Lachnospiraceae|g__Roseburia|s__gut_metagenome,705,k__Bacteria|p__Firmicutes|c__Clostridia|o__Lachnospirales|f__Lachnospiraceae|g__Tuzzerella|s__None,0.25
695,k__Bacteria|p__Firmicutes|c__Clostridia|o__Lachnospirales|f__Lachnospiraceae|g__Roseburia|s__gut_metagenome,709,k__Bacteria|p__Firmicutes|c__Clostridia|o__Lachnospirales|f__Lachnospiraceae|g__UC5-1-2E3|s__uncultured_organism,0.3333333333333333
695,k__Bacteria|p__Firmicutes|c__Clostridia|o__Lachnospirales|f__Lachnospiraceae|g__Roseburia|s__gut_metagenome,711,k__Bacteria|p__Firmicutes|c__Clostridia|o__Lachnospirales|f__Lachnospiraceae|g__Eubacterium_eligens_group|s__None,0.25
695,k__Bacteria|p__Firmicutes|c__Clostridia|o__Lachnospirales|f__Lachnospiraceae|g__Roseburia|s__gut_metagenome,712,k__Bacteria|p__Firmicutes|c__Clostridia|o__Lachnospirales|f__Lachnospiraceae|g__Eubacterium_fissicatena_group|s__None,0.25
695,k__Bacteria|p__Firmicutes|c__Clostridia|o__Lachnospirales|f__Lachnospiraceae|g__Roseburia|s__gut_metagenome,717,k__Bacteria|p__Firmicutes|c__Clostridia|o__Lachnospirales|f__Lachnospiraceae|g__Eubacterium_hallii_group|s__None,0.25
695,k__Bacteria|p__Firmicutes|c__Clostridia|o__Lachnospirales|f__Lachnospiraceae|g__Roseburia|s__gut_metagenome,722,k__Bacteria|p__Firmicutes|c__Clostridia|o__Lachnospirales|f__Lachnospiraceae|g__Eubacterium_ventriosum_group|s__uncultured_organism,0.3333333333333333
695,k__Bacteria|p__Firmicutes|c__Clostridia|o__Lachnospirales|f__Lachnospiraceae|g__Roseburia|s__gut_metagenome,724,k__Bacteria|p__Firmicutes|c__Clostridia|o__Lachnospirales|f__Lachnospiraceae|g__Eubacterium_xylanophilum_group|s__None,0.25
695,k__Bacteria|p__Firmicutes|c__Clostridia|o__Lachnospirales|f__Lachnospiraceae|g__Roseburia|s__gut_metagenome,730,k__Bacteria|p__Firmicutes|c__Clostridia|o__Lachnospirales|f__Lachnospiraceae|g__Ruminococcus_torques_group|s__None,0.25
695,k__Bacteria|p__Firmicutes|c__Clostridia|o__Lachnospirales|f__Lachnospiraceae|g__Roseburia|s__gut_metagenome,732,k__Bacteria|p__Firmicutes|c__Clostridia|o__Lachnospirales|f__Lachnospiraceae|g__None|s__None,0.25
695,k__Bacteria|p__Firmicutes|c__Clostridia|o__Lachnospirales|f__Lachnospiraceae|g__Roseburia|s__gut_metagenome,733,k__Bacteria|p__Firmicutes|c__Clostridia|o__Lachnospirales|f__Lachnospiraceae|g__uncultured|s__None,0.25
695,k__Bacteria|p__Firmicutes|c__Clostridia|o__Lachnospirales|f__Lachnospiraceae|g__Roseburia|s__gut_metagenome,739,k__Bacteria|p__Firmicutes|c__Clostridia|o__Monoglobales|f__Monoglobaceae|g__Monoglobus|s__None,0.5833333333333334
695,k__Bacteria|p__Firmicutes|c__Clostridia|o__Lachnospirales|f__Lachnospiraceae|g__Roseburia|s__gut_metagenome,759,k__Bacteria|p__Firmicutes|c__Clostridia|o__Oscillospirales|f__Oscillospiraceae|g__Colidextribacter|s__None,0.5833333333333334
695,k__Bacteria|p__Firmicutes|c__Clostridia|o__Lachnospirales|f__Lachnospiraceae|g__Roseburia|s__gut_metagenome,767,k__Bacteria|p__Firmicutes|c__Clostridia|o__Oscillospirales|f__Oscillospiraceae|g__Flavonifractor|s__None,0.5833333333333334
695,k__Bacteria|p__Firmicutes|c__Clostridia|o__Lachnospirales|f__Lachnospiraceae|g__Roseburia|s__gut_metagenome,769,k__Bacteria|p__Firmicutes|c__Clostridia|o__Oscillospirales|f__Oscillospiraceae|g__Intestinimonas|s__None,0.5833333333333334
695,k__Bacteria|p__Firmicutes|c__Clostridia|o__Lachnospirales|f__Lachnospiraceae|g__Roseburia|s__gut_metagenome,770,k__Bacteria|p__Firmicutes|c__Clostridia|o__Oscillospirales|f__Oscillospiraceae|g__Intestinimonas|s__bacterium_P1C2,0.6666666666666666
695,k__Bacteria|p__Firmicutes|c__Clostridia|o__Lachnospirales|f__Lachnospiraceae|g__Roseburia|s__gut_metagenome,779,k__Bacteria|p__Firmicutes|c__Clostridia|o__Oscillospirales|f__Oscillospiraceae|g__Oscillibacter|s__None,0.5833333333333334
695,k__Bacteria|p__Firmicutes|c__Clostridia|o__Lachnospirales|f__Lachnospiraceae|g__Roseburia|s__gut_metagenome,780,k__Bacteria|p__Firmicutes|c__Clostridia|o__Oscillospirales|f__Oscillospiraceae|g__Oscillibacter|s__metagenome,0.6666666666666666
695,k__Bacteria|p__Firmicutes|c__Clostridia|o__Lachnospirales|f__Lachnospiraceae|g__Roseburia|s__gut_metagenome,790,k__Bacteria|p__Firmicutes|c__Clostridia|o__Oscillospirales|f__Oscillospiraceae|g__UCG-002|s__None,0.5833333333333334
695,k__Bacteria|p__Firmicutes|c__Clostridia|o__Lachnospirales|f__Lachnospiraceae|g__Roseburia|s__gut_metagenome,791,k__Bacteria|p__Firmicutes|c__Clostridia|o__Oscillospirales|f__Oscillospiraceae|g__UCG-003|s__None,0.5833333333333334
695,k__Bacteria|p__Firmicutes|c__Clostridia|o__Lachnospirales|f__Lachnospiraceae|g__Roseburia|s__gut_metagenome,794,k__Bacteria|p__Firmicutes|c__Clostridia|o__Oscillospirales|f__Oscillospiraceae|g__UCG-005|s__metagenome,0.6666666666666666
695,k__Bacteria|p__Firmicutes|c__Clostridia|o__Lachnospirales|f__Lachnospiraceae|g__Roseburia|s__gut_metagenome,812,k__Bacteria|p__Firmicutes|c__Clostridia|o__Oscillospirales|f__Ruminococcaceae|g__Anaerofilum|s__metagenome,0.6666666666666666
695,k__Bacteria|p__Firmicutes|c__Clostridia|o__Lachnospirales|f__Lachnospiraceae|g__Roseburia|s__gut_metagenome,832,k__Bacteria|p__Firmicutes|c__Clostridia|o__Oscillospirales|f__Ruminococcaceae|g__DTU089|s__None,0.5833333333333334
695,k__Bacteria|p__Firmicutes|c__Clostridia|o__Lachnospirales|f__Lachnospiraceae|g__Roseburia|s__gut_metagenome,833,k__Bacteria|p__Firmicutes|c__Clostridia|o__Oscillospirales|f__Ruminococcaceae|g__Faecalibacterium|s__None,0.5833333333333334
695,k__Bacteria|p__Firmicutes|c__Clostridia|o__Lachnospirales|f__Lachnospiraceae|g__Roseburia|s__gut_metagenome,839,k__Bacteria|p__Firmicutes|c__Clostridia|o__Oscillospirales|f__Ruminococcaceae|g__Incertae_Sedis|s__metagenome,0.6666666666666666
695,k__Bacteria|p__Firmicutes|c__Clostridia|o__Lachnospirales|f__Lachnospiraceae|g__Roseburia|s__gut_metagenome,841,k__Bacteria|p__Firmicutes|c__Clostridia|o__Oscillospirales|f__Ruminococcaceae|g__Incertae_Sedis|s__None,0.5833333333333334
695,k__Bacteria|p__Firmicutes|c__Clostridia|o__Lachnospirales|f__Lachnospiraceae|g__Roseburia|s__gut_metagenome,859,k__Bacteria|p__Firmicutes|c__Clostridia|o__Oscillospirales|f__Ruminococcaceae|g__Ruminococcus|s__None,0.5833333333333334
695,k__Bacteria|p__Firmicutes|c__Clostridia|o__Lachnospirales|f__Lachnospiraceae|g__Roseburia|s__gut_metagenome,860,k__Bacteria|p__Firmicutes|c__Clostridia|o__Oscillospirales|f__Ruminococcaceae|g__Subdoligranulum|s__None,0.5833333333333334
695,k__Bacteria|p__Firmicutes|c__Clostridia|o__Lachnospirales|f__Lachnospiraceae|g__Roseburia|s__gut_metagenome,863,k__Bacteria|p__Firmicutes|c__Clostridia|o__Oscillospirales|f__Ruminococcaceae|g__UBA1819|s__None,0.5833333333333334
695,k__Bacteria|p__Firmicutes|c__Clostridia|o__Lachnospirales|f__Lachnospiraceae|g__Roseburia|s__gut_metagenome,865,k__Bacteria|p__Firmicutes|c__Clostridia|o__Oscillospirales|f__Ruminococcaceae|g__Eubacterium_siraeum_group|s__None,0.5833333333333334
695,k__Bacteria|p__Firmicutes|c__Clostridia|o__Lachnospirales|f__Lachnospiraceae|g__Roseburia|s__gut_metagenome,869,k__Bacteria|p__Firmicutes|c__Clostridia|o__Oscillospirales|f__Ruminococcaceae|g__None|s__None,0.5
695,k__Bacteria|p__Firmicutes|c__Clostridia|o__Lachnospirales|f__Lachnospiraceae|g__Roseburia|s__gut_metagenome,885,k__Bacteria|p__Firmicutes|c__Clostridia|o__Oscillospirales|f__Eubacterium_coprostanoligenes_group|g__None|s__None,0.5
695,k__Bacteria|p__Firmicutes|c__Clostridia|o__Lachnospirales|f__Lachnospiraceae|g__Roseburia|s__gut_metagenome,905,k__Bacteria|p__Firmicutes|c__Clostridia|o__Peptostreptococcales-Tissierellales|f__Anaerovoracaceae|g__Family_XIII_AD3011_group|s__metagenome,0.6666666666666666
695,k__Bacteria|p__Firmicutes|c__Clostridia|o__Lachnospirales|f__Lachnospiraceae|g__Roseburia|s__gut_metagenome,925,k__Bacteria|p__Firmicutes|c__Clostridia|o__Peptostreptococcales-Tissierellales|f__Anaerovoracaceae|g__None|s__None,0.5
695,k__Bacteria|p__Firmicutes|c__Clostridia|o__Lachnospirales|f__Lachnospiraceae|g__Roseburia|s__gut_metagenome,943,k__Bacteria|p__Firmicutes|c__Clostridia|o__Peptostreptococcales-Tissierellales|f__Peptostreptococcaceae|g__Intestinibacter|s__None,0.5833333333333334
695,k__Bacteria|p__Firmicutes|c__Clostridia|o__Lachnospirales|f__Lachnospiraceae|g__Roseburia|s__gut_metagenome,951,k__Bacteria|p__Firmicutes|c__Clostridia|o__Peptostreptococcales-Tissierellales|f__Peptostreptococcaceae|g__Romboutsia|s__None,0.5833333333333334
695,k__Bacteria|p__Firmicutes|c__Clostridia|o__Lachnospirales|f__Lachnospiraceae|g__Roseburia|s__gut_metagenome,956,k__Bacteria|p__Firmicutes|c__Clostridia|o__None|f__None|g__None|s__None,0.3333333333333333
695,k__Bacteria|p__Firmicutes|c__Clostridia|o__Lachnospirales|f__Lachnospiraceae|g__Roseburia|s__gut_metagenome,966,k__Bacteria|p__Firmicutes|c__Negativicutes|o__Acidaminococcales|f__Acidaminococcaceae|g__Acidaminococcus|s__None,0.75
695,k__Bacteria|p__Firmicutes|c__Clostridia|o__Lachnospirales|f__Lachnospiraceae|g__Roseburia|s__gut_metagenome,967,k__Bacteria|p__Firmicutes|c__Negativicutes|o__Acidaminococcales|f__Acidaminococcaceae|g__Phascolarctobacterium|s__None,0.75
695,k__Bacteria|p__Firmicutes|c__Clostridia|o__Lachnospirales|f__Lachnospiraceae|g__Roseburia|s__gut_metagenome,986,k__Bacteria|p__Firmicutes|c__Negativicutes|o__Veillonellales-Selenomonadales|f__Veillonellaceae|g__Dialister|s__None,0.75
695,k__Bacteria|p__Firmicutes|c__Clostridia|o__Lachnospirales|f__Lachnospiraceae|g__Roseburia|s__gut_metagenome,992,k__Bacteria|p__Firmicutes|c__Negativicutes|o__Veillonellales-Selenomonadales|f__Veillonellaceae|g__Veillonella|s__None,0.75
695,k__Bacteria|p__Firmicutes|c__Clostridia|o__Lachnospirales|f__Lachnospiraceae|g__Roseburia|s__gut_metagenome,1055,k__Bacteria|p__Proteobacteria|c__Gammaproteobacteria|o__Burkholderiales|f__Sutterellaceae|g__Parasutterella|s__None,0.9166666666666666
695,k__Bacteria|p__Firmicutes|c__Clostridia|o__Lachnospirales|f__Lachnospiraceae|g__Roseburia|s__gut_metagenome,1069,k__Bacteria|p__Proteobacteria|c__Gammaproteobacteria|o__Enterobacterales|f__Enterobacteriaceae|g__Escherichia-Shigella|s__None,0.9166666666666666
695,k__Bacteria|p__Firmicutes|c__Clostridia|o__Lachnospirales|f__Lachnospiraceae|g__Roseburia|s__gut_metagenome,1089,k__Bacteria|p__Proteobacteria|c__Gammaproteobacteria|o__Pseudomonadales|f__Pseudomonadaceae|g__Pseudomonas|s__None,0.9166666666666666
695,k__Bacteria|p__Firmicutes|c__Clostridia|o__Lachnospirales|f__Lachnospiraceae|g__Roseburia|s__gut_metagenome,1132,k__Bacteria|p__Verrucomicrobiota|c__Verrucomicrobiae|o__Verrucomicrobiales|f__Akkermansiaceae|g__Akkermansia|s__None,0.9166666666666666
695,k__Bacteria|p__Firmicutes|c__Clostridia|o__Lachnospirales|f__Lachnospiraceae|g__Roseburia|s__gut_metagenome,1136,k__Bacteria|p__None|c__None|o__None|f__None|g__None|s__None,0.5
705,k__Bacteria|p__Firmicutes|c__Clostridia|o__Lachnospirales|f__Lachnospiraceae|g__Tuzzerella|s__None,709,k__Bacteria|p__Firmicutes|c__Clostridia|o__Lachnospirales|f__Lachnospiraceae|g__UC5-1-2E3|s__uncultured_organism,0.25
705,k__Bacteria|p__Firmicutes|c__Clostridia|o__Lachnospirales|f__Lachnospiraceae|g__Tuzzerella|s__None,711,k__Bacteria|p__Firmicutes|c__Clostridia|o__Lachnospirales|f__Lachnospiraceae|g__Eubacterium_eligens_group|s__None,0.16666666666666666
705,k__Bacteria|p__Firmicutes|c__Clostridia|o__Lachnospirales|f__Lachnospiraceae|g__Tuzzerella|s__None,712,k__Bacteria|p__Firmicutes|c__Clostridia|o__Lachnospirales|f__Lachnospiraceae|g__Eubacterium_fissicatena_group|s__None,0.16666666666666666
705,k__Bacteria|p__Firmicutes|c__Clostridia|o__Lachnospirales|f__Lachnospiraceae|g__Tuzzerella|s__None,717,k__Bacteria|p__Firmicutes|c__Clostridia|o__Lachnospirales|f__Lachnospiraceae|g__Eubacterium_hallii_group|s__None,0.16666666666666666
705,k__Bacteria|p__Firmicutes|c__Clostridia|o__Lachnospirales|f__Lachnospiraceae|g__Tuzzerella|s__None,722,k__Bacteria|p__Firmicutes|c__Clostridia|o__Lachnospirales|f__Lachnospiraceae|g__Eubacterium_ventriosum_group|s__uncultured_organism,0.25
705,k__Bacteria|p__Firmicutes|c__Clostridia|o__Lachnospirales|f__Lachnospiraceae|g__Tuzzerella|s__None,724,k__Bacteria|p__Firmicutes|c__Clostridia|o__Lachnospirales|f__Lachnospiraceae|g__Eubacterium_xylanophilum_group|s__None,0.16666666666666666
705,k__Bacteria|p__Firmicutes|c__Clostridia|o__Lachnospirales|f__Lachnospiraceae|g__Tuzzerella|s__None,730,k__Bacteria|p__Firmicutes|c__Clostridia|o__Lachnospirales|f__Lachnospiraceae|g__Ruminococcus_torques_group|s__None,0.16666666666666666
705,k__Bacteria|p__Firmicutes|c__Clostridia|o__Lachnospirales|f__Lachnospiraceae|g__Tuzzerella|s__None,732,k__Bacteria|p__Firmicutes|c__Clostridia|o__Lachnospirales|f__Lachnospiraceae|g__None|s__None,0.16666666666666666
705,k__Bacteria|p__Firmicutes|c__Clostridia|o__Lachnospirales|f__Lachnospiraceae|g__Tuzzerella|s__None,733,k__Bacteria|p__Firmicutes|c__Clostridia|o__Lachnospirales|f__Lachnospiraceae|g__uncultured|s__None,0.16666666666666666
705,k__Bacteria|p__Firmicutes|c__Clostridia|o__Lachnospirales|f__Lachnospiraceae|g__Tuzzerella|s__None,739,k__Bacteria|p__Firmicutes|c__Clostridia|o__Monoglobales|f__Monoglobaceae|g__Monoglobus|s__None,0.5
705,k__Bacteria|p__Firmicutes|c__Clostridia|o__Lachnospirales|f__Lachnospiraceae|g__Tuzzerella|s__None,759,k__Bacteria|p__Firmicutes|c__Clostridia|o__Oscillospirales|f__Oscillospiraceae|g__Colidextribacter|s__None,0.5
705,k__Bacteria|p__Firmicutes|c__Clostridia|o__Lachnospirales|f__Lachnospiraceae|g__Tuzzerella|s__None,767,k__Bacteria|p__Firmicutes|c__Clostridia|o__Oscillospirales|f__Oscillospiraceae|g__Flavonifractor|s__None,0.5
705,k__Bacteria|p__Firmicutes|c__Clostridia|o__Lachnospirales|f__Lachnospiraceae|g__Tuzzerella|s__None,769,k__Bacteria|p__Firmicutes|c__Clostridia|o__Oscillospirales|f__Oscillospiraceae|g__Intestinimonas|s__None,0.5
705,k__Bacteria|p__Firmicutes|c__Clostridia|o__Lachnospirales|f__Lachnospiraceae|g__Tuzzerella|s__None,770,k__Bacteria|p__Firmicutes|c__Clostridia|o__Oscillospirales|f__Oscillospiraceae|g__Intestinimonas|s__bacterium_P1C2,0.5833333333333334
705,k__Bacteria|p__Firmicutes|c__Clostridia|o__Lachnospirales|f__Lachnospiraceae|g__Tuzzerella|s__None,779,k__Bacteria|p__Firmicutes|c__Clostridia|o__Oscillospirales|f__Oscillospiraceae|g__Oscillibacter|s__None,0.5
705,k__Bacteria|p__Firmicutes|c__Clostridia|o__Lachnospirales|f__Lachnospiraceae|g__Tuzzerella|s__None,780,k__Bacteria|p__Firmicutes|c__Clostridia|o__Oscillospirales|f__Oscillospiraceae|g__Oscillibacter|s__metagenome,0.5833333333333334
705,k__Bacteria|p__Firmicutes|c__Clostridia|o__Lachnospirales|f__Lachnospiraceae|g__Tuzzerella|s__None,790,k__Bacteria|p__Firmicutes|c__Clostridia|o__Oscillospirales|f__Oscillospiraceae|g__UCG-002|s__None,0.5
705,k__Bacteria|p__Firmicutes|c__Clostridia|o__Lachnospirales|f__Lachnospiraceae|g__Tuzzerella|s__None,791,k__Bacteria|p__Firmicutes|c__Clostridia|o__Oscillospirales|f__Oscillospiraceae|g__UCG-003|s__None,0.5
705,k__Bacteria|p__Firmicutes|c__Clostridia|o__Lachnospirales|f__Lachnospiraceae|g__Tuzzerella|s__None,794,k__Bacteria|p__Firmicutes|c__Clostridia|o__Oscillospirales|f__Oscillospiraceae|g__UCG-005|s__metagenome,0.5833333333333334
705,k__Bacteria|p__Firmicutes|c__Clostridia|o__Lachnospirales|f__Lachnospiraceae|g__Tuzzerella|s__None,812,k__Bacteria|p__Firmicutes|c__Clostridia|o__Oscillospirales|f__Ruminococcaceae|g__Anaerofilum|s__metagenome,0.5833333333333334
705,k__Bacteria|p__Firmicutes|c__Clostridia|o__Lachnospirales|f__Lachnospiraceae|g__Tuzzerella|s__None,832,k__Bacteria|p__Firmicutes|c__Clostridia|o__Oscillospirales|f__Ruminococcaceae|g__DTU089|s__None,0.5
705,k__Bacteria|p__Firmicutes|c__Clostridia|o__Lachnospirales|f__Lachnospiraceae|g__Tuzzerella|s__None,833,k__Bacteria|p__Firmicutes|c__Clostridia|o__Oscillospirales|f__Ruminococcaceae|g__Faecalibacterium|s__None,0.5
705,k__Bacteria|p__Firmicutes|c__Clostridia|o__Lachnospirales|f__Lachnospiraceae|g__Tuzzerella|s__None,839,k__Bacteria|p__Firmicutes|c__Clostridia|o__Oscillospirales|f__Ruminococcaceae|g__Incertae_Sedis|s__metagenome,0.5833333333333334
705,k__Bacteria|p__Firmicutes|c__Clostridia|o__Lachnospirales|f__Lachnospiraceae|g__Tuzzerella|s__None,841,k__Bacteria|p__Firmicutes|c__Clostridia|o__Oscillospirales|f__Ruminococcaceae|g__Incertae_Sedis|s__None,0.5
705,k__Bacteria|p__Firmicutes|c__Clostridia|o__Lachnospirales|f__Lachnospiraceae|g__Tuzzerella|s__None,859,k__Bacteria|p__Firmicutes|c__Clostridia|o__Oscillospirales|f__Ruminococcaceae|g__Ruminococcus|s__None,0.5
705,k__Bacteria|p__Firmicutes|c__Clostridia|o__Lachnospirales|f__Lachnospiraceae|g__Tuzzerella|s__None,860,k__Bacteria|p__Firmicutes|c__Clostridia|o__Oscillospirales|f__Ruminococcaceae|g__Subdoligranulum|s__None,0.5
705,k__Bacteria|p__Firmicutes|c__Clostridia|o__Lachnospirales|f__Lachnospiraceae|g__Tuzzerella|s__None,863,k__Bacteria|p__Firmicutes|c__Clostridia|o__Oscillospirales|f__Ruminococcaceae|g__UBA1819|s__None,0.5
705,k__Bacteria|p__Firmicutes|c__Clostridia|o__Lachnospirales|f__Lachnospiraceae|g__Tuzzerella|s__None,865,k__Bacteria|p__Firmicutes|c__Clostridia|o__Oscillospirales|f__Ruminococcaceae|g__Eubacterium_siraeum_group|s__None,0.5
705,k__Bacteria|p__Firmicutes|c__Clostridia|o__Lachnospirales|f__Lachnospiraceae|g__Tuzzerella|s__None,869,k__Bacteria|p__Firmicutes|c__Clostridia|o__Oscillospirales|f__Ruminococcaceae|g__None|s__None,0.4166666666666667
705,k__Bacteria|p__Firmicutes|c__Clostridia|o__Lachnospirales|f__Lachnospiraceae|g__Tuzzerella|s__None,885,k__Bacteria|p__Firmicutes|c__Clostridia|o__Oscillospirales|f__Eubacterium_coprostanoligenes_group|g__None|s__None,0.4166666666666667
705,k__Bacteria|p__Firmicutes|c__Clostridia|o__Lachnospirales|f__Lachnospiraceae|g__Tuzzerella|s__None,905,k__Bacteria|p__Firmicutes|c__Clostridia|o__Peptostreptococcales-Tissierellales|f__Anaerovoracaceae|g__Family_XIII_AD3011_group|s__metagenome,0.5833333333333334
705,k__Bacteria|p__Firmicutes|c__Clostridia|o__Lachnospirales|f__Lachnospiraceae|g__Tuzzerella|s__None,925,k__Bacteria|p__Firmicutes|c__Clostridia|o__Peptostreptococcales-Tissierellales|f__Anaerovoracaceae|g__None|s__None,0.4166666666666667
705,k__Bacteria|p__Firmicutes|c__Clostridia|o__Lachnospirales|f__Lachnospiraceae|g__Tuzzerella|s__None,943,k__Bacteria|p__Firmicutes|c__Clostridia|o__Peptostreptococcales-Tissierellales|f__Peptostreptococcaceae|g__Intestinibacter|s__None,0.5
705,k__Bacteria|p__Firmicutes|c__Clostridia|o__Lachnospirales|f__Lachnospiraceae|g__Tuzzerella|s__None,951,k__Bacteria|p__Firmicutes|c__Clostridia|o__Peptostreptococcales-Tissierellales|f__Peptostreptococcaceae|g__Romboutsia|s__None,0.5
705,k__Bacteria|p__Firmicutes|c__Clostridia|o__Lachnospirales|f__Lachnospiraceae|g__Tuzzerella|s__None,956,k__Bacteria|p__Firmicutes|c__Clostridia|o__None|f__None|g__None|s__None,0.25
705,k__Bacteria|p__Firmicutes|c__Clostridia|o__Lachnospirales|f__Lachnospiraceae|g__Tuzzerella|s__None,966,k__Bacteria|p__Firmicutes|c__Negativicutes|o__Acidaminococcales|f__Acidaminococcaceae|g__Acidaminococcus|s__None,0.6666666666666666
705,k__Bacteria|p__Firmicutes|c__Clostridia|o__Lachnospirales|f__Lachnospiraceae|g__Tuzzerella|s__None,967,k__Bacteria|p__Firmicutes|c__Negativicutes|o__Acidaminococcales|f__Acidaminococcaceae|g__Phascolarctobacterium|s__None,0.6666666666666666
705,k__Bacteria|p__Firmicutes|c__Clostridia|o__Lachnospirales|f__Lachnospiraceae|g__Tuzzerella|s__None,986,k__Bacteria|p__Firmicutes|c__Negativicutes|o__Veillonellales-Selenomonadales|f__Veillonellaceae|g__Dialister|s__None,0.6666666666666666
705,k__Bacteria|p__Firmicutes|c__Clostridia|o__Lachnospirales|f__Lachnospiraceae|g__Tuzzerella|s__None,992,k__Bacteria|p__Firmicutes|c__Negativicutes|o__Veillonellales-Selenomonadales|f__Veillonellaceae|g__Veillonella|s__None,0.6666666666666666
705,k__Bacteria|p__Firmicutes|c__Clostridia|o__Lachnospirales|f__Lachnospiraceae|g__Tuzzerella|s__None,1055,k__Bacteria|p__Proteobacteria|c__Gammaproteobacteria|o__Burkholderiales|f__Sutterellaceae|g__Parasutterella|s__None,0.8333333333333334
705,k__Bacteria|p__Firmicutes|c__Clostridia|o__Lachnospirales|f__Lachnospiraceae|g__Tuzzerella|s__None,1069,k__Bacteria|p__Proteobacteria|c__Gammaproteobacteria|o__Enterobacterales|f__Enterobacteriaceae|g__Escherichia-Shigella|s__None,0.8333333333333334
705,k__Bacteria|p__Firmicutes|c__Clostridia|o__Lachnospirales|f__Lachnospiraceae|g__Tuzzerella|s__None,1089,k__Bacteria|p__Proteobacteria|c__Gammaproteobacteria|o__Pseudomonadales|f__Pseudomonadaceae|g__Pseudomonas|s__None,0.8333333333333334
705,k__Bacteria|p__Firmicutes|c__Clostridia|o__Lachnospirales|f__Lachnospiraceae|g__Tuzzerella|s__None,1132,k__Bacteria|p__Verrucomicrobiota|c__Verrucomicrobiae|o__Verrucomicrobiales|f__Akkermansiaceae|g__Akkermansia|s__None,0.8333333333333334
705,k__Bacteria|p__Firmicutes|c__Clostridia|o__Lachnospirales|f__Lachnospiraceae|g__Tuzzerella|s__None,1136,k__Bacteria|p__None|c__None|o__None|f__None|g__None|s__None,0.4166666666666667
709,k__Bacteria|p__Firmicutes|c__Clostridia|o__Lachnospirales|f__Lachnospiraceae|g__UC5-1-2E3|s__uncultured_organism,711,k__Bacteria|p__Firmicutes|c__Clostridia|o__Lachnospirales|f__Lachnospiraceae|g__Eubacterium_eligens_group|s__None,0.25
709,k__Bacteria|p__Firmicutes|c__Clostridia|o__Lachnospirales|f__Lachnospiraceae|g__UC5-1-2E3|s__uncultured_organism,712,k__Bacteria|p__Firmicutes|c__Clostridia|o__Lachnospirales|f__Lachnospiraceae|g__Eubacterium_fissicatena_group|s__None,0.25
709,k__Bacteria|p__Firmicutes|c__Clostridia|o__Lachnospirales|f__Lachnospiraceae|g__UC5-1-2E3|s__uncultured_organism,717,k__Bacteria|p__Firmicutes|c__Clostridia|o__Lachnospirales|f__Lachnospiraceae|g__Eubacterium_hallii_group|s__None,0.25
709,k__Bacteria|p__Firmicutes|c__Clostridia|o__Lachnospirales|f__Lachnospiraceae|g__UC5-1-2E3|s__uncultured_organism,722,k__Bacteria|p__Firmicutes|c__Clostridia|o__Lachnospirales|f__Lachnospiraceae|g__Eubacterium_ventriosum_group|s__uncultured_organism,0.3333333333333333
709,k__Bacteria|p__Firmicutes|c__Clostridia|o__Lachnospirales|f__Lachnospiraceae|g__UC5-1-2E3|s__uncultured_organism,724,k__Bacteria|p__Firmicutes|c__Clostridia|o__Lachnospirales|f__Lachnospiraceae|g__Eubacterium_xylanophilum_group|s__None,0.25
709,k__Bacteria|p__Firmicutes|c__Clostridia|o__Lachnospirales|f__Lachnospiraceae|g__UC5-1-2E3|s__uncultured_organism,730,k__Bacteria|p__Firmicutes|c__Clostridia|o__Lachnospirales|f__Lachnospiraceae|g__Ruminococcus_torques_group|s__None,0.25
709,k__Bacteria|p__Firmicutes|c__Clostridia|o__Lachnospirales|f__Lachnospiraceae|g__UC5-1-2E3|s__uncultured_organism,732,k__Bacteria|p__Firmicutes|c__Clostridia|o__Lachnospirales|f__Lachnospiraceae|g__None|s__None,0.25
709,k__Bacteria|p__Firmicutes|c__Clostridia|o__Lachnospirales|f__Lachnospiraceae|g__UC5-1-2E3|s__uncultured_organism,733,k__Bacteria|p__Firmicutes|c__Clostridia|o__Lachnospirales|f__Lachnospiraceae|g__uncultured|s__None,0.25
709,k__Bacteria|p__Firmicutes|c__Clostridia|o__Lachnospirales|f__Lachnospiraceae|g__UC5-1-2E3|s__uncultured_organism,739,k__Bacteria|p__Firmicutes|c__Clostridia|o__Monoglobales|f__Monoglobaceae|g__Monoglobus|s__None,0.5833333333333334
709,k__Bacteria|p__Firmicutes|c__Clostridia|o__Lachnospirales|f__Lachnospiraceae|g__UC5-1-2E3|s__uncultured_organism,759,k__Bacteria|p__Firmicutes|c__Clostridia|o__Oscillospirales|f__Oscillospiraceae|g__Colidextribacter|s__None,0.5833333333333334
709,k__Bacteria|p__Firmicutes|c__Clostridia|o__Lachnospirales|f__Lachnospiraceae|g__UC5-1-2E3|s__uncultured_organism,767,k__Bacteria|p__Firmicutes|c__Clostridia|o__Oscillospirales|f__Oscillospiraceae|g__Flavonifractor|s__None,0.5833333333333334
709,k__Bacteria|p__Firmicutes|c__Clostridia|o__Lachnospirales|f__Lachnospiraceae|g__UC5-1-2E3|s__uncultured_organism,769,k__Bacteria|p__Firmicutes|c__Clostridia|o__Oscillospirales|f__Oscillospiraceae|g__Intestinimonas|s__None,0.5833333333333334
709,k__Bacteria|p__Firmicutes|c__Clostridia|o__Lachnospirales|f__Lachnospiraceae|g__UC5-1-2E3|s__uncultured_organism,770,k__Bacteria|p__Firmicutes|c__Clostridia|o__Oscillospirales|f__Oscillospiraceae|g__Intestinimonas|s__bacterium_P1C2,0.6666666666666666
709,k__Bacteria|p__Firmicutes|c__Clostridia|o__Lachnospirales|f__Lachnospiraceae|g__UC5-1-2E3|s__uncultured_organism,779,k__Bacteria|p__Firmicutes|c__Clostridia|o__Oscillospirales|f__Oscillospiraceae|g__Oscillibacter|s__None,0.5833333333333334
709,k__Bacteria|p__Firmicutes|c__Clostridia|o__Lachnospirales|f__Lachnospiraceae|g__UC5-1-2E3|s__uncultured_organism,780,k__Bacteria|p__Firmicutes|c__Clostridia|o__Oscillospirales|f__Oscillospiraceae|g__Oscillibacter|s__metagenome,0.6666666666666666
709,k__Bacteria|p__Firmicutes|c__Clostridia|o__Lachnospirales|f__Lachnospiraceae|g__UC5-1-2E3|s__uncultured_organism,790,k__Bacteria|p__Firmicutes|c__Clostridia|o__Oscillospirales|f__Oscillospiraceae|g__UCG-002|s__None,0.5833333333333334
709,k__Bacteria|p__Firmicutes|c__Clostridia|o__Lachnospirales|f__Lachnospiraceae|g__UC5-1-2E3|s__uncultured_organism,791,k__Bacteria|p__Firmicutes|c__Clostridia|o__Oscillospirales|f__Oscillospiraceae|g__UCG-003|s__None,0.5833333333333334
709,k__Bacteria|p__Firmicutes|c__Clostridia|o__Lachnospirales|f__Lachnospiraceae|g__UC5-1-2E3|s__uncultured_organism,794,k__Bacteria|p__Firmicutes|c__Clostridia|o__Oscillospirales|f__Oscillospiraceae|g__UCG-005|s__metagenome,0.6666666666666666
709,k__Bacteria|p__Firmicutes|c__Clostridia|o__Lachnospirales|f__Lachnospiraceae|g__UC5-1-2E3|s__uncultured_organism,812,k__Bacteria|p__Firmicutes|c__Clostridia|o__Oscillospirales|f__Ruminococcaceae|g__Anaerofilum|s__metagenome,0.6666666666666666
709,k__Bacteria|p__Firmicutes|c__Clostridia|o__Lachnospirales|f__Lachnospiraceae|g__UC5-1-2E3|s__uncultured_organism,832,k__Bacteria|p__Firmicutes|c__Clostridia|o__Oscillospirales|f__Ruminococcaceae|g__DTU089|s__None,0.5833333333333334
709,k__Bacteria|p__Firmicutes|c__Clostridia|o__Lachnospirales|f__Lachnospiraceae|g__UC5-1-2E3|s__uncultured_organism,833,k__Bacteria|p__Firmicutes|c__Clostridia|o__Oscillospirales|f__Ruminococcaceae|g__Faecalibacterium|s__None,0.5833333333333334
709,k__Bacteria|p__Firmicutes|c__Clostridia|o__Lachnospirales|f__Lachnospiraceae|g__UC5-1-2E3|s__uncultured_organism,839,k__Bacteria|p__Firmicutes|c__Clostridia|o__Oscillospirales|f__Ruminococcaceae|g__Incertae_Sedis|s__metagenome,0.6666666666666666
709,k__Bacteria|p__Firmicutes|c__Clostridia|o__Lachnospirales|f__Lachnospiraceae|g__UC5-1-2E3|s__uncultured_organism,841,k__Bacteria|p__Firmicutes|c__Clostridia|o__Oscillospirales|f__Ruminococcaceae|g__Incertae_Sedis|s__None,0.5833333333333334
709,k__Bacteria|p__Firmicutes|c__Clostridia|o__Lachnospirales|f__Lachnospiraceae|g__UC5-1-2E3|s__uncultured_organism,859,k__Bacteria|p__Firmicutes|c__Clostridia|o__Oscillospirales|f__Ruminococcaceae|g__Ruminococcus|s__None,0.5833333333333334
709,k__Bacteria|p__Firmicutes|c__Clostridia|o__Lachnospirales|f__Lachnospiraceae|g__UC5-1-2E3|s__uncultured_organism,860,k__Bacteria|p__Firmicutes|c__Clostridia|o__Oscillospirales|f__Ruminococcaceae|g__Subdoligranulum|s__None,0.5833333333333334
709,k__Bacteria|p__Firmicutes|c__Clostridia|o__Lachnospirales|f__Lachnospiraceae|g__UC5-1-2E3|s__uncultured_organism,863,k__Bacteria|p__Firmicutes|c__Clostridia|o__Oscillospirales|f__Ruminococcaceae|g__UBA1819|s__None,0.5833333333333334
709,k__Bacteria|p__Firmicutes|c__Clostridia|o__Lachnospirales|f__Lachnospiraceae|g__UC5-1-2E3|s__uncultured_organism,865,k__Bacteria|p__Firmicutes|c__Clostridia|o__Oscillospirales|f__Ruminococcaceae|g__Eubacterium_siraeum_group|s__None,0.5833333333333334
709,k__Bacteria|p__Firmicutes|c__Clostridia|o__Lachnospirales|f__Lachnospiraceae|g__UC5-1-2E3|s__uncultured_organism,869,k__Bacteria|p__Firmicutes|c__Clostridia|o__Oscillospirales|f__Ruminococcaceae|g__None|s__None,0.5
709,k__Bacteria|p__Firmicutes|c__Clostridia|o__Lachnospirales|f__Lachnospiraceae|g__UC5-1-2E3|s__uncultured_organism,885,k__Bacteria|p__Firmicutes|c__Clostridia|o__Oscillospirales|f__Eubacterium_coprostanoligenes_group|g__None|s__None,0.5
709,k__Bacteria|p__Firmicutes|c__Clostridia|o__Lachnospirales|f__Lachnospiraceae|g__UC5-1-2E3|s__uncultured_organism,905,k__Bacteria|p__Firmicutes|c__Clostridia|o__Peptostreptococcales-Tissierellales|f__Anaerovoracaceae|g__Family_XIII_AD3011_group|s__metagenome,0.6666666666666666
709,k__Bacteria|p__Firmicutes|c__Clostridia|o__Lachnospirales|f__Lachnospiraceae|g__UC5-1-2E3|s__uncultured_organism,925,k__Bacteria|p__Firmicutes|c__Clostridia|o__Peptostreptococcales-Tissierellales|f__Anaerovoracaceae|g__None|s__None,0.5
709,k__Bacteria|p__Firmicutes|c__Clostridia|o__Lachnospirales|f__Lachnospiraceae|g__UC5-1-2E3|s__uncultured_organism,943,k__Bacteria|p__Firmicutes|c__Clostridia|o__Peptostreptococcales-Tissierellales|f__Peptostreptococcaceae|g__Intestinibacter|s__None,0.5833333333333334
709,k__Bacteria|p__Firmicutes|c__Clostridia|o__Lachnospirales|f__Lachnospiraceae|g__UC5-1-2E3|s__uncultured_organism,951,k__Bacteria|p__Firmicutes|c__Clostridia|o__Peptostreptococcales-Tissierellales|f__Peptostreptococcaceae|g__Romboutsia|s__None,0.5833333333333334
709,k__Bacteria|p__Firmicutes|c__Clostridia|o__Lachnospirales|f__Lachnospiraceae|g__UC5-1-2E3|s__uncultured_organism,956,k__Bacteria|p__Firmicutes|c__Clostridia|o__None|f__None|g__None|s__None,0.3333333333333333
709,k__Bacteria|p__Firmicutes|c__Clostridia|o__Lachnospirales|f__Lachnospiraceae|g__UC5-1-2E3|s__uncultured_organism,966,k__Bacteria|p__Firmicutes|c__Negativicutes|o__Acidaminococcales|f__Acidaminococcaceae|g__Acidaminococcus|s__None,0.75
709,k__Bacteria|p__Firmicutes|c__Clostridia|o__Lachnospirales|f__Lachnospiraceae|g__UC5-1-2E3|s__uncultured_organism,967,k__Bacteria|p__Firmicutes|c__Negativicutes|o__Acidaminococcales|f__Acidaminococcaceae|g__Phascolarctobacterium|s__None,0.75
709,k__Bacteria|p__Firmicutes|c__Clostridia|o__Lachnospirales|f__Lachnospiraceae|g__UC5-1-2E3|s__uncultured_organism,986,k__Bacteria|p__Firmicutes|c__Negativicutes|o__Veillonellales-Selenomonadales|f__Veillonellaceae|g__Dialister|s__None,0.75
709,k__Bacteria|p__Firmicutes|c__Clostridia|o__Lachnospirales|f__Lachnospiraceae|g__UC5-1-2E3|s__uncultured_organism,992,k__Bacteria|p__Firmicutes|c__Negativicutes|o__Veillonellales-Selenomonadales|f__Veillonellaceae|g__Veillonella|s__None,0.75
709,k__Bacteria|p__Firmicutes|c__Clostridia|o__Lachnospirales|f__Lachnospiraceae|g__UC5-1-2E3|s__uncultured_organism,1055,k__Bacteria|p__Proteobacteria|c__Gammaproteobacteria|o__Burkholderiales|f__Sutterellaceae|g__Parasutterella|s__None,0.9166666666666666
709,k__Bacteria|p__Firmicutes|c__Clostridia|o__Lachnospirales|f__Lachnospiraceae|g__UC5-1-2E3|s__uncultured_organism,1069,k__Bacteria|p__Proteobacteria|c__Gammaproteobacteria|o__Enterobacterales|f__Enterobacteriaceae|g__Escherichia-Shigella|s__None,0.9166666666666666
709,k__Bacteria|p__Firmicutes|c__Clostridia|o__Lachnospirales|f__Lachnospiraceae|g__UC5-1-2E3|s__uncultured_organism,1089,k__Bacteria|p__Proteobacteria|c__Gammaproteobacteria|o__Pseudomonadales|f__Pseudomonadaceae|g__Pseudomonas|s__None,0.9166666666666666
709,k__Bacteria|p__Firmicutes|c__Clostridia|o__Lachnospirales|f__Lachnospiraceae|g__UC5-1-2E3|s__uncultured_organism,1132,k__Bacteria|p__Verrucomicrobiota|c__Verrucomicrobiae|o__Verrucomicrobiales|f__Akkermansiaceae|g__Akkermansia|s__None,0.9166666666666666
709,k__Bacteria|p__Firmicutes|c__Clostridia|o__Lachnospirales|f__Lachnospiraceae|g__UC5-1-2E3|s__uncultured_organism,1136,k__Bacteria|p__None|c__None|o__None|f__None|g__None|s__None,0.5
711,k__Bacteria|p__Firmicutes|c__Clostridia|o__Lachnospirales|f__Lachnospiraceae|g__Eubacterium_eligens_group|s__None,712,k__Bacteria|p__Firmicutes|c__Clostridia|o__Lachnospirales|f__Lachnospiraceae|g__Eubacterium_fissicatena_group|s__None,0.16666666666666666
711,k__Bacteria|p__Firmicutes|c__Clostridia|o__Lachnospirales|f__Lachnospiraceae|g__Eubacterium_eligens_group|s__None,717,k__Bacteria|p__Firmicutes|c__Clostridia|o__Lachnospirales|f__Lachnospiraceae|g__Eubacterium_hallii_group|s__None,0.16666666666666666
711,k__Bacteria|p__Firmicutes|c__Clostridia|o__Lachnospirales|f__Lachnospiraceae|g__Eubacterium_eligens_group|s__None,722,k__Bacteria|p__Firmicutes|c__Clostridia|o__Lachnospirales|f__Lachnospiraceae|g__Eubacterium_ventriosum_group|s__uncultured_organism,0.25
711,k__Bacteria|p__Firmicutes|c__Clostridia|o__Lachnospirales|f__Lachnospiraceae|g__Eubacterium_eligens_group|s__None,724,k__Bacteria|p__Firmicutes|c__Clostridia|o__Lachnospirales|f__Lachnospiraceae|g__Eubacterium_xylanophilum_group|s__None,0.16666666666666666
711,k__Bacteria|p__Firmicutes|c__Clostridia|o__Lachnospirales|f__Lachnospiraceae|g__Eubacterium_eligens_group|s__None,730,k__Bacteria|p__Firmicutes|c__Clostridia|o__Lachnospirales|f__Lachnospiraceae|g__Ruminococcus_torques_group|s__None,0.16666666666666666
711,k__Bacteria|p__Firmicutes|c__Clostridia|o__Lachnospirales|f__Lachnospiraceae|g__Eubacterium_eligens_group|s__None,732,k__Bacteria|p__Firmicutes|c__Clostridia|o__Lachnospirales|f__Lachnospiraceae|g__None|s__None,0.16666666666666666
711,k__Bacteria|p__Firmicutes|c__Clostridia|o__Lachnospirales|f__Lachnospiraceae|g__Eubacterium_eligens_group|s__None,733,k__Bacteria|p__Firmicutes|c__Clostridia|o__Lachnospirales|f__Lachnospiraceae|g__uncultured|s__None,0.16666666666666666
711,k__Bacteria|p__Firmicutes|c__Clostridia|o__Lachnospirales|f__Lachnospiraceae|g__Eubacterium_eligens_group|s__None,739,k__Bacteria|p__Firmicutes|c__Clostridia|o__Monoglobales|f__Monoglobaceae|g__Monoglobus|s__None,0.5
711,k__Bacteria|p__Firmicutes|c__Clostridia|o__Lachnospirales|f__Lachnospiraceae|g__Eubacterium_eligens_group|s__None,759,k__Bacteria|p__Firmicutes|c__Clostridia|o__Oscillospirales|f__Oscillospiraceae|g__Colidextribacter|s__None,0.5
711,k__Bacteria|p__Firmicutes|c__Clostridia|o__Lachnospirales|f__Lachnospiraceae|g__Eubacterium_eligens_group|s__None,767,k__Bacteria|p__Firmicutes|c__Clostridia|o__Oscillospirales|f__Oscillospiraceae|g__Flavonifractor|s__None,0.5
711,k__Bacteria|p__Firmicutes|c__Clostridia|o__Lachnospirales|f__Lachnospiraceae|g__Eubacterium_eligens_group|s__None,769,k__Bacteria|p__Firmicutes|c__Clostridia|o__Oscillospirales|f__Oscillospiraceae|g__Intestinimonas|s__None,0.5
711,k__Bacteria|p__Firmicutes|c__Clostridia|o__Lachnospirales|f__Lachnospiraceae|g__Eubacterium_eligens_group|s__None,770,k__Bacteria|p__Firmicutes|c__Clostridia|o__Oscillospirales|f__Oscillospiraceae|g__Intestinimonas|s__bacterium_P1C2,0.5833333333333334
711,k__Bacteria|p__Firmicutes|c__Clostridia|o__Lachnospirales|f__Lachnospiraceae|g__Eubacterium_eligens_group|s__None,779,k__Bacteria|p__Firmicutes|c__Clostridia|o__Oscillospirales|f__Oscillospiraceae|g__Oscillibacter|s__None,0.5
711,k__Bacteria|p__Firmicutes|c__Clostridia|o__Lachnospirales|f__Lachnospiraceae|g__Eubacterium_eligens_group|s__None,780,k__Bacteria|p__Firmicutes|c__Clostridia|o__Oscillospirales|f__Oscillospiraceae|g__Oscillibacter|s__metagenome,0.5833333333333334
711,k__Bacteria|p__Firmicutes|c__Clostridia|o__Lachnospirales|f__Lachnospiraceae|g__Eubacterium_eligens_group|s__None,790,k__Bacteria|p__Firmicutes|c__Clostridia|o__Oscillospirales|f__Oscillospiraceae|g__UCG-002|s__None,0.5
711,k__Bacteria|p__Firmicutes|c__Clostridia|o__Lachnospirales|f__Lachnospiraceae|g__Eubacterium_eligens_group|s__None,791,k__Bacteria|p__Firmicutes|c__Clostridia|o__Oscillospirales|f__Oscillospiraceae|g__UCG-003|s__None,0.5
711,k__Bacteria|p__Firmicutes|c__Clostridia|o__Lachnospirales|f__Lachnospiraceae|g__Eubacterium_eligens_group|s__None,794,k__Bacteria|p__Firmicutes|c__Clostridia|o__Oscillospirales|f__Oscillospiraceae|g__UCG-005|s__metagenome,0.5833333333333334
711,k__Bacteria|p__Firmicutes|c__Clostridia|o__Lachnospirales|f__Lachnospiraceae|g__Eubacterium_eligens_group|s__None,812,k__Bacteria|p__Firmicutes|c__Clostridia|o__Oscillospirales|f__Ruminococcaceae|g__Anaerofilum|s__metagenome,0.5833333333333334
711,k__Bacteria|p__Firmicutes|c__Clostridia|o__Lachnospirales|f__Lachnospiraceae|g__Eubacterium_eligens_group|s__None,832,k__Bacteria|p__Firmicutes|c__Clostridia|o__Oscillospirales|f__Ruminococcaceae|g__DTU089|s__None,0.5
711,k__Bacteria|p__Firmicutes|c__Clostridia|o__Lachnospirales|f__Lachnospiraceae|g__Eubacterium_eligens_group|s__None,833,k__Bacteria|p__Firmicutes|c__Clostridia|o__Oscillospirales|f__Ruminococcaceae|g__Faecalibacterium|s__None,0.5
711,k__Bacteria|p__Firmicutes|c__Clostridia|o__Lachnospirales|f__Lachnospiraceae|g__Eubacterium_eligens_group|s__None,839,k__Bacteria|p__Firmicutes|c__Clostridia|o__Oscillospirales|f__Ruminococcaceae|g__Incertae_Sedis|s__metagenome,0.5833333333333334
711,k__Bacteria|p__Firmicutes|c__Clostridia|o__Lachnospirales|f__Lachnospiraceae|g__Eubacterium_eligens_group|s__None,841,k__Bacteria|p__Firmicutes|c__Clostridia|o__Oscillospirales|f__Ruminococcaceae|g__Incertae_Sedis|s__None,0.5
711,k__Bacteria|p__Firmicutes|c__Clostridia|o__Lachnospirales|f__Lachnospiraceae|g__Eubacterium_eligens_group|s__None,859,k__Bacteria|p__Firmicutes|c__Clostridia|o__Oscillospirales|f__Ruminococcaceae|g__Ruminococcus|s__None,0.5
711,k__Bacteria|p__Firmicutes|c__Clostridia|o__Lachnospirales|f__Lachnospiraceae|g__Eubacterium_eligens_group|s__None,860,k__Bacteria|p__Firmicutes|c__Clostridia|o__Oscillospirales|f__Ruminococcaceae|g__Subdoligranulum|s__None,0.5
711,k__Bacteria|p__Firmicutes|c__Clostridia|o__Lachnospirales|f__Lachnospiraceae|g__Eubacterium_eligens_group|s__None,863,k__Bacteria|p__Firmicutes|c__Clostridia|o__Oscillospirales|f__Ruminococcaceae|g__UBA1819|s__None,0.5
711,k__Bacteria|p__Firmicutes|c__Clostridia|o__Lachnospirales|f__Lachnospiraceae|g__Eubacterium_eligens_group|s__None,865,k__Bacteria|p__Firmicutes|c__Clostridia|o__Oscillospirales|f__Ruminococcaceae|g__Eubacterium_siraeum_group|s__None,0.5
711,k__Bacteria|p__Firmicutes|c__Clostridia|o__Lachnospirales|f__Lachnospiraceae|g__Eubacterium_eligens_group|s__None,869,k__Bacteria|p__Firmicutes|c__Clostridia|o__Oscillospirales|f__Ruminococcaceae|g__None|s__None,0.4166666666666667
711,k__Bacteria|p__Firmicutes|c__Clostridia|o__Lachnospirales|f__Lachnospiraceae|g__Eubacterium_eligens_group|s__None,885,k__Bacteria|p__Firmicutes|c__Clostridia|o__Oscillospirales|f__Eubacterium_coprostanoligenes_group|g__None|s__None,0.4166666666666667
711,k__Bacteria|p__Firmicutes|c__Clostridia|o__Lachnospirales|f__Lachnospiraceae|g__Eubacterium_eligens_group|s__None,905,k__Bacteria|p__Firmicutes|c__Clostridia|o__Peptostreptococcales-Tissierellales|f__Anaerovoracaceae|g__Family_XIII_AD3011_group|s__metagenome,0.5833333333333334
711,k__Bacteria|p__Firmicutes|c__Clostridia|o__Lachnospirales|f__Lachnospiraceae|g__Eubacterium_eligens_group|s__None,925,k__Bacteria|p__Firmicutes|c__Clostridia|o__Peptostreptococcales-Tissierellales|f__Anaerovoracaceae|g__None|s__None,0.4166666666666667
711,k__Bacteria|p__Firmicutes|c__Clostridia|o__Lachnospirales|f__Lachnospiraceae|g__Eubacterium_eligens_group|s__None,943,k__Bacteria|p__Firmicutes|c__Clostridia|o__Peptostreptococcales-Tissierellales|f__Peptostreptococcaceae|g__Intestinibacter|s__None,0.5
711,k__Bacteria|p__Firmicutes|c__Clostridia|o__Lachnospirales|f__Lachnospiraceae|g__Eubacterium_eligens_group|s__None,951,k__Bacteria|p__Firmicutes|c__Clostridia|o__Peptostreptococcales-Tissierellales|f__Peptostreptococcaceae|g__Romboutsia|s__None,0.5
711,k__Bacteria|p__Firmicutes|c__Clostridia|o__Lachnospirales|f__Lachnospiraceae|g__Eubacterium_eligens_group|s__None,956,k__Bacteria|p__Firmicutes|c__Clostridia|o__None|f__None|g__None|s__None,0.25
711,k__Bacteria|p__Firmicutes|c__Clostridia|o__Lachnospirales|f__Lachnospiraceae|g__Eubacterium_eligens_group|s__None,966,k__Bacteria|p__Firmicutes|c__Negativicutes|o__Acidaminococcales|f__Acidaminococcaceae|g__Acidaminococcus|s__None,0.6666666666666666
711,k__Bacteria|p__Firmicutes|c__Clostridia|o__Lachnospirales|f__Lachnospiraceae|g__Eubacterium_eligens_group|s__None,967,k__Bacteria|p__Firmicutes|c__Negativicutes|o__Acidaminococcales|f__Acidaminococcaceae|g__Phascolarctobacterium|s__None,0.6666666666666666
711,k__Bacteria|p__Firmicutes|c__Clostridia|o__Lachnospirales|f__Lachnospiraceae|g__Eubacterium_eligens_group|s__None,986,k__Bacteria|p__Firmicutes|c__Negativicutes|o__Veillonellales-Selenomonadales|f__Veillonellaceae|g__Dialister|s__None,0.6666666666666666
711,k__Bacteria|p__Firmicutes|c__Clostridia|o__Lachnospirales|f__Lachnospiraceae|g__Eubacterium_eligens_group|s__None,992,k__Bacteria|p__Firmicutes|c__Negativicutes|o__Veillonellales-Selenomonadales|f__Veillonellaceae|g__Veillonella|s__None,0.6666666666666666
711,k__Bacteria|p__Firmicutes|c__Clostridia|o__Lachnospirales|f__Lachnospiraceae|g__Eubacterium_eligens_group|s__None,1055,k__Bacteria|p__Proteobacteria|c__Gammaproteobacteria|o__Burkholderiales|f__Sutterellaceae|g__Parasutterella|s__None,0.8333333333333334
711,k__Bacteria|p__Firmicutes|c__Clostridia|o__Lachnospirales|f__Lachnospiraceae|g__Eubacterium_eligens_group|s__None,1069,k__Bacteria|p__Proteobacteria|c__Gammaproteobacteria|o__Enterobacterales|f__Enterobacteriaceae|g__Escherichia-Shigella|s__None,0.8333333333333334
711,k__Bacteria|p__Firmicutes|c__Clostridia|o__Lachnospirales|f__Lachnospiraceae|g__Eubacterium_eligens_group|s__None,1089,k__Bacteria|p__Proteobacteria|c__Gammaproteobacteria|o__Pseudomonadales|f__Pseudomonadaceae|g__Pseudomonas|s__None,0.8333333333333334
711,k__Bacteria|p__Firmicutes|c__Clostridia|o__Lachnospirales|f__Lachnospiraceae|g__Eubacterium_eligens_group|s__None,1132,k__Bacteria|p__Verrucomicrobiota|c__Verrucomicrobiae|o__Verrucomicrobiales|f__Akkermansiaceae|g__Akkermansia|s__None,0.8333333333333334
711,k__Bacteria|p__Firmicutes|c__Clostridia|o__Lachnospirales|f__Lachnospiraceae|g__Eubacterium_eligens_group|s__None,1136,k__Bacteria|p__None|c__None|o__None|f__None|g__None|s__None,0.4166666666666667
712,k__Bacteria|p__Firmicutes|c__Clostridia|o__Lachnospirales|f__Lachnospiraceae|g__Eubacterium_fissicatena_group|s__None,717,k__Bacteria|p__Firmicutes|c__Clostridia|o__Lachnospirales|f__Lachnospiraceae|g__Eubacterium_hallii_group|s__None,0.16666666666666666
712,k__Bacteria|p__Firmicutes|c__Clostridia|o__Lachnospirales|f__Lachnospiraceae|g__Eubacterium_fissicatena_group|s__None,722,k__Bacteria|p__Firmicutes|c__Clostridia|o__Lachnospirales|f__Lachnospiraceae|g__Eubacterium_ventriosum_group|s__uncultured_organism,0.25
712,k__Bacteria|p__Firmicutes|c__Clostridia|o__Lachnospirales|f__Lachnospiraceae|g__Eubacterium_fissicatena_group|s__None,724,k__Bacteria|p__Firmicutes|c__Clostridia|o__Lachnospirales|f__Lachnospiraceae|g__Eubacterium_xylanophilum_group|s__None,0.16666666666666666
712,k__Bacteria|p__Firmicutes|c__Clostridia|o__Lachnospirales|f__Lachnospiraceae|g__Eubacterium_fissicatena_group|s__None,730,k__Bacteria|p__Firmicutes|c__Clostridia|o__Lachnospirales|f__Lachnospiraceae|g__Ruminococcus_torques_group|s__None,0.16666666666666666
712,k__Bacteria|p__Firmicutes|c__Clostridia|o__Lachnospirales|f__Lachnospiraceae|g__Eubacterium_fissicatena_group|s__None,732,k__Bacteria|p__Firmicutes|c__Clostridia|o__Lachnospirales|f__Lachnospiraceae|g__None|s__None,0.16666666666666666
712,k__Bacteria|p__Firmicutes|c__Clostridia|o__Lachnospirales|f__Lachnospiraceae|g__Eubacterium_fissicatena_group|s__None,733,k__Bacteria|p__Firmicutes|c__Clostridia|o__Lachnospirales|f__Lachnospiraceae|g__uncultured|s__None,0.16666666666666666
712,k__Bacteria|p__Firmicutes|c__Clostridia|o__Lachnospirales|f__Lachnospiraceae|g__Eubacterium_fissicatena_group|s__None,739,k__Bacteria|p__Firmicutes|c__Clostridia|o__Monoglobales|f__Monoglobaceae|g__Monoglobus|s__None,0.5
712,k__Bacteria|p__Firmicutes|c__Clostridia|o__Lachnospirales|f__Lachnospiraceae|g__Eubacterium_fissicatena_group|s__None,759,k__Bacteria|p__Firmicutes|c__Clostridia|o__Oscillospirales|f__Oscillospiraceae|g__Colidextribacter|s__None,0.5
712,k__Bacteria|p__Firmicutes|c__Clostridia|o__Lachnospirales|f__Lachnospiraceae|g__Eubacterium_fissicatena_group|s__None,767,k__Bacteria|p__Firmicutes|c__Clostridia|o__Oscillospirales|f__Oscillospiraceae|g__Flavonifractor|s__None,0.5
712,k__Bacteria|p__Firmicutes|c__Clostridia|o__Lachnospirales|f__Lachnospiraceae|g__Eubacterium_fissicatena_group|s__None,769,k__Bacteria|p__Firmicutes|c__Clostridia|o__Oscillospirales|f__Oscillospiraceae|g__Intestinimonas|s__None,0.5
712,k__Bacteria|p__Firmicutes|c__Clostridia|o__Lachnospirales|f__Lachnospiraceae|g__Eubacterium_fissicatena_group|s__None,770,k__Bacteria|p__Firmicutes|c__Clostridia|o__Oscillospirales|f__Oscillospiraceae|g__Intestinimonas|s__bacterium_P1C2,0.5833333333333334
712,k__Bacteria|p__Firmicutes|c__Clostridia|o__Lachnospirales|f__Lachnospiraceae|g__Eubacterium_fissicatena_group|s__None,779,k__Bacteria|p__Firmicutes|c__Clostridia|o__Oscillospirales|f__Oscillospiraceae|g__Oscillibacter|s__None,0.5
712,k__Bacteria|p__Firmicutes|c__Clostridia|o__Lachnospirales|f__Lachnospiraceae|g__Eubacterium_fissicatena_group|s__None,780,k__Bacteria|p__Firmicutes|c__Clostridia|o__Oscillospirales|f__Oscillospiraceae|g__Oscillibacter|s__metagenome,0.5833333333333334
712,k__Bacteria|p__Firmicutes|c__Clostridia|o__Lachnospirales|f__Lachnospiraceae|g__Eubacterium_fissicatena_group|s__None,790,k__Bacteria|p__Firmicutes|c__Clostridia|o__Oscillospirales|f__Oscillospiraceae|g__UCG-002|s__None,0.5
712,k__Bacteria|p__Firmicutes|c__Clostridia|o__Lachnospirales|f__Lachnospiraceae|g__Eubacterium_fissicatena_group|s__None,791,k__Bacteria|p__Firmicutes|c__Clostridia|o__Oscillospirales|f__Oscillospiraceae|g__UCG-003|s__None,0.5
712,k__Bacteria|p__Firmicutes|c__Clostridia|o__Lachnospirales|f__Lachnospiraceae|g__Eubacterium_fissicatena_group|s__None,794,k__Bacteria|p__Firmicutes|c__Clostridia|o__Oscillospirales|f__Oscillospiraceae|g__UCG-005|s__metagenome,0.5833333333333334
712,k__Bacteria|p__Firmicutes|c__Clostridia|o__Lachnospirales|f__Lachnospiraceae|g__Eubacterium_fissicatena_group|s__None,812,k__Bacteria|p__Firmicutes|c__Clostridia|o__Oscillospirales|f__Ruminococcaceae|g__Anaerofilum|s__metagenome,0.5833333333333334
712,k__Bacteria|p__Firmicutes|c__Clostridia|o__Lachnospirales|f__Lachnospiraceae|g__Eubacterium_fissicatena_group|s__None,832,k__Bacteria|p__Firmicutes|c__Clostridia|o__Oscillospirales|f__Ruminococcaceae|g__DTU089|s__None,0.5
712,k__Bacteria|p__Firmicutes|c__Clostridia|o__Lachnospirales|f__Lachnospiraceae|g__Eubacterium_fissicatena_group|s__None,833,k__Bacteria|p__Firmicutes|c__Clostridia|o__Oscillospirales|f__Ruminococcaceae|g__Faecalibacterium|s__None,0.5
712,k__Bacteria|p__Firmicutes|c__Clostridia|o__Lachnospirales|f__Lachnospiraceae|g__Eubacterium_fissicatena_group|s__None,839,k__Bacteria|p__Firmicutes|c__Clostridia|o__Oscillospirales|f__Ruminococcaceae|g__Incertae_Sedis|s__metagenome,0.5833333333333334
712,k__Bacteria|p__Firmicutes|c__Clostridia|o__Lachnospirales|f__Lachnospiraceae|g__Eubacterium_fissicatena_group|s__None,841,k__Bacteria|p__Firmicutes|c__Clostridia|o__Oscillospirales|f__Ruminococcaceae|g__Incertae_Sedis|s__None,0.5
712,k__Bacteria|p__Firmicutes|c__Clostridia|o__Lachnospirales|f__Lachnospiraceae|g__Eubacterium_fissicatena_group|s__None,859,k__Bacteria|p__Firmicutes|c__Clostridia|o__Oscillospirales|f__Ruminococcaceae|g__Ruminococcus|s__None,0.5
712,k__Bacteria|p__Firmicutes|c__Clostridia|o__Lachnospirales|f__Lachnospiraceae|g__Eubacterium_fissicatena_group|s__None,860,k__Bacteria|p__Firmicutes|c__Clostridia|o__Oscillospirales|f__Ruminococcaceae|g__Subdoligranulum|s__None,0.5
712,k__Bacteria|p__Firmicutes|c__Clostridia|o__Lachnospirales|f__Lachnospiraceae|g__Eubacterium_fissicatena_group|s__None,863,k__Bacteria|p__Firmicutes|c__Clostridia|o__Oscillospirales|f__Ruminococcaceae|g__UBA1819|s__None,0.5
712,k__Bacteria|p__Firmicutes|c__Clostridia|o__Lachnospirales|f__Lachnospiraceae|g__Eubacterium_fissicatena_group|s__None,865,k__Bacteria|p__Firmicutes|c__Clostridia|o__Oscillospirales|f__Ruminococcaceae|g__Eubacterium_siraeum_group|s__None,0.5
712,k__Bacteria|p__Firmicutes|c__Clostridia|o__Lachnospirales|f__Lachnospiraceae|g__Eubacterium_fissicatena_group|s__None,869,k__Bacteria|p__Firmicutes|c__Clostridia|o__Oscillospirales|f__Ruminococcaceae|g__None|s__None,0.4166666666666667
712,k__Bacteria|p__Firmicutes|c__Clostridia|o__Lachnospirales|f__Lachnospiraceae|g__Eubacterium_fissicatena_group|s__None,885,k__Bacteria|p__Firmicutes|c__Clostridia|o__Oscillospirales|f__Eubacterium_coprostanoligenes_group|g__None|s__None,0.4166666666666667
712,k__Bacteria|p__Firmicutes|c__Clostridia|o__Lachnospirales|f__Lachnospiraceae|g__Eubacterium_fissicatena_group|s__None,905,k__Bacteria|p__Firmicutes|c__Clostridia|o__Peptostreptococcales-Tissierellales|f__Anaerovoracaceae|g__Family_XIII_AD3011_group|s__metagenome,0.5833333333333334
712,k__Bacteria|p__Firmicutes|c__Clostridia|o__Lachnospirales|f__Lachnospiraceae|g__Eubacterium_fissicatena_group|s__None,925,k__Bacteria|p__Firmicutes|c__Clostridia|o__Peptostreptococcales-Tissierellales|f__Anaerovoracaceae|g__None|s__None,0.4166666666666667
712,k__Bacteria|p__Firmicutes|c__Clostridia|o__Lachnospirales|f__Lachnospiraceae|g__Eubacterium_fissicatena_group|s__None,943,k__Bacteria|p__Firmicutes|c__Clostridia|o__Peptostreptococcales-Tissierellales|f__Peptostreptococcaceae|g__Intestinibacter|s__None,0.5
712,k__Bacteria|p__Firmicutes|c__Clostridia|o__Lachnospirales|f__Lachnospiraceae|g__Eubacterium_fissicatena_group|s__None,951,k__Bacteria|p__Firmicutes|c__Clostridia|o__Peptostreptococcales-Tissierellales|f__Peptostreptococcaceae|g__Romboutsia|s__None,0.5
712,k__Bacteria|p__Firmicutes|c__Clostridia|o__Lachnospirales|f__Lachnospiraceae|g__Eubacterium_fissicatena_group|s__None,956,k__Bacteria|p__Firmicutes|c__Clostridia|o__None|f__None|g__None|s__None,0.25
712,k__Bacteria|p__Firmicutes|c__Clostridia|o__Lachnospirales|f__Lachnospiraceae|g__Eubacterium_fissicatena_group|s__None,966,k__Bacteria|p__Firmicutes|c__Negativicutes|o__Acidaminococcales|f__Acidaminococcaceae|g__Acidaminococcus|s__None,0.6666666666666666
712,k__Bacteria|p__Firmicutes|c__Clostridia|o__Lachnospirales|f__Lachnospiraceae|g__Eubacterium_fissicatena_group|s__None,967,k__Bacteria|p__Firmicutes|c__Negativicutes|o__Acidaminococcales|f__Acidaminococcaceae|g__Phascolarctobacterium|s__None,0.6666666666666666
712,k__Bacteria|p__Firmicutes|c__Clostridia|o__Lachnospirales|f__Lachnospiraceae|g__Eubacterium_fissicatena_group|s__None,986,k__Bacteria|p__Firmicutes|c__Negativicutes|o__Veillonellales-Selenomonadales|f__Veillonellaceae|g__Dialister|s__None,0.6666666666666666
712,k__Bacteria|p__Firmicutes|c__Clostridia|o__Lachnospirales|f__Lachnospiraceae|g__Eubacterium_fissicatena_group|s__None,992,k__Bacteria|p__Firmicutes|c__Negativicutes|o__Veillonellales-Selenomonadales|f__Veillonellaceae|g__Veillonella|s__None,0.6666666666666666
712,k__Bacteria|p__Firmicutes|c__Clostridia|o__Lachnospirales|f__Lachnospiraceae|g__Eubacterium_fissicatena_group|s__None,1055,k__Bacteria|p__Proteobacteria|c__Gammaproteobacteria|o__Burkholderiales|f__Sutterellaceae|g__Parasutterella|s__None,0.8333333333333334
712,k__Bacteria|p__Firmicutes|c__Clostridia|o__Lachnospirales|f__Lachnospiraceae|g__Eubacterium_fissicatena_group|s__None,1069,k__Bacteria|p__Proteobacteria|c__Gammaproteobacteria|o__Enterobacterales|f__Enterobacteriaceae|g__Escherichia-Shigella|s__None,0.8333333333333334
712,k__Bacteria|p__Firmicutes|c__Clostridia|o__Lachnospirales|f__Lachnospiraceae|g__Eubacterium_fissicatena_group|s__None,1089,k__Bacteria|p__Proteobacteria|c__Gammaproteobacteria|o__Pseudomonadales|f__Pseudomonadaceae|g__Pseudomonas|s__None,0.8333333333333334
712,k__Bacteria|p__Firmicutes|c__Clostridia|o__Lachnospirales|f__Lachnospiraceae|g__Eubacterium_fissicatena_group|s__None,1132,k__Bacteria|p__Verrucomicrobiota|c__Verrucomicrobiae|o__Verrucomicrobiales|f__Akkermansiaceae|g__Akkermansia|s__None,0.8333333333333334
712,k__Bacteria|p__Firmicutes|c__Clostridia|o__Lachnospirales|f__Lachnospiraceae|g__Eubacterium_fissicatena_group|s__None,1136,k__Bacteria|p__None|c__None|o__None|f__None|g__None|s__None,0.4166666666666667
717,k__Bacteria|p__Firmicutes|c__Clostridia|o__Lachnospirales|f__Lachnospiraceae|g__Eubacterium_hallii_group|s__None,722,k__Bacteria|p__Firmicutes|c__Clostridia|o__Lachnospirales|f__Lachnospiraceae|g__Eubacterium_ventriosum_group|s__uncultured_organism,0.25
717,k__Bacteria|p__Firmicutes|c__Clostridia|o__Lachnospirales|f__Lachnospiraceae|g__Eubacterium_hallii_group|s__None,724,k__Bacteria|p__Firmicutes|c__Clostridia|o__Lachnospirales|f__Lachnospiraceae|g__Eubacterium_xylanophilum_group|s__None,0.16666666666666666
717,k__Bacteria|p__Firmicutes|c__Clostridia|o__Lachnospirales|f__Lachnospiraceae|g__Eubacterium_hallii_group|s__None,730,k__Bacteria|p__Firmicutes|c__Clostridia|o__Lachnospirales|f__Lachnospiraceae|g__Ruminococcus_torques_group|s__None,0.16666666666666666
717,k__Bacteria|p__Firmicutes|c__Clostridia|o__Lachnospirales|f__Lachnospiraceae|g__Eubacterium_hallii_group|s__None,732,k__Bacteria|p__Firmicutes|c__Clostridia|o__Lachnospirales|f__Lachnospiraceae|g__None|s__None,0.16666666666666666
717,k__Bacteria|p__Firmicutes|c__Clostridia|o__Lachnospirales|f__Lachnospiraceae|g__Eubacterium_hallii_group|s__None,733,k__Bacteria|p__Firmicutes|c__Clostridia|o__Lachnospirales|f__Lachnospiraceae|g__uncultured|s__None,0.16666666666666666
717,k__Bacteria|p__Firmicutes|c__Clostridia|o__Lachnospirales|f__Lachnospiraceae|g__Eubacterium_hallii_group|s__None,739,k__Bacteria|p__Firmicutes|c__Clostridia|o__Monoglobales|f__Monoglobaceae|g__Monoglobus|s__None,0.5
717,k__Bacteria|p__Firmicutes|c__Clostridia|o__Lachnospirales|f__Lachnospiraceae|g__Eubacterium_hallii_group|s__None,759,k__Bacteria|p__Firmicutes|c__Clostridia|o__Oscillospirales|f__Oscillospiraceae|g__Colidextribacter|s__None,0.5
717,k__Bacteria|p__Firmicutes|c__Clostridia|o__Lachnospirales|f__Lachnospiraceae|g__Eubacterium_hallii_group|s__None,767,k__Bacteria|p__Firmicutes|c__Clostridia|o__Oscillospirales|f__Oscillospiraceae|g__Flavonifractor|s__None,0.5
717,k__Bacteria|p__Firmicutes|c__Clostridia|o__Lachnospirales|f__Lachnospiraceae|g__Eubacterium_hallii_group|s__None,769,k__Bacteria|p__Firmicutes|c__Clostridia|o__Oscillospirales|f__Oscillospiraceae|g__Intestinimonas|s__None,0.5
717,k__Bacteria|p__Firmicutes|c__Clostridia|o__Lachnospirales|f__Lachnospiraceae|g__Eubacterium_hallii_group|s__None,770,k__Bacteria|p__Firmicutes|c__Clostridia|o__Oscillospirales|f__Oscillospiraceae|g__Intestinimonas|s__bacterium_P1C2,0.5833333333333334
717,k__Bacteria|p__Firmicutes|c__Clostridia|o__Lachnospirales|f__Lachnospiraceae|g__Eubacterium_hallii_group|s__None,779,k__Bacteria|p__Firmicutes|c__Clostridia|o__Oscillospirales|f__Oscillospiraceae|g__Oscillibacter|s__None,0.5
717,k__Bacteria|p__Firmicutes|c__Clostridia|o__Lachnospirales|f__Lachnospiraceae|g__Eubacterium_hallii_group|s__None,780,k__Bacteria|p__Firmicutes|c__Clostridia|o__Oscillospirales|f__Oscillospiraceae|g__Oscillibacter|s__metagenome,0.5833333333333334
717,k__Bacteria|p__Firmicutes|c__Clostridia|o__Lachnospirales|f__Lachnospiraceae|g__Eubacterium_hallii_group|s__None,790,k__Bacteria|p__Firmicutes|c__Clostridia|o__Oscillospirales|f__Oscillospiraceae|g__UCG-002|s__None,0.5
717,k__Bacteria|p__Firmicutes|c__Clostridia|o__Lachnospirales|f__Lachnospiraceae|g__Eubacterium_hallii_group|s__None,791,k__Bacteria|p__Firmicutes|c__Clostridia|o__Oscillospirales|f__Oscillospiraceae|g__UCG-003|s__None,0.5
717,k__Bacteria|p__Firmicutes|c__Clostridia|o__Lachnospirales|f__Lachnospiraceae|g__Eubacterium_hallii_group|s__None,794,k__Bacteria|p__Firmicutes|c__Clostridia|o__Oscillospirales|f__Oscillospiraceae|g__UCG-005|s__metagenome,0.5833333333333334
717,k__Bacteria|p__Firmicutes|c__Clostridia|o__Lachnospirales|f__Lachnospiraceae|g__Eubacterium_hallii_group|s__None,812,k__Bacteria|p__Firmicutes|c__Clostridia|o__Oscillospirales|f__Ruminococcaceae|g__Anaerofilum|s__metagenome,0.5833333333333334
717,k__Bacteria|p__Firmicutes|c__Clostridia|o__Lachnospirales|f__Lachnospiraceae|g__Eubacterium_hallii_group|s__None,832,k__Bacteria|p__Firmicutes|c__Clostridia|o__Oscillospirales|f__Ruminococcaceae|g__DTU089|s__None,0.5
717,k__Bacteria|p__Firmicutes|c__Clostridia|o__Lachnospirales|f__Lachnospiraceae|g__Eubacterium_hallii_group|s__None,833,k__Bacteria|p__Firmicutes|c__Clostridia|o__Oscillospirales|f__Ruminococcaceae|g__Faecalibacterium|s__None,0.5
717,k__Bacteria|p__Firmicutes|c__Clostridia|o__Lachnospirales|f__Lachnospiraceae|g__Eubacterium_hallii_group|s__None,839,k__Bacteria|p__Firmicutes|c__Clostridia|o__Oscillospirales|f__Ruminococcaceae|g__Incertae_Sedis|s__metagenome,0.5833333333333334
717,k__Bacteria|p__Firmicutes|c__Clostridia|o__Lachnospirales|f__Lachnospiraceae|g__Eubacterium_hallii_group|s__None,841,k__Bacteria|p__Firmicutes|c__Clostridia|o__Oscillospirales|f__Ruminococcaceae|g__Incertae_Sedis|s__None,0.5
717,k__Bacteria|p__Firmicutes|c__Clostridia|o__Lachnospirales|f__Lachnospiraceae|g__Eubacterium_hallii_group|s__None,859,k__Bacteria|p__Firmicutes|c__Clostridia|o__Oscillospirales|f__Ruminococcaceae|g__Ruminococcus|s__None,0.5
717,k__Bacteria|p__Firmicutes|c__Clostridia|o__Lachnospirales|f__Lachnospiraceae|g__Eubacterium_hallii_group|s__None,860,k__Bacteria|p__Firmicutes|c__Clostridia|o__Oscillospirales|f__Ruminococcaceae|g__Subdoligranulum|s__None,0.5
717,k__Bacteria|p__Firmicutes|c__Clostridia|o__Lachnospirales|f__Lachnospiraceae|g__Eubacterium_hallii_group|s__None,863,k__Bacteria|p__Firmicutes|c__Clostridia|o__Oscillospirales|f__Ruminococcaceae|g__UBA1819|s__None,0.5
717,k__Bacteria|p__Firmicutes|c__Clostridia|o__Lachnospirales|f__Lachnospiraceae|g__Eubacterium_hallii_group|s__None,865,k__Bacteria|p__Firmicutes|c__Clostridia|o__Oscillospirales|f__Ruminococcaceae|g__Eubacterium_siraeum_group|s__None,0.5
717,k__Bacteria|p__Firmicutes|c__Clostridia|o__Lachnospirales|f__Lachnospiraceae|g__Eubacterium_hallii_group|s__None,869,k__Bacteria|p__Firmicutes|c__Clostridia|o__Oscillospirales|f__Ruminococcaceae|g__None|s__None,0.4166666666666667
717,k__Bacteria|p__Firmicutes|c__Clostridia|o__Lachnospirales|f__Lachnospiraceae|g__Eubacterium_hallii_group|s__None,885,k__Bacteria|p__Firmicutes|c__Clostridia|o__Oscillospirales|f__Eubacterium_coprostanoligenes_group|g__None|s__None,0.4166666666666667
717,k__Bacteria|p__Firmicutes|c__Clostridia|o__Lachnospirales|f__Lachnospiraceae|g__Eubacterium_hallii_group|s__None,905,k__Bacteria|p__Firmicutes|c__Clostridia|o__Peptostreptococcales-Tissierellales|f__Anaerovoracaceae|g__Family_XIII_AD3011_group|s__metagenome,0.5833333333333334
717,k__Bacteria|p__Firmicutes|c__Clostridia|o__Lachnospirales|f__Lachnospiraceae|g__Eubacterium_hallii_group|s__None,925,k__Bacteria|p__Firmicutes|c__Clostridia|o__Peptostreptococcales-Tissierellales|f__Anaerovoracaceae|g__None|s__None,0.4166666666666667
717,k__Bacteria|p__Firmicutes|c__Clostridia|o__Lachnospirales|f__Lachnospiraceae|g__Eubacterium_hallii_group|s__None,943,k__Bacteria|p__Firmicutes|c__Clostridia|o__Peptostreptococcales-Tissierellales|f__Peptostreptococcaceae|g__Intestinibacter|s__None,0.5
717,k__Bacteria|p__Firmicutes|c__Clostridia|o__Lachnospirales|f__Lachnospiraceae|g__Eubacterium_hallii_group|s__None,951,k__Bacteria|p__Firmicutes|c__Clostridia|o__Peptostreptococcales-Tissierellales|f__Peptostreptococcaceae|g__Romboutsia|s__None,0.5
717,k__Bacteria|p__Firmicutes|c__Clostridia|o__Lachnospirales|f__Lachnospiraceae|g__Eubacterium_hallii_group|s__None,956,k__Bacteria|p__Firmicutes|c__Clostridia|o__None|f__None|g__None|s__None,0.25
717,k__Bacteria|p__Firmicutes|c__Clostridia|o__Lachnospirales|f__Lachnospiraceae|g__Eubacterium_hallii_group|s__None,966,k__Bacteria|p__Firmicutes|c__Negativicutes|o__Acidaminococcales|f__Acidaminococcaceae|g__Acidaminococcus|s__None,0.6666666666666666
717,k__Bacteria|p__Firmicutes|c__Clostridia|o__Lachnospirales|f__Lachnospiraceae|g__Eubacterium_hallii_group|s__None,967,k__Bacteria|p__Firmicutes|c__Negativicutes|o__Acidaminococcales|f__Acidaminococcaceae|g__Phascolarctobacterium|s__None,0.6666666666666666
717,k__Bacteria|p__Firmicutes|c__Clostridia|o__Lachnospirales|f__Lachnospiraceae|g__Eubacterium_hallii_group|s__None,986,k__Bacteria|p__Firmicutes|c__Negativicutes|o__Veillonellales-Selenomonadales|f__Veillonellaceae|g__Dialister|s__None,0.6666666666666666
717,k__Bacteria|p__Firmicutes|c__Clostridia|o__Lachnospirales|f__Lachnospiraceae|g__Eubacterium_hallii_group|s__None,992,k__Bacteria|p__Firmicutes|c__Negativicutes|o__Veillonellales-Selenomonadales|f__Veillonellaceae|g__Veillonella|s__None,0.6666666666666666
717,k__Bacteria|p__Firmicutes|c__Clostridia|o__Lachnospirales|f__Lachnospiraceae|g__Eubacterium_hallii_group|s__None,1055,k__Bacteria|p__Proteobacteria|c__Gammaproteobacteria|o__Burkholderiales|f__Sutterellaceae|g__Parasutterella|s__None,0.8333333333333334
717,k__Bacteria|p__Firmicutes|c__Clostridia|o__Lachnospirales|f__Lachnospiraceae|g__Eubacterium_hallii_group|s__None,1069,k__Bacteria|p__Proteobacteria|c__Gammaproteobacteria|o__Enterobacterales|f__Enterobacteriaceae|g__Escherichia-Shigella|s__None,0.8333333333333334
717,k__Bacteria|p__Firmicutes|c__Clostridia|o__Lachnospirales|f__Lachnospiraceae|g__Eubacterium_hallii_group|s__None,1089,k__Bacteria|p__Proteobacteria|c__Gammaproteobacteria|o__Pseudomonadales|f__Pseudomonadaceae|g__Pseudomonas|s__None,0.8333333333333334
717,k__Bacteria|p__Firmicutes|c__Clostridia|o__Lachnospirales|f__Lachnospiraceae|g__Eubacterium_hallii_group|s__None,1132,k__Bacteria|p__Verrucomicrobiota|c__Verrucomicrobiae|o__Verrucomicrobiales|f__Akkermansiaceae|g__Akkermansia|s__None,0.8333333333333334
717,k__Bacteria|p__Firmicutes|c__Clostridia|o__Lachnospirales|f__Lachnospiraceae|g__Eubacterium_hallii_group|s__None,1136,k__Bacteria|p__None|c__None|o__None|f__None|g__None|s__None,0.4166666666666667
722,k__Bacteria|p__Firmicutes|c__Clostridia|o__Lachnospirales|f__Lachnospiraceae|g__Eubacterium_ventriosum_group|s__uncultured_organism,724,k__Bacteria|p__Firmicutes|c__Clostridia|o__Lachnospirales|f__Lachnospiraceae|g__Eubacterium_xylanophilum_group|s__None,0.25
722,k__Bacteria|p__Firmicutes|c__Clostridia|o__Lachnospirales|f__Lachnospiraceae|g__Eubacterium_ventriosum_group|s__uncultured_organism,730,k__Bacteria|p__Firmicutes|c__Clostridia|o__Lachnospirales|f__Lachnospiraceae|g__Ruminococcus_torques_group|s__None,0.25
722,k__Bacteria|p__Firmicutes|c__Clostridia|o__Lachnospirales|f__Lachnospiraceae|g__Eubacterium_ventriosum_group|s__uncultured_organism,732,k__Bacteria|p__Firmicutes|c__Clostridia|o__Lachnospirales|f__Lachnospiraceae|g__None|s__None,0.25
722,k__Bacteria|p__Firmicutes|c__Clostridia|o__Lachnospirales|f__Lachnospiraceae|g__Eubacterium_ventriosum_group|s__uncultured_organism,733,k__Bacteria|p__Firmicutes|c__Clostridia|o__Lachnospirales|f__Lachnospiraceae|g__uncultured|s__None,0.25
722,k__Bacteria|p__Firmicutes|c__Clostridia|o__Lachnospirales|f__Lachnospiraceae|g__Eubacterium_ventriosum_group|s__uncultured_organism,739,k__Bacteria|p__Firmicutes|c__Clostridia|o__Monoglobales|f__Monoglobaceae|g__Monoglobus|s__None,0.5833333333333334
722,k__Bacteria|p__Firmicutes|c__Clostridia|o__Lachnospirales|f__Lachnospiraceae|g__Eubacterium_ventriosum_group|s__uncultured_organism,759,k__Bacteria|p__Firmicutes|c__Clostridia|o__Oscillospirales|f__Oscillospiraceae|g__Colidextribacter|s__None,0.5833333333333334
722,k__Bacteria|p__Firmicutes|c__Clostridia|o__Lachnospirales|f__Lachnospiraceae|g__Eubacterium_ventriosum_group|s__uncultured_organism,767,k__Bacteria|p__Firmicutes|c__Clostridia|o__Oscillospirales|f__Oscillospiraceae|g__Flavonifractor|s__None,0.5833333333333334
722,k__Bacteria|p__Firmicutes|c__Clostridia|o__Lachnospirales|f__Lachnospiraceae|g__Eubacterium_ventriosum_group|s__uncultured_organism,769,k__Bacteria|p__Firmicutes|c__Clostridia|o__Oscillospirales|f__Oscillospiraceae|g__Intestinimonas|s__None,0.5833333333333334
722,k__Bacteria|p__Firmicutes|c__Clostridia|o__Lachnospirales|f__Lachnospiraceae|g__Eubacterium_ventriosum_group|s__uncultured_organism,770,k__Bacteria|p__Firmicutes|c__Clostridia|o__Oscillospirales|f__Oscillospiraceae|g__Intestinimonas|s__bacterium_P1C2,0.6666666666666666
722,k__Bacteria|p__Firmicutes|c__Clostridia|o__Lachnospirales|f__Lachnospiraceae|g__Eubacterium_ventriosum_group|s__uncultured_organism,779,k__Bacteria|p__Firmicutes|c__Clostridia|o__Oscillospirales|f__Oscillospiraceae|g__Oscillibacter|s__None,0.5833333333333334
722,k__Bacteria|p__Firmicutes|c__Clostridia|o__Lachnospirales|f__Lachnospiraceae|g__Eubacterium_ventriosum_group|s__uncultured_organism,780,k__Bacteria|p__Firmicutes|c__Clostridia|o__Oscillospirales|f__Oscillospiraceae|g__Oscillibacter|s__metagenome,0.6666666666666666
722,k__Bacteria|p__Firmicutes|c__Clostridia|o__Lachnospirales|f__Lachnospiraceae|g__Eubacterium_ventriosum_group|s__uncultured_organism,790,k__Bacteria|p__Firmicutes|c__Clostridia|o__Oscillospirales|f__Oscillospiraceae|g__UCG-002|s__None,0.5833333333333334
722,k__Bacteria|p__Firmicutes|c__Clostridia|o__Lachnospirales|f__Lachnospiraceae|g__Eubacterium_ventriosum_group|s__uncultured_organism,791,k__Bacteria|p__Firmicutes|c__Clostridia|o__Oscillospirales|f__Oscillospiraceae|g__UCG-003|s__None,0.5833333333333334
722,k__Bacteria|p__Firmicutes|c__Clostridia|o__Lachnospirales|f__Lachnospiraceae|g__Eubacterium_ventriosum_group|s__uncultured_organism,794,k__Bacteria|p__Firmicutes|c__Clostridia|o__Oscillospirales|f__Oscillospiraceae|g__UCG-005|s__metagenome,0.6666666666666666
722,k__Bacteria|p__Firmicutes|c__Clostridia|o__Lachnospirales|f__Lachnospiraceae|g__Eubacterium_ventriosum_group|s__uncultured_organism,812,k__Bacteria|p__Firmicutes|c__Clostridia|o__Oscillospirales|f__Ruminococcaceae|g__Anaerofilum|s__metagenome,0.6666666666666666
722,k__Bacteria|p__Firmicutes|c__Clostridia|o__Lachnospirales|f__Lachnospiraceae|g__Eubacterium_ventriosum_group|s__uncultured_organism,832,k__Bacteria|p__Firmicutes|c__Clostridia|o__Oscillospirales|f__Ruminococcaceae|g__DTU089|s__None,0.5833333333333334
722,k__Bacteria|p__Firmicutes|c__Clostridia|o__Lachnospirales|f__Lachnospiraceae|g__Eubacterium_ventriosum_group|s__uncultured_organism,833,k__Bacteria|p__Firmicutes|c__Clostridia|o__Oscillospirales|f__Ruminococcaceae|g__Faecalibacterium|s__None,0.5833333333333334
722,k__Bacteria|p__Firmicutes|c__Clostridia|o__Lachnospirales|f__Lachnospiraceae|g__Eubacterium_ventriosum_group|s__uncultured_organism,839,k__Bacteria|p__Firmicutes|c__Clostridia|o__Oscillospirales|f__Ruminococcaceae|g__Incertae_Sedis|s__metagenome,0.6666666666666666
722,k__Bacteria|p__Firmicutes|c__Clostridia|o__Lachnospirales|f__Lachnospiraceae|g__Eubacterium_ventriosum_group|s__uncultured_organism,841,k__Bacteria|p__Firmicutes|c__Clostridia|o__Oscillospirales|f__Ruminococcaceae|g__Incertae_Sedis|s__None,0.5833333333333334
722,k__Bacteria|p__Firmicutes|c__Clostridia|o__Lachnospirales|f__Lachnospiraceae|g__Eubacterium_ventriosum_group|s__uncultured_organism,859,k__Bacteria|p__Firmicutes|c__Clostridia|o__Oscillospirales|f__Ruminococcaceae|g__Ruminococcus|s__None,0.5833333333333334
722,k__Bacteria|p__Firmicutes|c__Clostridia|o__Lachnospirales|f__Lachnospiraceae|g__Eubacterium_ventriosum_group|s__uncultured_organism,860,k__Bacteria|p__Firmicutes|c__Clostridia|o__Oscillospirales|f__Ruminococcaceae|g__Subdoligranulum|s__None,0.5833333333333334
722,k__Bacteria|p__Firmicutes|c__Clostridia|o__Lachnospirales|f__Lachnospiraceae|g__Eubacterium_ventriosum_group|s__uncultured_organism,863,k__Bacteria|p__Firmicutes|c__Clostridia|o__Oscillospirales|f__Ruminococcaceae|g__UBA1819|s__None,0.5833333333333334
722,k__Bacteria|p__Firmicutes|c__Clostridia|o__Lachnospirales|f__Lachnospiraceae|g__Eubacterium_ventriosum_group|s__uncultured_organism,865,k__Bacteria|p__Firmicutes|c__Clostridia|o__Oscillospirales|f__Ruminococcaceae|g__Eubacterium_siraeum_group|s__None,0.5833333333333334
722,k__Bacteria|p__Firmicutes|c__Clostridia|o__Lachnospirales|f__Lachnospiraceae|g__Eubacterium_ventriosum_group|s__uncultured_organism,869,k__Bacteria|p__Firmicutes|c__Clostridia|o__Oscillospirales|f__Ruminococcaceae|g__None|s__None,0.5
722,k__Bacteria|p__Firmicutes|c__Clostridia|o__Lachnospirales|f__Lachnospiraceae|g__Eubacterium_ventriosum_group|s__uncultured_organism,885,k__Bacteria|p__Firmicutes|c__Clostridia|o__Oscillospirales|f__Eubacterium_coprostanoligenes_group|g__None|s__None,0.5
722,k__Bacteria|p__Firmicutes|c__Clostridia|o__Lachnospirales|f__Lachnospiraceae|g__Eubacterium_ventriosum_group|s__uncultured_organism,905,k__Bacteria|p__Firmicutes|c__Clostridia|o__Peptostreptococcales-Tissierellales|f__Anaerovoracaceae|g__Family_XIII_AD3011_group|s__metagenome,0.6666666666666666
722,k__Bacteria|p__Firmicutes|c__Clostridia|o__Lachnospirales|f__Lachnospiraceae|g__Eubacterium_ventriosum_group|s__uncultured_organism,925,k__Bacteria|p__Firmicutes|c__Clostridia|o__Peptostreptococcales-Tissierellales|f__Anaerovoracaceae|g__None|s__None,0.5
722,k__Bacteria|p__Firmicutes|c__Clostridia|o__Lachnospirales|f__Lachnospiraceae|g__Eubacterium_ventriosum_group|s__uncultured_organism,943,k__Bacteria|p__Firmicutes|c__Clostridia|o__Peptostreptococcales-Tissierellales|f__Peptostreptococcaceae|g__Intestinibacter|s__None,0.5833333333333334
722,k__Bacteria|p__Firmicutes|c__Clostridia|o__Lachnospirales|f__Lachnospiraceae|g__Eubacterium_ventriosum_group|s__uncultured_organism,951,k__Bacteria|p__Firmicutes|c__Clostridia|o__Peptostreptococcales-Tissierellales|f__Peptostreptococcaceae|g__Romboutsia|s__None,0.5833333333333334
722,k__Bacteria|p__Firmicutes|c__Clostridia|o__Lachnospirales|f__Lachnospiraceae|g__Eubacterium_ventriosum_group|s__uncultured_organism,956,k__Bacteria|p__Firmicutes|c__Clostridia|o__None|f__None|g__None|s__None,0.3333333333333333
722,k__Bacteria|p__Firmicutes|c__Clostridia|o__Lachnospirales|f__Lachnospiraceae|g__Eubacterium_ventriosum_group|s__uncultured_organism,966,k__Bacteria|p__Firmicutes|c__Negativicutes|o__Acidaminococcales|f__Acidaminococcaceae|g__Acidaminococcus|s__None,0.75
722,k__Bacteria|p__Firmicutes|c__Clostridia|o__Lachnospirales|f__Lachnospiraceae|g__Eubacterium_ventriosum_group|s__uncultured_organism,967,k__Bacteria|p__Firmicutes|c__Negativicutes|o__Acidaminococcales|f__Acidaminococcaceae|g__Phascolarctobacterium|s__None,0.75
722,k__Bacteria|p__Firmicutes|c__Clostridia|o__Lachnospirales|f__Lachnospiraceae|g__Eubacterium_ventriosum_group|s__uncultured_organism,986,k__Bacteria|p__Firmicutes|c__Negativicutes|o__Veillonellales-Selenomonadales|f__Veillonellaceae|g__Dialister|s__None,0.75
722,k__Bacteria|p__Firmicutes|c__Clostridia|o__Lachnospirales|f__Lachnospiraceae|g__Eubacterium_ventriosum_group|s__uncultured_organism,992,k__Bacteria|p__Firmicutes|c__Negativicutes|o__Veillonellales-Selenomonadales|f__Veillonellaceae|g__Veillonella|s__None,0.75
722,k__Bacteria|p__Firmicutes|c__Clostridia|o__Lachnospirales|f__Lachnospiraceae|g__Eubacterium_ventriosum_group|s__uncultured_organism,1055,k__Bacteria|p__Proteobacteria|c__Gammaproteobacteria|o__Burkholderiales|f__Sutterellaceae|g__Parasutterella|s__None,0.9166666666666666
722,k__Bacteria|p__Firmicutes|c__Clostridia|o__Lachnospirales|f__Lachnospiraceae|g__Eubacterium_ventriosum_group|s__uncultured_organism,1069,k__Bacteria|p__Proteobacteria|c__Gammaproteobacteria|o__Enterobacterales|f__Enterobacteriaceae|g__Escherichia-Shigella|s__None,0.9166666666666666
722,k__Bacteria|p__Firmicutes|c__Clostridia|o__Lachnospirales|f__Lachnospiraceae|g__Eubacterium_ventriosum_group|s__uncultured_organism,1089,k__Bacteria|p__Proteobacteria|c__Gammaproteobacteria|o__Pseudomonadales|f__Pseudomonadaceae|g__Pseudomonas|s__None,0.9166666666666666
722,k__Bacteria|p__Firmicutes|c__Clostridia|o__Lachnospirales|f__Lachnospiraceae|g__Eubacterium_ventriosum_group|s__uncultured_organism,1132,k__Bacteria|p__Verrucomicrobiota|c__Verrucomicrobiae|o__Verrucomicrobiales|f__Akkermansiaceae|g__Akkermansia|s__None,0.9166666666666666
722,k__Bacteria|p__Firmicutes|c__Clostridia|o__Lachnospirales|f__Lachnospiraceae|g__Eubacterium_ventriosum_group|s__uncultured_organism,1136,k__Bacteria|p__None|c__None|o__None|f__None|g__None|s__None,0.5
724,k__Bacteria|p__Firmicutes|c__Clostridia|o__Lachnospirales|f__Lachnospiraceae|g__Eubacterium_xylanophilum_group|s__None,730,k__Bacteria|p__Firmicutes|c__Clostridia|o__Lachnospirales|f__Lachnospiraceae|g__Ruminococcus_torques_group|s__None,0.16666666666666666
724,k__Bacteria|p__Firmicutes|c__Clostridia|o__Lachnospirales|f__Lachnospiraceae|g__Eubacterium_xylanophilum_group|s__None,732,k__Bacteria|p__Firmicutes|c__Clostridia|o__Lachnospirales|f__Lachnospiraceae|g__None|s__None,0.16666666666666666
724,k__Bacteria|p__Firmicutes|c__Clostridia|o__Lachnospirales|f__Lachnospiraceae|g__Eubacterium_xylanophilum_group|s__None,733,k__Bacteria|p__Firmicutes|c__Clostridia|o__Lachnospirales|f__Lachnospiraceae|g__uncultured|s__None,0.16666666666666666
724,k__Bacteria|p__Firmicutes|c__Clostridia|o__Lachnospirales|f__Lachnospiraceae|g__Eubacterium_xylanophilum_group|s__None,739,k__Bacteria|p__Firmicutes|c__Clostridia|o__Monoglobales|f__Monoglobaceae|g__Monoglobus|s__None,0.5
724,k__Bacteria|p__Firmicutes|c__Clostridia|o__Lachnospirales|f__Lachnospiraceae|g__Eubacterium_xylanophilum_group|s__None,759,k__Bacteria|p__Firmicutes|c__Clostridia|o__Oscillospirales|f__Oscillospiraceae|g__Colidextribacter|s__None,0.5
724,k__Bacteria|p__Firmicutes|c__Clostridia|o__Lachnospirales|f__Lachnospiraceae|g__Eubacterium_xylanophilum_group|s__None,767,k__Bacteria|p__Firmicutes|c__Clostridia|o__Oscillospirales|f__Oscillospiraceae|g__Flavonifractor|s__None,0.5
724,k__Bacteria|p__Firmicutes|c__Clostridia|o__Lachnospirales|f__Lachnospiraceae|g__Eubacterium_xylanophilum_group|s__None,769,k__Bacteria|p__Firmicutes|c__Clostridia|o__Oscillospirales|f__Oscillospiraceae|g__Intestinimonas|s__None,0.5
724,k__Bacteria|p__Firmicutes|c__Clostridia|o__Lachnospirales|f__Lachnospiraceae|g__Eubacterium_xylanophilum_group|s__None,770,k__Bacteria|p__Firmicutes|c__Clostridia|o__Oscillospirales|f__Oscillospiraceae|g__Intestinimonas|s__bacterium_P1C2,0.5833333333333334
724,k__Bacteria|p__Firmicutes|c__Clostridia|o__Lachnospirales|f__Lachnospiraceae|g__Eubacterium_xylanophilum_group|s__None,779,k__Bacteria|p__Firmicutes|c__Clostridia|o__Oscillospirales|f__Oscillospiraceae|g__Oscillibacter|s__None,0.5
724,k__Bacteria|p__Firmicutes|c__Clostridia|o__Lachnospirales|f__Lachnospiraceae|g__Eubacterium_xylanophilum_group|s__None,780,k__Bacteria|p__Firmicutes|c__Clostridia|o__Oscillospirales|f__Oscillospiraceae|g__Oscillibacter|s__metagenome,0.5833333333333334
724,k__Bacteria|p__Firmicutes|c__Clostridia|o__Lachnospirales|f__Lachnospiraceae|g__Eubacterium_xylanophilum_group|s__None,790,k__Bacteria|p__Firmicutes|c__Clostridia|o__Oscillospirales|f__Oscillospiraceae|g__UCG-002|s__None,0.5
724,k__Bacteria|p__Firmicutes|c__Clostridia|o__Lachnospirales|f__Lachnospiraceae|g__Eubacterium_xylanophilum_group|s__None,791,k__Bacteria|p__Firmicutes|c__Clostridia|o__Oscillospirales|f__Oscillospiraceae|g__UCG-003|s__None,0.5
724,k__Bacteria|p__Firmicutes|c__Clostridia|o__Lachnospirales|f__Lachnospiraceae|g__Eubacterium_xylanophilum_group|s__None,794,k__Bacteria|p__Firmicutes|c__Clostridia|o__Oscillospirales|f__Oscillospiraceae|g__UCG-005|s__metagenome,0.5833333333333334
724,k__Bacteria|p__Firmicutes|c__Clostridia|o__Lachnospirales|f__Lachnospiraceae|g__Eubacterium_xylanophilum_group|s__None,812,k__Bacteria|p__Firmicutes|c__Clostridia|o__Oscillospirales|f__Ruminococcaceae|g__Anaerofilum|s__metagenome,0.5833333333333334
724,k__Bacteria|p__Firmicutes|c__Clostridia|o__Lachnospirales|f__Lachnospiraceae|g__Eubacterium_xylanophilum_group|s__None,832,k__Bacteria|p__Firmicutes|c__Clostridia|o__Oscillospirales|f__Ruminococcaceae|g__DTU089|s__None,0.5
724,k__Bacteria|p__Firmicutes|c__Clostridia|o__Lachnospirales|f__Lachnospiraceae|g__Eubacterium_xylanophilum_group|s__None,833,k__Bacteria|p__Firmicutes|c__Clostridia|o__Oscillospirales|f__Ruminococcaceae|g__Faecalibacterium|s__None,0.5
724,k__Bacteria|p__Firmicutes|c__Clostridia|o__Lachnospirales|f__Lachnospiraceae|g__Eubacterium_xylanophilum_group|s__None,839,k__Bacteria|p__Firmicutes|c__Clostridia|o__Oscillospirales|f__Ruminococcaceae|g__Incertae_Sedis|s__metagenome,0.5833333333333334
724,k__Bacteria|p__Firmicutes|c__Clostridia|o__Lachnospirales|f__Lachnospiraceae|g__Eubacterium_xylanophilum_group|s__None,841,k__Bacteria|p__Firmicutes|c__Clostridia|o__Oscillospirales|f__Ruminococcaceae|g__Incertae_Sedis|s__None,0.5
724,k__Bacteria|p__Firmicutes|c__Clostridia|o__Lachnospirales|f__Lachnospiraceae|g__Eubacterium_xylanophilum_group|s__None,859,k__Bacteria|p__Firmicutes|c__Clostridia|o__Oscillospirales|f__Ruminococcaceae|g__Ruminococcus|s__None,0.5
724,k__Bacteria|p__Firmicutes|c__Clostridia|o__Lachnospirales|f__Lachnospiraceae|g__Eubacterium_xylanophilum_group|s__None,860,k__Bacteria|p__Firmicutes|c__Clostridia|o__Oscillospirales|f__Ruminococcaceae|g__Subdoligranulum|s__None,0.5
724,k__Bacteria|p__Firmicutes|c__Clostridia|o__Lachnospirales|f__Lachnospiraceae|g__Eubacterium_xylanophilum_group|s__None,863,k__Bacteria|p__Firmicutes|c__Clostridia|o__Oscillospirales|f__Ruminococcaceae|g__UBA1819|s__None,0.5
724,k__Bacteria|p__Firmicutes|c__Clostridia|o__Lachnospirales|f__Lachnospiraceae|g__Eubacterium_xylanophilum_group|s__None,865,k__Bacteria|p__Firmicutes|c__Clostridia|o__Oscillospirales|f__Ruminococcaceae|g__Eubacterium_siraeum_group|s__None,0.5
724,k__Bacteria|p__Firmicutes|c__Clostridia|o__Lachnospirales|f__Lachnospiraceae|g__Eubacterium_xylanophilum_group|s__None,869,k__Bacteria|p__Firmicutes|c__Clostridia|o__Oscillospirales|f__Ruminococcaceae|g__None|s__None,0.4166666666666667
724,k__Bacteria|p__Firmicutes|c__Clostridia|o__Lachnospirales|f__Lachnospiraceae|g__Eubacterium_xylanophilum_group|s__None,885,k__Bacteria|p__Firmicutes|c__Clostridia|o__Oscillospirales|f__Eubacterium_coprostanoligenes_group|g__None|s__None,0.4166666666666667
724,k__Bacteria|p__Firmicutes|c__Clostridia|o__Lachnospirales|f__Lachnospiraceae|g__Eubacterium_xylanophilum_group|s__None,905,k__Bacteria|p__Firmicutes|c__Clostridia|o__Peptostreptococcales-Tissierellales|f__Anaerovoracaceae|g__Family_XIII_AD3011_group|s__metagenome,0.5833333333333334
724,k__Bacteria|p__Firmicutes|c__Clostridia|o__Lachnospirales|f__Lachnospiraceae|g__Eubacterium_xylanophilum_group|s__None,925,k__Bacteria|p__Firmicutes|c__Clostridia|o__Peptostreptococcales-Tissierellales|f__Anaerovoracaceae|g__None|s__None,0.4166666666666667
724,k__Bacteria|p__Firmicutes|c__Clostridia|o__Lachnospirales|f__Lachnospiraceae|g__Eubacterium_xylanophilum_group|s__None,943,k__Bacteria|p__Firmicutes|c__Clostridia|o__Peptostreptococcales-Tissierellales|f__Peptostreptococcaceae|g__Intestinibacter|s__None,0.5
724,k__Bacteria|p__Firmicutes|c__Clostridia|o__Lachnospirales|f__Lachnospiraceae|g__Eubacterium_xylanophilum_group|s__None,951,k__Bacteria|p__Firmicutes|c__Clostridia|o__Peptostreptococcales-Tissierellales|f__Peptostreptococcaceae|g__Romboutsia|s__None,0.5
724,k__Bacteria|p__Firmicutes|c__Clostridia|o__Lachnospirales|f__Lachnospiraceae|g__Eubacterium_xylanophilum_group|s__None,956,k__Bacteria|p__Firmicutes|c__Clostridia|o__None|f__None|g__None|s__None,0.25
724,k__Bacteria|p__Firmicutes|c__Clostridia|o__Lachnospirales|f__Lachnospiraceae|g__Eubacterium_xylanophilum_group|s__None,966,k__Bacteria|p__Firmicutes|c__Negativicutes|o__Acidaminococcales|f__Acidaminococcaceae|g__Acidaminococcus|s__None,0.6666666666666666
724,k__Bacteria|p__Firmicutes|c__Clostridia|o__Lachnospirales|f__Lachnospiraceae|g__Eubacterium_xylanophilum_group|s__None,967,k__Bacteria|p__Firmicutes|c__Negativicutes|o__Acidaminococcales|f__Acidaminococcaceae|g__Phascolarctobacterium|s__None,0.6666666666666666
724,k__Bacteria|p__Firmicutes|c__Clostridia|o__Lachnospirales|f__Lachnospiraceae|g__Eubacterium_xylanophilum_group|s__None,986,k__Bacteria|p__Firmicutes|c__Negativicutes|o__Veillonellales-Selenomonadales|f__Veillonellaceae|g__Dialister|s__None,0.6666666666666666
724,k__Bacteria|p__Firmicutes|c__Clostridia|o__Lachnospirales|f__Lachnospiraceae|g__Eubacterium_xylanophilum_group|s__None,992,k__Bacteria|p__Firmicutes|c__Negativicutes|o__Veillonellales-Selenomonadales|f__Veillonellaceae|g__Veillonella|s__None,0.6666666666666666
724,k__Bacteria|p__Firmicutes|c__Clostridia|o__Lachnospirales|f__Lachnospiraceae|g__Eubacterium_xylanophilum_group|s__None,1055,k__Bacteria|p__Proteobacteria|c__Gammaproteobacteria|o__Burkholderiales|f__Sutterellaceae|g__Parasutterella|s__None,0.8333333333333334
724,k__Bacteria|p__Firmicutes|c__Clostridia|o__Lachnospirales|f__Lachnospiraceae|g__Eubacterium_xylanophilum_group|s__None,1069,k__Bacteria|p__Proteobacteria|c__Gammaproteobacteria|o__Enterobacterales|f__Enterobacteriaceae|g__Escherichia-Shigella|s__None,0.8333333333333334
724,k__Bacteria|p__Firmicutes|c__Clostridia|o__Lachnospirales|f__Lachnospiraceae|g__Eubacterium_xylanophilum_group|s__None,1089,k__Bacteria|p__Proteobacteria|c__Gammaproteobacteria|o__Pseudomonadales|f__Pseudomonadaceae|g__Pseudomonas|s__None,0.8333333333333334
724,k__Bacteria|p__Firmicutes|c__Clostridia|o__Lachnospirales|f__Lachnospiraceae|g__Eubacterium_xylanophilum_group|s__None,1132,k__Bacteria|p__Verrucomicrobiota|c__Verrucomicrobiae|o__Verrucomicrobiales|f__Akkermansiaceae|g__Akkermansia|s__None,0.8333333333333334
724,k__Bacteria|p__Firmicutes|c__Clostridia|o__Lachnospirales|f__Lachnospiraceae|g__Eubacterium_xylanophilum_group|s__None,1136,k__Bacteria|p__None|c__None|o__None|f__None|g__None|s__None,0.4166666666666667
730,k__Bacteria|p__Firmicutes|c__Clostridia|o__Lachnospirales|f__Lachnospiraceae|g__Ruminococcus_torques_group|s__None,732,k__Bacteria|p__Firmicutes|c__Clostridia|o__Lachnospirales|f__Lachnospiraceae|g__None|s__None,0.16666666666666666
730,k__Bacteria|p__Firmicutes|c__Clostridia|o__Lachnospirales|f__Lachnospiraceae|g__Ruminococcus_torques_group|s__None,733,k__Bacteria|p__Firmicutes|c__Clostridia|o__Lachnospirales|f__Lachnospiraceae|g__uncultured|s__None,0.16666666666666666
730,k__Bacteria|p__Firmicutes|c__Clostridia|o__Lachnospirales|f__Lachnospiraceae|g__Ruminococcus_torques_group|s__None,739,k__Bacteria|p__Firmicutes|c__Clostridia|o__Monoglobales|f__Monoglobaceae|g__Monoglobus|s__None,0.5
730,k__Bacteria|p__Firmicutes|c__Clostridia|o__Lachnospirales|f__Lachnospiraceae|g__Ruminococcus_torques_group|s__None,759,k__Bacteria|p__Firmicutes|c__Clostridia|o__Oscillospirales|f__Oscillospiraceae|g__Colidextribacter|s__None,0.5
730,k__Bacteria|p__Firmicutes|c__Clostridia|o__Lachnospirales|f__Lachnospiraceae|g__Ruminococcus_torques_group|s__None,767,k__Bacteria|p__Firmicutes|c__Clostridia|o__Oscillospirales|f__Oscillospiraceae|g__Flavonifractor|s__None,0.5
730,k__Bacteria|p__Firmicutes|c__Clostridia|o__Lachnospirales|f__Lachnospiraceae|g__Ruminococcus_torques_group|s__None,769,k__Bacteria|p__Firmicutes|c__Clostridia|o__Oscillospirales|f__Oscillospiraceae|g__Intestinimonas|s__None,0.5
730,k__Bacteria|p__Firmicutes|c__Clostridia|o__Lachnospirales|f__Lachnospiraceae|g__Ruminococcus_torques_group|s__None,770,k__Bacteria|p__Firmicutes|c__Clostridia|o__Oscillospirales|f__Oscillospiraceae|g__Intestinimonas|s__bacterium_P1C2,0.5833333333333334
730,k__Bacteria|p__Firmicutes|c__Clostridia|o__Lachnospirales|f__Lachnospiraceae|g__Ruminococcus_torques_group|s__None,779,k__Bacteria|p__Firmicutes|c__Clostridia|o__Oscillospirales|f__Oscillospiraceae|g__Oscillibacter|s__None,0.5
730,k__Bacteria|p__Firmicutes|c__Clostridia|o__Lachnospirales|f__Lachnospiraceae|g__Ruminococcus_torques_group|s__None,780,k__Bacteria|p__Firmicutes|c__Clostridia|o__Oscillospirales|f__Oscillospiraceae|g__Oscillibacter|s__metagenome,0.5833333333333334
730,k__Bacteria|p__Firmicutes|c__Clostridia|o__Lachnospirales|f__Lachnospiraceae|g__Ruminococcus_torques_group|s__None,790,k__Bacteria|p__Firmicutes|c__Clostridia|o__Oscillospirales|f__Oscillospiraceae|g__UCG-002|s__None,0.5
730,k__Bacteria|p__Firmicutes|c__Clostridia|o__Lachnospirales|f__Lachnospiraceae|g__Ruminococcus_torques_group|s__None,791,k__Bacteria|p__Firmicutes|c__Clostridia|o__Oscillospirales|f__Oscillospiraceae|g__UCG-003|s__None,0.5
730,k__Bacteria|p__Firmicutes|c__Clostridia|o__Lachnospirales|f__Lachnospiraceae|g__Ruminococcus_torques_group|s__None,794,k__Bacteria|p__Firmicutes|c__Clostridia|o__Oscillospirales|f__Oscillospiraceae|g__UCG-005|s__metagenome,0.5833333333333334
730,k__Bacteria|p__Firmicutes|c__Clostridia|o__Lachnospirales|f__Lachnospiraceae|g__Ruminococcus_torques_group|s__None,812,k__Bacteria|p__Firmicutes|c__Clostridia|o__Oscillospirales|f__Ruminococcaceae|g__Anaerofilum|s__metagenome,0.5833333333333334
730,k__Bacteria|p__Firmicutes|c__Clostridia|o__Lachnospirales|f__Lachnospiraceae|g__Ruminococcus_torques_group|s__None,832,k__Bacteria|p__Firmicutes|c__Clostridia|o__Oscillospirales|f__Ruminococcaceae|g__DTU089|s__None,0.5
730,k__Bacteria|p__Firmicutes|c__Clostridia|o__Lachnospirales|f__Lachnospiraceae|g__Ruminococcus_torques_group|s__None,833,k__Bacteria|p__Firmicutes|c__Clostridia|o__Oscillospirales|f__Ruminococcaceae|g__Faecalibacterium|s__None,0.5
730,k__Bacteria|p__Firmicutes|c__Clostridia|o__Lachnospirales|f__Lachnospiraceae|g__Ruminococcus_torques_group|s__None,839,k__Bacteria|p__Firmicutes|c__Clostridia|o__Oscillospirales|f__Ruminococcaceae|g__Incertae_Sedis|s__metagenome,0.5833333333333334
730,k__Bacteria|p__Firmicutes|c__Clostridia|o__Lachnospirales|f__Lachnospiraceae|g__Ruminococcus_torques_group|s__None,841,k__Bacteria|p__Firmicutes|c__Clostridia|o__Oscillospirales|f__Ruminococcaceae|g__Incertae_Sedis|s__None,0.5
730,k__Bacteria|p__Firmicutes|c__Clostridia|o__Lachnospirales|f__Lachnospiraceae|g__Ruminococcus_torques_group|s__None,859,k__Bacteria|p__Firmicutes|c__Clostridia|o__Oscillospirales|f__Ruminococcaceae|g__Ruminococcus|s__None,0.5
730,k__Bacteria|p__Firmicutes|c__Clostridia|o__Lachnospirales|f__Lachnospiraceae|g__Ruminococcus_torques_group|s__None,860,k__Bacteria|p__Firmicutes|c__Clostridia|o__Oscillospirales|f__Ruminococcaceae|g__Subdoligranulum|s__None,0.5
730,k__Bacteria|p__Firmicutes|c__Clostridia|o__Lachnospirales|f__Lachnospiraceae|g__Ruminococcus_torques_group|s__None,863,k__Bacteria|p__Firmicutes|c__Clostridia|o__Oscillospirales|f__Ruminococcaceae|g__UBA1819|s__None,0.5
730,k__Bacteria|p__Firmicutes|c__Clostridia|o__Lachnospirales|f__Lachnospiraceae|g__Ruminococcus_torques_group|s__None,865,k__Bacteria|p__Firmicutes|c__Clostridia|o__Oscillospirales|f__Ruminococcaceae|g__Eubacterium_siraeum_group|s__None,0.5
730,k__Bacteria|p__Firmicutes|c__Clostridia|o__Lachnospirales|f__Lachnospiraceae|g__Ruminococcus_torques_group|s__None,869,k__Bacteria|p__Firmicutes|c__Clostridia|o__Oscillospirales|f__Ruminococcaceae|g__None|s__None,0.4166666666666667
730,k__Bacteria|p__Firmicutes|c__Clostridia|o__Lachnospirales|f__Lachnospiraceae|g__Ruminococcus_torques_group|s__None,885,k__Bacteria|p__Firmicutes|c__Clostridia|o__Oscillospirales|f__Eubacterium_coprostanoligenes_group|g__None|s__None,0.4166666666666667
730,k__Bacteria|p__Firmicutes|c__Clostridia|o__Lachnospirales|f__Lachnospiraceae|g__Ruminococcus_torques_group|s__None,905,k__Bacteria|p__Firmicutes|c__Clostridia|o__Peptostreptococcales-Tissierellales|f__Anaerovoracaceae|g__Family_XIII_AD3011_group|s__metagenome,0.5833333333333334
730,k__Bacteria|p__Firmicutes|c__Clostridia|o__Lachnospirales|f__Lachnospiraceae|g__Ruminococcus_torques_group|s__None,925,k__Bacteria|p__Firmicutes|c__Clostridia|o__Peptostreptococcales-Tissierellales|f__Anaerovoracaceae|g__None|s__None,0.4166666666666667
730,k__Bacteria|p__Firmicutes|c__Clostridia|o__Lachnospirales|f__Lachnospiraceae|g__Ruminococcus_torques_group|s__None,943,k__Bacteria|p__Firmicutes|c__Clostridia|o__Peptostreptococcales-Tissierellales|f__Peptostreptococcaceae|g__Intestinibacter|s__None,0.5
730,k__Bacteria|p__Firmicutes|c__Clostridia|o__Lachnospirales|f__Lachnospiraceae|g__Ruminococcus_torques_group|s__None,951,k__Bacteria|p__Firmicutes|c__Clostridia|o__Peptostreptococcales-Tissierellales|f__Peptostreptococcaceae|g__Romboutsia|s__None,0.5
730,k__Bacteria|p__Firmicutes|c__Clostridia|o__Lachnospirales|f__Lachnospiraceae|g__Ruminococcus_torques_group|s__None,956,k__Bacteria|p__Firmicutes|c__Clostridia|o__None|f__None|g__None|s__None,0.25
730,k__Bacteria|p__Firmicutes|c__Clostridia|o__Lachnospirales|f__Lachnospiraceae|g__Ruminococcus_torques_group|s__None,966,k__Bacteria|p__Firmicutes|c__Negativicutes|o__Acidaminococcales|f__Acidaminococcaceae|g__Acidaminococcus|s__None,0.6666666666666666
730,k__Bacteria|p__Firmicutes|c__Clostridia|o__Lachnospirales|f__Lachnospiraceae|g__Ruminococcus_torques_group|s__None,967,k__Bacteria|p__Firmicutes|c__Negativicutes|o__Acidaminococcales|f__Acidaminococcaceae|g__Phascolarctobacterium|s__None,0.6666666666666666
730,k__Bacteria|p__Firmicutes|c__Clostridia|o__Lachnospirales|f__Lachnospiraceae|g__Ruminococcus_torques_group|s__None,986,k__Bacteria|p__Firmicutes|c__Negativicutes|o__Veillonellales-Selenomonadales|f__Veillonellaceae|g__Dialister|s__None,0.6666666666666666
730,k__Bacteria|p__Firmicutes|c__Clostridia|o__Lachnospirales|f__Lachnospiraceae|g__Ruminococcus_torques_group|s__None,992,k__Bacteria|p__Firmicutes|c__Negativicutes|o__Veillonellales-Selenomonadales|f__Veillonellaceae|g__Veillonella|s__None,0.6666666666666666
730,k__Bacteria|p__Firmicutes|c__Clostridia|o__Lachnospirales|f__Lachnospiraceae|g__Ruminococcus_torques_group|s__None,1055,k__Bacteria|p__Proteobacteria|c__Gammaproteobacteria|o__Burkholderiales|f__Sutterellaceae|g__Parasutterella|s__None,0.8333333333333334
730,k__Bacteria|p__Firmicutes|c__Clostridia|o__Lachnospirales|f__Lachnospiraceae|g__Ruminococcus_torques_group|s__None,1069,k__Bacteria|p__Proteobacteria|c__Gammaproteobacteria|o__Enterobacterales|f__Enterobacteriaceae|g__Escherichia-Shigella|s__None,0.8333333333333334
730,k__Bacteria|p__Firmicutes|c__Clostridia|o__Lachnospirales|f__Lachnospiraceae|g__Ruminococcus_torques_group|s__None,1089,k__Bacteria|p__Proteobacteria|c__Gammaproteobacteria|o__Pseudomonadales|f__Pseudomonadaceae|g__Pseudomonas|s__None,0.8333333333333334
730,k__Bacteria|p__Firmicutes|c__Clostridia|o__Lachnospirales|f__Lachnospiraceae|g__Ruminococcus_torques_group|s__None,1132,k__Bacteria|p__Verrucomicrobiota|c__Verrucomicrobiae|o__Verrucomicrobiales|f__Akkermansiaceae|g__Akkermansia|s__None,0.8333333333333334
730,k__Bacteria|p__Firmicutes|c__Clostridia|o__Lachnospirales|f__Lachnospiraceae|g__Ruminococcus_torques_group|s__None,1136,k__Bacteria|p__None|c__None|o__None|f__None|g__None|s__None,0.4166666666666667
732,k__Bacteria|p__Firmicutes|c__Clostridia|o__Lachnospirales|f__Lachnospiraceae|g__None|s__None,733,k__Bacteria|p__Firmicutes|c__Clostridia|o__Lachnospirales|f__Lachnospiraceae|g__uncultured|s__None,0.16666666666666666
732,k__Bacteria|p__Firmicutes|c__Clostridia|o__Lachnospirales|f__Lachnospiraceae|g__None|s__None,739,k__Bacteria|p__Firmicutes|c__Clostridia|o__Monoglobales|f__Monoglobaceae|g__Monoglobus|s__None,0.4166666666666667
732,k__Bacteria|p__Firmicutes|c__Clostridia|o__Lachnospirales|f__Lachnospiraceae|g__None|s__None,759,k__Bacteria|p__Firmicutes|c__Clostridia|o__Oscillospirales|f__Oscillospiraceae|g__Colidextribacter|s__None,0.4166666666666667
732,k__Bacteria|p__Firmicutes|c__Clostridia|o__Lachnospirales|f__Lachnospiraceae|g__None|s__None,767,k__Bacteria|p__Firmicutes|c__Clostridia|o__Oscillospirales|f__Oscillospiraceae|g__Flavonifractor|s__None,0.4166666666666667
732,k__Bacteria|p__Firmicutes|c__Clostridia|o__Lachnospirales|f__Lachnospiraceae|g__None|s__None,769,k__Bacteria|p__Firmicutes|c__Clostridia|o__Oscillospirales|f__Oscillospiraceae|g__Intestinimonas|s__None,0.4166666666666667
732,k__Bacteria|p__Firmicutes|c__Clostridia|o__Lachnospirales|f__Lachnospiraceae|g__None|s__None,770,k__Bacteria|p__Firmicutes|c__Clostridia|o__Oscillospirales|f__Oscillospiraceae|g__Intestinimonas|s__bacterium_P1C2,0.5
732,k__Bacteria|p__Firmicutes|c__Clostridia|o__Lachnospirales|f__Lachnospiraceae|g__None|s__None,779,k__Bacteria|p__Firmicutes|c__Clostridia|o__Oscillospirales|f__Oscillospiraceae|g__Oscillibacter|s__None,0.4166666666666667
732,k__Bacteria|p__Firmicutes|c__Clostridia|o__Lachnospirales|f__Lachnospiraceae|g__None|s__None,780,k__Bacteria|p__Firmicutes|c__Clostridia|o__Oscillospirales|f__Oscillospiraceae|g__Oscillibacter|s__metagenome,0.5
732,k__Bacteria|p__Firmicutes|c__Clostridia|o__Lachnospirales|f__Lachnospiraceae|g__None|s__None,790,k__Bacteria|p__Firmicutes|c__Clostridia|o__Oscillospirales|f__Oscillospiraceae|g__UCG-002|s__None,0.4166666666666667
732,k__Bacteria|p__Firmicutes|c__Clostridia|o__Lachnospirales|f__Lachnospiraceae|g__None|s__None,791,k__Bacteria|p__Firmicutes|c__Clostridia|o__Oscillospirales|f__Oscillospiraceae|g__UCG-003|s__None,0.4166666666666667
732,k__Bacteria|p__Firmicutes|c__Clostridia|o__Lachnospirales|f__Lachnospiraceae|g__None|s__None,794,k__Bacteria|p__Firmicutes|c__Clostridia|o__Oscillospirales|f__Oscillospiraceae|g__UCG-005|s__metagenome,0.5
732,k__Bacteria|p__Firmicutes|c__Clostridia|o__Lachnospirales|f__Lachnospiraceae|g__None|s__None,812,k__Bacteria|p__Firmicutes|c__Clostridia|o__Oscillospirales|f__Ruminococcaceae|g__Anaerofilum|s__metagenome,0.5
732,k__Bacteria|p__Firmicutes|c__Clostridia|o__Lachnospirales|f__Lachnospiraceae|g__None|s__None,832,k__Bacteria|p__Firmicutes|c__Clostridia|o__Oscillospirales|f__Ruminococcaceae|g__DTU089|s__None,0.4166666666666667
732,k__Bacteria|p__Firmicutes|c__Clostridia|o__Lachnospirales|f__Lachnospiraceae|g__None|s__None,833,k__Bacteria|p__Firmicutes|c__Clostridia|o__Oscillospirales|f__Ruminococcaceae|g__Faecalibacterium|s__None,0.4166666666666667
732,k__Bacteria|p__Firmicutes|c__Clostridia|o__Lachnospirales|f__Lachnospiraceae|g__None|s__None,839,k__Bacteria|p__Firmicutes|c__Clostridia|o__Oscillospirales|f__Ruminococcaceae|g__Incertae_Sedis|s__metagenome,0.5
732,k__Bacteria|p__Firmicutes|c__Clostridia|o__Lachnospirales|f__Lachnospiraceae|g__None|s__None,841,k__Bacteria|p__Firmicutes|c__Clostridia|o__Oscillospirales|f__Ruminococcaceae|g__Incertae_Sedis|s__None,0.4166666666666667
732,k__Bacteria|p__Firmicutes|c__Clostridia|o__Lachnospirales|f__Lachnospiraceae|g__None|s__None,859,k__Bacteria|p__Firmicutes|c__Clostridia|o__Oscillospirales|f__Ruminococcaceae|g__Ruminococcus|s__None,0.4166666666666667
732,k__Bacteria|p__Firmicutes|c__Clostridia|o__Lachnospirales|f__Lachnospiraceae|g__None|s__None,860,k__Bacteria|p__Firmicutes|c__Clostridia|o__Oscillospirales|f__Ruminococcaceae|g__Subdoligranulum|s__None,0.4166666666666667
732,k__Bacteria|p__Firmicutes|c__Clostridia|o__Lachnospirales|f__Lachnospiraceae|g__None|s__None,863,k__Bacteria|p__Firmicutes|c__Clostridia|o__Oscillospirales|f__Ruminococcaceae|g__UBA1819|s__None,0.4166666666666667
732,k__Bacteria|p__Firmicutes|c__Clostridia|o__Lachnospirales|f__Lachnospiraceae|g__None|s__None,865,k__Bacteria|p__Firmicutes|c__Clostridia|o__Oscillospirales|f__Ruminococcaceae|g__Eubacterium_siraeum_group|s__None,0.4166666666666667
732,k__Bacteria|p__Firmicutes|c__Clostridia|o__Lachnospirales|f__Lachnospiraceae|g__None|s__None,869,k__Bacteria|p__Firmicutes|c__Clostridia|o__Oscillospirales|f__Ruminococcaceae|g__None|s__None,0.3333333333333333
732,k__Bacteria|p__Firmicutes|c__Clostridia|o__Lachnospirales|f__Lachnospiraceae|g__None|s__None,885,k__Bacteria|p__Firmicutes|c__Clostridia|o__Oscillospirales|f__Eubacterium_coprostanoligenes_group|g__None|s__None,0.3333333333333333
732,k__Bacteria|p__Firmicutes|c__Clostridia|o__Lachnospirales|f__Lachnospiraceae|g__None|s__None,905,k__Bacteria|p__Firmicutes|c__Clostridia|o__Peptostreptococcales-Tissierellales|f__Anaerovoracaceae|g__Family_XIII_AD3011_group|s__metagenome,0.5
732,k__Bacteria|p__Firmicutes|c__Clostridia|o__Lachnospirales|f__Lachnospiraceae|g__None|s__None,925,k__Bacteria|p__Firmicutes|c__Clostridia|o__Peptostreptococcales-Tissierellales|f__Anaerovoracaceae|g__None|s__None,0.3333333333333333
732,k__Bacteria|p__Firmicutes|c__Clostridia|o__Lachnospirales|f__Lachnospiraceae|g__None|s__None,943,k__Bacteria|p__Firmicutes|c__Clostridia|o__Peptostreptococcales-Tissierellales|f__Peptostreptococcaceae|g__Intestinibacter|s__None,0.4166666666666667
732,k__Bacteria|p__Firmicutes|c__Clostridia|o__Lachnospirales|f__Lachnospiraceae|g__None|s__None,951,k__Bacteria|p__Firmicutes|c__Clostridia|o__Peptostreptococcales-Tissierellales|f__Peptostreptococcaceae|g__Romboutsia|s__None,0.4166666666666667
732,k__Bacteria|p__Firmicutes|c__Clostridia|o__Lachnospirales|f__Lachnospiraceae|g__None|s__None,956,k__Bacteria|p__Firmicutes|c__Clostridia|o__None|f__None|g__None|s__None,0.16666666666666666
732,k__Bacteria|p__Firmicutes|c__Clostridia|o__Lachnospirales|f__Lachnospiraceae|g__None|s__None,966,k__Bacteria|p__Firmicutes|c__Negativicutes|o__Acidaminococcales|f__Acidaminococcaceae|g__Acidaminococcus|s__None,0.5833333333333334
732,k__Bacteria|p__Firmicutes|c__Clostridia|o__Lachnospirales|f__Lachnospiraceae|g__None|s__None,967,k__Bacteria|p__Firmicutes|c__Negativicutes|o__Acidaminococcales|f__Acidaminococcaceae|g__Phascolarctobacterium|s__None,0.5833333333333334
732,k__Bacteria|p__Firmicutes|c__Clostridia|o__Lachnospirales|f__Lachnospiraceae|g__None|s__None,986,k__Bacteria|p__Firmicutes|c__Negativicutes|o__Veillonellales-Selenomonadales|f__Veillonellaceae|g__Dialister|s__None,0.5833333333333334
732,k__Bacteria|p__Firmicutes|c__Clostridia|o__Lachnospirales|f__Lachnospiraceae|g__None|s__None,992,k__Bacteria|p__Firmicutes|c__Negativicutes|o__Veillonellales-Selenomonadales|f__Veillonellaceae|g__Veillonella|s__None,0.5833333333333334
732,k__Bacteria|p__Firmicutes|c__Clostridia|o__Lachnospirales|f__Lachnospiraceae|g__None|s__None,1055,k__Bacteria|p__Proteobacteria|c__Gammaproteobacteria|o__Burkholderiales|f__Sutterellaceae|g__Parasutterella|s__None,0.75
732,k__Bacteria|p__Firmicutes|c__Clostridia|o__Lachnospirales|f__Lachnospiraceae|g__None|s__None,1069,k__Bacteria|p__Proteobacteria|c__Gammaproteobacteria|o__Enterobacterales|f__Enterobacteriaceae|g__Escherichia-Shigella|s__None,0.75
732,k__Bacteria|p__Firmicutes|c__Clostridia|o__Lachnospirales|f__Lachnospiraceae|g__None|s__None,1089,k__Bacteria|p__Proteobacteria|c__Gammaproteobacteria|o__Pseudomonadales|f__Pseudomonadaceae|g__Pseudomonas|s__None,0.75
732,k__Bacteria|p__Firmicutes|c__Clostridia|o__Lachnospirales|f__Lachnospiraceae|g__None|s__None,1132,k__Bacteria|p__Verrucomicrobiota|c__Verrucomicrobiae|o__Verrucomicrobiales|f__Akkermansiaceae|g__Akkermansia|s__None,0.75
732,k__Bacteria|p__Firmicutes|c__Clostridia|o__Lachnospirales|f__Lachnospiraceae|g__None|s__None,1136,k__Bacteria|p__None|c__None|o__None|f__None|g__None|s__None,0.3333333333333333
733,k__Bacteria|p__Firmicutes|c__Clostridia|o__Lachnospirales|f__Lachnospiraceae|g__uncultured|s__None,739,k__Bacteria|p__Firmicutes|c__Clostridia|o__Monoglobales|f__Monoglobaceae|g__Monoglobus|s__None,0.5
733,k__Bacteria|p__Firmicutes|c__Clostridia|o__Lachnospirales|f__Lachnospiraceae|g__uncultured|s__None,759,k__Bacteria|p__Firmicutes|c__Clostridia|o__Oscillospirales|f__Oscillospiraceae|g__Colidextribacter|s__None,0.5
733,k__Bacteria|p__Firmicutes|c__Clostridia|o__Lachnospirales|f__Lachnospiraceae|g__uncultured|s__None,767,k__Bacteria|p__Firmicutes|c__Clostridia|o__Oscillospirales|f__Oscillospiraceae|g__Flavonifractor|s__None,0.5
733,k__Bacteria|p__Firmicutes|c__Clostridia|o__Lachnospirales|f__Lachnospiraceae|g__uncultured|s__None,769,k__Bacteria|p__Firmicutes|c__Clostridia|o__Oscillospirales|f__Oscillospiraceae|g__Intestinimonas|s__None,0.5
733,k__Bacteria|p__Firmicutes|c__Clostridia|o__Lachnospirales|f__Lachnospiraceae|g__uncultured|s__None,770,k__Bacteria|p__Firmicutes|c__Clostridia|o__Oscillospirales|f__Oscillospiraceae|g__Intestinimonas|s__bacterium_P1C2,0.5833333333333334
733,k__Bacteria|p__Firmicutes|c__Clostridia|o__Lachnospirales|f__Lachnospiraceae|g__uncultured|s__None,779,k__Bacteria|p__Firmicutes|c__Clostridia|o__Oscillospirales|f__Oscillospiraceae|g__Oscillibacter|s__None,0.5
733,k__Bacteria|p__Firmicutes|c__Clostridia|o__Lachnospirales|f__Lachnospiraceae|g__uncultured|s__None,780,k__Bacteria|p__Firmicutes|c__Clostridia|o__Oscillospirales|f__Oscillospiraceae|g__Oscillibacter|s__metagenome,0.5833333333333334
733,k__Bacteria|p__Firmicutes|c__Clostridia|o__Lachnospirales|f__Lachnospiraceae|g__uncultured|s__None,790,k__Bacteria|p__Firmicutes|c__Clostridia|o__Oscillospirales|f__Oscillospiraceae|g__UCG-002|s__None,0.5
733,k__Bacteria|p__Firmicutes|c__Clostridia|o__Lachnospirales|f__Lachnospiraceae|g__uncultured|s__None,791,k__Bacteria|p__Firmicutes|c__Clostridia|o__Oscillospirales|f__Oscillospiraceae|g__UCG-003|s__None,0.5
733,k__Bacteria|p__Firmicutes|c__Clostridia|o__Lachnospirales|f__Lachnospiraceae|g__uncultured|s__None,794,k__Bacteria|p__Firmicutes|c__Clostridia|o__Oscillospirales|f__Oscillospiraceae|g__UCG-005|s__metagenome,0.5833333333333334
733,k__Bacteria|p__Firmicutes|c__Clostridia|o__Lachnospirales|f__Lachnospiraceae|g__uncultured|s__None,812,k__Bacteria|p__Firmicutes|c__Clostridia|o__Oscillospirales|f__Ruminococcaceae|g__Anaerofilum|s__metagenome,0.5833333333333334
733,k__Bacteria|p__Firmicutes|c__Clostridia|o__Lachnospirales|f__Lachnospiraceae|g__uncultured|s__None,832,k__Bacteria|p__Firmicutes|c__Clostridia|o__Oscillospirales|f__Ruminococcaceae|g__DTU089|s__None,0.5
733,k__Bacteria|p__Firmicutes|c__Clostridia|o__Lachnospirales|f__Lachnospiraceae|g__uncultured|s__None,833,k__Bacteria|p__Firmicutes|c__Clostridia|o__Oscillospirales|f__Ruminococcaceae|g__Faecalibacterium|s__None,0.5
733,k__Bacteria|p__Firmicutes|c__Clostridia|o__Lachnospirales|f__Lachnospiraceae|g__uncultured|s__None,839,k__Bacteria|p__Firmicutes|c__Clostridia|o__Oscillospirales|f__Ruminococcaceae|g__Incertae_Sedis|s__metagenome,0.5833333333333334
733,k__Bacteria|p__Firmicutes|c__Clostridia|o__Lachnospirales|f__Lachnospiraceae|g__uncultured|s__None,841,k__Bacteria|p__Firmicutes|c__Clostridia|o__Oscillospirales|f__Ruminococcaceae|g__Incertae_Sedis|s__None,0.5
733,k__Bacteria|p__Firmicutes|c__Clostridia|o__Lachnospirales|f__Lachnospiraceae|g__uncultured|s__None,859,k__Bacteria|p__Firmicutes|c__Clostridia|o__Oscillospirales|f__Ruminococcaceae|g__Ruminococcus|s__None,0.5
733,k__Bacteria|p__Firmicutes|c__Clostridia|o__Lachnospirales|f__Lachnospiraceae|g__uncultured|s__None,860,k__Bacteria|p__Firmicutes|c__Clostridia|o__Oscillospirales|f__Ruminococcaceae|g__Subdoligranulum|s__None,0.5
733,k__Bacteria|p__Firmicutes|c__Clostridia|o__Lachnospirales|f__Lachnospiraceae|g__uncultured|s__None,863,k__Bacteria|p__Firmicutes|c__Clostridia|o__Oscillospirales|f__Ruminococcaceae|g__UBA1819|s__None,0.5
733,k__Bacteria|p__Firmicutes|c__Clostridia|o__Lachnospirales|f__Lachnospiraceae|g__uncultured|s__None,865,k__Bacteria|p__Firmicutes|c__Clostridia|o__Oscillospirales|f__Ruminococcaceae|g__Eubacterium_siraeum_group|s__None,0.5
733,k__Bacteria|p__Firmicutes|c__Clostridia|o__Lachnospirales|f__Lachnospiraceae|g__uncultured|s__None,869,k__Bacteria|p__Firmicutes|c__Clostridia|o__Oscillospirales|f__Ruminococcaceae|g__None|s__None,0.4166666666666667
733,k__Bacteria|p__Firmicutes|c__Clostridia|o__Lachnospirales|f__Lachnospiraceae|g__uncultured|s__None,885,k__Bacteria|p__Firmicutes|c__Clostridia|o__Oscillospirales|f__Eubacterium_coprostanoligenes_group|g__None|s__None,0.4166666666666667
733,k__Bacteria|p__Firmicutes|c__Clostridia|o__Lachnospirales|f__Lachnospiraceae|g__uncultured|s__None,905,k__Bacteria|p__Firmicutes|c__Clostridia|o__Peptostreptococcales-Tissierellales|f__Anaerovoracaceae|g__Family_XIII_AD3011_group|s__metagenome,0.5833333333333334
733,k__Bacteria|p__Firmicutes|c__Clostridia|o__Lachnospirales|f__Lachnospiraceae|g__uncultured|s__None,925,k__Bacteria|p__Firmicutes|c__Clostridia|o__Peptostreptococcales-Tissierellales|f__Anaerovoracaceae|g__None|s__None,0.4166666666666667
733,k__Bacteria|p__Firmicutes|c__Clostridia|o__Lachnospirales|f__Lachnospiraceae|g__uncultured|s__None,943,k__Bacteria|p__Firmicutes|c__Clostridia|o__Peptostreptococcales-Tissierellales|f__Peptostreptococcaceae|g__Intestinibacter|s__None,0.5
733,k__Bacteria|p__Firmicutes|c__Clostridia|o__Lachnospirales|f__Lachnospiraceae|g__uncultured|s__None,951,k__Bacteria|p__Firmicutes|c__Clostridia|o__Peptostreptococcales-Tissierellales|f__Peptostreptococcaceae|g__Romboutsia|s__None,0.5
733,k__Bacteria|p__Firmicutes|c__Clostridia|o__Lachnospirales|f__Lachnospiraceae|g__uncultured|s__None,956,k__Bacteria|p__Firmicutes|c__Clostridia|o__None|f__None|g__None|s__None,0.25
733,k__Bacteria|p__Firmicutes|c__Clostridia|o__Lachnospirales|f__Lachnospiraceae|g__uncultured|s__None,966,k__Bacteria|p__Firmicutes|c__Negativicutes|o__Acidaminococcales|f__Acidaminococcaceae|g__Acidaminococcus|s__None,0.6666666666666666
733,k__Bacteria|p__Firmicutes|c__Clostridia|o__Lachnospirales|f__Lachnospiraceae|g__uncultured|s__None,967,k__Bacteria|p__Firmicutes|c__Negativicutes|o__Acidaminococcales|f__Acidaminococcaceae|g__Phascolarctobacterium|s__None,0.6666666666666666
733,k__Bacteria|p__Firmicutes|c__Clostridia|o__Lachnospirales|f__Lachnospiraceae|g__uncultured|s__None,986,k__Bacteria|p__Firmicutes|c__Negativicutes|o__Veillonellales-Selenomonadales|f__Veillonellaceae|g__Dialister|s__None,0.6666666666666666
733,k__Bacteria|p__Firmicutes|c__Clostridia|o__Lachnospirales|f__Lachnospiraceae|g__uncultured|s__None,992,k__Bacteria|p__Firmicutes|c__Negativicutes|o__Veillonellales-Selenomonadales|f__Veillonellaceae|g__Veillonella|s__None,0.6666666666666666
733,k__Bacteria|p__Firmicutes|c__Clostridia|o__Lachnospirales|f__Lachnospiraceae|g__uncultured|s__None,1055,k__Bacteria|p__Proteobacteria|c__Gammaproteobacteria|o__Burkholderiales|f__Sutterellaceae|g__Parasutterella|s__None,0.8333333333333334
733,k__Bacteria|p__Firmicutes|c__Clostridia|o__Lachnospirales|f__Lachnospiraceae|g__uncultured|s__None,1069,k__Bacteria|p__Proteobacteria|c__Gammaproteobacteria|o__Enterobacterales|f__Enterobacteriaceae|g__Escherichia-Shigella|s__None,0.8333333333333334
733,k__Bacteria|p__Firmicutes|c__Clostridia|o__Lachnospirales|f__Lachnospiraceae|g__uncultured|s__None,1089,k__Bacteria|p__Proteobacteria|c__Gammaproteobacteria|o__Pseudomonadales|f__Pseudomonadaceae|g__Pseudomonas|s__None,0.8333333333333334
733,k__Bacteria|p__Firmicutes|c__Clostridia|o__Lachnospirales|f__Lachnospiraceae|g__uncultured|s__None,1132,k__Bacteria|p__Verrucomicrobiota|c__Verrucomicrobiae|o__Verrucomicrobiales|f__Akkermansiaceae|g__Akkermansia|s__None,0.8333333333333334
733,k__Bacteria|p__Firmicutes|c__Clostridia|o__Lachnospirales|f__Lachnospiraceae|g__uncultured|s__None,1136,k__Bacteria|p__None|c__None|o__None|f__None|g__None|s__None,0.4166666666666667
739,k__Bacteria|p__Firmicutes|c__Clostridia|o__Monoglobales|f__Monoglobaceae|g__Monoglobus|s__None,759,k__Bacteria|p__Firmicutes|c__Clostridia|o__Oscillospirales|f__Oscillospiraceae|g__Colidextribacter|s__None,0.5
739,k__Bacteria|p__Firmicutes|c__Clostridia|o__Monoglobales|f__Monoglobaceae|g__Monoglobus|s__None,767,k__Bacteria|p__Firmicutes|c__Clostridia|o__Oscillospirales|f__Oscillospiraceae|g__Flavonifractor|s__None,0.5
739,k__Bacteria|p__Firmicutes|c__Clostridia|o__Monoglobales|f__Monoglobaceae|g__Monoglobus|s__None,769,k__Bacteria|p__Firmicutes|c__Clostridia|o__Oscillospirales|f__Oscillospiraceae|g__Intestinimonas|s__None,0.5
739,k__Bacteria|p__Firmicutes|c__Clostridia|o__Monoglobales|f__Monoglobaceae|g__Monoglobus|s__None,770,k__Bacteria|p__Firmicutes|c__Clostridia|o__Oscillospirales|f__Oscillospiraceae|g__Intestinimonas|s__bacterium_P1C2,0.5833333333333334
739,k__Bacteria|p__Firmicutes|c__Clostridia|o__Monoglobales|f__Monoglobaceae|g__Monoglobus|s__None,779,k__Bacteria|p__Firmicutes|c__Clostridia|o__Oscillospirales|f__Oscillospiraceae|g__Oscillibacter|s__None,0.5
739,k__Bacteria|p__Firmicutes|c__Clostridia|o__Monoglobales|f__Monoglobaceae|g__Monoglobus|s__None,780,k__Bacteria|p__Firmicutes|c__Clostridia|o__Oscillospirales|f__Oscillospiraceae|g__Oscillibacter|s__metagenome,0.5833333333333334
739,k__Bacteria|p__Firmicutes|c__Clostridia|o__Monoglobales|f__Monoglobaceae|g__Monoglobus|s__None,790,k__Bacteria|p__Firmicutes|c__Clostridia|o__Oscillospirales|f__Oscillospiraceae|g__UCG-002|s__None,0.5
739,k__Bacteria|p__Firmicutes|c__Clostridia|o__Monoglobales|f__Monoglobaceae|g__Monoglobus|s__None,791,k__Bacteria|p__Firmicutes|c__Clostridia|o__Oscillospirales|f__Oscillospiraceae|g__UCG-003|s__None,0.5
739,k__Bacteria|p__Firmicutes|c__Clostridia|o__Monoglobales|f__Monoglobaceae|g__Monoglobus|s__None,794,k__Bacteria|p__Firmicutes|c__Clostridia|o__Oscillospirales|f__Oscillospiraceae|g__UCG-005|s__metagenome,0.5833333333333334
739,k__Bacteria|p__Firmicutes|c__Clostridia|o__Monoglobales|f__Monoglobaceae|g__Monoglobus|s__None,812,k__Bacteria|p__Firmicutes|c__Clostridia|o__Oscillospirales|f__Ruminococcaceae|g__Anaerofilum|s__metagenome,0.5833333333333334
739,k__Bacteria|p__Firmicutes|c__Clostridia|o__Monoglobales|f__Monoglobaceae|g__Monoglobus|s__None,832,k__Bacteria|p__Firmicutes|c__Clostridia|o__Oscillospirales|f__Ruminococcaceae|g__DTU089|s__None,0.5
739,k__Bacteria|p__Firmicutes|c__Clostridia|o__Monoglobales|f__Monoglobaceae|g__Monoglobus|s__None,833,k__Bacteria|p__Firmicutes|c__Clostridia|o__Oscillospirales|f__Ruminococcaceae|g__Faecalibacterium|s__None,0.5
739,k__Bacteria|p__Firmicutes|c__Clostridia|o__Monoglobales|f__Monoglobaceae|g__Monoglobus|s__None,839,k__Bacteria|p__Firmicutes|c__Clostridia|o__Oscillospirales|f__Ruminococcaceae|g__Incertae_Sedis|s__metagenome,0.5833333333333334
739,k__Bacteria|p__Firmicutes|c__Clostridia|o__Monoglobales|f__Monoglobaceae|g__Monoglobus|s__None,841,k__Bacteria|p__Firmicutes|c__Clostridia|o__Oscillospirales|f__Ruminococcaceae|g__Incertae_Sedis|s__None,0.5
739,k__Bacteria|p__Firmicutes|c__Clostridia|o__Monoglobales|f__Monoglobaceae|g__Monoglobus|s__None,859,k__Bacteria|p__Firmicutes|c__Clostridia|o__Oscillospirales|f__Ruminococcaceae|g__Ruminococcus|s__None,0.5
739,k__Bacteria|p__Firmicutes|c__Clostridia|o__Monoglobales|f__Monoglobaceae|g__Monoglobus|s__None,860,k__Bacteria|p__Firmicutes|c__Clostridia|o__Oscillospirales|f__Ruminococcaceae|g__Subdoligranulum|s__None,0.5
739,k__Bacteria|p__Firmicutes|c__Clostridia|o__Monoglobales|f__Monoglobaceae|g__Monoglobus|s__None,863,k__Bacteria|p__Firmicutes|c__Clostridia|o__Oscillospirales|f__Ruminococcaceae|g__UBA1819|s__None,0.5
739,k__Bacteria|p__Firmicutes|c__Clostridia|o__Monoglobales|f__Monoglobaceae|g__Monoglobus|s__None,865,k__Bacteria|p__Firmicutes|c__Clostridia|o__Oscillospirales|f__Ruminococcaceae|g__Eubacterium_siraeum_group|s__None,0.5
739,k__Bacteria|p__Firmicutes|c__Clostridia|o__Monoglobales|f__Monoglobaceae|g__Monoglobus|s__None,869,k__Bacteria|p__Firmicutes|c__Clostridia|o__Oscillospirales|f__Ruminococcaceae|g__None|s__None,0.4166666666666667
739,k__Bacteria|p__Firmicutes|c__Clostridia|o__Monoglobales|f__Monoglobaceae|g__Monoglobus|s__None,885,k__Bacteria|p__Firmicutes|c__Clostridia|o__Oscillospirales|f__Eubacterium_coprostanoligenes_group|g__None|s__None,0.4166666666666667
739,k__Bacteria|p__Firmicutes|c__Clostridia|o__Monoglobales|f__Monoglobaceae|g__Monoglobus|s__None,905,k__Bacteria|p__Firmicutes|c__Clostridia|o__Peptostreptococcales-Tissierellales|f__Anaerovoracaceae|g__Family_XIII_AD3011_group|s__metagenome,0.5833333333333334
739,k__Bacteria|p__Firmicutes|c__Clostridia|o__Monoglobales|f__Monoglobaceae|g__Monoglobus|s__None,925,k__Bacteria|p__Firmicutes|c__Clostridia|o__Peptostreptococcales-Tissierellales|f__Anaerovoracaceae|g__None|s__None,0.4166666666666667
739,k__Bacteria|p__Firmicutes|c__Clostridia|o__Monoglobales|f__Monoglobaceae|g__Monoglobus|s__None,943,k__Bacteria|p__Firmicutes|c__Clostridia|o__Peptostreptococcales-Tissierellales|f__Peptostreptococcaceae|g__Intestinibacter|s__None,0.5
739,k__Bacteria|p__Firmicutes|c__Clostridia|o__Monoglobales|f__Monoglobaceae|g__Monoglobus|s__None,951,k__Bacteria|p__Firmicutes|c__Clostridia|o__Peptostreptococcales-Tissierellales|f__Peptostreptococcaceae|g__Romboutsia|s__None,0.5
739,k__Bacteria|p__Firmicutes|c__Clostridia|o__Monoglobales|f__Monoglobaceae|g__Monoglobus|s__None,956,k__Bacteria|p__Firmicutes|c__Clostridia|o__None|f__None|g__None|s__None,0.25
739,k__Bacteria|p__Firmicutes|c__Clostridia|o__Monoglobales|f__Monoglobaceae|g__Monoglobus|s__None,966,k__Bacteria|p__Firmicutes|c__Negativicutes|o__Acidaminococcales|f__Acidaminococcaceae|g__Acidaminococcus|s__None,0.6666666666666666
739,k__Bacteria|p__Firmicutes|c__Clostridia|o__Monoglobales|f__Monoglobaceae|g__Monoglobus|s__None,967,k__Bacteria|p__Firmicutes|c__Negativicutes|o__Acidaminococcales|f__Acidaminococcaceae|g__Phascolarctobacterium|s__None,0.6666666666666666
739,k__Bacteria|p__Firmicutes|c__Clostridia|o__Monoglobales|f__Monoglobaceae|g__Monoglobus|s__None,986,k__Bacteria|p__Firmicutes|c__Negativicutes|o__Veillonellales-Selenomonadales|f__Veillonellaceae|g__Dialister|s__None,0.6666666666666666
739,k__Bacteria|p__Firmicutes|c__Clostridia|o__Monoglobales|f__Monoglobaceae|g__Monoglobus|s__None,992,k__Bacteria|p__Firmicutes|c__Negativicutes|o__Veillonellales-Selenomonadales|f__Veillonellaceae|g__Veillonella|s__None,0.6666666666666666
739,k__Bacteria|p__Firmicutes|c__Clostridia|o__Monoglobales|f__Monoglobaceae|g__Monoglobus|s__None,1055,k__Bacteria|p__Proteobacteria|c__Gammaproteobacteria|o__Burkholderiales|f__Sutterellaceae|g__Parasutterella|s__None,0.8333333333333334
739,k__Bacteria|p__Firmicutes|c__Clostridia|o__Monoglobales|f__Monoglobaceae|g__Monoglobus|s__None,1069,k__Bacteria|p__Proteobacteria|c__Gammaproteobacteria|o__Enterobacterales|f__Enterobacteriaceae|g__Escherichia-Shigella|s__None,0.8333333333333334
739,k__Bacteria|p__Firmicutes|c__Clostridia|o__Monoglobales|f__Monoglobaceae|g__Monoglobus|s__None,1089,k__Bacteria|p__Proteobacteria|c__Gammaproteobacteria|o__Pseudomonadales|f__Pseudomonadaceae|g__Pseudomonas|s__None,0.8333333333333334
739,k__Bacteria|p__Firmicutes|c__Clostridia|o__Monoglobales|f__Monoglobaceae|g__Monoglobus|s__None,1132,k__Bacteria|p__Verrucomicrobiota|c__Verrucomicrobiae|o__Verrucomicrobiales|f__Akkermansiaceae|g__Akkermansia|s__None,0.8333333333333334
739,k__Bacteria|p__Firmicutes|c__Clostridia|o__Monoglobales|f__Monoglobaceae|g__Monoglobus|s__None,1136,k__Bacteria|p__None|c__None|o__None|f__None|g__None|s__None,0.4166666666666667
759,k__Bacteria|p__Firmicutes|c__Clostridia|o__Oscillospirales|f__Oscillospiraceae|g__Colidextribacter|s__None,767,k__Bacteria|p__Firmicutes|c__Clostridia|o__Oscillospirales|f__Oscillospiraceae|g__Flavonifractor|s__None,0.16666666666666666
759,k__Bacteria|p__Firmicutes|c__Clostridia|o__Oscillospirales|f__Oscillospiraceae|g__Colidextribacter|s__None,769,k__Bacteria|p__Firmicutes|c__Clostridia|o__Oscillospirales|f__Oscillospiraceae|g__Intestinimonas|s__None,0.16666666666666666
759,k__Bacteria|p__Firmicutes|c__Clostridia|o__Oscillospirales|f__Oscillospiraceae|g__Colidextribacter|s__None,770,k__Bacteria|p__Firmicutes|c__Clostridia|o__Oscillospirales|f__Oscillospiraceae|g__Intestinimonas|s__bacterium_P1C2,0.25
759,k__Bacteria|p__Firmicutes|c__Clostridia|o__Oscillospirales|f__Oscillospiraceae|g__Colidextribacter|s__None,779,k__Bacteria|p__Firmicutes|c__Clostridia|o__Oscillospirales|f__Oscillospiraceae|g__Oscillibacter|s__None,0.16666666666666666
759,k__Bacteria|p__Firmicutes|c__Clostridia|o__Oscillospirales|f__Oscillospiraceae|g__Colidextribacter|s__None,780,k__Bacteria|p__Firmicutes|c__Clostridia|o__Oscillospirales|f__Oscillospiraceae|g__Oscillibacter|s__metagenome,0.25
759,k__Bacteria|p__Firmicutes|c__Clostridia|o__Oscillospirales|f__Oscillospiraceae|g__Colidextribacter|s__None,790,k__Bacteria|p__Firmicutes|c__Clostridia|o__Oscillospirales|f__Oscillospiraceae|g__UCG-002|s__None,0.16666666666666666
759,k__Bacteria|p__Firmicutes|c__Clostridia|o__Oscillospirales|f__Oscillospiraceae|g__Colidextribacter|s__None,791,k__Bacteria|p__Firmicutes|c__Clostridia|o__Oscillospirales|f__Oscillospiraceae|g__UCG-003|s__None,0.16666666666666666
759,k__Bacteria|p__Firmicutes|c__Clostridia|o__Oscillospirales|f__Oscillospiraceae|g__Colidextribacter|s__None,794,k__Bacteria|p__Firmicutes|c__Clostridia|o__Oscillospirales|f__Oscillospiraceae|g__UCG-005|s__metagenome,0.25
759,k__Bacteria|p__Firmicutes|c__Clostridia|o__Oscillospirales|f__Oscillospiraceae|g__Colidextribacter|s__None,812,k__Bacteria|p__Firmicutes|c__Clostridia|o__Oscillospirales|f__Ruminococcaceae|g__Anaerofilum|s__metagenome,0.4166666666666667
759,k__Bacteria|p__Firmicutes|c__Clostridia|o__Oscillospirales|f__Oscillospiraceae|g__Colidextribacter|s__None,832,k__Bacteria|p__Firmicutes|c__Clostridia|o__Oscillospirales|f__Ruminococcaceae|g__DTU089|s__None,0.3333333333333333
759,k__Bacteria|p__Firmicutes|c__Clostridia|o__Oscillospirales|f__Oscillospiraceae|g__Colidextribacter|s__None,833,k__Bacteria|p__Firmicutes|c__Clostridia|o__Oscillospirales|f__Ruminococcaceae|g__Faecalibacterium|s__None,0.3333333333333333
759,k__Bacteria|p__Firmicutes|c__Clostridia|o__Oscillospirales|f__Oscillospiraceae|g__Colidextribacter|s__None,839,k__Bacteria|p__Firmicutes|c__Clostridia|o__Oscillospirales|f__Ruminococcaceae|g__Incertae_Sedis|s__metagenome,0.4166666666666667
759,k__Bacteria|p__Firmicutes|c__Clostridia|o__Oscillospirales|f__Oscillospiraceae|g__Colidextribacter|s__None,841,k__Bacteria|p__Firmicutes|c__Clostridia|o__Oscillospirales|f__Ruminococcaceae|g__Incertae_Sedis|s__None,0.3333333333333333
759,k__Bacteria|p__Firmicutes|c__Clostridia|o__Oscillospirales|f__Oscillospiraceae|g__Colidextribacter|s__None,859,k__Bacteria|p__Firmicutes|c__Clostridia|o__Oscillospirales|f__Ruminococcaceae|g__Ruminococcus|s__None,0.3333333333333333
759,k__Bacteria|p__Firmicutes|c__Clostridia|o__Oscillospirales|f__Oscillospiraceae|g__Colidextribacter|s__None,860,k__Bacteria|p__Firmicutes|c__Clostridia|o__Oscillospirales|f__Ruminococcaceae|g__Subdoligranulum|s__None,0.3333333333333333
759,k__Bacteria|p__Firmicutes|c__Clostridia|o__Oscillospirales|f__Oscillospiraceae|g__Colidextribacter|s__None,863,k__Bacteria|p__Firmicutes|c__Clostridia|o__Oscillospirales|f__Ruminococcaceae|g__UBA1819|s__None,0.3333333333333333
759,k__Bacteria|p__Firmicutes|c__Clostridia|o__Oscillospirales|f__Oscillospiraceae|g__Colidextribacter|s__None,865,k__Bacteria|p__Firmicutes|c__Clostridia|o__Oscillospirales|f__Ruminococcaceae|g__Eubacterium_siraeum_group|s__None,0.3333333333333333
759,k__Bacteria|p__Firmicutes|c__Clostridia|o__Oscillospirales|f__Oscillospiraceae|g__Colidextribacter|s__None,869,k__Bacteria|p__Firmicutes|c__Clostridia|o__Oscillospirales|f__Ruminococcaceae|g__None|s__None,0.25
759,k__Bacteria|p__Firmicutes|c__Clostridia|o__Oscillospirales|f__Oscillospiraceae|g__Colidextribacter|s__None,885,k__Bacteria|p__Firmicutes|c__Clostridia|o__Oscillospirales|f__Eubacterium_coprostanoligenes_group|g__None|s__None,0.25
759,k__Bacteria|p__Firmicutes|c__Clostridia|o__Oscillospirales|f__Oscillospiraceae|g__Colidextribacter|s__None,905,k__Bacteria|p__Firmicutes|c__Clostridia|o__Peptostreptococcales-Tissierellales|f__Anaerovoracaceae|g__Family_XIII_AD3011_group|s__metagenome,0.5833333333333334
759,k__Bacteria|p__Firmicutes|c__Clostridia|o__Oscillospirales|f__Oscillospiraceae|g__Colidextribacter|s__None,925,k__Bacteria|p__Firmicutes|c__Clostridia|o__Peptostreptococcales-Tissierellales|f__Anaerovoracaceae|g__None|s__None,0.4166666666666667
759,k__Bacteria|p__Firmicutes|c__Clostridia|o__Oscillospirales|f__Oscillospiraceae|g__Colidextribacter|s__None,943,k__Bacteria|p__Firmicutes|c__Clostridia|o__Peptostreptococcales-Tissierellales|f__Peptostreptococcaceae|g__Intestinibacter|s__None,0.5
759,k__Bacteria|p__Firmicutes|c__Clostridia|o__Oscillospirales|f__Oscillospiraceae|g__Colidextribacter|s__None,951,k__Bacteria|p__Firmicutes|c__Clostridia|o__Peptostreptococcales-Tissierellales|f__Peptostreptococcaceae|g__Romboutsia|s__None,0.5
759,k__Bacteria|p__Firmicutes|c__Clostridia|o__Oscillospirales|f__Oscillospiraceae|g__Colidextribacter|s__None,956,k__Bacteria|p__Firmicutes|c__Clostridia|o__None|f__None|g__None|s__None,0.25
759,k__Bacteria|p__Firmicutes|c__Clostridia|o__Oscillospirales|f__Oscillospiraceae|g__Colidextribacter|s__None,966,k__Bacteria|p__Firmicutes|c__Negativicutes|o__Acidaminococcales|f__Acidaminococcaceae|g__Acidaminococcus|s__None,0.6666666666666666
759,k__Bacteria|p__Firmicutes|c__Clostridia|o__Oscillospirales|f__Oscillospiraceae|g__Colidextribacter|s__None,967,k__Bacteria|p__Firmicutes|c__Negativicutes|o__Acidaminococcales|f__Acidaminococcaceae|g__Phascolarctobacterium|s__None,0.6666666666666666
759,k__Bacteria|p__Firmicutes|c__Clostridia|o__Oscillospirales|f__Oscillospiraceae|g__Colidextribacter|s__None,986,k__Bacteria|p__Firmicutes|c__Negativicutes|o__Veillonellales-Selenomonadales|f__Veillonellaceae|g__Dialister|s__None,0.6666666666666666
759,k__Bacteria|p__Firmicutes|c__Clostridia|o__Oscillospirales|f__Oscillospiraceae|g__Colidextribacter|s__None,992,k__Bacteria|p__Firmicutes|c__Negativicutes|o__Veillonellales-Selenomonadales|f__Veillonellaceae|g__Veillonella|s__None,0.6666666666666666
759,k__Bacteria|p__Firmicutes|c__Clostridia|o__Oscillospirales|f__Oscillospiraceae|g__Colidextribacter|s__None,1055,k__Bacteria|p__Proteobacteria|c__Gammaproteobacteria|o__Burkholderiales|f__Sutterellaceae|g__Parasutterella|s__None,0.8333333333333334
759,k__Bacteria|p__Firmicutes|c__Clostridia|o__Oscillospirales|f__Oscillospiraceae|g__Colidextribacter|s__None,1069,k__Bacteria|p__Proteobacteria|c__Gammaproteobacteria|o__Enterobacterales|f__Enterobacteriaceae|g__Escherichia-Shigella|s__None,0.8333333333333334
759,k__Bacteria|p__Firmicutes|c__Clostridia|o__Oscillospirales|f__Oscillospiraceae|g__Colidextribacter|s__None,1089,k__Bacteria|p__Proteobacteria|c__Gammaproteobacteria|o__Pseudomonadales|f__Pseudomonadaceae|g__Pseudomonas|s__None,0.8333333333333334
759,k__Bacteria|p__Firmicutes|c__Clostridia|o__Oscillospirales|f__Oscillospiraceae|g__Colidextribacter|s__None,1132,k__Bacteria|p__Verrucomicrobiota|c__Verrucomicrobiae|o__Verrucomicrobiales|f__Akkermansiaceae|g__Akkermansia|s__None,0.8333333333333334
759,k__Bacteria|p__Firmicutes|c__Clostridia|o__Oscillospirales|f__Oscillospiraceae|g__Colidextribacter|s__None,1136,k__Bacteria|p__None|c__None|o__None|f__None|g__None|s__None,0.4166666666666667
767,k__Bacteria|p__Firmicutes|c__Clostridia|o__Oscillospirales|f__Oscillospiraceae|g__Flavonifractor|s__None,769,k__Bacteria|p__Firmicutes|c__Clostridia|o__Oscillospirales|f__Oscillospiraceae|g__Intestinimonas|s__None,0.16666666666666666
767,k__Bacteria|p__Firmicutes|c__Clostridia|o__Oscillospirales|f__Oscillospiraceae|g__Flavonifractor|s__None,770,k__Bacteria|p__Firmicutes|c__Clostridia|o__Oscillospirales|f__Oscillospiraceae|g__Intestinimonas|s__bacterium_P1C2,0.25
767,k__Bacteria|p__Firmicutes|c__Clostridia|o__Oscillospirales|f__Oscillospiraceae|g__Flavonifractor|s__None,779,k__Bacteria|p__Firmicutes|c__Clostridia|o__Oscillospirales|f__Oscillospiraceae|g__Oscillibacter|s__None,0.16666666666666666
767,k__Bacteria|p__Firmicutes|c__Clostridia|o__Oscillospirales|f__Oscillospiraceae|g__Flavonifractor|s__None,780,k__Bacteria|p__Firmicutes|c__Clostridia|o__Oscillospirales|f__Oscillospiraceae|g__Oscillibacter|s__metagenome,0.25
767,k__Bacteria|p__Firmicutes|c__Clostridia|o__Oscillospirales|f__Oscillospiraceae|g__Flavonifractor|s__None,790,k__Bacteria|p__Firmicutes|c__Clostridia|o__Oscillospirales|f__Oscillospiraceae|g__UCG-002|s__None,0.16666666666666666
767,k__Bacteria|p__Firmicutes|c__Clostridia|o__Oscillospirales|f__Oscillospiraceae|g__Flavonifractor|s__None,791,k__Bacteria|p__Firmicutes|c__Clostridia|o__Oscillospirales|f__Oscillospiraceae|g__UCG-003|s__None,0.16666666666666666
767,k__Bacteria|p__Firmicutes|c__Clostridia|o__Oscillospirales|f__Oscillospiraceae|g__Flavonifractor|s__None,794,k__Bacteria|p__Firmicutes|c__Clostridia|o__Oscillospirales|f__Oscillospiraceae|g__UCG-005|s__metagenome,0.25
767,k__Bacteria|p__Firmicutes|c__Clostridia|o__Oscillospirales|f__Oscillospiraceae|g__Flavonifractor|s__None,812,k__Bacteria|p__Firmicutes|c__Clostridia|o__Oscillospirales|f__Ruminococcaceae|g__Anaerofilum|s__metagenome,0.4166666666666667
767,k__Bacteria|p__Firmicutes|c__Clostridia|o__Oscillospirales|f__Oscillospiraceae|g__Flavonifractor|s__None,832,k__Bacteria|p__Firmicutes|c__Clostridia|o__Oscillospirales|f__Ruminococcaceae|g__DTU089|s__None,0.3333333333333333
767,k__Bacteria|p__Firmicutes|c__Clostridia|o__Oscillospirales|f__Oscillospiraceae|g__Flavonifractor|s__None,833,k__Bacteria|p__Firmicutes|c__Clostridia|o__Oscillospirales|f__Ruminococcaceae|g__Faecalibacterium|s__None,0.3333333333333333
767,k__Bacteria|p__Firmicutes|c__Clostridia|o__Oscillospirales|f__Oscillospiraceae|g__Flavonifractor|s__None,839,k__Bacteria|p__Firmicutes|c__Clostridia|o__Oscillospirales|f__Ruminococcaceae|g__Incertae_Sedis|s__metagenome,0.4166666666666667
767,k__Bacteria|p__Firmicutes|c__Clostridia|o__Oscillospirales|f__Oscillospiraceae|g__Flavonifractor|s__None,841,k__Bacteria|p__Firmicutes|c__Clostridia|o__Oscillospirales|f__Ruminococcaceae|g__Incertae_Sedis|s__None,0.3333333333333333
767,k__Bacteria|p__Firmicutes|c__Clostridia|o__Oscillospirales|f__Oscillospiraceae|g__Flavonifractor|s__None,859,k__Bacteria|p__Firmicutes|c__Clostridia|o__Oscillospirales|f__Ruminococcaceae|g__Ruminococcus|s__None,0.3333333333333333
767,k__Bacteria|p__Firmicutes|c__Clostridia|o__Oscillospirales|f__Oscillospiraceae|g__Flavonifractor|s__None,860,k__Bacteria|p__Firmicutes|c__Clostridia|o__Oscillospirales|f__Ruminococcaceae|g__Subdoligranulum|s__None,0.3333333333333333
767,k__Bacteria|p__Firmicutes|c__Clostridia|o__Oscillospirales|f__Oscillospiraceae|g__Flavonifractor|s__None,863,k__Bacteria|p__Firmicutes|c__Clostridia|o__Oscillospirales|f__Ruminococcaceae|g__UBA1819|s__None,0.3333333333333333
767,k__Bacteria|p__Firmicutes|c__Clostridia|o__Oscillospirales|f__Oscillospiraceae|g__Flavonifractor|s__None,865,k__Bacteria|p__Firmicutes|c__Clostridia|o__Oscillospirales|f__Ruminococcaceae|g__Eubacterium_siraeum_group|s__None,0.3333333333333333
767,k__Bacteria|p__Firmicutes|c__Clostridia|o__Oscillospirales|f__Oscillospiraceae|g__Flavonifractor|s__None,869,k__Bacteria|p__Firmicutes|c__Clostridia|o__Oscillospirales|f__Ruminococcaceae|g__None|s__None,0.25
767,k__Bacteria|p__Firmicutes|c__Clostridia|o__Oscillospirales|f__Oscillospiraceae|g__Flavonifractor|s__None,885,k__Bacteria|p__Firmicutes|c__Clostridia|o__Oscillospirales|f__Eubacterium_coprostanoligenes_group|g__None|s__None,0.25
767,k__Bacteria|p__Firmicutes|c__Clostridia|o__Oscillospirales|f__Oscillospiraceae|g__Flavonifractor|s__None,905,k__Bacteria|p__Firmicutes|c__Clostridia|o__Peptostreptococcales-Tissierellales|f__Anaerovoracaceae|g__Family_XIII_AD3011_group|s__metagenome,0.5833333333333334
767,k__Bacteria|p__Firmicutes|c__Clostridia|o__Oscillospirales|f__Oscillospiraceae|g__Flavonifractor|s__None,925,k__Bacteria|p__Firmicutes|c__Clostridia|o__Peptostreptococcales-Tissierellales|f__Anaerovoracaceae|g__None|s__None,0.4166666666666667
767,k__Bacteria|p__Firmicutes|c__Clostridia|o__Oscillospirales|f__Oscillospiraceae|g__Flavonifractor|s__None,943,k__Bacteria|p__Firmicutes|c__Clostridia|o__Peptostreptococcales-Tissierellales|f__Peptostreptococcaceae|g__Intestinibacter|s__None,0.5
767,k__Bacteria|p__Firmicutes|c__Clostridia|o__Oscillospirales|f__Oscillospiraceae|g__Flavonifractor|s__None,951,k__Bacteria|p__Firmicutes|c__Clostridia|o__Peptostreptococcales-Tissierellales|f__Peptostreptococcaceae|g__Romboutsia|s__None,0.5
767,k__Bacteria|p__Firmicutes|c__Clostridia|o__Oscillospirales|f__Oscillospiraceae|g__Flavonifractor|s__None,956,k__Bacteria|p__Firmicutes|c__Clostridia|o__None|f__None|g__None|s__None,0.25
767,k__Bacteria|p__Firmicutes|c__Clostridia|o__Oscillospirales|f__Oscillospiraceae|g__Flavonifractor|s__None,966,k__Bacteria|p__Firmicutes|c__Negativicutes|o__Acidaminococcales|f__Acidaminococcaceae|g__Acidaminococcus|s__None,0.6666666666666666
767,k__Bacteria|p__Firmicutes|c__Clostridia|o__Oscillospirales|f__Oscillospiraceae|g__Flavonifractor|s__None,967,k__Bacteria|p__Firmicutes|c__Negativicutes|o__Acidaminococcales|f__Acidaminococcaceae|g__Phascolarctobacterium|s__None,0.6666666666666666
767,k__Bacteria|p__Firmicutes|c__Clostridia|o__Oscillospirales|f__Oscillospiraceae|g__Flavonifractor|s__None,986,k__Bacteria|p__Firmicutes|c__Negativicutes|o__Veillonellales-Selenomonadales|f__Veillonellaceae|g__Dialister|s__None,0.6666666666666666
767,k__Bacteria|p__Firmicutes|c__Clostridia|o__Oscillospirales|f__Oscillospiraceae|g__Flavonifractor|s__None,992,k__Bacteria|p__Firmicutes|c__Negativicutes|o__Veillonellales-Selenomonadales|f__Veillonellaceae|g__Veillonella|s__None,0.6666666666666666
767,k__Bacteria|p__Firmicutes|c__Clostridia|o__Oscillospirales|f__Oscillospiraceae|g__Flavonifractor|s__None,1055,k__Bacteria|p__Proteobacteria|c__Gammaproteobacteria|o__Burkholderiales|f__Sutterellaceae|g__Parasutterella|s__None,0.8333333333333334
767,k__Bacteria|p__Firmicutes|c__Clostridia|o__Oscillospirales|f__Oscillospiraceae|g__Flavonifractor|s__None,1069,k__Bacteria|p__Proteobacteria|c__Gammaproteobacteria|o__Enterobacterales|f__Enterobacteriaceae|g__Escherichia-Shigella|s__None,0.8333333333333334
767,k__Bacteria|p__Firmicutes|c__Clostridia|o__Oscillospirales|f__Oscillospiraceae|g__Flavonifractor|s__None,1089,k__Bacteria|p__Proteobacteria|c__Gammaproteobacteria|o__Pseudomonadales|f__Pseudomonadaceae|g__Pseudomonas|s__None,0.8333333333333334
767,k__Bacteria|p__Firmicutes|c__Clostridia|o__Oscillospirales|f__Oscillospiraceae|g__Flavonifractor|s__None,1132,k__Bacteria|p__Verrucomicrobiota|c__Verrucomicrobiae|o__Verrucomicrobiales|f__Akkermansiaceae|g__Akkermansia|s__None,0.8333333333333334
767,k__Bacteria|p__Firmicutes|c__Clostridia|o__Oscillospirales|f__Oscillospiraceae|g__Flavonifractor|s__None,1136,k__Bacteria|p__None|c__None|o__None|f__None|g__None|s__None,0.4166666666666667
769,k__Bacteria|p__Firmicutes|c__Clostridia|o__Oscillospirales|f__Oscillospiraceae|g__Intestinimonas|s__None,770,k__Bacteria|p__Firmicutes|c__Clostridia|o__Oscillospirales|f__Oscillospiraceae|g__Intestinimonas|s__bacterium_P1C2,0.08333333333333333
769,k__Bacteria|p__Firmicutes|c__Clostridia|o__Oscillospirales|f__Oscillospiraceae|g__Intestinimonas|s__None,779,k__Bacteria|p__Firmicutes|c__Clostridia|o__Oscillospirales|f__Oscillospiraceae|g__Oscillibacter|s__None,0.16666666666666666
769,k__Bacteria|p__Firmicutes|c__Clostridia|o__Oscillospirales|f__Oscillospiraceae|g__Intestinimonas|s__None,780,k__Bacteria|p__Firmicutes|c__Clostridia|o__Oscillospirales|f__Oscillospiraceae|g__Oscillibacter|s__metagenome,0.25
769,k__Bacteria|p__Firmicutes|c__Clostridia|o__Oscillospirales|f__Oscillospiraceae|g__Intestinimonas|s__None,790,k__Bacteria|p__Firmicutes|c__Clostridia|o__Oscillospirales|f__Oscillospiraceae|g__UCG-002|s__None,0.16666666666666666
769,k__Bacteria|p__Firmicutes|c__Clostridia|o__Oscillospirales|f__Oscillospiraceae|g__Intestinimonas|s__None,791,k__Bacteria|p__Firmicutes|c__Clostridia|o__Oscillospirales|f__Oscillospiraceae|g__UCG-003|s__None,0.16666666666666666
769,k__Bacteria|p__Firmicutes|c__Clostridia|o__Oscillospirales|f__Oscillospiraceae|g__Intestinimonas|s__None,794,k__Bacteria|p__Firmicutes|c__Clostridia|o__Oscillospirales|f__Oscillospiraceae|g__UCG-005|s__metagenome,0.25
769,k__Bacteria|p__Firmicutes|c__Clostridia|o__Oscillospirales|f__Oscillospiraceae|g__Intestinimonas|s__None,812,k__Bacteria|p__Firmicutes|c__Clostridia|o__Oscillospirales|f__Ruminococcaceae|g__Anaerofilum|s__metagenome,0.4166666666666667
769,k__Bacteria|p__Firmicutes|c__Clostridia|o__Oscillospirales|f__Oscillospiraceae|g__Intestinimonas|s__None,832,k__Bacteria|p__Firmicutes|c__Clostridia|o__Oscillospirales|f__Ruminococcaceae|g__DTU089|s__None,0.3333333333333333
769,k__Bacteria|p__Firmicutes|c__Clostridia|o__Oscillospirales|f__Oscillospiraceae|g__Intestinimonas|s__None,833,k__Bacteria|p__Firmicutes|c__Clostridia|o__Oscillospirales|f__Ruminococcaceae|g__Faecalibacterium|s__None,0.3333333333333333
769,k__Bacteria|p__Firmicutes|c__Clostridia|o__Oscillospirales|f__Oscillospiraceae|g__Intestinimonas|s__None,839,k__Bacteria|p__Firmicutes|c__Clostridia|o__Oscillospirales|f__Ruminococcaceae|g__Incertae_Sedis|s__metagenome,0.4166666666666667
769,k__Bacteria|p__Firmicutes|c__Clostridia|o__Oscillospirales|f__Oscillospiraceae|g__Intestinimonas|s__None,841,k__Bacteria|p__Firmicutes|c__Clostridia|o__Oscillospirales|f__Ruminococcaceae|g__Incertae_Sedis|s__None,0.3333333333333333
769,k__Bacteria|p__Firmicutes|c__Clostridia|o__Oscillospirales|f__Oscillospiraceae|g__Intestinimonas|s__None,859,k__Bacteria|p__Firmicutes|c__Clostridia|o__Oscillospirales|f__Ruminococcaceae|g__Ruminococcus|s__None,0.3333333333333333
769,k__Bacteria|p__Firmicutes|c__Clostridia|o__Oscillospirales|f__Oscillospiraceae|g__Intestinimonas|s__None,860,k__Bacteria|p__Firmicutes|c__Clostridia|o__Oscillospirales|f__Ruminococcaceae|g__Subdoligranulum|s__None,0.3333333333333333
769,k__Bacteria|p__Firmicutes|c__Clostridia|o__Oscillospirales|f__Oscillospiraceae|g__Intestinimonas|s__None,863,k__Bacteria|p__Firmicutes|c__Clostridia|o__Oscillospirales|f__Ruminococcaceae|g__UBA1819|s__None,0.3333333333333333
769,k__Bacteria|p__Firmicutes|c__Clostridia|o__Oscillospirales|f__Oscillospiraceae|g__Intestinimonas|s__None,865,k__Bacteria|p__Firmicutes|c__Clostridia|o__Oscillospirales|f__Ruminococcaceae|g__Eubacterium_siraeum_group|s__None,0.3333333333333333
769,k__Bacteria|p__Firmicutes|c__Clostridia|o__Oscillospirales|f__Oscillospiraceae|g__Intestinimonas|s__None,869,k__Bacteria|p__Firmicutes|c__Clostridia|o__Oscillospirales|f__Ruminococcaceae|g__None|s__None,0.25
769,k__Bacteria|p__Firmicutes|c__Clostridia|o__Oscillospirales|f__Oscillospiraceae|g__Intestinimonas|s__None,885,k__Bacteria|p__Firmicutes|c__Clostridia|o__Oscillospirales|f__Eubacterium_coprostanoligenes_group|g__None|s__None,0.25
769,k__Bacteria|p__Firmicutes|c__Clostridia|o__Oscillospirales|f__Oscillospiraceae|g__Intestinimonas|s__None,905,k__Bacteria|p__Firmicutes|c__Clostridia|o__Peptostreptococcales-Tissierellales|f__Anaerovoracaceae|g__Family_XIII_AD3011_group|s__metagenome,0.5833333333333334
769,k__Bacteria|p__Firmicutes|c__Clostridia|o__Oscillospirales|f__Oscillospiraceae|g__Intestinimonas|s__None,925,k__Bacteria|p__Firmicutes|c__Clostridia|o__Peptostreptococcales-Tissierellales|f__Anaerovoracaceae|g__None|s__None,0.4166666666666667
769,k__Bacteria|p__Firmicutes|c__Clostridia|o__Oscillospirales|f__Oscillospiraceae|g__Intestinimonas|s__None,943,k__Bacteria|p__Firmicutes|c__Clostridia|o__Peptostreptococcales-Tissierellales|f__Peptostreptococcaceae|g__Intestinibacter|s__None,0.5
769,k__Bacteria|p__Firmicutes|c__Clostridia|o__Oscillospirales|f__Oscillospiraceae|g__Intestinimonas|s__None,951,k__Bacteria|p__Firmicutes|c__Clostridia|o__Peptostreptococcales-Tissierellales|f__Peptostreptococcaceae|g__Romboutsia|s__None,0.5
769,k__Bacteria|p__Firmicutes|c__Clostridia|o__Oscillospirales|f__Oscillospiraceae|g__Intestinimonas|s__None,956,k__Bacteria|p__Firmicutes|c__Clostridia|o__None|f__None|g__None|s__None,0.25
769,k__Bacteria|p__Firmicutes|c__Clostridia|o__Oscillospirales|f__Oscillospiraceae|g__Intestinimonas|s__None,966,k__Bacteria|p__Firmicutes|c__Negativicutes|o__Acidaminococcales|f__Acidaminococcaceae|g__Acidaminococcus|s__None,0.6666666666666666
769,k__Bacteria|p__Firmicutes|c__Clostridia|o__Oscillospirales|f__Oscillospiraceae|g__Intestinimonas|s__None,967,k__Bacteria|p__Firmicutes|c__Negativicutes|o__Acidaminococcales|f__Acidaminococcaceae|g__Phascolarctobacterium|s__None,0.6666666666666666
769,k__Bacteria|p__Firmicutes|c__Clostridia|o__Oscillospirales|f__Oscillospiraceae|g__Intestinimonas|s__None,986,k__Bacteria|p__Firmicutes|c__Negativicutes|o__Veillonellales-Selenomonadales|f__Veillonellaceae|g__Dialister|s__None,0.6666666666666666
769,k__Bacteria|p__Firmicutes|c__Clostridia|o__Oscillospirales|f__Oscillospiraceae|g__Intestinimonas|s__None,992,k__Bacteria|p__Firmicutes|c__Negativicutes|o__Veillonellales-Selenomonadales|f__Veillonellaceae|g__Veillonella|s__None,0.6666666666666666
769,k__Bacteria|p__Firmicutes|c__Clostridia|o__Oscillospirales|f__Oscillospiraceae|g__Intestinimonas|s__None,1055,k__Bacteria|p__Proteobacteria|c__Gammaproteobacteria|o__Burkholderiales|f__Sutterellaceae|g__Parasutterella|s__None,0.8333333333333334
769,k__Bacteria|p__Firmicutes|c__Clostridia|o__Oscillospirales|f__Oscillospiraceae|g__Intestinimonas|s__None,1069,k__Bacteria|p__Proteobacteria|c__Gammaproteobacteria|o__Enterobacterales|f__Enterobacteriaceae|g__Escherichia-Shigella|s__None,0.8333333333333334
769,k__Bacteria|p__Firmicutes|c__Clostridia|o__Oscillospirales|f__Oscillospiraceae|g__Intestinimonas|s__None,1089,k__Bacteria|p__Proteobacteria|c__Gammaproteobacteria|o__Pseudomonadales|f__Pseudomonadaceae|g__Pseudomonas|s__None,0.8333333333333334
769,k__Bacteria|p__Firmicutes|c__Clostridia|o__Oscillospirales|f__Oscillospiraceae|g__Intestinimonas|s__None,1132,k__Bacteria|p__Verrucomicrobiota|c__Verrucomicrobiae|o__Verrucomicrobiales|f__Akkermansiaceae|g__Akkermansia|s__None,0.8333333333333334
769,k__Bacteria|p__Firmicutes|c__Clostridia|o__Oscillospirales|f__Oscillospiraceae|g__Intestinimonas|s__None,1136,k__Bacteria|p__None|c__None|o__None|f__None|g__None|s__None,0.4166666666666667
770,k__Bacteria|p__Firmicutes|c__Clostridia|o__Oscillospirales|f__Oscillospiraceae|g__Intestinimonas|s__bacterium_P1C2,779,k__Bacteria|p__Firmicutes|c__Clostridia|o__Oscillospirales|f__Oscillospiraceae|g__Oscillibacter|s__None,0.25
770,k__Bacteria|p__Firmicutes|c__Clostridia|o__Oscillospirales|f__Oscillospiraceae|g__Intestinimonas|s__bacterium_P1C2,780,k__Bacteria|p__Firmicutes|c__Clostridia|o__Oscillospirales|f__Oscillospiraceae|g__Oscillibacter|s__metagenome,0.3333333333333333
770,k__Bacteria|p__Firmicutes|c__Clostridia|o__Oscillospirales|f__Oscillospiraceae|g__Intestinimonas|s__bacterium_P1C2,790,k__Bacteria|p__Firmicutes|c__Clostridia|o__Oscillospirales|f__Oscillospiraceae|g__UCG-002|s__None,0.25
770,k__Bacteria|p__Firmicutes|c__Clostridia|o__Oscillospirales|f__Oscillospiraceae|g__Intestinimonas|s__bacterium_P1C2,791,k__Bacteria|p__Firmicutes|c__Clostridia|o__Oscillospirales|f__Oscillospiraceae|g__UCG-003|s__None,0.25
770,k__Bacteria|p__Firmicutes|c__Clostridia|o__Oscillospirales|f__Oscillospiraceae|g__Intestinimonas|s__bacterium_P1C2,794,k__Bacteria|p__Firmicutes|c__Clostridia|o__Oscillospirales|f__Oscillospiraceae|g__UCG-005|s__metagenome,0.3333333333333333
770,k__Bacteria|p__Firmicutes|c__Clostridia|o__Oscillospirales|f__Oscillospiraceae|g__Intestinimonas|s__bacterium_P1C2,812,k__Bacteria|p__Firmicutes|c__Clostridia|o__Oscillospirales|f__Ruminococcaceae|g__Anaerofilum|s__metagenome,0.5
770,k__Bacteria|p__Firmicutes|c__Clostridia|o__Oscillospirales|f__Oscillospiraceae|g__Intestinimonas|s__bacterium_P1C2,832,k__Bacteria|p__Firmicutes|c__Clostridia|o__Oscillospirales|f__Ruminococcaceae|g__DTU089|s__None,0.4166666666666667
770,k__Bacteria|p__Firmicutes|c__Clostridia|o__Oscillospirales|f__Oscillospiraceae|g__Intestinimonas|s__bacterium_P1C2,833,k__Bacteria|p__Firmicutes|c__Clostridia|o__Oscillospirales|f__Ruminococcaceae|g__Faecalibacterium|s__None,0.4166666666666667
770,k__Bacteria|p__Firmicutes|c__Clostridia|o__Oscillospirales|f__Oscillospiraceae|g__Intestinimonas|s__bacterium_P1C2,839,k__Bacteria|p__Firmicutes|c__Clostridia|o__Oscillospirales|f__Ruminococcaceae|g__Incertae_Sedis|s__metagenome,0.5
770,k__Bacteria|p__Firmicutes|c__Clostridia|o__Oscillospirales|f__Oscillospiraceae|g__Intestinimonas|s__bacterium_P1C2,841,k__Bacteria|p__Firmicutes|c__Clostridia|o__Oscillospirales|f__Ruminococcaceae|g__Incertae_Sedis|s__None,0.4166666666666667
770,k__Bacteria|p__Firmicutes|c__Clostridia|o__Oscillospirales|f__Oscillospiraceae|g__Intestinimonas|s__bacterium_P1C2,859,k__Bacteria|p__Firmicutes|c__Clostridia|o__Oscillospirales|f__Ruminococcaceae|g__Ruminococcus|s__None,0.4166666666666667
770,k__Bacteria|p__Firmicutes|c__Clostridia|o__Oscillospirales|f__Oscillospiraceae|g__Intestinimonas|s__bacterium_P1C2,860,k__Bacteria|p__Firmicutes|c__Clostridia|o__Oscillospirales|f__Ruminococcaceae|g__Subdoligranulum|s__None,0.4166666666666667
770,k__Bacteria|p__Firmicutes|c__Clostridia|o__Oscillospirales|f__Oscillospiraceae|g__Intestinimonas|s__bacterium_P1C2,863,k__Bacteria|p__Firmicutes|c__Clostridia|o__Oscillospirales|f__Ruminococcaceae|g__UBA1819|s__None,0.4166666666666667
770,k__Bacteria|p__Firmicutes|c__Clostridia|o__Oscillospirales|f__Oscillospiraceae|g__Intestinimonas|s__bacterium_P1C2,865,k__Bacteria|p__Firmicutes|c__Clostridia|o__Oscillospirales|f__Ruminococcaceae|g__Eubacterium_siraeum_group|s__None,0.4166666666666667
770,k__Bacteria|p__Firmicutes|c__Clostridia|o__Oscillospirales|f__Oscillospiraceae|g__Intestinimonas|s__bacterium_P1C2,869,k__Bacteria|p__Firmicutes|c__Clostridia|o__Oscillospirales|f__Ruminococcaceae|g__None|s__None,0.3333333333333333
770,k__Bacteria|p__Firmicutes|c__Clostridia|o__Oscillospirales|f__Oscillospiraceae|g__Intestinimonas|s__bacterium_P1C2,885,k__Bacteria|p__Firmicutes|c__Clostridia|o__Oscillospirales|f__Eubacterium_coprostanoligenes_group|g__None|s__None,0.3333333333333333
770,k__Bacteria|p__Firmicutes|c__Clostridia|o__Oscillospirales|f__Oscillospiraceae|g__Intestinimonas|s__bacterium_P1C2,905,k__Bacteria|p__Firmicutes|c__Clostridia|o__Peptostreptococcales-Tissierellales|f__Anaerovoracaceae|g__Family_XIII_AD3011_group|s__metagenome,0.6666666666666666
770,k__Bacteria|p__Firmicutes|c__Clostridia|o__Oscillospirales|f__Oscillospiraceae|g__Intestinimonas|s__bacterium_P1C2,925,k__Bacteria|p__Firmicutes|c__Clostridia|o__Peptostreptococcales-Tissierellales|f__Anaerovoracaceae|g__None|s__None,0.5
770,k__Bacteria|p__Firmicutes|c__Clostridia|o__Oscillospirales|f__Oscillospiraceae|g__Intestinimonas|s__bacterium_P1C2,943,k__Bacteria|p__Firmicutes|c__Clostridia|o__Peptostreptococcales-Tissierellales|f__Peptostreptococcaceae|g__Intestinibacter|s__None,0.5833333333333334
770,k__Bacteria|p__Firmicutes|c__Clostridia|o__Oscillospirales|f__Oscillospiraceae|g__Intestinimonas|s__bacterium_P1C2,951,k__Bacteria|p__Firmicutes|c__Clostridia|o__Peptostreptococcales-Tissierellales|f__Peptostreptococcaceae|g__Romboutsia|s__None,0.5833333333333334
770,k__Bacteria|p__Firmicutes|c__Clostridia|o__Oscillospirales|f__Oscillospiraceae|g__Intestinimonas|s__bacterium_P1C2,956,k__Bacteria|p__Firmicutes|c__Clostridia|o__None|f__None|g__None|s__None,0.3333333333333333
770,k__Bacteria|p__Firmicutes|c__Clostridia|o__Oscillospirales|f__Oscillospiraceae|g__Intestinimonas|s__bacterium_P1C2,966,k__Bacteria|p__Firmicutes|c__Negativicutes|o__Acidaminococcales|f__Acidaminococcaceae|g__Acidaminococcus|s__None,0.75
770,k__Bacteria|p__Firmicutes|c__Clostridia|o__Oscillospirales|f__Oscillospiraceae|g__Intestinimonas|s__bacterium_P1C2,967,k__Bacteria|p__Firmicutes|c__Negativicutes|o__Acidaminococcales|f__Acidaminococcaceae|g__Phascolarctobacterium|s__None,0.75
770,k__Bacteria|p__Firmicutes|c__Clostridia|o__Oscillospirales|f__Oscillospiraceae|g__Intestinimonas|s__bacterium_P1C2,986,k__Bacteria|p__Firmicutes|c__Negativicutes|o__Veillonellales-Selenomonadales|f__Veillonellaceae|g__Dialister|s__None,0.75
770,k__Bacteria|p__Firmicutes|c__Clostridia|o__Oscillospirales|f__Oscillospiraceae|g__Intestinimonas|s__bacterium_P1C2,992,k__Bacteria|p__Firmicutes|c__Negativicutes|o__Veillonellales-Selenomonadales|f__Veillonellaceae|g__Veillonella|s__None,0.75
770,k__Bacteria|p__Firmicutes|c__Clostridia|o__Oscillospirales|f__Oscillospiraceae|g__Intestinimonas|s__bacterium_P1C2,1055,k__Bacteria|p__Proteobacteria|c__Gammaproteobacteria|o__Burkholderiales|f__Sutterellaceae|g__Parasutterella|s__None,0.9166666666666666
770,k__Bacteria|p__Firmicutes|c__Clostridia|o__Oscillospirales|f__Oscillospiraceae|g__Intestinimonas|s__bacterium_P1C2,1069,k__Bacteria|p__Proteobacteria|c__Gammaproteobacteria|o__Enterobacterales|f__Enterobacteriaceae|g__Escherichia-Shigella|s__None,0.9166666666666666
770,k__Bacteria|p__Firmicutes|c__Clostridia|o__Oscillospirales|f__Oscillospiraceae|g__Intestinimonas|s__bacterium_P1C2,1089,k__Bacteria|p__Proteobacteria|c__Gammaproteobacteria|o__Pseudomonadales|f__Pseudomonadaceae|g__Pseudomonas|s__None,0.9166666666666666
770,k__Bacteria|p__Firmicutes|c__Clostridia|o__Oscillospirales|f__Oscillospiraceae|g__Intestinimonas|s__bacterium_P1C2,1132,k__Bacteria|p__Verrucomicrobiota|c__Verrucomicrobiae|o__Verrucomicrobiales|f__Akkermansiaceae|g__Akkermansia|s__None,0.9166666666666666
770,k__Bacteria|p__Firmicutes|c__Clostridia|o__Oscillospirales|f__Oscillospiraceae|g__Intestinimonas|s__bacterium_P1C2,1136,k__Bacteria|p__None|c__None|o__None|f__None|g__None|s__None,0.5
779,k__Bacteria|p__Firmicutes|c__Clostridia|o__Oscillospirales|f__Oscillospiraceae|g__Oscillibacter|s__None,780,k__Bacteria|p__Firmicutes|c__Clostridia|o__Oscillospirales|f__Oscillospiraceae|g__Oscillibacter|s__metagenome,0.08333333333333333
779,k__Bacteria|p__Firmicutes|c__Clostridia|o__Oscillospirales|f__Oscillospiraceae|g__Oscillibacter|s__None,790,k__Bacteria|p__Firmicutes|c__Clostridia|o__Oscillospirales|f__Oscillospiraceae|g__UCG-002|s__None,0.16666666666666666
779,k__Bacteria|p__Firmicutes|c__Clostridia|o__Oscillospirales|f__Oscillospiraceae|g__Oscillibacter|s__None,791,k__Bacteria|p__Firmicutes|c__Clostridia|o__Oscillospirales|f__Oscillospiraceae|g__UCG-003|s__None,0.16666666666666666
779,k__Bacteria|p__Firmicutes|c__Clostridia|o__Oscillospirales|f__Oscillospiraceae|g__Oscillibacter|s__None,794,k__Bacteria|p__Firmicutes|c__Clostridia|o__Oscillospirales|f__Oscillospiraceae|g__UCG-005|s__metagenome,0.25
779,k__Bacteria|p__Firmicutes|c__Clostridia|o__Oscillospirales|f__Oscillospiraceae|g__Oscillibacter|s__None,812,k__Bacteria|p__Firmicutes|c__Clostridia|o__Oscillospirales|f__Ruminococcaceae|g__Anaerofilum|s__metagenome,0.4166666666666667
779,k__Bacteria|p__Firmicutes|c__Clostridia|o__Oscillospirales|f__Oscillospiraceae|g__Oscillibacter|s__None,832,k__Bacteria|p__Firmicutes|c__Clostridia|o__Oscillospirales|f__Ruminococcaceae|g__DTU089|s__None,0.3333333333333333
779,k__Bacteria|p__Firmicutes|c__Clostridia|o__Oscillospirales|f__Oscillospiraceae|g__Oscillibacter|s__None,833,k__Bacteria|p__Firmicutes|c__Clostridia|o__Oscillospirales|f__Ruminococcaceae|g__Faecalibacterium|s__None,0.3333333333333333
779,k__Bacteria|p__Firmicutes|c__Clostridia|o__Oscillospirales|f__Oscillospiraceae|g__Oscillibacter|s__None,839,k__Bacteria|p__Firmicutes|c__Clostridia|o__Oscillospirales|f__Ruminococcaceae|g__Incertae_Sedis|s__metagenome,0.4166666666666667
779,k__Bacteria|p__Firmicutes|c__Clostridia|o__Oscillospirales|f__Oscillospiraceae|g__Oscillibacter|s__None,841,k__Bacteria|p__Firmicutes|c__Clostridia|o__Oscillospirales|f__Ruminococcaceae|g__Incertae_Sedis|s__None,0.3333333333333333
779,k__Bacteria|p__Firmicutes|c__Clostridia|o__Oscillospirales|f__Oscillospiraceae|g__Oscillibacter|s__None,859,k__Bacteria|p__Firmicutes|c__Clostridia|o__Oscillospirales|f__Ruminococcaceae|g__Ruminococcus|s__None,0.3333333333333333
779,k__Bacteria|p__Firmicutes|c__Clostridia|o__Oscillospirales|f__Oscillospiraceae|g__Oscillibacter|s__None,860,k__Bacteria|p__Firmicutes|c__Clostridia|o__Oscillospirales|f__Ruminococcaceae|g__Subdoligranulum|s__None,0.3333333333333333
779,k__Bacteria|p__Firmicutes|c__Clostridia|o__Oscillospirales|f__Oscillospiraceae|g__Oscillibacter|s__None,863,k__Bacteria|p__Firmicutes|c__Clostridia|o__Oscillospirales|f__Ruminococcaceae|g__UBA1819|s__None,0.3333333333333333
779,k__Bacteria|p__Firmicutes|c__Clostridia|o__Oscillospirales|f__Oscillospiraceae|g__Oscillibacter|s__None,865,k__Bacteria|p__Firmicutes|c__Clostridia|o__Oscillospirales|f__Ruminococcaceae|g__Eubacterium_siraeum_group|s__None,0.3333333333333333
779,k__Bacteria|p__Firmicutes|c__Clostridia|o__Oscillospirales|f__Oscillospiraceae|g__Oscillibacter|s__None,869,k__Bacteria|p__Firmicutes|c__Clostridia|o__Oscillospirales|f__Ruminococcaceae|g__None|s__None,0.25
779,k__Bacteria|p__Firmicutes|c__Clostridia|o__Oscillospirales|f__Oscillospiraceae|g__Oscillibacter|s__None,885,k__Bacteria|p__Firmicutes|c__Clostridia|o__Oscillospirales|f__Eubacterium_coprostanoligenes_group|g__None|s__None,0.25
779,k__Bacteria|p__Firmicutes|c__Clostridia|o__Oscillospirales|f__Oscillospiraceae|g__Oscillibacter|s__None,905,k__Bacteria|p__Firmicutes|c__Clostridia|o__Peptostreptococcales-Tissierellales|f__Anaerovoracaceae|g__Family_XIII_AD3011_group|s__metagenome,0.5833333333333334
779,k__Bacteria|p__Firmicutes|c__Clostridia|o__Oscillospirales|f__Oscillospiraceae|g__Oscillibacter|s__None,925,k__Bacteria|p__Firmicutes|c__Clostridia|o__Peptostreptococcales-Tissierellales|f__Anaerovoracaceae|g__None|s__None,0.4166666666666667
779,k__Bacteria|p__Firmicutes|c__Clostridia|o__Oscillospirales|f__Oscillospiraceae|g__Oscillibacter|s__None,943,k__Bacteria|p__Firmicutes|c__Clostridia|o__Peptostreptococcales-Tissierellales|f__Peptostreptococcaceae|g__Intestinibacter|s__None,0.5
779,k__Bacteria|p__Firmicutes|c__Clostridia|o__Oscillospirales|f__Oscillospiraceae|g__Oscillibacter|s__None,951,k__Bacteria|p__Firmicutes|c__Clostridia|o__Peptostreptococcales-Tissierellales|f__Peptostreptococcaceae|g__Romboutsia|s__None,0.5
779,k__Bacteria|p__Firmicutes|c__Clostridia|o__Oscillospirales|f__Oscillospiraceae|g__Oscillibacter|s__None,956,k__Bacteria|p__Firmicutes|c__Clostridia|o__None|f__None|g__None|s__None,0.25
779,k__Bacteria|p__Firmicutes|c__Clostridia|o__Oscillospirales|f__Oscillospiraceae|g__Oscillibacter|s__None,966,k__Bacteria|p__Firmicutes|c__Negativicutes|o__Acidaminococcales|f__Acidaminococcaceae|g__Acidaminococcus|s__None,0.6666666666666666
779,k__Bacteria|p__Firmicutes|c__Clostridia|o__Oscillospirales|f__Oscillospiraceae|g__Oscillibacter|s__None,967,k__Bacteria|p__Firmicutes|c__Negativicutes|o__Acidaminococcales|f__Acidaminococcaceae|g__Phascolarctobacterium|s__None,0.6666666666666666
779,k__Bacteria|p__Firmicutes|c__Clostridia|o__Oscillospirales|f__Oscillospiraceae|g__Oscillibacter|s__None,986,k__Bacteria|p__Firmicutes|c__Negativicutes|o__Veillonellales-Selenomonadales|f__Veillonellaceae|g__Dialister|s__None,0.6666666666666666
779,k__Bacteria|p__Firmicutes|c__Clostridia|o__Oscillospirales|f__Oscillospiraceae|g__Oscillibacter|s__None,992,k__Bacteria|p__Firmicutes|c__Negativicutes|o__Veillonellales-Selenomonadales|f__Veillonellaceae|g__Veillonella|s__None,0.6666666666666666
779,k__Bacteria|p__Firmicutes|c__Clostridia|o__Oscillospirales|f__Oscillospiraceae|g__Oscillibacter|s__None,1055,k__Bacteria|p__Proteobacteria|c__Gammaproteobacteria|o__Burkholderiales|f__Sutterellaceae|g__Parasutterella|s__None,0.8333333333333334
779,k__Bacteria|p__Firmicutes|c__Clostridia|o__Oscillospirales|f__Oscillospiraceae|g__Oscillibacter|s__None,1069,k__Bacteria|p__Proteobacteria|c__Gammaproteobacteria|o__Enterobacterales|f__Enterobacteriaceae|g__Escherichia-Shigella|s__None,0.8333333333333334
779,k__Bacteria|p__Firmicutes|c__Clostridia|o__Oscillospirales|f__Oscillospiraceae|g__Oscillibacter|s__None,1089,k__Bacteria|p__Proteobacteria|c__Gammaproteobacteria|o__Pseudomonadales|f__Pseudomonadaceae|g__Pseudomonas|s__None,0.8333333333333334
779,k__Bacteria|p__Firmicutes|c__Clostridia|o__Oscillospirales|f__Oscillospiraceae|g__Oscillibacter|s__None,1132,k__Bacteria|p__Verrucomicrobiota|c__Verrucomicrobiae|o__Verrucomicrobiales|f__Akkermansiaceae|g__Akkermansia|s__None,0.8333333333333334
779,k__Bacteria|p__Firmicutes|c__Clostridia|o__Oscillospirales|f__Oscillospiraceae|g__Oscillibacter|s__None,1136,k__Bacteria|p__None|c__None|o__None|f__None|g__None|s__None,0.4166666666666667
780,k__Bacteria|p__Firmicutes|c__Clostridia|o__Oscillospirales|f__Oscillospiraceae|g__Oscillibacter|s__metagenome,790,k__Bacteria|p__Firmicutes|c__Clostridia|o__Oscillospirales|f__Oscillospiraceae|g__UCG-002|s__None,0.25
780,k__Bacteria|p__Firmicutes|c__Clostridia|o__Oscillospirales|f__Oscillospiraceae|g__Oscillibacter|s__metagenome,791,k__Bacteria|p__Firmicutes|c__Clostridia|o__Oscillospirales|f__Oscillospiraceae|g__UCG-003|s__None,0.25
780,k__Bacteria|p__Firmicutes|c__Clostridia|o__Oscillospirales|f__Oscillospiraceae|g__Oscillibacter|s__metagenome,794,k__Bacteria|p__Firmicutes|c__Clostridia|o__Oscillospirales|f__Oscillospiraceae|g__UCG-005|s__metagenome,0.3333333333333333
780,k__Bacteria|p__Firmicutes|c__Clostridia|o__Oscillospirales|f__Oscillospiraceae|g__Oscillibacter|s__metagenome,812,k__Bacteria|p__Firmicutes|c__Clostridia|o__Oscillospirales|f__Ruminococcaceae|g__Anaerofilum|s__metagenome,0.5
780,k__Bacteria|p__Firmicutes|c__Clostridia|o__Oscillospirales|f__Oscillospiraceae|g__Oscillibacter|s__metagenome,832,k__Bacteria|p__Firmicutes|c__Clostridia|o__Oscillospirales|f__Ruminococcaceae|g__DTU089|s__None,0.4166666666666667
780,k__Bacteria|p__Firmicutes|c__Clostridia|o__Oscillospirales|f__Oscillospiraceae|g__Oscillibacter|s__metagenome,833,k__Bacteria|p__Firmicutes|c__Clostridia|o__Oscillospirales|f__Ruminococcaceae|g__Faecalibacterium|s__None,0.4166666666666667
780,k__Bacteria|p__Firmicutes|c__Clostridia|o__Oscillospirales|f__Oscillospiraceae|g__Oscillibacter|s__metagenome,839,k__Bacteria|p__Firmicutes|c__Clostridia|o__Oscillospirales|f__Ruminococcaceae|g__Incertae_Sedis|s__metagenome,0.5
780,k__Bacteria|p__Firmicutes|c__Clostridia|o__Oscillospirales|f__Oscillospiraceae|g__Oscillibacter|s__metagenome,841,k__Bacteria|p__Firmicutes|c__Clostridia|o__Oscillospirales|f__Ruminococcaceae|g__Incertae_Sedis|s__None,0.4166666666666667
780,k__Bacteria|p__Firmicutes|c__Clostridia|o__Oscillospirales|f__Oscillospiraceae|g__Oscillibacter|s__metagenome,859,k__Bacteria|p__Firmicutes|c__Clostridia|o__Oscillospirales|f__Ruminococcaceae|g__Ruminococcus|s__None,0.4166666666666667
780,k__Bacteria|p__Firmicutes|c__Clostridia|o__Oscillospirales|f__Oscillospiraceae|g__Oscillibacter|s__metagenome,860,k__Bacteria|p__Firmicutes|c__Clostridia|o__Oscillospirales|f__Ruminococcaceae|g__Subdoligranulum|s__None,0.4166666666666667
780,k__Bacteria|p__Firmicutes|c__Clostridia|o__Oscillospirales|f__Oscillospiraceae|g__Oscillibacter|s__metagenome,863,k__Bacteria|p__Firmicutes|c__Clostridia|o__Oscillospirales|f__Ruminococcaceae|g__UBA1819|s__None,0.4166666666666667
780,k__Bacteria|p__Firmicutes|c__Clostridia|o__Oscillospirales|f__Oscillospiraceae|g__Oscillibacter|s__metagenome,865,k__Bacteria|p__Firmicutes|c__Clostridia|o__Oscillospirales|f__Ruminococcaceae|g__Eubacterium_siraeum_group|s__None,0.4166666666666667
780,k__Bacteria|p__Firmicutes|c__Clostridia|o__Oscillospirales|f__Oscillospiraceae|g__Oscillibacter|s__metagenome,869,k__Bacteria|p__Firmicutes|c__Clostridia|o__Oscillospirales|f__Ruminococcaceae|g__None|s__None,0.3333333333333333
780,k__Bacteria|p__Firmicutes|c__Clostridia|o__Oscillospirales|f__Oscillospiraceae|g__Oscillibacter|s__metagenome,885,k__Bacteria|p__Firmicutes|c__Clostridia|o__Oscillospirales|f__Eubacterium_coprostanoligenes_group|g__None|s__None,0.3333333333333333
780,k__Bacteria|p__Firmicutes|c__Clostridia|o__Oscillospirales|f__Oscillospiraceae|g__Oscillibacter|s__metagenome,905,k__Bacteria|p__Firmicutes|c__Clostridia|o__Peptostreptococcales-Tissierellales|f__Anaerovoracaceae|g__Family_XIII_AD3011_group|s__metagenome,0.6666666666666666
780,k__Bacteria|p__Firmicutes|c__Clostridia|o__Oscillospirales|f__Oscillospiraceae|g__Oscillibacter|s__metagenome,925,k__Bacteria|p__Firmicutes|c__Clostridia|o__Peptostreptococcales-Tissierellales|f__Anaerovoracaceae|g__None|s__None,0.5
780,k__Bacteria|p__Firmicutes|c__Clostridia|o__Oscillospirales|f__Oscillospiraceae|g__Oscillibacter|s__metagenome,943,k__Bacteria|p__Firmicutes|c__Clostridia|o__Peptostreptococcales-Tissierellales|f__Peptostreptococcaceae|g__Intestinibacter|s__None,0.5833333333333334
780,k__Bacteria|p__Firmicutes|c__Clostridia|o__Oscillospirales|f__Oscillospiraceae|g__Oscillibacter|s__metagenome,951,k__Bacteria|p__Firmicutes|c__Clostridia|o__Peptostreptococcales-Tissierellales|f__Peptostreptococcaceae|g__Romboutsia|s__None,0.5833333333333334
780,k__Bacteria|p__Firmicutes|c__Clostridia|o__Oscillospirales|f__Oscillospiraceae|g__Oscillibacter|s__metagenome,956,k__Bacteria|p__Firmicutes|c__Clostridia|o__None|f__None|g__None|s__None,0.3333333333333333
780,k__Bacteria|p__Firmicutes|c__Clostridia|o__Oscillospirales|f__Oscillospiraceae|g__Oscillibacter|s__metagenome,966,k__Bacteria|p__Firmicutes|c__Negativicutes|o__Acidaminococcales|f__Acidaminococcaceae|g__Acidaminococcus|s__None,0.75
780,k__Bacteria|p__Firmicutes|c__Clostridia|o__Oscillospirales|f__Oscillospiraceae|g__Oscillibacter|s__metagenome,967,k__Bacteria|p__Firmicutes|c__Negativicutes|o__Acidaminococcales|f__Acidaminococcaceae|g__Phascolarctobacterium|s__None,0.75
780,k__Bacteria|p__Firmicutes|c__Clostridia|o__Oscillospirales|f__Oscillospiraceae|g__Oscillibacter|s__metagenome,986,k__Bacteria|p__Firmicutes|c__Negativicutes|o__Veillonellales-Selenomonadales|f__Veillonellaceae|g__Dialister|s__None,0.75
780,k__Bacteria|p__Firmicutes|c__Clostridia|o__Oscillospirales|f__Oscillospiraceae|g__Oscillibacter|s__metagenome,992,k__Bacteria|p__Firmicutes|c__Negativicutes|o__Veillonellales-Selenomonadales|f__Veillonellaceae|g__Veillonella|s__None,0.75
780,k__Bacteria|p__Firmicutes|c__Clostridia|o__Oscillospirales|f__Oscillospiraceae|g__Oscillibacter|s__metagenome,1055,k__Bacteria|p__Proteobacteria|c__Gammaproteobacteria|o__Burkholderiales|f__Sutterellaceae|g__Parasutterella|s__None,0.9166666666666666
780,k__Bacteria|p__Firmicutes|c__Clostridia|o__Oscillospirales|f__Oscillospiraceae|g__Oscillibacter|s__metagenome,1069,k__Bacteria|p__Proteobacteria|c__Gammaproteobacteria|o__Enterobacterales|f__Enterobacteriaceae|g__Escherichia-Shigella|s__None,0.9166666666666666
780,k__Bacteria|p__Firmicutes|c__Clostridia|o__Oscillospirales|f__Oscillospiraceae|g__Oscillibacter|s__metagenome,1089,k__Bacteria|p__Proteobacteria|c__Gammaproteobacteria|o__Pseudomonadales|f__Pseudomonadaceae|g__Pseudomonas|s__None,0.9166666666666666
780,k__Bacteria|p__Firmicutes|c__Clostridia|o__Oscillospirales|f__Oscillospiraceae|g__Oscillibacter|s__metagenome,1132,k__Bacteria|p__Verrucomicrobiota|c__Verrucomicrobiae|o__Verrucomicrobiales|f__Akkermansiaceae|g__Akkermansia|s__None,0.9166666666666666
780,k__Bacteria|p__Firmicutes|c__Clostridia|o__Oscillospirales|f__Oscillospiraceae|g__Oscillibacter|s__metagenome,1136,k__Bacteria|p__None|c__None|o__None|f__None|g__None|s__None,0.5
790,k__Bacteria|p__Firmicutes|c__Clostridia|o__Oscillospirales|f__Oscillospiraceae|g__UCG-002|s__None,791,k__Bacteria|p__Firmicutes|c__Clostridia|o__Oscillospirales|f__Oscillospiraceae|g__UCG-003|s__None,0.16666666666666666
790,k__Bacteria|p__Firmicutes|c__Clostridia|o__Oscillospirales|f__Oscillospiraceae|g__UCG-002|s__None,794,k__Bacteria|p__Firmicutes|c__Clostridia|o__Oscillospirales|f__Oscillospiraceae|g__UCG-005|s__metagenome,0.25
790,k__Bacteria|p__Firmicutes|c__Clostridia|o__Oscillospirales|f__Oscillospiraceae|g__UCG-002|s__None,812,k__Bacteria|p__Firmicutes|c__Clostridia|o__Oscillospirales|f__Ruminococcaceae|g__Anaerofilum|s__metagenome,0.4166666666666667
790,k__Bacteria|p__Firmicutes|c__Clostridia|o__Oscillospirales|f__Oscillospiraceae|g__UCG-002|s__None,832,k__Bacteria|p__Firmicutes|c__Clostridia|o__Oscillospirales|f__Ruminococcaceae|g__DTU089|s__None,0.3333333333333333
790,k__Bacteria|p__Firmicutes|c__Clostridia|o__Oscillospirales|f__Oscillospiraceae|g__UCG-002|s__None,833,k__Bacteria|p__Firmicutes|c__Clostridia|o__Oscillospirales|f__Ruminococcaceae|g__Faecalibacterium|s__None,0.3333333333333333
790,k__Bacteria|p__Firmicutes|c__Clostridia|o__Oscillospirales|f__Oscillospiraceae|g__UCG-002|s__None,839,k__Bacteria|p__Firmicutes|c__Clostridia|o__Oscillospirales|f__Ruminococcaceae|g__Incertae_Sedis|s__metagenome,0.4166666666666667
790,k__Bacteria|p__Firmicutes|c__Clostridia|o__Oscillospirales|f__Oscillospiraceae|g__UCG-002|s__None,841,k__Bacteria|p__Firmicutes|c__Clostridia|o__Oscillospirales|f__Ruminococcaceae|g__Incertae_Sedis|s__None,0.3333333333333333
790,k__Bacteria|p__Firmicutes|c__Clostridia|o__Oscillospirales|f__Oscillospiraceae|g__UCG-002|s__None,859,k__Bacteria|p__Firmicutes|c__Clostridia|o__Oscillospirales|f__Ruminococcaceae|g__Ruminococcus|s__None,0.3333333333333333
790,k__Bacteria|p__Firmicutes|c__Clostridia|o__Oscillospirales|f__Oscillospiraceae|g__UCG-002|s__None,860,k__Bacteria|p__Firmicutes|c__Clostridia|o__Oscillospirales|f__Ruminococcaceae|g__Subdoligranulum|s__None,0.3333333333333333
790,k__Bacteria|p__Firmicutes|c__Clostridia|o__Oscillospirales|f__Oscillospiraceae|g__UCG-002|s__None,863,k__Bacteria|p__Firmicutes|c__Clostridia|o__Oscillospirales|f__Ruminococcaceae|g__UBA1819|s__None,0.3333333333333333
790,k__Bacteria|p__Firmicutes|c__Clostridia|o__Oscillospirales|f__Oscillospiraceae|g__UCG-002|s__None,865,k__Bacteria|p__Firmicutes|c__Clostridia|o__Oscillospirales|f__Ruminococcaceae|g__Eubacterium_siraeum_group|s__None,0.3333333333333333
790,k__Bacteria|p__Firmicutes|c__Clostridia|o__Oscillospirales|f__Oscillospiraceae|g__UCG-002|s__None,869,k__Bacteria|p__Firmicutes|c__Clostridia|o__Oscillospirales|f__Ruminococcaceae|g__None|s__None,0.25
790,k__Bacteria|p__Firmicutes|c__Clostridia|o__Oscillospirales|f__Oscillospiraceae|g__UCG-002|s__None,885,k__Bacteria|p__Firmicutes|c__Clostridia|o__Oscillospirales|f__Eubacterium_coprostanoligenes_group|g__None|s__None,0.25
790,k__Bacteria|p__Firmicutes|c__Clostridia|o__Oscillospirales|f__Oscillospiraceae|g__UCG-002|s__None,905,k__Bacteria|p__Firmicutes|c__Clostridia|o__Peptostreptococcales-Tissierellales|f__Anaerovoracaceae|g__Family_XIII_AD3011_group|s__metagenome,0.5833333333333334
790,k__Bacteria|p__Firmicutes|c__Clostridia|o__Oscillospirales|f__Oscillospiraceae|g__UCG-002|s__None,925,k__Bacteria|p__Firmicutes|c__Clostridia|o__Peptostreptococcales-Tissierellales|f__Anaerovoracaceae|g__None|s__None,0.4166666666666667
790,k__Bacteria|p__Firmicutes|c__Clostridia|o__Oscillospirales|f__Oscillospiraceae|g__UCG-002|s__None,943,k__Bacteria|p__Firmicutes|c__Clostridia|o__Peptostreptococcales-Tissierellales|f__Peptostreptococcaceae|g__Intestinibacter|s__None,0.5
790,k__Bacteria|p__Firmicutes|c__Clostridia|o__Oscillospirales|f__Oscillospiraceae|g__UCG-002|s__None,951,k__Bacteria|p__Firmicutes|c__Clostridia|o__Peptostreptococcales-Tissierellales|f__Peptostreptococcaceae|g__Romboutsia|s__None,0.5
790,k__Bacteria|p__Firmicutes|c__Clostridia|o__Oscillospirales|f__Oscillospiraceae|g__UCG-002|s__None,956,k__Bacteria|p__Firmicutes|c__Clostridia|o__None|f__None|g__None|s__None,0.25
790,k__Bacteria|p__Firmicutes|c__Clostridia|o__Oscillospirales|f__Oscillospiraceae|g__UCG-002|s__None,966,k__Bacteria|p__Firmicutes|c__Negativicutes|o__Acidaminococcales|f__Acidaminococcaceae|g__Acidaminococcus|s__None,0.6666666666666666
790,k__Bacteria|p__Firmicutes|c__Clostridia|o__Oscillospirales|f__Oscillospiraceae|g__UCG-002|s__None,967,k__Bacteria|p__Firmicutes|c__Negativicutes|o__Acidaminococcales|f__Acidaminococcaceae|g__Phascolarctobacterium|s__None,0.6666666666666666
790,k__Bacteria|p__Firmicutes|c__Clostridia|o__Oscillospirales|f__Oscillospiraceae|g__UCG-002|s__None,986,k__Bacteria|p__Firmicutes|c__Negativicutes|o__Veillonellales-Selenomonadales|f__Veillonellaceae|g__Dialister|s__None,0.6666666666666666
790,k__Bacteria|p__Firmicutes|c__Clostridia|o__Oscillospirales|f__Oscillospiraceae|g__UCG-002|s__None,992,k__Bacteria|p__Firmicutes|c__Negativicutes|o__Veillonellales-Selenomonadales|f__Veillonellaceae|g__Veillonella|s__None,0.6666666666666666
790,k__Bacteria|p__Firmicutes|c__Clostridia|o__Oscillospirales|f__Oscillospiraceae|g__UCG-002|s__None,1055,k__Bacteria|p__Proteobacteria|c__Gammaproteobacteria|o__Burkholderiales|f__Sutterellaceae|g__Parasutterella|s__None,0.8333333333333334
790,k__Bacteria|p__Firmicutes|c__Clostridia|o__Oscillospirales|f__Oscillospiraceae|g__UCG-002|s__None,1069,k__Bacteria|p__Proteobacteria|c__Gammaproteobacteria|o__Enterobacterales|f__Enterobacteriaceae|g__Escherichia-Shigella|s__None,0.8333333333333334
790,k__Bacteria|p__Firmicutes|c__Clostridia|o__Oscillospirales|f__Oscillospiraceae|g__UCG-002|s__None,1089,k__Bacteria|p__Proteobacteria|c__Gammaproteobacteria|o__Pseudomonadales|f__Pseudomonadaceae|g__Pseudomonas|s__None,0.8333333333333334
790,k__Bacteria|p__Firmicutes|c__Clostridia|o__Oscillospirales|f__Oscillospiraceae|g__UCG-002|s__None,1132,k__Bacteria|p__Verrucomicrobiota|c__Verrucomicrobiae|o__Verrucomicrobiales|f__Akkermansiaceae|g__Akkermansia|s__None,0.8333333333333334
790,k__Bacteria|p__Firmicutes|c__Clostridia|o__Oscillospirales|f__Oscillospiraceae|g__UCG-002|s__None,1136,k__Bacteria|p__None|c__None|o__None|f__None|g__None|s__None,0.4166666666666667
791,k__Bacteria|p__Firmicutes|c__Clostridia|o__Oscillospirales|f__Oscillospiraceae|g__UCG-003|s__None,794,k__Bacteria|p__Firmicutes|c__Clostridia|o__Oscillospirales|f__Oscillospiraceae|g__UCG-005|s__metagenome,0.25
791,k__Bacteria|p__Firmicutes|c__Clostridia|o__Oscillospirales|f__Oscillospiraceae|g__UCG-003|s__None,812,k__Bacteria|p__Firmicutes|c__Clostridia|o__Oscillospirales|f__Ruminococcaceae|g__Anaerofilum|s__metagenome,0.4166666666666667
791,k__Bacteria|p__Firmicutes|c__Clostridia|o__Oscillospirales|f__Oscillospiraceae|g__UCG-003|s__None,832,k__Bacteria|p__Firmicutes|c__Clostridia|o__Oscillospirales|f__Ruminococcaceae|g__DTU089|s__None,0.3333333333333333
791,k__Bacteria|p__Firmicutes|c__Clostridia|o__Oscillospirales|f__Oscillospiraceae|g__UCG-003|s__None,833,k__Bacteria|p__Firmicutes|c__Clostridia|o__Oscillospirales|f__Ruminococcaceae|g__Faecalibacterium|s__None,0.3333333333333333
791,k__Bacteria|p__Firmicutes|c__Clostridia|o__Oscillospirales|f__Oscillospiraceae|g__UCG-003|s__None,839,k__Bacteria|p__Firmicutes|c__Clostridia|o__Oscillospirales|f__Ruminococcaceae|g__Incertae_Sedis|s__metagenome,0.4166666666666667
791,k__Bacteria|p__Firmicutes|c__Clostridia|o__Oscillospirales|f__Oscillospiraceae|g__UCG-003|s__None,841,k__Bacteria|p__Firmicutes|c__Clostridia|o__Oscillospirales|f__Ruminococcaceae|g__Incertae_Sedis|s__None,0.3333333333333333
791,k__Bacteria|p__Firmicutes|c__Clostridia|o__Oscillospirales|f__Oscillospiraceae|g__UCG-003|s__None,859,k__Bacteria|p__Firmicutes|c__Clostridia|o__Oscillospirales|f__Ruminococcaceae|g__Ruminococcus|s__None,0.3333333333333333
791,k__Bacteria|p__Firmicutes|c__Clostridia|o__Oscillospirales|f__Oscillospiraceae|g__UCG-003|s__None,860,k__Bacteria|p__Firmicutes|c__Clostridia|o__Oscillospirales|f__Ruminococcaceae|g__Subdoligranulum|s__None,0.3333333333333333
791,k__Bacteria|p__Firmicutes|c__Clostridia|o__Oscillospirales|f__Oscillospiraceae|g__UCG-003|s__None,863,k__Bacteria|p__Firmicutes|c__Clostridia|o__Oscillospirales|f__Ruminococcaceae|g__UBA1819|s__None,0.3333333333333333
791,k__Bacteria|p__Firmicutes|c__Clostridia|o__Oscillospirales|f__Oscillospiraceae|g__UCG-003|s__None,865,k__Bacteria|p__Firmicutes|c__Clostridia|o__Oscillospirales|f__Ruminococcaceae|g__Eubacterium_siraeum_group|s__None,0.3333333333333333
791,k__Bacteria|p__Firmicutes|c__Clostridia|o__Oscillospirales|f__Oscillospiraceae|g__UCG-003|s__None,869,k__Bacteria|p__Firmicutes|c__Clostridia|o__Oscillospirales|f__Ruminococcaceae|g__None|s__None,0.25
791,k__Bacteria|p__Firmicutes|c__Clostridia|o__Oscillospirales|f__Oscillospiraceae|g__UCG-003|s__None,885,k__Bacteria|p__Firmicutes|c__Clostridia|o__Oscillospirales|f__Eubacterium_coprostanoligenes_group|g__None|s__None,0.25
791,k__Bacteria|p__Firmicutes|c__Clostridia|o__Oscillospirales|f__Oscillospiraceae|g__UCG-003|s__None,905,k__Bacteria|p__Firmicutes|c__Clostridia|o__Peptostreptococcales-Tissierellales|f__Anaerovoracaceae|g__Family_XIII_AD3011_group|s__metagenome,0.5833333333333334
791,k__Bacteria|p__Firmicutes|c__Clostridia|o__Oscillospirales|f__Oscillospiraceae|g__UCG-003|s__None,925,k__Bacteria|p__Firmicutes|c__Clostridia|o__Peptostreptococcales-Tissierellales|f__Anaerovoracaceae|g__None|s__None,0.4166666666666667
791,k__Bacteria|p__Firmicutes|c__Clostridia|o__Oscillospirales|f__Oscillospiraceae|g__UCG-003|s__None,943,k__Bacteria|p__Firmicutes|c__Clostridia|o__Peptostreptococcales-Tissierellales|f__Peptostreptococcaceae|g__Intestinibacter|s__None,0.5
791,k__Bacteria|p__Firmicutes|c__Clostridia|o__Oscillospirales|f__Oscillospiraceae|g__UCG-003|s__None,951,k__Bacteria|p__Firmicutes|c__Clostridia|o__Peptostreptococcales-Tissierellales|f__Peptostreptococcaceae|g__Romboutsia|s__None,0.5
791,k__Bacteria|p__Firmicutes|c__Clostridia|o__Oscillospirales|f__Oscillospiraceae|g__UCG-003|s__None,956,k__Bacteria|p__Firmicutes|c__Clostridia|o__None|f__None|g__None|s__None,0.25
791,k__Bacteria|p__Firmicutes|c__Clostridia|o__Oscillospirales|f__Oscillospiraceae|g__UCG-003|s__None,966,k__Bacteria|p__Firmicutes|c__Negativicutes|o__Acidaminococcales|f__Acidaminococcaceae|g__Acidaminococcus|s__None,0.6666666666666666
791,k__Bacteria|p__Firmicutes|c__Clostridia|o__Oscillospirales|f__Oscillospiraceae|g__UCG-003|s__None,967,k__Bacteria|p__Firmicutes|c__Negativicutes|o__Acidaminococcales|f__Acidaminococcaceae|g__Phascolarctobacterium|s__None,0.6666666666666666
791,k__Bacteria|p__Firmicutes|c__Clostridia|o__Oscillospirales|f__Oscillospiraceae|g__UCG-003|s__None,986,k__Bacteria|p__Firmicutes|c__Negativicutes|o__Veillonellales-Selenomonadales|f__Veillonellaceae|g__Dialister|s__None,0.6666666666666666
791,k__Bacteria|p__Firmicutes|c__Clostridia|o__Oscillospirales|f__Oscillospiraceae|g__UCG-003|s__None,992,k__Bacteria|p__Firmicutes|c__Negativicutes|o__Veillonellales-Selenomonadales|f__Veillonellaceae|g__Veillonella|s__None,0.6666666666666666
791,k__Bacteria|p__Firmicutes|c__Clostridia|o__Oscillospirales|f__Oscillospiraceae|g__UCG-003|s__None,1055,k__Bacteria|p__Proteobacteria|c__Gammaproteobacteria|o__Burkholderiales|f__Sutterellaceae|g__Parasutterella|s__None,0.8333333333333334
791,k__Bacteria|p__Firmicutes|c__Clostridia|o__Oscillospirales|f__Oscillospiraceae|g__UCG-003|s__None,1069,k__Bacteria|p__Proteobacteria|c__Gammaproteobacteria|o__Enterobacterales|f__Enterobacteriaceae|g__Escherichia-Shigella|s__None,0.8333333333333334
791,k__Bacteria|p__Firmicutes|c__Clostridia|o__Oscillospirales|f__Oscillospiraceae|g__UCG-003|s__None,1089,k__Bacteria|p__Proteobacteria|c__Gammaproteobacteria|o__Pseudomonadales|f__Pseudomonadaceae|g__Pseudomonas|s__None,0.8333333333333334
791,k__Bacteria|p__Firmicutes|c__Clostridia|o__Oscillospirales|f__Oscillospiraceae|g__UCG-003|s__None,1132,k__Bacteria|p__Verrucomicrobiota|c__Verrucomicrobiae|o__Verrucomicrobiales|f__Akkermansiaceae|g__Akkermansia|s__None,0.8333333333333334
791,k__Bacteria|p__Firmicutes|c__Clostridia|o__Oscillospirales|f__Oscillospiraceae|g__UCG-003|s__None,1136,k__Bacteria|p__None|c__None|o__None|f__None|g__None|s__None,0.4166666666666667
794,k__Bacteria|p__Firmicutes|c__Clostridia|o__Oscillospirales|f__Oscillospiraceae|g__UCG-005|s__metagenome,812,k__Bacteria|p__Firmicutes|c__Clostridia|o__Oscillospirales|f__Ruminococcaceae|g__Anaerofilum|s__metagenome,0.5
794,k__Bacteria|p__Firmicutes|c__Clostridia|o__Oscillospirales|f__Oscillospiraceae|g__UCG-005|s__metagenome,832,k__Bacteria|p__Firmicutes|c__Clostridia|o__Oscillospirales|f__Ruminococcaceae|g__DTU089|s__None,0.4166666666666667
794,k__Bacteria|p__Firmicutes|c__Clostridia|o__Oscillospirales|f__Oscillospiraceae|g__UCG-005|s__metagenome,833,k__Bacteria|p__Firmicutes|c__Clostridia|o__Oscillospirales|f__Ruminococcaceae|g__Faecalibacterium|s__None,0.4166666666666667
794,k__Bacteria|p__Firmicutes|c__Clostridia|o__Oscillospirales|f__Oscillospiraceae|g__UCG-005|s__metagenome,839,k__Bacteria|p__Firmicutes|c__Clostridia|o__Oscillospirales|f__Ruminococcaceae|g__Incertae_Sedis|s__metagenome,0.5
794,k__Bacteria|p__Firmicutes|c__Clostridia|o__Oscillospirales|f__Oscillospiraceae|g__UCG-005|s__metagenome,841,k__Bacteria|p__Firmicutes|c__Clostridia|o__Oscillospirales|f__Ruminococcaceae|g__Incertae_Sedis|s__None,0.4166666666666667
794,k__Bacteria|p__Firmicutes|c__Clostridia|o__Oscillospirales|f__Oscillospiraceae|g__UCG-005|s__metagenome,859,k__Bacteria|p__Firmicutes|c__Clostridia|o__Oscillospirales|f__Ruminococcaceae|g__Ruminococcus|s__None,0.4166666666666667
794,k__Bacteria|p__Firmicutes|c__Clostridia|o__Oscillospirales|f__Oscillospiraceae|g__UCG-005|s__metagenome,860,k__Bacteria|p__Firmicutes|c__Clostridia|o__Oscillospirales|f__Ruminococcaceae|g__Subdoligranulum|s__None,0.4166666666666667
794,k__Bacteria|p__Firmicutes|c__Clostridia|o__Oscillospirales|f__Oscillospiraceae|g__UCG-005|s__metagenome,863,k__Bacteria|p__Firmicutes|c__Clostridia|o__Oscillospirales|f__Ruminococcaceae|g__UBA1819|s__None,0.4166666666666667
794,k__Bacteria|p__Firmicutes|c__Clostridia|o__Oscillospirales|f__Oscillospiraceae|g__UCG-005|s__metagenome,865,k__Bacteria|p__Firmicutes|c__Clostridia|o__Oscillospirales|f__Ruminococcaceae|g__Eubacterium_siraeum_group|s__None,0.4166666666666667
794,k__Bacteria|p__Firmicutes|c__Clostridia|o__Oscillospirales|f__Oscillospiraceae|g__UCG-005|s__metagenome,869,k__Bacteria|p__Firmicutes|c__Clostridia|o__Oscillospirales|f__Ruminococcaceae|g__None|s__None,0.3333333333333333
794,k__Bacteria|p__Firmicutes|c__Clostridia|o__Oscillospirales|f__Oscillospiraceae|g__UCG-005|s__metagenome,885,k__Bacteria|p__Firmicutes|c__Clostridia|o__Oscillospirales|f__Eubacterium_coprostanoligenes_group|g__None|s__None,0.3333333333333333
794,k__Bacteria|p__Firmicutes|c__Clostridia|o__Oscillospirales|f__Oscillospiraceae|g__UCG-005|s__metagenome,905,k__Bacteria|p__Firmicutes|c__Clostridia|o__Peptostreptococcales-Tissierellales|f__Anaerovoracaceae|g__Family_XIII_AD3011_group|s__metagenome,0.6666666666666666
794,k__Bacteria|p__Firmicutes|c__Clostridia|o__Oscillospirales|f__Oscillospiraceae|g__UCG-005|s__metagenome,925,k__Bacteria|p__Firmicutes|c__Clostridia|o__Peptostreptococcales-Tissierellales|f__Anaerovoracaceae|g__None|s__None,0.5
794,k__Bacteria|p__Firmicutes|c__Clostridia|o__Oscillospirales|f__Oscillospiraceae|g__UCG-005|s__metagenome,943,k__Bacteria|p__Firmicutes|c__Clostridia|o__Peptostreptococcales-Tissierellales|f__Peptostreptococcaceae|g__Intestinibacter|s__None,0.5833333333333334
794,k__Bacteria|p__Firmicutes|c__Clostridia|o__Oscillospirales|f__Oscillospiraceae|g__UCG-005|s__metagenome,951,k__Bacteria|p__Firmicutes|c__Clostridia|o__Peptostreptococcales-Tissierellales|f__Peptostreptococcaceae|g__Romboutsia|s__None,0.5833333333333334
794,k__Bacteria|p__Firmicutes|c__Clostridia|o__Oscillospirales|f__Oscillospiraceae|g__UCG-005|s__metagenome,956,k__Bacteria|p__Firmicutes|c__Clostridia|o__None|f__None|g__None|s__None,0.3333333333333333
794,k__Bacteria|p__Firmicutes|c__Clostridia|o__Oscillospirales|f__Oscillospiraceae|g__UCG-005|s__metagenome,966,k__Bacteria|p__Firmicutes|c__Negativicutes|o__Acidaminococcales|f__Acidaminococcaceae|g__Acidaminococcus|s__None,0.75
794,k__Bacteria|p__Firmicutes|c__Clostridia|o__Oscillospirales|f__Oscillospiraceae|g__UCG-005|s__metagenome,967,k__Bacteria|p__Firmicutes|c__Negativicutes|o__Acidaminococcales|f__Acidaminococcaceae|g__Phascolarctobacterium|s__None,0.75
794,k__Bacteria|p__Firmicutes|c__Clostridia|o__Oscillospirales|f__Oscillospiraceae|g__UCG-005|s__metagenome,986,k__Bacteria|p__Firmicutes|c__Negativicutes|o__Veillonellales-Selenomonadales|f__Veillonellaceae|g__Dialister|s__None,0.75
794,k__Bacteria|p__Firmicutes|c__Clostridia|o__Oscillospirales|f__Oscillospiraceae|g__UCG-005|s__metagenome,992,k__Bacteria|p__Firmicutes|c__Negativicutes|o__Veillonellales-Selenomonadales|f__Veillonellaceae|g__Veillonella|s__None,0.75
794,k__Bacteria|p__Firmicutes|c__Clostridia|o__Oscillospirales|f__Oscillospiraceae|g__UCG-005|s__metagenome,1055,k__Bacteria|p__Proteobacteria|c__Gammaproteobacteria|o__Burkholderiales|f__Sutterellaceae|g__Parasutterella|s__None,0.9166666666666666
794,k__Bacteria|p__Firmicutes|c__Clostridia|o__Oscillospirales|f__Oscillospiraceae|g__UCG-005|s__metagenome,1069,k__Bacteria|p__Proteobacteria|c__Gammaproteobacteria|o__Enterobacterales|f__Enterobacteriaceae|g__Escherichia-Shigella|s__None,0.9166666666666666
794,k__Bacteria|p__Firmicutes|c__Clostridia|o__Oscillospirales|f__Oscillospiraceae|g__UCG-005|s__metagenome,1089,k__Bacteria|p__Proteobacteria|c__Gammaproteobacteria|o__Pseudomonadales|f__Pseudomonadaceae|g__Pseudomonas|s__None,0.9166666666666666
794,k__Bacteria|p__Firmicutes|c__Clostridia|o__Oscillospirales|f__Oscillospiraceae|g__UCG-005|s__metagenome,1132,k__Bacteria|p__Verrucomicrobiota|c__Verrucomicrobiae|o__Verrucomicrobiales|f__Akkermansiaceae|g__Akkermansia|s__None,0.9166666666666666
794,k__Bacteria|p__Firmicutes|c__Clostridia|o__Oscillospirales|f__Oscillospiraceae|g__UCG-005|s__metagenome,1136,k__Bacteria|p__None|c__None|o__None|f__None|g__None|s__None,0.5
812,k__Bacteria|p__Firmicutes|c__Clostridia|o__Oscillospirales|f__Ruminococcaceae|g__Anaerofilum|s__metagenome,832,k__Bacteria|p__Firmicutes|c__Clostridia|o__Oscillospirales|f__Ruminococcaceae|g__DTU089|s__None,0.25
812,k__Bacteria|p__Firmicutes|c__Clostridia|o__Oscillospirales|f__Ruminococcaceae|g__Anaerofilum|s__metagenome,833,k__Bacteria|p__Firmicutes|c__Clostridia|o__Oscillospirales|f__Ruminococcaceae|g__Faecalibacterium|s__None,0.25
812,k__Bacteria|p__Firmicutes|c__Clostridia|o__Oscillospirales|f__Ruminococcaceae|g__Anaerofilum|s__metagenome,839,k__Bacteria|p__Firmicutes|c__Clostridia|o__Oscillospirales|f__Ruminococcaceae|g__Incertae_Sedis|s__metagenome,0.3333333333333333
812,k__Bacteria|p__Firmicutes|c__Clostridia|o__Oscillospirales|f__Ruminococcaceae|g__Anaerofilum|s__metagenome,841,k__Bacteria|p__Firmicutes|c__Clostridia|o__Oscillospirales|f__Ruminococcaceae|g__Incertae_Sedis|s__None,0.25
812,k__Bacteria|p__Firmicutes|c__Clostridia|o__Oscillospirales|f__Ruminococcaceae|g__Anaerofilum|s__metagenome,859,k__Bacteria|p__Firmicutes|c__Clostridia|o__Oscillospirales|f__Ruminococcaceae|g__Ruminococcus|s__None,0.25
812,k__Bacteria|p__Firmicutes|c__Clostridia|o__Oscillospirales|f__Ruminococcaceae|g__Anaerofilum|s__metagenome,860,k__Bacteria|p__Firmicutes|c__Clostridia|o__Oscillospirales|f__Ruminococcaceae|g__Subdoligranulum|s__None,0.25
812,k__Bacteria|p__Firmicutes|c__Clostridia|o__Oscillospirales|f__Ruminococcaceae|g__Anaerofilum|s__metagenome,863,k__Bacteria|p__Firmicutes|c__Clostridia|o__Oscillospirales|f__Ruminococcaceae|g__UBA1819|s__None,0.25
812,k__Bacteria|p__Firmicutes|c__Clostridia|o__Oscillospirales|f__Ruminococcaceae|g__Anaerofilum|s__metagenome,865,k__Bacteria|p__Firmicutes|c__Clostridia|o__Oscillospirales|f__Ruminococcaceae|g__Eubacterium_siraeum_group|s__None,0.25
812,k__Bacteria|p__Firmicutes|c__Clostridia|o__Oscillospirales|f__Ruminococcaceae|g__Anaerofilum|s__metagenome,869,k__Bacteria|p__Firmicutes|c__Clostridia|o__Oscillospirales|f__Ruminococcaceae|g__None|s__None,0.25
812,k__Bacteria|p__Firmicutes|c__Clostridia|o__Oscillospirales|f__Ruminococcaceae|g__Anaerofilum|s__metagenome,885,k__Bacteria|p__Firmicutes|c__Clostridia|o__Oscillospirales|f__Eubacterium_coprostanoligenes_group|g__None|s__None,0.3333333333333333
812,k__Bacteria|p__Firmicutes|c__Clostridia|o__Oscillospirales|f__Ruminococcaceae|g__Anaerofilum|s__metagenome,905,k__Bacteria|p__Firmicutes|c__Clostridia|o__Peptostreptococcales-Tissierellales|f__Anaerovoracaceae|g__Family_XIII_AD3011_group|s__metagenome,0.6666666666666666
812,k__Bacteria|p__Firmicutes|c__Clostridia|o__Oscillospirales|f__Ruminococcaceae|g__Anaerofilum|s__metagenome,925,k__Bacteria|p__Firmicutes|c__Clostridia|o__Peptostreptococcales-Tissierellales|f__Anaerovoracaceae|g__None|s__None,0.5
812,k__Bacteria|p__Firmicutes|c__Clostridia|o__Oscillospirales|f__Ruminococcaceae|g__Anaerofilum|s__metagenome,943,k__Bacteria|p__Firmicutes|c__Clostridia|o__Peptostreptococcales-Tissierellales|f__Peptostreptococcaceae|g__Intestinibacter|s__None,0.5833333333333334
812,k__Bacteria|p__Firmicutes|c__Clostridia|o__Oscillospirales|f__Ruminococcaceae|g__Anaerofilum|s__metagenome,951,k__Bacteria|p__Firmicutes|c__Clostridia|o__Peptostreptococcales-Tissierellales|f__Peptostreptococcaceae|g__Romboutsia|s__None,0.5833333333333334
812,k__Bacteria|p__Firmicutes|c__Clostridia|o__Oscillospirales|f__Ruminococcaceae|g__Anaerofilum|s__metagenome,956,k__Bacteria|p__Firmicutes|c__Clostridia|o__None|f__None|g__None|s__None,0.3333333333333333
812,k__Bacteria|p__Firmicutes|c__Clostridia|o__Oscillospirales|f__Ruminococcaceae|g__Anaerofilum|s__metagenome,966,k__Bacteria|p__Firmicutes|c__Negativicutes|o__Acidaminococcales|f__Acidaminococcaceae|g__Acidaminococcus|s__None,0.75
812,k__Bacteria|p__Firmicutes|c__Clostridia|o__Oscillospirales|f__Ruminococcaceae|g__Anaerofilum|s__metagenome,967,k__Bacteria|p__Firmicutes|c__Negativicutes|o__Acidaminococcales|f__Acidaminococcaceae|g__Phascolarctobacterium|s__None,0.75
812,k__Bacteria|p__Firmicutes|c__Clostridia|o__Oscillospirales|f__Ruminococcaceae|g__Anaerofilum|s__metagenome,986,k__Bacteria|p__Firmicutes|c__Negativicutes|o__Veillonellales-Selenomonadales|f__Veillonellaceae|g__Dialister|s__None,0.75
812,k__Bacteria|p__Firmicutes|c__Clostridia|o__Oscillospirales|f__Ruminococcaceae|g__Anaerofilum|s__metagenome,992,k__Bacteria|p__Firmicutes|c__Negativicutes|o__Veillonellales-Selenomonadales|f__Veillonellaceae|g__Veillonella|s__None,0.75
812,k__Bacteria|p__Firmicutes|c__Clostridia|o__Oscillospirales|f__Ruminococcaceae|g__Anaerofilum|s__metagenome,1055,k__Bacteria|p__Proteobacteria|c__Gammaproteobacteria|o__Burkholderiales|f__Sutterellaceae|g__Parasutterella|s__None,0.9166666666666666
812,k__Bacteria|p__Firmicutes|c__Clostridia|o__Oscillospirales|f__Ruminococcaceae|g__Anaerofilum|s__metagenome,1069,k__Bacteria|p__Proteobacteria|c__Gammaproteobacteria|o__Enterobacterales|f__Enterobacteriaceae|g__Escherichia-Shigella|s__None,0.9166666666666666
812,k__Bacteria|p__Firmicutes|c__Clostridia|o__Oscillospirales|f__Ruminococcaceae|g__Anaerofilum|s__metagenome,1089,k__Bacteria|p__Proteobacteria|c__Gammaproteobacteria|o__Pseudomonadales|f__Pseudomonadaceae|g__Pseudomonas|s__None,0.9166666666666666
812,k__Bacteria|p__Firmicutes|c__Clostridia|o__Oscillospirales|f__Ruminococcaceae|g__Anaerofilum|s__metagenome,1132,k__Bacteria|p__Verrucomicrobiota|c__Verrucomicrobiae|o__Verrucomicrobiales|f__Akkermansiaceae|g__Akkermansia|s__None,0.9166666666666666
812,k__Bacteria|p__Firmicutes|c__Clostridia|o__Oscillospirales|f__Ruminococcaceae|g__Anaerofilum|s__metagenome,1136,k__Bacteria|p__None|c__None|o__None|f__None|g__None|s__None,0.5
832,k__Bacteria|p__Firmicutes|c__Clostridia|o__Oscillospirales|f__Ruminococcaceae|g__DTU089|s__None,833,k__Bacteria|p__Firmicutes|c__Clostridia|o__Oscillospirales|f__Ruminococcaceae|g__Faecalibacterium|s__None,0.16666666666666666
832,k__Bacteria|p__Firmicutes|c__Clostridia|o__Oscillospirales|f__Ruminococcaceae|g__DTU089|s__None,839,k__Bacteria|p__Firmicutes|c__Clostridia|o__Oscillospirales|f__Ruminococcaceae|g__Incertae_Sedis|s__metagenome,0.25
832,k__Bacteria|p__Firmicutes|c__Clostridia|o__Oscillospirales|f__Ruminococcaceae|g__DTU089|s__None,841,k__Bacteria|p__Firmicutes|c__Clostridia|o__Oscillospirales|f__Ruminococcaceae|g__Incertae_Sedis|s__None,0.16666666666666666
832,k__Bacteria|p__Firmicutes|c__Clostridia|o__Oscillospirales|f__Ruminococcaceae|g__DTU089|s__None,859,k__Bacteria|p__Firmicutes|c__Clostridia|o__Oscillospirales|f__Ruminococcaceae|g__Ruminococcus|s__None,0.16666666666666666
832,k__Bacteria|p__Firmicutes|c__Clostridia|o__Oscillospirales|f__Ruminococcaceae|g__DTU089|s__None,860,k__Bacteria|p__Firmicutes|c__Clostridia|o__Oscillospirales|f__Ruminococcaceae|g__Subdoligranulum|s__None,0.16666666666666666
832,k__Bacteria|p__Firmicutes|c__Clostridia|o__Oscillospirales|f__Ruminococcaceae|g__DTU089|s__None,863,k__Bacteria|p__Firmicutes|c__Clostridia|o__Oscillospirales|f__Ruminococcaceae|g__UBA1819|s__None,0.16666666666666666
832,k__Bacteria|p__Firmicutes|c__Clostridia|o__Oscillospirales|f__Ruminococcaceae|g__DTU089|s__None,865,k__Bacteria|p__Firmicutes|c__Clostridia|o__Oscillospirales|f__Ruminococcaceae|g__Eubacterium_siraeum_group|s__None,0.16666666666666666
832,k__Bacteria|p__Firmicutes|c__Clostridia|o__Oscillospirales|f__Ruminococcaceae|g__DTU089|s__None,869,k__Bacteria|p__Firmicutes|c__Clostridia|o__Oscillospirales|f__Ruminococcaceae|g__None|s__None,0.16666666666666666
832,k__Bacteria|p__Firmicutes|c__Clostridia|o__Oscillospirales|f__Ruminococcaceae|g__DTU089|s__None,885,k__Bacteria|p__Firmicutes|c__Clostridia|o__Oscillospirales|f__Eubacterium_coprostanoligenes_group|g__None|s__None,0.25
832,k__Bacteria|p__Firmicutes|c__Clostridia|o__Oscillospirales|f__Ruminococcaceae|g__DTU089|s__None,905,k__Bacteria|p__Firmicutes|c__Clostridia|o__Peptostreptococcales-Tissierellales|f__Anaerovoracaceae|g__Family_XIII_AD3011_group|s__metagenome,0.5833333333333334
832,k__Bacteria|p__Firmicutes|c__Clostridia|o__Oscillospirales|f__Ruminococcaceae|g__DTU089|s__None,925,k__Bacteria|p__Firmicutes|c__Clostridia|o__Peptostreptococcales-Tissierellales|f__Anaerovoracaceae|g__None|s__None,0.4166666666666667
832,k__Bacteria|p__Firmicutes|c__Clostridia|o__Oscillospirales|f__Ruminococcaceae|g__DTU089|s__None,943,k__Bacteria|p__Firmicutes|c__Clostridia|o__Peptostreptococcales-Tissierellales|f__Peptostreptococcaceae|g__Intestinibacter|s__None,0.5
832,k__Bacteria|p__Firmicutes|c__Clostridia|o__Oscillospirales|f__Ruminococcaceae|g__DTU089|s__None,951,k__Bacteria|p__Firmicutes|c__Clostridia|o__Peptostreptococcales-Tissierellales|f__Peptostreptococcaceae|g__Romboutsia|s__None,0.5
832,k__Bacteria|p__Firmicutes|c__Clostridia|o__Oscillospirales|f__Ruminococcaceae|g__DTU089|s__None,956,k__Bacteria|p__Firmicutes|c__Clostridia|o__None|f__None|g__None|s__None,0.25
832,k__Bacteria|p__Firmicutes|c__Clostridia|o__Oscillospirales|f__Ruminococcaceae|g__DTU089|s__None,966,k__Bacteria|p__Firmicutes|c__Negativicutes|o__Acidaminococcales|f__Acidaminococcaceae|g__Acidaminococcus|s__None,0.6666666666666666
832,k__Bacteria|p__Firmicutes|c__Clostridia|o__Oscillospirales|f__Ruminococcaceae|g__DTU089|s__None,967,k__Bacteria|p__Firmicutes|c__Negativicutes|o__Acidaminococcales|f__Acidaminococcaceae|g__Phascolarctobacterium|s__None,0.6666666666666666
832,k__Bacteria|p__Firmicutes|c__Clostridia|o__Oscillospirales|f__Ruminococcaceae|g__DTU089|s__None,986,k__Bacteria|p__Firmicutes|c__Negativicutes|o__Veillonellales-Selenomonadales|f__Veillonellaceae|g__Dialister|s__None,0.6666666666666666
832,k__Bacteria|p__Firmicutes|c__Clostridia|o__Oscillospirales|f__Ruminococcaceae|g__DTU089|s__None,992,k__Bacteria|p__Firmicutes|c__Negativicutes|o__Veillonellales-Selenomonadales|f__Veillonellaceae|g__Veillonella|s__None,0.6666666666666666
832,k__Bacteria|p__Firmicutes|c__Clostridia|o__Oscillospirales|f__Ruminococcaceae|g__DTU089|s__None,1055,k__Bacteria|p__Proteobacteria|c__Gammaproteobacteria|o__Burkholderiales|f__Sutterellaceae|g__Parasutterella|s__None,0.8333333333333334
832,k__Bacteria|p__Firmicutes|c__Clostridia|o__Oscillospirales|f__Ruminococcaceae|g__DTU089|s__None,1069,k__Bacteria|p__Proteobacteria|c__Gammaproteobacteria|o__Enterobacterales|f__Enterobacteriaceae|g__Escherichia-Shigella|s__None,0.8333333333333334
832,k__Bacteria|p__Firmicutes|c__Clostridia|o__Oscillospirales|f__Ruminococcaceae|g__DTU089|s__None,1089,k__Bacteria|p__Proteobacteria|c__Gammaproteobacteria|o__Pseudomonadales|f__Pseudomonadaceae|g__Pseudomonas|s__None,0.8333333333333334
832,k__Bacteria|p__Firmicutes|c__Clostridia|o__Oscillospirales|f__Ruminococcaceae|g__DTU089|s__None,1132,k__Bacteria|p__Verrucomicrobiota|c__Verrucomicrobiae|o__Verrucomicrobiales|f__Akkermansiaceae|g__Akkermansia|s__None,0.8333333333333334
832,k__Bacteria|p__Firmicutes|c__Clostridia|o__Oscillospirales|f__Ruminococcaceae|g__DTU089|s__None,1136,k__Bacteria|p__None|c__None|o__None|f__None|g__None|s__None,0.4166666666666667
833,k__Bacteria|p__Firmicutes|c__Clostridia|o__Oscillospirales|f__Ruminococcaceae|g__Faecalibacterium|s__None,839,k__Bacteria|p__Firmicutes|c__Clostridia|o__Oscillospirales|f__Ruminococcaceae|g__Incertae_Sedis|s__metagenome,0.25
833,k__Bacteria|p__Firmicutes|c__Clostridia|o__Oscillospirales|f__Ruminococcaceae|g__Faecalibacterium|s__None,841,k__Bacteria|p__Firmicutes|c__Clostridia|o__Oscillospirales|f__Ruminococcaceae|g__Incertae_Sedis|s__None,0.16666666666666666
833,k__Bacteria|p__Firmicutes|c__Clostridia|o__Oscillospirales|f__Ruminococcaceae|g__Faecalibacterium|s__None,859,k__Bacteria|p__Firmicutes|c__Clostridia|o__Oscillospirales|f__Ruminococcaceae|g__Ruminococcus|s__None,0.16666666666666666
833,k__Bacteria|p__Firmicutes|c__Clostridia|o__Oscillospirales|f__Ruminococcaceae|g__Faecalibacterium|s__None,860,k__Bacteria|p__Firmicutes|c__Clostridia|o__Oscillospirales|f__Ruminococcaceae|g__Subdoligranulum|s__None,0.16666666666666666
833,k__Bacteria|p__Firmicutes|c__Clostridia|o__Oscillospirales|f__Ruminococcaceae|g__Faecalibacterium|s__None,863,k__Bacteria|p__Firmicutes|c__Clostridia|o__Oscillospirales|f__Ruminococcaceae|g__UBA1819|s__None,0.16666666666666666
833,k__Bacteria|p__Firmicutes|c__Clostridia|o__Oscillospirales|f__Ruminococcaceae|g__Faecalibacterium|s__None,865,k__Bacteria|p__Firmicutes|c__Clostridia|o__Oscillospirales|f__Ruminococcaceae|g__Eubacterium_siraeum_group|s__None,0.16666666666666666
833,k__Bacteria|p__Firmicutes|c__Clostridia|o__Oscillospirales|f__Ruminococcaceae|g__Faecalibacterium|s__None,869,k__Bacteria|p__Firmicutes|c__Clostridia|o__Oscillospirales|f__Ruminococcaceae|g__None|s__None,0.16666666666666666
833,k__Bacteria|p__Firmicutes|c__Clostridia|o__Oscillospirales|f__Ruminococcaceae|g__Faecalibacterium|s__None,885,k__Bacteria|p__Firmicutes|c__Clostridia|o__Oscillospirales|f__Eubacterium_coprostanoligenes_group|g__None|s__None,0.25
833,k__Bacteria|p__Firmicutes|c__Clostridia|o__Oscillospirales|f__Ruminococcaceae|g__Faecalibacterium|s__None,905,k__Bacteria|p__Firmicutes|c__Clostridia|o__Peptostreptococcales-Tissierellales|f__Anaerovoracaceae|g__Family_XIII_AD3011_group|s__metagenome,0.5833333333333334
833,k__Bacteria|p__Firmicutes|c__Clostridia|o__Oscillospirales|f__Ruminococcaceae|g__Faecalibacterium|s__None,925,k__Bacteria|p__Firmicutes|c__Clostridia|o__Peptostreptococcales-Tissierellales|f__Anaerovoracaceae|g__None|s__None,0.4166666666666667
833,k__Bacteria|p__Firmicutes|c__Clostridia|o__Oscillospirales|f__Ruminococcaceae|g__Faecalibacterium|s__None,943,k__Bacteria|p__Firmicutes|c__Clostridia|o__Peptostreptococcales-Tissierellales|f__Peptostreptococcaceae|g__Intestinibacter|s__None,0.5
833,k__Bacteria|p__Firmicutes|c__Clostridia|o__Oscillospirales|f__Ruminococcaceae|g__Faecalibacterium|s__None,951,k__Bacteria|p__Firmicutes|c__Clostridia|o__Peptostreptococcales-Tissierellales|f__Peptostreptococcaceae|g__Romboutsia|s__None,0.5
833,k__Bacteria|p__Firmicutes|c__Clostridia|o__Oscillospirales|f__Ruminococcaceae|g__Faecalibacterium|s__None,956,k__Bacteria|p__Firmicutes|c__Clostridia|o__None|f__None|g__None|s__None,0.25
833,k__Bacteria|p__Firmicutes|c__Clostridia|o__Oscillospirales|f__Ruminococcaceae|g__Faecalibacterium|s__None,966,k__Bacteria|p__Firmicutes|c__Negativicutes|o__Acidaminococcales|f__Acidaminococcaceae|g__Acidaminococcus|s__None,0.6666666666666666
833,k__Bacteria|p__Firmicutes|c__Clostridia|o__Oscillospirales|f__Ruminococcaceae|g__Faecalibacterium|s__None,967,k__Bacteria|p__Firmicutes|c__Negativicutes|o__Acidaminococcales|f__Acidaminococcaceae|g__Phascolarctobacterium|s__None,0.6666666666666666
833,k__Bacteria|p__Firmicutes|c__Clostridia|o__Oscillospirales|f__Ruminococcaceae|g__Faecalibacterium|s__None,986,k__Bacteria|p__Firmicutes|c__Negativicutes|o__Veillonellales-Selenomonadales|f__Veillonellaceae|g__Dialister|s__None,0.6666666666666666
833,k__Bacteria|p__Firmicutes|c__Clostridia|o__Oscillospirales|f__Ruminococcaceae|g__Faecalibacterium|s__None,992,k__Bacteria|p__Firmicutes|c__Negativicutes|o__Veillonellales-Selenomonadales|f__Veillonellaceae|g__Veillonella|s__None,0.6666666666666666
833,k__Bacteria|p__Firmicutes|c__Clostridia|o__Oscillospirales|f__Ruminococcaceae|g__Faecalibacterium|s__None,1055,k__Bacteria|p__Proteobacteria|c__Gammaproteobacteria|o__Burkholderiales|f__Sutterellaceae|g__Parasutterella|s__None,0.8333333333333334
833,k__Bacteria|p__Firmicutes|c__Clostridia|o__Oscillospirales|f__Ruminococcaceae|g__Faecalibacterium|s__None,1069,k__Bacteria|p__Proteobacteria|c__Gammaproteobacteria|o__Enterobacterales|f__Enterobacteriaceae|g__Escherichia-Shigella|s__None,0.8333333333333334
833,k__Bacteria|p__Firmicutes|c__Clostridia|o__Oscillospirales|f__Ruminococcaceae|g__Faecalibacterium|s__None,1089,k__Bacteria|p__Proteobacteria|c__Gammaproteobacteria|o__Pseudomonadales|f__Pseudomonadaceae|g__Pseudomonas|s__None,0.8333333333333334
833,k__Bacteria|p__Firmicutes|c__Clostridia|o__Oscillospirales|f__Ruminococcaceae|g__Faecalibacterium|s__None,1132,k__Bacteria|p__Verrucomicrobiota|c__Verrucomicrobiae|o__Verrucomicrobiales|f__Akkermansiaceae|g__Akkermansia|s__None,0.8333333333333334
833,k__Bacteria|p__Firmicutes|c__Clostridia|o__Oscillospirales|f__Ruminococcaceae|g__Faecalibacterium|s__None,1136,k__Bacteria|p__None|c__None|o__None|f__None|g__None|s__None,0.4166666666666667
839,k__Bacteria|p__Firmicutes|c__Clostridia|o__Oscillospirales|f__Ruminococcaceae|g__Incertae_Sedis|s__metagenome,841,k__Bacteria|p__Firmicutes|c__Clostridia|o__Oscillospirales|f__Ruminococcaceae|g__Incertae_Sedis|s__None,0.08333333333333333
839,k__Bacteria|p__Firmicutes|c__Clostridia|o__Oscillospirales|f__Ruminococcaceae|g__Incertae_Sedis|s__metagenome,859,k__Bacteria|p__Firmicutes|c__Clostridia|o__Oscillospirales|f__Ruminococcaceae|g__Ruminococcus|s__None,0.25
839,k__Bacteria|p__Firmicutes|c__Clostridia|o__Oscillospirales|f__Ruminococcaceae|g__Incertae_Sedis|s__metagenome,860,k__Bacteria|p__Firmicutes|c__Clostridia|o__Oscillospirales|f__Ruminococcaceae|g__Subdoligranulum|s__None,0.25
839,k__Bacteria|p__Firmicutes|c__Clostridia|o__Oscillospirales|f__Ruminococcaceae|g__Incertae_Sedis|s__metagenome,863,k__Bacteria|p__Firmicutes|c__Clostridia|o__Oscillospirales|f__Ruminococcaceae|g__UBA1819|s__None,0.25
839,k__Bacteria|p__Firmicutes|c__Clostridia|o__Oscillospirales|f__Ruminococcaceae|g__Incertae_Sedis|s__metagenome,865,k__Bacteria|p__Firmicutes|c__Clostridia|o__Oscillospirales|f__Ruminococcaceae|g__Eubacterium_siraeum_group|s__None,0.25
839,k__Bacteria|p__Firmicutes|c__Clostridia|o__Oscillospirales|f__Ruminococcaceae|g__Incertae_Sedis|s__metagenome,869,k__Bacteria|p__Firmicutes|c__Clostridia|o__Oscillospirales|f__Ruminococcaceae|g__None|s__None,0.25
839,k__Bacteria|p__Firmicutes|c__Clostridia|o__Oscillospirales|f__Ruminococcaceae|g__Incertae_Sedis|s__metagenome,885,k__Bacteria|p__Firmicutes|c__Clostridia|o__Oscillospirales|f__Eubacterium_coprostanoligenes_group|g__None|s__None,0.3333333333333333
839,k__Bacteria|p__Firmicutes|c__Clostridia|o__Oscillospirales|f__Ruminococcaceae|g__Incertae_Sedis|s__metagenome,905,k__Bacteria|p__Firmicutes|c__Clostridia|o__Peptostreptococcales-Tissierellales|f__Anaerovoracaceae|g__Family_XIII_AD3011_group|s__metagenome,0.6666666666666666
839,k__Bacteria|p__Firmicutes|c__Clostridia|o__Oscillospirales|f__Ruminococcaceae|g__Incertae_Sedis|s__metagenome,925,k__Bacteria|p__Firmicutes|c__Clostridia|o__Peptostreptococcales-Tissierellales|f__Anaerovoracaceae|g__None|s__None,0.5
839,k__Bacteria|p__Firmicutes|c__Clostridia|o__Oscillospirales|f__Ruminococcaceae|g__Incertae_Sedis|s__metagenome,943,k__Bacteria|p__Firmicutes|c__Clostridia|o__Peptostreptococcales-Tissierellales|f__Peptostreptococcaceae|g__Intestinibacter|s__None,0.5833333333333334
839,k__Bacteria|p__Firmicutes|c__Clostridia|o__Oscillospirales|f__Ruminococcaceae|g__Incertae_Sedis|s__metagenome,951,k__Bacteria|p__Firmicutes|c__Clostridia|o__Peptostreptococcales-Tissierellales|f__Peptostreptococcaceae|g__Romboutsia|s__None,0.5833333333333334
839,k__Bacteria|p__Firmicutes|c__Clostridia|o__Oscillospirales|f__Ruminococcaceae|g__Incertae_Sedis|s__metagenome,956,k__Bacteria|p__Firmicutes|c__Clostridia|o__None|f__None|g__None|s__None,0.3333333333333333
839,k__Bacteria|p__Firmicutes|c__Clostridia|o__Oscillospirales|f__Ruminococcaceae|g__Incertae_Sedis|s__metagenome,966,k__Bacteria|p__Firmicutes|c__Negativicutes|o__Acidaminococcales|f__Acidaminococcaceae|g__Acidaminococcus|s__None,0.75
839,k__Bacteria|p__Firmicutes|c__Clostridia|o__Oscillospirales|f__Ruminococcaceae|g__Incertae_Sedis|s__metagenome,967,k__Bacteria|p__Firmicutes|c__Negativicutes|o__Acidaminococcales|f__Acidaminococcaceae|g__Phascolarctobacterium|s__None,0.75
839,k__Bacteria|p__Firmicutes|c__Clostridia|o__Oscillospirales|f__Ruminococcaceae|g__Incertae_Sedis|s__metagenome,986,k__Bacteria|p__Firmicutes|c__Negativicutes|o__Veillonellales-Selenomonadales|f__Veillonellaceae|g__Dialister|s__None,0.75
839,k__Bacteria|p__Firmicutes|c__Clostridia|o__Oscillospirales|f__Ruminococcaceae|g__Incertae_Sedis|s__metagenome,992,k__Bacteria|p__Firmicutes|c__Negativicutes|o__Veillonellales-Selenomonadales|f__Veillonellaceae|g__Veillonella|s__None,0.75
839,k__Bacteria|p__Firmicutes|c__Clostridia|o__Oscillospirales|f__Ruminococcaceae|g__Incertae_Sedis|s__metagenome,1055,k__Bacteria|p__Proteobacteria|c__Gammaproteobacteria|o__Burkholderiales|f__Sutterellaceae|g__Parasutterella|s__None,0.9166666666666666
839,k__Bacteria|p__Firmicutes|c__Clostridia|o__Oscillospirales|f__Ruminococcaceae|g__Incertae_Sedis|s__metagenome,1069,k__Bacteria|p__Proteobacteria|c__Gammaproteobacteria|o__Enterobacterales|f__Enterobacteriaceae|g__Escherichia-Shigella|s__None,0.9166666666666666
839,k__Bacteria|p__Firmicutes|c__Clostridia|o__Oscillospirales|f__Ruminococcaceae|g__Incertae_Sedis|s__metagenome,1089,k__Bacteria|p__Proteobacteria|c__Gammaproteobacteria|o__Pseudomonadales|f__Pseudomonadaceae|g__Pseudomonas|s__None,0.9166666666666666
839,k__Bacteria|p__Firmicutes|c__Clostridia|o__Oscillospirales|f__Ruminococcaceae|g__Incertae_Sedis|s__metagenome,1132,k__Bacteria|p__Verrucomicrobiota|c__Verrucomicrobiae|o__Verrucomicrobiales|f__Akkermansiaceae|g__Akkermansia|s__None,0.9166666666666666
839,k__Bacteria|p__Firmicutes|c__Clostridia|o__Oscillospirales|f__Ruminococcaceae|g__Incertae_Sedis|s__metagenome,1136,k__Bacteria|p__None|c__None|o__None|f__None|g__None|s__None,0.5
841,k__Bacteria|p__Firmicutes|c__Clostridia|o__Oscillospirales|f__Ruminococcaceae|g__Incertae_Sedis|s__None,859,k__Bacteria|p__Firmicutes|c__Clostridia|o__Oscillospirales|f__Ruminococcaceae|g__Ruminococcus|s__None,0.16666666666666666
841,k__Bacteria|p__Firmicutes|c__Clostridia|o__Oscillospirales|f__Ruminococcaceae|g__Incertae_Sedis|s__None,860,k__Bacteria|p__Firmicutes|c__Clostridia|o__Oscillospirales|f__Ruminococcaceae|g__Subdoligranulum|s__None,0.16666666666666666
841,k__Bacteria|p__Firmicutes|c__Clostridia|o__Oscillospirales|f__Ruminococcaceae|g__Incertae_Sedis|s__None,863,k__Bacteria|p__Firmicutes|c__Clostridia|o__Oscillospirales|f__Ruminococcaceae|g__UBA1819|s__None,0.16666666666666666
841,k__Bacteria|p__Firmicutes|c__Clostridia|o__Oscillospirales|f__Ruminococcaceae|g__Incertae_Sedis|s__None,865,k__Bacteria|p__Firmicutes|c__Clostridia|o__Oscillospirales|f__Ruminococcaceae|g__Eubacterium_siraeum_group|s__None,0.16666666666666666
841,k__Bacteria|p__Firmicutes|c__Clostridia|o__Oscillospirales|f__Ruminococcaceae|g__Incertae_Sedis|s__None,869,k__Bacteria|p__Firmicutes|c__Clostridia|o__Oscillospirales|f__Ruminococcaceae|g__None|s__None,0.16666666666666666
841,k__Bacteria|p__Firmicutes|c__Clostridia|o__Oscillospirales|f__Ruminococcaceae|g__Incertae_Sedis|s__None,885,k__Bacteria|p__Firmicutes|c__Clostridia|o__Oscillospirales|f__Eubacterium_coprostanoligenes_group|g__None|s__None,0.25
841,k__Bacteria|p__Firmicutes|c__Clostridia|o__Oscillospirales|f__Ruminococcaceae|g__Incertae_Sedis|s__None,905,k__Bacteria|p__Firmicutes|c__Clostridia|o__Peptostreptococcales-Tissierellales|f__Anaerovoracaceae|g__Family_XIII_AD3011_group|s__metagenome,0.5833333333333334
841,k__Bacteria|p__Firmicutes|c__Clostridia|o__Oscillospirales|f__Ruminococcaceae|g__Incertae_Sedis|s__None,925,k__Bacteria|p__Firmicutes|c__Clostridia|o__Peptostreptococcales-Tissierellales|f__Anaerovoracaceae|g__None|s__None,0.4166666666666667
841,k__Bacteria|p__Firmicutes|c__Clostridia|o__Oscillospirales|f__Ruminococcaceae|g__Incertae_Sedis|s__None,943,k__Bacteria|p__Firmicutes|c__Clostridia|o__Peptostreptococcales-Tissierellales|f__Peptostreptococcaceae|g__Intestinibacter|s__None,0.5
841,k__Bacteria|p__Firmicutes|c__Clostridia|o__Oscillospirales|f__Ruminococcaceae|g__Incertae_Sedis|s__None,951,k__Bacteria|p__Firmicutes|c__Clostridia|o__Peptostreptococcales-Tissierellales|f__Peptostreptococcaceae|g__Romboutsia|s__None,0.5
841,k__Bacteria|p__Firmicutes|c__Clostridia|o__Oscillospirales|f__Ruminococcaceae|g__Incertae_Sedis|s__None,956,k__Bacteria|p__Firmicutes|c__Clostridia|o__None|f__None|g__None|s__None,0.25
841,k__Bacteria|p__Firmicutes|c__Clostridia|o__Oscillospirales|f__Ruminococcaceae|g__Incertae_Sedis|s__None,966,k__Bacteria|p__Firmicutes|c__Negativicutes|o__Acidaminococcales|f__Acidaminococcaceae|g__Acidaminococcus|s__None,0.6666666666666666
841,k__Bacteria|p__Firmicutes|c__Clostridia|o__Oscillospirales|f__Ruminococcaceae|g__Incertae_Sedis|s__None,967,k__Bacteria|p__Firmicutes|c__Negativicutes|o__Acidaminococcales|f__Acidaminococcaceae|g__Phascolarctobacterium|s__None,0.6666666666666666
841,k__Bacteria|p__Firmicutes|c__Clostridia|o__Oscillospirales|f__Ruminococcaceae|g__Incertae_Sedis|s__None,986,k__Bacteria|p__Firmicutes|c__Negativicutes|o__Veillonellales-Selenomonadales|f__Veillonellaceae|g__Dialister|s__None,0.6666666666666666
841,k__Bacteria|p__Firmicutes|c__Clostridia|o__Oscillospirales|f__Ruminococcaceae|g__Incertae_Sedis|s__None,992,k__Bacteria|p__Firmicutes|c__Negativicutes|o__Veillonellales-Selenomonadales|f__Veillonellaceae|g__Veillonella|s__None,0.6666666666666666
841,k__Bacteria|p__Firmicutes|c__Clostridia|o__Oscillospirales|f__Ruminococcaceae|g__Incertae_Sedis|s__None,1055,k__Bacteria|p__Proteobacteria|c__Gammaproteobacteria|o__Burkholderiales|f__Sutterellaceae|g__Parasutterella|s__None,0.8333333333333334
841,k__Bacteria|p__Firmicutes|c__Clostridia|o__Oscillospirales|f__Ruminococcaceae|g__Incertae_Sedis|s__None,1069,k__Bacteria|p__Proteobacteria|c__Gammaproteobacteria|o__Enterobacterales|f__Enterobacteriaceae|g__Escherichia-Shigella|s__None,0.8333333333333334
841,k__Bacteria|p__Firmicutes|c__Clostridia|o__Oscillospirales|f__Ruminococcaceae|g__Incertae_Sedis|s__None,1089,k__Bacteria|p__Proteobacteria|c__Gammaproteobacteria|o__Pseudomonadales|f__Pseudomonadaceae|g__Pseudomonas|s__None,0.8333333333333334
841,k__Bacteria|p__Firmicutes|c__Clostridia|o__Oscillospirales|f__Ruminococcaceae|g__Incertae_Sedis|s__None,1132,k__Bacteria|p__Verrucomicrobiota|c__Verrucomicrobiae|o__Verrucomicrobiales|f__Akkermansiaceae|g__Akkermansia|s__None,0.8333333333333334
841,k__Bacteria|p__Firmicutes|c__Clostridia|o__Oscillospirales|f__Ruminococcaceae|g__Incertae_Sedis|s__None,1136,k__Bacteria|p__None|c__None|o__None|f__None|g__None|s__None,0.4166666666666667
859,k__Bacteria|p__Firmicutes|c__Clostridia|o__Oscillospirales|f__Ruminococcaceae|g__Ruminococcus|s__None,860,k__Bacteria|p__Firmicutes|c__Clostridia|o__Oscillospirales|f__Ruminococcaceae|g__Subdoligranulum|s__None,0.16666666666666666
859,k__Bacteria|p__Firmicutes|c__Clostridia|o__Oscillospirales|f__Ruminococcaceae|g__Ruminococcus|s__None,863,k__Bacteria|p__Firmicutes|c__Clostridia|o__Oscillospirales|f__Ruminococcaceae|g__UBA1819|s__None,0.16666666666666666
859,k__Bacteria|p__Firmicutes|c__Clostridia|o__Oscillospirales|f__Ruminococcaceae|g__Ruminococcus|s__None,865,k__Bacteria|p__Firmicutes|c__Clostridia|o__Oscillospirales|f__Ruminococcaceae|g__Eubacterium_siraeum_group|s__None,0.16666666666666666
859,k__Bacteria|p__Firmicutes|c__Clostridia|o__Oscillospirales|f__Ruminococcaceae|g__Ruminococcus|s__None,869,k__Bacteria|p__Firmicutes|c__Clostridia|o__Oscillospirales|f__Ruminococcaceae|g__None|s__None,0.16666666666666666
859,k__Bacteria|p__Firmicutes|c__Clostridia|o__Oscillospirales|f__Ruminococcaceae|g__Ruminococcus|s__None,885,k__Bacteria|p__Firmicutes|c__Clostridia|o__Oscillospirales|f__Eubacterium_coprostanoligenes_group|g__None|s__None,0.25
859,k__Bacteria|p__Firmicutes|c__Clostridia|o__Oscillospirales|f__Ruminococcaceae|g__Ruminococcus|s__None,905,k__Bacteria|p__Firmicutes|c__Clostridia|o__Peptostreptococcales-Tissierellales|f__Anaerovoracaceae|g__Family_XIII_AD3011_group|s__metagenome,0.5833333333333334
859,k__Bacteria|p__Firmicutes|c__Clostridia|o__Oscillospirales|f__Ruminococcaceae|g__Ruminococcus|s__None,925,k__Bacteria|p__Firmicutes|c__Clostridia|o__Peptostreptococcales-Tissierellales|f__Anaerovoracaceae|g__None|s__None,0.4166666666666667
859,k__Bacteria|p__Firmicutes|c__Clostridia|o__Oscillospirales|f__Ruminococcaceae|g__Ruminococcus|s__None,943,k__Bacteria|p__Firmicutes|c__Clostridia|o__Peptostreptococcales-Tissierellales|f__Peptostreptococcaceae|g__Intestinibacter|s__None,0.5
859,k__Bacteria|p__Firmicutes|c__Clostridia|o__Oscillospirales|f__Ruminococcaceae|g__Ruminococcus|s__None,951,k__Bacteria|p__Firmicutes|c__Clostridia|o__Peptostreptococcales-Tissierellales|f__Peptostreptococcaceae|g__Romboutsia|s__None,0.5
859,k__Bacteria|p__Firmicutes|c__Clostridia|o__Oscillospirales|f__Ruminococcaceae|g__Ruminococcus|s__None,956,k__Bacteria|p__Firmicutes|c__Clostridia|o__None|f__None|g__None|s__None,0.25
859,k__Bacteria|p__Firmicutes|c__Clostridia|o__Oscillospirales|f__Ruminococcaceae|g__Ruminococcus|s__None,966,k__Bacteria|p__Firmicutes|c__Negativicutes|o__Acidaminococcales|f__Acidaminococcaceae|g__Acidaminococcus|s__None,0.6666666666666666
859,k__Bacteria|p__Firmicutes|c__Clostridia|o__Oscillospirales|f__Ruminococcaceae|g__Ruminococcus|s__None,967,k__Bacteria|p__Firmicutes|c__Negativicutes|o__Acidaminococcales|f__Acidaminococcaceae|g__Phascolarctobacterium|s__None,0.6666666666666666
859,k__Bacteria|p__Firmicutes|c__Clostridia|o__Oscillospirales|f__Ruminococcaceae|g__Ruminococcus|s__None,986,k__Bacteria|p__Firmicutes|c__Negativicutes|o__Veillonellales-Selenomonadales|f__Veillonellaceae|g__Dialister|s__None,0.6666666666666666
859,k__Bacteria|p__Firmicutes|c__Clostridia|o__Oscillospirales|f__Ruminococcaceae|g__Ruminococcus|s__None,992,k__Bacteria|p__Firmicutes|c__Negativicutes|o__Veillonellales-Selenomonadales|f__Veillonellaceae|g__Veillonella|s__None,0.6666666666666666
859,k__Bacteria|p__Firmicutes|c__Clostridia|o__Oscillospirales|f__Ruminococcaceae|g__Ruminococcus|s__None,1055,k__Bacteria|p__Proteobacteria|c__Gammaproteobacteria|o__Burkholderiales|f__Sutterellaceae|g__Parasutterella|s__None,0.8333333333333334
859,k__Bacteria|p__Firmicutes|c__Clostridia|o__Oscillospirales|f__Ruminococcaceae|g__Ruminococcus|s__None,1069,k__Bacteria|p__Proteobacteria|c__Gammaproteobacteria|o__Enterobacterales|f__Enterobacteriaceae|g__Escherichia-Shigella|s__None,0.8333333333333334
859,k__Bacteria|p__Firmicutes|c__Clostridia|o__Oscillospirales|f__Ruminococcaceae|g__Ruminococcus|s__None,1089,k__Bacteria|p__Proteobacteria|c__Gammaproteobacteria|o__Pseudomonadales|f__Pseudomonadaceae|g__Pseudomonas|s__None,0.8333333333333334
859,k__Bacteria|p__Firmicutes|c__Clostridia|o__Oscillospirales|f__Ruminococcaceae|g__Ruminococcus|s__None,1132,k__Bacteria|p__Verrucomicrobiota|c__Verrucomicrobiae|o__Verrucomicrobiales|f__Akkermansiaceae|g__Akkermansia|s__None,0.8333333333333334
859,k__Bacteria|p__Firmicutes|c__Clostridia|o__Oscillospirales|f__Ruminococcaceae|g__Ruminococcus|s__None,1136,k__Bacteria|p__None|c__None|o__None|f__None|g__None|s__None,0.4166666666666667
860,k__Bacteria|p__Firmicutes|c__Clostridia|o__Oscillospirales|f__Ruminococcaceae|g__Subdoligranulum|s__None,863,k__Bacteria|p__Firmicutes|c__Clostridia|o__Oscillospirales|f__Ruminococcaceae|g__UBA1819|s__None,0.16666666666666666
860,k__Bacteria|p__Firmicutes|c__Clostridia|o__Oscillospirales|f__Ruminococcaceae|g__Subdoligranulum|s__None,865,k__Bacteria|p__Firmicutes|c__Clostridia|o__Oscillospirales|f__Ruminococcaceae|g__Eubacterium_siraeum_group|s__None,0.16666666666666666
860,k__Bacteria|p__Firmicutes|c__Clostridia|o__Oscillospirales|f__Ruminococcaceae|g__Subdoligranulum|s__None,869,k__Bacteria|p__Firmicutes|c__Clostridia|o__Oscillospirales|f__Ruminococcaceae|g__None|s__None,0.16666666666666666
860,k__Bacteria|p__Firmicutes|c__Clostridia|o__Oscillospirales|f__Ruminococcaceae|g__Subdoligranulum|s__None,885,k__Bacteria|p__Firmicutes|c__Clostridia|o__Oscillospirales|f__Eubacterium_coprostanoligenes_group|g__None|s__None,0.25
860,k__Bacteria|p__Firmicutes|c__Clostridia|o__Oscillospirales|f__Ruminococcaceae|g__Subdoligranulum|s__None,905,k__Bacteria|p__Firmicutes|c__Clostridia|o__Peptostreptococcales-Tissierellales|f__Anaerovoracaceae|g__Family_XIII_AD3011_group|s__metagenome,0.5833333333333334
860,k__Bacteria|p__Firmicutes|c__Clostridia|o__Oscillospirales|f__Ruminococcaceae|g__Subdoligranulum|s__None,925,k__Bacteria|p__Firmicutes|c__Clostridia|o__Peptostreptococcales-Tissierellales|f__Anaerovoracaceae|g__None|s__None,0.4166666666666667
860,k__Bacteria|p__Firmicutes|c__Clostridia|o__Oscillospirales|f__Ruminococcaceae|g__Subdoligranulum|s__None,943,k__Bacteria|p__Firmicutes|c__Clostridia|o__Peptostreptococcales-Tissierellales|f__Peptostreptococcaceae|g__Intestinibacter|s__None,0.5
860,k__Bacteria|p__Firmicutes|c__Clostridia|o__Oscillospirales|f__Ruminococcaceae|g__Subdoligranulum|s__None,951,k__Bacteria|p__Firmicutes|c__Clostridia|o__Peptostreptococcales-Tissierellales|f__Peptostreptococcaceae|g__Romboutsia|s__None,0.5
860,k__Bacteria|p__Firmicutes|c__Clostridia|o__Oscillospirales|f__Ruminococcaceae|g__Subdoligranulum|s__None,956,k__Bacteria|p__Firmicutes|c__Clostridia|o__None|f__None|g__None|s__None,0.25
860,k__Bacteria|p__Firmicutes|c__Clostridia|o__Oscillospirales|f__Ruminococcaceae|g__Subdoligranulum|s__None,966,k__Bacteria|p__Firmicutes|c__Negativicutes|o__Acidaminococcales|f__Acidaminococcaceae|g__Acidaminococcus|s__None,0.6666666666666666
860,k__Bacteria|p__Firmicutes|c__Clostridia|o__Oscillospirales|f__Ruminococcaceae|g__Subdoligranulum|s__None,967,k__Bacteria|p__Firmicutes|c__Negativicutes|o__Acidaminococcales|f__Acidaminococcaceae|g__Phascolarctobacterium|s__None,0.6666666666666666
860,k__Bacteria|p__Firmicutes|c__Clostridia|o__Oscillospirales|f__Ruminococcaceae|g__Subdoligranulum|s__None,986,k__Bacteria|p__Firmicutes|c__Negativicutes|o__Veillonellales-Selenomonadales|f__Veillonellaceae|g__Dialister|s__None,0.6666666666666666
860,k__Bacteria|p__Firmicutes|c__Clostridia|o__Oscillospirales|f__Ruminococcaceae|g__Subdoligranulum|s__None,992,k__Bacteria|p__Firmicutes|c__Negativicutes|o__Veillonellales-Selenomonadales|f__Veillonellaceae|g__Veillonella|s__None,0.6666666666666666
860,k__Bacteria|p__Firmicutes|c__Clostridia|o__Oscillospirales|f__Ruminococcaceae|g__Subdoligranulum|s__None,1055,k__Bacteria|p__Proteobacteria|c__Gammaproteobacteria|o__Burkholderiales|f__Sutterellaceae|g__Parasutterella|s__None,0.8333333333333334
860,k__Bacteria|p__Firmicutes|c__Clostridia|o__Oscillospirales|f__Ruminococcaceae|g__Subdoligranulum|s__None,1069,k__Bacteria|p__Proteobacteria|c__Gammaproteobacteria|o__Enterobacterales|f__Enterobacteriaceae|g__Escherichia-Shigella|s__None,0.8333333333333334
860,k__Bacteria|p__Firmicutes|c__Clostridia|o__Oscillospirales|f__Ruminococcaceae|g__Subdoligranulum|s__None,1089,k__Bacteria|p__Proteobacteria|c__Gammaproteobacteria|o__Pseudomonadales|f__Pseudomonadaceae|g__Pseudomonas|s__None,0.8333333333333334
860,k__Bacteria|p__Firmicutes|c__Clostridia|o__Oscillospirales|f__Ruminococcaceae|g__Subdoligranulum|s__None,1132,k__Bacteria|p__Verrucomicrobiota|c__Verrucomicrobiae|o__Verrucomicrobiales|f__Akkermansiaceae|g__Akkermansia|s__None,0.8333333333333334
860,k__Bacteria|p__Firmicutes|c__Clostridia|o__Oscillospirales|f__Ruminococcaceae|g__Subdoligranulum|s__None,1136,k__Bacteria|p__None|c__None|o__None|f__None|g__None|s__None,0.4166666666666667
863,k__Bacteria|p__Firmicutes|c__Clostridia|o__Oscillospirales|f__Ruminococcaceae|g__UBA1819|s__None,865,k__Bacteria|p__Firmicutes|c__Clostridia|o__Oscillospirales|f__Ruminococcaceae|g__Eubacterium_siraeum_group|s__None,0.16666666666666666
863,k__Bacteria|p__Firmicutes|c__Clostridia|o__Oscillospirales|f__Ruminococcaceae|g__UBA1819|s__None,869,k__Bacteria|p__Firmicutes|c__Clostridia|o__Oscillospirales|f__Ruminococcaceae|g__None|s__None,0.16666666666666666
863,k__Bacteria|p__Firmicutes|c__Clostridia|o__Oscillospirales|f__Ruminococcaceae|g__UBA1819|s__None,885,k__Bacteria|p__Firmicutes|c__Clostridia|o__Oscillospirales|f__Eubacterium_coprostanoligenes_group|g__None|s__None,0.25
863,k__Bacteria|p__Firmicutes|c__Clostridia|o__Oscillospirales|f__Ruminococcaceae|g__UBA1819|s__None,905,k__Bacteria|p__Firmicutes|c__Clostridia|o__Peptostreptococcales-Tissierellales|f__Anaerovoracaceae|g__Family_XIII_AD3011_group|s__metagenome,0.5833333333333334
863,k__Bacteria|p__Firmicutes|c__Clostridia|o__Oscillospirales|f__Ruminococcaceae|g__UBA1819|s__None,925,k__Bacteria|p__Firmicutes|c__Clostridia|o__Peptostreptococcales-Tissierellales|f__Anaerovoracaceae|g__None|s__None,0.4166666666666667
863,k__Bacteria|p__Firmicutes|c__Clostridia|o__Oscillospirales|f__Ruminococcaceae|g__UBA1819|s__None,943,k__Bacteria|p__Firmicutes|c__Clostridia|o__Peptostreptococcales-Tissierellales|f__Peptostreptococcaceae|g__Intestinibacter|s__None,0.5
863,k__Bacteria|p__Firmicutes|c__Clostridia|o__Oscillospirales|f__Ruminococcaceae|g__UBA1819|s__None,951,k__Bacteria|p__Firmicutes|c__Clostridia|o__Peptostreptococcales-Tissierellales|f__Peptostreptococcaceae|g__Romboutsia|s__None,0.5
863,k__Bacteria|p__Firmicutes|c__Clostridia|o__Oscillospirales|f__Ruminococcaceae|g__UBA1819|s__None,956,k__Bacteria|p__Firmicutes|c__Clostridia|o__None|f__None|g__None|s__None,0.25
863,k__Bacteria|p__Firmicutes|c__Clostridia|o__Oscillospirales|f__Ruminococcaceae|g__UBA1819|s__None,966,k__Bacteria|p__Firmicutes|c__Negativicutes|o__Acidaminococcales|f__Acidaminococcaceae|g__Acidaminococcus|s__None,0.6666666666666666
863,k__Bacteria|p__Firmicutes|c__Clostridia|o__Oscillospirales|f__Ruminococcaceae|g__UBA1819|s__None,967,k__Bacteria|p__Firmicutes|c__Negativicutes|o__Acidaminococcales|f__Acidaminococcaceae|g__Phascolarctobacterium|s__None,0.6666666666666666
863,k__Bacteria|p__Firmicutes|c__Clostridia|o__Oscillospirales|f__Ruminococcaceae|g__UBA1819|s__None,986,k__Bacteria|p__Firmicutes|c__Negativicutes|o__Veillonellales-Selenomonadales|f__Veillonellaceae|g__Dialister|s__None,0.6666666666666666
863,k__Bacteria|p__Firmicutes|c__Clostridia|o__Oscillospirales|f__Ruminococcaceae|g__UBA1819|s__None,992,k__Bacteria|p__Firmicutes|c__Negativicutes|o__Veillonellales-Selenomonadales|f__Veillonellaceae|g__Veillonella|s__None,0.6666666666666666
863,k__Bacteria|p__Firmicutes|c__Clostridia|o__Oscillospirales|f__Ruminococcaceae|g__UBA1819|s__None,1055,k__Bacteria|p__Proteobacteria|c__Gammaproteobacteria|o__Burkholderiales|f__Sutterellaceae|g__Parasutterella|s__None,0.8333333333333334
863,k__Bacteria|p__Firmicutes|c__Clostridia|o__Oscillospirales|f__Ruminococcaceae|g__UBA1819|s__None,1069,k__Bacteria|p__Proteobacteria|c__Gammaproteobacteria|o__Enterobacterales|f__Enterobacteriaceae|g__Escherichia-Shigella|s__None,0.8333333333333334
863,k__Bacteria|p__Firmicutes|c__Clostridia|o__Oscillospirales|f__Ruminococcaceae|g__UBA1819|s__None,1089,k__Bacteria|p__Proteobacteria|c__Gammaproteobacteria|o__Pseudomonadales|f__Pseudomonadaceae|g__Pseudomonas|s__None,0.8333333333333334
863,k__Bacteria|p__Firmicutes|c__Clostridia|o__Oscillospirales|f__Ruminococcaceae|g__UBA1819|s__None,1132,k__Bacteria|p__Verrucomicrobiota|c__Verrucomicrobiae|o__Verrucomicrobiales|f__Akkermansiaceae|g__Akkermansia|s__None,0.8333333333333334
863,k__Bacteria|p__Firmicutes|c__Clostridia|o__Oscillospirales|f__Ruminococcaceae|g__UBA1819|s__None,1136,k__Bacteria|p__None|c__None|o__None|f__None|g__None|s__None,0.4166666666666667
865,k__Bacteria|p__Firmicutes|c__Clostridia|o__Oscillospirales|f__Ruminococcaceae|g__Eubacterium_siraeum_group|s__None,869,k__Bacteria|p__Firmicutes|c__Clostridia|o__Oscillospirales|f__Ruminococcaceae|g__None|s__None,0.16666666666666666
865,k__Bacteria|p__Firmicutes|c__Clostridia|o__Oscillospirales|f__Ruminococcaceae|g__Eubacterium_siraeum_group|s__None,885,k__Bacteria|p__Firmicutes|c__Clostridia|o__Oscillospirales|f__Eubacterium_coprostanoligenes_group|g__None|s__None,0.25
865,k__Bacteria|p__Firmicutes|c__Clostridia|o__Oscillospirales|f__Ruminococcaceae|g__Eubacterium_siraeum_group|s__None,905,k__Bacteria|p__Firmicutes|c__Clostridia|o__Peptostreptococcales-Tissierellales|f__Anaerovoracaceae|g__Family_XIII_AD3011_group|s__metagenome,0.5833333333333334
865,k__Bacteria|p__Firmicutes|c__Clostridia|o__Oscillospirales|f__Ruminococcaceae|g__Eubacterium_siraeum_group|s__None,925,k__Bacteria|p__Firmicutes|c__Clostridia|o__Peptostreptococcales-Tissierellales|f__Anaerovoracaceae|g__None|s__None,0.4166666666666667
865,k__Bacteria|p__Firmicutes|c__Clostridia|o__Oscillospirales|f__Ruminococcaceae|g__Eubacterium_siraeum_group|s__None,943,k__Bacteria|p__Firmicutes|c__Clostridia|o__Peptostreptococcales-Tissierellales|f__Peptostreptococcaceae|g__Intestinibacter|s__None,0.5
865,k__Bacteria|p__Firmicutes|c__Clostridia|o__Oscillospirales|f__Ruminococcaceae|g__Eubacterium_siraeum_group|s__None,951,k__Bacteria|p__Firmicutes|c__Clostridia|o__Peptostreptococcales-Tissierellales|f__Peptostreptococcaceae|g__Romboutsia|s__None,0.5
865,k__Bacteria|p__Firmicutes|c__Clostridia|o__Oscillospirales|f__Ruminococcaceae|g__Eubacterium_siraeum_group|s__None,956,k__Bacteria|p__Firmicutes|c__Clostridia|o__None|f__None|g__None|s__None,0.25
865,k__Bacteria|p__Firmicutes|c__Clostridia|o__Oscillospirales|f__Ruminococcaceae|g__Eubacterium_siraeum_group|s__None,966,k__Bacteria|p__Firmicutes|c__Negativicutes|o__Acidaminococcales|f__Acidaminococcaceae|g__Acidaminococcus|s__None,0.6666666666666666
865,k__Bacteria|p__Firmicutes|c__Clostridia|o__Oscillospirales|f__Ruminococcaceae|g__Eubacterium_siraeum_group|s__None,967,k__Bacteria|p__Firmicutes|c__Negativicutes|o__Acidaminococcales|f__Acidaminococcaceae|g__Phascolarctobacterium|s__None,0.6666666666666666
865,k__Bacteria|p__Firmicutes|c__Clostridia|o__Oscillospirales|f__Ruminococcaceae|g__Eubacterium_siraeum_group|s__None,986,k__Bacteria|p__Firmicutes|c__Negativicutes|o__Veillonellales-Selenomonadales|f__Veillonellaceae|g__Dialister|s__None,0.6666666666666666
865,k__Bacteria|p__Firmicutes|c__Clostridia|o__Oscillospirales|f__Ruminococcaceae|g__Eubacterium_siraeum_group|s__None,992,k__Bacteria|p__Firmicutes|c__Negativicutes|o__Veillonellales-Selenomonadales|f__Veillonellaceae|g__Veillonella|s__None,0.6666666666666666
865,k__Bacteria|p__Firmicutes|c__Clostridia|o__Oscillospirales|f__Ruminococcaceae|g__Eubacterium_siraeum_group|s__None,1055,k__Bacteria|p__Proteobacteria|c__Gammaproteobacteria|o__Burkholderiales|f__Sutterellaceae|g__Parasutterella|s__None,0.8333333333333334
865,k__Bacteria|p__Firmicutes|c__Clostridia|o__Oscillospirales|f__Ruminococcaceae|g__Eubacterium_siraeum_group|s__None,1069,k__Bacteria|p__Proteobacteria|c__Gammaproteobacteria|o__Enterobacterales|f__Enterobacteriaceae|g__Escherichia-Shigella|s__None,0.8333333333333334
865,k__Bacteria|p__Firmicutes|c__Clostridia|o__Oscillospirales|f__Ruminococcaceae|g__Eubacterium_siraeum_group|s__None,1089,k__Bacteria|p__Proteobacteria|c__Gammaproteobacteria|o__Pseudomonadales|f__Pseudomonadaceae|g__Pseudomonas|s__None,0.8333333333333334
865,k__Bacteria|p__Firmicutes|c__Clostridia|o__Oscillospirales|f__Ruminococcaceae|g__Eubacterium_siraeum_group|s__None,1132,k__Bacteria|p__Verrucomicrobiota|c__Verrucomicrobiae|o__Verrucomicrobiales|f__Akkermansiaceae|g__Akkermansia|s__None,0.8333333333333334
865,k__Bacteria|p__Firmicutes|c__Clostridia|o__Oscillospirales|f__Ruminococcaceae|g__Eubacterium_siraeum_group|s__None,1136,k__Bacteria|p__None|c__None|o__None|f__None|g__None|s__None,0.4166666666666667
869,k__Bacteria|p__Firmicutes|c__Clostridia|o__Oscillospirales|f__Ruminococcaceae|g__None|s__None,885,k__Bacteria|p__Firmicutes|c__Clostridia|o__Oscillospirales|f__Eubacterium_coprostanoligenes_group|g__None|s__None,0.16666666666666666
869,k__Bacteria|p__Firmicutes|c__Clostridia|o__Oscillospirales|f__Ruminococcaceae|g__None|s__None,905,k__Bacteria|p__Firmicutes|c__Clostridia|o__Peptostreptococcales-Tissierellales|f__Anaerovoracaceae|g__Family_XIII_AD3011_group|s__metagenome,0.5
869,k__Bacteria|p__Firmicutes|c__Clostridia|o__Oscillospirales|f__Ruminococcaceae|g__None|s__None,925,k__Bacteria|p__Firmicutes|c__Clostridia|o__Peptostreptococcales-Tissierellales|f__Anaerovoracaceae|g__None|s__None,0.3333333333333333
869,k__Bacteria|p__Firmicutes|c__Clostridia|o__Oscillospirales|f__Ruminococcaceae|g__None|s__None,943,k__Bacteria|p__Firmicutes|c__Clostridia|o__Peptostreptococcales-Tissierellales|f__Peptostreptococcaceae|g__Intestinibacter|s__None,0.4166666666666667
869,k__Bacteria|p__Firmicutes|c__Clostridia|o__Oscillospirales|f__Ruminococcaceae|g__None|s__None,951,k__Bacteria|p__Firmicutes|c__Clostridia|o__Peptostreptococcales-Tissierellales|f__Peptostreptococcaceae|g__Romboutsia|s__None,0.4166666666666667
869,k__Bacteria|p__Firmicutes|c__Clostridia|o__Oscillospirales|f__Ruminococcaceae|g__None|s__None,956,k__Bacteria|p__Firmicutes|c__Clostridia|o__None|f__None|g__None|s__None,0.16666666666666666
869,k__Bacteria|p__Firmicutes|c__Clostridia|o__Oscillospirales|f__Ruminococcaceae|g__None|s__None,966,k__Bacteria|p__Firmicutes|c__Negativicutes|o__Acidaminococcales|f__Acidaminococcaceae|g__Acidaminococcus|s__None,0.5833333333333334
869,k__Bacteria|p__Firmicutes|c__Clostridia|o__Oscillospirales|f__Ruminococcaceae|g__None|s__None,967,k__Bacteria|p__Firmicutes|c__Negativicutes|o__Acidaminococcales|f__Acidaminococcaceae|g__Phascolarctobacterium|s__None,0.5833333333333334
869,k__Bacteria|p__Firmicutes|c__Clostridia|o__Oscillospirales|f__Ruminococcaceae|g__None|s__None,986,k__Bacteria|p__Firmicutes|c__Negativicutes|o__Veillonellales-Selenomonadales|f__Veillonellaceae|g__Dialister|s__None,0.5833333333333334
869,k__Bacteria|p__Firmicutes|c__Clostridia|o__Oscillospirales|f__Ruminococcaceae|g__None|s__None,992,k__Bacteria|p__Firmicutes|c__Negativicutes|o__Veillonellales-Selenomonadales|f__Veillonellaceae|g__Veillonella|s__None,0.5833333333333334
869,k__Bacteria|p__Firmicutes|c__Clostridia|o__Oscillospirales|f__Ruminococcaceae|g__None|s__None,1055,k__Bacteria|p__Proteobacteria|c__Gammaproteobacteria|o__Burkholderiales|f__Sutterellaceae|g__Parasutterella|s__None,0.75
869,k__Bacteria|p__Firmicutes|c__Clostridia|o__Oscillospirales|f__Ruminococcaceae|g__None|s__None,1069,k__Bacteria|p__Proteobacteria|c__Gammaproteobacteria|o__Enterobacterales|f__Enterobacteriaceae|g__Escherichia-Shigella|s__None,0.75
869,k__Bacteria|p__Firmicutes|c__Clostridia|o__Oscillospirales|f__Ruminococcaceae|g__None|s__None,1089,k__Bacteria|p__Proteobacteria|c__Gammaproteobacteria|o__Pseudomonadales|f__Pseudomonadaceae|g__Pseudomonas|s__None,0.75
869,k__Bacteria|p__Firmicutes|c__Clostridia|o__Oscillospirales|f__Ruminococcaceae|g__None|s__None,1132,k__Bacteria|p__Verrucomicrobiota|c__Verrucomicrobiae|o__Verrucomicrobiales|f__Akkermansiaceae|g__Akkermansia|s__None,0.75
869,k__Bacteria|p__Firmicutes|c__Clostridia|o__Oscillospirales|f__Ruminococcaceae|g__None|s__None,1136,k__Bacteria|p__None|c__None|o__None|f__None|g__None|s__None,0.3333333333333333
885,k__Bacteria|p__Firmicutes|c__Clostridia|o__Oscillospirales|f__Eubacterium_coprostanoligenes_group|g__None|s__None,905,k__Bacteria|p__Firmicutes|c__Clostridia|o__Peptostreptococcales-Tissierellales|f__Anaerovoracaceae|g__Family_XIII_AD3011_group|s__metagenome,0.5
885,k__Bacteria|p__Firmicutes|c__Clostridia|o__Oscillospirales|f__Eubacterium_coprostanoligenes_group|g__None|s__None,925,k__Bacteria|p__Firmicutes|c__Clostridia|o__Peptostreptococcales-Tissierellales|f__Anaerovoracaceae|g__None|s__None,0.3333333333333333
885,k__Bacteria|p__Firmicutes|c__Clostridia|o__Oscillospirales|f__Eubacterium_coprostanoligenes_group|g__None|s__None,943,k__Bacteria|p__Firmicutes|c__Clostridia|o__Peptostreptococcales-Tissierellales|f__Peptostreptococcaceae|g__Intestinibacter|s__None,0.4166666666666667
885,k__Bacteria|p__Firmicutes|c__Clostridia|o__Oscillospirales|f__Eubacterium_coprostanoligenes_group|g__None|s__None,951,k__Bacteria|p__Firmicutes|c__Clostridia|o__Peptostreptococcales-Tissierellales|f__Peptostreptococcaceae|g__Romboutsia|s__None,0.4166666666666667
885,k__Bacteria|p__Firmicutes|c__Clostridia|o__Oscillospirales|f__Eubacterium_coprostanoligenes_group|g__None|s__None,956,k__Bacteria|p__Firmicutes|c__Clostridia|o__None|f__None|g__None|s__None,0.16666666666666666
885,k__Bacteria|p__Firmicutes|c__Clostridia|o__Oscillospirales|f__Eubacterium_coprostanoligenes_group|g__None|s__None,966,k__Bacteria|p__Firmicutes|c__Negativicutes|o__Acidaminococcales|f__Acidaminococcaceae|g__Acidaminococcus|s__None,0.5833333333333334
885,k__Bacteria|p__Firmicutes|c__Clostridia|o__Oscillospirales|f__Eubacterium_coprostanoligenes_group|g__None|s__None,967,k__Bacteria|p__Firmicutes|c__Negativicutes|o__Acidaminococcales|f__Acidaminococcaceae|g__Phascolarctobacterium|s__None,0.5833333333333334
885,k__Bacteria|p__Firmicutes|c__Clostridia|o__Oscillospirales|f__Eubacterium_coprostanoligenes_group|g__None|s__None,986,k__Bacteria|p__Firmicutes|c__Negativicutes|o__Veillonellales-Selenomonadales|f__Veillonellaceae|g__Dialister|s__None,0.5833333333333334
885,k__Bacteria|p__Firmicutes|c__Clostridia|o__Oscillospirales|f__Eubacterium_coprostanoligenes_group|g__None|s__None,992,k__Bacteria|p__Firmicutes|c__Negativicutes|o__Veillonellales-Selenomonadales|f__Veillonellaceae|g__Veillonella|s__None,0.5833333333333334
885,k__Bacteria|p__Firmicutes|c__Clostridia|o__Oscillospirales|f__Eubacterium_coprostanoligenes_group|g__None|s__None,1055,k__Bacteria|p__Proteobacteria|c__Gammaproteobacteria|o__Burkholderiales|f__Sutterellaceae|g__Parasutterella|s__None,0.75
885,k__Bacteria|p__Firmicutes|c__Clostridia|o__Oscillospirales|f__Eubacterium_coprostanoligenes_group|g__None|s__None,1069,k__Bacteria|p__Proteobacteria|c__Gammaproteobacteria|o__Enterobacterales|f__Enterobacteriaceae|g__Escherichia-Shigella|s__None,0.75
885,k__Bacteria|p__Firmicutes|c__Clostridia|o__Oscillospirales|f__Eubacterium_coprostanoligenes_group|g__None|s__None,1089,k__Bacteria|p__Proteobacteria|c__Gammaproteobacteria|o__Pseudomonadales|f__Pseudomonadaceae|g__Pseudomonas|s__None,0.75
885,k__Bacteria|p__Firmicutes|c__Clostridia|o__Oscillospirales|f__Eubacterium_coprostanoligenes_group|g__None|s__None,1132,k__Bacteria|p__Verrucomicrobiota|c__Verrucomicrobiae|o__Verrucomicrobiales|f__Akkermansiaceae|g__Akkermansia|s__None,0.75
885,k__Bacteria|p__Firmicutes|c__Clostridia|o__Oscillospirales|f__Eubacterium_coprostanoligenes_group|g__None|s__None,1136,k__Bacteria|p__None|c__None|o__None|f__None|g__None|s__None,0.3333333333333333
905,k__Bacteria|p__Firmicutes|c__Clostridia|o__Peptostreptococcales-Tissierellales|f__Anaerovoracaceae|g__Family_XIII_AD3011_group|s__metagenome,925,k__Bacteria|p__Firmicutes|c__Clostridia|o__Peptostreptococcales-Tissierellales|f__Anaerovoracaceae|g__None|s__None,0.25
905,k__Bacteria|p__Firmicutes|c__Clostridia|o__Peptostreptococcales-Tissierellales|f__Anaerovoracaceae|g__Family_XIII_AD3011_group|s__metagenome,943,k__Bacteria|p__Firmicutes|c__Clostridia|o__Peptostreptococcales-Tissierellales|f__Peptostreptococcaceae|g__Intestinibacter|s__None,0.4166666666666667
905,k__Bacteria|p__Firmicutes|c__Clostridia|o__Peptostreptococcales-Tissierellales|f__Anaerovoracaceae|g__Family_XIII_AD3011_group|s__metagenome,951,k__Bacteria|p__Firmicutes|c__Clostridia|o__Peptostreptococcales-Tissierellales|f__Peptostreptococcaceae|g__Romboutsia|s__None,0.4166666666666667
905,k__Bacteria|p__Firmicutes|c__Clostridia|o__Peptostreptococcales-Tissierellales|f__Anaerovoracaceae|g__Family_XIII_AD3011_group|s__metagenome,956,k__Bacteria|p__Firmicutes|c__Clostridia|o__None|f__None|g__None|s__None,0.3333333333333333
905,k__Bacteria|p__Firmicutes|c__Clostridia|o__Peptostreptococcales-Tissierellales|f__Anaerovoracaceae|g__Family_XIII_AD3011_group|s__metagenome,966,k__Bacteria|p__Firmicutes|c__Negativicutes|o__Acidaminococcales|f__Acidaminococcaceae|g__Acidaminococcus|s__None,0.75
905,k__Bacteria|p__Firmicutes|c__Clostridia|o__Peptostreptococcales-Tissierellales|f__Anaerovoracaceae|g__Family_XIII_AD3011_group|s__metagenome,967,k__Bacteria|p__Firmicutes|c__Negativicutes|o__Acidaminococcales|f__Acidaminococcaceae|g__Phascolarctobacterium|s__None,0.75
905,k__Bacteria|p__Firmicutes|c__Clostridia|o__Peptostreptococcales-Tissierellales|f__Anaerovoracaceae|g__Family_XIII_AD3011_group|s__metagenome,986,k__Bacteria|p__Firmicutes|c__Negativicutes|o__Veillonellales-Selenomonadales|f__Veillonellaceae|g__Dialister|s__None,0.75
905,k__Bacteria|p__Firmicutes|c__Clostridia|o__Peptostreptococcales-Tissierellales|f__Anaerovoracaceae|g__Family_XIII_AD3011_group|s__metagenome,992,k__Bacteria|p__Firmicutes|c__Negativicutes|o__Veillonellales-Selenomonadales|f__Veillonellaceae|g__Veillonella|s__None,0.75
905,k__Bacteria|p__Firmicutes|c__Clostridia|o__Peptostreptococcales-Tissierellales|f__Anaerovoracaceae|g__Family_XIII_AD3011_group|s__metagenome,1055,k__Bacteria|p__Proteobacteria|c__Gammaproteobacteria|o__Burkholderiales|f__Sutterellaceae|g__Parasutterella|s__None,0.9166666666666666
905,k__Bacteria|p__Firmicutes|c__Clostridia|o__Peptostreptococcales-Tissierellales|f__Anaerovoracaceae|g__Family_XIII_AD3011_group|s__metagenome,1069,k__Bacteria|p__Proteobacteria|c__Gammaproteobacteria|o__Enterobacterales|f__Enterobacteriaceae|g__Escherichia-Shigella|s__None,0.9166666666666666
905,k__Bacteria|p__Firmicutes|c__Clostridia|o__Peptostreptococcales-Tissierellales|f__Anaerovoracaceae|g__Family_XIII_AD3011_group|s__metagenome,1089,k__Bacteria|p__Proteobacteria|c__Gammaproteobacteria|o__Pseudomonadales|f__Pseudomonadaceae|g__Pseudomonas|s__None,0.9166666666666666
905,k__Bacteria|p__Firmicutes|c__Clostridia|o__Peptostreptococcales-Tissierellales|f__Anaerovoracaceae|g__Family_XIII_AD3011_group|s__metagenome,1132,k__Bacteria|p__Verrucomicrobiota|c__Verrucomicrobiae|o__Verrucomicrobiales|f__Akkermansiaceae|g__Akkermansia|s__None,0.9166666666666666
905,k__Bacteria|p__Firmicutes|c__Clostridia|o__Peptostreptococcales-Tissierellales|f__Anaerovoracaceae|g__Family_XIII_AD3011_group|s__metagenome,1136,k__Bacteria|p__None|c__None|o__None|f__None|g__None|s__None,0.5
925,k__Bacteria|p__Firmicutes|c__Clostridia|o__Peptostreptococcales-Tissierellales|f__Anaerovoracaceae|g__None|s__None,943,k__Bacteria|p__Firmicutes|c__Clostridia|o__Peptostreptococcales-Tissierellales|f__Peptostreptococcaceae|g__Intestinibacter|s__None,0.25
925,k__Bacteria|p__Firmicutes|c__Clostridia|o__Peptostreptococcales-Tissierellales|f__Anaerovoracaceae|g__None|s__None,951,k__Bacteria|p__Firmicutes|c__Clostridia|o__Peptostreptococcales-Tissierellales|f__Peptostreptococcaceae|g__Romboutsia|s__None,0.25
925,k__Bacteria|p__Firmicutes|c__Clostridia|o__Peptostreptococcales-Tissierellales|f__Anaerovoracaceae|g__None|s__None,956,k__Bacteria|p__Firmicutes|c__Clostridia|o__None|f__None|g__None|s__None,0.16666666666666666
925,k__Bacteria|p__Firmicutes|c__Clostridia|o__Peptostreptococcales-Tissierellales|f__Anaerovoracaceae|g__None|s__None,966,k__Bacteria|p__Firmicutes|c__Negativicutes|o__Acidaminococcales|f__Acidaminococcaceae|g__Acidaminococcus|s__None,0.5833333333333334
925,k__Bacteria|p__Firmicutes|c__Clostridia|o__Peptostreptococcales-Tissierellales|f__Anaerovoracaceae|g__None|s__None,967,k__Bacteria|p__Firmicutes|c__Negativicutes|o__Acidaminococcales|f__Acidaminococcaceae|g__Phascolarctobacterium|s__None,0.5833333333333334
925,k__Bacteria|p__Firmicutes|c__Clostridia|o__Peptostreptococcales-Tissierellales|f__Anaerovoracaceae|g__None|s__None,986,k__Bacteria|p__Firmicutes|c__Negativicutes|o__Veillonellales-Selenomonadales|f__Veillonellaceae|g__Dialister|s__None,0.5833333333333334
925,k__Bacteria|p__Firmicutes|c__Clostridia|o__Peptostreptococcales-Tissierellales|f__Anaerovoracaceae|g__None|s__None,992,k__Bacteria|p__Firmicutes|c__Negativicutes|o__Veillonellales-Selenomonadales|f__Veillonellaceae|g__Veillonella|s__None,0.5833333333333334
925,k__Bacteria|p__Firmicutes|c__Clostridia|o__Peptostreptococcales-Tissierellales|f__Anaerovoracaceae|g__None|s__None,1055,k__Bacteria|p__Proteobacteria|c__Gammaproteobacteria|o__Burkholderiales|f__Sutterellaceae|g__Parasutterella|s__None,0.75
925,k__Bacteria|p__Firmicutes|c__Clostridia|o__Peptostreptococcales-Tissierellales|f__Anaerovoracaceae|g__None|s__None,1069,k__Bacteria|p__Proteobacteria|c__Gammaproteobacteria|o__Enterobacterales|f__Enterobacteriaceae|g__Escherichia-Shigella|s__None,0.75
925,k__Bacteria|p__Firmicutes|c__Clostridia|o__Peptostreptococcales-Tissierellales|f__Anaerovoracaceae|g__None|s__None,1089,k__Bacteria|p__Proteobacteria|c__Gammaproteobacteria|o__Pseudomonadales|f__Pseudomonadaceae|g__Pseudomonas|s__None,0.75
925,k__Bacteria|p__Firmicutes|c__Clostridia|o__Peptostreptococcales-Tissierellales|f__Anaerovoracaceae|g__None|s__None,1132,k__Bacteria|p__Verrucomicrobiota|c__Verrucomicrobiae|o__Verrucomicrobiales|f__Akkermansiaceae|g__Akkermansia|s__None,0.75
925,k__Bacteria|p__Firmicutes|c__Clostridia|o__Peptostreptococcales-Tissierellales|f__Anaerovoracaceae|g__None|s__None,1136,k__Bacteria|p__None|c__None|o__None|f__None|g__None|s__None,0.3333333333333333
943,k__Bacteria|p__Firmicutes|c__Clostridia|o__Peptostreptococcales-Tissierellales|f__Peptostreptococcaceae|g__Intestinibacter|s__None,951,k__Bacteria|p__Firmicutes|c__Clostridia|o__Peptostreptococcales-Tissierellales|f__Peptostreptococcaceae|g__Romboutsia|s__None,0.16666666666666666
943,k__Bacteria|p__Firmicutes|c__Clostridia|o__Peptostreptococcales-Tissierellales|f__Peptostreptococcaceae|g__Intestinibacter|s__None,956,k__Bacteria|p__Firmicutes|c__Clostridia|o__None|f__None|g__None|s__None,0.25
943,k__Bacteria|p__Firmicutes|c__Clostridia|o__Peptostreptococcales-Tissierellales|f__Peptostreptococcaceae|g__Intestinibacter|s__None,966,k__Bacteria|p__Firmicutes|c__Negativicutes|o__Acidaminococcales|f__Acidaminococcaceae|g__Acidaminococcus|s__None,0.6666666666666666
943,k__Bacteria|p__Firmicutes|c__Clostridia|o__Peptostreptococcales-Tissierellales|f__Peptostreptococcaceae|g__Intestinibacter|s__None,967,k__Bacteria|p__Firmicutes|c__Negativicutes|o__Acidaminococcales|f__Acidaminococcaceae|g__Phascolarctobacterium|s__None,0.6666666666666666
943,k__Bacteria|p__Firmicutes|c__Clostridia|o__Peptostreptococcales-Tissierellales|f__Peptostreptococcaceae|g__Intestinibacter|s__None,986,k__Bacteria|p__Firmicutes|c__Negativicutes|o__Veillonellales-Selenomonadales|f__Veillonellaceae|g__Dialister|s__None,0.6666666666666666
943,k__Bacteria|p__Firmicutes|c__Clostridia|o__Peptostreptococcales-Tissierellales|f__Peptostreptococcaceae|g__Intestinibacter|s__None,992,k__Bacteria|p__Firmicutes|c__Negativicutes|o__Veillonellales-Selenomonadales|f__Veillonellaceae|g__Veillonella|s__None,0.6666666666666666
943,k__Bacteria|p__Firmicutes|c__Clostridia|o__Peptostreptococcales-Tissierellales|f__Peptostreptococcaceae|g__Intestinibacter|s__None,1055,k__Bacteria|p__Proteobacteria|c__Gammaproteobacteria|o__Burkholderiales|f__Sutterellaceae|g__Parasutterella|s__None,0.8333333333333334
943,k__Bacteria|p__Firmicutes|c__Clostridia|o__Peptostreptococcales-Tissierellales|f__Peptostreptococcaceae|g__Intestinibacter|s__None,1069,k__Bacteria|p__Proteobacteria|c__Gammaproteobacteria|o__Enterobacterales|f__Enterobacteriaceae|g__Escherichia-Shigella|s__None,0.8333333333333334
943,k__Bacteria|p__Firmicutes|c__Clostridia|o__Peptostreptococcales-Tissierellales|f__Peptostreptococcaceae|g__Intestinibacter|s__None,1089,k__Bacteria|p__Proteobacteria|c__Gammaproteobacteria|o__Pseudomonadales|f__Pseudomonadaceae|g__Pseudomonas|s__None,0.8333333333333334
943,k__Bacteria|p__Firmicutes|c__Clostridia|o__Peptostreptococcales-Tissierellales|f__Peptostreptococcaceae|g__Intestinibacter|s__None,1132,k__Bacteria|p__Verrucomicrobiota|c__Verrucomicrobiae|o__Verrucomicrobiales|f__Akkermansiaceae|g__Akkermansia|s__None,0.8333333333333334
943,k__Bacteria|p__Firmicutes|c__Clostridia|o__Peptostreptococcales-Tissierellales|f__Peptostreptococcaceae|g__Intestinibacter|s__None,1136,k__Bacteria|p__None|c__None|o__None|f__None|g__None|s__None,0.4166666666666667
951,k__Bacteria|p__Firmicutes|c__Clostridia|o__Peptostreptococcales-Tissierellales|f__Peptostreptococcaceae|g__Romboutsia|s__None,956,k__Bacteria|p__Firmicutes|c__Clostridia|o__None|f__None|g__None|s__None,0.25
951,k__Bacteria|p__Firmicutes|c__Clostridia|o__Peptostreptococcales-Tissierellales|f__Peptostreptococcaceae|g__Romboutsia|s__None,966,k__Bacteria|p__Firmicutes|c__Negativicutes|o__Acidaminococcales|f__Acidaminococcaceae|g__Acidaminococcus|s__None,0.6666666666666666
951,k__Bacteria|p__Firmicutes|c__Clostridia|o__Peptostreptococcales-Tissierellales|f__Peptostreptococcaceae|g__Romboutsia|s__None,967,k__Bacteria|p__Firmicutes|c__Negativicutes|o__Acidaminococcales|f__Acidaminococcaceae|g__Phascolarctobacterium|s__None,0.6666666666666666
951,k__Bacteria|p__Firmicutes|c__Clostridia|o__Peptostreptococcales-Tissierellales|f__Peptostreptococcaceae|g__Romboutsia|s__None,986,k__Bacteria|p__Firmicutes|c__Negativicutes|o__Veillonellales-Selenomonadales|f__Veillonellaceae|g__Dialister|s__None,0.6666666666666666
951,k__Bacteria|p__Firmicutes|c__Clostridia|o__Peptostreptococcales-Tissierellales|f__Peptostreptococcaceae|g__Romboutsia|s__None,992,k__Bacteria|p__Firmicutes|c__Negativicutes|o__Veillonellales-Selenomonadales|f__Veillonellaceae|g__Veillonella|s__None,0.6666666666666666
951,k__Bacteria|p__Firmicutes|c__Clostridia|o__Peptostreptococcales-Tissierellales|f__Peptostreptococcaceae|g__Romboutsia|s__None,1055,k__Bacteria|p__Proteobacteria|c__Gammaproteobacteria|o__Burkholderiales|f__Sutterellaceae|g__Parasutterella|s__None,0.8333333333333334
951,k__Bacteria|p__Firmicutes|c__Clostridia|o__Peptostreptococcales-Tissierellales|f__Peptostreptococcaceae|g__Romboutsia|s__None,1069,k__Bacteria|p__Proteobacteria|c__Gammaproteobacteria|o__Enterobacterales|f__Enterobacteriaceae|g__Escherichia-Shigella|s__None,0.8333333333333334
951,k__Bacteria|p__Firmicutes|c__Clostridia|o__Peptostreptococcales-Tissierellales|f__Peptostreptococcaceae|g__Romboutsia|s__None,1089,k__Bacteria|p__Proteobacteria|c__Gammaproteobacteria|o__Pseudomonadales|f__Pseudomonadaceae|g__Pseudomonas|s__None,0.8333333333333334
951,k__Bacteria|p__Firmicutes|c__Clostridia|o__Peptostreptococcales-Tissierellales|f__Peptostreptococcaceae|g__Romboutsia|s__None,1132,k__Bacteria|p__Verrucomicrobiota|c__Verrucomicrobiae|o__Verrucomicrobiales|f__Akkermansiaceae|g__Akkermansia|s__None,0.8333333333333334
951,k__Bacteria|p__Firmicutes|c__Clostridia|o__Peptostreptococcales-Tissierellales|f__Peptostreptococcaceae|g__Romboutsia|s__None,1136,k__Bacteria|p__None|c__None|o__None|f__None|g__None|s__None,0.4166666666666667
956,k__Bacteria|p__Firmicutes|c__Clostridia|o__None|f__None|g__None|s__None,966,k__Bacteria|p__Firmicutes|c__Negativicutes|o__Acidaminococcales|f__Acidaminococcaceae|g__Acidaminococcus|s__None,0.4166666666666667
956,k__Bacteria|p__Firmicutes|c__Clostridia|o__None|f__None|g__None|s__None,967,k__Bacteria|p__Firmicutes|c__Negativicutes|o__Acidaminococcales|f__Acidaminococcaceae|g__Phascolarctobacterium|s__None,0.4166666666666667
956,k__Bacteria|p__Firmicutes|c__Clostridia|o__None|f__None|g__None|s__None,986,k__Bacteria|p__Firmicutes|c__Negativicutes|o__Veillonellales-Selenomonadales|f__Veillonellaceae|g__Dialister|s__None,0.4166666666666667
956,k__Bacteria|p__Firmicutes|c__Clostridia|o__None|f__None|g__None|s__None,992,k__Bacteria|p__Firmicutes|c__Negativicutes|o__Veillonellales-Selenomonadales|f__Veillonellaceae|g__Veillonella|s__None,0.4166666666666667
956,k__Bacteria|p__Firmicutes|c__Clostridia|o__None|f__None|g__None|s__None,1055,k__Bacteria|p__Proteobacteria|c__Gammaproteobacteria|o__Burkholderiales|f__Sutterellaceae|g__Parasutterella|s__None,0.5833333333333334
956,k__Bacteria|p__Firmicutes|c__Clostridia|o__None|f__None|g__None|s__None,1069,k__Bacteria|p__Proteobacteria|c__Gammaproteobacteria|o__Enterobacterales|f__Enterobacteriaceae|g__Escherichia-Shigella|s__None,0.5833333333333334
956,k__Bacteria|p__Firmicutes|c__Clostridia|o__None|f__None|g__None|s__None,1089,k__Bacteria|p__Proteobacteria|c__Gammaproteobacteria|o__Pseudomonadales|f__Pseudomonadaceae|g__Pseudomonas|s__None,0.5833333333333334
956,k__Bacteria|p__Firmicutes|c__Clostridia|o__None|f__None|g__None|s__None,1132,k__Bacteria|p__Verrucomicrobiota|c__Verrucomicrobiae|o__Verrucomicrobiales|f__Akkermansiaceae|g__Akkermansia|s__None,0.5833333333333334
956,k__Bacteria|p__Firmicutes|c__Clostridia|o__None|f__None|g__None|s__None,1136,k__Bacteria|p__None|c__None|o__None|f__None|g__None|s__None,0.16666666666666666
966,k__Bacteria|p__Firmicutes|c__Negativicutes|o__Acidaminococcales|f__Acidaminococcaceae|g__Acidaminococcus|s__None,967,k__Bacteria|p__Firmicutes|c__Negativicutes|o__Acidaminococcales|f__Acidaminococcaceae|g__Phascolarctobacterium|s__None,0.16666666666666666
966,k__Bacteria|p__Firmicutes|c__Negativicutes|o__Acidaminococcales|f__Acidaminococcaceae|g__Acidaminococcus|s__None,986,k__Bacteria|p__Firmicutes|c__Negativicutes|o__Veillonellales-Selenomonadales|f__Veillonellaceae|g__Dialister|s__None,0.5
966,k__Bacteria|p__Firmicutes|c__Negativicutes|o__Acidaminococcales|f__Acidaminococcaceae|g__Acidaminococcus|s__None,992,k__Bacteria|p__Firmicutes|c__Negativicutes|o__Veillonellales-Selenomonadales|f__Veillonellaceae|g__Veillonella|s__None,0.5
966,k__Bacteria|p__Firmicutes|c__Negativicutes|o__Acidaminococcales|f__Acidaminococcaceae|g__Acidaminococcus|s__None,1055,k__Bacteria|p__Proteobacteria|c__Gammaproteobacteria|o__Burkholderiales|f__Sutterellaceae|g__Parasutterella|s__None,0.8333333333333334
966,k__Bacteria|p__Firmicutes|c__Negativicutes|o__Acidaminococcales|f__Acidaminococcaceae|g__Acidaminococcus|s__None,1069,k__Bacteria|p__Proteobacteria|c__Gammaproteobacteria|o__Enterobacterales|f__Enterobacteriaceae|g__Escherichia-Shigella|s__None,0.8333333333333334
966,k__Bacteria|p__Firmicutes|c__Negativicutes|o__Acidaminococcales|f__Acidaminococcaceae|g__Acidaminococcus|s__None,1089,k__Bacteria|p__Proteobacteria|c__Gammaproteobacteria|o__Pseudomonadales|f__Pseudomonadaceae|g__Pseudomonas|s__None,0.8333333333333334
966,k__Bacteria|p__Firmicutes|c__Negativicutes|o__Acidaminococcales|f__Acidaminococcaceae|g__Acidaminococcus|s__None,1132,k__Bacteria|p__Verrucomicrobiota|c__Verrucomicrobiae|o__Verrucomicrobiales|f__Akkermansiaceae|g__Akkermansia|s__None,0.8333333333333334
966,k__Bacteria|p__Firmicutes|c__Negativicutes|o__Acidaminococcales|f__Acidaminococcaceae|g__Acidaminococcus|s__None,1136,k__Bacteria|p__None|c__None|o__None|f__None|g__None|s__None,0.4166666666666667
967,k__Bacteria|p__Firmicutes|c__Negativicutes|o__Acidaminococcales|f__Acidaminococcaceae|g__Phascolarctobacterium|s__None,986,k__Bacteria|p__Firmicutes|c__Negativicutes|o__Veillonellales-Selenomonadales|f__Veillonellaceae|g__Dialister|s__None,0.5
967,k__Bacteria|p__Firmicutes|c__Negativicutes|o__Acidaminococcales|f__Acidaminococcaceae|g__Phascolarctobacterium|s__None,992,k__Bacteria|p__Firmicutes|c__Negativicutes|o__Veillonellales-Selenomonadales|f__Veillonellaceae|g__Veillonella|s__None,0.5
967,k__Bacteria|p__Firmicutes|c__Negativicutes|o__Acidaminococcales|f__Acidaminococcaceae|g__Phascolarctobacterium|s__None,1055,k__Bacteria|p__Proteobacteria|c__Gammaproteobacteria|o__Burkholderiales|f__Sutterellaceae|g__Parasutterella|s__None,0.8333333333333334
967,k__Bacteria|p__Firmicutes|c__Negativicutes|o__Acidaminococcales|f__Acidaminococcaceae|g__Phascolarctobacterium|s__None,1069,k__Bacteria|p__Proteobacteria|c__Gammaproteobacteria|o__Enterobacterales|f__Enterobacteriaceae|g__Escherichia-Shigella|s__None,0.8333333333333334
967,k__Bacteria|p__Firmicutes|c__Negativicutes|o__Acidaminococcales|f__Acidaminococcaceae|g__Phascolarctobacterium|s__None,1089,k__Bacteria|p__Proteobacteria|c__Gammaproteobacteria|o__Pseudomonadales|f__Pseudomonadaceae|g__Pseudomonas|s__None,0.8333333333333334
967,k__Bacteria|p__Firmicutes|c__Negativicutes|o__Acidaminococcales|f__Acidaminococcaceae|g__Phascolarctobacterium|s__None,1132,k__Bacteria|p__Verrucomicrobiota|c__Verrucomicrobiae|o__Verrucomicrobiales|f__Akkermansiaceae|g__Akkermansia|s__None,0.8333333333333334
967,k__Bacteria|p__Firmicutes|c__Negativicutes|o__Acidaminococcales|f__Acidaminococcaceae|g__Phascolarctobacterium|s__None,1136,k__Bacteria|p__None|c__None|o__None|f__None|g__None|s__None,0.4166666666666667
986,k__Bacteria|p__Firmicutes|c__Negativicutes|o__Veillonellales-Selenomonadales|f__Veillonellaceae|g__Dialister|s__None,992,k__Bacteria|p__Firmicutes|c__Negativicutes|o__Veillonellales-Selenomonadales|f__Veillonellaceae|g__Veillonella|s__None,0.16666666666666666
986,k__Bacteria|p__Firmicutes|c__Negativicutes|o__Veillonellales-Selenomonadales|f__Veillonellaceae|g__Dialister|s__None,1055,k__Bacteria|p__Proteobacteria|c__Gammaproteobacteria|o__Burkholderiales|f__Sutterellaceae|g__Parasutterella|s__None,0.8333333333333334
986,k__Bacteria|p__Firmicutes|c__Negativicutes|o__Veillonellales-Selenomonadales|f__Veillonellaceae|g__Dialister|s__None,1069,k__Bacteria|p__Proteobacteria|c__Gammaproteobacteria|o__Enterobacterales|f__Enterobacteriaceae|g__Escherichia-Shigella|s__None,0.8333333333333334
986,k__Bacteria|p__Firmicutes|c__Negativicutes|o__Veillonellales-Selenomonadales|f__Veillonellaceae|g__Dialister|s__None,1089,k__Bacteria|p__Proteobacteria|c__Gammaproteobacteria|o__Pseudomonadales|f__Pseudomonadaceae|g__Pseudomonas|s__None,0.8333333333333334
986,k__Bacteria|p__Firmicutes|c__Negativicutes|o__Veillonellales-Selenomonadales|f__Veillonellaceae|g__Dialister|s__None,1132,k__Bacteria|p__Verrucomicrobiota|c__Verrucomicrobiae|o__Verrucomicrobiales|f__Akkermansiaceae|g__Akkermansia|s__None,0.8333333333333334
986,k__Bacteria|p__Firmicutes|c__Negativicutes|o__Veillonellales-Selenomonadales|f__Veillonellaceae|g__Dialister|s__None,1136,k__Bacteria|p__None|c__None|o__None|f__None|g__None|s__None,0.4166666666666667
992,k__Bacteria|p__Firmicutes|c__Negativicutes|o__Veillonellales-Selenomonadales|f__Veillonellaceae|g__Veillonella|s__None,1055,k__Bacteria|p__Proteobacteria|c__Gammaproteobacteria|o__Burkholderiales|f__Sutterellaceae|g__Parasutterella|s__None,0.8333333333333334
992,k__Bacteria|p__Firmicutes|c__Negativicutes|o__Veillonellales-Selenomonadales|f__Veillonellaceae|g__Veillonella|s__None,1069,k__Bacteria|p__Proteobacteria|c__Gammaproteobacteria|o__Enterobacterales|f__Enterobacteriaceae|g__Escherichia-Shigella|s__None,0.8333333333333334
992,k__Bacteria|p__Firmicutes|c__Negativicutes|o__Veillonellales-Selenomonadales|f__Veillonellaceae|g__Veillonella|s__None,1089,k__Bacteria|p__Proteobacteria|c__Gammaproteobacteria|o__Pseudomonadales|f__Pseudomonadaceae|g__Pseudomonas|s__None,0.8333333333333334
992,k__Bacteria|p__Firmicutes|c__Negativicutes|o__Veillonellales-Selenomonadales|f__Veillonellaceae|g__Veillonella|s__None,1132,k__Bacteria|p__Verrucomicrobiota|c__Verrucomicrobiae|o__Verrucomicrobiales|f__Akkermansiaceae|g__Akkermansia|s__None,0.8333333333333334
992,k__Bacteria|p__Firmicutes|c__Negativicutes|o__Veillonellales-Selenomonadales|f__Veillonellaceae|g__Veillonella|s__None,1136,k__Bacteria|p__None|c__None|o__None|f__None|g__None|s__None,0.4166666666666667
1055,k__Bacteria|p__Proteobacteria|c__Gammaproteobacteria|o__Burkholderiales|f__Sutterellaceae|g__Parasutterella|s__None,1069,k__Bacteria|p__Proteobacteria|c__Gammaproteobacteria|o__Enterobacterales|f__Enterobacteriaceae|g__Escherichia-Shigella|s__None,0.5
1055,k__Bacteria|p__Proteobacteria|c__Gammaproteobacteria|o__Burkholderiales|f__Sutterellaceae|g__Parasutterella|s__None,1089,k__Bacteria|p__Proteobacteria|c__Gammaproteobacteria|o__Pseudomonadales|f__Pseudomonadaceae|g__Pseudomonas|s__None,0.5
1055,k__Bacteria|p__Proteobacteria|c__Gammaproteobacteria|o__Burkholderiales|f__Sutterellaceae|g__Parasutterella|s__None,1132,k__Bacteria|p__Verrucomicrobiota|c__Verrucomicrobiae|o__Verrucomicrobiales|f__Akkermansiaceae|g__Akkermansia|s__None,0.8333333333333334
1055,k__Bacteria|p__Proteobacteria|c__Gammaproteobacteria|o__Burkholderiales|f__Sutterellaceae|g__Parasutterella|s__None,1136,k__Bacteria|p__None|c__None|o__None|f__None|g__None|s__None,0.4166666666666667
1069,k__Bacteria|p__Proteobacteria|c__Gammaproteobacteria|o__Enterobacterales|f__Enterobacteriaceae|g__Escherichia-Shigella|s__None,1089,k__Bacteria|p__Proteobacteria|c__Gammaproteobacteria|o__Pseudomonadales|f__Pseudomonadaceae|g__Pseudomonas|s__None,0.5
1069,k__Bacteria|p__Proteobacteria|c__Gammaproteobacteria|o__Enterobacterales|f__Enterobacteriaceae|g__Escherichia-Shigella|s__None,1132,k__Bacteria|p__Verrucomicrobiota|c__Verrucomicrobiae|o__Verrucomicrobiales|f__Akkermansiaceae|g__Akkermansia|s__None,0.8333333333333334
1069,k__Bacteria|p__Proteobacteria|c__Gammaproteobacteria|o__Enterobacterales|f__Enterobacteriaceae|g__Escherichia-Shigella|s__None,1136,k__Bacteria|p__None|c__None|o__None|f__None|g__None|s__None,0.4166666666666667
1089,k__Bacteria|p__Proteobacteria|c__Gammaproteobacteria|o__Pseudomonadales|f__Pseudomonadaceae|g__Pseudomonas|s__None,1132,k__Bacteria|p__Verrucomicrobiota|c__Verrucomicrobiae|o__Verrucomicrobiales|f__Akkermansiaceae|g__Akkermansia|s__None,0.8333333333333334
1089,k__Bacteria|p__Proteobacteria|c__Gammaproteobacteria|o__Pseudomonadales|f__Pseudomonadaceae|g__Pseudomonas|s__None,1136,k__Bacteria|p__None|c__None|o__None|f__None|g__None|s__None,0.4166666666666667
1132,k__Bacteria|p__Verrucomicrobiota|c__Verrucomicrobiae|o__Verrucomicrobiales|f__Akkermansiaceae|g__Akkermansia|s__None,1136,k__Bacteria|p__None|c__None|o__None|f__None|g__None|s__None,0.4166666666666667
