Archaea,Euryarchaeota,Methanobacteria,Methanobacteriales,Methanobacteriaceae,Methanobrevibacter,None,Bacteria,Actinobacteriota,Actinobacteria,Bifidobacteriales,Bifidobacteriaceae,Bifidobacterium,None,0.029197080291970802
Archaea,Euryarchaeota,Methanobacteria,Methanobacteriales,Methanobacteriaceae,Methanobrevibacter,None,Bacteria,Actinobacteriota,Coriobacteriia,Coriobacteriales,Eggerthellaceae,None,None,0.0267639902676399
Archaea,Euryarchaeota,Methanobacteria,Methanobacteriales,Methanobacteriaceae,Methanobrevibacter,None,Bacteria,Bacteroidetes,Bacteroidia,Bacteroidales,Bacteroidaceae,Bacteroides,Bacteroides_stercoris_ATCC_43183,0.031630170316301706
Archaea,Euryarchaeota,Methanobacteria,Methanobacteriales,Methanobacteriaceae,Methanobrevibacter,None,Bacteria,Bacteroidetes,Bacteroidia,Bacteroidales,Bacteroidaceae,Bacteroides,Bacteroides_uniformis,0.031630170316301706
Archaea,Euryarchaeota,Methanobacteria,Methanobacteriales,Methanobacteriaceae,Methanobrevibacter,None,Bacteria,Bacteroidetes,Bacteroidia,Bacteroidales,Bacteroidaceae,Bacteroides,None,0.029197080291970802
Archaea,Euryarchaeota,Methanobacteria,Methanobacteriales,Methanobacteriaceae,Methanobrevibacter,None,Bacteria,Bacteroidetes,Bacteroidia,Bacteroidales,Barnesiellaceae,Barnesiella,None,0.029197080291970802
Archaea,Euryarchaeota,Methanobacteria,Methanobacteriales,Methanobacteriaceae,Methanobrevibacter,None,Bacteria,Bacteroidetes,Bacteroidia,Bacteroidales,Marinifilaceae,Butyricimonas,None,0.029197080291970802
Archaea,Euryarchaeota,Methanobacteria,Methanobacteriales,Methanobacteriaceae,Methanobrevibacter,None,Bacteria,Bacteroidetes,Bacteroidia,Bacteroidales,Marinifilaceae,Odoribacter,None,0.029197080291970802
Archaea,Euryarchaeota,Methanobacteria,Methanobacteriales,Methanobacteriaceae,Methanobrevibacter,None,Bacteria,Bacteroidetes,Bacteroidia,Bacteroidales,Muribaculaceae,metagenome,None,0.029197080291970802
Archaea,Euryarchaeota,Methanobacteria,Methanobacteriales,Methanobacteriaceae,Methanobrevibacter,None,Bacteria,Bacteroidetes,Bacteroidia,Bacteroidales,Rikenellaceae,Alistipes,Alistipes_ihumii_AP11,0.031630170316301706
Archaea,Euryarchaeota,Methanobacteria,Methanobacteriales,Methanobacteriaceae,Methanobrevibacter,None,Bacteria,Bacteroidetes,Bacteroidia,Bacteroidales,Rikenellaceae,Alistipes,None,0.029197080291970802
Archaea,Euryarchaeota,Methanobacteria,Methanobacteriales,Methanobacteriaceae,Methanobrevibacter,None,Bacteria,Bacteroidetes,Bacteroidia,Bacteroidales,Tannerellaceae,Parabacteroides,metagenome,0.031630170316301706
Archaea,Euryarchaeota,Methanobacteria,Methanobacteriales,Methanobacteriaceae,Methanobrevibacter,None,Bacteria,Firmicutes,Bacilli,Erysipelotrichales,Erysipelatoclostridiaceae,Erysipelatoclostridium,Clostridium_spiroforme_DSM_1552,0.031630170316301706
Archaea,Euryarchaeota,Methanobacteria,Methanobacteriales,Methanobacteriaceae,Methanobrevibacter,None,Bacteria,Firmicutes,Bacilli,Erysipelotrichales,Erysipelatoclostridiaceae,Erysipelotrichaceae_UCG-003,None,0.029197080291970802
Archaea,Euryarchaeota,Methanobacteria,Methanobacteriales,Methanobacteriaceae,Methanobrevibacter,None,Bacteria,Firmicutes,Bacilli,Erysipelotrichales,Erysipelotrichaceae,Clostridium_innocuum_group,None,0.029197080291970802
Archaea,Euryarchaeota,Methanobacteria,Methanobacteriales,Methanobacteriaceae,Methanobrevibacter,None,Bacteria,Firmicutes,Bacilli,Lactobacillales,Streptococcaceae,Streptococcus,Streptococcus_mutans,0.031630170316301706
Archaea,Euryarchaeota,Methanobacteria,Methanobacteriales,Methanobacteriaceae,Methanobrevibacter,None,Bacteria,Firmicutes,Bacilli,Lactobacillales,Streptococcaceae,Streptococcus,None,0.029197080291970802
Archaea,Euryarchaeota,Methanobacteria,Methanobacteriales,Methanobacteriaceae,Methanobrevibacter,None,Bacteria,Firmicutes,Bacilli,RF39,None,None,None,0.024330900243309004
Archaea,Euryarchaeota,Methanobacteria,Methanobacteriales,Methanobacteriaceae,Methanobrevibacter,None,Bacteria,Firmicutes,Bacilli,Staphylococcales,Staphylococcaceae,Staphylococcus,None,0.029197080291970802
Archaea,Euryarchaeota,Methanobacteria,Methanobacteriales,Methanobacteriaceae,Methanobrevibacter,None,Bacteria,Firmicutes,Clostridia,Clostridiales,Clostridiaceae,Clostridium_sensu_stricto_1,None,0.029197080291970802
Archaea,Euryarchaeota,Methanobacteria,Methanobacteriales,Methanobacteriaceae,Methanobrevibacter,None,Bacteria,Firmicutes,Clostridia,Lachnospirales,Lachnospiraceae,Agathobacter,None,0.029197080291970802
Archaea,Euryarchaeota,Methanobacteria,Methanobacteriales,Methanobacteriaceae,Methanobrevibacter,None,Bacteria,Firmicutes,Clostridia,Lachnospirales,Lachnospiraceae,Anaerostipes,uncultured_Lachnospiraceae_bacterium,0.031630170316301706
Archaea,Euryarchaeota,Methanobacteria,Methanobacteriales,Methanobacteriaceae,Methanobrevibacter,None,Bacteria,Firmicutes,Clostridia,Lachnospirales,Lachnospiraceae,Blautia,bacterium_mpn-isolate_group_20,0.031630170316301706
Archaea,Euryarchaeota,Methanobacteria,Methanobacteriales,Methanobacteriaceae,Methanobrevibacter,None,Bacteria,Firmicutes,Clostridia,Lachnospirales,Lachnospiraceae,Blautia,uncultured_Blautia_sp.,0.031630170316301706
Archaea,Euryarchaeota,Methanobacteria,Methanobacteriales,Methanobacteriaceae,Methanobrevibacter,None,Bacteria,Firmicutes,Clostridia,Lachnospirales,Lachnospiraceae,CAG-56,None,0.029197080291970802
Archaea,Euryarchaeota,Methanobacteria,Methanobacteriales,Methanobacteriaceae,Methanobrevibacter,None,Bacteria,Firmicutes,Clostridia,Lachnospirales,Lachnospiraceae,Coprococcus,None,0.029197080291970802
Archaea,Euryarchaeota,Methanobacteria,Methanobacteriales,Methanobacteriaceae,Methanobrevibacter,None,Bacteria,Firmicutes,Clostridia,Lachnospirales,Lachnospiraceae,Dorea,None,0.029197080291970802
Archaea,Euryarchaeota,Methanobacteria,Methanobacteriales,Methanobacteriaceae,Methanobrevibacter,None,Bacteria,Firmicutes,Clostridia,Lachnospirales,Lachnospiraceae,Fusicatenibacter,uncultured_Lachnospiraceae_bacterium,0.031630170316301706
Archaea,Euryarchaeota,Methanobacteria,Methanobacteriales,Methanobacteriaceae,Methanobrevibacter,None,Bacteria,Firmicutes,Clostridia,Lachnospirales,Lachnospiraceae,Lachnospira,uncultured_Lachnospiraceae_bacterium,0.031630170316301706
Archaea,Euryarchaeota,Methanobacteria,Methanobacteriales,Methanobacteriaceae,Methanobrevibacter,None,Bacteria,Firmicutes,Clostridia,Lachnospirales,Lachnospiraceae,Lachnospiraceae_NK4A136_group,None,0.029197080291970802
Archaea,Euryarchaeota,Methanobacteria,Methanobacteriales,Methanobacteriaceae,Methanobrevibacter,None,Bacteria,Firmicutes,Clostridia,Lachnospirales,Lachnospiraceae,Lachnospiraceae_UCG-001,uncultured_Firmicutes_bacterium,0.031630170316301706
Archaea,Euryarchaeota,Methanobacteria,Methanobacteriales,Methanobacteriaceae,Methanobrevibacter,None,Bacteria,Firmicutes,Clostridia,Lachnospirales,Lachnospiraceae,Roseburia,None,0.029197080291970802
Archaea,Euryarchaeota,Methanobacteria,Methanobacteriales,Methanobacteriaceae,Methanobrevibacter,None,Bacteria,Firmicutes,Clostridia,Lachnospirales,Lachnospiraceae,Eubacterium_eligens_group,None,0.029197080291970802
Archaea,Euryarchaeota,Methanobacteria,Methanobacteriales,Methanobacteriaceae,Methanobrevibacter,None,Bacteria,Firmicutes,Clostridia,Lachnospirales,Lachnospiraceae,Eubacterium_xylanophilum_group,None,0.029197080291970802
Archaea,Euryarchaeota,Methanobacteria,Methanobacteriales,Methanobacteriaceae,Methanobrevibacter,None,Bacteria,Firmicutes,Clostridia,Lachnospirales,Lachnospiraceae,Ruminococcus_gauvreauii_group,uncultured_Lachnospiraceae_bacterium,0.031630170316301706
Archaea,Euryarchaeota,Methanobacteria,Methanobacteriales,Methanobacteriaceae,Methanobrevibacter,None,Bacteria,Firmicutes,Clostridia,Lachnospirales,Lachnospiraceae,Ruminococcus_torques_group,Clostridiaceae_bacterium_LEMV78,0.031630170316301706
Archaea,Euryarchaeota,Methanobacteria,Methanobacteriales,Methanobacteriaceae,Methanobrevibacter,None,Bacteria,Firmicutes,Clostridia,Oscillospirales,Butyricicoccaceae,UCG-009,metagenome,0.031630170316301706
Archaea,Euryarchaeota,Methanobacteria,Methanobacteriales,Methanobacteriaceae,Methanobrevibacter,None,Bacteria,Firmicutes,Clostridia,Oscillospirales,Oscillospiraceae,Colidextribacter,None,0.029197080291970802
Archaea,Euryarchaeota,Methanobacteria,Methanobacteriales,Methanobacteriaceae,Methanobrevibacter,None,Bacteria,Firmicutes,Clostridia,Oscillospirales,Oscillospiraceae,Flavonifractor,None,0.029197080291970802
Archaea,Euryarchaeota,Methanobacteria,Methanobacteriales,Methanobacteriaceae,Methanobrevibacter,None,Bacteria,Firmicutes,Clostridia,Oscillospirales,Oscillospiraceae,NK4A214_group,metagenome,0.031630170316301706
Archaea,Euryarchaeota,Methanobacteria,Methanobacteriales,Methanobacteriaceae,Methanobrevibacter,None,Bacteria,Firmicutes,Clostridia,Oscillospirales,Oscillospiraceae,UCG-002,None,0.029197080291970802
Archaea,Euryarchaeota,Methanobacteria,Methanobacteriales,Methanobacteriaceae,Methanobrevibacter,None,Bacteria,Firmicutes,Clostridia,Oscillospirales,Oscillospiraceae,UCG-003,None,0.029197080291970802
Archaea,Euryarchaeota,Methanobacteria,Methanobacteriales,Methanobacteriaceae,Methanobrevibacter,None,Bacteria,Firmicutes,Clostridia,Oscillospirales,Oscillospiraceae,UCG-005,None,0.029197080291970802
Archaea,Euryarchaeota,Methanobacteria,Methanobacteriales,Methanobacteriaceae,Methanobrevibacter,None,Bacteria,Firmicutes,Clostridia,Oscillospirales,Ruminococcaceae,Candidatus_Soleaferrea,Neobitarella_massiliensis,0.031630170316301706
Archaea,Euryarchaeota,Methanobacteria,Methanobacteriales,Methanobacteriaceae,Methanobrevibacter,None,Bacteria,Firmicutes,Clostridia,Oscillospirales,Ruminococcaceae,Faecalibacterium,None,0.029197080291970802
Archaea,Euryarchaeota,Methanobacteria,Methanobacteriales,Methanobacteriaceae,Methanobrevibacter,None,Bacteria,Firmicutes,Clostridia,Oscillospirales,Ruminococcaceae,Incertae_Sedis,metagenome,0.031630170316301706
Archaea,Euryarchaeota,Methanobacteria,Methanobacteriales,Methanobacteriaceae,Methanobrevibacter,None,Bacteria,Firmicutes,Clostridia,Oscillospirales,Ruminococcaceae,Incertae_Sedis,None,0.029197080291970802
Archaea,Euryarchaeota,Methanobacteria,Methanobacteriales,Methanobacteriaceae,Methanobrevibacter,None,Bacteria,Firmicutes,Clostridia,Oscillospirales,Ruminococcaceae,Paludicola,metagenome,0.031630170316301706
Archaea,Euryarchaeota,Methanobacteria,Methanobacteriales,Methanobacteriaceae,Methanobrevibacter,None,Bacteria,Firmicutes,Clostridia,Oscillospirales,Ruminococcaceae,Ruminococcus,None,0.029197080291970802
Archaea,Euryarchaeota,Methanobacteria,Methanobacteriales,Methanobacteriaceae,Methanobrevibacter,None,Bacteria,Firmicutes,Clostridia,Oscillospirales,Ruminococcaceae,Subdoligranulum,None,0.029197080291970802
Archaea,Euryarchaeota,Methanobacteria,Methanobacteriales,Methanobacteriaceae,Methanobrevibacter,None,Bacteria,Firmicutes,Clostridia,Oscillospirales,Ruminococcaceae,UBA1819,None,0.029197080291970802
Archaea,Euryarchaeota,Methanobacteria,Methanobacteriales,Methanobacteriaceae,Methanobrevibacter,None,Bacteria,Firmicutes,Clostridia,Oscillospirales,Ruminococcaceae,None,None,0.0267639902676399
Archaea,Euryarchaeota,Methanobacteria,Methanobacteriales,Methanobacteriaceae,Methanobrevibacter,None,Bacteria,Firmicutes,Clostridia,Oscillospirales,Eubacterium_coprostanoligenes_group,metagenome,None,0.029197080291970802
Archaea,Euryarchaeota,Methanobacteria,Methanobacteriales,Methanobacteriaceae,Methanobrevibacter,None,Bacteria,Firmicutes,Clostridia,Oscillospirales,Eubacterium_coprostanoligenes_group,uncultured_Clostridiales_bacterium,None,0.029197080291970802
Archaea,Euryarchaeota,Methanobacteria,Methanobacteriales,Methanobacteriaceae,Methanobrevibacter,None,Bacteria,Firmicutes,Clostridia,Oscillospirales,None,None,None,0.024330900243309004
Archaea,Euryarchaeota,Methanobacteria,Methanobacteriales,Methanobacteriaceae,Methanobrevibacter,None,Bacteria,Firmicutes,Clostridia,Peptostreptococcales-Tissierellales,Peptostreptococcaceae,Romboutsia,None,0.029197080291970802
Archaea,Euryarchaeota,Methanobacteria,Methanobacteriales,Methanobacteriaceae,Methanobrevibacter,None,Bacteria,Firmicutes,Clostridia,None,None,None,None,0.021897810218978103
Archaea,Euryarchaeota,Methanobacteria,Methanobacteriales,Methanobacteriaceae,Methanobrevibacter,None,Bacteria,Firmicutes,Negativicutes,Acidaminococcales,Acidaminococcaceae,Phascolarctobacterium,None,0.029197080291970802
Archaea,Euryarchaeota,Methanobacteria,Methanobacteriales,Methanobacteriaceae,Methanobrevibacter,None,Bacteria,Firmicutes,Negativicutes,Veillonellales-Selenomonadales,Veillonellaceae,Veillonella,None,0.029197080291970802
Archaea,Euryarchaeota,Methanobacteria,Methanobacteriales,Methanobacteriaceae,Methanobrevibacter,None,Bacteria,Fusobacteriota,Fusobacteriia,Fusobacteriales,Fusobacteriaceae,Fusobacterium,None,0.029197080291970802
Archaea,Euryarchaeota,Methanobacteria,Methanobacteriales,Methanobacteriaceae,Methanobrevibacter,None,Bacteria,Proteobacteria,Gammaproteobacteria,Burkholderiales,Neisseriaceae,Neisseria,None,0.029197080291970802
Archaea,Euryarchaeota,Methanobacteria,Methanobacteriales,Methanobacteriaceae,Methanobrevibacter,None,Bacteria,Proteobacteria,Gammaproteobacteria,Enterobacterales,Enterobacteriaceae,None,None,0.0267639902676399
Archaea,Euryarchaeota,Methanobacteria,Methanobacteriales,Methanobacteriaceae,Methanobrevibacter,None,Bacteria,Proteobacteria,Gammaproteobacteria,Pasteurellales,Pasteurellaceae,Haemophilus,None,0.029197080291970802
Archaea,Euryarchaeota,Methanobacteria,Methanobacteriales,Methanobacteriaceae,Methanobrevibacter,None,Bacteria,Proteobacteria,Gammaproteobacteria,Pseudomonadales,Moraxellaceae,Acinetobacter,None,0.029197080291970802
Archaea,Euryarchaeota,Methanobacteria,Methanobacteriales,Methanobacteriaceae,Methanobrevibacter,None,Bacteria,Proteobacteria,Gammaproteobacteria,Pseudomonadales,Pseudomonadaceae,Pseudomonas,None,0.029197080291970802
Archaea,Euryarchaeota,Methanobacteria,Methanobacteriales,Methanobacteriaceae,Methanobrevibacter,None,Bacteria,Verrucomicrobiota,Verrucomicrobiae,Verrucomicrobiales,Akkermansiaceae,Akkermansia,None,0.029197080291970802
Bacteria,Actinobacteriota,Actinobacteria,Bifidobacteriales,Bifidobacteriaceae,Bifidobacterium,None,Bacteria,Actinobacteriota,Coriobacteriia,Coriobacteriales,Eggerthellaceae,None,None,0.0170316301703163
Bacteria,Actinobacteriota,Actinobacteria,Bifidobacteriales,Bifidobacteriaceae,Bifidobacterium,None,Bacteria,Bacteroidetes,Bacteroidia,Bacteroidales,Bacteroidaceae,Bacteroides,Bacteroides_stercoris_ATCC_43183,0.0267639902676399
Bacteria,Actinobacteriota,Actinobacteria,Bifidobacteriales,Bifidobacteriaceae,Bifidobacterium,None,Bacteria,Bacteroidetes,Bacteroidia,Bacteroidales,Bacteroidaceae,Bacteroides,Bacteroides_uniformis,0.0267639902676399
Bacteria,Actinobacteriota,Actinobacteria,Bifidobacteriales,Bifidobacteriaceae,Bifidobacterium,None,Bacteria,Bacteroidetes,Bacteroidia,Bacteroidales,Bacteroidaceae,Bacteroides,None,0.024330900243309004
Bacteria,Actinobacteriota,Actinobacteria,Bifidobacteriales,Bifidobacteriaceae,Bifidobacterium,None,Bacteria,Bacteroidetes,Bacteroidia,Bacteroidales,Barnesiellaceae,Barnesiella,None,0.024330900243309004
Bacteria,Actinobacteriota,Actinobacteria,Bifidobacteriales,Bifidobacteriaceae,Bifidobacterium,None,Bacteria,Bacteroidetes,Bacteroidia,Bacteroidales,Marinifilaceae,Butyricimonas,None,0.024330900243309004
Bacteria,Actinobacteriota,Actinobacteria,Bifidobacteriales,Bifidobacteriaceae,Bifidobacterium,None,Bacteria,Bacteroidetes,Bacteroidia,Bacteroidales,Marinifilaceae,Odoribacter,None,0.024330900243309004
Bacteria,Actinobacteriota,Actinobacteria,Bifidobacteriales,Bifidobacteriaceae,Bifidobacterium,None,Bacteria,Bacteroidetes,Bacteroidia,Bacteroidales,Muribaculaceae,metagenome,None,0.024330900243309004
Bacteria,Actinobacteriota,Actinobacteria,Bifidobacteriales,Bifidobacteriaceae,Bifidobacterium,None,Bacteria,Bacteroidetes,Bacteroidia,Bacteroidales,Rikenellaceae,Alistipes,Alistipes_ihumii_AP11,0.0267639902676399
Bacteria,Actinobacteriota,Actinobacteria,Bifidobacteriales,Bifidobacteriaceae,Bifidobacterium,None,Bacteria,Bacteroidetes,Bacteroidia,Bacteroidales,Rikenellaceae,Alistipes,None,0.024330900243309004
Bacteria,Actinobacteriota,Actinobacteria,Bifidobacteriales,Bifidobacteriaceae,Bifidobacterium,None,Bacteria,Bacteroidetes,Bacteroidia,Bacteroidales,Tannerellaceae,Parabacteroides,metagenome,0.0267639902676399
Bacteria,Actinobacteriota,Actinobacteria,Bifidobacteriales,Bifidobacteriaceae,Bifidobacterium,None,Bacteria,Firmicutes,Bacilli,Erysipelotrichales,Erysipelatoclostridiaceae,Erysipelatoclostridium,Clostridium_spiroforme_DSM_1552,0.0267639902676399
Bacteria,Actinobacteriota,Actinobacteria,Bifidobacteriales,Bifidobacteriaceae,Bifidobacterium,None,Bacteria,Firmicutes,Bacilli,Erysipelotrichales,Erysipelatoclostridiaceae,Erysipelotrichaceae_UCG-003,None,0.024330900243309004
Bacteria,Actinobacteriota,Actinobacteria,Bifidobacteriales,Bifidobacteriaceae,Bifidobacterium,None,Bacteria,Firmicutes,Bacilli,Erysipelotrichales,Erysipelotrichaceae,Clostridium_innocuum_group,None,0.024330900243309004
Bacteria,Actinobacteriota,Actinobacteria,Bifidobacteriales,Bifidobacteriaceae,Bifidobacterium,None,Bacteria,Firmicutes,Bacilli,Lactobacillales,Streptococcaceae,Streptococcus,Streptococcus_mutans,0.0267639902676399
Bacteria,Actinobacteriota,Actinobacteria,Bifidobacteriales,Bifidobacteriaceae,Bifidobacterium,None,Bacteria,Firmicutes,Bacilli,Lactobacillales,Streptococcaceae,Streptococcus,None,0.024330900243309004
Bacteria,Actinobacteriota,Actinobacteria,Bifidobacteriales,Bifidobacteriaceae,Bifidobacterium,None,Bacteria,Firmicutes,Bacilli,RF39,None,None,None,0.019464720194647202
Bacteria,Actinobacteriota,Actinobacteria,Bifidobacteriales,Bifidobacteriaceae,Bifidobacterium,None,Bacteria,Firmicutes,Bacilli,Staphylococcales,Staphylococcaceae,Staphylococcus,None,0.024330900243309004
Bacteria,Actinobacteriota,Actinobacteria,Bifidobacteriales,Bifidobacteriaceae,Bifidobacterium,None,Bacteria,Firmicutes,Clostridia,Clostridiales,Clostridiaceae,Clostridium_sensu_stricto_1,None,0.024330900243309004
Bacteria,Actinobacteriota,Actinobacteria,Bifidobacteriales,Bifidobacteriaceae,Bifidobacterium,None,Bacteria,Firmicutes,Clostridia,Lachnospirales,Lachnospiraceae,Agathobacter,None,0.024330900243309004
Bacteria,Actinobacteriota,Actinobacteria,Bifidobacteriales,Bifidobacteriaceae,Bifidobacterium,None,Bacteria,Firmicutes,Clostridia,Lachnospirales,Lachnospiraceae,Anaerostipes,uncultured_Lachnospiraceae_bacterium,0.0267639902676399
Bacteria,Actinobacteriota,Actinobacteria,Bifidobacteriales,Bifidobacteriaceae,Bifidobacterium,None,Bacteria,Firmicutes,Clostridia,Lachnospirales,Lachnospiraceae,Blautia,bacterium_mpn-isolate_group_20,0.0267639902676399
Bacteria,Actinobacteriota,Actinobacteria,Bifidobacteriales,Bifidobacteriaceae,Bifidobacterium,None,Bacteria,Firmicutes,Clostridia,Lachnospirales,Lachnospiraceae,Blautia,uncultured_Blautia_sp.,0.0267639902676399
Bacteria,Actinobacteriota,Actinobacteria,Bifidobacteriales,Bifidobacteriaceae,Bifidobacterium,None,Bacteria,Firmicutes,Clostridia,Lachnospirales,Lachnospiraceae,CAG-56,None,0.024330900243309004
Bacteria,Actinobacteriota,Actinobacteria,Bifidobacteriales,Bifidobacteriaceae,Bifidobacterium,None,Bacteria,Firmicutes,Clostridia,Lachnospirales,Lachnospiraceae,Coprococcus,None,0.024330900243309004
Bacteria,Actinobacteriota,Actinobacteria,Bifidobacteriales,Bifidobacteriaceae,Bifidobacterium,None,Bacteria,Firmicutes,Clostridia,Lachnospirales,Lachnospiraceae,Dorea,None,0.024330900243309004
Bacteria,Actinobacteriota,Actinobacteria,Bifidobacteriales,Bifidobacteriaceae,Bifidobacterium,None,Bacteria,Firmicutes,Clostridia,Lachnospirales,Lachnospiraceae,Fusicatenibacter,uncultured_Lachnospiraceae_bacterium,0.0267639902676399
Bacteria,Actinobacteriota,Actinobacteria,Bifidobacteriales,Bifidobacteriaceae,Bifidobacterium,None,Bacteria,Firmicutes,Clostridia,Lachnospirales,Lachnospiraceae,Lachnospira,uncultured_Lachnospiraceae_bacterium,0.0267639902676399
Bacteria,Actinobacteriota,Actinobacteria,Bifidobacteriales,Bifidobacteriaceae,Bifidobacterium,None,Bacteria,Firmicutes,Clostridia,Lachnospirales,Lachnospiraceae,Lachnospiraceae_NK4A136_group,None,0.024330900243309004
Bacteria,Actinobacteriota,Actinobacteria,Bifidobacteriales,Bifidobacteriaceae,Bifidobacterium,None,Bacteria,Firmicutes,Clostridia,Lachnospirales,Lachnospiraceae,Lachnospiraceae_UCG-001,uncultured_Firmicutes_bacterium,0.0267639902676399
Bacteria,Actinobacteriota,Actinobacteria,Bifidobacteriales,Bifidobacteriaceae,Bifidobacterium,None,Bacteria,Firmicutes,Clostridia,Lachnospirales,Lachnospiraceae,Roseburia,None,0.024330900243309004
Bacteria,Actinobacteriota,Actinobacteria,Bifidobacteriales,Bifidobacteriaceae,Bifidobacterium,None,Bacteria,Firmicutes,Clostridia,Lachnospirales,Lachnospiraceae,Eubacterium_eligens_group,None,0.024330900243309004
Bacteria,Actinobacteriota,Actinobacteria,Bifidobacteriales,Bifidobacteriaceae,Bifidobacterium,None,Bacteria,Firmicutes,Clostridia,Lachnospirales,Lachnospiraceae,Eubacterium_xylanophilum_group,None,0.024330900243309004
Bacteria,Actinobacteriota,Actinobacteria,Bifidobacteriales,Bifidobacteriaceae,Bifidobacterium,None,Bacteria,Firmicutes,Clostridia,Lachnospirales,Lachnospiraceae,Ruminococcus_gauvreauii_group,uncultured_Lachnospiraceae_bacterium,0.0267639902676399
Bacteria,Actinobacteriota,Actinobacteria,Bifidobacteriales,Bifidobacteriaceae,Bifidobacterium,None,Bacteria,Firmicutes,Clostridia,Lachnospirales,Lachnospiraceae,Ruminococcus_torques_group,Clostridiaceae_bacterium_LEMV78,0.0267639902676399
Bacteria,Actinobacteriota,Actinobacteria,Bifidobacteriales,Bifidobacteriaceae,Bifidobacterium,None,Bacteria,Firmicutes,Clostridia,Oscillospirales,Butyricicoccaceae,UCG-009,metagenome,0.0267639902676399
Bacteria,Actinobacteriota,Actinobacteria,Bifidobacteriales,Bifidobacteriaceae,Bifidobacterium,None,Bacteria,Firmicutes,Clostridia,Oscillospirales,Oscillospiraceae,Colidextribacter,None,0.024330900243309004
Bacteria,Actinobacteriota,Actinobacteria,Bifidobacteriales,Bifidobacteriaceae,Bifidobacterium,None,Bacteria,Firmicutes,Clostridia,Oscillospirales,Oscillospiraceae,Flavonifractor,None,0.024330900243309004
Bacteria,Actinobacteriota,Actinobacteria,Bifidobacteriales,Bifidobacteriaceae,Bifidobacterium,None,Bacteria,Firmicutes,Clostridia,Oscillospirales,Oscillospiraceae,NK4A214_group,metagenome,0.0267639902676399
Bacteria,Actinobacteriota,Actinobacteria,Bifidobacteriales,Bifidobacteriaceae,Bifidobacterium,None,Bacteria,Firmicutes,Clostridia,Oscillospirales,Oscillospiraceae,UCG-002,None,0.024330900243309004
Bacteria,Actinobacteriota,Actinobacteria,Bifidobacteriales,Bifidobacteriaceae,Bifidobacterium,None,Bacteria,Firmicutes,Clostridia,Oscillospirales,Oscillospiraceae,UCG-003,None,0.024330900243309004
Bacteria,Actinobacteriota,Actinobacteria,Bifidobacteriales,Bifidobacteriaceae,Bifidobacterium,None,Bacteria,Firmicutes,Clostridia,Oscillospirales,Oscillospiraceae,UCG-005,None,0.024330900243309004
Bacteria,Actinobacteriota,Actinobacteria,Bifidobacteriales,Bifidobacteriaceae,Bifidobacterium,None,Bacteria,Firmicutes,Clostridia,Oscillospirales,Ruminococcaceae,Candidatus_Soleaferrea,Neobitarella_massiliensis,0.0267639902676399
Bacteria,Actinobacteriota,Actinobacteria,Bifidobacteriales,Bifidobacteriaceae,Bifidobacterium,None,Bacteria,Firmicutes,Clostridia,Oscillospirales,Ruminococcaceae,Faecalibacterium,None,0.024330900243309004
Bacteria,Actinobacteriota,Actinobacteria,Bifidobacteriales,Bifidobacteriaceae,Bifidobacterium,None,Bacteria,Firmicutes,Clostridia,Oscillospirales,Ruminococcaceae,Incertae_Sedis,metagenome,0.0267639902676399
Bacteria,Actinobacteriota,Actinobacteria,Bifidobacteriales,Bifidobacteriaceae,Bifidobacterium,None,Bacteria,Firmicutes,Clostridia,Oscillospirales,Ruminococcaceae,Incertae_Sedis,None,0.024330900243309004
Bacteria,Actinobacteriota,Actinobacteria,Bifidobacteriales,Bifidobacteriaceae,Bifidobacterium,None,Bacteria,Firmicutes,Clostridia,Oscillospirales,Ruminococcaceae,Paludicola,metagenome,0.0267639902676399
Bacteria,Actinobacteriota,Actinobacteria,Bifidobacteriales,Bifidobacteriaceae,Bifidobacterium,None,Bacteria,Firmicutes,Clostridia,Oscillospirales,Ruminococcaceae,Ruminococcus,None,0.024330900243309004
Bacteria,Actinobacteriota,Actinobacteria,Bifidobacteriales,Bifidobacteriaceae,Bifidobacterium,None,Bacteria,Firmicutes,Clostridia,Oscillospirales,Ruminococcaceae,Subdoligranulum,None,0.024330900243309004
Bacteria,Actinobacteriota,Actinobacteria,Bifidobacteriales,Bifidobacteriaceae,Bifidobacterium,None,Bacteria,Firmicutes,Clostridia,Oscillospirales,Ruminococcaceae,UBA1819,None,0.024330900243309004
Bacteria,Actinobacteriota,Actinobacteria,Bifidobacteriales,Bifidobacteriaceae,Bifidobacterium,None,Bacteria,Firmicutes,Clostridia,Oscillospirales,Ruminococcaceae,None,None,0.021897810218978103
Bacteria,Actinobacteriota,Actinobacteria,Bifidobacteriales,Bifidobacteriaceae,Bifidobacterium,None,Bacteria,Firmicutes,Clostridia,Oscillospirales,Eubacterium_coprostanoligenes_group,metagenome,None,0.024330900243309004
Bacteria,Actinobacteriota,Actinobacteria,Bifidobacteriales,Bifidobacteriaceae,Bifidobacterium,None,Bacteria,Firmicutes,Clostridia,Oscillospirales,Eubacterium_coprostanoligenes_group,uncultured_Clostridiales_bacterium,None,0.024330900243309004
Bacteria,Actinobacteriota,Actinobacteria,Bifidobacteriales,Bifidobacteriaceae,Bifidobacterium,None,Bacteria,Firmicutes,Clostridia,Oscillospirales,None,None,None,0.019464720194647202
Bacteria,Actinobacteriota,Actinobacteria,Bifidobacteriales,Bifidobacteriaceae,Bifidobacterium,None,Bacteria,Firmicutes,Clostridia,Peptostreptococcales-Tissierellales,Peptostreptococcaceae,Romboutsia,None,0.024330900243309004
Bacteria,Actinobacteriota,Actinobacteria,Bifidobacteriales,Bifidobacteriaceae,Bifidobacterium,None,Bacteria,Firmicutes,Clostridia,None,None,None,None,0.0170316301703163
Bacteria,Actinobacteriota,Actinobacteria,Bifidobacteriales,Bifidobacteriaceae,Bifidobacterium,None,Bacteria,Firmicutes,Negativicutes,Acidaminococcales,Acidaminococcaceae,Phascolarctobacterium,None,0.024330900243309004
Bacteria,Actinobacteriota,Actinobacteria,Bifidobacteriales,Bifidobacteriaceae,Bifidobacterium,None,Bacteria,Firmicutes,Negativicutes,Veillonellales-Selenomonadales,Veillonellaceae,Veillonella,None,0.024330900243309004
Bacteria,Actinobacteriota,Actinobacteria,Bifidobacteriales,Bifidobacteriaceae,Bifidobacterium,None,Bacteria,Fusobacteriota,Fusobacteriia,Fusobacteriales,Fusobacteriaceae,Fusobacterium,None,0.024330900243309004
Bacteria,Actinobacteriota,Actinobacteria,Bifidobacteriales,Bifidobacteriaceae,Bifidobacterium,None,Bacteria,Proteobacteria,Gammaproteobacteria,Burkholderiales,Neisseriaceae,Neisseria,None,0.024330900243309004
Bacteria,Actinobacteriota,Actinobacteria,Bifidobacteriales,Bifidobacteriaceae,Bifidobacterium,None,Bacteria,Proteobacteria,Gammaproteobacteria,Enterobacterales,Enterobacteriaceae,None,None,0.021897810218978103
Bacteria,Actinobacteriota,Actinobacteria,Bifidobacteriales,Bifidobacteriaceae,Bifidobacterium,None,Bacteria,Proteobacteria,Gammaproteobacteria,Pasteurellales,Pasteurellaceae,Haemophilus,None,0.024330900243309004
Bacteria,Actinobacteriota,Actinobacteria,Bifidobacteriales,Bifidobacteriaceae,Bifidobacterium,None,Bacteria,Proteobacteria,Gammaproteobacteria,Pseudomonadales,Moraxellaceae,Acinetobacter,None,0.024330900243309004
Bacteria,Actinobacteriota,Actinobacteria,Bifidobacteriales,Bifidobacteriaceae,Bifidobacterium,None,Bacteria,Proteobacteria,Gammaproteobacteria,Pseudomonadales,Pseudomonadaceae,Pseudomonas,None,0.024330900243309004
Bacteria,Actinobacteriota,Actinobacteria,Bifidobacteriales,Bifidobacteriaceae,Bifidobacterium,None,Bacteria,Verrucomicrobiota,Verrucomicrobiae,Verrucomicrobiales,Akkermansiaceae,Akkermansia,None,0.024330900243309004
Bacteria,Actinobacteriota,Coriobacteriia,Coriobacteriales,Eggerthellaceae,None,None,Bacteria,Bacteroidetes,Bacteroidia,Bacteroidales,Bacteroidaceae,Bacteroides,Bacteroides_stercoris_ATCC_43183,0.024330900243309004
Bacteria,Actinobacteriota,Coriobacteriia,Coriobacteriales,Eggerthellaceae,None,None,Bacteria,Bacteroidetes,Bacteroidia,Bacteroidales,Bacteroidaceae,Bacteroides,Bacteroides_uniformis,0.024330900243309004
Bacteria,Actinobacteriota,Coriobacteriia,Coriobacteriales,Eggerthellaceae,None,None,Bacteria,Bacteroidetes,Bacteroidia,Bacteroidales,Bacteroidaceae,Bacteroides,None,0.021897810218978103
Bacteria,Actinobacteriota,Coriobacteriia,Coriobacteriales,Eggerthellaceae,None,None,Bacteria,Bacteroidetes,Bacteroidia,Bacteroidales,Barnesiellaceae,Barnesiella,None,0.021897810218978103
Bacteria,Actinobacteriota,Coriobacteriia,Coriobacteriales,Eggerthellaceae,None,None,Bacteria,Bacteroidetes,Bacteroidia,Bacteroidales,Marinifilaceae,Butyricimonas,None,0.021897810218978103
Bacteria,Actinobacteriota,Coriobacteriia,Coriobacteriales,Eggerthellaceae,None,None,Bacteria,Bacteroidetes,Bacteroidia,Bacteroidales,Marinifilaceae,Odoribacter,None,0.021897810218978103
Bacteria,Actinobacteriota,Coriobacteriia,Coriobacteriales,Eggerthellaceae,None,None,Bacteria,Bacteroidetes,Bacteroidia,Bacteroidales,Muribaculaceae,metagenome,None,0.021897810218978103
Bacteria,Actinobacteriota,Coriobacteriia,Coriobacteriales,Eggerthellaceae,None,None,Bacteria,Bacteroidetes,Bacteroidia,Bacteroidales,Rikenellaceae,Alistipes,Alistipes_ihumii_AP11,0.024330900243309004
Bacteria,Actinobacteriota,Coriobacteriia,Coriobacteriales,Eggerthellaceae,None,None,Bacteria,Bacteroidetes,Bacteroidia,Bacteroidales,Rikenellaceae,Alistipes,None,0.021897810218978103
Bacteria,Actinobacteriota,Coriobacteriia,Coriobacteriales,Eggerthellaceae,None,None,Bacteria,Bacteroidetes,Bacteroidia,Bacteroidales,Tannerellaceae,Parabacteroides,metagenome,0.024330900243309004
Bacteria,Actinobacteriota,Coriobacteriia,Coriobacteriales,Eggerthellaceae,None,None,Bacteria,Firmicutes,Bacilli,Erysipelotrichales,Erysipelatoclostridiaceae,Erysipelatoclostridium,Clostridium_spiroforme_DSM_1552,0.024330900243309004
Bacteria,Actinobacteriota,Coriobacteriia,Coriobacteriales,Eggerthellaceae,None,None,Bacteria,Firmicutes,Bacilli,Erysipelotrichales,Erysipelatoclostridiaceae,Erysipelotrichaceae_UCG-003,None,0.021897810218978103
Bacteria,Actinobacteriota,Coriobacteriia,Coriobacteriales,Eggerthellaceae,None,None,Bacteria,Firmicutes,Bacilli,Erysipelotrichales,Erysipelotrichaceae,Clostridium_innocuum_group,None,0.021897810218978103
Bacteria,Actinobacteriota,Coriobacteriia,Coriobacteriales,Eggerthellaceae,None,None,Bacteria,Firmicutes,Bacilli,Lactobacillales,Streptococcaceae,Streptococcus,Streptococcus_mutans,0.024330900243309004
Bacteria,Actinobacteriota,Coriobacteriia,Coriobacteriales,Eggerthellaceae,None,None,Bacteria,Firmicutes,Bacilli,Lactobacillales,Streptococcaceae,Streptococcus,None,0.021897810218978103
Bacteria,Actinobacteriota,Coriobacteriia,Coriobacteriales,Eggerthellaceae,None,None,Bacteria,Firmicutes,Bacilli,RF39,None,None,None,0.0170316301703163
Bacteria,Actinobacteriota,Coriobacteriia,Coriobacteriales,Eggerthellaceae,None,None,Bacteria,Firmicutes,Bacilli,Staphylococcales,Staphylococcaceae,Staphylococcus,None,0.021897810218978103
Bacteria,Actinobacteriota,Coriobacteriia,Coriobacteriales,Eggerthellaceae,None,None,Bacteria,Firmicutes,Clostridia,Clostridiales,Clostridiaceae,Clostridium_sensu_stricto_1,None,0.021897810218978103
Bacteria,Actinobacteriota,Coriobacteriia,Coriobacteriales,Eggerthellaceae,None,None,Bacteria,Firmicutes,Clostridia,Lachnospirales,Lachnospiraceae,Agathobacter,None,0.021897810218978103
Bacteria,Actinobacteriota,Coriobacteriia,Coriobacteriales,Eggerthellaceae,None,None,Bacteria,Firmicutes,Clostridia,Lachnospirales,Lachnospiraceae,Anaerostipes,uncultured_Lachnospiraceae_bacterium,0.024330900243309004
Bacteria,Actinobacteriota,Coriobacteriia,Coriobacteriales,Eggerthellaceae,None,None,Bacteria,Firmicutes,Clostridia,Lachnospirales,Lachnospiraceae,Blautia,bacterium_mpn-isolate_group_20,0.024330900243309004
Bacteria,Actinobacteriota,Coriobacteriia,Coriobacteriales,Eggerthellaceae,None,None,Bacteria,Firmicutes,Clostridia,Lachnospirales,Lachnospiraceae,Blautia,uncultured_Blautia_sp.,0.024330900243309004
Bacteria,Actinobacteriota,Coriobacteriia,Coriobacteriales,Eggerthellaceae,None,None,Bacteria,Firmicutes,Clostridia,Lachnospirales,Lachnospiraceae,CAG-56,None,0.021897810218978103
Bacteria,Actinobacteriota,Coriobacteriia,Coriobacteriales,Eggerthellaceae,None,None,Bacteria,Firmicutes,Clostridia,Lachnospirales,Lachnospiraceae,Coprococcus,None,0.021897810218978103
Bacteria,Actinobacteriota,Coriobacteriia,Coriobacteriales,Eggerthellaceae,None,None,Bacteria,Firmicutes,Clostridia,Lachnospirales,Lachnospiraceae,Dorea,None,0.021897810218978103
Bacteria,Actinobacteriota,Coriobacteriia,Coriobacteriales,Eggerthellaceae,None,None,Bacteria,Firmicutes,Clostridia,Lachnospirales,Lachnospiraceae,Fusicatenibacter,uncultured_Lachnospiraceae_bacterium,0.024330900243309004
Bacteria,Actinobacteriota,Coriobacteriia,Coriobacteriales,Eggerthellaceae,None,None,Bacteria,Firmicutes,Clostridia,Lachnospirales,Lachnospiraceae,Lachnospira,uncultured_Lachnospiraceae_bacterium,0.024330900243309004
Bacteria,Actinobacteriota,Coriobacteriia,Coriobacteriales,Eggerthellaceae,None,None,Bacteria,Firmicutes,Clostridia,Lachnospirales,Lachnospiraceae,Lachnospiraceae_NK4A136_group,None,0.021897810218978103
Bacteria,Actinobacteriota,Coriobacteriia,Coriobacteriales,Eggerthellaceae,None,None,Bacteria,Firmicutes,Clostridia,Lachnospirales,Lachnospiraceae,Lachnospiraceae_UCG-001,uncultured_Firmicutes_bacterium,0.024330900243309004
Bacteria,Actinobacteriota,Coriobacteriia,Coriobacteriales,Eggerthellaceae,None,None,Bacteria,Firmicutes,Clostridia,Lachnospirales,Lachnospiraceae,Roseburia,None,0.021897810218978103
Bacteria,Actinobacteriota,Coriobacteriia,Coriobacteriales,Eggerthellaceae,None,None,Bacteria,Firmicutes,Clostridia,Lachnospirales,Lachnospiraceae,Eubacterium_eligens_group,None,0.021897810218978103
Bacteria,Actinobacteriota,Coriobacteriia,Coriobacteriales,Eggerthellaceae,None,None,Bacteria,Firmicutes,Clostridia,Lachnospirales,Lachnospiraceae,Eubacterium_xylanophilum_group,None,0.021897810218978103
Bacteria,Actinobacteriota,Coriobacteriia,Coriobacteriales,Eggerthellaceae,None,None,Bacteria,Firmicutes,Clostridia,Lachnospirales,Lachnospiraceae,Ruminococcus_gauvreauii_group,uncultured_Lachnospiraceae_bacterium,0.024330900243309004
Bacteria,Actinobacteriota,Coriobacteriia,Coriobacteriales,Eggerthellaceae,None,None,Bacteria,Firmicutes,Clostridia,Lachnospirales,Lachnospiraceae,Ruminococcus_torques_group,Clostridiaceae_bacterium_LEMV78,0.024330900243309004
Bacteria,Actinobacteriota,Coriobacteriia,Coriobacteriales,Eggerthellaceae,None,None,Bacteria,Firmicutes,Clostridia,Oscillospirales,Butyricicoccaceae,UCG-009,metagenome,0.024330900243309004
Bacteria,Actinobacteriota,Coriobacteriia,Coriobacteriales,Eggerthellaceae,None,None,Bacteria,Firmicutes,Clostridia,Oscillospirales,Oscillospiraceae,Colidextribacter,None,0.021897810218978103
Bacteria,Actinobacteriota,Coriobacteriia,Coriobacteriales,Eggerthellaceae,None,None,Bacteria,Firmicutes,Clostridia,Oscillospirales,Oscillospiraceae,Flavonifractor,None,0.021897810218978103
Bacteria,Actinobacteriota,Coriobacteriia,Coriobacteriales,Eggerthellaceae,None,None,Bacteria,Firmicutes,Clostridia,Oscillospirales,Oscillospiraceae,NK4A214_group,metagenome,0.024330900243309004
Bacteria,Actinobacteriota,Coriobacteriia,Coriobacteriales,Eggerthellaceae,None,None,Bacteria,Firmicutes,Clostridia,Oscillospirales,Oscillospiraceae,UCG-002,None,0.021897810218978103
Bacteria,Actinobacteriota,Coriobacteriia,Coriobacteriales,Eggerthellaceae,None,None,Bacteria,Firmicutes,Clostridia,Oscillospirales,Oscillospiraceae,UCG-003,None,0.021897810218978103
Bacteria,Actinobacteriota,Coriobacteriia,Coriobacteriales,Eggerthellaceae,None,None,Bacteria,Firmicutes,Clostridia,Oscillospirales,Oscillospiraceae,UCG-005,None,0.021897810218978103
Bacteria,Actinobacteriota,Coriobacteriia,Coriobacteriales,Eggerthellaceae,None,None,Bacteria,Firmicutes,Clostridia,Oscillospirales,Ruminococcaceae,Candidatus_Soleaferrea,Neobitarella_massiliensis,0.024330900243309004
Bacteria,Actinobacteriota,Coriobacteriia,Coriobacteriales,Eggerthellaceae,None,None,Bacteria,Firmicutes,Clostridia,Oscillospirales,Ruminococcaceae,Faecalibacterium,None,0.021897810218978103
Bacteria,Actinobacteriota,Coriobacteriia,Coriobacteriales,Eggerthellaceae,None,None,Bacteria,Firmicutes,Clostridia,Oscillospirales,Ruminococcaceae,Incertae_Sedis,metagenome,0.024330900243309004
Bacteria,Actinobacteriota,Coriobacteriia,Coriobacteriales,Eggerthellaceae,None,None,Bacteria,Firmicutes,Clostridia,Oscillospirales,Ruminococcaceae,Incertae_Sedis,None,0.021897810218978103
Bacteria,Actinobacteriota,Coriobacteriia,Coriobacteriales,Eggerthellaceae,None,None,Bacteria,Firmicutes,Clostridia,Oscillospirales,Ruminococcaceae,Paludicola,metagenome,0.024330900243309004
Bacteria,Actinobacteriota,Coriobacteriia,Coriobacteriales,Eggerthellaceae,None,None,Bacteria,Firmicutes,Clostridia,Oscillospirales,Ruminococcaceae,Ruminococcus,None,0.021897810218978103
Bacteria,Actinobacteriota,Coriobacteriia,Coriobacteriales,Eggerthellaceae,None,None,Bacteria,Firmicutes,Clostridia,Oscillospirales,Ruminococcaceae,Subdoligranulum,None,0.021897810218978103
Bacteria,Actinobacteriota,Coriobacteriia,Coriobacteriales,Eggerthellaceae,None,None,Bacteria,Firmicutes,Clostridia,Oscillospirales,Ruminococcaceae,UBA1819,None,0.021897810218978103
Bacteria,Actinobacteriota,Coriobacteriia,Coriobacteriales,Eggerthellaceae,None,None,Bacteria,Firmicutes,Clostridia,Oscillospirales,Ruminococcaceae,None,None,0.019464720194647202
Bacteria,Actinobacteriota,Coriobacteriia,Coriobacteriales,Eggerthellaceae,None,None,Bacteria,Firmicutes,Clostridia,Oscillospirales,Eubacterium_coprostanoligenes_group,metagenome,None,0.021897810218978103
Bacteria,Actinobacteriota,Coriobacteriia,Coriobacteriales,Eggerthellaceae,None,None,Bacteria,Firmicutes,Clostridia,Oscillospirales,Eubacterium_coprostanoligenes_group,uncultured_Clostridiales_bacterium,None,0.021897810218978103
Bacteria,Actinobacteriota,Coriobacteriia,Coriobacteriales,Eggerthellaceae,None,None,Bacteria,Firmicutes,Clostridia,Oscillospirales,None,None,None,0.0170316301703163
Bacteria,Actinobacteriota,Coriobacteriia,Coriobacteriales,Eggerthellaceae,None,None,Bacteria,Firmicutes,Clostridia,Peptostreptococcales-Tissierellales,Peptostreptococcaceae,Romboutsia,None,0.021897810218978103
Bacteria,Actinobacteriota,Coriobacteriia,Coriobacteriales,Eggerthellaceae,None,None,Bacteria,Firmicutes,Clostridia,None,None,None,None,0.014598540145985401
Bacteria,Actinobacteriota,Coriobacteriia,Coriobacteriales,Eggerthellaceae,None,None,Bacteria,Firmicutes,Negativicutes,Acidaminococcales,Acidaminococcaceae,Phascolarctobacterium,None,0.021897810218978103
Bacteria,Actinobacteriota,Coriobacteriia,Coriobacteriales,Eggerthellaceae,None,None,Bacteria,Firmicutes,Negativicutes,Veillonellales-Selenomonadales,Veillonellaceae,Veillonella,None,0.021897810218978103
Bacteria,Actinobacteriota,Coriobacteriia,Coriobacteriales,Eggerthellaceae,None,None,Bacteria,Fusobacteriota,Fusobacteriia,Fusobacteriales,Fusobacteriaceae,Fusobacterium,None,0.021897810218978103
Bacteria,Actinobacteriota,Coriobacteriia,Coriobacteriales,Eggerthellaceae,None,None,Bacteria,Proteobacteria,Gammaproteobacteria,Burkholderiales,Neisseriaceae,Neisseria,None,0.021897810218978103
Bacteria,Actinobacteriota,Coriobacteriia,Coriobacteriales,Eggerthellaceae,None,None,Bacteria,Proteobacteria,Gammaproteobacteria,Enterobacterales,Enterobacteriaceae,None,None,0.019464720194647202
Bacteria,Actinobacteriota,Coriobacteriia,Coriobacteriales,Eggerthellaceae,None,None,Bacteria,Proteobacteria,Gammaproteobacteria,Pasteurellales,Pasteurellaceae,Haemophilus,None,0.021897810218978103
Bacteria,Actinobacteriota,Coriobacteriia,Coriobacteriales,Eggerthellaceae,None,None,Bacteria,Proteobacteria,Gammaproteobacteria,Pseudomonadales,Moraxellaceae,Acinetobacter,None,0.021897810218978103
Bacteria,Actinobacteriota,Coriobacteriia,Coriobacteriales,Eggerthellaceae,None,None,Bacteria,Proteobacteria,Gammaproteobacteria,Pseudomonadales,Pseudomonadaceae,Pseudomonas,None,0.021897810218978103
Bacteria,Actinobacteriota,Coriobacteriia,Coriobacteriales,Eggerthellaceae,None,None,Bacteria,Verrucomicrobiota,Verrucomicrobiae,Verrucomicrobiales,Akkermansiaceae,Akkermansia,None,0.021897810218978103
Bacteria,Bacteroidetes,Bacteroidia,Bacteroidales,Bacteroidaceae,Bacteroides,Bacteroides_stercoris_ATCC_43183,Bacteria,Bacteroidetes,Bacteroidia,Bacteroidales,Bacteroidaceae,Bacteroides,Bacteroides_uniformis,0.004866180048661801
Bacteria,Bacteroidetes,Bacteroidia,Bacteroidales,Bacteroidaceae,Bacteroides,Bacteroides_stercoris_ATCC_43183,Bacteria,Bacteroidetes,Bacteroidia,Bacteroidales,Bacteroidaceae,Bacteroides,None,0.0024330900243309003
Bacteria,Bacteroidetes,Bacteroidia,Bacteroidales,Bacteroidaceae,Bacteroides,Bacteroides_stercoris_ATCC_43183,Bacteria,Bacteroidetes,Bacteroidia,Bacteroidales,Barnesiellaceae,Barnesiella,None,0.012165450121654502
Bacteria,Bacteroidetes,Bacteroidia,Bacteroidales,Bacteroidaceae,Bacteroides,Bacteroides_stercoris_ATCC_43183,Bacteria,Bacteroidetes,Bacteroidia,Bacteroidales,Marinifilaceae,Butyricimonas,None,0.012165450121654502
Bacteria,Bacteroidetes,Bacteroidia,Bacteroidales,Bacteroidaceae,Bacteroides,Bacteroides_stercoris_ATCC_43183,Bacteria,Bacteroidetes,Bacteroidia,Bacteroidales,Marinifilaceae,Odoribacter,None,0.012165450121654502
Bacteria,Bacteroidetes,Bacteroidia,Bacteroidales,Bacteroidaceae,Bacteroides,Bacteroides_stercoris_ATCC_43183,Bacteria,Bacteroidetes,Bacteroidia,Bacteroidales,Muribaculaceae,metagenome,None,0.012165450121654502
Bacteria,Bacteroidetes,Bacteroidia,Bacteroidales,Bacteroidaceae,Bacteroides,Bacteroides_stercoris_ATCC_43183,Bacteria,Bacteroidetes,Bacteroidia,Bacteroidales,Rikenellaceae,Alistipes,Alistipes_ihumii_AP11,0.014598540145985401
Bacteria,Bacteroidetes,Bacteroidia,Bacteroidales,Bacteroidaceae,Bacteroides,Bacteroides_stercoris_ATCC_43183,Bacteria,Bacteroidetes,Bacteroidia,Bacteroidales,Rikenellaceae,Alistipes,None,0.012165450121654502
Bacteria,Bacteroidetes,Bacteroidia,Bacteroidales,Bacteroidaceae,Bacteroides,Bacteroides_stercoris_ATCC_43183,Bacteria,Bacteroidetes,Bacteroidia,Bacteroidales,Tannerellaceae,Parabacteroides,metagenome,0.014598540145985401
Bacteria,Bacteroidetes,Bacteroidia,Bacteroidales,Bacteroidaceae,Bacteroides,Bacteroides_stercoris_ATCC_43183,Bacteria,Firmicutes,Bacilli,Erysipelotrichales,Erysipelatoclostridiaceae,Erysipelatoclostridium,Clostridium_spiroforme_DSM_1552,0.029197080291970802
Bacteria,Bacteroidetes,Bacteroidia,Bacteroidales,Bacteroidaceae,Bacteroides,Bacteroides_stercoris_ATCC_43183,Bacteria,Firmicutes,Bacilli,Erysipelotrichales,Erysipelatoclostridiaceae,Erysipelotrichaceae_UCG-003,None,0.0267639902676399
Bacteria,Bacteroidetes,Bacteroidia,Bacteroidales,Bacteroidaceae,Bacteroides,Bacteroides_stercoris_ATCC_43183,Bacteria,Firmicutes,Bacilli,Erysipelotrichales,Erysipelotrichaceae,Clostridium_innocuum_group,None,0.0267639902676399
Bacteria,Bacteroidetes,Bacteroidia,Bacteroidales,Bacteroidaceae,Bacteroides,Bacteroides_stercoris_ATCC_43183,Bacteria,Firmicutes,Bacilli,Lactobacillales,Streptococcaceae,Streptococcus,Streptococcus_mutans,0.029197080291970802
Bacteria,Bacteroidetes,Bacteroidia,Bacteroidales,Bacteroidaceae,Bacteroides,Bacteroides_stercoris_ATCC_43183,Bacteria,Firmicutes,Bacilli,Lactobacillales,Streptococcaceae,Streptococcus,None,0.0267639902676399
Bacteria,Bacteroidetes,Bacteroidia,Bacteroidales,Bacteroidaceae,Bacteroides,Bacteroides_stercoris_ATCC_43183,Bacteria,Firmicutes,Bacilli,RF39,None,None,None,0.021897810218978103
Bacteria,Bacteroidetes,Bacteroidia,Bacteroidales,Bacteroidaceae,Bacteroides,Bacteroides_stercoris_ATCC_43183,Bacteria,Firmicutes,Bacilli,Staphylococcales,Staphylococcaceae,Staphylococcus,None,0.0267639902676399
Bacteria,Bacteroidetes,Bacteroidia,Bacteroidales,Bacteroidaceae,Bacteroides,Bacteroides_stercoris_ATCC_43183,Bacteria,Firmicutes,Clostridia,Clostridiales,Clostridiaceae,Clostridium_sensu_stricto_1,None,0.0267639902676399
Bacteria,Bacteroidetes,Bacteroidia,Bacteroidales,Bacteroidaceae,Bacteroides,Bacteroides_stercoris_ATCC_43183,Bacteria,Firmicutes,Clostridia,Lachnospirales,Lachnospiraceae,Agathobacter,None,0.0267639902676399
Bacteria,Bacteroidetes,Bacteroidia,Bacteroidales,Bacteroidaceae,Bacteroides,Bacteroides_stercoris_ATCC_43183,Bacteria,Firmicutes,Clostridia,Lachnospirales,Lachnospiraceae,Anaerostipes,uncultured_Lachnospiraceae_bacterium,0.029197080291970802
Bacteria,Bacteroidetes,Bacteroidia,Bacteroidales,Bacteroidaceae,Bacteroides,Bacteroides_stercoris_ATCC_43183,Bacteria,Firmicutes,Clostridia,Lachnospirales,Lachnospiraceae,Blautia,bacterium_mpn-isolate_group_20,0.029197080291970802
Bacteria,Bacteroidetes,Bacteroidia,Bacteroidales,Bacteroidaceae,Bacteroides,Bacteroides_stercoris_ATCC_43183,Bacteria,Firmicutes,Clostridia,Lachnospirales,Lachnospiraceae,Blautia,uncultured_Blautia_sp.,0.029197080291970802
Bacteria,Bacteroidetes,Bacteroidia,Bacteroidales,Bacteroidaceae,Bacteroides,Bacteroides_stercoris_ATCC_43183,Bacteria,Firmicutes,Clostridia,Lachnospirales,Lachnospiraceae,CAG-56,None,0.0267639902676399
Bacteria,Bacteroidetes,Bacteroidia,Bacteroidales,Bacteroidaceae,Bacteroides,Bacteroides_stercoris_ATCC_43183,Bacteria,Firmicutes,Clostridia,Lachnospirales,Lachnospiraceae,Coprococcus,None,0.0267639902676399
Bacteria,Bacteroidetes,Bacteroidia,Bacteroidales,Bacteroidaceae,Bacteroides,Bacteroides_stercoris_ATCC_43183,Bacteria,Firmicutes,Clostridia,Lachnospirales,Lachnospiraceae,Dorea,None,0.0267639902676399
Bacteria,Bacteroidetes,Bacteroidia,Bacteroidales,Bacteroidaceae,Bacteroides,Bacteroides_stercoris_ATCC_43183,Bacteria,Firmicutes,Clostridia,Lachnospirales,Lachnospiraceae,Fusicatenibacter,uncultured_Lachnospiraceae_bacterium,0.029197080291970802
Bacteria,Bacteroidetes,Bacteroidia,Bacteroidales,Bacteroidaceae,Bacteroides,Bacteroides_stercoris_ATCC_43183,Bacteria,Firmicutes,Clostridia,Lachnospirales,Lachnospiraceae,Lachnospira,uncultured_Lachnospiraceae_bacterium,0.029197080291970802
Bacteria,Bacteroidetes,Bacteroidia,Bacteroidales,Bacteroidaceae,Bacteroides,Bacteroides_stercoris_ATCC_43183,Bacteria,Firmicutes,Clostridia,Lachnospirales,Lachnospiraceae,Lachnospiraceae_NK4A136_group,None,0.0267639902676399
Bacteria,Bacteroidetes,Bacteroidia,Bacteroidales,Bacteroidaceae,Bacteroides,Bacteroides_stercoris_ATCC_43183,Bacteria,Firmicutes,Clostridia,Lachnospirales,Lachnospiraceae,Lachnospiraceae_UCG-001,uncultured_Firmicutes_bacterium,0.029197080291970802
Bacteria,Bacteroidetes,Bacteroidia,Bacteroidales,Bacteroidaceae,Bacteroides,Bacteroides_stercoris_ATCC_43183,Bacteria,Firmicutes,Clostridia,Lachnospirales,Lachnospiraceae,Roseburia,None,0.0267639902676399
Bacteria,Bacteroidetes,Bacteroidia,Bacteroidales,Bacteroidaceae,Bacteroides,Bacteroides_stercoris_ATCC_43183,Bacteria,Firmicutes,Clostridia,Lachnospirales,Lachnospiraceae,Eubacterium_eligens_group,None,0.0267639902676399
Bacteria,Bacteroidetes,Bacteroidia,Bacteroidales,Bacteroidaceae,Bacteroides,Bacteroides_stercoris_ATCC_43183,Bacteria,Firmicutes,Clostridia,Lachnospirales,Lachnospiraceae,Eubacterium_xylanophilum_group,None,0.0267639902676399
Bacteria,Bacteroidetes,Bacteroidia,Bacteroidales,Bacteroidaceae,Bacteroides,Bacteroides_stercoris_ATCC_43183,Bacteria,Firmicutes,Clostridia,Lachnospirales,Lachnospiraceae,Ruminococcus_gauvreauii_group,uncultured_Lachnospiraceae_bacterium,0.029197080291970802
Bacteria,Bacteroidetes,Bacteroidia,Bacteroidales,Bacteroidaceae,Bacteroides,Bacteroides_stercoris_ATCC_43183,Bacteria,Firmicutes,Clostridia,Lachnospirales,Lachnospiraceae,Ruminococcus_torques_group,Clostridiaceae_bacterium_LEMV78,0.029197080291970802
Bacteria,Bacteroidetes,Bacteroidia,Bacteroidales,Bacteroidaceae,Bacteroides,Bacteroides_stercoris_ATCC_43183,Bacteria,Firmicutes,Clostridia,Oscillospirales,Butyricicoccaceae,UCG-009,metagenome,0.029197080291970802
Bacteria,Bacteroidetes,Bacteroidia,Bacteroidales,Bacteroidaceae,Bacteroides,Bacteroides_stercoris_ATCC_43183,Bacteria,Firmicutes,Clostridia,Oscillospirales,Oscillospiraceae,Colidextribacter,None,0.0267639902676399
Bacteria,Bacteroidetes,Bacteroidia,Bacteroidales,Bacteroidaceae,Bacteroides,Bacteroides_stercoris_ATCC_43183,Bacteria,Firmicutes,Clostridia,Oscillospirales,Oscillospiraceae,Flavonifractor,None,0.0267639902676399
Bacteria,Bacteroidetes,Bacteroidia,Bacteroidales,Bacteroidaceae,Bacteroides,Bacteroides_stercoris_ATCC_43183,Bacteria,Firmicutes,Clostridia,Oscillospirales,Oscillospiraceae,NK4A214_group,metagenome,0.029197080291970802
Bacteria,Bacteroidetes,Bacteroidia,Bacteroidales,Bacteroidaceae,Bacteroides,Bacteroides_stercoris_ATCC_43183,Bacteria,Firmicutes,Clostridia,Oscillospirales,Oscillospiraceae,UCG-002,None,0.0267639902676399
Bacteria,Bacteroidetes,Bacteroidia,Bacteroidales,Bacteroidaceae,Bacteroides,Bacteroides_stercoris_ATCC_43183,Bacteria,Firmicutes,Clostridia,Oscillospirales,Oscillospiraceae,UCG-003,None,0.0267639902676399
Bacteria,Bacteroidetes,Bacteroidia,Bacteroidales,Bacteroidaceae,Bacteroides,Bacteroides_stercoris_ATCC_43183,Bacteria,Firmicutes,Clostridia,Oscillospirales,Oscillospiraceae,UCG-005,None,0.0267639902676399
Bacteria,Bacteroidetes,Bacteroidia,Bacteroidales,Bacteroidaceae,Bacteroides,Bacteroides_stercoris_ATCC_43183,Bacteria,Firmicutes,Clostridia,Oscillospirales,Ruminococcaceae,Candidatus_Soleaferrea,Neobitarella_massiliensis,0.029197080291970802
Bacteria,Bacteroidetes,Bacteroidia,Bacteroidales,Bacteroidaceae,Bacteroides,Bacteroides_stercoris_ATCC_43183,Bacteria,Firmicutes,Clostridia,Oscillospirales,Ruminococcaceae,Faecalibacterium,None,0.0267639902676399
Bacteria,Bacteroidetes,Bacteroidia,Bacteroidales,Bacteroidaceae,Bacteroides,Bacteroides_stercoris_ATCC_43183,Bacteria,Firmicutes,Clostridia,Oscillospirales,Ruminococcaceae,Incertae_Sedis,metagenome,0.029197080291970802
Bacteria,Bacteroidetes,Bacteroidia,Bacteroidales,Bacteroidaceae,Bacteroides,Bacteroides_stercoris_ATCC_43183,Bacteria,Firmicutes,Clostridia,Oscillospirales,Ruminococcaceae,Incertae_Sedis,None,0.0267639902676399
Bacteria,Bacteroidetes,Bacteroidia,Bacteroidales,Bacteroidaceae,Bacteroides,Bacteroides_stercoris_ATCC_43183,Bacteria,Firmicutes,Clostridia,Oscillospirales,Ruminococcaceae,Paludicola,metagenome,0.029197080291970802
Bacteria,Bacteroidetes,Bacteroidia,Bacteroidales,Bacteroidaceae,Bacteroides,Bacteroides_stercoris_ATCC_43183,Bacteria,Firmicutes,Clostridia,Oscillospirales,Ruminococcaceae,Ruminococcus,None,0.0267639902676399
Bacteria,Bacteroidetes,Bacteroidia,Bacteroidales,Bacteroidaceae,Bacteroides,Bacteroides_stercoris_ATCC_43183,Bacteria,Firmicutes,Clostridia,Oscillospirales,Ruminococcaceae,Subdoligranulum,None,0.0267639902676399
Bacteria,Bacteroidetes,Bacteroidia,Bacteroidales,Bacteroidaceae,Bacteroides,Bacteroides_stercoris_ATCC_43183,Bacteria,Firmicutes,Clostridia,Oscillospirales,Ruminococcaceae,UBA1819,None,0.0267639902676399
Bacteria,Bacteroidetes,Bacteroidia,Bacteroidales,Bacteroidaceae,Bacteroides,Bacteroides_stercoris_ATCC_43183,Bacteria,Firmicutes,Clostridia,Oscillospirales,Ruminococcaceae,None,None,0.024330900243309004
Bacteria,Bacteroidetes,Bacteroidia,Bacteroidales,Bacteroidaceae,Bacteroides,Bacteroides_stercoris_ATCC_43183,Bacteria,Firmicutes,Clostridia,Oscillospirales,Eubacterium_coprostanoligenes_group,metagenome,None,0.0267639902676399
Bacteria,Bacteroidetes,Bacteroidia,Bacteroidales,Bacteroidaceae,Bacteroides,Bacteroides_stercoris_ATCC_43183,Bacteria,Firmicutes,Clostridia,Oscillospirales,Eubacterium_coprostanoligenes_group,uncultured_Clostridiales_bacterium,None,0.0267639902676399
Bacteria,Bacteroidetes,Bacteroidia,Bacteroidales,Bacteroidaceae,Bacteroides,Bacteroides_stercoris_ATCC_43183,Bacteria,Firmicutes,Clostridia,Oscillospirales,None,None,None,0.021897810218978103
Bacteria,Bacteroidetes,Bacteroidia,Bacteroidales,Bacteroidaceae,Bacteroides,Bacteroides_stercoris_ATCC_43183,Bacteria,Firmicutes,Clostridia,Peptostreptococcales-Tissierellales,Peptostreptococcaceae,Romboutsia,None,0.0267639902676399
Bacteria,Bacteroidetes,Bacteroidia,Bacteroidales,Bacteroidaceae,Bacteroides,Bacteroides_stercoris_ATCC_43183,Bacteria,Firmicutes,Clostridia,None,None,None,None,0.019464720194647202
Bacteria,Bacteroidetes,Bacteroidia,Bacteroidales,Bacteroidaceae,Bacteroides,Bacteroides_stercoris_ATCC_43183,Bacteria,Firmicutes,Negativicutes,Acidaminococcales,Acidaminococcaceae,Phascolarctobacterium,None,0.0267639902676399
Bacteria,Bacteroidetes,Bacteroidia,Bacteroidales,Bacteroidaceae,Bacteroides,Bacteroides_stercoris_ATCC_43183,Bacteria,Firmicutes,Negativicutes,Veillonellales-Selenomonadales,Veillonellaceae,Veillonella,None,0.0267639902676399
Bacteria,Bacteroidetes,Bacteroidia,Bacteroidales,Bacteroidaceae,Bacteroides,Bacteroides_stercoris_ATCC_43183,Bacteria,Fusobacteriota,Fusobacteriia,Fusobacteriales,Fusobacteriaceae,Fusobacterium,None,0.0267639902676399
Bacteria,Bacteroidetes,Bacteroidia,Bacteroidales,Bacteroidaceae,Bacteroides,Bacteroides_stercoris_ATCC_43183,Bacteria,Proteobacteria,Gammaproteobacteria,Burkholderiales,Neisseriaceae,Neisseria,None,0.0267639902676399
Bacteria,Bacteroidetes,Bacteroidia,Bacteroidales,Bacteroidaceae,Bacteroides,Bacteroides_stercoris_ATCC_43183,Bacteria,Proteobacteria,Gammaproteobacteria,Enterobacterales,Enterobacteriaceae,None,None,0.024330900243309004
Bacteria,Bacteroidetes,Bacteroidia,Bacteroidales,Bacteroidaceae,Bacteroides,Bacteroides_stercoris_ATCC_43183,Bacteria,Proteobacteria,Gammaproteobacteria,Pasteurellales,Pasteurellaceae,Haemophilus,None,0.0267639902676399
Bacteria,Bacteroidetes,Bacteroidia,Bacteroidales,Bacteroidaceae,Bacteroides,Bacteroides_stercoris_ATCC_43183,Bacteria,Proteobacteria,Gammaproteobacteria,Pseudomonadales,Moraxellaceae,Acinetobacter,None,0.0267639902676399
Bacteria,Bacteroidetes,Bacteroidia,Bacteroidales,Bacteroidaceae,Bacteroides,Bacteroides_stercoris_ATCC_43183,Bacteria,Proteobacteria,Gammaproteobacteria,Pseudomonadales,Pseudomonadaceae,Pseudomonas,None,0.0267639902676399
Bacteria,Bacteroidetes,Bacteroidia,Bacteroidales,Bacteroidaceae,Bacteroides,Bacteroides_stercoris_ATCC_43183,Bacteria,Verrucomicrobiota,Verrucomicrobiae,Verrucomicrobiales,Akkermansiaceae,Akkermansia,None,0.0267639902676399
Bacteria,Bacteroidetes,Bacteroidia,Bacteroidales,Bacteroidaceae,Bacteroides,Bacteroides_uniformis,Bacteria,Bacteroidetes,Bacteroidia,Bacteroidales,Bacteroidaceae,Bacteroides,None,0.0024330900243309003
Bacteria,Bacteroidetes,Bacteroidia,Bacteroidales,Bacteroidaceae,Bacteroides,Bacteroides_uniformis,Bacteria,Bacteroidetes,Bacteroidia,Bacteroidales,Barnesiellaceae,Barnesiella,None,0.012165450121654502
Bacteria,Bacteroidetes,Bacteroidia,Bacteroidales,Bacteroidaceae,Bacteroides,Bacteroides_uniformis,Bacteria,Bacteroidetes,Bacteroidia,Bacteroidales,Marinifilaceae,Butyricimonas,None,0.012165450121654502
Bacteria,Bacteroidetes,Bacteroidia,Bacteroidales,Bacteroidaceae,Bacteroides,Bacteroides_uniformis,Bacteria,Bacteroidetes,Bacteroidia,Bacteroidales,Marinifilaceae,Odoribacter,None,0.012165450121654502
Bacteria,Bacteroidetes,Bacteroidia,Bacteroidales,Bacteroidaceae,Bacteroides,Bacteroides_uniformis,Bacteria,Bacteroidetes,Bacteroidia,Bacteroidales,Muribaculaceae,metagenome,None,0.012165450121654502
Bacteria,Bacteroidetes,Bacteroidia,Bacteroidales,Bacteroidaceae,Bacteroides,Bacteroides_uniformis,Bacteria,Bacteroidetes,Bacteroidia,Bacteroidales,Rikenellaceae,Alistipes,Alistipes_ihumii_AP11,0.014598540145985401
Bacteria,Bacteroidetes,Bacteroidia,Bacteroidales,Bacteroidaceae,Bacteroides,Bacteroides_uniformis,Bacteria,Bacteroidetes,Bacteroidia,Bacteroidales,Rikenellaceae,Alistipes,None,0.012165450121654502
Bacteria,Bacteroidetes,Bacteroidia,Bacteroidales,Bacteroidaceae,Bacteroides,Bacteroides_uniformis,Bacteria,Bacteroidetes,Bacteroidia,Bacteroidales,Tannerellaceae,Parabacteroides,metagenome,0.014598540145985401
Bacteria,Bacteroidetes,Bacteroidia,Bacteroidales,Bacteroidaceae,Bacteroides,Bacteroides_uniformis,Bacteria,Firmicutes,Bacilli,Erysipelotrichales,Erysipelatoclostridiaceae,Erysipelatoclostridium,Clostridium_spiroforme_DSM_1552,0.029197080291970802
Bacteria,Bacteroidetes,Bacteroidia,Bacteroidales,Bacteroidaceae,Bacteroides,Bacteroides_uniformis,Bacteria,Firmicutes,Bacilli,Erysipelotrichales,Erysipelatoclostridiaceae,Erysipelotrichaceae_UCG-003,None,0.0267639902676399
Bacteria,Bacteroidetes,Bacteroidia,Bacteroidales,Bacteroidaceae,Bacteroides,Bacteroides_uniformis,Bacteria,Firmicutes,Bacilli,Erysipelotrichales,Erysipelotrichaceae,Clostridium_innocuum_group,None,0.0267639902676399
Bacteria,Bacteroidetes,Bacteroidia,Bacteroidales,Bacteroidaceae,Bacteroides,Bacteroides_uniformis,Bacteria,Firmicutes,Bacilli,Lactobacillales,Streptococcaceae,Streptococcus,Streptococcus_mutans,0.029197080291970802
Bacteria,Bacteroidetes,Bacteroidia,Bacteroidales,Bacteroidaceae,Bacteroides,Bacteroides_uniformis,Bacteria,Firmicutes,Bacilli,Lactobacillales,Streptococcaceae,Streptococcus,None,0.0267639902676399
Bacteria,Bacteroidetes,Bacteroidia,Bacteroidales,Bacteroidaceae,Bacteroides,Bacteroides_uniformis,Bacteria,Firmicutes,Bacilli,RF39,None,None,None,0.021897810218978103
Bacteria,Bacteroidetes,Bacteroidia,Bacteroidales,Bacteroidaceae,Bacteroides,Bacteroides_uniformis,Bacteria,Firmicutes,Bacilli,Staphylococcales,Staphylococcaceae,Staphylococcus,None,0.0267639902676399
Bacteria,Bacteroidetes,Bacteroidia,Bacteroidales,Bacteroidaceae,Bacteroides,Bacteroides_uniformis,Bacteria,Firmicutes,Clostridia,Clostridiales,Clostridiaceae,Clostridium_sensu_stricto_1,None,0.0267639902676399
Bacteria,Bacteroidetes,Bacteroidia,Bacteroidales,Bacteroidaceae,Bacteroides,Bacteroides_uniformis,Bacteria,Firmicutes,Clostridia,Lachnospirales,Lachnospiraceae,Agathobacter,None,0.0267639902676399
Bacteria,Bacteroidetes,Bacteroidia,Bacteroidales,Bacteroidaceae,Bacteroides,Bacteroides_uniformis,Bacteria,Firmicutes,Clostridia,Lachnospirales,Lachnospiraceae,Anaerostipes,uncultured_Lachnospiraceae_bacterium,0.029197080291970802
Bacteria,Bacteroidetes,Bacteroidia,Bacteroidales,Bacteroidaceae,Bacteroides,Bacteroides_uniformis,Bacteria,Firmicutes,Clostridia,Lachnospirales,Lachnospiraceae,Blautia,bacterium_mpn-isolate_group_20,0.029197080291970802
Bacteria,Bacteroidetes,Bacteroidia,Bacteroidales,Bacteroidaceae,Bacteroides,Bacteroides_uniformis,Bacteria,Firmicutes,Clostridia,Lachnospirales,Lachnospiraceae,Blautia,uncultured_Blautia_sp.,0.029197080291970802
Bacteria,Bacteroidetes,Bacteroidia,Bacteroidales,Bacteroidaceae,Bacteroides,Bacteroides_uniformis,Bacteria,Firmicutes,Clostridia,Lachnospirales,Lachnospiraceae,CAG-56,None,0.0267639902676399
Bacteria,Bacteroidetes,Bacteroidia,Bacteroidales,Bacteroidaceae,Bacteroides,Bacteroides_uniformis,Bacteria,Firmicutes,Clostridia,Lachnospirales,Lachnospiraceae,Coprococcus,None,0.0267639902676399
Bacteria,Bacteroidetes,Bacteroidia,Bacteroidales,Bacteroidaceae,Bacteroides,Bacteroides_uniformis,Bacteria,Firmicutes,Clostridia,Lachnospirales,Lachnospiraceae,Dorea,None,0.0267639902676399
Bacteria,Bacteroidetes,Bacteroidia,Bacteroidales,Bacteroidaceae,Bacteroides,Bacteroides_uniformis,Bacteria,Firmicutes,Clostridia,Lachnospirales,Lachnospiraceae,Fusicatenibacter,uncultured_Lachnospiraceae_bacterium,0.029197080291970802
Bacteria,Bacteroidetes,Bacteroidia,Bacteroidales,Bacteroidaceae,Bacteroides,Bacteroides_uniformis,Bacteria,Firmicutes,Clostridia,Lachnospirales,Lachnospiraceae,Lachnospira,uncultured_Lachnospiraceae_bacterium,0.029197080291970802
Bacteria,Bacteroidetes,Bacteroidia,Bacteroidales,Bacteroidaceae,Bacteroides,Bacteroides_uniformis,Bacteria,Firmicutes,Clostridia,Lachnospirales,Lachnospiraceae,Lachnospiraceae_NK4A136_group,None,0.0267639902676399
Bacteria,Bacteroidetes,Bacteroidia,Bacteroidales,Bacteroidaceae,Bacteroides,Bacteroides_uniformis,Bacteria,Firmicutes,Clostridia,Lachnospirales,Lachnospiraceae,Lachnospiraceae_UCG-001,uncultured_Firmicutes_bacterium,0.029197080291970802
Bacteria,Bacteroidetes,Bacteroidia,Bacteroidales,Bacteroidaceae,Bacteroides,Bacteroides_uniformis,Bacteria,Firmicutes,Clostridia,Lachnospirales,Lachnospiraceae,Roseburia,None,0.0267639902676399
Bacteria,Bacteroidetes,Bacteroidia,Bacteroidales,Bacteroidaceae,Bacteroides,Bacteroides_uniformis,Bacteria,Firmicutes,Clostridia,Lachnospirales,Lachnospiraceae,Eubacterium_eligens_group,None,0.0267639902676399
Bacteria,Bacteroidetes,Bacteroidia,Bacteroidales,Bacteroidaceae,Bacteroides,Bacteroides_uniformis,Bacteria,Firmicutes,Clostridia,Lachnospirales,Lachnospiraceae,Eubacterium_xylanophilum_group,None,0.0267639902676399
Bacteria,Bacteroidetes,Bacteroidia,Bacteroidales,Bacteroidaceae,Bacteroides,Bacteroides_uniformis,Bacteria,Firmicutes,Clostridia,Lachnospirales,Lachnospiraceae,Ruminococcus_gauvreauii_group,uncultured_Lachnospiraceae_bacterium,0.029197080291970802
Bacteria,Bacteroidetes,Bacteroidia,Bacteroidales,Bacteroidaceae,Bacteroides,Bacteroides_uniformis,Bacteria,Firmicutes,Clostridia,Lachnospirales,Lachnospiraceae,Ruminococcus_torques_group,Clostridiaceae_bacterium_LEMV78,0.029197080291970802
Bacteria,Bacteroidetes,Bacteroidia,Bacteroidales,Bacteroidaceae,Bacteroides,Bacteroides_uniformis,Bacteria,Firmicutes,Clostridia,Oscillospirales,Butyricicoccaceae,UCG-009,metagenome,0.029197080291970802
Bacteria,Bacteroidetes,Bacteroidia,Bacteroidales,Bacteroidaceae,Bacteroides,Bacteroides_uniformis,Bacteria,Firmicutes,Clostridia,Oscillospirales,Oscillospiraceae,Colidextribacter,None,0.0267639902676399
Bacteria,Bacteroidetes,Bacteroidia,Bacteroidales,Bacteroidaceae,Bacteroides,Bacteroides_uniformis,Bacteria,Firmicutes,Clostridia,Oscillospirales,Oscillospiraceae,Flavonifractor,None,0.0267639902676399
Bacteria,Bacteroidetes,Bacteroidia,Bacteroidales,Bacteroidaceae,Bacteroides,Bacteroides_uniformis,Bacteria,Firmicutes,Clostridia,Oscillospirales,Oscillospiraceae,NK4A214_group,metagenome,0.029197080291970802
Bacteria,Bacteroidetes,Bacteroidia,Bacteroidales,Bacteroidaceae,Bacteroides,Bacteroides_uniformis,Bacteria,Firmicutes,Clostridia,Oscillospirales,Oscillospiraceae,UCG-002,None,0.0267639902676399
Bacteria,Bacteroidetes,Bacteroidia,Bacteroidales,Bacteroidaceae,Bacteroides,Bacteroides_uniformis,Bacteria,Firmicutes,Clostridia,Oscillospirales,Oscillospiraceae,UCG-003,None,0.0267639902676399
Bacteria,Bacteroidetes,Bacteroidia,Bacteroidales,Bacteroidaceae,Bacteroides,Bacteroides_uniformis,Bacteria,Firmicutes,Clostridia,Oscillospirales,Oscillospiraceae,UCG-005,None,0.0267639902676399
Bacteria,Bacteroidetes,Bacteroidia,Bacteroidales,Bacteroidaceae,Bacteroides,Bacteroides_uniformis,Bacteria,Firmicutes,Clostridia,Oscillospirales,Ruminococcaceae,Candidatus_Soleaferrea,Neobitarella_massiliensis,0.029197080291970802
Bacteria,Bacteroidetes,Bacteroidia,Bacteroidales,Bacteroidaceae,Bacteroides,Bacteroides_uniformis,Bacteria,Firmicutes,Clostridia,Oscillospirales,Ruminococcaceae,Faecalibacterium,None,0.0267639902676399
Bacteria,Bacteroidetes,Bacteroidia,Bacteroidales,Bacteroidaceae,Bacteroides,Bacteroides_uniformis,Bacteria,Firmicutes,Clostridia,Oscillospirales,Ruminococcaceae,Incertae_Sedis,metagenome,0.029197080291970802
Bacteria,Bacteroidetes,Bacteroidia,Bacteroidales,Bacteroidaceae,Bacteroides,Bacteroides_uniformis,Bacteria,Firmicutes,Clostridia,Oscillospirales,Ruminococcaceae,Incertae_Sedis,None,0.0267639902676399
Bacteria,Bacteroidetes,Bacteroidia,Bacteroidales,Bacteroidaceae,Bacteroides,Bacteroides_uniformis,Bacteria,Firmicutes,Clostridia,Oscillospirales,Ruminococcaceae,Paludicola,metagenome,0.029197080291970802
Bacteria,Bacteroidetes,Bacteroidia,Bacteroidales,Bacteroidaceae,Bacteroides,Bacteroides_uniformis,Bacteria,Firmicutes,Clostridia,Oscillospirales,Ruminococcaceae,Ruminococcus,None,0.0267639902676399
Bacteria,Bacteroidetes,Bacteroidia,Bacteroidales,Bacteroidaceae,Bacteroides,Bacteroides_uniformis,Bacteria,Firmicutes,Clostridia,Oscillospirales,Ruminococcaceae,Subdoligranulum,None,0.0267639902676399
Bacteria,Bacteroidetes,Bacteroidia,Bacteroidales,Bacteroidaceae,Bacteroides,Bacteroides_uniformis,Bacteria,Firmicutes,Clostridia,Oscillospirales,Ruminococcaceae,UBA1819,None,0.0267639902676399
Bacteria,Bacteroidetes,Bacteroidia,Bacteroidales,Bacteroidaceae,Bacteroides,Bacteroides_uniformis,Bacteria,Firmicutes,Clostridia,Oscillospirales,Ruminococcaceae,None,None,0.024330900243309004
Bacteria,Bacteroidetes,Bacteroidia,Bacteroidales,Bacteroidaceae,Bacteroides,Bacteroides_uniformis,Bacteria,Firmicutes,Clostridia,Oscillospirales,Eubacterium_coprostanoligenes_group,metagenome,None,0.0267639902676399
Bacteria,Bacteroidetes,Bacteroidia,Bacteroidales,Bacteroidaceae,Bacteroides,Bacteroides_uniformis,Bacteria,Firmicutes,Clostridia,Oscillospirales,Eubacterium_coprostanoligenes_group,uncultured_Clostridiales_bacterium,None,0.0267639902676399
Bacteria,Bacteroidetes,Bacteroidia,Bacteroidales,Bacteroidaceae,Bacteroides,Bacteroides_uniformis,Bacteria,Firmicutes,Clostridia,Oscillospirales,None,None,None,0.021897810218978103
Bacteria,Bacteroidetes,Bacteroidia,Bacteroidales,Bacteroidaceae,Bacteroides,Bacteroides_uniformis,Bacteria,Firmicutes,Clostridia,Peptostreptococcales-Tissierellales,Peptostreptococcaceae,Romboutsia,None,0.0267639902676399
Bacteria,Bacteroidetes,Bacteroidia,Bacteroidales,Bacteroidaceae,Bacteroides,Bacteroides_uniformis,Bacteria,Firmicutes,Clostridia,None,None,None,None,0.019464720194647202
Bacteria,Bacteroidetes,Bacteroidia,Bacteroidales,Bacteroidaceae,Bacteroides,Bacteroides_uniformis,Bacteria,Firmicutes,Negativicutes,Acidaminococcales,Acidaminococcaceae,Phascolarctobacterium,None,0.0267639902676399
Bacteria,Bacteroidetes,Bacteroidia,Bacteroidales,Bacteroidaceae,Bacteroides,Bacteroides_uniformis,Bacteria,Firmicutes,Negativicutes,Veillonellales-Selenomonadales,Veillonellaceae,Veillonella,None,0.0267639902676399
Bacteria,Bacteroidetes,Bacteroidia,Bacteroidales,Bacteroidaceae,Bacteroides,Bacteroides_uniformis,Bacteria,Fusobacteriota,Fusobacteriia,Fusobacteriales,Fusobacteriaceae,Fusobacterium,None,0.0267639902676399
Bacteria,Bacteroidetes,Bacteroidia,Bacteroidales,Bacteroidaceae,Bacteroides,Bacteroides_uniformis,Bacteria,Proteobacteria,Gammaproteobacteria,Burkholderiales,Neisseriaceae,Neisseria,None,0.0267639902676399
Bacteria,Bacteroidetes,Bacteroidia,Bacteroidales,Bacteroidaceae,Bacteroides,Bacteroides_uniformis,Bacteria,Proteobacteria,Gammaproteobacteria,Enterobacterales,Enterobacteriaceae,None,None,0.024330900243309004
Bacteria,Bacteroidetes,Bacteroidia,Bacteroidales,Bacteroidaceae,Bacteroides,Bacteroides_uniformis,Bacteria,Proteobacteria,Gammaproteobacteria,Pasteurellales,Pasteurellaceae,Haemophilus,None,0.0267639902676399
Bacteria,Bacteroidetes,Bacteroidia,Bacteroidales,Bacteroidaceae,Bacteroides,Bacteroides_uniformis,Bacteria,Proteobacteria,Gammaproteobacteria,Pseudomonadales,Moraxellaceae,Acinetobacter,None,0.0267639902676399
Bacteria,Bacteroidetes,Bacteroidia,Bacteroidales,Bacteroidaceae,Bacteroides,Bacteroides_uniformis,Bacteria,Proteobacteria,Gammaproteobacteria,Pseudomonadales,Pseudomonadaceae,Pseudomonas,None,0.0267639902676399
Bacteria,Bacteroidetes,Bacteroidia,Bacteroidales,Bacteroidaceae,Bacteroides,Bacteroides_uniformis,Bacteria,Verrucomicrobiota,Verrucomicrobiae,Verrucomicrobiales,Akkermansiaceae,Akkermansia,None,0.0267639902676399
Bacteria,Bacteroidetes,Bacteroidia,Bacteroidales,Bacteroidaceae,Bacteroides,None,Bacteria,Bacteroidetes,Bacteroidia,Bacteroidales,Barnesiellaceae,Barnesiella,None,0.009732360097323601
Bacteria,Bacteroidetes,Bacteroidia,Bacteroidales,Bacteroidaceae,Bacteroides,None,Bacteria,Bacteroidetes,Bacteroidia,Bacteroidales,Marinifilaceae,Butyricimonas,None,0.009732360097323601
Bacteria,Bacteroidetes,Bacteroidia,Bacteroidales,Bacteroidaceae,Bacteroides,None,Bacteria,Bacteroidetes,Bacteroidia,Bacteroidales,Marinifilaceae,Odoribacter,None,0.009732360097323601
Bacteria,Bacteroidetes,Bacteroidia,Bacteroidales,Bacteroidaceae,Bacteroides,None,Bacteria,Bacteroidetes,Bacteroidia,Bacteroidales,Muribaculaceae,metagenome,None,0.009732360097323601
Bacteria,Bacteroidetes,Bacteroidia,Bacteroidales,Bacteroidaceae,Bacteroides,None,Bacteria,Bacteroidetes,Bacteroidia,Bacteroidales,Rikenellaceae,Alistipes,Alistipes_ihumii_AP11,0.012165450121654502
Bacteria,Bacteroidetes,Bacteroidia,Bacteroidales,Bacteroidaceae,Bacteroides,None,Bacteria,Bacteroidetes,Bacteroidia,Bacteroidales,Rikenellaceae,Alistipes,None,0.009732360097323601
Bacteria,Bacteroidetes,Bacteroidia,Bacteroidales,Bacteroidaceae,Bacteroides,None,Bacteria,Bacteroidetes,Bacteroidia,Bacteroidales,Tannerellaceae,Parabacteroides,metagenome,0.012165450121654502
Bacteria,Bacteroidetes,Bacteroidia,Bacteroidales,Bacteroidaceae,Bacteroides,None,Bacteria,Firmicutes,Bacilli,Erysipelotrichales,Erysipelatoclostridiaceae,Erysipelatoclostridium,Clostridium_spiroforme_DSM_1552,0.0267639902676399
Bacteria,Bacteroidetes,Bacteroidia,Bacteroidales,Bacteroidaceae,Bacteroides,None,Bacteria,Firmicutes,Bacilli,Erysipelotrichales,Erysipelatoclostridiaceae,Erysipelotrichaceae_UCG-003,None,0.024330900243309004
Bacteria,Bacteroidetes,Bacteroidia,Bacteroidales,Bacteroidaceae,Bacteroides,None,Bacteria,Firmicutes,Bacilli,Erysipelotrichales,Erysipelotrichaceae,Clostridium_innocuum_group,None,0.024330900243309004
Bacteria,Bacteroidetes,Bacteroidia,Bacteroidales,Bacteroidaceae,Bacteroides,None,Bacteria,Firmicutes,Bacilli,Lactobacillales,Streptococcaceae,Streptococcus,Streptococcus_mutans,0.0267639902676399
Bacteria,Bacteroidetes,Bacteroidia,Bacteroidales,Bacteroidaceae,Bacteroides,None,Bacteria,Firmicutes,Bacilli,Lactobacillales,Streptococcaceae,Streptococcus,None,0.024330900243309004
Bacteria,Bacteroidetes,Bacteroidia,Bacteroidales,Bacteroidaceae,Bacteroides,None,Bacteria,Firmicutes,Bacilli,RF39,None,None,None,0.019464720194647202
Bacteria,Bacteroidetes,Bacteroidia,Bacteroidales,Bacteroidaceae,Bacteroides,None,Bacteria,Firmicutes,Bacilli,Staphylococcales,Staphylococcaceae,Staphylococcus,None,0.024330900243309004
Bacteria,Bacteroidetes,Bacteroidia,Bacteroidales,Bacteroidaceae,Bacteroides,None,Bacteria,Firmicutes,Clostridia,Clostridiales,Clostridiaceae,Clostridium_sensu_stricto_1,None,0.024330900243309004
Bacteria,Bacteroidetes,Bacteroidia,Bacteroidales,Bacteroidaceae,Bacteroides,None,Bacteria,Firmicutes,Clostridia,Lachnospirales,Lachnospiraceae,Agathobacter,None,0.024330900243309004
Bacteria,Bacteroidetes,Bacteroidia,Bacteroidales,Bacteroidaceae,Bacteroides,None,Bacteria,Firmicutes,Clostridia,Lachnospirales,Lachnospiraceae,Anaerostipes,uncultured_Lachnospiraceae_bacterium,0.0267639902676399
Bacteria,Bacteroidetes,Bacteroidia,Bacteroidales,Bacteroidaceae,Bacteroides,None,Bacteria,Firmicutes,Clostridia,Lachnospirales,Lachnospiraceae,Blautia,bacterium_mpn-isolate_group_20,0.0267639902676399
Bacteria,Bacteroidetes,Bacteroidia,Bacteroidales,Bacteroidaceae,Bacteroides,None,Bacteria,Firmicutes,Clostridia,Lachnospirales,Lachnospiraceae,Blautia,uncultured_Blautia_sp.,0.0267639902676399
Bacteria,Bacteroidetes,Bacteroidia,Bacteroidales,Bacteroidaceae,Bacteroides,None,Bacteria,Firmicutes,Clostridia,Lachnospirales,Lachnospiraceae,CAG-56,None,0.024330900243309004
Bacteria,Bacteroidetes,Bacteroidia,Bacteroidales,Bacteroidaceae,Bacteroides,None,Bacteria,Firmicutes,Clostridia,Lachnospirales,Lachnospiraceae,Coprococcus,None,0.024330900243309004
Bacteria,Bacteroidetes,Bacteroidia,Bacteroidales,Bacteroidaceae,Bacteroides,None,Bacteria,Firmicutes,Clostridia,Lachnospirales,Lachnospiraceae,Dorea,None,0.024330900243309004
Bacteria,Bacteroidetes,Bacteroidia,Bacteroidales,Bacteroidaceae,Bacteroides,None,Bacteria,Firmicutes,Clostridia,Lachnospirales,Lachnospiraceae,Fusicatenibacter,uncultured_Lachnospiraceae_bacterium,0.0267639902676399
Bacteria,Bacteroidetes,Bacteroidia,Bacteroidales,Bacteroidaceae,Bacteroides,None,Bacteria,Firmicutes,Clostridia,Lachnospirales,Lachnospiraceae,Lachnospira,uncultured_Lachnospiraceae_bacterium,0.0267639902676399
Bacteria,Bacteroidetes,Bacteroidia,Bacteroidales,Bacteroidaceae,Bacteroides,None,Bacteria,Firmicutes,Clostridia,Lachnospirales,Lachnospiraceae,Lachnospiraceae_NK4A136_group,None,0.024330900243309004
Bacteria,Bacteroidetes,Bacteroidia,Bacteroidales,Bacteroidaceae,Bacteroides,None,Bacteria,Firmicutes,Clostridia,Lachnospirales,Lachnospiraceae,Lachnospiraceae_UCG-001,uncultured_Firmicutes_bacterium,0.0267639902676399
Bacteria,Bacteroidetes,Bacteroidia,Bacteroidales,Bacteroidaceae,Bacteroides,None,Bacteria,Firmicutes,Clostridia,Lachnospirales,Lachnospiraceae,Roseburia,None,0.024330900243309004
Bacteria,Bacteroidetes,Bacteroidia,Bacteroidales,Bacteroidaceae,Bacteroides,None,Bacteria,Firmicutes,Clostridia,Lachnospirales,Lachnospiraceae,Eubacterium_eligens_group,None,0.024330900243309004
Bacteria,Bacteroidetes,Bacteroidia,Bacteroidales,Bacteroidaceae,Bacteroides,None,Bacteria,Firmicutes,Clostridia,Lachnospirales,Lachnospiraceae,Eubacterium_xylanophilum_group,None,0.024330900243309004
Bacteria,Bacteroidetes,Bacteroidia,Bacteroidales,Bacteroidaceae,Bacteroides,None,Bacteria,Firmicutes,Clostridia,Lachnospirales,Lachnospiraceae,Ruminococcus_gauvreauii_group,uncultured_Lachnospiraceae_bacterium,0.0267639902676399
Bacteria,Bacteroidetes,Bacteroidia,Bacteroidales,Bacteroidaceae,Bacteroides,None,Bacteria,Firmicutes,Clostridia,Lachnospirales,Lachnospiraceae,Ruminococcus_torques_group,Clostridiaceae_bacterium_LEMV78,0.0267639902676399
Bacteria,Bacteroidetes,Bacteroidia,Bacteroidales,Bacteroidaceae,Bacteroides,None,Bacteria,Firmicutes,Clostridia,Oscillospirales,Butyricicoccaceae,UCG-009,metagenome,0.0267639902676399
Bacteria,Bacteroidetes,Bacteroidia,Bacteroidales,Bacteroidaceae,Bacteroides,None,Bacteria,Firmicutes,Clostridia,Oscillospirales,Oscillospiraceae,Colidextribacter,None,0.024330900243309004
Bacteria,Bacteroidetes,Bacteroidia,Bacteroidales,Bacteroidaceae,Bacteroides,None,Bacteria,Firmicutes,Clostridia,Oscillospirales,Oscillospiraceae,Flavonifractor,None,0.024330900243309004
Bacteria,Bacteroidetes,Bacteroidia,Bacteroidales,Bacteroidaceae,Bacteroides,None,Bacteria,Firmicutes,Clostridia,Oscillospirales,Oscillospiraceae,NK4A214_group,metagenome,0.0267639902676399
Bacteria,Bacteroidetes,Bacteroidia,Bacteroidales,Bacteroidaceae,Bacteroides,None,Bacteria,Firmicutes,Clostridia,Oscillospirales,Oscillospiraceae,UCG-002,None,0.024330900243309004
Bacteria,Bacteroidetes,Bacteroidia,Bacteroidales,Bacteroidaceae,Bacteroides,None,Bacteria,Firmicutes,Clostridia,Oscillospirales,Oscillospiraceae,UCG-003,None,0.024330900243309004
Bacteria,Bacteroidetes,Bacteroidia,Bacteroidales,Bacteroidaceae,Bacteroides,None,Bacteria,Firmicutes,Clostridia,Oscillospirales,Oscillospiraceae,UCG-005,None,0.024330900243309004
Bacteria,Bacteroidetes,Bacteroidia,Bacteroidales,Bacteroidaceae,Bacteroides,None,Bacteria,Firmicutes,Clostridia,Oscillospirales,Ruminococcaceae,Candidatus_Soleaferrea,Neobitarella_massiliensis,0.0267639902676399
Bacteria,Bacteroidetes,Bacteroidia,Bacteroidales,Bacteroidaceae,Bacteroides,None,Bacteria,Firmicutes,Clostridia,Oscillospirales,Ruminococcaceae,Faecalibacterium,None,0.024330900243309004
Bacteria,Bacteroidetes,Bacteroidia,Bacteroidales,Bacteroidaceae,Bacteroides,None,Bacteria,Firmicutes,Clostridia,Oscillospirales,Ruminococcaceae,Incertae_Sedis,metagenome,0.0267639902676399
Bacteria,Bacteroidetes,Bacteroidia,Bacteroidales,Bacteroidaceae,Bacteroides,None,Bacteria,Firmicutes,Clostridia,Oscillospirales,Ruminococcaceae,Incertae_Sedis,None,0.024330900243309004
Bacteria,Bacteroidetes,Bacteroidia,Bacteroidales,Bacteroidaceae,Bacteroides,None,Bacteria,Firmicutes,Clostridia,Oscillospirales,Ruminococcaceae,Paludicola,metagenome,0.0267639902676399
Bacteria,Bacteroidetes,Bacteroidia,Bacteroidales,Bacteroidaceae,Bacteroides,None,Bacteria,Firmicutes,Clostridia,Oscillospirales,Ruminococcaceae,Ruminococcus,None,0.024330900243309004
Bacteria,Bacteroidetes,Bacteroidia,Bacteroidales,Bacteroidaceae,Bacteroides,None,Bacteria,Firmicutes,Clostridia,Oscillospirales,Ruminococcaceae,Subdoligranulum,None,0.024330900243309004
Bacteria,Bacteroidetes,Bacteroidia,Bacteroidales,Bacteroidaceae,Bacteroides,None,Bacteria,Firmicutes,Clostridia,Oscillospirales,Ruminococcaceae,UBA1819,None,0.024330900243309004
Bacteria,Bacteroidetes,Bacteroidia,Bacteroidales,Bacteroidaceae,Bacteroides,None,Bacteria,Firmicutes,Clostridia,Oscillospirales,Ruminococcaceae,None,None,0.021897810218978103
Bacteria,Bacteroidetes,Bacteroidia,Bacteroidales,Bacteroidaceae,Bacteroides,None,Bacteria,Firmicutes,Clostridia,Oscillospirales,Eubacterium_coprostanoligenes_group,metagenome,None,0.024330900243309004
Bacteria,Bacteroidetes,Bacteroidia,Bacteroidales,Bacteroidaceae,Bacteroides,None,Bacteria,Firmicutes,Clostridia,Oscillospirales,Eubacterium_coprostanoligenes_group,uncultured_Clostridiales_bacterium,None,0.024330900243309004
Bacteria,Bacteroidetes,Bacteroidia,Bacteroidales,Bacteroidaceae,Bacteroides,None,Bacteria,Firmicutes,Clostridia,Oscillospirales,None,None,None,0.019464720194647202
Bacteria,Bacteroidetes,Bacteroidia,Bacteroidales,Bacteroidaceae,Bacteroides,None,Bacteria,Firmicutes,Clostridia,Peptostreptococcales-Tissierellales,Peptostreptococcaceae,Romboutsia,None,0.024330900243309004
Bacteria,Bacteroidetes,Bacteroidia,Bacteroidales,Bacteroidaceae,Bacteroides,None,Bacteria,Firmicutes,Clostridia,None,None,None,None,0.0170316301703163
Bacteria,Bacteroidetes,Bacteroidia,Bacteroidales,Bacteroidaceae,Bacteroides,None,Bacteria,Firmicutes,Negativicutes,Acidaminococcales,Acidaminococcaceae,Phascolarctobacterium,None,0.024330900243309004
Bacteria,Bacteroidetes,Bacteroidia,Bacteroidales,Bacteroidaceae,Bacteroides,None,Bacteria,Firmicutes,Negativicutes,Veillonellales-Selenomonadales,Veillonellaceae,Veillonella,None,0.024330900243309004
Bacteria,Bacteroidetes,Bacteroidia,Bacteroidales,Bacteroidaceae,Bacteroides,None,Bacteria,Fusobacteriota,Fusobacteriia,Fusobacteriales,Fusobacteriaceae,Fusobacterium,None,0.024330900243309004
Bacteria,Bacteroidetes,Bacteroidia,Bacteroidales,Bacteroidaceae,Bacteroides,None,Bacteria,Proteobacteria,Gammaproteobacteria,Burkholderiales,Neisseriaceae,Neisseria,None,0.024330900243309004
Bacteria,Bacteroidetes,Bacteroidia,Bacteroidales,Bacteroidaceae,Bacteroides,None,Bacteria,Proteobacteria,Gammaproteobacteria,Enterobacterales,Enterobacteriaceae,None,None,0.021897810218978103
Bacteria,Bacteroidetes,Bacteroidia,Bacteroidales,Bacteroidaceae,Bacteroides,None,Bacteria,Proteobacteria,Gammaproteobacteria,Pasteurellales,Pasteurellaceae,Haemophilus,None,0.024330900243309004
Bacteria,Bacteroidetes,Bacteroidia,Bacteroidales,Bacteroidaceae,Bacteroides,None,Bacteria,Proteobacteria,Gammaproteobacteria,Pseudomonadales,Moraxellaceae,Acinetobacter,None,0.024330900243309004
Bacteria,Bacteroidetes,Bacteroidia,Bacteroidales,Bacteroidaceae,Bacteroides,None,Bacteria,Proteobacteria,Gammaproteobacteria,Pseudomonadales,Pseudomonadaceae,Pseudomonas,None,0.024330900243309004
Bacteria,Bacteroidetes,Bacteroidia,Bacteroidales,Bacteroidaceae,Bacteroides,None,Bacteria,Verrucomicrobiota,Verrucomicrobiae,Verrucomicrobiales,Akkermansiaceae,Akkermansia,None,0.024330900243309004
Bacteria,Bacteroidetes,Bacteroidia,Bacteroidales,Barnesiellaceae,Barnesiella,None,Bacteria,Bacteroidetes,Bacteroidia,Bacteroidales,Marinifilaceae,Butyricimonas,None,0.009732360097323601
Bacteria,Bacteroidetes,Bacteroidia,Bacteroidales,Barnesiellaceae,Barnesiella,None,Bacteria,Bacteroidetes,Bacteroidia,Bacteroidales,Marinifilaceae,Odoribacter,None,0.009732360097323601
Bacteria,Bacteroidetes,Bacteroidia,Bacteroidales,Barnesiellaceae,Barnesiella,None,Bacteria,Bacteroidetes,Bacteroidia,Bacteroidales,Muribaculaceae,metagenome,None,0.009732360097323601
Bacteria,Bacteroidetes,Bacteroidia,Bacteroidales,Barnesiellaceae,Barnesiella,None,Bacteria,Bacteroidetes,Bacteroidia,Bacteroidales,Rikenellaceae,Alistipes,Alistipes_ihumii_AP11,0.012165450121654502
Bacteria,Bacteroidetes,Bacteroidia,Bacteroidales,Barnesiellaceae,Barnesiella,None,Bacteria,Bacteroidetes,Bacteroidia,Bacteroidales,Rikenellaceae,Alistipes,None,0.009732360097323601
Bacteria,Bacteroidetes,Bacteroidia,Bacteroidales,Barnesiellaceae,Barnesiella,None,Bacteria,Bacteroidetes,Bacteroidia,Bacteroidales,Tannerellaceae,Parabacteroides,metagenome,0.012165450121654502
Bacteria,Bacteroidetes,Bacteroidia,Bacteroidales,Barnesiellaceae,Barnesiella,None,Bacteria,Firmicutes,Bacilli,Erysipelotrichales,Erysipelatoclostridiaceae,Erysipelatoclostridium,Clostridium_spiroforme_DSM_1552,0.0267639902676399
Bacteria,Bacteroidetes,Bacteroidia,Bacteroidales,Barnesiellaceae,Barnesiella,None,Bacteria,Firmicutes,Bacilli,Erysipelotrichales,Erysipelatoclostridiaceae,Erysipelotrichaceae_UCG-003,None,0.024330900243309004
Bacteria,Bacteroidetes,Bacteroidia,Bacteroidales,Barnesiellaceae,Barnesiella,None,Bacteria,Firmicutes,Bacilli,Erysipelotrichales,Erysipelotrichaceae,Clostridium_innocuum_group,None,0.024330900243309004
Bacteria,Bacteroidetes,Bacteroidia,Bacteroidales,Barnesiellaceae,Barnesiella,None,Bacteria,Firmicutes,Bacilli,Lactobacillales,Streptococcaceae,Streptococcus,Streptococcus_mutans,0.0267639902676399
Bacteria,Bacteroidetes,Bacteroidia,Bacteroidales,Barnesiellaceae,Barnesiella,None,Bacteria,Firmicutes,Bacilli,Lactobacillales,Streptococcaceae,Streptococcus,None,0.024330900243309004
Bacteria,Bacteroidetes,Bacteroidia,Bacteroidales,Barnesiellaceae,Barnesiella,None,Bacteria,Firmicutes,Bacilli,RF39,None,None,None,0.019464720194647202
Bacteria,Bacteroidetes,Bacteroidia,Bacteroidales,Barnesiellaceae,Barnesiella,None,Bacteria,Firmicutes,Bacilli,Staphylococcales,Staphylococcaceae,Staphylococcus,None,0.024330900243309004
Bacteria,Bacteroidetes,Bacteroidia,Bacteroidales,Barnesiellaceae,Barnesiella,None,Bacteria,Firmicutes,Clostridia,Clostridiales,Clostridiaceae,Clostridium_sensu_stricto_1,None,0.024330900243309004
Bacteria,Bacteroidetes,Bacteroidia,Bacteroidales,Barnesiellaceae,Barnesiella,None,Bacteria,Firmicutes,Clostridia,Lachnospirales,Lachnospiraceae,Agathobacter,None,0.024330900243309004
Bacteria,Bacteroidetes,Bacteroidia,Bacteroidales,Barnesiellaceae,Barnesiella,None,Bacteria,Firmicutes,Clostridia,Lachnospirales,Lachnospiraceae,Anaerostipes,uncultured_Lachnospiraceae_bacterium,0.0267639902676399
Bacteria,Bacteroidetes,Bacteroidia,Bacteroidales,Barnesiellaceae,Barnesiella,None,Bacteria,Firmicutes,Clostridia,Lachnospirales,Lachnospiraceae,Blautia,bacterium_mpn-isolate_group_20,0.0267639902676399
Bacteria,Bacteroidetes,Bacteroidia,Bacteroidales,Barnesiellaceae,Barnesiella,None,Bacteria,Firmicutes,Clostridia,Lachnospirales,Lachnospiraceae,Blautia,uncultured_Blautia_sp.,0.0267639902676399
Bacteria,Bacteroidetes,Bacteroidia,Bacteroidales,Barnesiellaceae,Barnesiella,None,Bacteria,Firmicutes,Clostridia,Lachnospirales,Lachnospiraceae,CAG-56,None,0.024330900243309004
Bacteria,Bacteroidetes,Bacteroidia,Bacteroidales,Barnesiellaceae,Barnesiella,None,Bacteria,Firmicutes,Clostridia,Lachnospirales,Lachnospiraceae,Coprococcus,None,0.024330900243309004
Bacteria,Bacteroidetes,Bacteroidia,Bacteroidales,Barnesiellaceae,Barnesiella,None,Bacteria,Firmicutes,Clostridia,Lachnospirales,Lachnospiraceae,Dorea,None,0.024330900243309004
Bacteria,Bacteroidetes,Bacteroidia,Bacteroidales,Barnesiellaceae,Barnesiella,None,Bacteria,Firmicutes,Clostridia,Lachnospirales,Lachnospiraceae,Fusicatenibacter,uncultured_Lachnospiraceae_bacterium,0.0267639902676399
Bacteria,Bacteroidetes,Bacteroidia,Bacteroidales,Barnesiellaceae,Barnesiella,None,Bacteria,Firmicutes,Clostridia,Lachnospirales,Lachnospiraceae,Lachnospira,uncultured_Lachnospiraceae_bacterium,0.0267639902676399
Bacteria,Bacteroidetes,Bacteroidia,Bacteroidales,Barnesiellaceae,Barnesiella,None,Bacteria,Firmicutes,Clostridia,Lachnospirales,Lachnospiraceae,Lachnospiraceae_NK4A136_group,None,0.024330900243309004
Bacteria,Bacteroidetes,Bacteroidia,Bacteroidales,Barnesiellaceae,Barnesiella,None,Bacteria,Firmicutes,Clostridia,Lachnospirales,Lachnospiraceae,Lachnospiraceae_UCG-001,uncultured_Firmicutes_bacterium,0.0267639902676399
Bacteria,Bacteroidetes,Bacteroidia,Bacteroidales,Barnesiellaceae,Barnesiella,None,Bacteria,Firmicutes,Clostridia,Lachnospirales,Lachnospiraceae,Roseburia,None,0.024330900243309004
Bacteria,Bacteroidetes,Bacteroidia,Bacteroidales,Barnesiellaceae,Barnesiella,None,Bacteria,Firmicutes,Clostridia,Lachnospirales,Lachnospiraceae,Eubacterium_eligens_group,None,0.024330900243309004
Bacteria,Bacteroidetes,Bacteroidia,Bacteroidales,Barnesiellaceae,Barnesiella,None,Bacteria,Firmicutes,Clostridia,Lachnospirales,Lachnospiraceae,Eubacterium_xylanophilum_group,None,0.024330900243309004
Bacteria,Bacteroidetes,Bacteroidia,Bacteroidales,Barnesiellaceae,Barnesiella,None,Bacteria,Firmicutes,Clostridia,Lachnospirales,Lachnospiraceae,Ruminococcus_gauvreauii_group,uncultured_Lachnospiraceae_bacterium,0.0267639902676399
Bacteria,Bacteroidetes,Bacteroidia,Bacteroidales,Barnesiellaceae,Barnesiella,None,Bacteria,Firmicutes,Clostridia,Lachnospirales,Lachnospiraceae,Ruminococcus_torques_group,Clostridiaceae_bacterium_LEMV78,0.0267639902676399
Bacteria,Bacteroidetes,Bacteroidia,Bacteroidales,Barnesiellaceae,Barnesiella,None,Bacteria,Firmicutes,Clostridia,Oscillospirales,Butyricicoccaceae,UCG-009,metagenome,0.0267639902676399
Bacteria,Bacteroidetes,Bacteroidia,Bacteroidales,Barnesiellaceae,Barnesiella,None,Bacteria,Firmicutes,Clostridia,Oscillospirales,Oscillospiraceae,Colidextribacter,None,0.024330900243309004
Bacteria,Bacteroidetes,Bacteroidia,Bacteroidales,Barnesiellaceae,Barnesiella,None,Bacteria,Firmicutes,Clostridia,Oscillospirales,Oscillospiraceae,Flavonifractor,None,0.024330900243309004
Bacteria,Bacteroidetes,Bacteroidia,Bacteroidales,Barnesiellaceae,Barnesiella,None,Bacteria,Firmicutes,Clostridia,Oscillospirales,Oscillospiraceae,NK4A214_group,metagenome,0.0267639902676399
Bacteria,Bacteroidetes,Bacteroidia,Bacteroidales,Barnesiellaceae,Barnesiella,None,Bacteria,Firmicutes,Clostridia,Oscillospirales,Oscillospiraceae,UCG-002,None,0.024330900243309004
Bacteria,Bacteroidetes,Bacteroidia,Bacteroidales,Barnesiellaceae,Barnesiella,None,Bacteria,Firmicutes,Clostridia,Oscillospirales,Oscillospiraceae,UCG-003,None,0.024330900243309004
Bacteria,Bacteroidetes,Bacteroidia,Bacteroidales,Barnesiellaceae,Barnesiella,None,Bacteria,Firmicutes,Clostridia,Oscillospirales,Oscillospiraceae,UCG-005,None,0.024330900243309004
Bacteria,Bacteroidetes,Bacteroidia,Bacteroidales,Barnesiellaceae,Barnesiella,None,Bacteria,Firmicutes,Clostridia,Oscillospirales,Ruminococcaceae,Candidatus_Soleaferrea,Neobitarella_massiliensis,0.0267639902676399
Bacteria,Bacteroidetes,Bacteroidia,Bacteroidales,Barnesiellaceae,Barnesiella,None,Bacteria,Firmicutes,Clostridia,Oscillospirales,Ruminococcaceae,Faecalibacterium,None,0.024330900243309004
Bacteria,Bacteroidetes,Bacteroidia,Bacteroidales,Barnesiellaceae,Barnesiella,None,Bacteria,Firmicutes,Clostridia,Oscillospirales,Ruminococcaceae,Incertae_Sedis,metagenome,0.0267639902676399
Bacteria,Bacteroidetes,Bacteroidia,Bacteroidales,Barnesiellaceae,Barnesiella,None,Bacteria,Firmicutes,Clostridia,Oscillospirales,Ruminococcaceae,Incertae_Sedis,None,0.024330900243309004
Bacteria,Bacteroidetes,Bacteroidia,Bacteroidales,Barnesiellaceae,Barnesiella,None,Bacteria,Firmicutes,Clostridia,Oscillospirales,Ruminococcaceae,Paludicola,metagenome,0.0267639902676399
Bacteria,Bacteroidetes,Bacteroidia,Bacteroidales,Barnesiellaceae,Barnesiella,None,Bacteria,Firmicutes,Clostridia,Oscillospirales,Ruminococcaceae,Ruminococcus,None,0.024330900243309004
Bacteria,Bacteroidetes,Bacteroidia,Bacteroidales,Barnesiellaceae,Barnesiella,None,Bacteria,Firmicutes,Clostridia,Oscillospirales,Ruminococcaceae,Subdoligranulum,None,0.024330900243309004
Bacteria,Bacteroidetes,Bacteroidia,Bacteroidales,Barnesiellaceae,Barnesiella,None,Bacteria,Firmicutes,Clostridia,Oscillospirales,Ruminococcaceae,UBA1819,None,0.024330900243309004
Bacteria,Bacteroidetes,Bacteroidia,Bacteroidales,Barnesiellaceae,Barnesiella,None,Bacteria,Firmicutes,Clostridia,Oscillospirales,Ruminococcaceae,None,None,0.021897810218978103
Bacteria,Bacteroidetes,Bacteroidia,Bacteroidales,Barnesiellaceae,Barnesiella,None,Bacteria,Firmicutes,Clostridia,Oscillospirales,Eubacterium_coprostanoligenes_group,metagenome,None,0.024330900243309004
Bacteria,Bacteroidetes,Bacteroidia,Bacteroidales,Barnesiellaceae,Barnesiella,None,Bacteria,Firmicutes,Clostridia,Oscillospirales,Eubacterium_coprostanoligenes_group,uncultured_Clostridiales_bacterium,None,0.024330900243309004
Bacteria,Bacteroidetes,Bacteroidia,Bacteroidales,Barnesiellaceae,Barnesiella,None,Bacteria,Firmicutes,Clostridia,Oscillospirales,None,None,None,0.019464720194647202
Bacteria,Bacteroidetes,Bacteroidia,Bacteroidales,Barnesiellaceae,Barnesiella,None,Bacteria,Firmicutes,Clostridia,Peptostreptococcales-Tissierellales,Peptostreptococcaceae,Romboutsia,None,0.024330900243309004
Bacteria,Bacteroidetes,Bacteroidia,Bacteroidales,Barnesiellaceae,Barnesiella,None,Bacteria,Firmicutes,Clostridia,None,None,None,None,0.0170316301703163
Bacteria,Bacteroidetes,Bacteroidia,Bacteroidales,Barnesiellaceae,Barnesiella,None,Bacteria,Firmicutes,Negativicutes,Acidaminococcales,Acidaminococcaceae,Phascolarctobacterium,None,0.024330900243309004
Bacteria,Bacteroidetes,Bacteroidia,Bacteroidales,Barnesiellaceae,Barnesiella,None,Bacteria,Firmicutes,Negativicutes,Veillonellales-Selenomonadales,Veillonellaceae,Veillonella,None,0.024330900243309004
Bacteria,Bacteroidetes,Bacteroidia,Bacteroidales,Barnesiellaceae,Barnesiella,None,Bacteria,Fusobacteriota,Fusobacteriia,Fusobacteriales,Fusobacteriaceae,Fusobacterium,None,0.024330900243309004
Bacteria,Bacteroidetes,Bacteroidia,Bacteroidales,Barnesiellaceae,Barnesiella,None,Bacteria,Proteobacteria,Gammaproteobacteria,Burkholderiales,Neisseriaceae,Neisseria,None,0.024330900243309004
Bacteria,Bacteroidetes,Bacteroidia,Bacteroidales,Barnesiellaceae,Barnesiella,None,Bacteria,Proteobacteria,Gammaproteobacteria,Enterobacterales,Enterobacteriaceae,None,None,0.021897810218978103
Bacteria,Bacteroidetes,Bacteroidia,Bacteroidales,Barnesiellaceae,Barnesiella,None,Bacteria,Proteobacteria,Gammaproteobacteria,Pasteurellales,Pasteurellaceae,Haemophilus,None,0.024330900243309004
Bacteria,Bacteroidetes,Bacteroidia,Bacteroidales,Barnesiellaceae,Barnesiella,None,Bacteria,Proteobacteria,Gammaproteobacteria,Pseudomonadales,Moraxellaceae,Acinetobacter,None,0.024330900243309004
Bacteria,Bacteroidetes,Bacteroidia,Bacteroidales,Barnesiellaceae,Barnesiella,None,Bacteria,Proteobacteria,Gammaproteobacteria,Pseudomonadales,Pseudomonadaceae,Pseudomonas,None,0.024330900243309004
Bacteria,Bacteroidetes,Bacteroidia,Bacteroidales,Barnesiellaceae,Barnesiella,None,Bacteria,Verrucomicrobiota,Verrucomicrobiae,Verrucomicrobiales,Akkermansiaceae,Akkermansia,None,0.024330900243309004
Bacteria,Bacteroidetes,Bacteroidia,Bacteroidales,Marinifilaceae,Butyricimonas,None,Bacteria,Bacteroidetes,Bacteroidia,Bacteroidales,Marinifilaceae,Odoribacter,None,0.004866180048661801
Bacteria,Bacteroidetes,Bacteroidia,Bacteroidales,Marinifilaceae,Butyricimonas,None,Bacteria,Bacteroidetes,Bacteroidia,Bacteroidales,Muribaculaceae,metagenome,None,0.009732360097323601
Bacteria,Bacteroidetes,Bacteroidia,Bacteroidales,Marinifilaceae,Butyricimonas,None,Bacteria,Bacteroidetes,Bacteroidia,Bacteroidales,Rikenellaceae,Alistipes,Alistipes_ihumii_AP11,0.012165450121654502
Bacteria,Bacteroidetes,Bacteroidia,Bacteroidales,Marinifilaceae,Butyricimonas,None,Bacteria,Bacteroidetes,Bacteroidia,Bacteroidales,Rikenellaceae,Alistipes,None,0.009732360097323601
Bacteria,Bacteroidetes,Bacteroidia,Bacteroidales,Marinifilaceae,Butyricimonas,None,Bacteria,Bacteroidetes,Bacteroidia,Bacteroidales,Tannerellaceae,Parabacteroides,metagenome,0.012165450121654502
Bacteria,Bacteroidetes,Bacteroidia,Bacteroidales,Marinifilaceae,Butyricimonas,None,Bacteria,Firmicutes,Bacilli,Erysipelotrichales,Erysipelatoclostridiaceae,Erysipelatoclostridium,Clostridium_spiroforme_DSM_1552,0.0267639902676399
Bacteria,Bacteroidetes,Bacteroidia,Bacteroidales,Marinifilaceae,Butyricimonas,None,Bacteria,Firmicutes,Bacilli,Erysipelotrichales,Erysipelatoclostridiaceae,Erysipelotrichaceae_UCG-003,None,0.024330900243309004
Bacteria,Bacteroidetes,Bacteroidia,Bacteroidales,Marinifilaceae,Butyricimonas,None,Bacteria,Firmicutes,Bacilli,Erysipelotrichales,Erysipelotrichaceae,Clostridium_innocuum_group,None,0.024330900243309004
Bacteria,Bacteroidetes,Bacteroidia,Bacteroidales,Marinifilaceae,Butyricimonas,None,Bacteria,Firmicutes,Bacilli,Lactobacillales,Streptococcaceae,Streptococcus,Streptococcus_mutans,0.0267639902676399
Bacteria,Bacteroidetes,Bacteroidia,Bacteroidales,Marinifilaceae,Butyricimonas,None,Bacteria,Firmicutes,Bacilli,Lactobacillales,Streptococcaceae,Streptococcus,None,0.024330900243309004
Bacteria,Bacteroidetes,Bacteroidia,Bacteroidales,Marinifilaceae,Butyricimonas,None,Bacteria,Firmicutes,Bacilli,RF39,None,None,None,0.019464720194647202
Bacteria,Bacteroidetes,Bacteroidia,Bacteroidales,Marinifilaceae,Butyricimonas,None,Bacteria,Firmicutes,Bacilli,Staphylococcales,Staphylococcaceae,Staphylococcus,None,0.024330900243309004
Bacteria,Bacteroidetes,Bacteroidia,Bacteroidales,Marinifilaceae,Butyricimonas,None,Bacteria,Firmicutes,Clostridia,Clostridiales,Clostridiaceae,Clostridium_sensu_stricto_1,None,0.024330900243309004
Bacteria,Bacteroidetes,Bacteroidia,Bacteroidales,Marinifilaceae,Butyricimonas,None,Bacteria,Firmicutes,Clostridia,Lachnospirales,Lachnospiraceae,Agathobacter,None,0.024330900243309004
Bacteria,Bacteroidetes,Bacteroidia,Bacteroidales,Marinifilaceae,Butyricimonas,None,Bacteria,Firmicutes,Clostridia,Lachnospirales,Lachnospiraceae,Anaerostipes,uncultured_Lachnospiraceae_bacterium,0.0267639902676399
Bacteria,Bacteroidetes,Bacteroidia,Bacteroidales,Marinifilaceae,Butyricimonas,None,Bacteria,Firmicutes,Clostridia,Lachnospirales,Lachnospiraceae,Blautia,bacterium_mpn-isolate_group_20,0.0267639902676399
Bacteria,Bacteroidetes,Bacteroidia,Bacteroidales,Marinifilaceae,Butyricimonas,None,Bacteria,Firmicutes,Clostridia,Lachnospirales,Lachnospiraceae,Blautia,uncultured_Blautia_sp.,0.0267639902676399
Bacteria,Bacteroidetes,Bacteroidia,Bacteroidales,Marinifilaceae,Butyricimonas,None,Bacteria,Firmicutes,Clostridia,Lachnospirales,Lachnospiraceae,CAG-56,None,0.024330900243309004
Bacteria,Bacteroidetes,Bacteroidia,Bacteroidales,Marinifilaceae,Butyricimonas,None,Bacteria,Firmicutes,Clostridia,Lachnospirales,Lachnospiraceae,Coprococcus,None,0.024330900243309004
Bacteria,Bacteroidetes,Bacteroidia,Bacteroidales,Marinifilaceae,Butyricimonas,None,Bacteria,Firmicutes,Clostridia,Lachnospirales,Lachnospiraceae,Dorea,None,0.024330900243309004
Bacteria,Bacteroidetes,Bacteroidia,Bacteroidales,Marinifilaceae,Butyricimonas,None,Bacteria,Firmicutes,Clostridia,Lachnospirales,Lachnospiraceae,Fusicatenibacter,uncultured_Lachnospiraceae_bacterium,0.0267639902676399
Bacteria,Bacteroidetes,Bacteroidia,Bacteroidales,Marinifilaceae,Butyricimonas,None,Bacteria,Firmicutes,Clostridia,Lachnospirales,Lachnospiraceae,Lachnospira,uncultured_Lachnospiraceae_bacterium,0.0267639902676399
Bacteria,Bacteroidetes,Bacteroidia,Bacteroidales,Marinifilaceae,Butyricimonas,None,Bacteria,Firmicutes,Clostridia,Lachnospirales,Lachnospiraceae,Lachnospiraceae_NK4A136_group,None,0.024330900243309004
Bacteria,Bacteroidetes,Bacteroidia,Bacteroidales,Marinifilaceae,Butyricimonas,None,Bacteria,Firmicutes,Clostridia,Lachnospirales,Lachnospiraceae,Lachnospiraceae_UCG-001,uncultured_Firmicutes_bacterium,0.0267639902676399
Bacteria,Bacteroidetes,Bacteroidia,Bacteroidales,Marinifilaceae,Butyricimonas,None,Bacteria,Firmicutes,Clostridia,Lachnospirales,Lachnospiraceae,Roseburia,None,0.024330900243309004
Bacteria,Bacteroidetes,Bacteroidia,Bacteroidales,Marinifilaceae,Butyricimonas,None,Bacteria,Firmicutes,Clostridia,Lachnospirales,Lachnospiraceae,Eubacterium_eligens_group,None,0.024330900243309004
Bacteria,Bacteroidetes,Bacteroidia,Bacteroidales,Marinifilaceae,Butyricimonas,None,Bacteria,Firmicutes,Clostridia,Lachnospirales,Lachnospiraceae,Eubacterium_xylanophilum_group,None,0.024330900243309004
Bacteria,Bacteroidetes,Bacteroidia,Bacteroidales,Marinifilaceae,Butyricimonas,None,Bacteria,Firmicutes,Clostridia,Lachnospirales,Lachnospiraceae,Ruminococcus_gauvreauii_group,uncultured_Lachnospiraceae_bacterium,0.0267639902676399
Bacteria,Bacteroidetes,Bacteroidia,Bacteroidales,Marinifilaceae,Butyricimonas,None,Bacteria,Firmicutes,Clostridia,Lachnospirales,Lachnospiraceae,Ruminococcus_torques_group,Clostridiaceae_bacterium_LEMV78,0.0267639902676399
Bacteria,Bacteroidetes,Bacteroidia,Bacteroidales,Marinifilaceae,Butyricimonas,None,Bacteria,Firmicutes,Clostridia,Oscillospirales,Butyricicoccaceae,UCG-009,metagenome,0.0267639902676399
Bacteria,Bacteroidetes,Bacteroidia,Bacteroidales,Marinifilaceae,Butyricimonas,None,Bacteria,Firmicutes,Clostridia,Oscillospirales,Oscillospiraceae,Colidextribacter,None,0.024330900243309004
Bacteria,Bacteroidetes,Bacteroidia,Bacteroidales,Marinifilaceae,Butyricimonas,None,Bacteria,Firmicutes,Clostridia,Oscillospirales,Oscillospiraceae,Flavonifractor,None,0.024330900243309004
Bacteria,Bacteroidetes,Bacteroidia,Bacteroidales,Marinifilaceae,Butyricimonas,None,Bacteria,Firmicutes,Clostridia,Oscillospirales,Oscillospiraceae,NK4A214_group,metagenome,0.0267639902676399
Bacteria,Bacteroidetes,Bacteroidia,Bacteroidales,Marinifilaceae,Butyricimonas,None,Bacteria,Firmicutes,Clostridia,Oscillospirales,Oscillospiraceae,UCG-002,None,0.024330900243309004
Bacteria,Bacteroidetes,Bacteroidia,Bacteroidales,Marinifilaceae,Butyricimonas,None,Bacteria,Firmicutes,Clostridia,Oscillospirales,Oscillospiraceae,UCG-003,None,0.024330900243309004
Bacteria,Bacteroidetes,Bacteroidia,Bacteroidales,Marinifilaceae,Butyricimonas,None,Bacteria,Firmicutes,Clostridia,Oscillospirales,Oscillospiraceae,UCG-005,None,0.024330900243309004
Bacteria,Bacteroidetes,Bacteroidia,Bacteroidales,Marinifilaceae,Butyricimonas,None,Bacteria,Firmicutes,Clostridia,Oscillospirales,Ruminococcaceae,Candidatus_Soleaferrea,Neobitarella_massiliensis,0.0267639902676399
Bacteria,Bacteroidetes,Bacteroidia,Bacteroidales,Marinifilaceae,Butyricimonas,None,Bacteria,Firmicutes,Clostridia,Oscillospirales,Ruminococcaceae,Faecalibacterium,None,0.024330900243309004
Bacteria,Bacteroidetes,Bacteroidia,Bacteroidales,Marinifilaceae,Butyricimonas,None,Bacteria,Firmicutes,Clostridia,Oscillospirales,Ruminococcaceae,Incertae_Sedis,metagenome,0.0267639902676399
Bacteria,Bacteroidetes,Bacteroidia,Bacteroidales,Marinifilaceae,Butyricimonas,None,Bacteria,Firmicutes,Clostridia,Oscillospirales,Ruminococcaceae,Incertae_Sedis,None,0.024330900243309004
Bacteria,Bacteroidetes,Bacteroidia,Bacteroidales,Marinifilaceae,Butyricimonas,None,Bacteria,Firmicutes,Clostridia,Oscillospirales,Ruminococcaceae,Paludicola,metagenome,0.0267639902676399
Bacteria,Bacteroidetes,Bacteroidia,Bacteroidales,Marinifilaceae,Butyricimonas,None,Bacteria,Firmicutes,Clostridia,Oscillospirales,Ruminococcaceae,Ruminococcus,None,0.024330900243309004
Bacteria,Bacteroidetes,Bacteroidia,Bacteroidales,Marinifilaceae,Butyricimonas,None,Bacteria,Firmicutes,Clostridia,Oscillospirales,Ruminococcaceae,Subdoligranulum,None,0.024330900243309004
Bacteria,Bacteroidetes,Bacteroidia,Bacteroidales,Marinifilaceae,Butyricimonas,None,Bacteria,Firmicutes,Clostridia,Oscillospirales,Ruminococcaceae,UBA1819,None,0.024330900243309004
Bacteria,Bacteroidetes,Bacteroidia,Bacteroidales,Marinifilaceae,Butyricimonas,None,Bacteria,Firmicutes,Clostridia,Oscillospirales,Ruminococcaceae,None,None,0.021897810218978103
Bacteria,Bacteroidetes,Bacteroidia,Bacteroidales,Marinifilaceae,Butyricimonas,None,Bacteria,Firmicutes,Clostridia,Oscillospirales,Eubacterium_coprostanoligenes_group,metagenome,None,0.024330900243309004
Bacteria,Bacteroidetes,Bacteroidia,Bacteroidales,Marinifilaceae,Butyricimonas,None,Bacteria,Firmicutes,Clostridia,Oscillospirales,Eubacterium_coprostanoligenes_group,uncultured_Clostridiales_bacterium,None,0.024330900243309004
Bacteria,Bacteroidetes,Bacteroidia,Bacteroidales,Marinifilaceae,Butyricimonas,None,Bacteria,Firmicutes,Clostridia,Oscillospirales,None,None,None,0.019464720194647202
Bacteria,Bacteroidetes,Bacteroidia,Bacteroidales,Marinifilaceae,Butyricimonas,None,Bacteria,Firmicutes,Clostridia,Peptostreptococcales-Tissierellales,Peptostreptococcaceae,Romboutsia,None,0.024330900243309004
Bacteria,Bacteroidetes,Bacteroidia,Bacteroidales,Marinifilaceae,Butyricimonas,None,Bacteria,Firmicutes,Clostridia,None,None,None,None,0.0170316301703163
Bacteria,Bacteroidetes,Bacteroidia,Bacteroidales,Marinifilaceae,Butyricimonas,None,Bacteria,Firmicutes,Negativicutes,Acidaminococcales,Acidaminococcaceae,Phascolarctobacterium,None,0.024330900243309004
Bacteria,Bacteroidetes,Bacteroidia,Bacteroidales,Marinifilaceae,Butyricimonas,None,Bacteria,Firmicutes,Negativicutes,Veillonellales-Selenomonadales,Veillonellaceae,Veillonella,None,0.024330900243309004
Bacteria,Bacteroidetes,Bacteroidia,Bacteroidales,Marinifilaceae,Butyricimonas,None,Bacteria,Fusobacteriota,Fusobacteriia,Fusobacteriales,Fusobacteriaceae,Fusobacterium,None,0.024330900243309004
Bacteria,Bacteroidetes,Bacteroidia,Bacteroidales,Marinifilaceae,Butyricimonas,None,Bacteria,Proteobacteria,Gammaproteobacteria,Burkholderiales,Neisseriaceae,Neisseria,None,0.024330900243309004
Bacteria,Bacteroidetes,Bacteroidia,Bacteroidales,Marinifilaceae,Butyricimonas,None,Bacteria,Proteobacteria,Gammaproteobacteria,Enterobacterales,Enterobacteriaceae,None,None,0.021897810218978103
Bacteria,Bacteroidetes,Bacteroidia,Bacteroidales,Marinifilaceae,Butyricimonas,None,Bacteria,Proteobacteria,Gammaproteobacteria,Pasteurellales,Pasteurellaceae,Haemophilus,None,0.024330900243309004
Bacteria,Bacteroidetes,Bacteroidia,Bacteroidales,Marinifilaceae,Butyricimonas,None,Bacteria,Proteobacteria,Gammaproteobacteria,Pseudomonadales,Moraxellaceae,Acinetobacter,None,0.024330900243309004
Bacteria,Bacteroidetes,Bacteroidia,Bacteroidales,Marinifilaceae,Butyricimonas,None,Bacteria,Proteobacteria,Gammaproteobacteria,Pseudomonadales,Pseudomonadaceae,Pseudomonas,None,0.024330900243309004
Bacteria,Bacteroidetes,Bacteroidia,Bacteroidales,Marinifilaceae,Butyricimonas,None,Bacteria,Verrucomicrobiota,Verrucomicrobiae,Verrucomicrobiales,Akkermansiaceae,Akkermansia,None,0.024330900243309004
Bacteria,Bacteroidetes,Bacteroidia,Bacteroidales,Marinifilaceae,Odoribacter,None,Bacteria,Bacteroidetes,Bacteroidia,Bacteroidales,Muribaculaceae,metagenome,None,0.009732360097323601
Bacteria,Bacteroidetes,Bacteroidia,Bacteroidales,Marinifilaceae,Odoribacter,None,Bacteria,Bacteroidetes,Bacteroidia,Bacteroidales,Rikenellaceae,Alistipes,Alistipes_ihumii_AP11,0.012165450121654502
Bacteria,Bacteroidetes,Bacteroidia,Bacteroidales,Marinifilaceae,Odoribacter,None,Bacteria,Bacteroidetes,Bacteroidia,Bacteroidales,Rikenellaceae,Alistipes,None,0.009732360097323601
Bacteria,Bacteroidetes,Bacteroidia,Bacteroidales,Marinifilaceae,Odoribacter,None,Bacteria,Bacteroidetes,Bacteroidia,Bacteroidales,Tannerellaceae,Parabacteroides,metagenome,0.012165450121654502
Bacteria,Bacteroidetes,Bacteroidia,Bacteroidales,Marinifilaceae,Odoribacter,None,Bacteria,Firmicutes,Bacilli,Erysipelotrichales,Erysipelatoclostridiaceae,Erysipelatoclostridium,Clostridium_spiroforme_DSM_1552,0.0267639902676399
Bacteria,Bacteroidetes,Bacteroidia,Bacteroidales,Marinifilaceae,Odoribacter,None,Bacteria,Firmicutes,Bacilli,Erysipelotrichales,Erysipelatoclostridiaceae,Erysipelotrichaceae_UCG-003,None,0.024330900243309004
Bacteria,Bacteroidetes,Bacteroidia,Bacteroidales,Marinifilaceae,Odoribacter,None,Bacteria,Firmicutes,Bacilli,Erysipelotrichales,Erysipelotrichaceae,Clostridium_innocuum_group,None,0.024330900243309004
Bacteria,Bacteroidetes,Bacteroidia,Bacteroidales,Marinifilaceae,Odoribacter,None,Bacteria,Firmicutes,Bacilli,Lactobacillales,Streptococcaceae,Streptococcus,Streptococcus_mutans,0.0267639902676399
Bacteria,Bacteroidetes,Bacteroidia,Bacteroidales,Marinifilaceae,Odoribacter,None,Bacteria,Firmicutes,Bacilli,Lactobacillales,Streptococcaceae,Streptococcus,None,0.024330900243309004
Bacteria,Bacteroidetes,Bacteroidia,Bacteroidales,Marinifilaceae,Odoribacter,None,Bacteria,Firmicutes,Bacilli,RF39,None,None,None,0.019464720194647202
Bacteria,Bacteroidetes,Bacteroidia,Bacteroidales,Marinifilaceae,Odoribacter,None,Bacteria,Firmicutes,Bacilli,Staphylococcales,Staphylococcaceae,Staphylococcus,None,0.024330900243309004
Bacteria,Bacteroidetes,Bacteroidia,Bacteroidales,Marinifilaceae,Odoribacter,None,Bacteria,Firmicutes,Clostridia,Clostridiales,Clostridiaceae,Clostridium_sensu_stricto_1,None,0.024330900243309004
Bacteria,Bacteroidetes,Bacteroidia,Bacteroidales,Marinifilaceae,Odoribacter,None,Bacteria,Firmicutes,Clostridia,Lachnospirales,Lachnospiraceae,Agathobacter,None,0.024330900243309004
Bacteria,Bacteroidetes,Bacteroidia,Bacteroidales,Marinifilaceae,Odoribacter,None,Bacteria,Firmicutes,Clostridia,Lachnospirales,Lachnospiraceae,Anaerostipes,uncultured_Lachnospiraceae_bacterium,0.0267639902676399
Bacteria,Bacteroidetes,Bacteroidia,Bacteroidales,Marinifilaceae,Odoribacter,None,Bacteria,Firmicutes,Clostridia,Lachnospirales,Lachnospiraceae,Blautia,bacterium_mpn-isolate_group_20,0.0267639902676399
Bacteria,Bacteroidetes,Bacteroidia,Bacteroidales,Marinifilaceae,Odoribacter,None,Bacteria,Firmicutes,Clostridia,Lachnospirales,Lachnospiraceae,Blautia,uncultured_Blautia_sp.,0.0267639902676399
Bacteria,Bacteroidetes,Bacteroidia,Bacteroidales,Marinifilaceae,Odoribacter,None,Bacteria,Firmicutes,Clostridia,Lachnospirales,Lachnospiraceae,CAG-56,None,0.024330900243309004
Bacteria,Bacteroidetes,Bacteroidia,Bacteroidales,Marinifilaceae,Odoribacter,None,Bacteria,Firmicutes,Clostridia,Lachnospirales,Lachnospiraceae,Coprococcus,None,0.024330900243309004
Bacteria,Bacteroidetes,Bacteroidia,Bacteroidales,Marinifilaceae,Odoribacter,None,Bacteria,Firmicutes,Clostridia,Lachnospirales,Lachnospiraceae,Dorea,None,0.024330900243309004
Bacteria,Bacteroidetes,Bacteroidia,Bacteroidales,Marinifilaceae,Odoribacter,None,Bacteria,Firmicutes,Clostridia,Lachnospirales,Lachnospiraceae,Fusicatenibacter,uncultured_Lachnospiraceae_bacterium,0.0267639902676399
Bacteria,Bacteroidetes,Bacteroidia,Bacteroidales,Marinifilaceae,Odoribacter,None,Bacteria,Firmicutes,Clostridia,Lachnospirales,Lachnospiraceae,Lachnospira,uncultured_Lachnospiraceae_bacterium,0.0267639902676399
Bacteria,Bacteroidetes,Bacteroidia,Bacteroidales,Marinifilaceae,Odoribacter,None,Bacteria,Firmicutes,Clostridia,Lachnospirales,Lachnospiraceae,Lachnospiraceae_NK4A136_group,None,0.024330900243309004
Bacteria,Bacteroidetes,Bacteroidia,Bacteroidales,Marinifilaceae,Odoribacter,None,Bacteria,Firmicutes,Clostridia,Lachnospirales,Lachnospiraceae,Lachnospiraceae_UCG-001,uncultured_Firmicutes_bacterium,0.0267639902676399
Bacteria,Bacteroidetes,Bacteroidia,Bacteroidales,Marinifilaceae,Odoribacter,None,Bacteria,Firmicutes,Clostridia,Lachnospirales,Lachnospiraceae,Roseburia,None,0.024330900243309004
Bacteria,Bacteroidetes,Bacteroidia,Bacteroidales,Marinifilaceae,Odoribacter,None,Bacteria,Firmicutes,Clostridia,Lachnospirales,Lachnospiraceae,Eubacterium_eligens_group,None,0.024330900243309004
Bacteria,Bacteroidetes,Bacteroidia,Bacteroidales,Marinifilaceae,Odoribacter,None,Bacteria,Firmicutes,Clostridia,Lachnospirales,Lachnospiraceae,Eubacterium_xylanophilum_group,None,0.024330900243309004
Bacteria,Bacteroidetes,Bacteroidia,Bacteroidales,Marinifilaceae,Odoribacter,None,Bacteria,Firmicutes,Clostridia,Lachnospirales,Lachnospiraceae,Ruminococcus_gauvreauii_group,uncultured_Lachnospiraceae_bacterium,0.0267639902676399
Bacteria,Bacteroidetes,Bacteroidia,Bacteroidales,Marinifilaceae,Odoribacter,None,Bacteria,Firmicutes,Clostridia,Lachnospirales,Lachnospiraceae,Ruminococcus_torques_group,Clostridiaceae_bacterium_LEMV78,0.0267639902676399
Bacteria,Bacteroidetes,Bacteroidia,Bacteroidales,Marinifilaceae,Odoribacter,None,Bacteria,Firmicutes,Clostridia,Oscillospirales,Butyricicoccaceae,UCG-009,metagenome,0.0267639902676399
Bacteria,Bacteroidetes,Bacteroidia,Bacteroidales,Marinifilaceae,Odoribacter,None,Bacteria,Firmicutes,Clostridia,Oscillospirales,Oscillospiraceae,Colidextribacter,None,0.024330900243309004
Bacteria,Bacteroidetes,Bacteroidia,Bacteroidales,Marinifilaceae,Odoribacter,None,Bacteria,Firmicutes,Clostridia,Oscillospirales,Oscillospiraceae,Flavonifractor,None,0.024330900243309004
Bacteria,Bacteroidetes,Bacteroidia,Bacteroidales,Marinifilaceae,Odoribacter,None,Bacteria,Firmicutes,Clostridia,Oscillospirales,Oscillospiraceae,NK4A214_group,metagenome,0.0267639902676399
Bacteria,Bacteroidetes,Bacteroidia,Bacteroidales,Marinifilaceae,Odoribacter,None,Bacteria,Firmicutes,Clostridia,Oscillospirales,Oscillospiraceae,UCG-002,None,0.024330900243309004
Bacteria,Bacteroidetes,Bacteroidia,Bacteroidales,Marinifilaceae,Odoribacter,None,Bacteria,Firmicutes,Clostridia,Oscillospirales,Oscillospiraceae,UCG-003,None,0.024330900243309004
Bacteria,Bacteroidetes,Bacteroidia,Bacteroidales,Marinifilaceae,Odoribacter,None,Bacteria,Firmicutes,Clostridia,Oscillospirales,Oscillospiraceae,UCG-005,None,0.024330900243309004
Bacteria,Bacteroidetes,Bacteroidia,Bacteroidales,Marinifilaceae,Odoribacter,None,Bacteria,Firmicutes,Clostridia,Oscillospirales,Ruminococcaceae,Candidatus_Soleaferrea,Neobitarella_massiliensis,0.0267639902676399
Bacteria,Bacteroidetes,Bacteroidia,Bacteroidales,Marinifilaceae,Odoribacter,None,Bacteria,Firmicutes,Clostridia,Oscillospirales,Ruminococcaceae,Faecalibacterium,None,0.024330900243309004
Bacteria,Bacteroidetes,Bacteroidia,Bacteroidales,Marinifilaceae,Odoribacter,None,Bacteria,Firmicutes,Clostridia,Oscillospirales,Ruminococcaceae,Incertae_Sedis,metagenome,0.0267639902676399
Bacteria,Bacteroidetes,Bacteroidia,Bacteroidales,Marinifilaceae,Odoribacter,None,Bacteria,Firmicutes,Clostridia,Oscillospirales,Ruminococcaceae,Incertae_Sedis,None,0.024330900243309004
Bacteria,Bacteroidetes,Bacteroidia,Bacteroidales,Marinifilaceae,Odoribacter,None,Bacteria,Firmicutes,Clostridia,Oscillospirales,Ruminococcaceae,Paludicola,metagenome,0.0267639902676399
Bacteria,Bacteroidetes,Bacteroidia,Bacteroidales,Marinifilaceae,Odoribacter,None,Bacteria,Firmicutes,Clostridia,Oscillospirales,Ruminococcaceae,Ruminococcus,None,0.024330900243309004
Bacteria,Bacteroidetes,Bacteroidia,Bacteroidales,Marinifilaceae,Odoribacter,None,Bacteria,Firmicutes,Clostridia,Oscillospirales,Ruminococcaceae,Subdoligranulum,None,0.024330900243309004
Bacteria,Bacteroidetes,Bacteroidia,Bacteroidales,Marinifilaceae,Odoribacter,None,Bacteria,Firmicutes,Clostridia,Oscillospirales,Ruminococcaceae,UBA1819,None,0.024330900243309004
Bacteria,Bacteroidetes,Bacteroidia,Bacteroidales,Marinifilaceae,Odoribacter,None,Bacteria,Firmicutes,Clostridia,Oscillospirales,Ruminococcaceae,None,None,0.021897810218978103
Bacteria,Bacteroidetes,Bacteroidia,Bacteroidales,Marinifilaceae,Odoribacter,None,Bacteria,Firmicutes,Clostridia,Oscillospirales,Eubacterium_coprostanoligenes_group,metagenome,None,0.024330900243309004
Bacteria,Bacteroidetes,Bacteroidia,Bacteroidales,Marinifilaceae,Odoribacter,None,Bacteria,Firmicutes,Clostridia,Oscillospirales,Eubacterium_coprostanoligenes_group,uncultured_Clostridiales_bacterium,None,0.024330900243309004
Bacteria,Bacteroidetes,Bacteroidia,Bacteroidales,Marinifilaceae,Odoribacter,None,Bacteria,Firmicutes,Clostridia,Oscillospirales,None,None,None,0.019464720194647202
Bacteria,Bacteroidetes,Bacteroidia,Bacteroidales,Marinifilaceae,Odoribacter,None,Bacteria,Firmicutes,Clostridia,Peptostreptococcales-Tissierellales,Peptostreptococcaceae,Romboutsia,None,0.024330900243309004
Bacteria,Bacteroidetes,Bacteroidia,Bacteroidales,Marinifilaceae,Odoribacter,None,Bacteria,Firmicutes,Clostridia,None,None,None,None,0.0170316301703163
Bacteria,Bacteroidetes,Bacteroidia,Bacteroidales,Marinifilaceae,Odoribacter,None,Bacteria,Firmicutes,Negativicutes,Acidaminococcales,Acidaminococcaceae,Phascolarctobacterium,None,0.024330900243309004
Bacteria,Bacteroidetes,Bacteroidia,Bacteroidales,Marinifilaceae,Odoribacter,None,Bacteria,Firmicutes,Negativicutes,Veillonellales-Selenomonadales,Veillonellaceae,Veillonella,None,0.024330900243309004
Bacteria,Bacteroidetes,Bacteroidia,Bacteroidales,Marinifilaceae,Odoribacter,None,Bacteria,Fusobacteriota,Fusobacteriia,Fusobacteriales,Fusobacteriaceae,Fusobacterium,None,0.024330900243309004
Bacteria,Bacteroidetes,Bacteroidia,Bacteroidales,Marinifilaceae,Odoribacter,None,Bacteria,Proteobacteria,Gammaproteobacteria,Burkholderiales,Neisseriaceae,Neisseria,None,0.024330900243309004
Bacteria,Bacteroidetes,Bacteroidia,Bacteroidales,Marinifilaceae,Odoribacter,None,Bacteria,Proteobacteria,Gammaproteobacteria,Enterobacterales,Enterobacteriaceae,None,None,0.021897810218978103
Bacteria,Bacteroidetes,Bacteroidia,Bacteroidales,Marinifilaceae,Odoribacter,None,Bacteria,Proteobacteria,Gammaproteobacteria,Pasteurellales,Pasteurellaceae,Haemophilus,None,0.024330900243309004
Bacteria,Bacteroidetes,Bacteroidia,Bacteroidales,Marinifilaceae,Odoribacter,None,Bacteria,Proteobacteria,Gammaproteobacteria,Pseudomonadales,Moraxellaceae,Acinetobacter,None,0.024330900243309004
Bacteria,Bacteroidetes,Bacteroidia,Bacteroidales,Marinifilaceae,Odoribacter,None,Bacteria,Proteobacteria,Gammaproteobacteria,Pseudomonadales,Pseudomonadaceae,Pseudomonas,None,0.024330900243309004
Bacteria,Bacteroidetes,Bacteroidia,Bacteroidales,Marinifilaceae,Odoribacter,None,Bacteria,Verrucomicrobiota,Verrucomicrobiae,Verrucomicrobiales,Akkermansiaceae,Akkermansia,None,0.024330900243309004
Bacteria,Bacteroidetes,Bacteroidia,Bacteroidales,Muribaculaceae,metagenome,None,Bacteria,Bacteroidetes,Bacteroidia,Bacteroidales,Rikenellaceae,Alistipes,Alistipes_ihumii_AP11,0.012165450121654502
Bacteria,Bacteroidetes,Bacteroidia,Bacteroidales,Muribaculaceae,metagenome,None,Bacteria,Bacteroidetes,Bacteroidia,Bacteroidales,Rikenellaceae,Alistipes,None,0.009732360097323601
Bacteria,Bacteroidetes,Bacteroidia,Bacteroidales,Muribaculaceae,metagenome,None,Bacteria,Bacteroidetes,Bacteroidia,Bacteroidales,Tannerellaceae,Parabacteroides,metagenome,0.012165450121654502
Bacteria,Bacteroidetes,Bacteroidia,Bacteroidales,Muribaculaceae,metagenome,None,Bacteria,Firmicutes,Bacilli,Erysipelotrichales,Erysipelatoclostridiaceae,Erysipelatoclostridium,Clostridium_spiroforme_DSM_1552,0.0267639902676399
Bacteria,Bacteroidetes,Bacteroidia,Bacteroidales,Muribaculaceae,metagenome,None,Bacteria,Firmicutes,Bacilli,Erysipelotrichales,Erysipelatoclostridiaceae,Erysipelotrichaceae_UCG-003,None,0.024330900243309004
Bacteria,Bacteroidetes,Bacteroidia,Bacteroidales,Muribaculaceae,metagenome,None,Bacteria,Firmicutes,Bacilli,Erysipelotrichales,Erysipelotrichaceae,Clostridium_innocuum_group,None,0.024330900243309004
Bacteria,Bacteroidetes,Bacteroidia,Bacteroidales,Muribaculaceae,metagenome,None,Bacteria,Firmicutes,Bacilli,Lactobacillales,Streptococcaceae,Streptococcus,Streptococcus_mutans,0.0267639902676399
Bacteria,Bacteroidetes,Bacteroidia,Bacteroidales,Muribaculaceae,metagenome,None,Bacteria,Firmicutes,Bacilli,Lactobacillales,Streptococcaceae,Streptococcus,None,0.024330900243309004
Bacteria,Bacteroidetes,Bacteroidia,Bacteroidales,Muribaculaceae,metagenome,None,Bacteria,Firmicutes,Bacilli,RF39,None,None,None,0.019464720194647202
Bacteria,Bacteroidetes,Bacteroidia,Bacteroidales,Muribaculaceae,metagenome,None,Bacteria,Firmicutes,Bacilli,Staphylococcales,Staphylococcaceae,Staphylococcus,None,0.024330900243309004
Bacteria,Bacteroidetes,Bacteroidia,Bacteroidales,Muribaculaceae,metagenome,None,Bacteria,Firmicutes,Clostridia,Clostridiales,Clostridiaceae,Clostridium_sensu_stricto_1,None,0.024330900243309004
Bacteria,Bacteroidetes,Bacteroidia,Bacteroidales,Muribaculaceae,metagenome,None,Bacteria,Firmicutes,Clostridia,Lachnospirales,Lachnospiraceae,Agathobacter,None,0.024330900243309004
Bacteria,Bacteroidetes,Bacteroidia,Bacteroidales,Muribaculaceae,metagenome,None,Bacteria,Firmicutes,Clostridia,Lachnospirales,Lachnospiraceae,Anaerostipes,uncultured_Lachnospiraceae_bacterium,0.0267639902676399
Bacteria,Bacteroidetes,Bacteroidia,Bacteroidales,Muribaculaceae,metagenome,None,Bacteria,Firmicutes,Clostridia,Lachnospirales,Lachnospiraceae,Blautia,bacterium_mpn-isolate_group_20,0.0267639902676399
Bacteria,Bacteroidetes,Bacteroidia,Bacteroidales,Muribaculaceae,metagenome,None,Bacteria,Firmicutes,Clostridia,Lachnospirales,Lachnospiraceae,Blautia,uncultured_Blautia_sp.,0.0267639902676399
Bacteria,Bacteroidetes,Bacteroidia,Bacteroidales,Muribaculaceae,metagenome,None,Bacteria,Firmicutes,Clostridia,Lachnospirales,Lachnospiraceae,CAG-56,None,0.024330900243309004
Bacteria,Bacteroidetes,Bacteroidia,Bacteroidales,Muribaculaceae,metagenome,None,Bacteria,Firmicutes,Clostridia,Lachnospirales,Lachnospiraceae,Coprococcus,None,0.024330900243309004
Bacteria,Bacteroidetes,Bacteroidia,Bacteroidales,Muribaculaceae,metagenome,None,Bacteria,Firmicutes,Clostridia,Lachnospirales,Lachnospiraceae,Dorea,None,0.024330900243309004
Bacteria,Bacteroidetes,Bacteroidia,Bacteroidales,Muribaculaceae,metagenome,None,Bacteria,Firmicutes,Clostridia,Lachnospirales,Lachnospiraceae,Fusicatenibacter,uncultured_Lachnospiraceae_bacterium,0.0267639902676399
Bacteria,Bacteroidetes,Bacteroidia,Bacteroidales,Muribaculaceae,metagenome,None,Bacteria,Firmicutes,Clostridia,Lachnospirales,Lachnospiraceae,Lachnospira,uncultured_Lachnospiraceae_bacterium,0.0267639902676399
Bacteria,Bacteroidetes,Bacteroidia,Bacteroidales,Muribaculaceae,metagenome,None,Bacteria,Firmicutes,Clostridia,Lachnospirales,Lachnospiraceae,Lachnospiraceae_NK4A136_group,None,0.024330900243309004
Bacteria,Bacteroidetes,Bacteroidia,Bacteroidales,Muribaculaceae,metagenome,None,Bacteria,Firmicutes,Clostridia,Lachnospirales,Lachnospiraceae,Lachnospiraceae_UCG-001,uncultured_Firmicutes_bacterium,0.0267639902676399
Bacteria,Bacteroidetes,Bacteroidia,Bacteroidales,Muribaculaceae,metagenome,None,Bacteria,Firmicutes,Clostridia,Lachnospirales,Lachnospiraceae,Roseburia,None,0.024330900243309004
Bacteria,Bacteroidetes,Bacteroidia,Bacteroidales,Muribaculaceae,metagenome,None,Bacteria,Firmicutes,Clostridia,Lachnospirales,Lachnospiraceae,Eubacterium_eligens_group,None,0.024330900243309004
Bacteria,Bacteroidetes,Bacteroidia,Bacteroidales,Muribaculaceae,metagenome,None,Bacteria,Firmicutes,Clostridia,Lachnospirales,Lachnospiraceae,Eubacterium_xylanophilum_group,None,0.024330900243309004
Bacteria,Bacteroidetes,Bacteroidia,Bacteroidales,Muribaculaceae,metagenome,None,Bacteria,Firmicutes,Clostridia,Lachnospirales,Lachnospiraceae,Ruminococcus_gauvreauii_group,uncultured_Lachnospiraceae_bacterium,0.0267639902676399
Bacteria,Bacteroidetes,Bacteroidia,Bacteroidales,Muribaculaceae,metagenome,None,Bacteria,Firmicutes,Clostridia,Lachnospirales,Lachnospiraceae,Ruminococcus_torques_group,Clostridiaceae_bacterium_LEMV78,0.0267639902676399
Bacteria,Bacteroidetes,Bacteroidia,Bacteroidales,Muribaculaceae,metagenome,None,Bacteria,Firmicutes,Clostridia,Oscillospirales,Butyricicoccaceae,UCG-009,metagenome,0.0267639902676399
Bacteria,Bacteroidetes,Bacteroidia,Bacteroidales,Muribaculaceae,metagenome,None,Bacteria,Firmicutes,Clostridia,Oscillospirales,Oscillospiraceae,Colidextribacter,None,0.024330900243309004
Bacteria,Bacteroidetes,Bacteroidia,Bacteroidales,Muribaculaceae,metagenome,None,Bacteria,Firmicutes,Clostridia,Oscillospirales,Oscillospiraceae,Flavonifractor,None,0.024330900243309004
Bacteria,Bacteroidetes,Bacteroidia,Bacteroidales,Muribaculaceae,metagenome,None,Bacteria,Firmicutes,Clostridia,Oscillospirales,Oscillospiraceae,NK4A214_group,metagenome,0.0267639902676399
Bacteria,Bacteroidetes,Bacteroidia,Bacteroidales,Muribaculaceae,metagenome,None,Bacteria,Firmicutes,Clostridia,Oscillospirales,Oscillospiraceae,UCG-002,None,0.024330900243309004
Bacteria,Bacteroidetes,Bacteroidia,Bacteroidales,Muribaculaceae,metagenome,None,Bacteria,Firmicutes,Clostridia,Oscillospirales,Oscillospiraceae,UCG-003,None,0.024330900243309004
Bacteria,Bacteroidetes,Bacteroidia,Bacteroidales,Muribaculaceae,metagenome,None,Bacteria,Firmicutes,Clostridia,Oscillospirales,Oscillospiraceae,UCG-005,None,0.024330900243309004
Bacteria,Bacteroidetes,Bacteroidia,Bacteroidales,Muribaculaceae,metagenome,None,Bacteria,Firmicutes,Clostridia,Oscillospirales,Ruminococcaceae,Candidatus_Soleaferrea,Neobitarella_massiliensis,0.0267639902676399
Bacteria,Bacteroidetes,Bacteroidia,Bacteroidales,Muribaculaceae,metagenome,None,Bacteria,Firmicutes,Clostridia,Oscillospirales,Ruminococcaceae,Faecalibacterium,None,0.024330900243309004
Bacteria,Bacteroidetes,Bacteroidia,Bacteroidales,Muribaculaceae,metagenome,None,Bacteria,Firmicutes,Clostridia,Oscillospirales,Ruminococcaceae,Incertae_Sedis,metagenome,0.0267639902676399
Bacteria,Bacteroidetes,Bacteroidia,Bacteroidales,Muribaculaceae,metagenome,None,Bacteria,Firmicutes,Clostridia,Oscillospirales,Ruminococcaceae,Incertae_Sedis,None,0.024330900243309004
Bacteria,Bacteroidetes,Bacteroidia,Bacteroidales,Muribaculaceae,metagenome,None,Bacteria,Firmicutes,Clostridia,Oscillospirales,Ruminococcaceae,Paludicola,metagenome,0.0267639902676399
Bacteria,Bacteroidetes,Bacteroidia,Bacteroidales,Muribaculaceae,metagenome,None,Bacteria,Firmicutes,Clostridia,Oscillospirales,Ruminococcaceae,Ruminococcus,None,0.024330900243309004
Bacteria,Bacteroidetes,Bacteroidia,Bacteroidales,Muribaculaceae,metagenome,None,Bacteria,Firmicutes,Clostridia,Oscillospirales,Ruminococcaceae,Subdoligranulum,None,0.024330900243309004
Bacteria,Bacteroidetes,Bacteroidia,Bacteroidales,Muribaculaceae,metagenome,None,Bacteria,Firmicutes,Clostridia,Oscillospirales,Ruminococcaceae,UBA1819,None,0.024330900243309004
Bacteria,Bacteroidetes,Bacteroidia,Bacteroidales,Muribaculaceae,metagenome,None,Bacteria,Firmicutes,Clostridia,Oscillospirales,Ruminococcaceae,None,None,0.021897810218978103
Bacteria,Bacteroidetes,Bacteroidia,Bacteroidales,Muribaculaceae,metagenome,None,Bacteria,Firmicutes,Clostridia,Oscillospirales,Eubacterium_coprostanoligenes_group,metagenome,None,0.024330900243309004
Bacteria,Bacteroidetes,Bacteroidia,Bacteroidales,Muribaculaceae,metagenome,None,Bacteria,Firmicutes,Clostridia,Oscillospirales,Eubacterium_coprostanoligenes_group,uncultured_Clostridiales_bacterium,None,0.024330900243309004
Bacteria,Bacteroidetes,Bacteroidia,Bacteroidales,Muribaculaceae,metagenome,None,Bacteria,Firmicutes,Clostridia,Oscillospirales,None,None,None,0.019464720194647202
Bacteria,Bacteroidetes,Bacteroidia,Bacteroidales,Muribaculaceae,metagenome,None,Bacteria,Firmicutes,Clostridia,Peptostreptococcales-Tissierellales,Peptostreptococcaceae,Romboutsia,None,0.024330900243309004
Bacteria,Bacteroidetes,Bacteroidia,Bacteroidales,Muribaculaceae,metagenome,None,Bacteria,Firmicutes,Clostridia,None,None,None,None,0.0170316301703163
Bacteria,Bacteroidetes,Bacteroidia,Bacteroidales,Muribaculaceae,metagenome,None,Bacteria,Firmicutes,Negativicutes,Acidaminococcales,Acidaminococcaceae,Phascolarctobacterium,None,0.024330900243309004
Bacteria,Bacteroidetes,Bacteroidia,Bacteroidales,Muribaculaceae,metagenome,None,Bacteria,Firmicutes,Negativicutes,Veillonellales-Selenomonadales,Veillonellaceae,Veillonella,None,0.024330900243309004
Bacteria,Bacteroidetes,Bacteroidia,Bacteroidales,Muribaculaceae,metagenome,None,Bacteria,Fusobacteriota,Fusobacteriia,Fusobacteriales,Fusobacteriaceae,Fusobacterium,None,0.024330900243309004
Bacteria,Bacteroidetes,Bacteroidia,Bacteroidales,Muribaculaceae,metagenome,None,Bacteria,Proteobacteria,Gammaproteobacteria,Burkholderiales,Neisseriaceae,Neisseria,None,0.024330900243309004
Bacteria,Bacteroidetes,Bacteroidia,Bacteroidales,Muribaculaceae,metagenome,None,Bacteria,Proteobacteria,Gammaproteobacteria,Enterobacterales,Enterobacteriaceae,None,None,0.021897810218978103
Bacteria,Bacteroidetes,Bacteroidia,Bacteroidales,Muribaculaceae,metagenome,None,Bacteria,Proteobacteria,Gammaproteobacteria,Pasteurellales,Pasteurellaceae,Haemophilus,None,0.024330900243309004
Bacteria,Bacteroidetes,Bacteroidia,Bacteroidales,Muribaculaceae,metagenome,None,Bacteria,Proteobacteria,Gammaproteobacteria,Pseudomonadales,Moraxellaceae,Acinetobacter,None,0.024330900243309004
Bacteria,Bacteroidetes,Bacteroidia,Bacteroidales,Muribaculaceae,metagenome,None,Bacteria,Proteobacteria,Gammaproteobacteria,Pseudomonadales,Pseudomonadaceae,Pseudomonas,None,0.024330900243309004
Bacteria,Bacteroidetes,Bacteroidia,Bacteroidales,Muribaculaceae,metagenome,None,Bacteria,Verrucomicrobiota,Verrucomicrobiae,Verrucomicrobiales,Akkermansiaceae,Akkermansia,None,0.024330900243309004
Bacteria,Bacteroidetes,Bacteroidia,Bacteroidales,Rikenellaceae,Alistipes,Alistipes_ihumii_AP11,Bacteria,Bacteroidetes,Bacteroidia,Bacteroidales,Rikenellaceae,Alistipes,None,0.0024330900243309003
Bacteria,Bacteroidetes,Bacteroidia,Bacteroidales,Rikenellaceae,Alistipes,Alistipes_ihumii_AP11,Bacteria,Bacteroidetes,Bacteroidia,Bacteroidales,Tannerellaceae,Parabacteroides,metagenome,0.014598540145985401
Bacteria,Bacteroidetes,Bacteroidia,Bacteroidales,Rikenellaceae,Alistipes,Alistipes_ihumii_AP11,Bacteria,Firmicutes,Bacilli,Erysipelotrichales,Erysipelatoclostridiaceae,Erysipelatoclostridium,Clostridium_spiroforme_DSM_1552,0.029197080291970802
Bacteria,Bacteroidetes,Bacteroidia,Bacteroidales,Rikenellaceae,Alistipes,Alistipes_ihumii_AP11,Bacteria,Firmicutes,Bacilli,Erysipelotrichales,Erysipelatoclostridiaceae,Erysipelotrichaceae_UCG-003,None,0.0267639902676399
Bacteria,Bacteroidetes,Bacteroidia,Bacteroidales,Rikenellaceae,Alistipes,Alistipes_ihumii_AP11,Bacteria,Firmicutes,Bacilli,Erysipelotrichales,Erysipelotrichaceae,Clostridium_innocuum_group,None,0.0267639902676399
Bacteria,Bacteroidetes,Bacteroidia,Bacteroidales,Rikenellaceae,Alistipes,Alistipes_ihumii_AP11,Bacteria,Firmicutes,Bacilli,Lactobacillales,Streptococcaceae,Streptococcus,Streptococcus_mutans,0.029197080291970802
Bacteria,Bacteroidetes,Bacteroidia,Bacteroidales,Rikenellaceae,Alistipes,Alistipes_ihumii_AP11,Bacteria,Firmicutes,Bacilli,Lactobacillales,Streptococcaceae,Streptococcus,None,0.0267639902676399
Bacteria,Bacteroidetes,Bacteroidia,Bacteroidales,Rikenellaceae,Alistipes,Alistipes_ihumii_AP11,Bacteria,Firmicutes,Bacilli,RF39,None,None,None,0.021897810218978103
Bacteria,Bacteroidetes,Bacteroidia,Bacteroidales,Rikenellaceae,Alistipes,Alistipes_ihumii_AP11,Bacteria,Firmicutes,Bacilli,Staphylococcales,Staphylococcaceae,Staphylococcus,None,0.0267639902676399
Bacteria,Bacteroidetes,Bacteroidia,Bacteroidales,Rikenellaceae,Alistipes,Alistipes_ihumii_AP11,Bacteria,Firmicutes,Clostridia,Clostridiales,Clostridiaceae,Clostridium_sensu_stricto_1,None,0.0267639902676399
Bacteria,Bacteroidetes,Bacteroidia,Bacteroidales,Rikenellaceae,Alistipes,Alistipes_ihumii_AP11,Bacteria,Firmicutes,Clostridia,Lachnospirales,Lachnospiraceae,Agathobacter,None,0.0267639902676399
Bacteria,Bacteroidetes,Bacteroidia,Bacteroidales,Rikenellaceae,Alistipes,Alistipes_ihumii_AP11,Bacteria,Firmicutes,Clostridia,Lachnospirales,Lachnospiraceae,Anaerostipes,uncultured_Lachnospiraceae_bacterium,0.029197080291970802
Bacteria,Bacteroidetes,Bacteroidia,Bacteroidales,Rikenellaceae,Alistipes,Alistipes_ihumii_AP11,Bacteria,Firmicutes,Clostridia,Lachnospirales,Lachnospiraceae,Blautia,bacterium_mpn-isolate_group_20,0.029197080291970802
Bacteria,Bacteroidetes,Bacteroidia,Bacteroidales,Rikenellaceae,Alistipes,Alistipes_ihumii_AP11,Bacteria,Firmicutes,Clostridia,Lachnospirales,Lachnospiraceae,Blautia,uncultured_Blautia_sp.,0.029197080291970802
Bacteria,Bacteroidetes,Bacteroidia,Bacteroidales,Rikenellaceae,Alistipes,Alistipes_ihumii_AP11,Bacteria,Firmicutes,Clostridia,Lachnospirales,Lachnospiraceae,CAG-56,None,0.0267639902676399
Bacteria,Bacteroidetes,Bacteroidia,Bacteroidales,Rikenellaceae,Alistipes,Alistipes_ihumii_AP11,Bacteria,Firmicutes,Clostridia,Lachnospirales,Lachnospiraceae,Coprococcus,None,0.0267639902676399
Bacteria,Bacteroidetes,Bacteroidia,Bacteroidales,Rikenellaceae,Alistipes,Alistipes_ihumii_AP11,Bacteria,Firmicutes,Clostridia,Lachnospirales,Lachnospiraceae,Dorea,None,0.0267639902676399
Bacteria,Bacteroidetes,Bacteroidia,Bacteroidales,Rikenellaceae,Alistipes,Alistipes_ihumii_AP11,Bacteria,Firmicutes,Clostridia,Lachnospirales,Lachnospiraceae,Fusicatenibacter,uncultured_Lachnospiraceae_bacterium,0.029197080291970802
Bacteria,Bacteroidetes,Bacteroidia,Bacteroidales,Rikenellaceae,Alistipes,Alistipes_ihumii_AP11,Bacteria,Firmicutes,Clostridia,Lachnospirales,Lachnospiraceae,Lachnospira,uncultured_Lachnospiraceae_bacterium,0.029197080291970802
Bacteria,Bacteroidetes,Bacteroidia,Bacteroidales,Rikenellaceae,Alistipes,Alistipes_ihumii_AP11,Bacteria,Firmicutes,Clostridia,Lachnospirales,Lachnospiraceae,Lachnospiraceae_NK4A136_group,None,0.0267639902676399
Bacteria,Bacteroidetes,Bacteroidia,Bacteroidales,Rikenellaceae,Alistipes,Alistipes_ihumii_AP11,Bacteria,Firmicutes,Clostridia,Lachnospirales,Lachnospiraceae,Lachnospiraceae_UCG-001,uncultured_Firmicutes_bacterium,0.029197080291970802
Bacteria,Bacteroidetes,Bacteroidia,Bacteroidales,Rikenellaceae,Alistipes,Alistipes_ihumii_AP11,Bacteria,Firmicutes,Clostridia,Lachnospirales,Lachnospiraceae,Roseburia,None,0.0267639902676399
Bacteria,Bacteroidetes,Bacteroidia,Bacteroidales,Rikenellaceae,Alistipes,Alistipes_ihumii_AP11,Bacteria,Firmicutes,Clostridia,Lachnospirales,Lachnospiraceae,Eubacterium_eligens_group,None,0.0267639902676399
Bacteria,Bacteroidetes,Bacteroidia,Bacteroidales,Rikenellaceae,Alistipes,Alistipes_ihumii_AP11,Bacteria,Firmicutes,Clostridia,Lachnospirales,Lachnospiraceae,Eubacterium_xylanophilum_group,None,0.0267639902676399
Bacteria,Bacteroidetes,Bacteroidia,Bacteroidales,Rikenellaceae,Alistipes,Alistipes_ihumii_AP11,Bacteria,Firmicutes,Clostridia,Lachnospirales,Lachnospiraceae,Ruminococcus_gauvreauii_group,uncultured_Lachnospiraceae_bacterium,0.029197080291970802
Bacteria,Bacteroidetes,Bacteroidia,Bacteroidales,Rikenellaceae,Alistipes,Alistipes_ihumii_AP11,Bacteria,Firmicutes,Clostridia,Lachnospirales,Lachnospiraceae,Ruminococcus_torques_group,Clostridiaceae_bacterium_LEMV78,0.029197080291970802
Bacteria,Bacteroidetes,Bacteroidia,Bacteroidales,Rikenellaceae,Alistipes,Alistipes_ihumii_AP11,Bacteria,Firmicutes,Clostridia,Oscillospirales,Butyricicoccaceae,UCG-009,metagenome,0.029197080291970802
Bacteria,Bacteroidetes,Bacteroidia,Bacteroidales,Rikenellaceae,Alistipes,Alistipes_ihumii_AP11,Bacteria,Firmicutes,Clostridia,Oscillospirales,Oscillospiraceae,Colidextribacter,None,0.0267639902676399
Bacteria,Bacteroidetes,Bacteroidia,Bacteroidales,Rikenellaceae,Alistipes,Alistipes_ihumii_AP11,Bacteria,Firmicutes,Clostridia,Oscillospirales,Oscillospiraceae,Flavonifractor,None,0.0267639902676399
Bacteria,Bacteroidetes,Bacteroidia,Bacteroidales,Rikenellaceae,Alistipes,Alistipes_ihumii_AP11,Bacteria,Firmicutes,Clostridia,Oscillospirales,Oscillospiraceae,NK4A214_group,metagenome,0.029197080291970802
Bacteria,Bacteroidetes,Bacteroidia,Bacteroidales,Rikenellaceae,Alistipes,Alistipes_ihumii_AP11,Bacteria,Firmicutes,Clostridia,Oscillospirales,Oscillospiraceae,UCG-002,None,0.0267639902676399
Bacteria,Bacteroidetes,Bacteroidia,Bacteroidales,Rikenellaceae,Alistipes,Alistipes_ihumii_AP11,Bacteria,Firmicutes,Clostridia,Oscillospirales,Oscillospiraceae,UCG-003,None,0.0267639902676399
Bacteria,Bacteroidetes,Bacteroidia,Bacteroidales,Rikenellaceae,Alistipes,Alistipes_ihumii_AP11,Bacteria,Firmicutes,Clostridia,Oscillospirales,Oscillospiraceae,UCG-005,None,0.0267639902676399
Bacteria,Bacteroidetes,Bacteroidia,Bacteroidales,Rikenellaceae,Alistipes,Alistipes_ihumii_AP11,Bacteria,Firmicutes,Clostridia,Oscillospirales,Ruminococcaceae,Candidatus_Soleaferrea,Neobitarella_massiliensis,0.029197080291970802
Bacteria,Bacteroidetes,Bacteroidia,Bacteroidales,Rikenellaceae,Alistipes,Alistipes_ihumii_AP11,Bacteria,Firmicutes,Clostridia,Oscillospirales,Ruminococcaceae,Faecalibacterium,None,0.0267639902676399
Bacteria,Bacteroidetes,Bacteroidia,Bacteroidales,Rikenellaceae,Alistipes,Alistipes_ihumii_AP11,Bacteria,Firmicutes,Clostridia,Oscillospirales,Ruminococcaceae,Incertae_Sedis,metagenome,0.029197080291970802
Bacteria,Bacteroidetes,Bacteroidia,Bacteroidales,Rikenellaceae,Alistipes,Alistipes_ihumii_AP11,Bacteria,Firmicutes,Clostridia,Oscillospirales,Ruminococcaceae,Incertae_Sedis,None,0.0267639902676399
Bacteria,Bacteroidetes,Bacteroidia,Bacteroidales,Rikenellaceae,Alistipes,Alistipes_ihumii_AP11,Bacteria,Firmicutes,Clostridia,Oscillospirales,Ruminococcaceae,Paludicola,metagenome,0.029197080291970802
Bacteria,Bacteroidetes,Bacteroidia,Bacteroidales,Rikenellaceae,Alistipes,Alistipes_ihumii_AP11,Bacteria,Firmicutes,Clostridia,Oscillospirales,Ruminococcaceae,Ruminococcus,None,0.0267639902676399
Bacteria,Bacteroidetes,Bacteroidia,Bacteroidales,Rikenellaceae,Alistipes,Alistipes_ihumii_AP11,Bacteria,Firmicutes,Clostridia,Oscillospirales,Ruminococcaceae,Subdoligranulum,None,0.0267639902676399
Bacteria,Bacteroidetes,Bacteroidia,Bacteroidales,Rikenellaceae,Alistipes,Alistipes_ihumii_AP11,Bacteria,Firmicutes,Clostridia,Oscillospirales,Ruminococcaceae,UBA1819,None,0.0267639902676399
Bacteria,Bacteroidetes,Bacteroidia,Bacteroidales,Rikenellaceae,Alistipes,Alistipes_ihumii_AP11,Bacteria,Firmicutes,Clostridia,Oscillospirales,Ruminococcaceae,None,None,0.024330900243309004
Bacteria,Bacteroidetes,Bacteroidia,Bacteroidales,Rikenellaceae,Alistipes,Alistipes_ihumii_AP11,Bacteria,Firmicutes,Clostridia,Oscillospirales,Eubacterium_coprostanoligenes_group,metagenome,None,0.0267639902676399
Bacteria,Bacteroidetes,Bacteroidia,Bacteroidales,Rikenellaceae,Alistipes,Alistipes_ihumii_AP11,Bacteria,Firmicutes,Clostridia,Oscillospirales,Eubacterium_coprostanoligenes_group,uncultured_Clostridiales_bacterium,None,0.0267639902676399
Bacteria,Bacteroidetes,Bacteroidia,Bacteroidales,Rikenellaceae,Alistipes,Alistipes_ihumii_AP11,Bacteria,Firmicutes,Clostridia,Oscillospirales,None,None,None,0.021897810218978103
Bacteria,Bacteroidetes,Bacteroidia,Bacteroidales,Rikenellaceae,Alistipes,Alistipes_ihumii_AP11,Bacteria,Firmicutes,Clostridia,Peptostreptococcales-Tissierellales,Peptostreptococcaceae,Romboutsia,None,0.0267639902676399
Bacteria,Bacteroidetes,Bacteroidia,Bacteroidales,Rikenellaceae,Alistipes,Alistipes_ihumii_AP11,Bacteria,Firmicutes,Clostridia,None,None,None,None,0.019464720194647202
Bacteria,Bacteroidetes,Bacteroidia,Bacteroidales,Rikenellaceae,Alistipes,Alistipes_ihumii_AP11,Bacteria,Firmicutes,Negativicutes,Acidaminococcales,Acidaminococcaceae,Phascolarctobacterium,None,0.0267639902676399
Bacteria,Bacteroidetes,Bacteroidia,Bacteroidales,Rikenellaceae,Alistipes,Alistipes_ihumii_AP11,Bacteria,Firmicutes,Negativicutes,Veillonellales-Selenomonadales,Veillonellaceae,Veillonella,None,0.0267639902676399
Bacteria,Bacteroidetes,Bacteroidia,Bacteroidales,Rikenellaceae,Alistipes,Alistipes_ihumii_AP11,Bacteria,Fusobacteriota,Fusobacteriia,Fusobacteriales,Fusobacteriaceae,Fusobacterium,None,0.0267639902676399
Bacteria,Bacteroidetes,Bacteroidia,Bacteroidales,Rikenellaceae,Alistipes,Alistipes_ihumii_AP11,Bacteria,Proteobacteria,Gammaproteobacteria,Burkholderiales,Neisseriaceae,Neisseria,None,0.0267639902676399
Bacteria,Bacteroidetes,Bacteroidia,Bacteroidales,Rikenellaceae,Alistipes,Alistipes_ihumii_AP11,Bacteria,Proteobacteria,Gammaproteobacteria,Enterobacterales,Enterobacteriaceae,None,None,0.024330900243309004
Bacteria,Bacteroidetes,Bacteroidia,Bacteroidales,Rikenellaceae,Alistipes,Alistipes_ihumii_AP11,Bacteria,Proteobacteria,Gammaproteobacteria,Pasteurellales,Pasteurellaceae,Haemophilus,None,0.0267639902676399
Bacteria,Bacteroidetes,Bacteroidia,Bacteroidales,Rikenellaceae,Alistipes,Alistipes_ihumii_AP11,Bacteria,Proteobacteria,Gammaproteobacteria,Pseudomonadales,Moraxellaceae,Acinetobacter,None,0.0267639902676399
Bacteria,Bacteroidetes,Bacteroidia,Bacteroidales,Rikenellaceae,Alistipes,Alistipes_ihumii_AP11,Bacteria,Proteobacteria,Gammaproteobacteria,Pseudomonadales,Pseudomonadaceae,Pseudomonas,None,0.0267639902676399
Bacteria,Bacteroidetes,Bacteroidia,Bacteroidales,Rikenellaceae,Alistipes,Alistipes_ihumii_AP11,Bacteria,Verrucomicrobiota,Verrucomicrobiae,Verrucomicrobiales,Akkermansiaceae,Akkermansia,None,0.0267639902676399
Bacteria,Bacteroidetes,Bacteroidia,Bacteroidales,Rikenellaceae,Alistipes,None,Bacteria,Bacteroidetes,Bacteroidia,Bacteroidales,Tannerellaceae,Parabacteroides,metagenome,0.012165450121654502
Bacteria,Bacteroidetes,Bacteroidia,Bacteroidales,Rikenellaceae,Alistipes,None,Bacteria,Firmicutes,Bacilli,Erysipelotrichales,Erysipelatoclostridiaceae,Erysipelatoclostridium,Clostridium_spiroforme_DSM_1552,0.0267639902676399
Bacteria,Bacteroidetes,Bacteroidia,Bacteroidales,Rikenellaceae,Alistipes,None,Bacteria,Firmicutes,Bacilli,Erysipelotrichales,Erysipelatoclostridiaceae,Erysipelotrichaceae_UCG-003,None,0.024330900243309004
Bacteria,Bacteroidetes,Bacteroidia,Bacteroidales,Rikenellaceae,Alistipes,None,Bacteria,Firmicutes,Bacilli,Erysipelotrichales,Erysipelotrichaceae,Clostridium_innocuum_group,None,0.024330900243309004
Bacteria,Bacteroidetes,Bacteroidia,Bacteroidales,Rikenellaceae,Alistipes,None,Bacteria,Firmicutes,Bacilli,Lactobacillales,Streptococcaceae,Streptococcus,Streptococcus_mutans,0.0267639902676399
Bacteria,Bacteroidetes,Bacteroidia,Bacteroidales,Rikenellaceae,Alistipes,None,Bacteria,Firmicutes,Bacilli,Lactobacillales,Streptococcaceae,Streptococcus,None,0.024330900243309004
Bacteria,Bacteroidetes,Bacteroidia,Bacteroidales,Rikenellaceae,Alistipes,None,Bacteria,Firmicutes,Bacilli,RF39,None,None,None,0.019464720194647202
Bacteria,Bacteroidetes,Bacteroidia,Bacteroidales,Rikenellaceae,Alistipes,None,Bacteria,Firmicutes,Bacilli,Staphylococcales,Staphylococcaceae,Staphylococcus,None,0.024330900243309004
Bacteria,Bacteroidetes,Bacteroidia,Bacteroidales,Rikenellaceae,Alistipes,None,Bacteria,Firmicutes,Clostridia,Clostridiales,Clostridiaceae,Clostridium_sensu_stricto_1,None,0.024330900243309004
Bacteria,Bacteroidetes,Bacteroidia,Bacteroidales,Rikenellaceae,Alistipes,None,Bacteria,Firmicutes,Clostridia,Lachnospirales,Lachnospiraceae,Agathobacter,None,0.024330900243309004
Bacteria,Bacteroidetes,Bacteroidia,Bacteroidales,Rikenellaceae,Alistipes,None,Bacteria,Firmicutes,Clostridia,Lachnospirales,Lachnospiraceae,Anaerostipes,uncultured_Lachnospiraceae_bacterium,0.0267639902676399
Bacteria,Bacteroidetes,Bacteroidia,Bacteroidales,Rikenellaceae,Alistipes,None,Bacteria,Firmicutes,Clostridia,Lachnospirales,Lachnospiraceae,Blautia,bacterium_mpn-isolate_group_20,0.0267639902676399
Bacteria,Bacteroidetes,Bacteroidia,Bacteroidales,Rikenellaceae,Alistipes,None,Bacteria,Firmicutes,Clostridia,Lachnospirales,Lachnospiraceae,Blautia,uncultured_Blautia_sp.,0.0267639902676399
Bacteria,Bacteroidetes,Bacteroidia,Bacteroidales,Rikenellaceae,Alistipes,None,Bacteria,Firmicutes,Clostridia,Lachnospirales,Lachnospiraceae,CAG-56,None,0.024330900243309004
Bacteria,Bacteroidetes,Bacteroidia,Bacteroidales,Rikenellaceae,Alistipes,None,Bacteria,Firmicutes,Clostridia,Lachnospirales,Lachnospiraceae,Coprococcus,None,0.024330900243309004
Bacteria,Bacteroidetes,Bacteroidia,Bacteroidales,Rikenellaceae,Alistipes,None,Bacteria,Firmicutes,Clostridia,Lachnospirales,Lachnospiraceae,Dorea,None,0.024330900243309004
Bacteria,Bacteroidetes,Bacteroidia,Bacteroidales,Rikenellaceae,Alistipes,None,Bacteria,Firmicutes,Clostridia,Lachnospirales,Lachnospiraceae,Fusicatenibacter,uncultured_Lachnospiraceae_bacterium,0.0267639902676399
Bacteria,Bacteroidetes,Bacteroidia,Bacteroidales,Rikenellaceae,Alistipes,None,Bacteria,Firmicutes,Clostridia,Lachnospirales,Lachnospiraceae,Lachnospira,uncultured_Lachnospiraceae_bacterium,0.0267639902676399
Bacteria,Bacteroidetes,Bacteroidia,Bacteroidales,Rikenellaceae,Alistipes,None,Bacteria,Firmicutes,Clostridia,Lachnospirales,Lachnospiraceae,Lachnospiraceae_NK4A136_group,None,0.024330900243309004
Bacteria,Bacteroidetes,Bacteroidia,Bacteroidales,Rikenellaceae,Alistipes,None,Bacteria,Firmicutes,Clostridia,Lachnospirales,Lachnospiraceae,Lachnospiraceae_UCG-001,uncultured_Firmicutes_bacterium,0.0267639902676399
Bacteria,Bacteroidetes,Bacteroidia,Bacteroidales,Rikenellaceae,Alistipes,None,Bacteria,Firmicutes,Clostridia,Lachnospirales,Lachnospiraceae,Roseburia,None,0.024330900243309004
Bacteria,Bacteroidetes,Bacteroidia,Bacteroidales,Rikenellaceae,Alistipes,None,Bacteria,Firmicutes,Clostridia,Lachnospirales,Lachnospiraceae,Eubacterium_eligens_group,None,0.024330900243309004
Bacteria,Bacteroidetes,Bacteroidia,Bacteroidales,Rikenellaceae,Alistipes,None,Bacteria,Firmicutes,Clostridia,Lachnospirales,Lachnospiraceae,Eubacterium_xylanophilum_group,None,0.024330900243309004
Bacteria,Bacteroidetes,Bacteroidia,Bacteroidales,Rikenellaceae,Alistipes,None,Bacteria,Firmicutes,Clostridia,Lachnospirales,Lachnospiraceae,Ruminococcus_gauvreauii_group,uncultured_Lachnospiraceae_bacterium,0.0267639902676399
Bacteria,Bacteroidetes,Bacteroidia,Bacteroidales,Rikenellaceae,Alistipes,None,Bacteria,Firmicutes,Clostridia,Lachnospirales,Lachnospiraceae,Ruminococcus_torques_group,Clostridiaceae_bacterium_LEMV78,0.0267639902676399
Bacteria,Bacteroidetes,Bacteroidia,Bacteroidales,Rikenellaceae,Alistipes,None,Bacteria,Firmicutes,Clostridia,Oscillospirales,Butyricicoccaceae,UCG-009,metagenome,0.0267639902676399
Bacteria,Bacteroidetes,Bacteroidia,Bacteroidales,Rikenellaceae,Alistipes,None,Bacteria,Firmicutes,Clostridia,Oscillospirales,Oscillospiraceae,Colidextribacter,None,0.024330900243309004
Bacteria,Bacteroidetes,Bacteroidia,Bacteroidales,Rikenellaceae,Alistipes,None,Bacteria,Firmicutes,Clostridia,Oscillospirales,Oscillospiraceae,Flavonifractor,None,0.024330900243309004
Bacteria,Bacteroidetes,Bacteroidia,Bacteroidales,Rikenellaceae,Alistipes,None,Bacteria,Firmicutes,Clostridia,Oscillospirales,Oscillospiraceae,NK4A214_group,metagenome,0.0267639902676399
Bacteria,Bacteroidetes,Bacteroidia,Bacteroidales,Rikenellaceae,Alistipes,None,Bacteria,Firmicutes,Clostridia,Oscillospirales,Oscillospiraceae,UCG-002,None,0.024330900243309004
Bacteria,Bacteroidetes,Bacteroidia,Bacteroidales,Rikenellaceae,Alistipes,None,Bacteria,Firmicutes,Clostridia,Oscillospirales,Oscillospiraceae,UCG-003,None,0.024330900243309004
Bacteria,Bacteroidetes,Bacteroidia,Bacteroidales,Rikenellaceae,Alistipes,None,Bacteria,Firmicutes,Clostridia,Oscillospirales,Oscillospiraceae,UCG-005,None,0.024330900243309004
Bacteria,Bacteroidetes,Bacteroidia,Bacteroidales,Rikenellaceae,Alistipes,None,Bacteria,Firmicutes,Clostridia,Oscillospirales,Ruminococcaceae,Candidatus_Soleaferrea,Neobitarella_massiliensis,0.0267639902676399
Bacteria,Bacteroidetes,Bacteroidia,Bacteroidales,Rikenellaceae,Alistipes,None,Bacteria,Firmicutes,Clostridia,Oscillospirales,Ruminococcaceae,Faecalibacterium,None,0.024330900243309004
Bacteria,Bacteroidetes,Bacteroidia,Bacteroidales,Rikenellaceae,Alistipes,None,Bacteria,Firmicutes,Clostridia,Oscillospirales,Ruminococcaceae,Incertae_Sedis,metagenome,0.0267639902676399
Bacteria,Bacteroidetes,Bacteroidia,Bacteroidales,Rikenellaceae,Alistipes,None,Bacteria,Firmicutes,Clostridia,Oscillospirales,Ruminococcaceae,Incertae_Sedis,None,0.024330900243309004
Bacteria,Bacteroidetes,Bacteroidia,Bacteroidales,Rikenellaceae,Alistipes,None,Bacteria,Firmicutes,Clostridia,Oscillospirales,Ruminococcaceae,Paludicola,metagenome,0.0267639902676399
Bacteria,Bacteroidetes,Bacteroidia,Bacteroidales,Rikenellaceae,Alistipes,None,Bacteria,Firmicutes,Clostridia,Oscillospirales,Ruminococcaceae,Ruminococcus,None,0.024330900243309004
Bacteria,Bacteroidetes,Bacteroidia,Bacteroidales,Rikenellaceae,Alistipes,None,Bacteria,Firmicutes,Clostridia,Oscillospirales,Ruminococcaceae,Subdoligranulum,None,0.024330900243309004
Bacteria,Bacteroidetes,Bacteroidia,Bacteroidales,Rikenellaceae,Alistipes,None,Bacteria,Firmicutes,Clostridia,Oscillospirales,Ruminococcaceae,UBA1819,None,0.024330900243309004
Bacteria,Bacteroidetes,Bacteroidia,Bacteroidales,Rikenellaceae,Alistipes,None,Bacteria,Firmicutes,Clostridia,Oscillospirales,Ruminococcaceae,None,None,0.021897810218978103
Bacteria,Bacteroidetes,Bacteroidia,Bacteroidales,Rikenellaceae,Alistipes,None,Bacteria,Firmicutes,Clostridia,Oscillospirales,Eubacterium_coprostanoligenes_group,metagenome,None,0.024330900243309004
Bacteria,Bacteroidetes,Bacteroidia,Bacteroidales,Rikenellaceae,Alistipes,None,Bacteria,Firmicutes,Clostridia,Oscillospirales,Eubacterium_coprostanoligenes_group,uncultured_Clostridiales_bacterium,None,0.024330900243309004
Bacteria,Bacteroidetes,Bacteroidia,Bacteroidales,Rikenellaceae,Alistipes,None,Bacteria,Firmicutes,Clostridia,Oscillospirales,None,None,None,0.019464720194647202
Bacteria,Bacteroidetes,Bacteroidia,Bacteroidales,Rikenellaceae,Alistipes,None,Bacteria,Firmicutes,Clostridia,Peptostreptococcales-Tissierellales,Peptostreptococcaceae,Romboutsia,None,0.024330900243309004
Bacteria,Bacteroidetes,Bacteroidia,Bacteroidales,Rikenellaceae,Alistipes,None,Bacteria,Firmicutes,Clostridia,None,None,None,None,0.0170316301703163
Bacteria,Bacteroidetes,Bacteroidia,Bacteroidales,Rikenellaceae,Alistipes,None,Bacteria,Firmicutes,Negativicutes,Acidaminococcales,Acidaminococcaceae,Phascolarctobacterium,None,0.024330900243309004
Bacteria,Bacteroidetes,Bacteroidia,Bacteroidales,Rikenellaceae,Alistipes,None,Bacteria,Firmicutes,Negativicutes,Veillonellales-Selenomonadales,Veillonellaceae,Veillonella,None,0.024330900243309004
Bacteria,Bacteroidetes,Bacteroidia,Bacteroidales,Rikenellaceae,Alistipes,None,Bacteria,Fusobacteriota,Fusobacteriia,Fusobacteriales,Fusobacteriaceae,Fusobacterium,None,0.024330900243309004
Bacteria,Bacteroidetes,Bacteroidia,Bacteroidales,Rikenellaceae,Alistipes,None,Bacteria,Proteobacteria,Gammaproteobacteria,Burkholderiales,Neisseriaceae,Neisseria,None,0.024330900243309004
Bacteria,Bacteroidetes,Bacteroidia,Bacteroidales,Rikenellaceae,Alistipes,None,Bacteria,Proteobacteria,Gammaproteobacteria,Enterobacterales,Enterobacteriaceae,None,None,0.021897810218978103
Bacteria,Bacteroidetes,Bacteroidia,Bacteroidales,Rikenellaceae,Alistipes,None,Bacteria,Proteobacteria,Gammaproteobacteria,Pasteurellales,Pasteurellaceae,Haemophilus,None,0.024330900243309004
Bacteria,Bacteroidetes,Bacteroidia,Bacteroidales,Rikenellaceae,Alistipes,None,Bacteria,Proteobacteria,Gammaproteobacteria,Pseudomonadales,Moraxellaceae,Acinetobacter,None,0.024330900243309004
Bacteria,Bacteroidetes,Bacteroidia,Bacteroidales,Rikenellaceae,Alistipes,None,Bacteria,Proteobacteria,Gammaproteobacteria,Pseudomonadales,Pseudomonadaceae,Pseudomonas,None,0.024330900243309004
Bacteria,Bacteroidetes,Bacteroidia,Bacteroidales,Rikenellaceae,Alistipes,None,Bacteria,Verrucomicrobiota,Verrucomicrobiae,Verrucomicrobiales,Akkermansiaceae,Akkermansia,None,0.024330900243309004
Bacteria,Bacteroidetes,Bacteroidia,Bacteroidales,Tannerellaceae,Parabacteroides,metagenome,Bacteria,Firmicutes,Bacilli,Erysipelotrichales,Erysipelatoclostridiaceae,Erysipelatoclostridium,Clostridium_spiroforme_DSM_1552,0.029197080291970802
Bacteria,Bacteroidetes,Bacteroidia,Bacteroidales,Tannerellaceae,Parabacteroides,metagenome,Bacteria,Firmicutes,Bacilli,Erysipelotrichales,Erysipelatoclostridiaceae,Erysipelotrichaceae_UCG-003,None,0.0267639902676399
Bacteria,Bacteroidetes,Bacteroidia,Bacteroidales,Tannerellaceae,Parabacteroides,metagenome,Bacteria,Firmicutes,Bacilli,Erysipelotrichales,Erysipelotrichaceae,Clostridium_innocuum_group,None,0.0267639902676399
Bacteria,Bacteroidetes,Bacteroidia,Bacteroidales,Tannerellaceae,Parabacteroides,metagenome,Bacteria,Firmicutes,Bacilli,Lactobacillales,Streptococcaceae,Streptococcus,Streptococcus_mutans,0.029197080291970802
Bacteria,Bacteroidetes,Bacteroidia,Bacteroidales,Tannerellaceae,Parabacteroides,metagenome,Bacteria,Firmicutes,Bacilli,Lactobacillales,Streptococcaceae,Streptococcus,None,0.0267639902676399
Bacteria,Bacteroidetes,Bacteroidia,Bacteroidales,Tannerellaceae,Parabacteroides,metagenome,Bacteria,Firmicutes,Bacilli,RF39,None,None,None,0.021897810218978103
Bacteria,Bacteroidetes,Bacteroidia,Bacteroidales,Tannerellaceae,Parabacteroides,metagenome,Bacteria,Firmicutes,Bacilli,Staphylococcales,Staphylococcaceae,Staphylococcus,None,0.0267639902676399
Bacteria,Bacteroidetes,Bacteroidia,Bacteroidales,Tannerellaceae,Parabacteroides,metagenome,Bacteria,Firmicutes,Clostridia,Clostridiales,Clostridiaceae,Clostridium_sensu_stricto_1,None,0.0267639902676399
Bacteria,Bacteroidetes,Bacteroidia,Bacteroidales,Tannerellaceae,Parabacteroides,metagenome,Bacteria,Firmicutes,Clostridia,Lachnospirales,Lachnospiraceae,Agathobacter,None,0.0267639902676399
Bacteria,Bacteroidetes,Bacteroidia,Bacteroidales,Tannerellaceae,Parabacteroides,metagenome,Bacteria,Firmicutes,Clostridia,Lachnospirales,Lachnospiraceae,Anaerostipes,uncultured_Lachnospiraceae_bacterium,0.029197080291970802
Bacteria,Bacteroidetes,Bacteroidia,Bacteroidales,Tannerellaceae,Parabacteroides,metagenome,Bacteria,Firmicutes,Clostridia,Lachnospirales,Lachnospiraceae,Blautia,bacterium_mpn-isolate_group_20,0.029197080291970802
Bacteria,Bacteroidetes,Bacteroidia,Bacteroidales,Tannerellaceae,Parabacteroides,metagenome,Bacteria,Firmicutes,Clostridia,Lachnospirales,Lachnospiraceae,Blautia,uncultured_Blautia_sp.,0.029197080291970802
Bacteria,Bacteroidetes,Bacteroidia,Bacteroidales,Tannerellaceae,Parabacteroides,metagenome,Bacteria,Firmicutes,Clostridia,Lachnospirales,Lachnospiraceae,CAG-56,None,0.0267639902676399
Bacteria,Bacteroidetes,Bacteroidia,Bacteroidales,Tannerellaceae,Parabacteroides,metagenome,Bacteria,Firmicutes,Clostridia,Lachnospirales,Lachnospiraceae,Coprococcus,None,0.0267639902676399
Bacteria,Bacteroidetes,Bacteroidia,Bacteroidales,Tannerellaceae,Parabacteroides,metagenome,Bacteria,Firmicutes,Clostridia,Lachnospirales,Lachnospiraceae,Dorea,None,0.0267639902676399
Bacteria,Bacteroidetes,Bacteroidia,Bacteroidales,Tannerellaceae,Parabacteroides,metagenome,Bacteria,Firmicutes,Clostridia,Lachnospirales,Lachnospiraceae,Fusicatenibacter,uncultured_Lachnospiraceae_bacterium,0.029197080291970802
Bacteria,Bacteroidetes,Bacteroidia,Bacteroidales,Tannerellaceae,Parabacteroides,metagenome,Bacteria,Firmicutes,Clostridia,Lachnospirales,Lachnospiraceae,Lachnospira,uncultured_Lachnospiraceae_bacterium,0.029197080291970802
Bacteria,Bacteroidetes,Bacteroidia,Bacteroidales,Tannerellaceae,Parabacteroides,metagenome,Bacteria,Firmicutes,Clostridia,Lachnospirales,Lachnospiraceae,Lachnospiraceae_NK4A136_group,None,0.0267639902676399
Bacteria,Bacteroidetes,Bacteroidia,Bacteroidales,Tannerellaceae,Parabacteroides,metagenome,Bacteria,Firmicutes,Clostridia,Lachnospirales,Lachnospiraceae,Lachnospiraceae_UCG-001,uncultured_Firmicutes_bacterium,0.029197080291970802
Bacteria,Bacteroidetes,Bacteroidia,Bacteroidales,Tannerellaceae,Parabacteroides,metagenome,Bacteria,Firmicutes,Clostridia,Lachnospirales,Lachnospiraceae,Roseburia,None,0.0267639902676399
Bacteria,Bacteroidetes,Bacteroidia,Bacteroidales,Tannerellaceae,Parabacteroides,metagenome,Bacteria,Firmicutes,Clostridia,Lachnospirales,Lachnospiraceae,Eubacterium_eligens_group,None,0.0267639902676399
Bacteria,Bacteroidetes,Bacteroidia,Bacteroidales,Tannerellaceae,Parabacteroides,metagenome,Bacteria,Firmicutes,Clostridia,Lachnospirales,Lachnospiraceae,Eubacterium_xylanophilum_group,None,0.0267639902676399
Bacteria,Bacteroidetes,Bacteroidia,Bacteroidales,Tannerellaceae,Parabacteroides,metagenome,Bacteria,Firmicutes,Clostridia,Lachnospirales,Lachnospiraceae,Ruminococcus_gauvreauii_group,uncultured_Lachnospiraceae_bacterium,0.029197080291970802
Bacteria,Bacteroidetes,Bacteroidia,Bacteroidales,Tannerellaceae,Parabacteroides,metagenome,Bacteria,Firmicutes,Clostridia,Lachnospirales,Lachnospiraceae,Ruminococcus_torques_group,Clostridiaceae_bacterium_LEMV78,0.029197080291970802
Bacteria,Bacteroidetes,Bacteroidia,Bacteroidales,Tannerellaceae,Parabacteroides,metagenome,Bacteria,Firmicutes,Clostridia,Oscillospirales,Butyricicoccaceae,UCG-009,metagenome,0.029197080291970802
Bacteria,Bacteroidetes,Bacteroidia,Bacteroidales,Tannerellaceae,Parabacteroides,metagenome,Bacteria,Firmicutes,Clostridia,Oscillospirales,Oscillospiraceae,Colidextribacter,None,0.0267639902676399
Bacteria,Bacteroidetes,Bacteroidia,Bacteroidales,Tannerellaceae,Parabacteroides,metagenome,Bacteria,Firmicutes,Clostridia,Oscillospirales,Oscillospiraceae,Flavonifractor,None,0.0267639902676399
Bacteria,Bacteroidetes,Bacteroidia,Bacteroidales,Tannerellaceae,Parabacteroides,metagenome,Bacteria,Firmicutes,Clostridia,Oscillospirales,Oscillospiraceae,NK4A214_group,metagenome,0.029197080291970802
Bacteria,Bacteroidetes,Bacteroidia,Bacteroidales,Tannerellaceae,Parabacteroides,metagenome,Bacteria,Firmicutes,Clostridia,Oscillospirales,Oscillospiraceae,UCG-002,None,0.0267639902676399
Bacteria,Bacteroidetes,Bacteroidia,Bacteroidales,Tannerellaceae,Parabacteroides,metagenome,Bacteria,Firmicutes,Clostridia,Oscillospirales,Oscillospiraceae,UCG-003,None,0.0267639902676399
Bacteria,Bacteroidetes,Bacteroidia,Bacteroidales,Tannerellaceae,Parabacteroides,metagenome,Bacteria,Firmicutes,Clostridia,Oscillospirales,Oscillospiraceae,UCG-005,None,0.0267639902676399
Bacteria,Bacteroidetes,Bacteroidia,Bacteroidales,Tannerellaceae,Parabacteroides,metagenome,Bacteria,Firmicutes,Clostridia,Oscillospirales,Ruminococcaceae,Candidatus_Soleaferrea,Neobitarella_massiliensis,0.029197080291970802
Bacteria,Bacteroidetes,Bacteroidia,Bacteroidales,Tannerellaceae,Parabacteroides,metagenome,Bacteria,Firmicutes,Clostridia,Oscillospirales,Ruminococcaceae,Faecalibacterium,None,0.0267639902676399
Bacteria,Bacteroidetes,Bacteroidia,Bacteroidales,Tannerellaceae,Parabacteroides,metagenome,Bacteria,Firmicutes,Clostridia,Oscillospirales,Ruminococcaceae,Incertae_Sedis,metagenome,0.029197080291970802
Bacteria,Bacteroidetes,Bacteroidia,Bacteroidales,Tannerellaceae,Parabacteroides,metagenome,Bacteria,Firmicutes,Clostridia,Oscillospirales,Ruminococcaceae,Incertae_Sedis,None,0.0267639902676399
Bacteria,Bacteroidetes,Bacteroidia,Bacteroidales,Tannerellaceae,Parabacteroides,metagenome,Bacteria,Firmicutes,Clostridia,Oscillospirales,Ruminococcaceae,Paludicola,metagenome,0.029197080291970802
Bacteria,Bacteroidetes,Bacteroidia,Bacteroidales,Tannerellaceae,Parabacteroides,metagenome,Bacteria,Firmicutes,Clostridia,Oscillospirales,Ruminococcaceae,Ruminococcus,None,0.0267639902676399
Bacteria,Bacteroidetes,Bacteroidia,Bacteroidales,Tannerellaceae,Parabacteroides,metagenome,Bacteria,Firmicutes,Clostridia,Oscillospirales,Ruminococcaceae,Subdoligranulum,None,0.0267639902676399
Bacteria,Bacteroidetes,Bacteroidia,Bacteroidales,Tannerellaceae,Parabacteroides,metagenome,Bacteria,Firmicutes,Clostridia,Oscillospirales,Ruminococcaceae,UBA1819,None,0.0267639902676399
Bacteria,Bacteroidetes,Bacteroidia,Bacteroidales,Tannerellaceae,Parabacteroides,metagenome,Bacteria,Firmicutes,Clostridia,Oscillospirales,Ruminococcaceae,None,None,0.024330900243309004
Bacteria,Bacteroidetes,Bacteroidia,Bacteroidales,Tannerellaceae,Parabacteroides,metagenome,Bacteria,Firmicutes,Clostridia,Oscillospirales,Eubacterium_coprostanoligenes_group,metagenome,None,0.0267639902676399
Bacteria,Bacteroidetes,Bacteroidia,Bacteroidales,Tannerellaceae,Parabacteroides,metagenome,Bacteria,Firmicutes,Clostridia,Oscillospirales,Eubacterium_coprostanoligenes_group,uncultured_Clostridiales_bacterium,None,0.0267639902676399
Bacteria,Bacteroidetes,Bacteroidia,Bacteroidales,Tannerellaceae,Parabacteroides,metagenome,Bacteria,Firmicutes,Clostridia,Oscillospirales,None,None,None,0.021897810218978103
Bacteria,Bacteroidetes,Bacteroidia,Bacteroidales,Tannerellaceae,Parabacteroides,metagenome,Bacteria,Firmicutes,Clostridia,Peptostreptococcales-Tissierellales,Peptostreptococcaceae,Romboutsia,None,0.0267639902676399
Bacteria,Bacteroidetes,Bacteroidia,Bacteroidales,Tannerellaceae,Parabacteroides,metagenome,Bacteria,Firmicutes,Clostridia,None,None,None,None,0.019464720194647202
Bacteria,Bacteroidetes,Bacteroidia,Bacteroidales,Tannerellaceae,Parabacteroides,metagenome,Bacteria,Firmicutes,Negativicutes,Acidaminococcales,Acidaminococcaceae,Phascolarctobacterium,None,0.0267639902676399
Bacteria,Bacteroidetes,Bacteroidia,Bacteroidales,Tannerellaceae,Parabacteroides,metagenome,Bacteria,Firmicutes,Negativicutes,Veillonellales-Selenomonadales,Veillonellaceae,Veillonella,None,0.0267639902676399
Bacteria,Bacteroidetes,Bacteroidia,Bacteroidales,Tannerellaceae,Parabacteroides,metagenome,Bacteria,Fusobacteriota,Fusobacteriia,Fusobacteriales,Fusobacteriaceae,Fusobacterium,None,0.0267639902676399
Bacteria,Bacteroidetes,Bacteroidia,Bacteroidales,Tannerellaceae,Parabacteroides,metagenome,Bacteria,Proteobacteria,Gammaproteobacteria,Burkholderiales,Neisseriaceae,Neisseria,None,0.0267639902676399
Bacteria,Bacteroidetes,Bacteroidia,Bacteroidales,Tannerellaceae,Parabacteroides,metagenome,Bacteria,Proteobacteria,Gammaproteobacteria,Enterobacterales,Enterobacteriaceae,None,None,0.024330900243309004
Bacteria,Bacteroidetes,Bacteroidia,Bacteroidales,Tannerellaceae,Parabacteroides,metagenome,Bacteria,Proteobacteria,Gammaproteobacteria,Pasteurellales,Pasteurellaceae,Haemophilus,None,0.0267639902676399
Bacteria,Bacteroidetes,Bacteroidia,Bacteroidales,Tannerellaceae,Parabacteroides,metagenome,Bacteria,Proteobacteria,Gammaproteobacteria,Pseudomonadales,Moraxellaceae,Acinetobacter,None,0.0267639902676399
Bacteria,Bacteroidetes,Bacteroidia,Bacteroidales,Tannerellaceae,Parabacteroides,metagenome,Bacteria,Proteobacteria,Gammaproteobacteria,Pseudomonadales,Pseudomonadaceae,Pseudomonas,None,0.0267639902676399
Bacteria,Bacteroidetes,Bacteroidia,Bacteroidales,Tannerellaceae,Parabacteroides,metagenome,Bacteria,Verrucomicrobiota,Verrucomicrobiae,Verrucomicrobiales,Akkermansiaceae,Akkermansia,None,0.0267639902676399
Bacteria,Firmicutes,Bacilli,Erysipelotrichales,Erysipelatoclostridiaceae,Erysipelatoclostridium,Clostridium_spiroforme_DSM_1552,Bacteria,Firmicutes,Bacilli,Erysipelotrichales,Erysipelatoclostridiaceae,Erysipelotrichaceae_UCG-003,None,0.0072992700729927005
Bacteria,Firmicutes,Bacilli,Erysipelotrichales,Erysipelatoclostridiaceae,Erysipelatoclostridium,Clostridium_spiroforme_DSM_1552,Bacteria,Firmicutes,Bacilli,Erysipelotrichales,Erysipelotrichaceae,Clostridium_innocuum_group,None,0.012165450121654502
Bacteria,Firmicutes,Bacilli,Erysipelotrichales,Erysipelatoclostridiaceae,Erysipelatoclostridium,Clostridium_spiroforme_DSM_1552,Bacteria,Firmicutes,Bacilli,Lactobacillales,Streptococcaceae,Streptococcus,Streptococcus_mutans,0.019464720194647202
Bacteria,Firmicutes,Bacilli,Erysipelotrichales,Erysipelatoclostridiaceae,Erysipelatoclostridium,Clostridium_spiroforme_DSM_1552,Bacteria,Firmicutes,Bacilli,Lactobacillales,Streptococcaceae,Streptococcus,None,0.0170316301703163
Bacteria,Firmicutes,Bacilli,Erysipelotrichales,Erysipelatoclostridiaceae,Erysipelatoclostridium,Clostridium_spiroforme_DSM_1552,Bacteria,Firmicutes,Bacilli,RF39,None,None,None,0.012165450121654502
Bacteria,Firmicutes,Bacilli,Erysipelotrichales,Erysipelatoclostridiaceae,Erysipelatoclostridium,Clostridium_spiroforme_DSM_1552,Bacteria,Firmicutes,Bacilli,Staphylococcales,Staphylococcaceae,Staphylococcus,None,0.0170316301703163
Bacteria,Firmicutes,Bacilli,Erysipelotrichales,Erysipelatoclostridiaceae,Erysipelatoclostridium,Clostridium_spiroforme_DSM_1552,Bacteria,Firmicutes,Clostridia,Clostridiales,Clostridiaceae,Clostridium_sensu_stricto_1,None,0.021897810218978103
Bacteria,Firmicutes,Bacilli,Erysipelotrichales,Erysipelatoclostridiaceae,Erysipelatoclostridium,Clostridium_spiroforme_DSM_1552,Bacteria,Firmicutes,Clostridia,Lachnospirales,Lachnospiraceae,Agathobacter,None,0.021897810218978103
Bacteria,Firmicutes,Bacilli,Erysipelotrichales,Erysipelatoclostridiaceae,Erysipelatoclostridium,Clostridium_spiroforme_DSM_1552,Bacteria,Firmicutes,Clostridia,Lachnospirales,Lachnospiraceae,Anaerostipes,uncultured_Lachnospiraceae_bacterium,0.024330900243309004
Bacteria,Firmicutes,Bacilli,Erysipelotrichales,Erysipelatoclostridiaceae,Erysipelatoclostridium,Clostridium_spiroforme_DSM_1552,Bacteria,Firmicutes,Clostridia,Lachnospirales,Lachnospiraceae,Blautia,bacterium_mpn-isolate_group_20,0.024330900243309004
Bacteria,Firmicutes,Bacilli,Erysipelotrichales,Erysipelatoclostridiaceae,Erysipelatoclostridium,Clostridium_spiroforme_DSM_1552,Bacteria,Firmicutes,Clostridia,Lachnospirales,Lachnospiraceae,Blautia,uncultured_Blautia_sp.,0.024330900243309004
Bacteria,Firmicutes,Bacilli,Erysipelotrichales,Erysipelatoclostridiaceae,Erysipelatoclostridium,Clostridium_spiroforme_DSM_1552,Bacteria,Firmicutes,Clostridia,Lachnospirales,Lachnospiraceae,CAG-56,None,0.021897810218978103
Bacteria,Firmicutes,Bacilli,Erysipelotrichales,Erysipelatoclostridiaceae,Erysipelatoclostridium,Clostridium_spiroforme_DSM_1552,Bacteria,Firmicutes,Clostridia,Lachnospirales,Lachnospiraceae,Coprococcus,None,0.021897810218978103
Bacteria,Firmicutes,Bacilli,Erysipelotrichales,Erysipelatoclostridiaceae,Erysipelatoclostridium,Clostridium_spiroforme_DSM_1552,Bacteria,Firmicutes,Clostridia,Lachnospirales,Lachnospiraceae,Dorea,None,0.021897810218978103
Bacteria,Firmicutes,Bacilli,Erysipelotrichales,Erysipelatoclostridiaceae,Erysipelatoclostridium,Clostridium_spiroforme_DSM_1552,Bacteria,Firmicutes,Clostridia,Lachnospirales,Lachnospiraceae,Fusicatenibacter,uncultured_Lachnospiraceae_bacterium,0.024330900243309004
Bacteria,Firmicutes,Bacilli,Erysipelotrichales,Erysipelatoclostridiaceae,Erysipelatoclostridium,Clostridium_spiroforme_DSM_1552,Bacteria,Firmicutes,Clostridia,Lachnospirales,Lachnospiraceae,Lachnospira,uncultured_Lachnospiraceae_bacterium,0.024330900243309004
Bacteria,Firmicutes,Bacilli,Erysipelotrichales,Erysipelatoclostridiaceae,Erysipelatoclostridium,Clostridium_spiroforme_DSM_1552,Bacteria,Firmicutes,Clostridia,Lachnospirales,Lachnospiraceae,Lachnospiraceae_NK4A136_group,None,0.021897810218978103
Bacteria,Firmicutes,Bacilli,Erysipelotrichales,Erysipelatoclostridiaceae,Erysipelatoclostridium,Clostridium_spiroforme_DSM_1552,Bacteria,Firmicutes,Clostridia,Lachnospirales,Lachnospiraceae,Lachnospiraceae_UCG-001,uncultured_Firmicutes_bacterium,0.024330900243309004
Bacteria,Firmicutes,Bacilli,Erysipelotrichales,Erysipelatoclostridiaceae,Erysipelatoclostridium,Clostridium_spiroforme_DSM_1552,Bacteria,Firmicutes,Clostridia,Lachnospirales,Lachnospiraceae,Roseburia,None,0.021897810218978103
Bacteria,Firmicutes,Bacilli,Erysipelotrichales,Erysipelatoclostridiaceae,Erysipelatoclostridium,Clostridium_spiroforme_DSM_1552,Bacteria,Firmicutes,Clostridia,Lachnospirales,Lachnospiraceae,Eubacterium_eligens_group,None,0.021897810218978103
Bacteria,Firmicutes,Bacilli,Erysipelotrichales,Erysipelatoclostridiaceae,Erysipelatoclostridium,Clostridium_spiroforme_DSM_1552,Bacteria,Firmicutes,Clostridia,Lachnospirales,Lachnospiraceae,Eubacterium_xylanophilum_group,None,0.021897810218978103
Bacteria,Firmicutes,Bacilli,Erysipelotrichales,Erysipelatoclostridiaceae,Erysipelatoclostridium,Clostridium_spiroforme_DSM_1552,Bacteria,Firmicutes,Clostridia,Lachnospirales,Lachnospiraceae,Ruminococcus_gauvreauii_group,uncultured_Lachnospiraceae_bacterium,0.024330900243309004
Bacteria,Firmicutes,Bacilli,Erysipelotrichales,Erysipelatoclostridiaceae,Erysipelatoclostridium,Clostridium_spiroforme_DSM_1552,Bacteria,Firmicutes,Clostridia,Lachnospirales,Lachnospiraceae,Ruminococcus_torques_group,Clostridiaceae_bacterium_LEMV78,0.024330900243309004
Bacteria,Firmicutes,Bacilli,Erysipelotrichales,Erysipelatoclostridiaceae,Erysipelatoclostridium,Clostridium_spiroforme_DSM_1552,Bacteria,Firmicutes,Clostridia,Oscillospirales,Butyricicoccaceae,UCG-009,metagenome,0.024330900243309004
Bacteria,Firmicutes,Bacilli,Erysipelotrichales,Erysipelatoclostridiaceae,Erysipelatoclostridium,Clostridium_spiroforme_DSM_1552,Bacteria,Firmicutes,Clostridia,Oscillospirales,Oscillospiraceae,Colidextribacter,None,0.021897810218978103
Bacteria,Firmicutes,Bacilli,Erysipelotrichales,Erysipelatoclostridiaceae,Erysipelatoclostridium,Clostridium_spiroforme_DSM_1552,Bacteria,Firmicutes,Clostridia,Oscillospirales,Oscillospiraceae,Flavonifractor,None,0.021897810218978103
Bacteria,Firmicutes,Bacilli,Erysipelotrichales,Erysipelatoclostridiaceae,Erysipelatoclostridium,Clostridium_spiroforme_DSM_1552,Bacteria,Firmicutes,Clostridia,Oscillospirales,Oscillospiraceae,NK4A214_group,metagenome,0.024330900243309004
Bacteria,Firmicutes,Bacilli,Erysipelotrichales,Erysipelatoclostridiaceae,Erysipelatoclostridium,Clostridium_spiroforme_DSM_1552,Bacteria,Firmicutes,Clostridia,Oscillospirales,Oscillospiraceae,UCG-002,None,0.021897810218978103
Bacteria,Firmicutes,Bacilli,Erysipelotrichales,Erysipelatoclostridiaceae,Erysipelatoclostridium,Clostridium_spiroforme_DSM_1552,Bacteria,Firmicutes,Clostridia,Oscillospirales,Oscillospiraceae,UCG-003,None,0.021897810218978103
Bacteria,Firmicutes,Bacilli,Erysipelotrichales,Erysipelatoclostridiaceae,Erysipelatoclostridium,Clostridium_spiroforme_DSM_1552,Bacteria,Firmicutes,Clostridia,Oscillospirales,Oscillospiraceae,UCG-005,None,0.021897810218978103
Bacteria,Firmicutes,Bacilli,Erysipelotrichales,Erysipelatoclostridiaceae,Erysipelatoclostridium,Clostridium_spiroforme_DSM_1552,Bacteria,Firmicutes,Clostridia,Oscillospirales,Ruminococcaceae,Candidatus_Soleaferrea,Neobitarella_massiliensis,0.024330900243309004
Bacteria,Firmicutes,Bacilli,Erysipelotrichales,Erysipelatoclostridiaceae,Erysipelatoclostridium,Clostridium_spiroforme_DSM_1552,Bacteria,Firmicutes,Clostridia,Oscillospirales,Ruminococcaceae,Faecalibacterium,None,0.021897810218978103
Bacteria,Firmicutes,Bacilli,Erysipelotrichales,Erysipelatoclostridiaceae,Erysipelatoclostridium,Clostridium_spiroforme_DSM_1552,Bacteria,Firmicutes,Clostridia,Oscillospirales,Ruminococcaceae,Incertae_Sedis,metagenome,0.024330900243309004
Bacteria,Firmicutes,Bacilli,Erysipelotrichales,Erysipelatoclostridiaceae,Erysipelatoclostridium,Clostridium_spiroforme_DSM_1552,Bacteria,Firmicutes,Clostridia,Oscillospirales,Ruminococcaceae,Incertae_Sedis,None,0.021897810218978103
Bacteria,Firmicutes,Bacilli,Erysipelotrichales,Erysipelatoclostridiaceae,Erysipelatoclostridium,Clostridium_spiroforme_DSM_1552,Bacteria,Firmicutes,Clostridia,Oscillospirales,Ruminococcaceae,Paludicola,metagenome,0.024330900243309004
Bacteria,Firmicutes,Bacilli,Erysipelotrichales,Erysipelatoclostridiaceae,Erysipelatoclostridium,Clostridium_spiroforme_DSM_1552,Bacteria,Firmicutes,Clostridia,Oscillospirales,Ruminococcaceae,Ruminococcus,None,0.021897810218978103
Bacteria,Firmicutes,Bacilli,Erysipelotrichales,Erysipelatoclostridiaceae,Erysipelatoclostridium,Clostridium_spiroforme_DSM_1552,Bacteria,Firmicutes,Clostridia,Oscillospirales,Ruminococcaceae,Subdoligranulum,None,0.021897810218978103
Bacteria,Firmicutes,Bacilli,Erysipelotrichales,Erysipelatoclostridiaceae,Erysipelatoclostridium,Clostridium_spiroforme_DSM_1552,Bacteria,Firmicutes,Clostridia,Oscillospirales,Ruminococcaceae,UBA1819,None,0.021897810218978103
Bacteria,Firmicutes,Bacilli,Erysipelotrichales,Erysipelatoclostridiaceae,Erysipelatoclostridium,Clostridium_spiroforme_DSM_1552,Bacteria,Firmicutes,Clostridia,Oscillospirales,Ruminococcaceae,None,None,0.019464720194647202
Bacteria,Firmicutes,Bacilli,Erysipelotrichales,Erysipelatoclostridiaceae,Erysipelatoclostridium,Clostridium_spiroforme_DSM_1552,Bacteria,Firmicutes,Clostridia,Oscillospirales,Eubacterium_coprostanoligenes_group,metagenome,None,0.021897810218978103
Bacteria,Firmicutes,Bacilli,Erysipelotrichales,Erysipelatoclostridiaceae,Erysipelatoclostridium,Clostridium_spiroforme_DSM_1552,Bacteria,Firmicutes,Clostridia,Oscillospirales,Eubacterium_coprostanoligenes_group,uncultured_Clostridiales_bacterium,None,0.021897810218978103
Bacteria,Firmicutes,Bacilli,Erysipelotrichales,Erysipelatoclostridiaceae,Erysipelatoclostridium,Clostridium_spiroforme_DSM_1552,Bacteria,Firmicutes,Clostridia,Oscillospirales,None,None,None,0.0170316301703163
Bacteria,Firmicutes,Bacilli,Erysipelotrichales,Erysipelatoclostridiaceae,Erysipelatoclostridium,Clostridium_spiroforme_DSM_1552,Bacteria,Firmicutes,Clostridia,Peptostreptococcales-Tissierellales,Peptostreptococcaceae,Romboutsia,None,0.021897810218978103
Bacteria,Firmicutes,Bacilli,Erysipelotrichales,Erysipelatoclostridiaceae,Erysipelatoclostridium,Clostridium_spiroforme_DSM_1552,Bacteria,Firmicutes,Clostridia,None,None,None,None,0.014598540145985401
Bacteria,Firmicutes,Bacilli,Erysipelotrichales,Erysipelatoclostridiaceae,Erysipelatoclostridium,Clostridium_spiroforme_DSM_1552,Bacteria,Firmicutes,Negativicutes,Acidaminococcales,Acidaminococcaceae,Phascolarctobacterium,None,0.021897810218978103
Bacteria,Firmicutes,Bacilli,Erysipelotrichales,Erysipelatoclostridiaceae,Erysipelatoclostridium,Clostridium_spiroforme_DSM_1552,Bacteria,Firmicutes,Negativicutes,Veillonellales-Selenomonadales,Veillonellaceae,Veillonella,None,0.021897810218978103
Bacteria,Firmicutes,Bacilli,Erysipelotrichales,Erysipelatoclostridiaceae,Erysipelatoclostridium,Clostridium_spiroforme_DSM_1552,Bacteria,Fusobacteriota,Fusobacteriia,Fusobacteriales,Fusobacteriaceae,Fusobacterium,None,0.0267639902676399
Bacteria,Firmicutes,Bacilli,Erysipelotrichales,Erysipelatoclostridiaceae,Erysipelatoclostridium,Clostridium_spiroforme_DSM_1552,Bacteria,Proteobacteria,Gammaproteobacteria,Burkholderiales,Neisseriaceae,Neisseria,None,0.0267639902676399
Bacteria,Firmicutes,Bacilli,Erysipelotrichales,Erysipelatoclostridiaceae,Erysipelatoclostridium,Clostridium_spiroforme_DSM_1552,Bacteria,Proteobacteria,Gammaproteobacteria,Enterobacterales,Enterobacteriaceae,None,None,0.024330900243309004
Bacteria,Firmicutes,Bacilli,Erysipelotrichales,Erysipelatoclostridiaceae,Erysipelatoclostridium,Clostridium_spiroforme_DSM_1552,Bacteria,Proteobacteria,Gammaproteobacteria,Pasteurellales,Pasteurellaceae,Haemophilus,None,0.0267639902676399
Bacteria,Firmicutes,Bacilli,Erysipelotrichales,Erysipelatoclostridiaceae,Erysipelatoclostridium,Clostridium_spiroforme_DSM_1552,Bacteria,Proteobacteria,Gammaproteobacteria,Pseudomonadales,Moraxellaceae,Acinetobacter,None,0.0267639902676399
Bacteria,Firmicutes,Bacilli,Erysipelotrichales,Erysipelatoclostridiaceae,Erysipelatoclostridium,Clostridium_spiroforme_DSM_1552,Bacteria,Proteobacteria,Gammaproteobacteria,Pseudomonadales,Pseudomonadaceae,Pseudomonas,None,0.0267639902676399
Bacteria,Firmicutes,Bacilli,Erysipelotrichales,Erysipelatoclostridiaceae,Erysipelatoclostridium,Clostridium_spiroforme_DSM_1552,Bacteria,Verrucomicrobiota,Verrucomicrobiae,Verrucomicrobiales,Akkermansiaceae,Akkermansia,None,0.0267639902676399
Bacteria,Firmicutes,Bacilli,Erysipelotrichales,Erysipelatoclostridiaceae,Erysipelotrichaceae_UCG-003,None,Bacteria,Firmicutes,Bacilli,Erysipelotrichales,Erysipelotrichaceae,Clostridium_innocuum_group,None,0.009732360097323601
Bacteria,Firmicutes,Bacilli,Erysipelotrichales,Erysipelatoclostridiaceae,Erysipelotrichaceae_UCG-003,None,Bacteria,Firmicutes,Bacilli,Lactobacillales,Streptococcaceae,Streptococcus,Streptococcus_mutans,0.0170316301703163
Bacteria,Firmicutes,Bacilli,Erysipelotrichales,Erysipelatoclostridiaceae,Erysipelotrichaceae_UCG-003,None,Bacteria,Firmicutes,Bacilli,Lactobacillales,Streptococcaceae,Streptococcus,None,0.014598540145985401
Bacteria,Firmicutes,Bacilli,Erysipelotrichales,Erysipelatoclostridiaceae,Erysipelotrichaceae_UCG-003,None,Bacteria,Firmicutes,Bacilli,RF39,None,None,None,0.009732360097323601
Bacteria,Firmicutes,Bacilli,Erysipelotrichales,Erysipelatoclostridiaceae,Erysipelotrichaceae_UCG-003,None,Bacteria,Firmicutes,Bacilli,Staphylococcales,Staphylococcaceae,Staphylococcus,None,0.014598540145985401
Bacteria,Firmicutes,Bacilli,Erysipelotrichales,Erysipelatoclostridiaceae,Erysipelotrichaceae_UCG-003,None,Bacteria,Firmicutes,Clostridia,Clostridiales,Clostridiaceae,Clostridium_sensu_stricto_1,None,0.019464720194647202
Bacteria,Firmicutes,Bacilli,Erysipelotrichales,Erysipelatoclostridiaceae,Erysipelotrichaceae_UCG-003,None,Bacteria,Firmicutes,Clostridia,Lachnospirales,Lachnospiraceae,Agathobacter,None,0.019464720194647202
Bacteria,Firmicutes,Bacilli,Erysipelotrichales,Erysipelatoclostridiaceae,Erysipelotrichaceae_UCG-003,None,Bacteria,Firmicutes,Clostridia,Lachnospirales,Lachnospiraceae,Anaerostipes,uncultured_Lachnospiraceae_bacterium,0.021897810218978103
Bacteria,Firmicutes,Bacilli,Erysipelotrichales,Erysipelatoclostridiaceae,Erysipelotrichaceae_UCG-003,None,Bacteria,Firmicutes,Clostridia,Lachnospirales,Lachnospiraceae,Blautia,bacterium_mpn-isolate_group_20,0.021897810218978103
Bacteria,Firmicutes,Bacilli,Erysipelotrichales,Erysipelatoclostridiaceae,Erysipelotrichaceae_UCG-003,None,Bacteria,Firmicutes,Clostridia,Lachnospirales,Lachnospiraceae,Blautia,uncultured_Blautia_sp.,0.021897810218978103
Bacteria,Firmicutes,Bacilli,Erysipelotrichales,Erysipelatoclostridiaceae,Erysipelotrichaceae_UCG-003,None,Bacteria,Firmicutes,Clostridia,Lachnospirales,Lachnospiraceae,CAG-56,None,0.019464720194647202
Bacteria,Firmicutes,Bacilli,Erysipelotrichales,Erysipelatoclostridiaceae,Erysipelotrichaceae_UCG-003,None,Bacteria,Firmicutes,Clostridia,Lachnospirales,Lachnospiraceae,Coprococcus,None,0.019464720194647202
Bacteria,Firmicutes,Bacilli,Erysipelotrichales,Erysipelatoclostridiaceae,Erysipelotrichaceae_UCG-003,None,Bacteria,Firmicutes,Clostridia,Lachnospirales,Lachnospiraceae,Dorea,None,0.019464720194647202
Bacteria,Firmicutes,Bacilli,Erysipelotrichales,Erysipelatoclostridiaceae,Erysipelotrichaceae_UCG-003,None,Bacteria,Firmicutes,Clostridia,Lachnospirales,Lachnospiraceae,Fusicatenibacter,uncultured_Lachnospiraceae_bacterium,0.021897810218978103
Bacteria,Firmicutes,Bacilli,Erysipelotrichales,Erysipelatoclostridiaceae,Erysipelotrichaceae_UCG-003,None,Bacteria,Firmicutes,Clostridia,Lachnospirales,Lachnospiraceae,Lachnospira,uncultured_Lachnospiraceae_bacterium,0.021897810218978103
Bacteria,Firmicutes,Bacilli,Erysipelotrichales,Erysipelatoclostridiaceae,Erysipelotrichaceae_UCG-003,None,Bacteria,Firmicutes,Clostridia,Lachnospirales,Lachnospiraceae,Lachnospiraceae_NK4A136_group,None,0.019464720194647202
Bacteria,Firmicutes,Bacilli,Erysipelotrichales,Erysipelatoclostridiaceae,Erysipelotrichaceae_UCG-003,None,Bacteria,Firmicutes,Clostridia,Lachnospirales,Lachnospiraceae,Lachnospiraceae_UCG-001,uncultured_Firmicutes_bacterium,0.021897810218978103
Bacteria,Firmicutes,Bacilli,Erysipelotrichales,Erysipelatoclostridiaceae,Erysipelotrichaceae_UCG-003,None,Bacteria,Firmicutes,Clostridia,Lachnospirales,Lachnospiraceae,Roseburia,None,0.019464720194647202
Bacteria,Firmicutes,Bacilli,Erysipelotrichales,Erysipelatoclostridiaceae,Erysipelotrichaceae_UCG-003,None,Bacteria,Firmicutes,Clostridia,Lachnospirales,Lachnospiraceae,Eubacterium_eligens_group,None,0.019464720194647202
Bacteria,Firmicutes,Bacilli,Erysipelotrichales,Erysipelatoclostridiaceae,Erysipelotrichaceae_UCG-003,None,Bacteria,Firmicutes,Clostridia,Lachnospirales,Lachnospiraceae,Eubacterium_xylanophilum_group,None,0.019464720194647202
Bacteria,Firmicutes,Bacilli,Erysipelotrichales,Erysipelatoclostridiaceae,Erysipelotrichaceae_UCG-003,None,Bacteria,Firmicutes,Clostridia,Lachnospirales,Lachnospiraceae,Ruminococcus_gauvreauii_group,uncultured_Lachnospiraceae_bacterium,0.021897810218978103
Bacteria,Firmicutes,Bacilli,Erysipelotrichales,Erysipelatoclostridiaceae,Erysipelotrichaceae_UCG-003,None,Bacteria,Firmicutes,Clostridia,Lachnospirales,Lachnospiraceae,Ruminococcus_torques_group,Clostridiaceae_bacterium_LEMV78,0.021897810218978103
Bacteria,Firmicutes,Bacilli,Erysipelotrichales,Erysipelatoclostridiaceae,Erysipelotrichaceae_UCG-003,None,Bacteria,Firmicutes,Clostridia,Oscillospirales,Butyricicoccaceae,UCG-009,metagenome,0.021897810218978103
Bacteria,Firmicutes,Bacilli,Erysipelotrichales,Erysipelatoclostridiaceae,Erysipelotrichaceae_UCG-003,None,Bacteria,Firmicutes,Clostridia,Oscillospirales,Oscillospiraceae,Colidextribacter,None,0.019464720194647202
Bacteria,Firmicutes,Bacilli,Erysipelotrichales,Erysipelatoclostridiaceae,Erysipelotrichaceae_UCG-003,None,Bacteria,Firmicutes,Clostridia,Oscillospirales,Oscillospiraceae,Flavonifractor,None,0.019464720194647202
Bacteria,Firmicutes,Bacilli,Erysipelotrichales,Erysipelatoclostridiaceae,Erysipelotrichaceae_UCG-003,None,Bacteria,Firmicutes,Clostridia,Oscillospirales,Oscillospiraceae,NK4A214_group,metagenome,0.021897810218978103
Bacteria,Firmicutes,Bacilli,Erysipelotrichales,Erysipelatoclostridiaceae,Erysipelotrichaceae_UCG-003,None,Bacteria,Firmicutes,Clostridia,Oscillospirales,Oscillospiraceae,UCG-002,None,0.019464720194647202
Bacteria,Firmicutes,Bacilli,Erysipelotrichales,Erysipelatoclostridiaceae,Erysipelotrichaceae_UCG-003,None,Bacteria,Firmicutes,Clostridia,Oscillospirales,Oscillospiraceae,UCG-003,None,0.019464720194647202
Bacteria,Firmicutes,Bacilli,Erysipelotrichales,Erysipelatoclostridiaceae,Erysipelotrichaceae_UCG-003,None,Bacteria,Firmicutes,Clostridia,Oscillospirales,Oscillospiraceae,UCG-005,None,0.019464720194647202
Bacteria,Firmicutes,Bacilli,Erysipelotrichales,Erysipelatoclostridiaceae,Erysipelotrichaceae_UCG-003,None,Bacteria,Firmicutes,Clostridia,Oscillospirales,Ruminococcaceae,Candidatus_Soleaferrea,Neobitarella_massiliensis,0.021897810218978103
Bacteria,Firmicutes,Bacilli,Erysipelotrichales,Erysipelatoclostridiaceae,Erysipelotrichaceae_UCG-003,None,Bacteria,Firmicutes,Clostridia,Oscillospirales,Ruminococcaceae,Faecalibacterium,None,0.019464720194647202
Bacteria,Firmicutes,Bacilli,Erysipelotrichales,Erysipelatoclostridiaceae,Erysipelotrichaceae_UCG-003,None,Bacteria,Firmicutes,Clostridia,Oscillospirales,Ruminococcaceae,Incertae_Sedis,metagenome,0.021897810218978103
Bacteria,Firmicutes,Bacilli,Erysipelotrichales,Erysipelatoclostridiaceae,Erysipelotrichaceae_UCG-003,None,Bacteria,Firmicutes,Clostridia,Oscillospirales,Ruminococcaceae,Incertae_Sedis,None,0.019464720194647202
Bacteria,Firmicutes,Bacilli,Erysipelotrichales,Erysipelatoclostridiaceae,Erysipelotrichaceae_UCG-003,None,Bacteria,Firmicutes,Clostridia,Oscillospirales,Ruminococcaceae,Paludicola,metagenome,0.021897810218978103
Bacteria,Firmicutes,Bacilli,Erysipelotrichales,Erysipelatoclostridiaceae,Erysipelotrichaceae_UCG-003,None,Bacteria,Firmicutes,Clostridia,Oscillospirales,Ruminococcaceae,Ruminococcus,None,0.019464720194647202
Bacteria,Firmicutes,Bacilli,Erysipelotrichales,Erysipelatoclostridiaceae,Erysipelotrichaceae_UCG-003,None,Bacteria,Firmicutes,Clostridia,Oscillospirales,Ruminococcaceae,Subdoligranulum,None,0.019464720194647202
Bacteria,Firmicutes,Bacilli,Erysipelotrichales,Erysipelatoclostridiaceae,Erysipelotrichaceae_UCG-003,None,Bacteria,Firmicutes,Clostridia,Oscillospirales,Ruminococcaceae,UBA1819,None,0.019464720194647202
Bacteria,Firmicutes,Bacilli,Erysipelotrichales,Erysipelatoclostridiaceae,Erysipelotrichaceae_UCG-003,None,Bacteria,Firmicutes,Clostridia,Oscillospirales,Ruminococcaceae,None,None,0.0170316301703163
Bacteria,Firmicutes,Bacilli,Erysipelotrichales,Erysipelatoclostridiaceae,Erysipelotrichaceae_UCG-003,None,Bacteria,Firmicutes,Clostridia,Oscillospirales,Eubacterium_coprostanoligenes_group,metagenome,None,0.019464720194647202
Bacteria,Firmicutes,Bacilli,Erysipelotrichales,Erysipelatoclostridiaceae,Erysipelotrichaceae_UCG-003,None,Bacteria,Firmicutes,Clostridia,Oscillospirales,Eubacterium_coprostanoligenes_group,uncultured_Clostridiales_bacterium,None,0.019464720194647202
Bacteria,Firmicutes,Bacilli,Erysipelotrichales,Erysipelatoclostridiaceae,Erysipelotrichaceae_UCG-003,None,Bacteria,Firmicutes,Clostridia,Oscillospirales,None,None,None,0.014598540145985401
Bacteria,Firmicutes,Bacilli,Erysipelotrichales,Erysipelatoclostridiaceae,Erysipelotrichaceae_UCG-003,None,Bacteria,Firmicutes,Clostridia,Peptostreptococcales-Tissierellales,Peptostreptococcaceae,Romboutsia,None,0.019464720194647202
Bacteria,Firmicutes,Bacilli,Erysipelotrichales,Erysipelatoclostridiaceae,Erysipelotrichaceae_UCG-003,None,Bacteria,Firmicutes,Clostridia,None,None,None,None,0.012165450121654502
Bacteria,Firmicutes,Bacilli,Erysipelotrichales,Erysipelatoclostridiaceae,Erysipelotrichaceae_UCG-003,None,Bacteria,Firmicutes,Negativicutes,Acidaminococcales,Acidaminococcaceae,Phascolarctobacterium,None,0.019464720194647202
Bacteria,Firmicutes,Bacilli,Erysipelotrichales,Erysipelatoclostridiaceae,Erysipelotrichaceae_UCG-003,None,Bacteria,Firmicutes,Negativicutes,Veillonellales-Selenomonadales,Veillonellaceae,Veillonella,None,0.019464720194647202
Bacteria,Firmicutes,Bacilli,Erysipelotrichales,Erysipelatoclostridiaceae,Erysipelotrichaceae_UCG-003,None,Bacteria,Fusobacteriota,Fusobacteriia,Fusobacteriales,Fusobacteriaceae,Fusobacterium,None,0.024330900243309004
Bacteria,Firmicutes,Bacilli,Erysipelotrichales,Erysipelatoclostridiaceae,Erysipelotrichaceae_UCG-003,None,Bacteria,Proteobacteria,Gammaproteobacteria,Burkholderiales,Neisseriaceae,Neisseria,None,0.024330900243309004
Bacteria,Firmicutes,Bacilli,Erysipelotrichales,Erysipelatoclostridiaceae,Erysipelotrichaceae_UCG-003,None,Bacteria,Proteobacteria,Gammaproteobacteria,Enterobacterales,Enterobacteriaceae,None,None,0.021897810218978103
Bacteria,Firmicutes,Bacilli,Erysipelotrichales,Erysipelatoclostridiaceae,Erysipelotrichaceae_UCG-003,None,Bacteria,Proteobacteria,Gammaproteobacteria,Pasteurellales,Pasteurellaceae,Haemophilus,None,0.024330900243309004
Bacteria,Firmicutes,Bacilli,Erysipelotrichales,Erysipelatoclostridiaceae,Erysipelotrichaceae_UCG-003,None,Bacteria,Proteobacteria,Gammaproteobacteria,Pseudomonadales,Moraxellaceae,Acinetobacter,None,0.024330900243309004
Bacteria,Firmicutes,Bacilli,Erysipelotrichales,Erysipelatoclostridiaceae,Erysipelotrichaceae_UCG-003,None,Bacteria,Proteobacteria,Gammaproteobacteria,Pseudomonadales,Pseudomonadaceae,Pseudomonas,None,0.024330900243309004
Bacteria,Firmicutes,Bacilli,Erysipelotrichales,Erysipelatoclostridiaceae,Erysipelotrichaceae_UCG-003,None,Bacteria,Verrucomicrobiota,Verrucomicrobiae,Verrucomicrobiales,Akkermansiaceae,Akkermansia,None,0.024330900243309004
Bacteria,Firmicutes,Bacilli,Erysipelotrichales,Erysipelotrichaceae,Clostridium_innocuum_group,None,Bacteria,Firmicutes,Bacilli,Lactobacillales,Streptococcaceae,Streptococcus,Streptococcus_mutans,0.0170316301703163
Bacteria,Firmicutes,Bacilli,Erysipelotrichales,Erysipelotrichaceae,Clostridium_innocuum_group,None,Bacteria,Firmicutes,Bacilli,Lactobacillales,Streptococcaceae,Streptococcus,None,0.014598540145985401
Bacteria,Firmicutes,Bacilli,Erysipelotrichales,Erysipelotrichaceae,Clostridium_innocuum_group,None,Bacteria,Firmicutes,Bacilli,RF39,None,None,None,0.009732360097323601
Bacteria,Firmicutes,Bacilli,Erysipelotrichales,Erysipelotrichaceae,Clostridium_innocuum_group,None,Bacteria,Firmicutes,Bacilli,Staphylococcales,Staphylococcaceae,Staphylococcus,None,0.014598540145985401
Bacteria,Firmicutes,Bacilli,Erysipelotrichales,Erysipelotrichaceae,Clostridium_innocuum_group,None,Bacteria,Firmicutes,Clostridia,Clostridiales,Clostridiaceae,Clostridium_sensu_stricto_1,None,0.019464720194647202
Bacteria,Firmicutes,Bacilli,Erysipelotrichales,Erysipelotrichaceae,Clostridium_innocuum_group,None,Bacteria,Firmicutes,Clostridia,Lachnospirales,Lachnospiraceae,Agathobacter,None,0.019464720194647202
Bacteria,Firmicutes,Bacilli,Erysipelotrichales,Erysipelotrichaceae,Clostridium_innocuum_group,None,Bacteria,Firmicutes,Clostridia,Lachnospirales,Lachnospiraceae,Anaerostipes,uncultured_Lachnospiraceae_bacterium,0.021897810218978103
Bacteria,Firmicutes,Bacilli,Erysipelotrichales,Erysipelotrichaceae,Clostridium_innocuum_group,None,Bacteria,Firmicutes,Clostridia,Lachnospirales,Lachnospiraceae,Blautia,bacterium_mpn-isolate_group_20,0.021897810218978103
Bacteria,Firmicutes,Bacilli,Erysipelotrichales,Erysipelotrichaceae,Clostridium_innocuum_group,None,Bacteria,Firmicutes,Clostridia,Lachnospirales,Lachnospiraceae,Blautia,uncultured_Blautia_sp.,0.021897810218978103
Bacteria,Firmicutes,Bacilli,Erysipelotrichales,Erysipelotrichaceae,Clostridium_innocuum_group,None,Bacteria,Firmicutes,Clostridia,Lachnospirales,Lachnospiraceae,CAG-56,None,0.019464720194647202
Bacteria,Firmicutes,Bacilli,Erysipelotrichales,Erysipelotrichaceae,Clostridium_innocuum_group,None,Bacteria,Firmicutes,Clostridia,Lachnospirales,Lachnospiraceae,Coprococcus,None,0.019464720194647202
Bacteria,Firmicutes,Bacilli,Erysipelotrichales,Erysipelotrichaceae,Clostridium_innocuum_group,None,Bacteria,Firmicutes,Clostridia,Lachnospirales,Lachnospiraceae,Dorea,None,0.019464720194647202
Bacteria,Firmicutes,Bacilli,Erysipelotrichales,Erysipelotrichaceae,Clostridium_innocuum_group,None,Bacteria,Firmicutes,Clostridia,Lachnospirales,Lachnospiraceae,Fusicatenibacter,uncultured_Lachnospiraceae_bacterium,0.021897810218978103
Bacteria,Firmicutes,Bacilli,Erysipelotrichales,Erysipelotrichaceae,Clostridium_innocuum_group,None,Bacteria,Firmicutes,Clostridia,Lachnospirales,Lachnospiraceae,Lachnospira,uncultured_Lachnospiraceae_bacterium,0.021897810218978103
Bacteria,Firmicutes,Bacilli,Erysipelotrichales,Erysipelotrichaceae,Clostridium_innocuum_group,None,Bacteria,Firmicutes,Clostridia,Lachnospirales,Lachnospiraceae,Lachnospiraceae_NK4A136_group,None,0.019464720194647202
Bacteria,Firmicutes,Bacilli,Erysipelotrichales,Erysipelotrichaceae,Clostridium_innocuum_group,None,Bacteria,Firmicutes,Clostridia,Lachnospirales,Lachnospiraceae,Lachnospiraceae_UCG-001,uncultured_Firmicutes_bacterium,0.021897810218978103
Bacteria,Firmicutes,Bacilli,Erysipelotrichales,Erysipelotrichaceae,Clostridium_innocuum_group,None,Bacteria,Firmicutes,Clostridia,Lachnospirales,Lachnospiraceae,Roseburia,None,0.019464720194647202
Bacteria,Firmicutes,Bacilli,Erysipelotrichales,Erysipelotrichaceae,Clostridium_innocuum_group,None,Bacteria,Firmicutes,Clostridia,Lachnospirales,Lachnospiraceae,Eubacterium_eligens_group,None,0.019464720194647202
Bacteria,Firmicutes,Bacilli,Erysipelotrichales,Erysipelotrichaceae,Clostridium_innocuum_group,None,Bacteria,Firmicutes,Clostridia,Lachnospirales,Lachnospiraceae,Eubacterium_xylanophilum_group,None,0.019464720194647202
Bacteria,Firmicutes,Bacilli,Erysipelotrichales,Erysipelotrichaceae,Clostridium_innocuum_group,None,Bacteria,Firmicutes,Clostridia,Lachnospirales,Lachnospiraceae,Ruminococcus_gauvreauii_group,uncultured_Lachnospiraceae_bacterium,0.021897810218978103
Bacteria,Firmicutes,Bacilli,Erysipelotrichales,Erysipelotrichaceae,Clostridium_innocuum_group,None,Bacteria,Firmicutes,Clostridia,Lachnospirales,Lachnospiraceae,Ruminococcus_torques_group,Clostridiaceae_bacterium_LEMV78,0.021897810218978103
Bacteria,Firmicutes,Bacilli,Erysipelotrichales,Erysipelotrichaceae,Clostridium_innocuum_group,None,Bacteria,Firmicutes,Clostridia,Oscillospirales,Butyricicoccaceae,UCG-009,metagenome,0.021897810218978103
Bacteria,Firmicutes,Bacilli,Erysipelotrichales,Erysipelotrichaceae,Clostridium_innocuum_group,None,Bacteria,Firmicutes,Clostridia,Oscillospirales,Oscillospiraceae,Colidextribacter,None,0.019464720194647202
Bacteria,Firmicutes,Bacilli,Erysipelotrichales,Erysipelotrichaceae,Clostridium_innocuum_group,None,Bacteria,Firmicutes,Clostridia,Oscillospirales,Oscillospiraceae,Flavonifractor,None,0.019464720194647202
Bacteria,Firmicutes,Bacilli,Erysipelotrichales,Erysipelotrichaceae,Clostridium_innocuum_group,None,Bacteria,Firmicutes,Clostridia,Oscillospirales,Oscillospiraceae,NK4A214_group,metagenome,0.021897810218978103
Bacteria,Firmicutes,Bacilli,Erysipelotrichales,Erysipelotrichaceae,Clostridium_innocuum_group,None,Bacteria,Firmicutes,Clostridia,Oscillospirales,Oscillospiraceae,UCG-002,None,0.019464720194647202
Bacteria,Firmicutes,Bacilli,Erysipelotrichales,Erysipelotrichaceae,Clostridium_innocuum_group,None,Bacteria,Firmicutes,Clostridia,Oscillospirales,Oscillospiraceae,UCG-003,None,0.019464720194647202
Bacteria,Firmicutes,Bacilli,Erysipelotrichales,Erysipelotrichaceae,Clostridium_innocuum_group,None,Bacteria,Firmicutes,Clostridia,Oscillospirales,Oscillospiraceae,UCG-005,None,0.019464720194647202
Bacteria,Firmicutes,Bacilli,Erysipelotrichales,Erysipelotrichaceae,Clostridium_innocuum_group,None,Bacteria,Firmicutes,Clostridia,Oscillospirales,Ruminococcaceae,Candidatus_Soleaferrea,Neobitarella_massiliensis,0.021897810218978103
Bacteria,Firmicutes,Bacilli,Erysipelotrichales,Erysipelotrichaceae,Clostridium_innocuum_group,None,Bacteria,Firmicutes,Clostridia,Oscillospirales,Ruminococcaceae,Faecalibacterium,None,0.019464720194647202
Bacteria,Firmicutes,Bacilli,Erysipelotrichales,Erysipelotrichaceae,Clostridium_innocuum_group,None,Bacteria,Firmicutes,Clostridia,Oscillospirales,Ruminococcaceae,Incertae_Sedis,metagenome,0.021897810218978103
Bacteria,Firmicutes,Bacilli,Erysipelotrichales,Erysipelotrichaceae,Clostridium_innocuum_group,None,Bacteria,Firmicutes,Clostridia,Oscillospirales,Ruminococcaceae,Incertae_Sedis,None,0.019464720194647202
Bacteria,Firmicutes,Bacilli,Erysipelotrichales,Erysipelotrichaceae,Clostridium_innocuum_group,None,Bacteria,Firmicutes,Clostridia,Oscillospirales,Ruminococcaceae,Paludicola,metagenome,0.021897810218978103
Bacteria,Firmicutes,Bacilli,Erysipelotrichales,Erysipelotrichaceae,Clostridium_innocuum_group,None,Bacteria,Firmicutes,Clostridia,Oscillospirales,Ruminococcaceae,Ruminococcus,None,0.019464720194647202
Bacteria,Firmicutes,Bacilli,Erysipelotrichales,Erysipelotrichaceae,Clostridium_innocuum_group,None,Bacteria,Firmicutes,Clostridia,Oscillospirales,Ruminococcaceae,Subdoligranulum,None,0.019464720194647202
Bacteria,Firmicutes,Bacilli,Erysipelotrichales,Erysipelotrichaceae,Clostridium_innocuum_group,None,Bacteria,Firmicutes,Clostridia,Oscillospirales,Ruminococcaceae,UBA1819,None,0.019464720194647202
Bacteria,Firmicutes,Bacilli,Erysipelotrichales,Erysipelotrichaceae,Clostridium_innocuum_group,None,Bacteria,Firmicutes,Clostridia,Oscillospirales,Ruminococcaceae,None,None,0.0170316301703163
Bacteria,Firmicutes,Bacilli,Erysipelotrichales,Erysipelotrichaceae,Clostridium_innocuum_group,None,Bacteria,Firmicutes,Clostridia,Oscillospirales,Eubacterium_coprostanoligenes_group,metagenome,None,0.019464720194647202
Bacteria,Firmicutes,Bacilli,Erysipelotrichales,Erysipelotrichaceae,Clostridium_innocuum_group,None,Bacteria,Firmicutes,Clostridia,Oscillospirales,Eubacterium_coprostanoligenes_group,uncultured_Clostridiales_bacterium,None,0.019464720194647202
Bacteria,Firmicutes,Bacilli,Erysipelotrichales,Erysipelotrichaceae,Clostridium_innocuum_group,None,Bacteria,Firmicutes,Clostridia,Oscillospirales,None,None,None,0.014598540145985401
Bacteria,Firmicutes,Bacilli,Erysipelotrichales,Erysipelotrichaceae,Clostridium_innocuum_group,None,Bacteria,Firmicutes,Clostridia,Peptostreptococcales-Tissierellales,Peptostreptococcaceae,Romboutsia,None,0.019464720194647202
Bacteria,Firmicutes,Bacilli,Erysipelotrichales,Erysipelotrichaceae,Clostridium_innocuum_group,None,Bacteria,Firmicutes,Clostridia,None,None,None,None,0.012165450121654502
Bacteria,Firmicutes,Bacilli,Erysipelotrichales,Erysipelotrichaceae,Clostridium_innocuum_group,None,Bacteria,Firmicutes,Negativicutes,Acidaminococcales,Acidaminococcaceae,Phascolarctobacterium,None,0.019464720194647202
Bacteria,Firmicutes,Bacilli,Erysipelotrichales,Erysipelotrichaceae,Clostridium_innocuum_group,None,Bacteria,Firmicutes,Negativicutes,Veillonellales-Selenomonadales,Veillonellaceae,Veillonella,None,0.019464720194647202
Bacteria,Firmicutes,Bacilli,Erysipelotrichales,Erysipelotrichaceae,Clostridium_innocuum_group,None,Bacteria,Fusobacteriota,Fusobacteriia,Fusobacteriales,Fusobacteriaceae,Fusobacterium,None,0.024330900243309004
Bacteria,Firmicutes,Bacilli,Erysipelotrichales,Erysipelotrichaceae,Clostridium_innocuum_group,None,Bacteria,Proteobacteria,Gammaproteobacteria,Burkholderiales,Neisseriaceae,Neisseria,None,0.024330900243309004
Bacteria,Firmicutes,Bacilli,Erysipelotrichales,Erysipelotrichaceae,Clostridium_innocuum_group,None,Bacteria,Proteobacteria,Gammaproteobacteria,Enterobacterales,Enterobacteriaceae,None,None,0.021897810218978103
Bacteria,Firmicutes,Bacilli,Erysipelotrichales,Erysipelotrichaceae,Clostridium_innocuum_group,None,Bacteria,Proteobacteria,Gammaproteobacteria,Pasteurellales,Pasteurellaceae,Haemophilus,None,0.024330900243309004
Bacteria,Firmicutes,Bacilli,Erysipelotrichales,Erysipelotrichaceae,Clostridium_innocuum_group,None,Bacteria,Proteobacteria,Gammaproteobacteria,Pseudomonadales,Moraxellaceae,Acinetobacter,None,0.024330900243309004
Bacteria,Firmicutes,Bacilli,Erysipelotrichales,Erysipelotrichaceae,Clostridium_innocuum_group,None,Bacteria,Proteobacteria,Gammaproteobacteria,Pseudomonadales,Pseudomonadaceae,Pseudomonas,None,0.024330900243309004
Bacteria,Firmicutes,Bacilli,Erysipelotrichales,Erysipelotrichaceae,Clostridium_innocuum_group,None,Bacteria,Verrucomicrobiota,Verrucomicrobiae,Verrucomicrobiales,Akkermansiaceae,Akkermansia,None,0.024330900243309004
Bacteria,Firmicutes,Bacilli,Lactobacillales,Streptococcaceae,Streptococcus,Streptococcus_mutans,Bacteria,Firmicutes,Bacilli,Lactobacillales,Streptococcaceae,Streptococcus,None,0.0024330900243309003
Bacteria,Firmicutes,Bacilli,Lactobacillales,Streptococcaceae,Streptococcus,Streptococcus_mutans,Bacteria,Firmicutes,Bacilli,RF39,None,None,None,0.012165450121654502
Bacteria,Firmicutes,Bacilli,Lactobacillales,Streptococcaceae,Streptococcus,Streptococcus_mutans,Bacteria,Firmicutes,Bacilli,Staphylococcales,Staphylococcaceae,Staphylococcus,None,0.0170316301703163
Bacteria,Firmicutes,Bacilli,Lactobacillales,Streptococcaceae,Streptococcus,Streptococcus_mutans,Bacteria,Firmicutes,Clostridia,Clostridiales,Clostridiaceae,Clostridium_sensu_stricto_1,None,0.021897810218978103
Bacteria,Firmicutes,Bacilli,Lactobacillales,Streptococcaceae,Streptococcus,Streptococcus_mutans,Bacteria,Firmicutes,Clostridia,Lachnospirales,Lachnospiraceae,Agathobacter,None,0.021897810218978103
Bacteria,Firmicutes,Bacilli,Lactobacillales,Streptococcaceae,Streptococcus,Streptococcus_mutans,Bacteria,Firmicutes,Clostridia,Lachnospirales,Lachnospiraceae,Anaerostipes,uncultured_Lachnospiraceae_bacterium,0.024330900243309004
Bacteria,Firmicutes,Bacilli,Lactobacillales,Streptococcaceae,Streptococcus,Streptococcus_mutans,Bacteria,Firmicutes,Clostridia,Lachnospirales,Lachnospiraceae,Blautia,bacterium_mpn-isolate_group_20,0.024330900243309004
Bacteria,Firmicutes,Bacilli,Lactobacillales,Streptococcaceae,Streptococcus,Streptococcus_mutans,Bacteria,Firmicutes,Clostridia,Lachnospirales,Lachnospiraceae,Blautia,uncultured_Blautia_sp.,0.024330900243309004
Bacteria,Firmicutes,Bacilli,Lactobacillales,Streptococcaceae,Streptococcus,Streptococcus_mutans,Bacteria,Firmicutes,Clostridia,Lachnospirales,Lachnospiraceae,CAG-56,None,0.021897810218978103
Bacteria,Firmicutes,Bacilli,Lactobacillales,Streptococcaceae,Streptococcus,Streptococcus_mutans,Bacteria,Firmicutes,Clostridia,Lachnospirales,Lachnospiraceae,Coprococcus,None,0.021897810218978103
Bacteria,Firmicutes,Bacilli,Lactobacillales,Streptococcaceae,Streptococcus,Streptococcus_mutans,Bacteria,Firmicutes,Clostridia,Lachnospirales,Lachnospiraceae,Dorea,None,0.021897810218978103
Bacteria,Firmicutes,Bacilli,Lactobacillales,Streptococcaceae,Streptococcus,Streptococcus_mutans,Bacteria,Firmicutes,Clostridia,Lachnospirales,Lachnospiraceae,Fusicatenibacter,uncultured_Lachnospiraceae_bacterium,0.024330900243309004
Bacteria,Firmicutes,Bacilli,Lactobacillales,Streptococcaceae,Streptococcus,Streptococcus_mutans,Bacteria,Firmicutes,Clostridia,Lachnospirales,Lachnospiraceae,Lachnospira,uncultured_Lachnospiraceae_bacterium,0.024330900243309004
Bacteria,Firmicutes,Bacilli,Lactobacillales,Streptococcaceae,Streptococcus,Streptococcus_mutans,Bacteria,Firmicutes,Clostridia,Lachnospirales,Lachnospiraceae,Lachnospiraceae_NK4A136_group,None,0.021897810218978103
Bacteria,Firmicutes,Bacilli,Lactobacillales,Streptococcaceae,Streptococcus,Streptococcus_mutans,Bacteria,Firmicutes,Clostridia,Lachnospirales,Lachnospiraceae,Lachnospiraceae_UCG-001,uncultured_Firmicutes_bacterium,0.024330900243309004
Bacteria,Firmicutes,Bacilli,Lactobacillales,Streptococcaceae,Streptococcus,Streptococcus_mutans,Bacteria,Firmicutes,Clostridia,Lachnospirales,Lachnospiraceae,Roseburia,None,0.021897810218978103
Bacteria,Firmicutes,Bacilli,Lactobacillales,Streptococcaceae,Streptococcus,Streptococcus_mutans,Bacteria,Firmicutes,Clostridia,Lachnospirales,Lachnospiraceae,Eubacterium_eligens_group,None,0.021897810218978103
Bacteria,Firmicutes,Bacilli,Lactobacillales,Streptococcaceae,Streptococcus,Streptococcus_mutans,Bacteria,Firmicutes,Clostridia,Lachnospirales,Lachnospiraceae,Eubacterium_xylanophilum_group,None,0.021897810218978103
Bacteria,Firmicutes,Bacilli,Lactobacillales,Streptococcaceae,Streptococcus,Streptococcus_mutans,Bacteria,Firmicutes,Clostridia,Lachnospirales,Lachnospiraceae,Ruminococcus_gauvreauii_group,uncultured_Lachnospiraceae_bacterium,0.024330900243309004
Bacteria,Firmicutes,Bacilli,Lactobacillales,Streptococcaceae,Streptococcus,Streptococcus_mutans,Bacteria,Firmicutes,Clostridia,Lachnospirales,Lachnospiraceae,Ruminococcus_torques_group,Clostridiaceae_bacterium_LEMV78,0.024330900243309004
Bacteria,Firmicutes,Bacilli,Lactobacillales,Streptococcaceae,Streptococcus,Streptococcus_mutans,Bacteria,Firmicutes,Clostridia,Oscillospirales,Butyricicoccaceae,UCG-009,metagenome,0.024330900243309004
Bacteria,Firmicutes,Bacilli,Lactobacillales,Streptococcaceae,Streptococcus,Streptococcus_mutans,Bacteria,Firmicutes,Clostridia,Oscillospirales,Oscillospiraceae,Colidextribacter,None,0.021897810218978103
Bacteria,Firmicutes,Bacilli,Lactobacillales,Streptococcaceae,Streptococcus,Streptococcus_mutans,Bacteria,Firmicutes,Clostridia,Oscillospirales,Oscillospiraceae,Flavonifractor,None,0.021897810218978103
Bacteria,Firmicutes,Bacilli,Lactobacillales,Streptococcaceae,Streptococcus,Streptococcus_mutans,Bacteria,Firmicutes,Clostridia,Oscillospirales,Oscillospiraceae,NK4A214_group,metagenome,0.024330900243309004
Bacteria,Firmicutes,Bacilli,Lactobacillales,Streptococcaceae,Streptococcus,Streptococcus_mutans,Bacteria,Firmicutes,Clostridia,Oscillospirales,Oscillospiraceae,UCG-002,None,0.021897810218978103
Bacteria,Firmicutes,Bacilli,Lactobacillales,Streptococcaceae,Streptococcus,Streptococcus_mutans,Bacteria,Firmicutes,Clostridia,Oscillospirales,Oscillospiraceae,UCG-003,None,0.021897810218978103
Bacteria,Firmicutes,Bacilli,Lactobacillales,Streptococcaceae,Streptococcus,Streptococcus_mutans,Bacteria,Firmicutes,Clostridia,Oscillospirales,Oscillospiraceae,UCG-005,None,0.021897810218978103
Bacteria,Firmicutes,Bacilli,Lactobacillales,Streptococcaceae,Streptococcus,Streptococcus_mutans,Bacteria,Firmicutes,Clostridia,Oscillospirales,Ruminococcaceae,Candidatus_Soleaferrea,Neobitarella_massiliensis,0.024330900243309004
Bacteria,Firmicutes,Bacilli,Lactobacillales,Streptococcaceae,Streptococcus,Streptococcus_mutans,Bacteria,Firmicutes,Clostridia,Oscillospirales,Ruminococcaceae,Faecalibacterium,None,0.021897810218978103
Bacteria,Firmicutes,Bacilli,Lactobacillales,Streptococcaceae,Streptococcus,Streptococcus_mutans,Bacteria,Firmicutes,Clostridia,Oscillospirales,Ruminococcaceae,Incertae_Sedis,metagenome,0.024330900243309004
Bacteria,Firmicutes,Bacilli,Lactobacillales,Streptococcaceae,Streptococcus,Streptococcus_mutans,Bacteria,Firmicutes,Clostridia,Oscillospirales,Ruminococcaceae,Incertae_Sedis,None,0.021897810218978103
Bacteria,Firmicutes,Bacilli,Lactobacillales,Streptococcaceae,Streptococcus,Streptococcus_mutans,Bacteria,Firmicutes,Clostridia,Oscillospirales,Ruminococcaceae,Paludicola,metagenome,0.024330900243309004
Bacteria,Firmicutes,Bacilli,Lactobacillales,Streptococcaceae,Streptococcus,Streptococcus_mutans,Bacteria,Firmicutes,Clostridia,Oscillospirales,Ruminococcaceae,Ruminococcus,None,0.021897810218978103
Bacteria,Firmicutes,Bacilli,Lactobacillales,Streptococcaceae,Streptococcus,Streptococcus_mutans,Bacteria,Firmicutes,Clostridia,Oscillospirales,Ruminococcaceae,Subdoligranulum,None,0.021897810218978103
Bacteria,Firmicutes,Bacilli,Lactobacillales,Streptococcaceae,Streptococcus,Streptococcus_mutans,Bacteria,Firmicutes,Clostridia,Oscillospirales,Ruminococcaceae,UBA1819,None,0.021897810218978103
Bacteria,Firmicutes,Bacilli,Lactobacillales,Streptococcaceae,Streptococcus,Streptococcus_mutans,Bacteria,Firmicutes,Clostridia,Oscillospirales,Ruminococcaceae,None,None,0.019464720194647202
Bacteria,Firmicutes,Bacilli,Lactobacillales,Streptococcaceae,Streptococcus,Streptococcus_mutans,Bacteria,Firmicutes,Clostridia,Oscillospirales,Eubacterium_coprostanoligenes_group,metagenome,None,0.021897810218978103
Bacteria,Firmicutes,Bacilli,Lactobacillales,Streptococcaceae,Streptococcus,Streptococcus_mutans,Bacteria,Firmicutes,Clostridia,Oscillospirales,Eubacterium_coprostanoligenes_group,uncultured_Clostridiales_bacterium,None,0.021897810218978103
Bacteria,Firmicutes,Bacilli,Lactobacillales,Streptococcaceae,Streptococcus,Streptococcus_mutans,Bacteria,Firmicutes,Clostridia,Oscillospirales,None,None,None,0.0170316301703163
Bacteria,Firmicutes,Bacilli,Lactobacillales,Streptococcaceae,Streptococcus,Streptococcus_mutans,Bacteria,Firmicutes,Clostridia,Peptostreptococcales-Tissierellales,Peptostreptococcaceae,Romboutsia,None,0.021897810218978103
Bacteria,Firmicutes,Bacilli,Lactobacillales,Streptococcaceae,Streptococcus,Streptococcus_mutans,Bacteria,Firmicutes,Clostridia,None,None,None,None,0.014598540145985401
Bacteria,Firmicutes,Bacilli,Lactobacillales,Streptococcaceae,Streptococcus,Streptococcus_mutans,Bacteria,Firmicutes,Negativicutes,Acidaminococcales,Acidaminococcaceae,Phascolarctobacterium,None,0.021897810218978103
Bacteria,Firmicutes,Bacilli,Lactobacillales,Streptococcaceae,Streptococcus,Streptococcus_mutans,Bacteria,Firmicutes,Negativicutes,Veillonellales-Selenomonadales,Veillonellaceae,Veillonella,None,0.021897810218978103
Bacteria,Firmicutes,Bacilli,Lactobacillales,Streptococcaceae,Streptococcus,Streptococcus_mutans,Bacteria,Fusobacteriota,Fusobacteriia,Fusobacteriales,Fusobacteriaceae,Fusobacterium,None,0.0267639902676399
Bacteria,Firmicutes,Bacilli,Lactobacillales,Streptococcaceae,Streptococcus,Streptococcus_mutans,Bacteria,Proteobacteria,Gammaproteobacteria,Burkholderiales,Neisseriaceae,Neisseria,None,0.0267639902676399
Bacteria,Firmicutes,Bacilli,Lactobacillales,Streptococcaceae,Streptococcus,Streptococcus_mutans,Bacteria,Proteobacteria,Gammaproteobacteria,Enterobacterales,Enterobacteriaceae,None,None,0.024330900243309004
Bacteria,Firmicutes,Bacilli,Lactobacillales,Streptococcaceae,Streptococcus,Streptococcus_mutans,Bacteria,Proteobacteria,Gammaproteobacteria,Pasteurellales,Pasteurellaceae,Haemophilus,None,0.0267639902676399
Bacteria,Firmicutes,Bacilli,Lactobacillales,Streptococcaceae,Streptococcus,Streptococcus_mutans,Bacteria,Proteobacteria,Gammaproteobacteria,Pseudomonadales,Moraxellaceae,Acinetobacter,None,0.0267639902676399
Bacteria,Firmicutes,Bacilli,Lactobacillales,Streptococcaceae,Streptococcus,Streptococcus_mutans,Bacteria,Proteobacteria,Gammaproteobacteria,Pseudomonadales,Pseudomonadaceae,Pseudomonas,None,0.0267639902676399
Bacteria,Firmicutes,Bacilli,Lactobacillales,Streptococcaceae,Streptococcus,Streptococcus_mutans,Bacteria,Verrucomicrobiota,Verrucomicrobiae,Verrucomicrobiales,Akkermansiaceae,Akkermansia,None,0.0267639902676399
Bacteria,Firmicutes,Bacilli,Lactobacillales,Streptococcaceae,Streptococcus,None,Bacteria,Firmicutes,Bacilli,RF39,None,None,None,0.009732360097323601
Bacteria,Firmicutes,Bacilli,Lactobacillales,Streptococcaceae,Streptococcus,None,Bacteria,Firmicutes,Bacilli,Staphylococcales,Staphylococcaceae,Staphylococcus,None,0.014598540145985401
Bacteria,Firmicutes,Bacilli,Lactobacillales,Streptococcaceae,Streptococcus,None,Bacteria,Firmicutes,Clostridia,Clostridiales,Clostridiaceae,Clostridium_sensu_stricto_1,None,0.019464720194647202
Bacteria,Firmicutes,Bacilli,Lactobacillales,Streptococcaceae,Streptococcus,None,Bacteria,Firmicutes,Clostridia,Lachnospirales,Lachnospiraceae,Agathobacter,None,0.019464720194647202
Bacteria,Firmicutes,Bacilli,Lactobacillales,Streptococcaceae,Streptococcus,None,Bacteria,Firmicutes,Clostridia,Lachnospirales,Lachnospiraceae,Anaerostipes,uncultured_Lachnospiraceae_bacterium,0.021897810218978103
Bacteria,Firmicutes,Bacilli,Lactobacillales,Streptococcaceae,Streptococcus,None,Bacteria,Firmicutes,Clostridia,Lachnospirales,Lachnospiraceae,Blautia,bacterium_mpn-isolate_group_20,0.021897810218978103
Bacteria,Firmicutes,Bacilli,Lactobacillales,Streptococcaceae,Streptococcus,None,Bacteria,Firmicutes,Clostridia,Lachnospirales,Lachnospiraceae,Blautia,uncultured_Blautia_sp.,0.021897810218978103
Bacteria,Firmicutes,Bacilli,Lactobacillales,Streptococcaceae,Streptococcus,None,Bacteria,Firmicutes,Clostridia,Lachnospirales,Lachnospiraceae,CAG-56,None,0.019464720194647202
Bacteria,Firmicutes,Bacilli,Lactobacillales,Streptococcaceae,Streptococcus,None,Bacteria,Firmicutes,Clostridia,Lachnospirales,Lachnospiraceae,Coprococcus,None,0.019464720194647202
Bacteria,Firmicutes,Bacilli,Lactobacillales,Streptococcaceae,Streptococcus,None,Bacteria,Firmicutes,Clostridia,Lachnospirales,Lachnospiraceae,Dorea,None,0.019464720194647202
Bacteria,Firmicutes,Bacilli,Lactobacillales,Streptococcaceae,Streptococcus,None,Bacteria,Firmicutes,Clostridia,Lachnospirales,Lachnospiraceae,Fusicatenibacter,uncultured_Lachnospiraceae_bacterium,0.021897810218978103
Bacteria,Firmicutes,Bacilli,Lactobacillales,Streptococcaceae,Streptococcus,None,Bacteria,Firmicutes,Clostridia,Lachnospirales,Lachnospiraceae,Lachnospira,uncultured_Lachnospiraceae_bacterium,0.021897810218978103
Bacteria,Firmicutes,Bacilli,Lactobacillales,Streptococcaceae,Streptococcus,None,Bacteria,Firmicutes,Clostridia,Lachnospirales,Lachnospiraceae,Lachnospiraceae_NK4A136_group,None,0.019464720194647202
Bacteria,Firmicutes,Bacilli,Lactobacillales,Streptococcaceae,Streptococcus,None,Bacteria,Firmicutes,Clostridia,Lachnospirales,Lachnospiraceae,Lachnospiraceae_UCG-001,uncultured_Firmicutes_bacterium,0.021897810218978103
Bacteria,Firmicutes,Bacilli,Lactobacillales,Streptococcaceae,Streptococcus,None,Bacteria,Firmicutes,Clostridia,Lachnospirales,Lachnospiraceae,Roseburia,None,0.019464720194647202
Bacteria,Firmicutes,Bacilli,Lactobacillales,Streptococcaceae,Streptococcus,None,Bacteria,Firmicutes,Clostridia,Lachnospirales,Lachnospiraceae,Eubacterium_eligens_group,None,0.019464720194647202
Bacteria,Firmicutes,Bacilli,Lactobacillales,Streptococcaceae,Streptococcus,None,Bacteria,Firmicutes,Clostridia,Lachnospirales,Lachnospiraceae,Eubacterium_xylanophilum_group,None,0.019464720194647202
Bacteria,Firmicutes,Bacilli,Lactobacillales,Streptococcaceae,Streptococcus,None,Bacteria,Firmicutes,Clostridia,Lachnospirales,Lachnospiraceae,Ruminococcus_gauvreauii_group,uncultured_Lachnospiraceae_bacterium,0.021897810218978103
Bacteria,Firmicutes,Bacilli,Lactobacillales,Streptococcaceae,Streptococcus,None,Bacteria,Firmicutes,Clostridia,Lachnospirales,Lachnospiraceae,Ruminococcus_torques_group,Clostridiaceae_bacterium_LEMV78,0.021897810218978103
Bacteria,Firmicutes,Bacilli,Lactobacillales,Streptococcaceae,Streptococcus,None,Bacteria,Firmicutes,Clostridia,Oscillospirales,Butyricicoccaceae,UCG-009,metagenome,0.021897810218978103
Bacteria,Firmicutes,Bacilli,Lactobacillales,Streptococcaceae,Streptococcus,None,Bacteria,Firmicutes,Clostridia,Oscillospirales,Oscillospiraceae,Colidextribacter,None,0.019464720194647202
Bacteria,Firmicutes,Bacilli,Lactobacillales,Streptococcaceae,Streptococcus,None,Bacteria,Firmicutes,Clostridia,Oscillospirales,Oscillospiraceae,Flavonifractor,None,0.019464720194647202
Bacteria,Firmicutes,Bacilli,Lactobacillales,Streptococcaceae,Streptococcus,None,Bacteria,Firmicutes,Clostridia,Oscillospirales,Oscillospiraceae,NK4A214_group,metagenome,0.021897810218978103
Bacteria,Firmicutes,Bacilli,Lactobacillales,Streptococcaceae,Streptococcus,None,Bacteria,Firmicutes,Clostridia,Oscillospirales,Oscillospiraceae,UCG-002,None,0.019464720194647202
Bacteria,Firmicutes,Bacilli,Lactobacillales,Streptococcaceae,Streptococcus,None,Bacteria,Firmicutes,Clostridia,Oscillospirales,Oscillospiraceae,UCG-003,None,0.019464720194647202
Bacteria,Firmicutes,Bacilli,Lactobacillales,Streptococcaceae,Streptococcus,None,Bacteria,Firmicutes,Clostridia,Oscillospirales,Oscillospiraceae,UCG-005,None,0.019464720194647202
Bacteria,Firmicutes,Bacilli,Lactobacillales,Streptococcaceae,Streptococcus,None,Bacteria,Firmicutes,Clostridia,Oscillospirales,Ruminococcaceae,Candidatus_Soleaferrea,Neobitarella_massiliensis,0.021897810218978103
Bacteria,Firmicutes,Bacilli,Lactobacillales,Streptococcaceae,Streptococcus,None,Bacteria,Firmicutes,Clostridia,Oscillospirales,Ruminococcaceae,Faecalibacterium,None,0.019464720194647202
Bacteria,Firmicutes,Bacilli,Lactobacillales,Streptococcaceae,Streptococcus,None,Bacteria,Firmicutes,Clostridia,Oscillospirales,Ruminococcaceae,Incertae_Sedis,metagenome,0.021897810218978103
Bacteria,Firmicutes,Bacilli,Lactobacillales,Streptococcaceae,Streptococcus,None,Bacteria,Firmicutes,Clostridia,Oscillospirales,Ruminococcaceae,Incertae_Sedis,None,0.019464720194647202
Bacteria,Firmicutes,Bacilli,Lactobacillales,Streptococcaceae,Streptococcus,None,Bacteria,Firmicutes,Clostridia,Oscillospirales,Ruminococcaceae,Paludicola,metagenome,0.021897810218978103
Bacteria,Firmicutes,Bacilli,Lactobacillales,Streptococcaceae,Streptococcus,None,Bacteria,Firmicutes,Clostridia,Oscillospirales,Ruminococcaceae,Ruminococcus,None,0.019464720194647202
Bacteria,Firmicutes,Bacilli,Lactobacillales,Streptococcaceae,Streptococcus,None,Bacteria,Firmicutes,Clostridia,Oscillospirales,Ruminococcaceae,Subdoligranulum,None,0.019464720194647202
Bacteria,Firmicutes,Bacilli,Lactobacillales,Streptococcaceae,Streptococcus,None,Bacteria,Firmicutes,Clostridia,Oscillospirales,Ruminococcaceae,UBA1819,None,0.019464720194647202
Bacteria,Firmicutes,Bacilli,Lactobacillales,Streptococcaceae,Streptococcus,None,Bacteria,Firmicutes,Clostridia,Oscillospirales,Ruminococcaceae,None,None,0.0170316301703163
Bacteria,Firmicutes,Bacilli,Lactobacillales,Streptococcaceae,Streptococcus,None,Bacteria,Firmicutes,Clostridia,Oscillospirales,Eubacterium_coprostanoligenes_group,metagenome,None,0.019464720194647202
Bacteria,Firmicutes,Bacilli,Lactobacillales,Streptococcaceae,Streptococcus,None,Bacteria,Firmicutes,Clostridia,Oscillospirales,Eubacterium_coprostanoligenes_group,uncultured_Clostridiales_bacterium,None,0.019464720194647202
Bacteria,Firmicutes,Bacilli,Lactobacillales,Streptococcaceae,Streptococcus,None,Bacteria,Firmicutes,Clostridia,Oscillospirales,None,None,None,0.014598540145985401
Bacteria,Firmicutes,Bacilli,Lactobacillales,Streptococcaceae,Streptococcus,None,Bacteria,Firmicutes,Clostridia,Peptostreptococcales-Tissierellales,Peptostreptococcaceae,Romboutsia,None,0.019464720194647202
Bacteria,Firmicutes,Bacilli,Lactobacillales,Streptococcaceae,Streptococcus,None,Bacteria,Firmicutes,Clostridia,None,None,None,None,0.012165450121654502
Bacteria,Firmicutes,Bacilli,Lactobacillales,Streptococcaceae,Streptococcus,None,Bacteria,Firmicutes,Negativicutes,Acidaminococcales,Acidaminococcaceae,Phascolarctobacterium,None,0.019464720194647202
Bacteria,Firmicutes,Bacilli,Lactobacillales,Streptococcaceae,Streptococcus,None,Bacteria,Firmicutes,Negativicutes,Veillonellales-Selenomonadales,Veillonellaceae,Veillonella,None,0.019464720194647202
Bacteria,Firmicutes,Bacilli,Lactobacillales,Streptococcaceae,Streptococcus,None,Bacteria,Fusobacteriota,Fusobacteriia,Fusobacteriales,Fusobacteriaceae,Fusobacterium,None,0.024330900243309004
Bacteria,Firmicutes,Bacilli,Lactobacillales,Streptococcaceae,Streptococcus,None,Bacteria,Proteobacteria,Gammaproteobacteria,Burkholderiales,Neisseriaceae,Neisseria,None,0.024330900243309004
Bacteria,Firmicutes,Bacilli,Lactobacillales,Streptococcaceae,Streptococcus,None,Bacteria,Proteobacteria,Gammaproteobacteria,Enterobacterales,Enterobacteriaceae,None,None,0.021897810218978103
Bacteria,Firmicutes,Bacilli,Lactobacillales,Streptococcaceae,Streptococcus,None,Bacteria,Proteobacteria,Gammaproteobacteria,Pasteurellales,Pasteurellaceae,Haemophilus,None,0.024330900243309004
Bacteria,Firmicutes,Bacilli,Lactobacillales,Streptococcaceae,Streptococcus,None,Bacteria,Proteobacteria,Gammaproteobacteria,Pseudomonadales,Moraxellaceae,Acinetobacter,None,0.024330900243309004
Bacteria,Firmicutes,Bacilli,Lactobacillales,Streptococcaceae,Streptococcus,None,Bacteria,Proteobacteria,Gammaproteobacteria,Pseudomonadales,Pseudomonadaceae,Pseudomonas,None,0.024330900243309004
Bacteria,Firmicutes,Bacilli,Lactobacillales,Streptococcaceae,Streptococcus,None,Bacteria,Verrucomicrobiota,Verrucomicrobiae,Verrucomicrobiales,Akkermansiaceae,Akkermansia,None,0.024330900243309004
Bacteria,Firmicutes,Bacilli,RF39,None,None,None,Bacteria,Firmicutes,Bacilli,Staphylococcales,Staphylococcaceae,Staphylococcus,None,0.009732360097323601
Bacteria,Firmicutes,Bacilli,RF39,None,None,None,Bacteria,Firmicutes,Clostridia,Clostridiales,Clostridiaceae,Clostridium_sensu_stricto_1,None,0.014598540145985401
Bacteria,Firmicutes,Bacilli,RF39,None,None,None,Bacteria,Firmicutes,Clostridia,Lachnospirales,Lachnospiraceae,Agathobacter,None,0.014598540145985401
Bacteria,Firmicutes,Bacilli,RF39,None,None,None,Bacteria,Firmicutes,Clostridia,Lachnospirales,Lachnospiraceae,Anaerostipes,uncultured_Lachnospiraceae_bacterium,0.0170316301703163
Bacteria,Firmicutes,Bacilli,RF39,None,None,None,Bacteria,Firmicutes,Clostridia,Lachnospirales,Lachnospiraceae,Blautia,bacterium_mpn-isolate_group_20,0.0170316301703163
Bacteria,Firmicutes,Bacilli,RF39,None,None,None,Bacteria,Firmicutes,Clostridia,Lachnospirales,Lachnospiraceae,Blautia,uncultured_Blautia_sp.,0.0170316301703163
Bacteria,Firmicutes,Bacilli,RF39,None,None,None,Bacteria,Firmicutes,Clostridia,Lachnospirales,Lachnospiraceae,CAG-56,None,0.014598540145985401
Bacteria,Firmicutes,Bacilli,RF39,None,None,None,Bacteria,Firmicutes,Clostridia,Lachnospirales,Lachnospiraceae,Coprococcus,None,0.014598540145985401
Bacteria,Firmicutes,Bacilli,RF39,None,None,None,Bacteria,Firmicutes,Clostridia,Lachnospirales,Lachnospiraceae,Dorea,None,0.014598540145985401
Bacteria,Firmicutes,Bacilli,RF39,None,None,None,Bacteria,Firmicutes,Clostridia,Lachnospirales,Lachnospiraceae,Fusicatenibacter,uncultured_Lachnospiraceae_bacterium,0.0170316301703163
Bacteria,Firmicutes,Bacilli,RF39,None,None,None,Bacteria,Firmicutes,Clostridia,Lachnospirales,Lachnospiraceae,Lachnospira,uncultured_Lachnospiraceae_bacterium,0.0170316301703163
Bacteria,Firmicutes,Bacilli,RF39,None,None,None,Bacteria,Firmicutes,Clostridia,Lachnospirales,Lachnospiraceae,Lachnospiraceae_NK4A136_group,None,0.014598540145985401
Bacteria,Firmicutes,Bacilli,RF39,None,None,None,Bacteria,Firmicutes,Clostridia,Lachnospirales,Lachnospiraceae,Lachnospiraceae_UCG-001,uncultured_Firmicutes_bacterium,0.0170316301703163
Bacteria,Firmicutes,Bacilli,RF39,None,None,None,Bacteria,Firmicutes,Clostridia,Lachnospirales,Lachnospiraceae,Roseburia,None,0.014598540145985401
Bacteria,Firmicutes,Bacilli,RF39,None,None,None,Bacteria,Firmicutes,Clostridia,Lachnospirales,Lachnospiraceae,Eubacterium_eligens_group,None,0.014598540145985401
Bacteria,Firmicutes,Bacilli,RF39,None,None,None,Bacteria,Firmicutes,Clostridia,Lachnospirales,Lachnospiraceae,Eubacterium_xylanophilum_group,None,0.014598540145985401
Bacteria,Firmicutes,Bacilli,RF39,None,None,None,Bacteria,Firmicutes,Clostridia,Lachnospirales,Lachnospiraceae,Ruminococcus_gauvreauii_group,uncultured_Lachnospiraceae_bacterium,0.0170316301703163
Bacteria,Firmicutes,Bacilli,RF39,None,None,None,Bacteria,Firmicutes,Clostridia,Lachnospirales,Lachnospiraceae,Ruminococcus_torques_group,Clostridiaceae_bacterium_LEMV78,0.0170316301703163
Bacteria,Firmicutes,Bacilli,RF39,None,None,None,Bacteria,Firmicutes,Clostridia,Oscillospirales,Butyricicoccaceae,UCG-009,metagenome,0.0170316301703163
Bacteria,Firmicutes,Bacilli,RF39,None,None,None,Bacteria,Firmicutes,Clostridia,Oscillospirales,Oscillospiraceae,Colidextribacter,None,0.014598540145985401
Bacteria,Firmicutes,Bacilli,RF39,None,None,None,Bacteria,Firmicutes,Clostridia,Oscillospirales,Oscillospiraceae,Flavonifractor,None,0.014598540145985401
Bacteria,Firmicutes,Bacilli,RF39,None,None,None,Bacteria,Firmicutes,Clostridia,Oscillospirales,Oscillospiraceae,NK4A214_group,metagenome,0.0170316301703163
Bacteria,Firmicutes,Bacilli,RF39,None,None,None,Bacteria,Firmicutes,Clostridia,Oscillospirales,Oscillospiraceae,UCG-002,None,0.014598540145985401
Bacteria,Firmicutes,Bacilli,RF39,None,None,None,Bacteria,Firmicutes,Clostridia,Oscillospirales,Oscillospiraceae,UCG-003,None,0.014598540145985401
Bacteria,Firmicutes,Bacilli,RF39,None,None,None,Bacteria,Firmicutes,Clostridia,Oscillospirales,Oscillospiraceae,UCG-005,None,0.014598540145985401
Bacteria,Firmicutes,Bacilli,RF39,None,None,None,Bacteria,Firmicutes,Clostridia,Oscillospirales,Ruminococcaceae,Candidatus_Soleaferrea,Neobitarella_massiliensis,0.0170316301703163
Bacteria,Firmicutes,Bacilli,RF39,None,None,None,Bacteria,Firmicutes,Clostridia,Oscillospirales,Ruminococcaceae,Faecalibacterium,None,0.014598540145985401
Bacteria,Firmicutes,Bacilli,RF39,None,None,None,Bacteria,Firmicutes,Clostridia,Oscillospirales,Ruminococcaceae,Incertae_Sedis,metagenome,0.0170316301703163
Bacteria,Firmicutes,Bacilli,RF39,None,None,None,Bacteria,Firmicutes,Clostridia,Oscillospirales,Ruminococcaceae,Incertae_Sedis,None,0.014598540145985401
Bacteria,Firmicutes,Bacilli,RF39,None,None,None,Bacteria,Firmicutes,Clostridia,Oscillospirales,Ruminococcaceae,Paludicola,metagenome,0.0170316301703163
Bacteria,Firmicutes,Bacilli,RF39,None,None,None,Bacteria,Firmicutes,Clostridia,Oscillospirales,Ruminococcaceae,Ruminococcus,None,0.014598540145985401
Bacteria,Firmicutes,Bacilli,RF39,None,None,None,Bacteria,Firmicutes,Clostridia,Oscillospirales,Ruminococcaceae,Subdoligranulum,None,0.014598540145985401
Bacteria,Firmicutes,Bacilli,RF39,None,None,None,Bacteria,Firmicutes,Clostridia,Oscillospirales,Ruminococcaceae,UBA1819,None,0.014598540145985401
Bacteria,Firmicutes,Bacilli,RF39,None,None,None,Bacteria,Firmicutes,Clostridia,Oscillospirales,Ruminococcaceae,None,None,0.012165450121654502
Bacteria,Firmicutes,Bacilli,RF39,None,None,None,Bacteria,Firmicutes,Clostridia,Oscillospirales,Eubacterium_coprostanoligenes_group,metagenome,None,0.014598540145985401
Bacteria,Firmicutes,Bacilli,RF39,None,None,None,Bacteria,Firmicutes,Clostridia,Oscillospirales,Eubacterium_coprostanoligenes_group,uncultured_Clostridiales_bacterium,None,0.014598540145985401
Bacteria,Firmicutes,Bacilli,RF39,None,None,None,Bacteria,Firmicutes,Clostridia,Oscillospirales,None,None,None,0.009732360097323601
Bacteria,Firmicutes,Bacilli,RF39,None,None,None,Bacteria,Firmicutes,Clostridia,Peptostreptococcales-Tissierellales,Peptostreptococcaceae,Romboutsia,None,0.014598540145985401
Bacteria,Firmicutes,Bacilli,RF39,None,None,None,Bacteria,Firmicutes,Clostridia,None,None,None,None,0.0072992700729927005
Bacteria,Firmicutes,Bacilli,RF39,None,None,None,Bacteria,Firmicutes,Negativicutes,Acidaminococcales,Acidaminococcaceae,Phascolarctobacterium,None,0.014598540145985401
Bacteria,Firmicutes,Bacilli,RF39,None,None,None,Bacteria,Firmicutes,Negativicutes,Veillonellales-Selenomonadales,Veillonellaceae,Veillonella,None,0.014598540145985401
Bacteria,Firmicutes,Bacilli,RF39,None,None,None,Bacteria,Fusobacteriota,Fusobacteriia,Fusobacteriales,Fusobacteriaceae,Fusobacterium,None,0.019464720194647202
Bacteria,Firmicutes,Bacilli,RF39,None,None,None,Bacteria,Proteobacteria,Gammaproteobacteria,Burkholderiales,Neisseriaceae,Neisseria,None,0.019464720194647202
Bacteria,Firmicutes,Bacilli,RF39,None,None,None,Bacteria,Proteobacteria,Gammaproteobacteria,Enterobacterales,Enterobacteriaceae,None,None,0.0170316301703163
Bacteria,Firmicutes,Bacilli,RF39,None,None,None,Bacteria,Proteobacteria,Gammaproteobacteria,Pasteurellales,Pasteurellaceae,Haemophilus,None,0.019464720194647202
Bacteria,Firmicutes,Bacilli,RF39,None,None,None,Bacteria,Proteobacteria,Gammaproteobacteria,Pseudomonadales,Moraxellaceae,Acinetobacter,None,0.019464720194647202
Bacteria,Firmicutes,Bacilli,RF39,None,None,None,Bacteria,Proteobacteria,Gammaproteobacteria,Pseudomonadales,Pseudomonadaceae,Pseudomonas,None,0.019464720194647202
Bacteria,Firmicutes,Bacilli,RF39,None,None,None,Bacteria,Verrucomicrobiota,Verrucomicrobiae,Verrucomicrobiales,Akkermansiaceae,Akkermansia,None,0.019464720194647202
Bacteria,Firmicutes,Bacilli,Staphylococcales,Staphylococcaceae,Staphylococcus,None,Bacteria,Firmicutes,Clostridia,Clostridiales,Clostridiaceae,Clostridium_sensu_stricto_1,None,0.019464720194647202
Bacteria,Firmicutes,Bacilli,Staphylococcales,Staphylococcaceae,Staphylococcus,None,Bacteria,Firmicutes,Clostridia,Lachnospirales,Lachnospiraceae,Agathobacter,None,0.019464720194647202
Bacteria,Firmicutes,Bacilli,Staphylococcales,Staphylococcaceae,Staphylococcus,None,Bacteria,Firmicutes,Clostridia,Lachnospirales,Lachnospiraceae,Anaerostipes,uncultured_Lachnospiraceae_bacterium,0.021897810218978103
Bacteria,Firmicutes,Bacilli,Staphylococcales,Staphylococcaceae,Staphylococcus,None,Bacteria,Firmicutes,Clostridia,Lachnospirales,Lachnospiraceae,Blautia,bacterium_mpn-isolate_group_20,0.021897810218978103
Bacteria,Firmicutes,Bacilli,Staphylococcales,Staphylococcaceae,Staphylococcus,None,Bacteria,Firmicutes,Clostridia,Lachnospirales,Lachnospiraceae,Blautia,uncultured_Blautia_sp.,0.021897810218978103
Bacteria,Firmicutes,Bacilli,Staphylococcales,Staphylococcaceae,Staphylococcus,None,Bacteria,Firmicutes,Clostridia,Lachnospirales,Lachnospiraceae,CAG-56,None,0.019464720194647202
Bacteria,Firmicutes,Bacilli,Staphylococcales,Staphylococcaceae,Staphylococcus,None,Bacteria,Firmicutes,Clostridia,Lachnospirales,Lachnospiraceae,Coprococcus,None,0.019464720194647202
Bacteria,Firmicutes,Bacilli,Staphylococcales,Staphylococcaceae,Staphylococcus,None,Bacteria,Firmicutes,Clostridia,Lachnospirales,Lachnospiraceae,Dorea,None,0.019464720194647202
Bacteria,Firmicutes,Bacilli,Staphylococcales,Staphylococcaceae,Staphylococcus,None,Bacteria,Firmicutes,Clostridia,Lachnospirales,Lachnospiraceae,Fusicatenibacter,uncultured_Lachnospiraceae_bacterium,0.021897810218978103
Bacteria,Firmicutes,Bacilli,Staphylococcales,Staphylococcaceae,Staphylococcus,None,Bacteria,Firmicutes,Clostridia,Lachnospirales,Lachnospiraceae,Lachnospira,uncultured_Lachnospiraceae_bacterium,0.021897810218978103
Bacteria,Firmicutes,Bacilli,Staphylococcales,Staphylococcaceae,Staphylococcus,None,Bacteria,Firmicutes,Clostridia,Lachnospirales,Lachnospiraceae,Lachnospiraceae_NK4A136_group,None,0.019464720194647202
Bacteria,Firmicutes,Bacilli,Staphylococcales,Staphylococcaceae,Staphylococcus,None,Bacteria,Firmicutes,Clostridia,Lachnospirales,Lachnospiraceae,Lachnospiraceae_UCG-001,uncultured_Firmicutes_bacterium,0.021897810218978103
Bacteria,Firmicutes,Bacilli,Staphylococcales,Staphylococcaceae,Staphylococcus,None,Bacteria,Firmicutes,Clostridia,Lachnospirales,Lachnospiraceae,Roseburia,None,0.019464720194647202
Bacteria,Firmicutes,Bacilli,Staphylococcales,Staphylococcaceae,Staphylococcus,None,Bacteria,Firmicutes,Clostridia,Lachnospirales,Lachnospiraceae,Eubacterium_eligens_group,None,0.019464720194647202
Bacteria,Firmicutes,Bacilli,Staphylococcales,Staphylococcaceae,Staphylococcus,None,Bacteria,Firmicutes,Clostridia,Lachnospirales,Lachnospiraceae,Eubacterium_xylanophilum_group,None,0.019464720194647202
Bacteria,Firmicutes,Bacilli,Staphylococcales,Staphylococcaceae,Staphylococcus,None,Bacteria,Firmicutes,Clostridia,Lachnospirales,Lachnospiraceae,Ruminococcus_gauvreauii_group,uncultured_Lachnospiraceae_bacterium,0.021897810218978103
Bacteria,Firmicutes,Bacilli,Staphylococcales,Staphylococcaceae,Staphylococcus,None,Bacteria,Firmicutes,Clostridia,Lachnospirales,Lachnospiraceae,Ruminococcus_torques_group,Clostridiaceae_bacterium_LEMV78,0.021897810218978103
Bacteria,Firmicutes,Bacilli,Staphylococcales,Staphylococcaceae,Staphylococcus,None,Bacteria,Firmicutes,Clostridia,Oscillospirales,Butyricicoccaceae,UCG-009,metagenome,0.021897810218978103
Bacteria,Firmicutes,Bacilli,Staphylococcales,Staphylococcaceae,Staphylococcus,None,Bacteria,Firmicutes,Clostridia,Oscillospirales,Oscillospiraceae,Colidextribacter,None,0.019464720194647202
Bacteria,Firmicutes,Bacilli,Staphylococcales,Staphylococcaceae,Staphylococcus,None,Bacteria,Firmicutes,Clostridia,Oscillospirales,Oscillospiraceae,Flavonifractor,None,0.019464720194647202
Bacteria,Firmicutes,Bacilli,Staphylococcales,Staphylococcaceae,Staphylococcus,None,Bacteria,Firmicutes,Clostridia,Oscillospirales,Oscillospiraceae,NK4A214_group,metagenome,0.021897810218978103
Bacteria,Firmicutes,Bacilli,Staphylococcales,Staphylococcaceae,Staphylococcus,None,Bacteria,Firmicutes,Clostridia,Oscillospirales,Oscillospiraceae,UCG-002,None,0.019464720194647202
Bacteria,Firmicutes,Bacilli,Staphylococcales,Staphylococcaceae,Staphylococcus,None,Bacteria,Firmicutes,Clostridia,Oscillospirales,Oscillospiraceae,UCG-003,None,0.019464720194647202
Bacteria,Firmicutes,Bacilli,Staphylococcales,Staphylococcaceae,Staphylococcus,None,Bacteria,Firmicutes,Clostridia,Oscillospirales,Oscillospiraceae,UCG-005,None,0.019464720194647202
Bacteria,Firmicutes,Bacilli,Staphylococcales,Staphylococcaceae,Staphylococcus,None,Bacteria,Firmicutes,Clostridia,Oscillospirales,Ruminococcaceae,Candidatus_Soleaferrea,Neobitarella_massiliensis,0.021897810218978103
Bacteria,Firmicutes,Bacilli,Staphylococcales,Staphylococcaceae,Staphylococcus,None,Bacteria,Firmicutes,Clostridia,Oscillospirales,Ruminococcaceae,Faecalibacterium,None,0.019464720194647202
Bacteria,Firmicutes,Bacilli,Staphylococcales,Staphylococcaceae,Staphylococcus,None,Bacteria,Firmicutes,Clostridia,Oscillospirales,Ruminococcaceae,Incertae_Sedis,metagenome,0.021897810218978103
Bacteria,Firmicutes,Bacilli,Staphylococcales,Staphylococcaceae,Staphylococcus,None,Bacteria,Firmicutes,Clostridia,Oscillospirales,Ruminococcaceae,Incertae_Sedis,None,0.019464720194647202
Bacteria,Firmicutes,Bacilli,Staphylococcales,Staphylococcaceae,Staphylococcus,None,Bacteria,Firmicutes,Clostridia,Oscillospirales,Ruminococcaceae,Paludicola,metagenome,0.021897810218978103
Bacteria,Firmicutes,Bacilli,Staphylococcales,Staphylococcaceae,Staphylococcus,None,Bacteria,Firmicutes,Clostridia,Oscillospirales,Ruminococcaceae,Ruminococcus,None,0.019464720194647202
Bacteria,Firmicutes,Bacilli,Staphylococcales,Staphylococcaceae,Staphylococcus,None,Bacteria,Firmicutes,Clostridia,Oscillospirales,Ruminococcaceae,Subdoligranulum,None,0.019464720194647202
Bacteria,Firmicutes,Bacilli,Staphylococcales,Staphylococcaceae,Staphylococcus,None,Bacteria,Firmicutes,Clostridia,Oscillospirales,Ruminococcaceae,UBA1819,None,0.019464720194647202
Bacteria,Firmicutes,Bacilli,Staphylococcales,Staphylococcaceae,Staphylococcus,None,Bacteria,Firmicutes,Clostridia,Oscillospirales,Ruminococcaceae,None,None,0.0170316301703163
Bacteria,Firmicutes,Bacilli,Staphylococcales,Staphylococcaceae,Staphylococcus,None,Bacteria,Firmicutes,Clostridia,Oscillospirales,Eubacterium_coprostanoligenes_group,metagenome,None,0.019464720194647202
Bacteria,Firmicutes,Bacilli,Staphylococcales,Staphylococcaceae,Staphylococcus,None,Bacteria,Firmicutes,Clostridia,Oscillospirales,Eubacterium_coprostanoligenes_group,uncultured_Clostridiales_bacterium,None,0.019464720194647202
Bacteria,Firmicutes,Bacilli,Staphylococcales,Staphylococcaceae,Staphylococcus,None,Bacteria,Firmicutes,Clostridia,Oscillospirales,None,None,None,0.014598540145985401
Bacteria,Firmicutes,Bacilli,Staphylococcales,Staphylococcaceae,Staphylococcus,None,Bacteria,Firmicutes,Clostridia,Peptostreptococcales-Tissierellales,Peptostreptococcaceae,Romboutsia,None,0.019464720194647202
Bacteria,Firmicutes,Bacilli,Staphylococcales,Staphylococcaceae,Staphylococcus,None,Bacteria,Firmicutes,Clostridia,None,None,None,None,0.012165450121654502
Bacteria,Firmicutes,Bacilli,Staphylococcales,Staphylococcaceae,Staphylococcus,None,Bacteria,Firmicutes,Negativicutes,Acidaminococcales,Acidaminococcaceae,Phascolarctobacterium,None,0.019464720194647202
Bacteria,Firmicutes,Bacilli,Staphylococcales,Staphylococcaceae,Staphylococcus,None,Bacteria,Firmicutes,Negativicutes,Veillonellales-Selenomonadales,Veillonellaceae,Veillonella,None,0.019464720194647202
Bacteria,Firmicutes,Bacilli,Staphylococcales,Staphylococcaceae,Staphylococcus,None,Bacteria,Fusobacteriota,Fusobacteriia,Fusobacteriales,Fusobacteriaceae,Fusobacterium,None,0.024330900243309004
Bacteria,Firmicutes,Bacilli,Staphylococcales,Staphylococcaceae,Staphylococcus,None,Bacteria,Proteobacteria,Gammaproteobacteria,Burkholderiales,Neisseriaceae,Neisseria,None,0.024330900243309004
Bacteria,Firmicutes,Bacilli,Staphylococcales,Staphylococcaceae,Staphylococcus,None,Bacteria,Proteobacteria,Gammaproteobacteria,Enterobacterales,Enterobacteriaceae,None,None,0.021897810218978103
Bacteria,Firmicutes,Bacilli,Staphylococcales,Staphylococcaceae,Staphylococcus,None,Bacteria,Proteobacteria,Gammaproteobacteria,Pasteurellales,Pasteurellaceae,Haemophilus,None,0.024330900243309004
Bacteria,Firmicutes,Bacilli,Staphylococcales,Staphylococcaceae,Staphylococcus,None,Bacteria,Proteobacteria,Gammaproteobacteria,Pseudomonadales,Moraxellaceae,Acinetobacter,None,0.024330900243309004
Bacteria,Firmicutes,Bacilli,Staphylococcales,Staphylococcaceae,Staphylococcus,None,Bacteria,Proteobacteria,Gammaproteobacteria,Pseudomonadales,Pseudomonadaceae,Pseudomonas,None,0.024330900243309004
Bacteria,Firmicutes,Bacilli,Staphylococcales,Staphylococcaceae,Staphylococcus,None,Bacteria,Verrucomicrobiota,Verrucomicrobiae,Verrucomicrobiales,Akkermansiaceae,Akkermansia,None,0.024330900243309004
Bacteria,Firmicutes,Clostridia,Clostridiales,Clostridiaceae,Clostridium_sensu_stricto_1,None,Bacteria,Firmicutes,Clostridia,Lachnospirales,Lachnospiraceae,Agathobacter,None,0.014598540145985401
Bacteria,Firmicutes,Clostridia,Clostridiales,Clostridiaceae,Clostridium_sensu_stricto_1,None,Bacteria,Firmicutes,Clostridia,Lachnospirales,Lachnospiraceae,Anaerostipes,uncultured_Lachnospiraceae_bacterium,0.0170316301703163
Bacteria,Firmicutes,Clostridia,Clostridiales,Clostridiaceae,Clostridium_sensu_stricto_1,None,Bacteria,Firmicutes,Clostridia,Lachnospirales,Lachnospiraceae,Blautia,bacterium_mpn-isolate_group_20,0.0170316301703163
Bacteria,Firmicutes,Clostridia,Clostridiales,Clostridiaceae,Clostridium_sensu_stricto_1,None,Bacteria,Firmicutes,Clostridia,Lachnospirales,Lachnospiraceae,Blautia,uncultured_Blautia_sp.,0.0170316301703163
Bacteria,Firmicutes,Clostridia,Clostridiales,Clostridiaceae,Clostridium_sensu_stricto_1,None,Bacteria,Firmicutes,Clostridia,Lachnospirales,Lachnospiraceae,CAG-56,None,0.014598540145985401
Bacteria,Firmicutes,Clostridia,Clostridiales,Clostridiaceae,Clostridium_sensu_stricto_1,None,Bacteria,Firmicutes,Clostridia,Lachnospirales,Lachnospiraceae,Coprococcus,None,0.014598540145985401
Bacteria,Firmicutes,Clostridia,Clostridiales,Clostridiaceae,Clostridium_sensu_stricto_1,None,Bacteria,Firmicutes,Clostridia,Lachnospirales,Lachnospiraceae,Dorea,None,0.014598540145985401
Bacteria,Firmicutes,Clostridia,Clostridiales,Clostridiaceae,Clostridium_sensu_stricto_1,None,Bacteria,Firmicutes,Clostridia,Lachnospirales,Lachnospiraceae,Fusicatenibacter,uncultured_Lachnospiraceae_bacterium,0.0170316301703163
Bacteria,Firmicutes,Clostridia,Clostridiales,Clostridiaceae,Clostridium_sensu_stricto_1,None,Bacteria,Firmicutes,Clostridia,Lachnospirales,Lachnospiraceae,Lachnospira,uncultured_Lachnospiraceae_bacterium,0.0170316301703163
Bacteria,Firmicutes,Clostridia,Clostridiales,Clostridiaceae,Clostridium_sensu_stricto_1,None,Bacteria,Firmicutes,Clostridia,Lachnospirales,Lachnospiraceae,Lachnospiraceae_NK4A136_group,None,0.014598540145985401
Bacteria,Firmicutes,Clostridia,Clostridiales,Clostridiaceae,Clostridium_sensu_stricto_1,None,Bacteria,Firmicutes,Clostridia,Lachnospirales,Lachnospiraceae,Lachnospiraceae_UCG-001,uncultured_Firmicutes_bacterium,0.0170316301703163
Bacteria,Firmicutes,Clostridia,Clostridiales,Clostridiaceae,Clostridium_sensu_stricto_1,None,Bacteria,Firmicutes,Clostridia,Lachnospirales,Lachnospiraceae,Roseburia,None,0.014598540145985401
Bacteria,Firmicutes,Clostridia,Clostridiales,Clostridiaceae,Clostridium_sensu_stricto_1,None,Bacteria,Firmicutes,Clostridia,Lachnospirales,Lachnospiraceae,Eubacterium_eligens_group,None,0.014598540145985401
Bacteria,Firmicutes,Clostridia,Clostridiales,Clostridiaceae,Clostridium_sensu_stricto_1,None,Bacteria,Firmicutes,Clostridia,Lachnospirales,Lachnospiraceae,Eubacterium_xylanophilum_group,None,0.014598540145985401
Bacteria,Firmicutes,Clostridia,Clostridiales,Clostridiaceae,Clostridium_sensu_stricto_1,None,Bacteria,Firmicutes,Clostridia,Lachnospirales,Lachnospiraceae,Ruminococcus_gauvreauii_group,uncultured_Lachnospiraceae_bacterium,0.0170316301703163
Bacteria,Firmicutes,Clostridia,Clostridiales,Clostridiaceae,Clostridium_sensu_stricto_1,None,Bacteria,Firmicutes,Clostridia,Lachnospirales,Lachnospiraceae,Ruminococcus_torques_group,Clostridiaceae_bacterium_LEMV78,0.0170316301703163
Bacteria,Firmicutes,Clostridia,Clostridiales,Clostridiaceae,Clostridium_sensu_stricto_1,None,Bacteria,Firmicutes,Clostridia,Oscillospirales,Butyricicoccaceae,UCG-009,metagenome,0.0170316301703163
Bacteria,Firmicutes,Clostridia,Clostridiales,Clostridiaceae,Clostridium_sensu_stricto_1,None,Bacteria,Firmicutes,Clostridia,Oscillospirales,Oscillospiraceae,Colidextribacter,None,0.014598540145985401
Bacteria,Firmicutes,Clostridia,Clostridiales,Clostridiaceae,Clostridium_sensu_stricto_1,None,Bacteria,Firmicutes,Clostridia,Oscillospirales,Oscillospiraceae,Flavonifractor,None,0.014598540145985401
Bacteria,Firmicutes,Clostridia,Clostridiales,Clostridiaceae,Clostridium_sensu_stricto_1,None,Bacteria,Firmicutes,Clostridia,Oscillospirales,Oscillospiraceae,NK4A214_group,metagenome,0.0170316301703163
Bacteria,Firmicutes,Clostridia,Clostridiales,Clostridiaceae,Clostridium_sensu_stricto_1,None,Bacteria,Firmicutes,Clostridia,Oscillospirales,Oscillospiraceae,UCG-002,None,0.014598540145985401
Bacteria,Firmicutes,Clostridia,Clostridiales,Clostridiaceae,Clostridium_sensu_stricto_1,None,Bacteria,Firmicutes,Clostridia,Oscillospirales,Oscillospiraceae,UCG-003,None,0.014598540145985401
Bacteria,Firmicutes,Clostridia,Clostridiales,Clostridiaceae,Clostridium_sensu_stricto_1,None,Bacteria,Firmicutes,Clostridia,Oscillospirales,Oscillospiraceae,UCG-005,None,0.014598540145985401
Bacteria,Firmicutes,Clostridia,Clostridiales,Clostridiaceae,Clostridium_sensu_stricto_1,None,Bacteria,Firmicutes,Clostridia,Oscillospirales,Ruminococcaceae,Candidatus_Soleaferrea,Neobitarella_massiliensis,0.0170316301703163
Bacteria,Firmicutes,Clostridia,Clostridiales,Clostridiaceae,Clostridium_sensu_stricto_1,None,Bacteria,Firmicutes,Clostridia,Oscillospirales,Ruminococcaceae,Faecalibacterium,None,0.014598540145985401
Bacteria,Firmicutes,Clostridia,Clostridiales,Clostridiaceae,Clostridium_sensu_stricto_1,None,Bacteria,Firmicutes,Clostridia,Oscillospirales,Ruminococcaceae,Incertae_Sedis,metagenome,0.0170316301703163
Bacteria,Firmicutes,Clostridia,Clostridiales,Clostridiaceae,Clostridium_sensu_stricto_1,None,Bacteria,Firmicutes,Clostridia,Oscillospirales,Ruminococcaceae,Incertae_Sedis,None,0.014598540145985401
Bacteria,Firmicutes,Clostridia,Clostridiales,Clostridiaceae,Clostridium_sensu_stricto_1,None,Bacteria,Firmicutes,Clostridia,Oscillospirales,Ruminococcaceae,Paludicola,metagenome,0.0170316301703163
Bacteria,Firmicutes,Clostridia,Clostridiales,Clostridiaceae,Clostridium_sensu_stricto_1,None,Bacteria,Firmicutes,Clostridia,Oscillospirales,Ruminococcaceae,Ruminococcus,None,0.014598540145985401
Bacteria,Firmicutes,Clostridia,Clostridiales,Clostridiaceae,Clostridium_sensu_stricto_1,None,Bacteria,Firmicutes,Clostridia,Oscillospirales,Ruminococcaceae,Subdoligranulum,None,0.014598540145985401
Bacteria,Firmicutes,Clostridia,Clostridiales,Clostridiaceae,Clostridium_sensu_stricto_1,None,Bacteria,Firmicutes,Clostridia,Oscillospirales,Ruminococcaceae,UBA1819,None,0.014598540145985401
Bacteria,Firmicutes,Clostridia,Clostridiales,Clostridiaceae,Clostridium_sensu_stricto_1,None,Bacteria,Firmicutes,Clostridia,Oscillospirales,Ruminococcaceae,None,None,0.012165450121654502
Bacteria,Firmicutes,Clostridia,Clostridiales,Clostridiaceae,Clostridium_sensu_stricto_1,None,Bacteria,Firmicutes,Clostridia,Oscillospirales,Eubacterium_coprostanoligenes_group,metagenome,None,0.014598540145985401
Bacteria,Firmicutes,Clostridia,Clostridiales,Clostridiaceae,Clostridium_sensu_stricto_1,None,Bacteria,Firmicutes,Clostridia,Oscillospirales,Eubacterium_coprostanoligenes_group,uncultured_Clostridiales_bacterium,None,0.014598540145985401
Bacteria,Firmicutes,Clostridia,Clostridiales,Clostridiaceae,Clostridium_sensu_stricto_1,None,Bacteria,Firmicutes,Clostridia,Oscillospirales,None,None,None,0.009732360097323601
Bacteria,Firmicutes,Clostridia,Clostridiales,Clostridiaceae,Clostridium_sensu_stricto_1,None,Bacteria,Firmicutes,Clostridia,Peptostreptococcales-Tissierellales,Peptostreptococcaceae,Romboutsia,None,0.014598540145985401
Bacteria,Firmicutes,Clostridia,Clostridiales,Clostridiaceae,Clostridium_sensu_stricto_1,None,Bacteria,Firmicutes,Clostridia,None,None,None,None,0.0072992700729927005
Bacteria,Firmicutes,Clostridia,Clostridiales,Clostridiaceae,Clostridium_sensu_stricto_1,None,Bacteria,Firmicutes,Negativicutes,Acidaminococcales,Acidaminococcaceae,Phascolarctobacterium,None,0.019464720194647202
Bacteria,Firmicutes,Clostridia,Clostridiales,Clostridiaceae,Clostridium_sensu_stricto_1,None,Bacteria,Firmicutes,Negativicutes,Veillonellales-Selenomonadales,Veillonellaceae,Veillonella,None,0.019464720194647202
Bacteria,Firmicutes,Clostridia,Clostridiales,Clostridiaceae,Clostridium_sensu_stricto_1,None,Bacteria,Fusobacteriota,Fusobacteriia,Fusobacteriales,Fusobacteriaceae,Fusobacterium,None,0.024330900243309004
Bacteria,Firmicutes,Clostridia,Clostridiales,Clostridiaceae,Clostridium_sensu_stricto_1,None,Bacteria,Proteobacteria,Gammaproteobacteria,Burkholderiales,Neisseriaceae,Neisseria,None,0.024330900243309004
Bacteria,Firmicutes,Clostridia,Clostridiales,Clostridiaceae,Clostridium_sensu_stricto_1,None,Bacteria,Proteobacteria,Gammaproteobacteria,Enterobacterales,Enterobacteriaceae,None,None,0.021897810218978103
Bacteria,Firmicutes,Clostridia,Clostridiales,Clostridiaceae,Clostridium_sensu_stricto_1,None,Bacteria,Proteobacteria,Gammaproteobacteria,Pasteurellales,Pasteurellaceae,Haemophilus,None,0.024330900243309004
Bacteria,Firmicutes,Clostridia,Clostridiales,Clostridiaceae,Clostridium_sensu_stricto_1,None,Bacteria,Proteobacteria,Gammaproteobacteria,Pseudomonadales,Moraxellaceae,Acinetobacter,None,0.024330900243309004
Bacteria,Firmicutes,Clostridia,Clostridiales,Clostridiaceae,Clostridium_sensu_stricto_1,None,Bacteria,Proteobacteria,Gammaproteobacteria,Pseudomonadales,Pseudomonadaceae,Pseudomonas,None,0.024330900243309004
Bacteria,Firmicutes,Clostridia,Clostridiales,Clostridiaceae,Clostridium_sensu_stricto_1,None,Bacteria,Verrucomicrobiota,Verrucomicrobiae,Verrucomicrobiales,Akkermansiaceae,Akkermansia,None,0.024330900243309004
Bacteria,Firmicutes,Clostridia,Lachnospirales,Lachnospiraceae,Agathobacter,None,Bacteria,Firmicutes,Clostridia,Lachnospirales,Lachnospiraceae,Anaerostipes,uncultured_Lachnospiraceae_bacterium,0.0072992700729927005
Bacteria,Firmicutes,Clostridia,Lachnospirales,Lachnospiraceae,Agathobacter,None,Bacteria,Firmicutes,Clostridia,Lachnospirales,Lachnospiraceae,Blautia,bacterium_mpn-isolate_group_20,0.0072992700729927005
Bacteria,Firmicutes,Clostridia,Lachnospirales,Lachnospiraceae,Agathobacter,None,Bacteria,Firmicutes,Clostridia,Lachnospirales,Lachnospiraceae,Blautia,uncultured_Blautia_sp.,0.0072992700729927005
Bacteria,Firmicutes,Clostridia,Lachnospirales,Lachnospiraceae,Agathobacter,None,Bacteria,Firmicutes,Clostridia,Lachnospirales,Lachnospiraceae,CAG-56,None,0.004866180048661801
Bacteria,Firmicutes,Clostridia,Lachnospirales,Lachnospiraceae,Agathobacter,None,Bacteria,Firmicutes,Clostridia,Lachnospirales,Lachnospiraceae,Coprococcus,None,0.004866180048661801
Bacteria,Firmicutes,Clostridia,Lachnospirales,Lachnospiraceae,Agathobacter,None,Bacteria,Firmicutes,Clostridia,Lachnospirales,Lachnospiraceae,Dorea,None,0.004866180048661801
Bacteria,Firmicutes,Clostridia,Lachnospirales,Lachnospiraceae,Agathobacter,None,Bacteria,Firmicutes,Clostridia,Lachnospirales,Lachnospiraceae,Fusicatenibacter,uncultured_Lachnospiraceae_bacterium,0.0072992700729927005
Bacteria,Firmicutes,Clostridia,Lachnospirales,Lachnospiraceae,Agathobacter,None,Bacteria,Firmicutes,Clostridia,Lachnospirales,Lachnospiraceae,Lachnospira,uncultured_Lachnospiraceae_bacterium,0.0072992700729927005
Bacteria,Firmicutes,Clostridia,Lachnospirales,Lachnospiraceae,Agathobacter,None,Bacteria,Firmicutes,Clostridia,Lachnospirales,Lachnospiraceae,Lachnospiraceae_NK4A136_group,None,0.004866180048661801
Bacteria,Firmicutes,Clostridia,Lachnospirales,Lachnospiraceae,Agathobacter,None,Bacteria,Firmicutes,Clostridia,Lachnospirales,Lachnospiraceae,Lachnospiraceae_UCG-001,uncultured_Firmicutes_bacterium,0.0072992700729927005
Bacteria,Firmicutes,Clostridia,Lachnospirales,Lachnospiraceae,Agathobacter,None,Bacteria,Firmicutes,Clostridia,Lachnospirales,Lachnospiraceae,Roseburia,None,0.004866180048661801
Bacteria,Firmicutes,Clostridia,Lachnospirales,Lachnospiraceae,Agathobacter,None,Bacteria,Firmicutes,Clostridia,Lachnospirales,Lachnospiraceae,Eubacterium_eligens_group,None,0.004866180048661801
Bacteria,Firmicutes,Clostridia,Lachnospirales,Lachnospiraceae,Agathobacter,None,Bacteria,Firmicutes,Clostridia,Lachnospirales,Lachnospiraceae,Eubacterium_xylanophilum_group,None,0.004866180048661801
Bacteria,Firmicutes,Clostridia,Lachnospirales,Lachnospiraceae,Agathobacter,None,Bacteria,Firmicutes,Clostridia,Lachnospirales,Lachnospiraceae,Ruminococcus_gauvreauii_group,uncultured_Lachnospiraceae_bacterium,0.0072992700729927005
Bacteria,Firmicutes,Clostridia,Lachnospirales,Lachnospiraceae,Agathobacter,None,Bacteria,Firmicutes,Clostridia,Lachnospirales,Lachnospiraceae,Ruminococcus_torques_group,Clostridiaceae_bacterium_LEMV78,0.0072992700729927005
Bacteria,Firmicutes,Clostridia,Lachnospirales,Lachnospiraceae,Agathobacter,None,Bacteria,Firmicutes,Clostridia,Oscillospirales,Butyricicoccaceae,UCG-009,metagenome,0.0170316301703163
Bacteria,Firmicutes,Clostridia,Lachnospirales,Lachnospiraceae,Agathobacter,None,Bacteria,Firmicutes,Clostridia,Oscillospirales,Oscillospiraceae,Colidextribacter,None,0.014598540145985401
Bacteria,Firmicutes,Clostridia,Lachnospirales,Lachnospiraceae,Agathobacter,None,Bacteria,Firmicutes,Clostridia,Oscillospirales,Oscillospiraceae,Flavonifractor,None,0.014598540145985401
Bacteria,Firmicutes,Clostridia,Lachnospirales,Lachnospiraceae,Agathobacter,None,Bacteria,Firmicutes,Clostridia,Oscillospirales,Oscillospiraceae,NK4A214_group,metagenome,0.0170316301703163
Bacteria,Firmicutes,Clostridia,Lachnospirales,Lachnospiraceae,Agathobacter,None,Bacteria,Firmicutes,Clostridia,Oscillospirales,Oscillospiraceae,UCG-002,None,0.014598540145985401
Bacteria,Firmicutes,Clostridia,Lachnospirales,Lachnospiraceae,Agathobacter,None,Bacteria,Firmicutes,Clostridia,Oscillospirales,Oscillospiraceae,UCG-003,None,0.014598540145985401
Bacteria,Firmicutes,Clostridia,Lachnospirales,Lachnospiraceae,Agathobacter,None,Bacteria,Firmicutes,Clostridia,Oscillospirales,Oscillospiraceae,UCG-005,None,0.014598540145985401
Bacteria,Firmicutes,Clostridia,Lachnospirales,Lachnospiraceae,Agathobacter,None,Bacteria,Firmicutes,Clostridia,Oscillospirales,Ruminococcaceae,Candidatus_Soleaferrea,Neobitarella_massiliensis,0.0170316301703163
Bacteria,Firmicutes,Clostridia,Lachnospirales,Lachnospiraceae,Agathobacter,None,Bacteria,Firmicutes,Clostridia,Oscillospirales,Ruminococcaceae,Faecalibacterium,None,0.014598540145985401
Bacteria,Firmicutes,Clostridia,Lachnospirales,Lachnospiraceae,Agathobacter,None,Bacteria,Firmicutes,Clostridia,Oscillospirales,Ruminococcaceae,Incertae_Sedis,metagenome,0.0170316301703163
Bacteria,Firmicutes,Clostridia,Lachnospirales,Lachnospiraceae,Agathobacter,None,Bacteria,Firmicutes,Clostridia,Oscillospirales,Ruminococcaceae,Incertae_Sedis,None,0.014598540145985401
Bacteria,Firmicutes,Clostridia,Lachnospirales,Lachnospiraceae,Agathobacter,None,Bacteria,Firmicutes,Clostridia,Oscillospirales,Ruminococcaceae,Paludicola,metagenome,0.0170316301703163
Bacteria,Firmicutes,Clostridia,Lachnospirales,Lachnospiraceae,Agathobacter,None,Bacteria,Firmicutes,Clostridia,Oscillospirales,Ruminococcaceae,Ruminococcus,None,0.014598540145985401
Bacteria,Firmicutes,Clostridia,Lachnospirales,Lachnospiraceae,Agathobacter,None,Bacteria,Firmicutes,Clostridia,Oscillospirales,Ruminococcaceae,Subdoligranulum,None,0.014598540145985401
Bacteria,Firmicutes,Clostridia,Lachnospirales,Lachnospiraceae,Agathobacter,None,Bacteria,Firmicutes,Clostridia,Oscillospirales,Ruminococcaceae,UBA1819,None,0.014598540145985401
Bacteria,Firmicutes,Clostridia,Lachnospirales,Lachnospiraceae,Agathobacter,None,Bacteria,Firmicutes,Clostridia,Oscillospirales,Ruminococcaceae,None,None,0.012165450121654502
Bacteria,Firmicutes,Clostridia,Lachnospirales,Lachnospiraceae,Agathobacter,None,Bacteria,Firmicutes,Clostridia,Oscillospirales,Eubacterium_coprostanoligenes_group,metagenome,None,0.014598540145985401
Bacteria,Firmicutes,Clostridia,Lachnospirales,Lachnospiraceae,Agathobacter,None,Bacteria,Firmicutes,Clostridia,Oscillospirales,Eubacterium_coprostanoligenes_group,uncultured_Clostridiales_bacterium,None,0.014598540145985401
Bacteria,Firmicutes,Clostridia,Lachnospirales,Lachnospiraceae,Agathobacter,None,Bacteria,Firmicutes,Clostridia,Oscillospirales,None,None,None,0.009732360097323601
Bacteria,Firmicutes,Clostridia,Lachnospirales,Lachnospiraceae,Agathobacter,None,Bacteria,Firmicutes,Clostridia,Peptostreptococcales-Tissierellales,Peptostreptococcaceae,Romboutsia,None,0.014598540145985401
Bacteria,Firmicutes,Clostridia,Lachnospirales,Lachnospiraceae,Agathobacter,None,Bacteria,Firmicutes,Clostridia,None,None,None,None,0.0072992700729927005
Bacteria,Firmicutes,Clostridia,Lachnospirales,Lachnospiraceae,Agathobacter,None,Bacteria,Firmicutes,Negativicutes,Acidaminococcales,Acidaminococcaceae,Phascolarctobacterium,None,0.019464720194647202
Bacteria,Firmicutes,Clostridia,Lachnospirales,Lachnospiraceae,Agathobacter,None,Bacteria,Firmicutes,Negativicutes,Veillonellales-Selenomonadales,Veillonellaceae,Veillonella,None,0.019464720194647202
Bacteria,Firmicutes,Clostridia,Lachnospirales,Lachnospiraceae,Agathobacter,None,Bacteria,Fusobacteriota,Fusobacteriia,Fusobacteriales,Fusobacteriaceae,Fusobacterium,None,0.024330900243309004
Bacteria,Firmicutes,Clostridia,Lachnospirales,Lachnospiraceae,Agathobacter,None,Bacteria,Proteobacteria,Gammaproteobacteria,Burkholderiales,Neisseriaceae,Neisseria,None,0.024330900243309004
Bacteria,Firmicutes,Clostridia,Lachnospirales,Lachnospiraceae,Agathobacter,None,Bacteria,Proteobacteria,Gammaproteobacteria,Enterobacterales,Enterobacteriaceae,None,None,0.021897810218978103
Bacteria,Firmicutes,Clostridia,Lachnospirales,Lachnospiraceae,Agathobacter,None,Bacteria,Proteobacteria,Gammaproteobacteria,Pasteurellales,Pasteurellaceae,Haemophilus,None,0.024330900243309004
Bacteria,Firmicutes,Clostridia,Lachnospirales,Lachnospiraceae,Agathobacter,None,Bacteria,Proteobacteria,Gammaproteobacteria,Pseudomonadales,Moraxellaceae,Acinetobacter,None,0.024330900243309004
Bacteria,Firmicutes,Clostridia,Lachnospirales,Lachnospiraceae,Agathobacter,None,Bacteria,Proteobacteria,Gammaproteobacteria,Pseudomonadales,Pseudomonadaceae,Pseudomonas,None,0.024330900243309004
Bacteria,Firmicutes,Clostridia,Lachnospirales,Lachnospiraceae,Agathobacter,None,Bacteria,Verrucomicrobiota,Verrucomicrobiae,Verrucomicrobiales,Akkermansiaceae,Akkermansia,None,0.024330900243309004
Bacteria,Firmicutes,Clostridia,Lachnospirales,Lachnospiraceae,Anaerostipes,uncultured_Lachnospiraceae_bacterium,Bacteria,Firmicutes,Clostridia,Lachnospirales,Lachnospiraceae,Blautia,bacterium_mpn-isolate_group_20,0.009732360097323601
Bacteria,Firmicutes,Clostridia,Lachnospirales,Lachnospiraceae,Anaerostipes,uncultured_Lachnospiraceae_bacterium,Bacteria,Firmicutes,Clostridia,Lachnospirales,Lachnospiraceae,Blautia,uncultured_Blautia_sp.,0.009732360097323601
Bacteria,Firmicutes,Clostridia,Lachnospirales,Lachnospiraceae,Anaerostipes,uncultured_Lachnospiraceae_bacterium,Bacteria,Firmicutes,Clostridia,Lachnospirales,Lachnospiraceae,CAG-56,None,0.0072992700729927005
Bacteria,Firmicutes,Clostridia,Lachnospirales,Lachnospiraceae,Anaerostipes,uncultured_Lachnospiraceae_bacterium,Bacteria,Firmicutes,Clostridia,Lachnospirales,Lachnospiraceae,Coprococcus,None,0.0072992700729927005
Bacteria,Firmicutes,Clostridia,Lachnospirales,Lachnospiraceae,Anaerostipes,uncultured_Lachnospiraceae_bacterium,Bacteria,Firmicutes,Clostridia,Lachnospirales,Lachnospiraceae,Dorea,None,0.0072992700729927005
Bacteria,Firmicutes,Clostridia,Lachnospirales,Lachnospiraceae,Anaerostipes,uncultured_Lachnospiraceae_bacterium,Bacteria,Firmicutes,Clostridia,Lachnospirales,Lachnospiraceae,Fusicatenibacter,uncultured_Lachnospiraceae_bacterium,0.009732360097323601
Bacteria,Firmicutes,Clostridia,Lachnospirales,Lachnospiraceae,Anaerostipes,uncultured_Lachnospiraceae_bacterium,Bacteria,Firmicutes,Clostridia,Lachnospirales,Lachnospiraceae,Lachnospira,uncultured_Lachnospiraceae_bacterium,0.009732360097323601
Bacteria,Firmicutes,Clostridia,Lachnospirales,Lachnospiraceae,Anaerostipes,uncultured_Lachnospiraceae_bacterium,Bacteria,Firmicutes,Clostridia,Lachnospirales,Lachnospiraceae,Lachnospiraceae_NK4A136_group,None,0.0072992700729927005
Bacteria,Firmicutes,Clostridia,Lachnospirales,Lachnospiraceae,Anaerostipes,uncultured_Lachnospiraceae_bacterium,Bacteria,Firmicutes,Clostridia,Lachnospirales,Lachnospiraceae,Lachnospiraceae_UCG-001,uncultured_Firmicutes_bacterium,0.009732360097323601
Bacteria,Firmicutes,Clostridia,Lachnospirales,Lachnospiraceae,Anaerostipes,uncultured_Lachnospiraceae_bacterium,Bacteria,Firmicutes,Clostridia,Lachnospirales,Lachnospiraceae,Roseburia,None,0.0072992700729927005
Bacteria,Firmicutes,Clostridia,Lachnospirales,Lachnospiraceae,Anaerostipes,uncultured_Lachnospiraceae_bacterium,Bacteria,Firmicutes,Clostridia,Lachnospirales,Lachnospiraceae,Eubacterium_eligens_group,None,0.0072992700729927005
Bacteria,Firmicutes,Clostridia,Lachnospirales,Lachnospiraceae,Anaerostipes,uncultured_Lachnospiraceae_bacterium,Bacteria,Firmicutes,Clostridia,Lachnospirales,Lachnospiraceae,Eubacterium_xylanophilum_group,None,0.0072992700729927005
Bacteria,Firmicutes,Clostridia,Lachnospirales,Lachnospiraceae,Anaerostipes,uncultured_Lachnospiraceae_bacterium,Bacteria,Firmicutes,Clostridia,Lachnospirales,Lachnospiraceae,Ruminococcus_gauvreauii_group,uncultured_Lachnospiraceae_bacterium,0.009732360097323601
Bacteria,Firmicutes,Clostridia,Lachnospirales,Lachnospiraceae,Anaerostipes,uncultured_Lachnospiraceae_bacterium,Bacteria,Firmicutes,Clostridia,Lachnospirales,Lachnospiraceae,Ruminococcus_torques_group,Clostridiaceae_bacterium_LEMV78,0.009732360097323601
Bacteria,Firmicutes,Clostridia,Lachnospirales,Lachnospiraceae,Anaerostipes,uncultured_Lachnospiraceae_bacterium,Bacteria,Firmicutes,Clostridia,Oscillospirales,Butyricicoccaceae,UCG-009,metagenome,0.019464720194647202
Bacteria,Firmicutes,Clostridia,Lachnospirales,Lachnospiraceae,Anaerostipes,uncultured_Lachnospiraceae_bacterium,Bacteria,Firmicutes,Clostridia,Oscillospirales,Oscillospiraceae,Colidextribacter,None,0.0170316301703163
Bacteria,Firmicutes,Clostridia,Lachnospirales,Lachnospiraceae,Anaerostipes,uncultured_Lachnospiraceae_bacterium,Bacteria,Firmicutes,Clostridia,Oscillospirales,Oscillospiraceae,Flavonifractor,None,0.0170316301703163
Bacteria,Firmicutes,Clostridia,Lachnospirales,Lachnospiraceae,Anaerostipes,uncultured_Lachnospiraceae_bacterium,Bacteria,Firmicutes,Clostridia,Oscillospirales,Oscillospiraceae,NK4A214_group,metagenome,0.019464720194647202
Bacteria,Firmicutes,Clostridia,Lachnospirales,Lachnospiraceae,Anaerostipes,uncultured_Lachnospiraceae_bacterium,Bacteria,Firmicutes,Clostridia,Oscillospirales,Oscillospiraceae,UCG-002,None,0.0170316301703163
Bacteria,Firmicutes,Clostridia,Lachnospirales,Lachnospiraceae,Anaerostipes,uncultured_Lachnospiraceae_bacterium,Bacteria,Firmicutes,Clostridia,Oscillospirales,Oscillospiraceae,UCG-003,None,0.0170316301703163
Bacteria,Firmicutes,Clostridia,Lachnospirales,Lachnospiraceae,Anaerostipes,uncultured_Lachnospiraceae_bacterium,Bacteria,Firmicutes,Clostridia,Oscillospirales,Oscillospiraceae,UCG-005,None,0.0170316301703163
Bacteria,Firmicutes,Clostridia,Lachnospirales,Lachnospiraceae,Anaerostipes,uncultured_Lachnospiraceae_bacterium,Bacteria,Firmicutes,Clostridia,Oscillospirales,Ruminococcaceae,Candidatus_Soleaferrea,Neobitarella_massiliensis,0.019464720194647202
Bacteria,Firmicutes,Clostridia,Lachnospirales,Lachnospiraceae,Anaerostipes,uncultured_Lachnospiraceae_bacterium,Bacteria,Firmicutes,Clostridia,Oscillospirales,Ruminococcaceae,Faecalibacterium,None,0.0170316301703163
Bacteria,Firmicutes,Clostridia,Lachnospirales,Lachnospiraceae,Anaerostipes,uncultured_Lachnospiraceae_bacterium,Bacteria,Firmicutes,Clostridia,Oscillospirales,Ruminococcaceae,Incertae_Sedis,metagenome,0.019464720194647202
Bacteria,Firmicutes,Clostridia,Lachnospirales,Lachnospiraceae,Anaerostipes,uncultured_Lachnospiraceae_bacterium,Bacteria,Firmicutes,Clostridia,Oscillospirales,Ruminococcaceae,Incertae_Sedis,None,0.0170316301703163
Bacteria,Firmicutes,Clostridia,Lachnospirales,Lachnospiraceae,Anaerostipes,uncultured_Lachnospiraceae_bacterium,Bacteria,Firmicutes,Clostridia,Oscillospirales,Ruminococcaceae,Paludicola,metagenome,0.019464720194647202
Bacteria,Firmicutes,Clostridia,Lachnospirales,Lachnospiraceae,Anaerostipes,uncultured_Lachnospiraceae_bacterium,Bacteria,Firmicutes,Clostridia,Oscillospirales,Ruminococcaceae,Ruminococcus,None,0.0170316301703163
Bacteria,Firmicutes,Clostridia,Lachnospirales,Lachnospiraceae,Anaerostipes,uncultured_Lachnospiraceae_bacterium,Bacteria,Firmicutes,Clostridia,Oscillospirales,Ruminococcaceae,Subdoligranulum,None,0.0170316301703163
Bacteria,Firmicutes,Clostridia,Lachnospirales,Lachnospiraceae,Anaerostipes,uncultured_Lachnospiraceae_bacterium,Bacteria,Firmicutes,Clostridia,Oscillospirales,Ruminococcaceae,UBA1819,None,0.0170316301703163
Bacteria,Firmicutes,Clostridia,Lachnospirales,Lachnospiraceae,Anaerostipes,uncultured_Lachnospiraceae_bacterium,Bacteria,Firmicutes,Clostridia,Oscillospirales,Ruminococcaceae,None,None,0.014598540145985401
Bacteria,Firmicutes,Clostridia,Lachnospirales,Lachnospiraceae,Anaerostipes,uncultured_Lachnospiraceae_bacterium,Bacteria,Firmicutes,Clostridia,Oscillospirales,Eubacterium_coprostanoligenes_group,metagenome,None,0.0170316301703163
Bacteria,Firmicutes,Clostridia,Lachnospirales,Lachnospiraceae,Anaerostipes,uncultured_Lachnospiraceae_bacterium,Bacteria,Firmicutes,Clostridia,Oscillospirales,Eubacterium_coprostanoligenes_group,uncultured_Clostridiales_bacterium,None,0.0170316301703163
Bacteria,Firmicutes,Clostridia,Lachnospirales,Lachnospiraceae,Anaerostipes,uncultured_Lachnospiraceae_bacterium,Bacteria,Firmicutes,Clostridia,Oscillospirales,None,None,None,0.012165450121654502
Bacteria,Firmicutes,Clostridia,Lachnospirales,Lachnospiraceae,Anaerostipes,uncultured_Lachnospiraceae_bacterium,Bacteria,Firmicutes,Clostridia,Peptostreptococcales-Tissierellales,Peptostreptococcaceae,Romboutsia,None,0.0170316301703163
Bacteria,Firmicutes,Clostridia,Lachnospirales,Lachnospiraceae,Anaerostipes,uncultured_Lachnospiraceae_bacterium,Bacteria,Firmicutes,Clostridia,None,None,None,None,0.009732360097323601
Bacteria,Firmicutes,Clostridia,Lachnospirales,Lachnospiraceae,Anaerostipes,uncultured_Lachnospiraceae_bacterium,Bacteria,Firmicutes,Negativicutes,Acidaminococcales,Acidaminococcaceae,Phascolarctobacterium,None,0.021897810218978103
Bacteria,Firmicutes,Clostridia,Lachnospirales,Lachnospiraceae,Anaerostipes,uncultured_Lachnospiraceae_bacterium,Bacteria,Firmicutes,Negativicutes,Veillonellales-Selenomonadales,Veillonellaceae,Veillonella,None,0.021897810218978103
Bacteria,Firmicutes,Clostridia,Lachnospirales,Lachnospiraceae,Anaerostipes,uncultured_Lachnospiraceae_bacterium,Bacteria,Fusobacteriota,Fusobacteriia,Fusobacteriales,Fusobacteriaceae,Fusobacterium,None,0.0267639902676399
Bacteria,Firmicutes,Clostridia,Lachnospirales,Lachnospiraceae,Anaerostipes,uncultured_Lachnospiraceae_bacterium,Bacteria,Proteobacteria,Gammaproteobacteria,Burkholderiales,Neisseriaceae,Neisseria,None,0.0267639902676399
Bacteria,Firmicutes,Clostridia,Lachnospirales,Lachnospiraceae,Anaerostipes,uncultured_Lachnospiraceae_bacterium,Bacteria,Proteobacteria,Gammaproteobacteria,Enterobacterales,Enterobacteriaceae,None,None,0.024330900243309004
Bacteria,Firmicutes,Clostridia,Lachnospirales,Lachnospiraceae,Anaerostipes,uncultured_Lachnospiraceae_bacterium,Bacteria,Proteobacteria,Gammaproteobacteria,Pasteurellales,Pasteurellaceae,Haemophilus,None,0.0267639902676399
Bacteria,Firmicutes,Clostridia,Lachnospirales,Lachnospiraceae,Anaerostipes,uncultured_Lachnospiraceae_bacterium,Bacteria,Proteobacteria,Gammaproteobacteria,Pseudomonadales,Moraxellaceae,Acinetobacter,None,0.0267639902676399
Bacteria,Firmicutes,Clostridia,Lachnospirales,Lachnospiraceae,Anaerostipes,uncultured_Lachnospiraceae_bacterium,Bacteria,Proteobacteria,Gammaproteobacteria,Pseudomonadales,Pseudomonadaceae,Pseudomonas,None,0.0267639902676399
Bacteria,Firmicutes,Clostridia,Lachnospirales,Lachnospiraceae,Anaerostipes,uncultured_Lachnospiraceae_bacterium,Bacteria,Verrucomicrobiota,Verrucomicrobiae,Verrucomicrobiales,Akkermansiaceae,Akkermansia,None,0.0267639902676399
Bacteria,Firmicutes,Clostridia,Lachnospirales,Lachnospiraceae,Blautia,bacterium_mpn-isolate_group_20,Bacteria,Firmicutes,Clostridia,Lachnospirales,Lachnospiraceae,Blautia,uncultured_Blautia_sp.,0.004866180048661801
Bacteria,Firmicutes,Clostridia,Lachnospirales,Lachnospiraceae,Blautia,bacterium_mpn-isolate_group_20,Bacteria,Firmicutes,Clostridia,Lachnospirales,Lachnospiraceae,CAG-56,None,0.0072992700729927005
Bacteria,Firmicutes,Clostridia,Lachnospirales,Lachnospiraceae,Blautia,bacterium_mpn-isolate_group_20,Bacteria,Firmicutes,Clostridia,Lachnospirales,Lachnospiraceae,Coprococcus,None,0.0072992700729927005
Bacteria,Firmicutes,Clostridia,Lachnospirales,Lachnospiraceae,Blautia,bacterium_mpn-isolate_group_20,Bacteria,Firmicutes,Clostridia,Lachnospirales,Lachnospiraceae,Dorea,None,0.0072992700729927005
Bacteria,Firmicutes,Clostridia,Lachnospirales,Lachnospiraceae,Blautia,bacterium_mpn-isolate_group_20,Bacteria,Firmicutes,Clostridia,Lachnospirales,Lachnospiraceae,Fusicatenibacter,uncultured_Lachnospiraceae_bacterium,0.009732360097323601
Bacteria,Firmicutes,Clostridia,Lachnospirales,Lachnospiraceae,Blautia,bacterium_mpn-isolate_group_20,Bacteria,Firmicutes,Clostridia,Lachnospirales,Lachnospiraceae,Lachnospira,uncultured_Lachnospiraceae_bacterium,0.009732360097323601
Bacteria,Firmicutes,Clostridia,Lachnospirales,Lachnospiraceae,Blautia,bacterium_mpn-isolate_group_20,Bacteria,Firmicutes,Clostridia,Lachnospirales,Lachnospiraceae,Lachnospiraceae_NK4A136_group,None,0.0072992700729927005
Bacteria,Firmicutes,Clostridia,Lachnospirales,Lachnospiraceae,Blautia,bacterium_mpn-isolate_group_20,Bacteria,Firmicutes,Clostridia,Lachnospirales,Lachnospiraceae,Lachnospiraceae_UCG-001,uncultured_Firmicutes_bacterium,0.009732360097323601
Bacteria,Firmicutes,Clostridia,Lachnospirales,Lachnospiraceae,Blautia,bacterium_mpn-isolate_group_20,Bacteria,Firmicutes,Clostridia,Lachnospirales,Lachnospiraceae,Roseburia,None,0.0072992700729927005
Bacteria,Firmicutes,Clostridia,Lachnospirales,Lachnospiraceae,Blautia,bacterium_mpn-isolate_group_20,Bacteria,Firmicutes,Clostridia,Lachnospirales,Lachnospiraceae,Eubacterium_eligens_group,None,0.0072992700729927005
Bacteria,Firmicutes,Clostridia,Lachnospirales,Lachnospiraceae,Blautia,bacterium_mpn-isolate_group_20,Bacteria,Firmicutes,Clostridia,Lachnospirales,Lachnospiraceae,Eubacterium_xylanophilum_group,None,0.0072992700729927005
Bacteria,Firmicutes,Clostridia,Lachnospirales,Lachnospiraceae,Blautia,bacterium_mpn-isolate_group_20,Bacteria,Firmicutes,Clostridia,Lachnospirales,Lachnospiraceae,Ruminococcus_gauvreauii_group,uncultured_Lachnospiraceae_bacterium,0.009732360097323601
Bacteria,Firmicutes,Clostridia,Lachnospirales,Lachnospiraceae,Blautia,bacterium_mpn-isolate_group_20,Bacteria,Firmicutes,Clostridia,Lachnospirales,Lachnospiraceae,Ruminococcus_torques_group,Clostridiaceae_bacterium_LEMV78,0.009732360097323601
Bacteria,Firmicutes,Clostridia,Lachnospirales,Lachnospiraceae,Blautia,bacterium_mpn-isolate_group_20,Bacteria,Firmicutes,Clostridia,Oscillospirales,Butyricicoccaceae,UCG-009,metagenome,0.019464720194647202
Bacteria,Firmicutes,Clostridia,Lachnospirales,Lachnospiraceae,Blautia,bacterium_mpn-isolate_group_20,Bacteria,Firmicutes,Clostridia,Oscillospirales,Oscillospiraceae,Colidextribacter,None,0.0170316301703163
Bacteria,Firmicutes,Clostridia,Lachnospirales,Lachnospiraceae,Blautia,bacterium_mpn-isolate_group_20,Bacteria,Firmicutes,Clostridia,Oscillospirales,Oscillospiraceae,Flavonifractor,None,0.0170316301703163
Bacteria,Firmicutes,Clostridia,Lachnospirales,Lachnospiraceae,Blautia,bacterium_mpn-isolate_group_20,Bacteria,Firmicutes,Clostridia,Oscillospirales,Oscillospiraceae,NK4A214_group,metagenome,0.019464720194647202
Bacteria,Firmicutes,Clostridia,Lachnospirales,Lachnospiraceae,Blautia,bacterium_mpn-isolate_group_20,Bacteria,Firmicutes,Clostridia,Oscillospirales,Oscillospiraceae,UCG-002,None,0.0170316301703163
Bacteria,Firmicutes,Clostridia,Lachnospirales,Lachnospiraceae,Blautia,bacterium_mpn-isolate_group_20,Bacteria,Firmicutes,Clostridia,Oscillospirales,Oscillospiraceae,UCG-003,None,0.0170316301703163
Bacteria,Firmicutes,Clostridia,Lachnospirales,Lachnospiraceae,Blautia,bacterium_mpn-isolate_group_20,Bacteria,Firmicutes,Clostridia,Oscillospirales,Oscillospiraceae,UCG-005,None,0.0170316301703163
Bacteria,Firmicutes,Clostridia,Lachnospirales,Lachnospiraceae,Blautia,bacterium_mpn-isolate_group_20,Bacteria,Firmicutes,Clostridia,Oscillospirales,Ruminococcaceae,Candidatus_Soleaferrea,Neobitarella_massiliensis,0.019464720194647202
Bacteria,Firmicutes,Clostridia,Lachnospirales,Lachnospiraceae,Blautia,bacterium_mpn-isolate_group_20,Bacteria,Firmicutes,Clostridia,Oscillospirales,Ruminococcaceae,Faecalibacterium,None,0.0170316301703163
Bacteria,Firmicutes,Clostridia,Lachnospirales,Lachnospiraceae,Blautia,bacterium_mpn-isolate_group_20,Bacteria,Firmicutes,Clostridia,Oscillospirales,Ruminococcaceae,Incertae_Sedis,metagenome,0.019464720194647202
Bacteria,Firmicutes,Clostridia,Lachnospirales,Lachnospiraceae,Blautia,bacterium_mpn-isolate_group_20,Bacteria,Firmicutes,Clostridia,Oscillospirales,Ruminococcaceae,Incertae_Sedis,None,0.0170316301703163
Bacteria,Firmicutes,Clostridia,Lachnospirales,Lachnospiraceae,Blautia,bacterium_mpn-isolate_group_20,Bacteria,Firmicutes,Clostridia,Oscillospirales,Ruminococcaceae,Paludicola,metagenome,0.019464720194647202
Bacteria,Firmicutes,Clostridia,Lachnospirales,Lachnospiraceae,Blautia,bacterium_mpn-isolate_group_20,Bacteria,Firmicutes,Clostridia,Oscillospirales,Ruminococcaceae,Ruminococcus,None,0.0170316301703163
Bacteria,Firmicutes,Clostridia,Lachnospirales,Lachnospiraceae,Blautia,bacterium_mpn-isolate_group_20,Bacteria,Firmicutes,Clostridia,Oscillospirales,Ruminococcaceae,Subdoligranulum,None,0.0170316301703163
Bacteria,Firmicutes,Clostridia,Lachnospirales,Lachnospiraceae,Blautia,bacterium_mpn-isolate_group_20,Bacteria,Firmicutes,Clostridia,Oscillospirales,Ruminococcaceae,UBA1819,None,0.0170316301703163
Bacteria,Firmicutes,Clostridia,Lachnospirales,Lachnospiraceae,Blautia,bacterium_mpn-isolate_group_20,Bacteria,Firmicutes,Clostridia,Oscillospirales,Ruminococcaceae,None,None,0.014598540145985401
Bacteria,Firmicutes,Clostridia,Lachnospirales,Lachnospiraceae,Blautia,bacterium_mpn-isolate_group_20,Bacteria,Firmicutes,Clostridia,Oscillospirales,Eubacterium_coprostanoligenes_group,metagenome,None,0.0170316301703163
Bacteria,Firmicutes,Clostridia,Lachnospirales,Lachnospiraceae,Blautia,bacterium_mpn-isolate_group_20,Bacteria,Firmicutes,Clostridia,Oscillospirales,Eubacterium_coprostanoligenes_group,uncultured_Clostridiales_bacterium,None,0.0170316301703163
Bacteria,Firmicutes,Clostridia,Lachnospirales,Lachnospiraceae,Blautia,bacterium_mpn-isolate_group_20,Bacteria,Firmicutes,Clostridia,Oscillospirales,None,None,None,0.012165450121654502
Bacteria,Firmicutes,Clostridia,Lachnospirales,Lachnospiraceae,Blautia,bacterium_mpn-isolate_group_20,Bacteria,Firmicutes,Clostridia,Peptostreptococcales-Tissierellales,Peptostreptococcaceae,Romboutsia,None,0.0170316301703163
Bacteria,Firmicutes,Clostridia,Lachnospirales,Lachnospiraceae,Blautia,bacterium_mpn-isolate_group_20,Bacteria,Firmicutes,Clostridia,None,None,None,None,0.009732360097323601
Bacteria,Firmicutes,Clostridia,Lachnospirales,Lachnospiraceae,Blautia,bacterium_mpn-isolate_group_20,Bacteria,Firmicutes,Negativicutes,Acidaminococcales,Acidaminococcaceae,Phascolarctobacterium,None,0.021897810218978103
Bacteria,Firmicutes,Clostridia,Lachnospirales,Lachnospiraceae,Blautia,bacterium_mpn-isolate_group_20,Bacteria,Firmicutes,Negativicutes,Veillonellales-Selenomonadales,Veillonellaceae,Veillonella,None,0.021897810218978103
Bacteria,Firmicutes,Clostridia,Lachnospirales,Lachnospiraceae,Blautia,bacterium_mpn-isolate_group_20,Bacteria,Fusobacteriota,Fusobacteriia,Fusobacteriales,Fusobacteriaceae,Fusobacterium,None,0.0267639902676399
Bacteria,Firmicutes,Clostridia,Lachnospirales,Lachnospiraceae,Blautia,bacterium_mpn-isolate_group_20,Bacteria,Proteobacteria,Gammaproteobacteria,Burkholderiales,Neisseriaceae,Neisseria,None,0.0267639902676399
Bacteria,Firmicutes,Clostridia,Lachnospirales,Lachnospiraceae,Blautia,bacterium_mpn-isolate_group_20,Bacteria,Proteobacteria,Gammaproteobacteria,Enterobacterales,Enterobacteriaceae,None,None,0.024330900243309004
Bacteria,Firmicutes,Clostridia,Lachnospirales,Lachnospiraceae,Blautia,bacterium_mpn-isolate_group_20,Bacteria,Proteobacteria,Gammaproteobacteria,Pasteurellales,Pasteurellaceae,Haemophilus,None,0.0267639902676399
Bacteria,Firmicutes,Clostridia,Lachnospirales,Lachnospiraceae,Blautia,bacterium_mpn-isolate_group_20,Bacteria,Proteobacteria,Gammaproteobacteria,Pseudomonadales,Moraxellaceae,Acinetobacter,None,0.0267639902676399
Bacteria,Firmicutes,Clostridia,Lachnospirales,Lachnospiraceae,Blautia,bacterium_mpn-isolate_group_20,Bacteria,Proteobacteria,Gammaproteobacteria,Pseudomonadales,Pseudomonadaceae,Pseudomonas,None,0.0267639902676399
Bacteria,Firmicutes,Clostridia,Lachnospirales,Lachnospiraceae,Blautia,bacterium_mpn-isolate_group_20,Bacteria,Verrucomicrobiota,Verrucomicrobiae,Verrucomicrobiales,Akkermansiaceae,Akkermansia,None,0.0267639902676399
Bacteria,Firmicutes,Clostridia,Lachnospirales,Lachnospiraceae,Blautia,uncultured_Blautia_sp.,Bacteria,Firmicutes,Clostridia,Lachnospirales,Lachnospiraceae,CAG-56,None,0.0072992700729927005
Bacteria,Firmicutes,Clostridia,Lachnospirales,Lachnospiraceae,Blautia,uncultured_Blautia_sp.,Bacteria,Firmicutes,Clostridia,Lachnospirales,Lachnospiraceae,Coprococcus,None,0.0072992700729927005
Bacteria,Firmicutes,Clostridia,Lachnospirales,Lachnospiraceae,Blautia,uncultured_Blautia_sp.,Bacteria,Firmicutes,Clostridia,Lachnospirales,Lachnospiraceae,Dorea,None,0.0072992700729927005
Bacteria,Firmicutes,Clostridia,Lachnospirales,Lachnospiraceae,Blautia,uncultured_Blautia_sp.,Bacteria,Firmicutes,Clostridia,Lachnospirales,Lachnospiraceae,Fusicatenibacter,uncultured_Lachnospiraceae_bacterium,0.009732360097323601
Bacteria,Firmicutes,Clostridia,Lachnospirales,Lachnospiraceae,Blautia,uncultured_Blautia_sp.,Bacteria,Firmicutes,Clostridia,Lachnospirales,Lachnospiraceae,Lachnospira,uncultured_Lachnospiraceae_bacterium,0.009732360097323601
Bacteria,Firmicutes,Clostridia,Lachnospirales,Lachnospiraceae,Blautia,uncultured_Blautia_sp.,Bacteria,Firmicutes,Clostridia,Lachnospirales,Lachnospiraceae,Lachnospiraceae_NK4A136_group,None,0.0072992700729927005
Bacteria,Firmicutes,Clostridia,Lachnospirales,Lachnospiraceae,Blautia,uncultured_Blautia_sp.,Bacteria,Firmicutes,Clostridia,Lachnospirales,Lachnospiraceae,Lachnospiraceae_UCG-001,uncultured_Firmicutes_bacterium,0.009732360097323601
Bacteria,Firmicutes,Clostridia,Lachnospirales,Lachnospiraceae,Blautia,uncultured_Blautia_sp.,Bacteria,Firmicutes,Clostridia,Lachnospirales,Lachnospiraceae,Roseburia,None,0.0072992700729927005
Bacteria,Firmicutes,Clostridia,Lachnospirales,Lachnospiraceae,Blautia,uncultured_Blautia_sp.,Bacteria,Firmicutes,Clostridia,Lachnospirales,Lachnospiraceae,Eubacterium_eligens_group,None,0.0072992700729927005
Bacteria,Firmicutes,Clostridia,Lachnospirales,Lachnospiraceae,Blautia,uncultured_Blautia_sp.,Bacteria,Firmicutes,Clostridia,Lachnospirales,Lachnospiraceae,Eubacterium_xylanophilum_group,None,0.0072992700729927005
Bacteria,Firmicutes,Clostridia,Lachnospirales,Lachnospiraceae,Blautia,uncultured_Blautia_sp.,Bacteria,Firmicutes,Clostridia,Lachnospirales,Lachnospiraceae,Ruminococcus_gauvreauii_group,uncultured_Lachnospiraceae_bacterium,0.009732360097323601
Bacteria,Firmicutes,Clostridia,Lachnospirales,Lachnospiraceae,Blautia,uncultured_Blautia_sp.,Bacteria,Firmicutes,Clostridia,Lachnospirales,Lachnospiraceae,Ruminococcus_torques_group,Clostridiaceae_bacterium_LEMV78,0.009732360097323601
Bacteria,Firmicutes,Clostridia,Lachnospirales,Lachnospiraceae,Blautia,uncultured_Blautia_sp.,Bacteria,Firmicutes,Clostridia,Oscillospirales,Butyricicoccaceae,UCG-009,metagenome,0.019464720194647202
Bacteria,Firmicutes,Clostridia,Lachnospirales,Lachnospiraceae,Blautia,uncultured_Blautia_sp.,Bacteria,Firmicutes,Clostridia,Oscillospirales,Oscillospiraceae,Colidextribacter,None,0.0170316301703163
Bacteria,Firmicutes,Clostridia,Lachnospirales,Lachnospiraceae,Blautia,uncultured_Blautia_sp.,Bacteria,Firmicutes,Clostridia,Oscillospirales,Oscillospiraceae,Flavonifractor,None,0.0170316301703163
Bacteria,Firmicutes,Clostridia,Lachnospirales,Lachnospiraceae,Blautia,uncultured_Blautia_sp.,Bacteria,Firmicutes,Clostridia,Oscillospirales,Oscillospiraceae,NK4A214_group,metagenome,0.019464720194647202
Bacteria,Firmicutes,Clostridia,Lachnospirales,Lachnospiraceae,Blautia,uncultured_Blautia_sp.,Bacteria,Firmicutes,Clostridia,Oscillospirales,Oscillospiraceae,UCG-002,None,0.0170316301703163
Bacteria,Firmicutes,Clostridia,Lachnospirales,Lachnospiraceae,Blautia,uncultured_Blautia_sp.,Bacteria,Firmicutes,Clostridia,Oscillospirales,Oscillospiraceae,UCG-003,None,0.0170316301703163
Bacteria,Firmicutes,Clostridia,Lachnospirales,Lachnospiraceae,Blautia,uncultured_Blautia_sp.,Bacteria,Firmicutes,Clostridia,Oscillospirales,Oscillospiraceae,UCG-005,None,0.0170316301703163
Bacteria,Firmicutes,Clostridia,Lachnospirales,Lachnospiraceae,Blautia,uncultured_Blautia_sp.,Bacteria,Firmicutes,Clostridia,Oscillospirales,Ruminococcaceae,Candidatus_Soleaferrea,Neobitarella_massiliensis,0.019464720194647202
Bacteria,Firmicutes,Clostridia,Lachnospirales,Lachnospiraceae,Blautia,uncultured_Blautia_sp.,Bacteria,Firmicutes,Clostridia,Oscillospirales,Ruminococcaceae,Faecalibacterium,None,0.0170316301703163
Bacteria,Firmicutes,Clostridia,Lachnospirales,Lachnospiraceae,Blautia,uncultured_Blautia_sp.,Bacteria,Firmicutes,Clostridia,Oscillospirales,Ruminococcaceae,Incertae_Sedis,metagenome,0.019464720194647202
Bacteria,Firmicutes,Clostridia,Lachnospirales,Lachnospiraceae,Blautia,uncultured_Blautia_sp.,Bacteria,Firmicutes,Clostridia,Oscillospirales,Ruminococcaceae,Incertae_Sedis,None,0.0170316301703163
Bacteria,Firmicutes,Clostridia,Lachnospirales,Lachnospiraceae,Blautia,uncultured_Blautia_sp.,Bacteria,Firmicutes,Clostridia,Oscillospirales,Ruminococcaceae,Paludicola,metagenome,0.019464720194647202
Bacteria,Firmicutes,Clostridia,Lachnospirales,Lachnospiraceae,Blautia,uncultured_Blautia_sp.,Bacteria,Firmicutes,Clostridia,Oscillospirales,Ruminococcaceae,Ruminococcus,None,0.0170316301703163
Bacteria,Firmicutes,Clostridia,Lachnospirales,Lachnospiraceae,Blautia,uncultured_Blautia_sp.,Bacteria,Firmicutes,Clostridia,Oscillospirales,Ruminococcaceae,Subdoligranulum,None,0.0170316301703163
Bacteria,Firmicutes,Clostridia,Lachnospirales,Lachnospiraceae,Blautia,uncultured_Blautia_sp.,Bacteria,Firmicutes,Clostridia,Oscillospirales,Ruminococcaceae,UBA1819,None,0.0170316301703163
Bacteria,Firmicutes,Clostridia,Lachnospirales,Lachnospiraceae,Blautia,uncultured_Blautia_sp.,Bacteria,Firmicutes,Clostridia,Oscillospirales,Ruminococcaceae,None,None,0.014598540145985401
Bacteria,Firmicutes,Clostridia,Lachnospirales,Lachnospiraceae,Blautia,uncultured_Blautia_sp.,Bacteria,Firmicutes,Clostridia,Oscillospirales,Eubacterium_coprostanoligenes_group,metagenome,None,0.0170316301703163
Bacteria,Firmicutes,Clostridia,Lachnospirales,Lachnospiraceae,Blautia,uncultured_Blautia_sp.,Bacteria,Firmicutes,Clostridia,Oscillospirales,Eubacterium_coprostanoligenes_group,uncultured_Clostridiales_bacterium,None,0.0170316301703163
Bacteria,Firmicutes,Clostridia,Lachnospirales,Lachnospiraceae,Blautia,uncultured_Blautia_sp.,Bacteria,Firmicutes,Clostridia,Oscillospirales,None,None,None,0.012165450121654502
Bacteria,Firmicutes,Clostridia,Lachnospirales,Lachnospiraceae,Blautia,uncultured_Blautia_sp.,Bacteria,Firmicutes,Clostridia,Peptostreptococcales-Tissierellales,Peptostreptococcaceae,Romboutsia,None,0.0170316301703163
Bacteria,Firmicutes,Clostridia,Lachnospirales,Lachnospiraceae,Blautia,uncultured_Blautia_sp.,Bacteria,Firmicutes,Clostridia,None,None,None,None,0.009732360097323601
Bacteria,Firmicutes,Clostridia,Lachnospirales,Lachnospiraceae,Blautia,uncultured_Blautia_sp.,Bacteria,Firmicutes,Negativicutes,Acidaminococcales,Acidaminococcaceae,Phascolarctobacterium,None,0.021897810218978103
Bacteria,Firmicutes,Clostridia,Lachnospirales,Lachnospiraceae,Blautia,uncultured_Blautia_sp.,Bacteria,Firmicutes,Negativicutes,Veillonellales-Selenomonadales,Veillonellaceae,Veillonella,None,0.021897810218978103
Bacteria,Firmicutes,Clostridia,Lachnospirales,Lachnospiraceae,Blautia,uncultured_Blautia_sp.,Bacteria,Fusobacteriota,Fusobacteriia,Fusobacteriales,Fusobacteriaceae,Fusobacterium,None,0.0267639902676399
Bacteria,Firmicutes,Clostridia,Lachnospirales,Lachnospiraceae,Blautia,uncultured_Blautia_sp.,Bacteria,Proteobacteria,Gammaproteobacteria,Burkholderiales,Neisseriaceae,Neisseria,None,0.0267639902676399
Bacteria,Firmicutes,Clostridia,Lachnospirales,Lachnospiraceae,Blautia,uncultured_Blautia_sp.,Bacteria,Proteobacteria,Gammaproteobacteria,Enterobacterales,Enterobacteriaceae,None,None,0.024330900243309004
Bacteria,Firmicutes,Clostridia,Lachnospirales,Lachnospiraceae,Blautia,uncultured_Blautia_sp.,Bacteria,Proteobacteria,Gammaproteobacteria,Pasteurellales,Pasteurellaceae,Haemophilus,None,0.0267639902676399
Bacteria,Firmicutes,Clostridia,Lachnospirales,Lachnospiraceae,Blautia,uncultured_Blautia_sp.,Bacteria,Proteobacteria,Gammaproteobacteria,Pseudomonadales,Moraxellaceae,Acinetobacter,None,0.0267639902676399
Bacteria,Firmicutes,Clostridia,Lachnospirales,Lachnospiraceae,Blautia,uncultured_Blautia_sp.,Bacteria,Proteobacteria,Gammaproteobacteria,Pseudomonadales,Pseudomonadaceae,Pseudomonas,None,0.0267639902676399
Bacteria,Firmicutes,Clostridia,Lachnospirales,Lachnospiraceae,Blautia,uncultured_Blautia_sp.,Bacteria,Verrucomicrobiota,Verrucomicrobiae,Verrucomicrobiales,Akkermansiaceae,Akkermansia,None,0.0267639902676399
Bacteria,Firmicutes,Clostridia,Lachnospirales,Lachnospiraceae,CAG-56,None,Bacteria,Firmicutes,Clostridia,Lachnospirales,Lachnospiraceae,Coprococcus,None,0.004866180048661801
Bacteria,Firmicutes,Clostridia,Lachnospirales,Lachnospiraceae,CAG-56,None,Bacteria,Firmicutes,Clostridia,Lachnospirales,Lachnospiraceae,Dorea,None,0.004866180048661801
Bacteria,Firmicutes,Clostridia,Lachnospirales,Lachnospiraceae,CAG-56,None,Bacteria,Firmicutes,Clostridia,Lachnospirales,Lachnospiraceae,Fusicatenibacter,uncultured_Lachnospiraceae_bacterium,0.0072992700729927005
Bacteria,Firmicutes,Clostridia,Lachnospirales,Lachnospiraceae,CAG-56,None,Bacteria,Firmicutes,Clostridia,Lachnospirales,Lachnospiraceae,Lachnospira,uncultured_Lachnospiraceae_bacterium,0.0072992700729927005
Bacteria,Firmicutes,Clostridia,Lachnospirales,Lachnospiraceae,CAG-56,None,Bacteria,Firmicutes,Clostridia,Lachnospirales,Lachnospiraceae,Lachnospiraceae_NK4A136_group,None,0.004866180048661801
Bacteria,Firmicutes,Clostridia,Lachnospirales,Lachnospiraceae,CAG-56,None,Bacteria,Firmicutes,Clostridia,Lachnospirales,Lachnospiraceae,Lachnospiraceae_UCG-001,uncultured_Firmicutes_bacterium,0.0072992700729927005
Bacteria,Firmicutes,Clostridia,Lachnospirales,Lachnospiraceae,CAG-56,None,Bacteria,Firmicutes,Clostridia,Lachnospirales,Lachnospiraceae,Roseburia,None,0.004866180048661801
Bacteria,Firmicutes,Clostridia,Lachnospirales,Lachnospiraceae,CAG-56,None,Bacteria,Firmicutes,Clostridia,Lachnospirales,Lachnospiraceae,Eubacterium_eligens_group,None,0.004866180048661801
Bacteria,Firmicutes,Clostridia,Lachnospirales,Lachnospiraceae,CAG-56,None,Bacteria,Firmicutes,Clostridia,Lachnospirales,Lachnospiraceae,Eubacterium_xylanophilum_group,None,0.004866180048661801
Bacteria,Firmicutes,Clostridia,Lachnospirales,Lachnospiraceae,CAG-56,None,Bacteria,Firmicutes,Clostridia,Lachnospirales,Lachnospiraceae,Ruminococcus_gauvreauii_group,uncultured_Lachnospiraceae_bacterium,0.0072992700729927005
Bacteria,Firmicutes,Clostridia,Lachnospirales,Lachnospiraceae,CAG-56,None,Bacteria,Firmicutes,Clostridia,Lachnospirales,Lachnospiraceae,Ruminococcus_torques_group,Clostridiaceae_bacterium_LEMV78,0.0072992700729927005
Bacteria,Firmicutes,Clostridia,Lachnospirales,Lachnospiraceae,CAG-56,None,Bacteria,Firmicutes,Clostridia,Oscillospirales,Butyricicoccaceae,UCG-009,metagenome,0.0170316301703163
Bacteria,Firmicutes,Clostridia,Lachnospirales,Lachnospiraceae,CAG-56,None,Bacteria,Firmicutes,Clostridia,Oscillospirales,Oscillospiraceae,Colidextribacter,None,0.014598540145985401
Bacteria,Firmicutes,Clostridia,Lachnospirales,Lachnospiraceae,CAG-56,None,Bacteria,Firmicutes,Clostridia,Oscillospirales,Oscillospiraceae,Flavonifractor,None,0.014598540145985401
Bacteria,Firmicutes,Clostridia,Lachnospirales,Lachnospiraceae,CAG-56,None,Bacteria,Firmicutes,Clostridia,Oscillospirales,Oscillospiraceae,NK4A214_group,metagenome,0.0170316301703163
Bacteria,Firmicutes,Clostridia,Lachnospirales,Lachnospiraceae,CAG-56,None,Bacteria,Firmicutes,Clostridia,Oscillospirales,Oscillospiraceae,UCG-002,None,0.014598540145985401
Bacteria,Firmicutes,Clostridia,Lachnospirales,Lachnospiraceae,CAG-56,None,Bacteria,Firmicutes,Clostridia,Oscillospirales,Oscillospiraceae,UCG-003,None,0.014598540145985401
Bacteria,Firmicutes,Clostridia,Lachnospirales,Lachnospiraceae,CAG-56,None,Bacteria,Firmicutes,Clostridia,Oscillospirales,Oscillospiraceae,UCG-005,None,0.014598540145985401
Bacteria,Firmicutes,Clostridia,Lachnospirales,Lachnospiraceae,CAG-56,None,Bacteria,Firmicutes,Clostridia,Oscillospirales,Ruminococcaceae,Candidatus_Soleaferrea,Neobitarella_massiliensis,0.0170316301703163
Bacteria,Firmicutes,Clostridia,Lachnospirales,Lachnospiraceae,CAG-56,None,Bacteria,Firmicutes,Clostridia,Oscillospirales,Ruminococcaceae,Faecalibacterium,None,0.014598540145985401
Bacteria,Firmicutes,Clostridia,Lachnospirales,Lachnospiraceae,CAG-56,None,Bacteria,Firmicutes,Clostridia,Oscillospirales,Ruminococcaceae,Incertae_Sedis,metagenome,0.0170316301703163
Bacteria,Firmicutes,Clostridia,Lachnospirales,Lachnospiraceae,CAG-56,None,Bacteria,Firmicutes,Clostridia,Oscillospirales,Ruminococcaceae,Incertae_Sedis,None,0.014598540145985401
Bacteria,Firmicutes,Clostridia,Lachnospirales,Lachnospiraceae,CAG-56,None,Bacteria,Firmicutes,Clostridia,Oscillospirales,Ruminococcaceae,Paludicola,metagenome,0.0170316301703163
Bacteria,Firmicutes,Clostridia,Lachnospirales,Lachnospiraceae,CAG-56,None,Bacteria,Firmicutes,Clostridia,Oscillospirales,Ruminococcaceae,Ruminococcus,None,0.014598540145985401
Bacteria,Firmicutes,Clostridia,Lachnospirales,Lachnospiraceae,CAG-56,None,Bacteria,Firmicutes,Clostridia,Oscillospirales,Ruminococcaceae,Subdoligranulum,None,0.014598540145985401
Bacteria,Firmicutes,Clostridia,Lachnospirales,Lachnospiraceae,CAG-56,None,Bacteria,Firmicutes,Clostridia,Oscillospirales,Ruminococcaceae,UBA1819,None,0.014598540145985401
Bacteria,Firmicutes,Clostridia,Lachnospirales,Lachnospiraceae,CAG-56,None,Bacteria,Firmicutes,Clostridia,Oscillospirales,Ruminococcaceae,None,None,0.012165450121654502
Bacteria,Firmicutes,Clostridia,Lachnospirales,Lachnospiraceae,CAG-56,None,Bacteria,Firmicutes,Clostridia,Oscillospirales,Eubacterium_coprostanoligenes_group,metagenome,None,0.014598540145985401
Bacteria,Firmicutes,Clostridia,Lachnospirales,Lachnospiraceae,CAG-56,None,Bacteria,Firmicutes,Clostridia,Oscillospirales,Eubacterium_coprostanoligenes_group,uncultured_Clostridiales_bacterium,None,0.014598540145985401
Bacteria,Firmicutes,Clostridia,Lachnospirales,Lachnospiraceae,CAG-56,None,Bacteria,Firmicutes,Clostridia,Oscillospirales,None,None,None,0.009732360097323601
Bacteria,Firmicutes,Clostridia,Lachnospirales,Lachnospiraceae,CAG-56,None,Bacteria,Firmicutes,Clostridia,Peptostreptococcales-Tissierellales,Peptostreptococcaceae,Romboutsia,None,0.014598540145985401
Bacteria,Firmicutes,Clostridia,Lachnospirales,Lachnospiraceae,CAG-56,None,Bacteria,Firmicutes,Clostridia,None,None,None,None,0.0072992700729927005
Bacteria,Firmicutes,Clostridia,Lachnospirales,Lachnospiraceae,CAG-56,None,Bacteria,Firmicutes,Negativicutes,Acidaminococcales,Acidaminococcaceae,Phascolarctobacterium,None,0.019464720194647202
Bacteria,Firmicutes,Clostridia,Lachnospirales,Lachnospiraceae,CAG-56,None,Bacteria,Firmicutes,Negativicutes,Veillonellales-Selenomonadales,Veillonellaceae,Veillonella,None,0.019464720194647202
Bacteria,Firmicutes,Clostridia,Lachnospirales,Lachnospiraceae,CAG-56,None,Bacteria,Fusobacteriota,Fusobacteriia,Fusobacteriales,Fusobacteriaceae,Fusobacterium,None,0.024330900243309004
Bacteria,Firmicutes,Clostridia,Lachnospirales,Lachnospiraceae,CAG-56,None,Bacteria,Proteobacteria,Gammaproteobacteria,Burkholderiales,Neisseriaceae,Neisseria,None,0.024330900243309004
Bacteria,Firmicutes,Clostridia,Lachnospirales,Lachnospiraceae,CAG-56,None,Bacteria,Proteobacteria,Gammaproteobacteria,Enterobacterales,Enterobacteriaceae,None,None,0.021897810218978103
Bacteria,Firmicutes,Clostridia,Lachnospirales,Lachnospiraceae,CAG-56,None,Bacteria,Proteobacteria,Gammaproteobacteria,Pasteurellales,Pasteurellaceae,Haemophilus,None,0.024330900243309004
Bacteria,Firmicutes,Clostridia,Lachnospirales,Lachnospiraceae,CAG-56,None,Bacteria,Proteobacteria,Gammaproteobacteria,Pseudomonadales,Moraxellaceae,Acinetobacter,None,0.024330900243309004
Bacteria,Firmicutes,Clostridia,Lachnospirales,Lachnospiraceae,CAG-56,None,Bacteria,Proteobacteria,Gammaproteobacteria,Pseudomonadales,Pseudomonadaceae,Pseudomonas,None,0.024330900243309004
Bacteria,Firmicutes,Clostridia,Lachnospirales,Lachnospiraceae,CAG-56,None,Bacteria,Verrucomicrobiota,Verrucomicrobiae,Verrucomicrobiales,Akkermansiaceae,Akkermansia,None,0.024330900243309004
Bacteria,Firmicutes,Clostridia,Lachnospirales,Lachnospiraceae,Coprococcus,None,Bacteria,Firmicutes,Clostridia,Lachnospirales,Lachnospiraceae,Dorea,None,0.004866180048661801
Bacteria,Firmicutes,Clostridia,Lachnospirales,Lachnospiraceae,Coprococcus,None,Bacteria,Firmicutes,Clostridia,Lachnospirales,Lachnospiraceae,Fusicatenibacter,uncultured_Lachnospiraceae_bacterium,0.0072992700729927005
Bacteria,Firmicutes,Clostridia,Lachnospirales,Lachnospiraceae,Coprococcus,None,Bacteria,Firmicutes,Clostridia,Lachnospirales,Lachnospiraceae,Lachnospira,uncultured_Lachnospiraceae_bacterium,0.0072992700729927005
Bacteria,Firmicutes,Clostridia,Lachnospirales,Lachnospiraceae,Coprococcus,None,Bacteria,Firmicutes,Clostridia,Lachnospirales,Lachnospiraceae,Lachnospiraceae_NK4A136_group,None,0.004866180048661801
Bacteria,Firmicutes,Clostridia,Lachnospirales,Lachnospiraceae,Coprococcus,None,Bacteria,Firmicutes,Clostridia,Lachnospirales,Lachnospiraceae,Lachnospiraceae_UCG-001,uncultured_Firmicutes_bacterium,0.0072992700729927005
Bacteria,Firmicutes,Clostridia,Lachnospirales,Lachnospiraceae,Coprococcus,None,Bacteria,Firmicutes,Clostridia,Lachnospirales,Lachnospiraceae,Roseburia,None,0.004866180048661801
Bacteria,Firmicutes,Clostridia,Lachnospirales,Lachnospiraceae,Coprococcus,None,Bacteria,Firmicutes,Clostridia,Lachnospirales,Lachnospiraceae,Eubacterium_eligens_group,None,0.004866180048661801
Bacteria,Firmicutes,Clostridia,Lachnospirales,Lachnospiraceae,Coprococcus,None,Bacteria,Firmicutes,Clostridia,Lachnospirales,Lachnospiraceae,Eubacterium_xylanophilum_group,None,0.004866180048661801
Bacteria,Firmicutes,Clostridia,Lachnospirales,Lachnospiraceae,Coprococcus,None,Bacteria,Firmicutes,Clostridia,Lachnospirales,Lachnospiraceae,Ruminococcus_gauvreauii_group,uncultured_Lachnospiraceae_bacterium,0.0072992700729927005
Bacteria,Firmicutes,Clostridia,Lachnospirales,Lachnospiraceae,Coprococcus,None,Bacteria,Firmicutes,Clostridia,Lachnospirales,Lachnospiraceae,Ruminococcus_torques_group,Clostridiaceae_bacterium_LEMV78,0.0072992700729927005
Bacteria,Firmicutes,Clostridia,Lachnospirales,Lachnospiraceae,Coprococcus,None,Bacteria,Firmicutes,Clostridia,Oscillospirales,Butyricicoccaceae,UCG-009,metagenome,0.0170316301703163
Bacteria,Firmicutes,Clostridia,Lachnospirales,Lachnospiraceae,Coprococcus,None,Bacteria,Firmicutes,Clostridia,Oscillospirales,Oscillospiraceae,Colidextribacter,None,0.014598540145985401
Bacteria,Firmicutes,Clostridia,Lachnospirales,Lachnospiraceae,Coprococcus,None,Bacteria,Firmicutes,Clostridia,Oscillospirales,Oscillospiraceae,Flavonifractor,None,0.014598540145985401
Bacteria,Firmicutes,Clostridia,Lachnospirales,Lachnospiraceae,Coprococcus,None,Bacteria,Firmicutes,Clostridia,Oscillospirales,Oscillospiraceae,NK4A214_group,metagenome,0.0170316301703163
Bacteria,Firmicutes,Clostridia,Lachnospirales,Lachnospiraceae,Coprococcus,None,Bacteria,Firmicutes,Clostridia,Oscillospirales,Oscillospiraceae,UCG-002,None,0.014598540145985401
Bacteria,Firmicutes,Clostridia,Lachnospirales,Lachnospiraceae,Coprococcus,None,Bacteria,Firmicutes,Clostridia,Oscillospirales,Oscillospiraceae,UCG-003,None,0.014598540145985401
Bacteria,Firmicutes,Clostridia,Lachnospirales,Lachnospiraceae,Coprococcus,None,Bacteria,Firmicutes,Clostridia,Oscillospirales,Oscillospiraceae,UCG-005,None,0.014598540145985401
Bacteria,Firmicutes,Clostridia,Lachnospirales,Lachnospiraceae,Coprococcus,None,Bacteria,Firmicutes,Clostridia,Oscillospirales,Ruminococcaceae,Candidatus_Soleaferrea,Neobitarella_massiliensis,0.0170316301703163
Bacteria,Firmicutes,Clostridia,Lachnospirales,Lachnospiraceae,Coprococcus,None,Bacteria,Firmicutes,Clostridia,Oscillospirales,Ruminococcaceae,Faecalibacterium,None,0.014598540145985401
Bacteria,Firmicutes,Clostridia,Lachnospirales,Lachnospiraceae,Coprococcus,None,Bacteria,Firmicutes,Clostridia,Oscillospirales,Ruminococcaceae,Incertae_Sedis,metagenome,0.0170316301703163
Bacteria,Firmicutes,Clostridia,Lachnospirales,Lachnospiraceae,Coprococcus,None,Bacteria,Firmicutes,Clostridia,Oscillospirales,Ruminococcaceae,Incertae_Sedis,None,0.014598540145985401
Bacteria,Firmicutes,Clostridia,Lachnospirales,Lachnospiraceae,Coprococcus,None,Bacteria,Firmicutes,Clostridia,Oscillospirales,Ruminococcaceae,Paludicola,metagenome,0.0170316301703163
Bacteria,Firmicutes,Clostridia,Lachnospirales,Lachnospiraceae,Coprococcus,None,Bacteria,Firmicutes,Clostridia,Oscillospirales,Ruminococcaceae,Ruminococcus,None,0.014598540145985401
Bacteria,Firmicutes,Clostridia,Lachnospirales,Lachnospiraceae,Coprococcus,None,Bacteria,Firmicutes,Clostridia,Oscillospirales,Ruminococcaceae,Subdoligranulum,None,0.014598540145985401
Bacteria,Firmicutes,Clostridia,Lachnospirales,Lachnospiraceae,Coprococcus,None,Bacteria,Firmicutes,Clostridia,Oscillospirales,Ruminococcaceae,UBA1819,None,0.014598540145985401
Bacteria,Firmicutes,Clostridia,Lachnospirales,Lachnospiraceae,Coprococcus,None,Bacteria,Firmicutes,Clostridia,Oscillospirales,Ruminococcaceae,None,None,0.012165450121654502
Bacteria,Firmicutes,Clostridia,Lachnospirales,Lachnospiraceae,Coprococcus,None,Bacteria,Firmicutes,Clostridia,Oscillospirales,Eubacterium_coprostanoligenes_group,metagenome,None,0.014598540145985401
Bacteria,Firmicutes,Clostridia,Lachnospirales,Lachnospiraceae,Coprococcus,None,Bacteria,Firmicutes,Clostridia,Oscillospirales,Eubacterium_coprostanoligenes_group,uncultured_Clostridiales_bacterium,None,0.014598540145985401
Bacteria,Firmicutes,Clostridia,Lachnospirales,Lachnospiraceae,Coprococcus,None,Bacteria,Firmicutes,Clostridia,Oscillospirales,None,None,None,0.009732360097323601
Bacteria,Firmicutes,Clostridia,Lachnospirales,Lachnospiraceae,Coprococcus,None,Bacteria,Firmicutes,Clostridia,Peptostreptococcales-Tissierellales,Peptostreptococcaceae,Romboutsia,None,0.014598540145985401
Bacteria,Firmicutes,Clostridia,Lachnospirales,Lachnospiraceae,Coprococcus,None,Bacteria,Firmicutes,Clostridia,None,None,None,None,0.0072992700729927005
Bacteria,Firmicutes,Clostridia,Lachnospirales,Lachnospiraceae,Coprococcus,None,Bacteria,Firmicutes,Negativicutes,Acidaminococcales,Acidaminococcaceae,Phascolarctobacterium,None,0.019464720194647202
Bacteria,Firmicutes,Clostridia,Lachnospirales,Lachnospiraceae,Coprococcus,None,Bacteria,Firmicutes,Negativicutes,Veillonellales-Selenomonadales,Veillonellaceae,Veillonella,None,0.019464720194647202
Bacteria,Firmicutes,Clostridia,Lachnospirales,Lachnospiraceae,Coprococcus,None,Bacteria,Fusobacteriota,Fusobacteriia,Fusobacteriales,Fusobacteriaceae,Fusobacterium,None,0.024330900243309004
Bacteria,Firmicutes,Clostridia,Lachnospirales,Lachnospiraceae,Coprococcus,None,Bacteria,Proteobacteria,Gammaproteobacteria,Burkholderiales,Neisseriaceae,Neisseria,None,0.024330900243309004
Bacteria,Firmicutes,Clostridia,Lachnospirales,Lachnospiraceae,Coprococcus,None,Bacteria,Proteobacteria,Gammaproteobacteria,Enterobacterales,Enterobacteriaceae,None,None,0.021897810218978103
Bacteria,Firmicutes,Clostridia,Lachnospirales,Lachnospiraceae,Coprococcus,None,Bacteria,Proteobacteria,Gammaproteobacteria,Pasteurellales,Pasteurellaceae,Haemophilus,None,0.024330900243309004
Bacteria,Firmicutes,Clostridia,Lachnospirales,Lachnospiraceae,Coprococcus,None,Bacteria,Proteobacteria,Gammaproteobacteria,Pseudomonadales,Moraxellaceae,Acinetobacter,None,0.024330900243309004
Bacteria,Firmicutes,Clostridia,Lachnospirales,Lachnospiraceae,Coprococcus,None,Bacteria,Proteobacteria,Gammaproteobacteria,Pseudomonadales,Pseudomonadaceae,Pseudomonas,None,0.024330900243309004
Bacteria,Firmicutes,Clostridia,Lachnospirales,Lachnospiraceae,Coprococcus,None,Bacteria,Verrucomicrobiota,Verrucomicrobiae,Verrucomicrobiales,Akkermansiaceae,Akkermansia,None,0.024330900243309004
Bacteria,Firmicutes,Clostridia,Lachnospirales,Lachnospiraceae,Dorea,None,Bacteria,Firmicutes,Clostridia,Lachnospirales,Lachnospiraceae,Fusicatenibacter,uncultured_Lachnospiraceae_bacterium,0.0072992700729927005
Bacteria,Firmicutes,Clostridia,Lachnospirales,Lachnospiraceae,Dorea,None,Bacteria,Firmicutes,Clostridia,Lachnospirales,Lachnospiraceae,Lachnospira,uncultured_Lachnospiraceae_bacterium,0.0072992700729927005
Bacteria,Firmicutes,Clostridia,Lachnospirales,Lachnospiraceae,Dorea,None,Bacteria,Firmicutes,Clostridia,Lachnospirales,Lachnospiraceae,Lachnospiraceae_NK4A136_group,None,0.004866180048661801
Bacteria,Firmicutes,Clostridia,Lachnospirales,Lachnospiraceae,Dorea,None,Bacteria,Firmicutes,Clostridia,Lachnospirales,Lachnospiraceae,Lachnospiraceae_UCG-001,uncultured_Firmicutes_bacterium,0.0072992700729927005
Bacteria,Firmicutes,Clostridia,Lachnospirales,Lachnospiraceae,Dorea,None,Bacteria,Firmicutes,Clostridia,Lachnospirales,Lachnospiraceae,Roseburia,None,0.004866180048661801
Bacteria,Firmicutes,Clostridia,Lachnospirales,Lachnospiraceae,Dorea,None,Bacteria,Firmicutes,Clostridia,Lachnospirales,Lachnospiraceae,Eubacterium_eligens_group,None,0.004866180048661801
Bacteria,Firmicutes,Clostridia,Lachnospirales,Lachnospiraceae,Dorea,None,Bacteria,Firmicutes,Clostridia,Lachnospirales,Lachnospiraceae,Eubacterium_xylanophilum_group,None,0.004866180048661801
Bacteria,Firmicutes,Clostridia,Lachnospirales,Lachnospiraceae,Dorea,None,Bacteria,Firmicutes,Clostridia,Lachnospirales,Lachnospiraceae,Ruminococcus_gauvreauii_group,uncultured_Lachnospiraceae_bacterium,0.0072992700729927005
Bacteria,Firmicutes,Clostridia,Lachnospirales,Lachnospiraceae,Dorea,None,Bacteria,Firmicutes,Clostridia,Lachnospirales,Lachnospiraceae,Ruminococcus_torques_group,Clostridiaceae_bacterium_LEMV78,0.0072992700729927005
Bacteria,Firmicutes,Clostridia,Lachnospirales,Lachnospiraceae,Dorea,None,Bacteria,Firmicutes,Clostridia,Oscillospirales,Butyricicoccaceae,UCG-009,metagenome,0.0170316301703163
Bacteria,Firmicutes,Clostridia,Lachnospirales,Lachnospiraceae,Dorea,None,Bacteria,Firmicutes,Clostridia,Oscillospirales,Oscillospiraceae,Colidextribacter,None,0.014598540145985401
Bacteria,Firmicutes,Clostridia,Lachnospirales,Lachnospiraceae,Dorea,None,Bacteria,Firmicutes,Clostridia,Oscillospirales,Oscillospiraceae,Flavonifractor,None,0.014598540145985401
Bacteria,Firmicutes,Clostridia,Lachnospirales,Lachnospiraceae,Dorea,None,Bacteria,Firmicutes,Clostridia,Oscillospirales,Oscillospiraceae,NK4A214_group,metagenome,0.0170316301703163
Bacteria,Firmicutes,Clostridia,Lachnospirales,Lachnospiraceae,Dorea,None,Bacteria,Firmicutes,Clostridia,Oscillospirales,Oscillospiraceae,UCG-002,None,0.014598540145985401
Bacteria,Firmicutes,Clostridia,Lachnospirales,Lachnospiraceae,Dorea,None,Bacteria,Firmicutes,Clostridia,Oscillospirales,Oscillospiraceae,UCG-003,None,0.014598540145985401
Bacteria,Firmicutes,Clostridia,Lachnospirales,Lachnospiraceae,Dorea,None,Bacteria,Firmicutes,Clostridia,Oscillospirales,Oscillospiraceae,UCG-005,None,0.014598540145985401
Bacteria,Firmicutes,Clostridia,Lachnospirales,Lachnospiraceae,Dorea,None,Bacteria,Firmicutes,Clostridia,Oscillospirales,Ruminococcaceae,Candidatus_Soleaferrea,Neobitarella_massiliensis,0.0170316301703163
Bacteria,Firmicutes,Clostridia,Lachnospirales,Lachnospiraceae,Dorea,None,Bacteria,Firmicutes,Clostridia,Oscillospirales,Ruminococcaceae,Faecalibacterium,None,0.014598540145985401
Bacteria,Firmicutes,Clostridia,Lachnospirales,Lachnospiraceae,Dorea,None,Bacteria,Firmicutes,Clostridia,Oscillospirales,Ruminococcaceae,Incertae_Sedis,metagenome,0.0170316301703163
Bacteria,Firmicutes,Clostridia,Lachnospirales,Lachnospiraceae,Dorea,None,Bacteria,Firmicutes,Clostridia,Oscillospirales,Ruminococcaceae,Incertae_Sedis,None,0.014598540145985401
Bacteria,Firmicutes,Clostridia,Lachnospirales,Lachnospiraceae,Dorea,None,Bacteria,Firmicutes,Clostridia,Oscillospirales,Ruminococcaceae,Paludicola,metagenome,0.0170316301703163
Bacteria,Firmicutes,Clostridia,Lachnospirales,Lachnospiraceae,Dorea,None,Bacteria,Firmicutes,Clostridia,Oscillospirales,Ruminococcaceae,Ruminococcus,None,0.014598540145985401
Bacteria,Firmicutes,Clostridia,Lachnospirales,Lachnospiraceae,Dorea,None,Bacteria,Firmicutes,Clostridia,Oscillospirales,Ruminococcaceae,Subdoligranulum,None,0.014598540145985401
Bacteria,Firmicutes,Clostridia,Lachnospirales,Lachnospiraceae,Dorea,None,Bacteria,Firmicutes,Clostridia,Oscillospirales,Ruminococcaceae,UBA1819,None,0.014598540145985401
Bacteria,Firmicutes,Clostridia,Lachnospirales,Lachnospiraceae,Dorea,None,Bacteria,Firmicutes,Clostridia,Oscillospirales,Ruminococcaceae,None,None,0.012165450121654502
Bacteria,Firmicutes,Clostridia,Lachnospirales,Lachnospiraceae,Dorea,None,Bacteria,Firmicutes,Clostridia,Oscillospirales,Eubacterium_coprostanoligenes_group,metagenome,None,0.014598540145985401
Bacteria,Firmicutes,Clostridia,Lachnospirales,Lachnospiraceae,Dorea,None,Bacteria,Firmicutes,Clostridia,Oscillospirales,Eubacterium_coprostanoligenes_group,uncultured_Clostridiales_bacterium,None,0.014598540145985401
Bacteria,Firmicutes,Clostridia,Lachnospirales,Lachnospiraceae,Dorea,None,Bacteria,Firmicutes,Clostridia,Oscillospirales,None,None,None,0.009732360097323601
Bacteria,Firmicutes,Clostridia,Lachnospirales,Lachnospiraceae,Dorea,None,Bacteria,Firmicutes,Clostridia,Peptostreptococcales-Tissierellales,Peptostreptococcaceae,Romboutsia,None,0.014598540145985401
Bacteria,Firmicutes,Clostridia,Lachnospirales,Lachnospiraceae,Dorea,None,Bacteria,Firmicutes,Clostridia,None,None,None,None,0.0072992700729927005
Bacteria,Firmicutes,Clostridia,Lachnospirales,Lachnospiraceae,Dorea,None,Bacteria,Firmicutes,Negativicutes,Acidaminococcales,Acidaminococcaceae,Phascolarctobacterium,None,0.019464720194647202
Bacteria,Firmicutes,Clostridia,Lachnospirales,Lachnospiraceae,Dorea,None,Bacteria,Firmicutes,Negativicutes,Veillonellales-Selenomonadales,Veillonellaceae,Veillonella,None,0.019464720194647202
Bacteria,Firmicutes,Clostridia,Lachnospirales,Lachnospiraceae,Dorea,None,Bacteria,Fusobacteriota,Fusobacteriia,Fusobacteriales,Fusobacteriaceae,Fusobacterium,None,0.024330900243309004
Bacteria,Firmicutes,Clostridia,Lachnospirales,Lachnospiraceae,Dorea,None,Bacteria,Proteobacteria,Gammaproteobacteria,Burkholderiales,Neisseriaceae,Neisseria,None,0.024330900243309004
Bacteria,Firmicutes,Clostridia,Lachnospirales,Lachnospiraceae,Dorea,None,Bacteria,Proteobacteria,Gammaproteobacteria,Enterobacterales,Enterobacteriaceae,None,None,0.021897810218978103
Bacteria,Firmicutes,Clostridia,Lachnospirales,Lachnospiraceae,Dorea,None,Bacteria,Proteobacteria,Gammaproteobacteria,Pasteurellales,Pasteurellaceae,Haemophilus,None,0.024330900243309004
Bacteria,Firmicutes,Clostridia,Lachnospirales,Lachnospiraceae,Dorea,None,Bacteria,Proteobacteria,Gammaproteobacteria,Pseudomonadales,Moraxellaceae,Acinetobacter,None,0.024330900243309004
Bacteria,Firmicutes,Clostridia,Lachnospirales,Lachnospiraceae,Dorea,None,Bacteria,Proteobacteria,Gammaproteobacteria,Pseudomonadales,Pseudomonadaceae,Pseudomonas,None,0.024330900243309004
Bacteria,Firmicutes,Clostridia,Lachnospirales,Lachnospiraceae,Dorea,None,Bacteria,Verrucomicrobiota,Verrucomicrobiae,Verrucomicrobiales,Akkermansiaceae,Akkermansia,None,0.024330900243309004
Bacteria,Firmicutes,Clostridia,Lachnospirales,Lachnospiraceae,Fusicatenibacter,uncultured_Lachnospiraceae_bacterium,Bacteria,Firmicutes,Clostridia,Lachnospirales,Lachnospiraceae,Lachnospira,uncultured_Lachnospiraceae_bacterium,0.009732360097323601
Bacteria,Firmicutes,Clostridia,Lachnospirales,Lachnospiraceae,Fusicatenibacter,uncultured_Lachnospiraceae_bacterium,Bacteria,Firmicutes,Clostridia,Lachnospirales,Lachnospiraceae,Lachnospiraceae_NK4A136_group,None,0.0072992700729927005
Bacteria,Firmicutes,Clostridia,Lachnospirales,Lachnospiraceae,Fusicatenibacter,uncultured_Lachnospiraceae_bacterium,Bacteria,Firmicutes,Clostridia,Lachnospirales,Lachnospiraceae,Lachnospiraceae_UCG-001,uncultured_Firmicutes_bacterium,0.009732360097323601
Bacteria,Firmicutes,Clostridia,Lachnospirales,Lachnospiraceae,Fusicatenibacter,uncultured_Lachnospiraceae_bacterium,Bacteria,Firmicutes,Clostridia,Lachnospirales,Lachnospiraceae,Roseburia,None,0.0072992700729927005
Bacteria,Firmicutes,Clostridia,Lachnospirales,Lachnospiraceae,Fusicatenibacter,uncultured_Lachnospiraceae_bacterium,Bacteria,Firmicutes,Clostridia,Lachnospirales,Lachnospiraceae,Eubacterium_eligens_group,None,0.0072992700729927005
Bacteria,Firmicutes,Clostridia,Lachnospirales,Lachnospiraceae,Fusicatenibacter,uncultured_Lachnospiraceae_bacterium,Bacteria,Firmicutes,Clostridia,Lachnospirales,Lachnospiraceae,Eubacterium_xylanophilum_group,None,0.0072992700729927005
Bacteria,Firmicutes,Clostridia,Lachnospirales,Lachnospiraceae,Fusicatenibacter,uncultured_Lachnospiraceae_bacterium,Bacteria,Firmicutes,Clostridia,Lachnospirales,Lachnospiraceae,Ruminococcus_gauvreauii_group,uncultured_Lachnospiraceae_bacterium,0.009732360097323601
Bacteria,Firmicutes,Clostridia,Lachnospirales,Lachnospiraceae,Fusicatenibacter,uncultured_Lachnospiraceae_bacterium,Bacteria,Firmicutes,Clostridia,Lachnospirales,Lachnospiraceae,Ruminococcus_torques_group,Clostridiaceae_bacterium_LEMV78,0.009732360097323601
Bacteria,Firmicutes,Clostridia,Lachnospirales,Lachnospiraceae,Fusicatenibacter,uncultured_Lachnospiraceae_bacterium,Bacteria,Firmicutes,Clostridia,Oscillospirales,Butyricicoccaceae,UCG-009,metagenome,0.019464720194647202
Bacteria,Firmicutes,Clostridia,Lachnospirales,Lachnospiraceae,Fusicatenibacter,uncultured_Lachnospiraceae_bacterium,Bacteria,Firmicutes,Clostridia,Oscillospirales,Oscillospiraceae,Colidextribacter,None,0.0170316301703163
Bacteria,Firmicutes,Clostridia,Lachnospirales,Lachnospiraceae,Fusicatenibacter,uncultured_Lachnospiraceae_bacterium,Bacteria,Firmicutes,Clostridia,Oscillospirales,Oscillospiraceae,Flavonifractor,None,0.0170316301703163
Bacteria,Firmicutes,Clostridia,Lachnospirales,Lachnospiraceae,Fusicatenibacter,uncultured_Lachnospiraceae_bacterium,Bacteria,Firmicutes,Clostridia,Oscillospirales,Oscillospiraceae,NK4A214_group,metagenome,0.019464720194647202
Bacteria,Firmicutes,Clostridia,Lachnospirales,Lachnospiraceae,Fusicatenibacter,uncultured_Lachnospiraceae_bacterium,Bacteria,Firmicutes,Clostridia,Oscillospirales,Oscillospiraceae,UCG-002,None,0.0170316301703163
Bacteria,Firmicutes,Clostridia,Lachnospirales,Lachnospiraceae,Fusicatenibacter,uncultured_Lachnospiraceae_bacterium,Bacteria,Firmicutes,Clostridia,Oscillospirales,Oscillospiraceae,UCG-003,None,0.0170316301703163
Bacteria,Firmicutes,Clostridia,Lachnospirales,Lachnospiraceae,Fusicatenibacter,uncultured_Lachnospiraceae_bacterium,Bacteria,Firmicutes,Clostridia,Oscillospirales,Oscillospiraceae,UCG-005,None,0.0170316301703163
Bacteria,Firmicutes,Clostridia,Lachnospirales,Lachnospiraceae,Fusicatenibacter,uncultured_Lachnospiraceae_bacterium,Bacteria,Firmicutes,Clostridia,Oscillospirales,Ruminococcaceae,Candidatus_Soleaferrea,Neobitarella_massiliensis,0.019464720194647202
Bacteria,Firmicutes,Clostridia,Lachnospirales,Lachnospiraceae,Fusicatenibacter,uncultured_Lachnospiraceae_bacterium,Bacteria,Firmicutes,Clostridia,Oscillospirales,Ruminococcaceae,Faecalibacterium,None,0.0170316301703163
Bacteria,Firmicutes,Clostridia,Lachnospirales,Lachnospiraceae,Fusicatenibacter,uncultured_Lachnospiraceae_bacterium,Bacteria,Firmicutes,Clostridia,Oscillospirales,Ruminococcaceae,Incertae_Sedis,metagenome,0.019464720194647202
Bacteria,Firmicutes,Clostridia,Lachnospirales,Lachnospiraceae,Fusicatenibacter,uncultured_Lachnospiraceae_bacterium,Bacteria,Firmicutes,Clostridia,Oscillospirales,Ruminococcaceae,Incertae_Sedis,None,0.0170316301703163
Bacteria,Firmicutes,Clostridia,Lachnospirales,Lachnospiraceae,Fusicatenibacter,uncultured_Lachnospiraceae_bacterium,Bacteria,Firmicutes,Clostridia,Oscillospirales,Ruminococcaceae,Paludicola,metagenome,0.019464720194647202
Bacteria,Firmicutes,Clostridia,Lachnospirales,Lachnospiraceae,Fusicatenibacter,uncultured_Lachnospiraceae_bacterium,Bacteria,Firmicutes,Clostridia,Oscillospirales,Ruminococcaceae,Ruminococcus,None,0.0170316301703163
Bacteria,Firmicutes,Clostridia,Lachnospirales,Lachnospiraceae,Fusicatenibacter,uncultured_Lachnospiraceae_bacterium,Bacteria,Firmicutes,Clostridia,Oscillospirales,Ruminococcaceae,Subdoligranulum,None,0.0170316301703163
Bacteria,Firmicutes,Clostridia,Lachnospirales,Lachnospiraceae,Fusicatenibacter,uncultured_Lachnospiraceae_bacterium,Bacteria,Firmicutes,Clostridia,Oscillospirales,Ruminococcaceae,UBA1819,None,0.0170316301703163
Bacteria,Firmicutes,Clostridia,Lachnospirales,Lachnospiraceae,Fusicatenibacter,uncultured_Lachnospiraceae_bacterium,Bacteria,Firmicutes,Clostridia,Oscillospirales,Ruminococcaceae,None,None,0.014598540145985401
Bacteria,Firmicutes,Clostridia,Lachnospirales,Lachnospiraceae,Fusicatenibacter,uncultured_Lachnospiraceae_bacterium,Bacteria,Firmicutes,Clostridia,Oscillospirales,Eubacterium_coprostanoligenes_group,metagenome,None,0.0170316301703163
Bacteria,Firmicutes,Clostridia,Lachnospirales,Lachnospiraceae,Fusicatenibacter,uncultured_Lachnospiraceae_bacterium,Bacteria,Firmicutes,Clostridia,Oscillospirales,Eubacterium_coprostanoligenes_group,uncultured_Clostridiales_bacterium,None,0.0170316301703163
Bacteria,Firmicutes,Clostridia,Lachnospirales,Lachnospiraceae,Fusicatenibacter,uncultured_Lachnospiraceae_bacterium,Bacteria,Firmicutes,Clostridia,Oscillospirales,None,None,None,0.012165450121654502
Bacteria,Firmicutes,Clostridia,Lachnospirales,Lachnospiraceae,Fusicatenibacter,uncultured_Lachnospiraceae_bacterium,Bacteria,Firmicutes,Clostridia,Peptostreptococcales-Tissierellales,Peptostreptococcaceae,Romboutsia,None,0.0170316301703163
Bacteria,Firmicutes,Clostridia,Lachnospirales,Lachnospiraceae,Fusicatenibacter,uncultured_Lachnospiraceae_bacterium,Bacteria,Firmicutes,Clostridia,None,None,None,None,0.009732360097323601
Bacteria,Firmicutes,Clostridia,Lachnospirales,Lachnospiraceae,Fusicatenibacter,uncultured_Lachnospiraceae_bacterium,Bacteria,Firmicutes,Negativicutes,Acidaminococcales,Acidaminococcaceae,Phascolarctobacterium,None,0.021897810218978103
Bacteria,Firmicutes,Clostridia,Lachnospirales,Lachnospiraceae,Fusicatenibacter,uncultured_Lachnospiraceae_bacterium,Bacteria,Firmicutes,Negativicutes,Veillonellales-Selenomonadales,Veillonellaceae,Veillonella,None,0.021897810218978103
Bacteria,Firmicutes,Clostridia,Lachnospirales,Lachnospiraceae,Fusicatenibacter,uncultured_Lachnospiraceae_bacterium,Bacteria,Fusobacteriota,Fusobacteriia,Fusobacteriales,Fusobacteriaceae,Fusobacterium,None,0.0267639902676399
Bacteria,Firmicutes,Clostridia,Lachnospirales,Lachnospiraceae,Fusicatenibacter,uncultured_Lachnospiraceae_bacterium,Bacteria,Proteobacteria,Gammaproteobacteria,Burkholderiales,Neisseriaceae,Neisseria,None,0.0267639902676399
Bacteria,Firmicutes,Clostridia,Lachnospirales,Lachnospiraceae,Fusicatenibacter,uncultured_Lachnospiraceae_bacterium,Bacteria,Proteobacteria,Gammaproteobacteria,Enterobacterales,Enterobacteriaceae,None,None,0.024330900243309004
Bacteria,Firmicutes,Clostridia,Lachnospirales,Lachnospiraceae,Fusicatenibacter,uncultured_Lachnospiraceae_bacterium,Bacteria,Proteobacteria,Gammaproteobacteria,Pasteurellales,Pasteurellaceae,Haemophilus,None,0.0267639902676399
Bacteria,Firmicutes,Clostridia,Lachnospirales,Lachnospiraceae,Fusicatenibacter,uncultured_Lachnospiraceae_bacterium,Bacteria,Proteobacteria,Gammaproteobacteria,Pseudomonadales,Moraxellaceae,Acinetobacter,None,0.0267639902676399
Bacteria,Firmicutes,Clostridia,Lachnospirales,Lachnospiraceae,Fusicatenibacter,uncultured_Lachnospiraceae_bacterium,Bacteria,Proteobacteria,Gammaproteobacteria,Pseudomonadales,Pseudomonadaceae,Pseudomonas,None,0.0267639902676399
Bacteria,Firmicutes,Clostridia,Lachnospirales,Lachnospiraceae,Fusicatenibacter,uncultured_Lachnospiraceae_bacterium,Bacteria,Verrucomicrobiota,Verrucomicrobiae,Verrucomicrobiales,Akkermansiaceae,Akkermansia,None,0.0267639902676399
Bacteria,Firmicutes,Clostridia,Lachnospirales,Lachnospiraceae,Lachnospira,uncultured_Lachnospiraceae_bacterium,Bacteria,Firmicutes,Clostridia,Lachnospirales,Lachnospiraceae,Lachnospiraceae_NK4A136_group,None,0.0072992700729927005
Bacteria,Firmicutes,Clostridia,Lachnospirales,Lachnospiraceae,Lachnospira,uncultured_Lachnospiraceae_bacterium,Bacteria,Firmicutes,Clostridia,Lachnospirales,Lachnospiraceae,Lachnospiraceae_UCG-001,uncultured_Firmicutes_bacterium,0.009732360097323601
Bacteria,Firmicutes,Clostridia,Lachnospirales,Lachnospiraceae,Lachnospira,uncultured_Lachnospiraceae_bacterium,Bacteria,Firmicutes,Clostridia,Lachnospirales,Lachnospiraceae,Roseburia,None,0.0072992700729927005
Bacteria,Firmicutes,Clostridia,Lachnospirales,Lachnospiraceae,Lachnospira,uncultured_Lachnospiraceae_bacterium,Bacteria,Firmicutes,Clostridia,Lachnospirales,Lachnospiraceae,Eubacterium_eligens_group,None,0.0072992700729927005
Bacteria,Firmicutes,Clostridia,Lachnospirales,Lachnospiraceae,Lachnospira,uncultured_Lachnospiraceae_bacterium,Bacteria,Firmicutes,Clostridia,Lachnospirales,Lachnospiraceae,Eubacterium_xylanophilum_group,None,0.0072992700729927005
Bacteria,Firmicutes,Clostridia,Lachnospirales,Lachnospiraceae,Lachnospira,uncultured_Lachnospiraceae_bacterium,Bacteria,Firmicutes,Clostridia,Lachnospirales,Lachnospiraceae,Ruminococcus_gauvreauii_group,uncultured_Lachnospiraceae_bacterium,0.009732360097323601
Bacteria,Firmicutes,Clostridia,Lachnospirales,Lachnospiraceae,Lachnospira,uncultured_Lachnospiraceae_bacterium,Bacteria,Firmicutes,Clostridia,Lachnospirales,Lachnospiraceae,Ruminococcus_torques_group,Clostridiaceae_bacterium_LEMV78,0.009732360097323601
Bacteria,Firmicutes,Clostridia,Lachnospirales,Lachnospiraceae,Lachnospira,uncultured_Lachnospiraceae_bacterium,Bacteria,Firmicutes,Clostridia,Oscillospirales,Butyricicoccaceae,UCG-009,metagenome,0.019464720194647202
Bacteria,Firmicutes,Clostridia,Lachnospirales,Lachnospiraceae,Lachnospira,uncultured_Lachnospiraceae_bacterium,Bacteria,Firmicutes,Clostridia,Oscillospirales,Oscillospiraceae,Colidextribacter,None,0.0170316301703163
Bacteria,Firmicutes,Clostridia,Lachnospirales,Lachnospiraceae,Lachnospira,uncultured_Lachnospiraceae_bacterium,Bacteria,Firmicutes,Clostridia,Oscillospirales,Oscillospiraceae,Flavonifractor,None,0.0170316301703163
Bacteria,Firmicutes,Clostridia,Lachnospirales,Lachnospiraceae,Lachnospira,uncultured_Lachnospiraceae_bacterium,Bacteria,Firmicutes,Clostridia,Oscillospirales,Oscillospiraceae,NK4A214_group,metagenome,0.019464720194647202
Bacteria,Firmicutes,Clostridia,Lachnospirales,Lachnospiraceae,Lachnospira,uncultured_Lachnospiraceae_bacterium,Bacteria,Firmicutes,Clostridia,Oscillospirales,Oscillospiraceae,UCG-002,None,0.0170316301703163
Bacteria,Firmicutes,Clostridia,Lachnospirales,Lachnospiraceae,Lachnospira,uncultured_Lachnospiraceae_bacterium,Bacteria,Firmicutes,Clostridia,Oscillospirales,Oscillospiraceae,UCG-003,None,0.0170316301703163
Bacteria,Firmicutes,Clostridia,Lachnospirales,Lachnospiraceae,Lachnospira,uncultured_Lachnospiraceae_bacterium,Bacteria,Firmicutes,Clostridia,Oscillospirales,Oscillospiraceae,UCG-005,None,0.0170316301703163
Bacteria,Firmicutes,Clostridia,Lachnospirales,Lachnospiraceae,Lachnospira,uncultured_Lachnospiraceae_bacterium,Bacteria,Firmicutes,Clostridia,Oscillospirales,Ruminococcaceae,Candidatus_Soleaferrea,Neobitarella_massiliensis,0.019464720194647202
Bacteria,Firmicutes,Clostridia,Lachnospirales,Lachnospiraceae,Lachnospira,uncultured_Lachnospiraceae_bacterium,Bacteria,Firmicutes,Clostridia,Oscillospirales,Ruminococcaceae,Faecalibacterium,None,0.0170316301703163
Bacteria,Firmicutes,Clostridia,Lachnospirales,Lachnospiraceae,Lachnospira,uncultured_Lachnospiraceae_bacterium,Bacteria,Firmicutes,Clostridia,Oscillospirales,Ruminococcaceae,Incertae_Sedis,metagenome,0.019464720194647202
Bacteria,Firmicutes,Clostridia,Lachnospirales,Lachnospiraceae,Lachnospira,uncultured_Lachnospiraceae_bacterium,Bacteria,Firmicutes,Clostridia,Oscillospirales,Ruminococcaceae,Incertae_Sedis,None,0.0170316301703163
Bacteria,Firmicutes,Clostridia,Lachnospirales,Lachnospiraceae,Lachnospira,uncultured_Lachnospiraceae_bacterium,Bacteria,Firmicutes,Clostridia,Oscillospirales,Ruminococcaceae,Paludicola,metagenome,0.019464720194647202
Bacteria,Firmicutes,Clostridia,Lachnospirales,Lachnospiraceae,Lachnospira,uncultured_Lachnospiraceae_bacterium,Bacteria,Firmicutes,Clostridia,Oscillospirales,Ruminococcaceae,Ruminococcus,None,0.0170316301703163
Bacteria,Firmicutes,Clostridia,Lachnospirales,Lachnospiraceae,Lachnospira,uncultured_Lachnospiraceae_bacterium,Bacteria,Firmicutes,Clostridia,Oscillospirales,Ruminococcaceae,Subdoligranulum,None,0.0170316301703163
Bacteria,Firmicutes,Clostridia,Lachnospirales,Lachnospiraceae,Lachnospira,uncultured_Lachnospiraceae_bacterium,Bacteria,Firmicutes,Clostridia,Oscillospirales,Ruminococcaceae,UBA1819,None,0.0170316301703163
Bacteria,Firmicutes,Clostridia,Lachnospirales,Lachnospiraceae,Lachnospira,uncultured_Lachnospiraceae_bacterium,Bacteria,Firmicutes,Clostridia,Oscillospirales,Ruminococcaceae,None,None,0.014598540145985401
Bacteria,Firmicutes,Clostridia,Lachnospirales,Lachnospiraceae,Lachnospira,uncultured_Lachnospiraceae_bacterium,Bacteria,Firmicutes,Clostridia,Oscillospirales,Eubacterium_coprostanoligenes_group,metagenome,None,0.0170316301703163
Bacteria,Firmicutes,Clostridia,Lachnospirales,Lachnospiraceae,Lachnospira,uncultured_Lachnospiraceae_bacterium,Bacteria,Firmicutes,Clostridia,Oscillospirales,Eubacterium_coprostanoligenes_group,uncultured_Clostridiales_bacterium,None,0.0170316301703163
Bacteria,Firmicutes,Clostridia,Lachnospirales,Lachnospiraceae,Lachnospira,uncultured_Lachnospiraceae_bacterium,Bacteria,Firmicutes,Clostridia,Oscillospirales,None,None,None,0.012165450121654502
Bacteria,Firmicutes,Clostridia,Lachnospirales,Lachnospiraceae,Lachnospira,uncultured_Lachnospiraceae_bacterium,Bacteria,Firmicutes,Clostridia,Peptostreptococcales-Tissierellales,Peptostreptococcaceae,Romboutsia,None,0.0170316301703163
Bacteria,Firmicutes,Clostridia,Lachnospirales,Lachnospiraceae,Lachnospira,uncultured_Lachnospiraceae_bacterium,Bacteria,Firmicutes,Clostridia,None,None,None,None,0.009732360097323601
Bacteria,Firmicutes,Clostridia,Lachnospirales,Lachnospiraceae,Lachnospira,uncultured_Lachnospiraceae_bacterium,Bacteria,Firmicutes,Negativicutes,Acidaminococcales,Acidaminococcaceae,Phascolarctobacterium,None,0.021897810218978103
Bacteria,Firmicutes,Clostridia,Lachnospirales,Lachnospiraceae,Lachnospira,uncultured_Lachnospiraceae_bacterium,Bacteria,Firmicutes,Negativicutes,Veillonellales-Selenomonadales,Veillonellaceae,Veillonella,None,0.021897810218978103
Bacteria,Firmicutes,Clostridia,Lachnospirales,Lachnospiraceae,Lachnospira,uncultured_Lachnospiraceae_bacterium,Bacteria,Fusobacteriota,Fusobacteriia,Fusobacteriales,Fusobacteriaceae,Fusobacterium,None,0.0267639902676399
Bacteria,Firmicutes,Clostridia,Lachnospirales,Lachnospiraceae,Lachnospira,uncultured_Lachnospiraceae_bacterium,Bacteria,Proteobacteria,Gammaproteobacteria,Burkholderiales,Neisseriaceae,Neisseria,None,0.0267639902676399
Bacteria,Firmicutes,Clostridia,Lachnospirales,Lachnospiraceae,Lachnospira,uncultured_Lachnospiraceae_bacterium,Bacteria,Proteobacteria,Gammaproteobacteria,Enterobacterales,Enterobacteriaceae,None,None,0.024330900243309004
Bacteria,Firmicutes,Clostridia,Lachnospirales,Lachnospiraceae,Lachnospira,uncultured_Lachnospiraceae_bacterium,Bacteria,Proteobacteria,Gammaproteobacteria,Pasteurellales,Pasteurellaceae,Haemophilus,None,0.0267639902676399
Bacteria,Firmicutes,Clostridia,Lachnospirales,Lachnospiraceae,Lachnospira,uncultured_Lachnospiraceae_bacterium,Bacteria,Proteobacteria,Gammaproteobacteria,Pseudomonadales,Moraxellaceae,Acinetobacter,None,0.0267639902676399
Bacteria,Firmicutes,Clostridia,Lachnospirales,Lachnospiraceae,Lachnospira,uncultured_Lachnospiraceae_bacterium,Bacteria,Proteobacteria,Gammaproteobacteria,Pseudomonadales,Pseudomonadaceae,Pseudomonas,None,0.0267639902676399
Bacteria,Firmicutes,Clostridia,Lachnospirales,Lachnospiraceae,Lachnospira,uncultured_Lachnospiraceae_bacterium,Bacteria,Verrucomicrobiota,Verrucomicrobiae,Verrucomicrobiales,Akkermansiaceae,Akkermansia,None,0.0267639902676399
Bacteria,Firmicutes,Clostridia,Lachnospirales,Lachnospiraceae,Lachnospiraceae_NK4A136_group,None,Bacteria,Firmicutes,Clostridia,Lachnospirales,Lachnospiraceae,Lachnospiraceae_UCG-001,uncultured_Firmicutes_bacterium,0.0072992700729927005
Bacteria,Firmicutes,Clostridia,Lachnospirales,Lachnospiraceae,Lachnospiraceae_NK4A136_group,None,Bacteria,Firmicutes,Clostridia,Lachnospirales,Lachnospiraceae,Roseburia,None,0.004866180048661801
Bacteria,Firmicutes,Clostridia,Lachnospirales,Lachnospiraceae,Lachnospiraceae_NK4A136_group,None,Bacteria,Firmicutes,Clostridia,Lachnospirales,Lachnospiraceae,Eubacterium_eligens_group,None,0.004866180048661801
Bacteria,Firmicutes,Clostridia,Lachnospirales,Lachnospiraceae,Lachnospiraceae_NK4A136_group,None,Bacteria,Firmicutes,Clostridia,Lachnospirales,Lachnospiraceae,Eubacterium_xylanophilum_group,None,0.004866180048661801
Bacteria,Firmicutes,Clostridia,Lachnospirales,Lachnospiraceae,Lachnospiraceae_NK4A136_group,None,Bacteria,Firmicutes,Clostridia,Lachnospirales,Lachnospiraceae,Ruminococcus_gauvreauii_group,uncultured_Lachnospiraceae_bacterium,0.0072992700729927005
Bacteria,Firmicutes,Clostridia,Lachnospirales,Lachnospiraceae,Lachnospiraceae_NK4A136_group,None,Bacteria,Firmicutes,Clostridia,Lachnospirales,Lachnospiraceae,Ruminococcus_torques_group,Clostridiaceae_bacterium_LEMV78,0.0072992700729927005
Bacteria,Firmicutes,Clostridia,Lachnospirales,Lachnospiraceae,Lachnospiraceae_NK4A136_group,None,Bacteria,Firmicutes,Clostridia,Oscillospirales,Butyricicoccaceae,UCG-009,metagenome,0.0170316301703163
Bacteria,Firmicutes,Clostridia,Lachnospirales,Lachnospiraceae,Lachnospiraceae_NK4A136_group,None,Bacteria,Firmicutes,Clostridia,Oscillospirales,Oscillospiraceae,Colidextribacter,None,0.014598540145985401
Bacteria,Firmicutes,Clostridia,Lachnospirales,Lachnospiraceae,Lachnospiraceae_NK4A136_group,None,Bacteria,Firmicutes,Clostridia,Oscillospirales,Oscillospiraceae,Flavonifractor,None,0.014598540145985401
Bacteria,Firmicutes,Clostridia,Lachnospirales,Lachnospiraceae,Lachnospiraceae_NK4A136_group,None,Bacteria,Firmicutes,Clostridia,Oscillospirales,Oscillospiraceae,NK4A214_group,metagenome,0.0170316301703163
Bacteria,Firmicutes,Clostridia,Lachnospirales,Lachnospiraceae,Lachnospiraceae_NK4A136_group,None,Bacteria,Firmicutes,Clostridia,Oscillospirales,Oscillospiraceae,UCG-002,None,0.014598540145985401
Bacteria,Firmicutes,Clostridia,Lachnospirales,Lachnospiraceae,Lachnospiraceae_NK4A136_group,None,Bacteria,Firmicutes,Clostridia,Oscillospirales,Oscillospiraceae,UCG-003,None,0.014598540145985401
Bacteria,Firmicutes,Clostridia,Lachnospirales,Lachnospiraceae,Lachnospiraceae_NK4A136_group,None,Bacteria,Firmicutes,Clostridia,Oscillospirales,Oscillospiraceae,UCG-005,None,0.014598540145985401
Bacteria,Firmicutes,Clostridia,Lachnospirales,Lachnospiraceae,Lachnospiraceae_NK4A136_group,None,Bacteria,Firmicutes,Clostridia,Oscillospirales,Ruminococcaceae,Candidatus_Soleaferrea,Neobitarella_massiliensis,0.0170316301703163
Bacteria,Firmicutes,Clostridia,Lachnospirales,Lachnospiraceae,Lachnospiraceae_NK4A136_group,None,Bacteria,Firmicutes,Clostridia,Oscillospirales,Ruminococcaceae,Faecalibacterium,None,0.014598540145985401
Bacteria,Firmicutes,Clostridia,Lachnospirales,Lachnospiraceae,Lachnospiraceae_NK4A136_group,None,Bacteria,Firmicutes,Clostridia,Oscillospirales,Ruminococcaceae,Incertae_Sedis,metagenome,0.0170316301703163
Bacteria,Firmicutes,Clostridia,Lachnospirales,Lachnospiraceae,Lachnospiraceae_NK4A136_group,None,Bacteria,Firmicutes,Clostridia,Oscillospirales,Ruminococcaceae,Incertae_Sedis,None,0.014598540145985401
Bacteria,Firmicutes,Clostridia,Lachnospirales,Lachnospiraceae,Lachnospiraceae_NK4A136_group,None,Bacteria,Firmicutes,Clostridia,Oscillospirales,Ruminococcaceae,Paludicola,metagenome,0.0170316301703163
Bacteria,Firmicutes,Clostridia,Lachnospirales,Lachnospiraceae,Lachnospiraceae_NK4A136_group,None,Bacteria,Firmicutes,Clostridia,Oscillospirales,Ruminococcaceae,Ruminococcus,None,0.014598540145985401
Bacteria,Firmicutes,Clostridia,Lachnospirales,Lachnospiraceae,Lachnospiraceae_NK4A136_group,None,Bacteria,Firmicutes,Clostridia,Oscillospirales,Ruminococcaceae,Subdoligranulum,None,0.014598540145985401
Bacteria,Firmicutes,Clostridia,Lachnospirales,Lachnospiraceae,Lachnospiraceae_NK4A136_group,None,Bacteria,Firmicutes,Clostridia,Oscillospirales,Ruminococcaceae,UBA1819,None,0.014598540145985401
Bacteria,Firmicutes,Clostridia,Lachnospirales,Lachnospiraceae,Lachnospiraceae_NK4A136_group,None,Bacteria,Firmicutes,Clostridia,Oscillospirales,Ruminococcaceae,None,None,0.012165450121654502
Bacteria,Firmicutes,Clostridia,Lachnospirales,Lachnospiraceae,Lachnospiraceae_NK4A136_group,None,Bacteria,Firmicutes,Clostridia,Oscillospirales,Eubacterium_coprostanoligenes_group,metagenome,None,0.014598540145985401
Bacteria,Firmicutes,Clostridia,Lachnospirales,Lachnospiraceae,Lachnospiraceae_NK4A136_group,None,Bacteria,Firmicutes,Clostridia,Oscillospirales,Eubacterium_coprostanoligenes_group,uncultured_Clostridiales_bacterium,None,0.014598540145985401
Bacteria,Firmicutes,Clostridia,Lachnospirales,Lachnospiraceae,Lachnospiraceae_NK4A136_group,None,Bacteria,Firmicutes,Clostridia,Oscillospirales,None,None,None,0.009732360097323601
Bacteria,Firmicutes,Clostridia,Lachnospirales,Lachnospiraceae,Lachnospiraceae_NK4A136_group,None,Bacteria,Firmicutes,Clostridia,Peptostreptococcales-Tissierellales,Peptostreptococcaceae,Romboutsia,None,0.014598540145985401
Bacteria,Firmicutes,Clostridia,Lachnospirales,Lachnospiraceae,Lachnospiraceae_NK4A136_group,None,Bacteria,Firmicutes,Clostridia,None,None,None,None,0.0072992700729927005
Bacteria,Firmicutes,Clostridia,Lachnospirales,Lachnospiraceae,Lachnospiraceae_NK4A136_group,None,Bacteria,Firmicutes,Negativicutes,Acidaminococcales,Acidaminococcaceae,Phascolarctobacterium,None,0.019464720194647202
Bacteria,Firmicutes,Clostridia,Lachnospirales,Lachnospiraceae,Lachnospiraceae_NK4A136_group,None,Bacteria,Firmicutes,Negativicutes,Veillonellales-Selenomonadales,Veillonellaceae,Veillonella,None,0.019464720194647202
Bacteria,Firmicutes,Clostridia,Lachnospirales,Lachnospiraceae,Lachnospiraceae_NK4A136_group,None,Bacteria,Fusobacteriota,Fusobacteriia,Fusobacteriales,Fusobacteriaceae,Fusobacterium,None,0.024330900243309004
Bacteria,Firmicutes,Clostridia,Lachnospirales,Lachnospiraceae,Lachnospiraceae_NK4A136_group,None,Bacteria,Proteobacteria,Gammaproteobacteria,Burkholderiales,Neisseriaceae,Neisseria,None,0.024330900243309004
Bacteria,Firmicutes,Clostridia,Lachnospirales,Lachnospiraceae,Lachnospiraceae_NK4A136_group,None,Bacteria,Proteobacteria,Gammaproteobacteria,Enterobacterales,Enterobacteriaceae,None,None,0.021897810218978103
Bacteria,Firmicutes,Clostridia,Lachnospirales,Lachnospiraceae,Lachnospiraceae_NK4A136_group,None,Bacteria,Proteobacteria,Gammaproteobacteria,Pasteurellales,Pasteurellaceae,Haemophilus,None,0.024330900243309004
Bacteria,Firmicutes,Clostridia,Lachnospirales,Lachnospiraceae,Lachnospiraceae_NK4A136_group,None,Bacteria,Proteobacteria,Gammaproteobacteria,Pseudomonadales,Moraxellaceae,Acinetobacter,None,0.024330900243309004
Bacteria,Firmicutes,Clostridia,Lachnospirales,Lachnospiraceae,Lachnospiraceae_NK4A136_group,None,Bacteria,Proteobacteria,Gammaproteobacteria,Pseudomonadales,Pseudomonadaceae,Pseudomonas,None,0.024330900243309004
Bacteria,Firmicutes,Clostridia,Lachnospirales,Lachnospiraceae,Lachnospiraceae_NK4A136_group,None,Bacteria,Verrucomicrobiota,Verrucomicrobiae,Verrucomicrobiales,Akkermansiaceae,Akkermansia,None,0.024330900243309004
Bacteria,Firmicutes,Clostridia,Lachnospirales,Lachnospiraceae,Lachnospiraceae_UCG-001,uncultured_Firmicutes_bacterium,Bacteria,Firmicutes,Clostridia,Lachnospirales,Lachnospiraceae,Roseburia,None,0.0072992700729927005
Bacteria,Firmicutes,Clostridia,Lachnospirales,Lachnospiraceae,Lachnospiraceae_UCG-001,uncultured_Firmicutes_bacterium,Bacteria,Firmicutes,Clostridia,Lachnospirales,Lachnospiraceae,Eubacterium_eligens_group,None,0.0072992700729927005
Bacteria,Firmicutes,Clostridia,Lachnospirales,Lachnospiraceae,Lachnospiraceae_UCG-001,uncultured_Firmicutes_bacterium,Bacteria,Firmicutes,Clostridia,Lachnospirales,Lachnospiraceae,Eubacterium_xylanophilum_group,None,0.0072992700729927005
Bacteria,Firmicutes,Clostridia,Lachnospirales,Lachnospiraceae,Lachnospiraceae_UCG-001,uncultured_Firmicutes_bacterium,Bacteria,Firmicutes,Clostridia,Lachnospirales,Lachnospiraceae,Ruminococcus_gauvreauii_group,uncultured_Lachnospiraceae_bacterium,0.009732360097323601
Bacteria,Firmicutes,Clostridia,Lachnospirales,Lachnospiraceae,Lachnospiraceae_UCG-001,uncultured_Firmicutes_bacterium,Bacteria,Firmicutes,Clostridia,Lachnospirales,Lachnospiraceae,Ruminococcus_torques_group,Clostridiaceae_bacterium_LEMV78,0.009732360097323601
Bacteria,Firmicutes,Clostridia,Lachnospirales,Lachnospiraceae,Lachnospiraceae_UCG-001,uncultured_Firmicutes_bacterium,Bacteria,Firmicutes,Clostridia,Oscillospirales,Butyricicoccaceae,UCG-009,metagenome,0.019464720194647202
Bacteria,Firmicutes,Clostridia,Lachnospirales,Lachnospiraceae,Lachnospiraceae_UCG-001,uncultured_Firmicutes_bacterium,Bacteria,Firmicutes,Clostridia,Oscillospirales,Oscillospiraceae,Colidextribacter,None,0.0170316301703163
Bacteria,Firmicutes,Clostridia,Lachnospirales,Lachnospiraceae,Lachnospiraceae_UCG-001,uncultured_Firmicutes_bacterium,Bacteria,Firmicutes,Clostridia,Oscillospirales,Oscillospiraceae,Flavonifractor,None,0.0170316301703163
Bacteria,Firmicutes,Clostridia,Lachnospirales,Lachnospiraceae,Lachnospiraceae_UCG-001,uncultured_Firmicutes_bacterium,Bacteria,Firmicutes,Clostridia,Oscillospirales,Oscillospiraceae,NK4A214_group,metagenome,0.019464720194647202
Bacteria,Firmicutes,Clostridia,Lachnospirales,Lachnospiraceae,Lachnospiraceae_UCG-001,uncultured_Firmicutes_bacterium,Bacteria,Firmicutes,Clostridia,Oscillospirales,Oscillospiraceae,UCG-002,None,0.0170316301703163
Bacteria,Firmicutes,Clostridia,Lachnospirales,Lachnospiraceae,Lachnospiraceae_UCG-001,uncultured_Firmicutes_bacterium,Bacteria,Firmicutes,Clostridia,Oscillospirales,Oscillospiraceae,UCG-003,None,0.0170316301703163
Bacteria,Firmicutes,Clostridia,Lachnospirales,Lachnospiraceae,Lachnospiraceae_UCG-001,uncultured_Firmicutes_bacterium,Bacteria,Firmicutes,Clostridia,Oscillospirales,Oscillospiraceae,UCG-005,None,0.0170316301703163
Bacteria,Firmicutes,Clostridia,Lachnospirales,Lachnospiraceae,Lachnospiraceae_UCG-001,uncultured_Firmicutes_bacterium,Bacteria,Firmicutes,Clostridia,Oscillospirales,Ruminococcaceae,Candidatus_Soleaferrea,Neobitarella_massiliensis,0.019464720194647202
Bacteria,Firmicutes,Clostridia,Lachnospirales,Lachnospiraceae,Lachnospiraceae_UCG-001,uncultured_Firmicutes_bacterium,Bacteria,Firmicutes,Clostridia,Oscillospirales,Ruminococcaceae,Faecalibacterium,None,0.0170316301703163
Bacteria,Firmicutes,Clostridia,Lachnospirales,Lachnospiraceae,Lachnospiraceae_UCG-001,uncultured_Firmicutes_bacterium,Bacteria,Firmicutes,Clostridia,Oscillospirales,Ruminococcaceae,Incertae_Sedis,metagenome,0.019464720194647202
Bacteria,Firmicutes,Clostridia,Lachnospirales,Lachnospiraceae,Lachnospiraceae_UCG-001,uncultured_Firmicutes_bacterium,Bacteria,Firmicutes,Clostridia,Oscillospirales,Ruminococcaceae,Incertae_Sedis,None,0.0170316301703163
Bacteria,Firmicutes,Clostridia,Lachnospirales,Lachnospiraceae,Lachnospiraceae_UCG-001,uncultured_Firmicutes_bacterium,Bacteria,Firmicutes,Clostridia,Oscillospirales,Ruminococcaceae,Paludicola,metagenome,0.019464720194647202
Bacteria,Firmicutes,Clostridia,Lachnospirales,Lachnospiraceae,Lachnospiraceae_UCG-001,uncultured_Firmicutes_bacterium,Bacteria,Firmicutes,Clostridia,Oscillospirales,Ruminococcaceae,Ruminococcus,None,0.0170316301703163
Bacteria,Firmicutes,Clostridia,Lachnospirales,Lachnospiraceae,Lachnospiraceae_UCG-001,uncultured_Firmicutes_bacterium,Bacteria,Firmicutes,Clostridia,Oscillospirales,Ruminococcaceae,Subdoligranulum,None,0.0170316301703163
Bacteria,Firmicutes,Clostridia,Lachnospirales,Lachnospiraceae,Lachnospiraceae_UCG-001,uncultured_Firmicutes_bacterium,Bacteria,Firmicutes,Clostridia,Oscillospirales,Ruminococcaceae,UBA1819,None,0.0170316301703163
Bacteria,Firmicutes,Clostridia,Lachnospirales,Lachnospiraceae,Lachnospiraceae_UCG-001,uncultured_Firmicutes_bacterium,Bacteria,Firmicutes,Clostridia,Oscillospirales,Ruminococcaceae,None,None,0.014598540145985401
Bacteria,Firmicutes,Clostridia,Lachnospirales,Lachnospiraceae,Lachnospiraceae_UCG-001,uncultured_Firmicutes_bacterium,Bacteria,Firmicutes,Clostridia,Oscillospirales,Eubacterium_coprostanoligenes_group,metagenome,None,0.0170316301703163
Bacteria,Firmicutes,Clostridia,Lachnospirales,Lachnospiraceae,Lachnospiraceae_UCG-001,uncultured_Firmicutes_bacterium,Bacteria,Firmicutes,Clostridia,Oscillospirales,Eubacterium_coprostanoligenes_group,uncultured_Clostridiales_bacterium,None,0.0170316301703163
Bacteria,Firmicutes,Clostridia,Lachnospirales,Lachnospiraceae,Lachnospiraceae_UCG-001,uncultured_Firmicutes_bacterium,Bacteria,Firmicutes,Clostridia,Oscillospirales,None,None,None,0.012165450121654502
Bacteria,Firmicutes,Clostridia,Lachnospirales,Lachnospiraceae,Lachnospiraceae_UCG-001,uncultured_Firmicutes_bacterium,Bacteria,Firmicutes,Clostridia,Peptostreptococcales-Tissierellales,Peptostreptococcaceae,Romboutsia,None,0.0170316301703163
Bacteria,Firmicutes,Clostridia,Lachnospirales,Lachnospiraceae,Lachnospiraceae_UCG-001,uncultured_Firmicutes_bacterium,Bacteria,Firmicutes,Clostridia,None,None,None,None,0.009732360097323601
Bacteria,Firmicutes,Clostridia,Lachnospirales,Lachnospiraceae,Lachnospiraceae_UCG-001,uncultured_Firmicutes_bacterium,Bacteria,Firmicutes,Negativicutes,Acidaminococcales,Acidaminococcaceae,Phascolarctobacterium,None,0.021897810218978103
Bacteria,Firmicutes,Clostridia,Lachnospirales,Lachnospiraceae,Lachnospiraceae_UCG-001,uncultured_Firmicutes_bacterium,Bacteria,Firmicutes,Negativicutes,Veillonellales-Selenomonadales,Veillonellaceae,Veillonella,None,0.021897810218978103
Bacteria,Firmicutes,Clostridia,Lachnospirales,Lachnospiraceae,Lachnospiraceae_UCG-001,uncultured_Firmicutes_bacterium,Bacteria,Fusobacteriota,Fusobacteriia,Fusobacteriales,Fusobacteriaceae,Fusobacterium,None,0.0267639902676399
Bacteria,Firmicutes,Clostridia,Lachnospirales,Lachnospiraceae,Lachnospiraceae_UCG-001,uncultured_Firmicutes_bacterium,Bacteria,Proteobacteria,Gammaproteobacteria,Burkholderiales,Neisseriaceae,Neisseria,None,0.0267639902676399
Bacteria,Firmicutes,Clostridia,Lachnospirales,Lachnospiraceae,Lachnospiraceae_UCG-001,uncultured_Firmicutes_bacterium,Bacteria,Proteobacteria,Gammaproteobacteria,Enterobacterales,Enterobacteriaceae,None,None,0.024330900243309004
Bacteria,Firmicutes,Clostridia,Lachnospirales,Lachnospiraceae,Lachnospiraceae_UCG-001,uncultured_Firmicutes_bacterium,Bacteria,Proteobacteria,Gammaproteobacteria,Pasteurellales,Pasteurellaceae,Haemophilus,None,0.0267639902676399
Bacteria,Firmicutes,Clostridia,Lachnospirales,Lachnospiraceae,Lachnospiraceae_UCG-001,uncultured_Firmicutes_bacterium,Bacteria,Proteobacteria,Gammaproteobacteria,Pseudomonadales,Moraxellaceae,Acinetobacter,None,0.0267639902676399
Bacteria,Firmicutes,Clostridia,Lachnospirales,Lachnospiraceae,Lachnospiraceae_UCG-001,uncultured_Firmicutes_bacterium,Bacteria,Proteobacteria,Gammaproteobacteria,Pseudomonadales,Pseudomonadaceae,Pseudomonas,None,0.0267639902676399
Bacteria,Firmicutes,Clostridia,Lachnospirales,Lachnospiraceae,Lachnospiraceae_UCG-001,uncultured_Firmicutes_bacterium,Bacteria,Verrucomicrobiota,Verrucomicrobiae,Verrucomicrobiales,Akkermansiaceae,Akkermansia,None,0.0267639902676399
Bacteria,Firmicutes,Clostridia,Lachnospirales,Lachnospiraceae,Roseburia,None,Bacteria,Firmicutes,Clostridia,Lachnospirales,Lachnospiraceae,Eubacterium_eligens_group,None,0.004866180048661801
Bacteria,Firmicutes,Clostridia,Lachnospirales,Lachnospiraceae,Roseburia,None,Bacteria,Firmicutes,Clostridia,Lachnospirales,Lachnospiraceae,Eubacterium_xylanophilum_group,None,0.004866180048661801
Bacteria,Firmicutes,Clostridia,Lachnospirales,Lachnospiraceae,Roseburia,None,Bacteria,Firmicutes,Clostridia,Lachnospirales,Lachnospiraceae,Ruminococcus_gauvreauii_group,uncultured_Lachnospiraceae_bacterium,0.0072992700729927005
Bacteria,Firmicutes,Clostridia,Lachnospirales,Lachnospiraceae,Roseburia,None,Bacteria,Firmicutes,Clostridia,Lachnospirales,Lachnospiraceae,Ruminococcus_torques_group,Clostridiaceae_bacterium_LEMV78,0.0072992700729927005
Bacteria,Firmicutes,Clostridia,Lachnospirales,Lachnospiraceae,Roseburia,None,Bacteria,Firmicutes,Clostridia,Oscillospirales,Butyricicoccaceae,UCG-009,metagenome,0.0170316301703163
Bacteria,Firmicutes,Clostridia,Lachnospirales,Lachnospiraceae,Roseburia,None,Bacteria,Firmicutes,Clostridia,Oscillospirales,Oscillospiraceae,Colidextribacter,None,0.014598540145985401
Bacteria,Firmicutes,Clostridia,Lachnospirales,Lachnospiraceae,Roseburia,None,Bacteria,Firmicutes,Clostridia,Oscillospirales,Oscillospiraceae,Flavonifractor,None,0.014598540145985401
Bacteria,Firmicutes,Clostridia,Lachnospirales,Lachnospiraceae,Roseburia,None,Bacteria,Firmicutes,Clostridia,Oscillospirales,Oscillospiraceae,NK4A214_group,metagenome,0.0170316301703163
Bacteria,Firmicutes,Clostridia,Lachnospirales,Lachnospiraceae,Roseburia,None,Bacteria,Firmicutes,Clostridia,Oscillospirales,Oscillospiraceae,UCG-002,None,0.014598540145985401
Bacteria,Firmicutes,Clostridia,Lachnospirales,Lachnospiraceae,Roseburia,None,Bacteria,Firmicutes,Clostridia,Oscillospirales,Oscillospiraceae,UCG-003,None,0.014598540145985401
Bacteria,Firmicutes,Clostridia,Lachnospirales,Lachnospiraceae,Roseburia,None,Bacteria,Firmicutes,Clostridia,Oscillospirales,Oscillospiraceae,UCG-005,None,0.014598540145985401
Bacteria,Firmicutes,Clostridia,Lachnospirales,Lachnospiraceae,Roseburia,None,Bacteria,Firmicutes,Clostridia,Oscillospirales,Ruminococcaceae,Candidatus_Soleaferrea,Neobitarella_massiliensis,0.0170316301703163
Bacteria,Firmicutes,Clostridia,Lachnospirales,Lachnospiraceae,Roseburia,None,Bacteria,Firmicutes,Clostridia,Oscillospirales,Ruminococcaceae,Faecalibacterium,None,0.014598540145985401
Bacteria,Firmicutes,Clostridia,Lachnospirales,Lachnospiraceae,Roseburia,None,Bacteria,Firmicutes,Clostridia,Oscillospirales,Ruminococcaceae,Incertae_Sedis,metagenome,0.0170316301703163
Bacteria,Firmicutes,Clostridia,Lachnospirales,Lachnospiraceae,Roseburia,None,Bacteria,Firmicutes,Clostridia,Oscillospirales,Ruminococcaceae,Incertae_Sedis,None,0.014598540145985401
Bacteria,Firmicutes,Clostridia,Lachnospirales,Lachnospiraceae,Roseburia,None,Bacteria,Firmicutes,Clostridia,Oscillospirales,Ruminococcaceae,Paludicola,metagenome,0.0170316301703163
Bacteria,Firmicutes,Clostridia,Lachnospirales,Lachnospiraceae,Roseburia,None,Bacteria,Firmicutes,Clostridia,Oscillospirales,Ruminococcaceae,Ruminococcus,None,0.014598540145985401
Bacteria,Firmicutes,Clostridia,Lachnospirales,Lachnospiraceae,Roseburia,None,Bacteria,Firmicutes,Clostridia,Oscillospirales,Ruminococcaceae,Subdoligranulum,None,0.014598540145985401
Bacteria,Firmicutes,Clostridia,Lachnospirales,Lachnospiraceae,Roseburia,None,Bacteria,Firmicutes,Clostridia,Oscillospirales,Ruminococcaceae,UBA1819,None,0.014598540145985401
Bacteria,Firmicutes,Clostridia,Lachnospirales,Lachnospiraceae,Roseburia,None,Bacteria,Firmicutes,Clostridia,Oscillospirales,Ruminococcaceae,None,None,0.012165450121654502
Bacteria,Firmicutes,Clostridia,Lachnospirales,Lachnospiraceae,Roseburia,None,Bacteria,Firmicutes,Clostridia,Oscillospirales,Eubacterium_coprostanoligenes_group,metagenome,None,0.014598540145985401
Bacteria,Firmicutes,Clostridia,Lachnospirales,Lachnospiraceae,Roseburia,None,Bacteria,Firmicutes,Clostridia,Oscillospirales,Eubacterium_coprostanoligenes_group,uncultured_Clostridiales_bacterium,None,0.014598540145985401
Bacteria,Firmicutes,Clostridia,Lachnospirales,Lachnospiraceae,Roseburia,None,Bacteria,Firmicutes,Clostridia,Oscillospirales,None,None,None,0.009732360097323601
Bacteria,Firmicutes,Clostridia,Lachnospirales,Lachnospiraceae,Roseburia,None,Bacteria,Firmicutes,Clostridia,Peptostreptococcales-Tissierellales,Peptostreptococcaceae,Romboutsia,None,0.014598540145985401
Bacteria,Firmicutes,Clostridia,Lachnospirales,Lachnospiraceae,Roseburia,None,Bacteria,Firmicutes,Clostridia,None,None,None,None,0.0072992700729927005
Bacteria,Firmicutes,Clostridia,Lachnospirales,Lachnospiraceae,Roseburia,None,Bacteria,Firmicutes,Negativicutes,Acidaminococcales,Acidaminococcaceae,Phascolarctobacterium,None,0.019464720194647202
Bacteria,Firmicutes,Clostridia,Lachnospirales,Lachnospiraceae,Roseburia,None,Bacteria,Firmicutes,Negativicutes,Veillonellales-Selenomonadales,Veillonellaceae,Veillonella,None,0.019464720194647202
Bacteria,Firmicutes,Clostridia,Lachnospirales,Lachnospiraceae,Roseburia,None,Bacteria,Fusobacteriota,Fusobacteriia,Fusobacteriales,Fusobacteriaceae,Fusobacterium,None,0.024330900243309004
Bacteria,Firmicutes,Clostridia,Lachnospirales,Lachnospiraceae,Roseburia,None,Bacteria,Proteobacteria,Gammaproteobacteria,Burkholderiales,Neisseriaceae,Neisseria,None,0.024330900243309004
Bacteria,Firmicutes,Clostridia,Lachnospirales,Lachnospiraceae,Roseburia,None,Bacteria,Proteobacteria,Gammaproteobacteria,Enterobacterales,Enterobacteriaceae,None,None,0.021897810218978103
Bacteria,Firmicutes,Clostridia,Lachnospirales,Lachnospiraceae,Roseburia,None,Bacteria,Proteobacteria,Gammaproteobacteria,Pasteurellales,Pasteurellaceae,Haemophilus,None,0.024330900243309004
Bacteria,Firmicutes,Clostridia,Lachnospirales,Lachnospiraceae,Roseburia,None,Bacteria,Proteobacteria,Gammaproteobacteria,Pseudomonadales,Moraxellaceae,Acinetobacter,None,0.024330900243309004
Bacteria,Firmicutes,Clostridia,Lachnospirales,Lachnospiraceae,Roseburia,None,Bacteria,Proteobacteria,Gammaproteobacteria,Pseudomonadales,Pseudomonadaceae,Pseudomonas,None,0.024330900243309004
Bacteria,Firmicutes,Clostridia,Lachnospirales,Lachnospiraceae,Roseburia,None,Bacteria,Verrucomicrobiota,Verrucomicrobiae,Verrucomicrobiales,Akkermansiaceae,Akkermansia,None,0.024330900243309004
Bacteria,Firmicutes,Clostridia,Lachnospirales,Lachnospiraceae,Eubacterium_eligens_group,None,Bacteria,Firmicutes,Clostridia,Lachnospirales,Lachnospiraceae,Eubacterium_xylanophilum_group,None,0.004866180048661801
Bacteria,Firmicutes,Clostridia,Lachnospirales,Lachnospiraceae,Eubacterium_eligens_group,None,Bacteria,Firmicutes,Clostridia,Lachnospirales,Lachnospiraceae,Ruminococcus_gauvreauii_group,uncultured_Lachnospiraceae_bacterium,0.0072992700729927005
Bacteria,Firmicutes,Clostridia,Lachnospirales,Lachnospiraceae,Eubacterium_eligens_group,None,Bacteria,Firmicutes,Clostridia,Lachnospirales,Lachnospiraceae,Ruminococcus_torques_group,Clostridiaceae_bacterium_LEMV78,0.0072992700729927005
Bacteria,Firmicutes,Clostridia,Lachnospirales,Lachnospiraceae,Eubacterium_eligens_group,None,Bacteria,Firmicutes,Clostridia,Oscillospirales,Butyricicoccaceae,UCG-009,metagenome,0.0170316301703163
Bacteria,Firmicutes,Clostridia,Lachnospirales,Lachnospiraceae,Eubacterium_eligens_group,None,Bacteria,Firmicutes,Clostridia,Oscillospirales,Oscillospiraceae,Colidextribacter,None,0.014598540145985401
Bacteria,Firmicutes,Clostridia,Lachnospirales,Lachnospiraceae,Eubacterium_eligens_group,None,Bacteria,Firmicutes,Clostridia,Oscillospirales,Oscillospiraceae,Flavonifractor,None,0.014598540145985401
Bacteria,Firmicutes,Clostridia,Lachnospirales,Lachnospiraceae,Eubacterium_eligens_group,None,Bacteria,Firmicutes,Clostridia,Oscillospirales,Oscillospiraceae,NK4A214_group,metagenome,0.0170316301703163
Bacteria,Firmicutes,Clostridia,Lachnospirales,Lachnospiraceae,Eubacterium_eligens_group,None,Bacteria,Firmicutes,Clostridia,Oscillospirales,Oscillospiraceae,UCG-002,None,0.014598540145985401
Bacteria,Firmicutes,Clostridia,Lachnospirales,Lachnospiraceae,Eubacterium_eligens_group,None,Bacteria,Firmicutes,Clostridia,Oscillospirales,Oscillospiraceae,UCG-003,None,0.014598540145985401
Bacteria,Firmicutes,Clostridia,Lachnospirales,Lachnospiraceae,Eubacterium_eligens_group,None,Bacteria,Firmicutes,Clostridia,Oscillospirales,Oscillospiraceae,UCG-005,None,0.014598540145985401
Bacteria,Firmicutes,Clostridia,Lachnospirales,Lachnospiraceae,Eubacterium_eligens_group,None,Bacteria,Firmicutes,Clostridia,Oscillospirales,Ruminococcaceae,Candidatus_Soleaferrea,Neobitarella_massiliensis,0.0170316301703163
Bacteria,Firmicutes,Clostridia,Lachnospirales,Lachnospiraceae,Eubacterium_eligens_group,None,Bacteria,Firmicutes,Clostridia,Oscillospirales,Ruminococcaceae,Faecalibacterium,None,0.014598540145985401
Bacteria,Firmicutes,Clostridia,Lachnospirales,Lachnospiraceae,Eubacterium_eligens_group,None,Bacteria,Firmicutes,Clostridia,Oscillospirales,Ruminococcaceae,Incertae_Sedis,metagenome,0.0170316301703163
Bacteria,Firmicutes,Clostridia,Lachnospirales,Lachnospiraceae,Eubacterium_eligens_group,None,Bacteria,Firmicutes,Clostridia,Oscillospirales,Ruminococcaceae,Incertae_Sedis,None,0.014598540145985401
Bacteria,Firmicutes,Clostridia,Lachnospirales,Lachnospiraceae,Eubacterium_eligens_group,None,Bacteria,Firmicutes,Clostridia,Oscillospirales,Ruminococcaceae,Paludicola,metagenome,0.0170316301703163
Bacteria,Firmicutes,Clostridia,Lachnospirales,Lachnospiraceae,Eubacterium_eligens_group,None,Bacteria,Firmicutes,Clostridia,Oscillospirales,Ruminococcaceae,Ruminococcus,None,0.014598540145985401
Bacteria,Firmicutes,Clostridia,Lachnospirales,Lachnospiraceae,Eubacterium_eligens_group,None,Bacteria,Firmicutes,Clostridia,Oscillospirales,Ruminococcaceae,Subdoligranulum,None,0.014598540145985401
Bacteria,Firmicutes,Clostridia,Lachnospirales,Lachnospiraceae,Eubacterium_eligens_group,None,Bacteria,Firmicutes,Clostridia,Oscillospirales,Ruminococcaceae,UBA1819,None,0.014598540145985401
Bacteria,Firmicutes,Clostridia,Lachnospirales,Lachnospiraceae,Eubacterium_eligens_group,None,Bacteria,Firmicutes,Clostridia,Oscillospirales,Ruminococcaceae,None,None,0.012165450121654502
Bacteria,Firmicutes,Clostridia,Lachnospirales,Lachnospiraceae,Eubacterium_eligens_group,None,Bacteria,Firmicutes,Clostridia,Oscillospirales,Eubacterium_coprostanoligenes_group,metagenome,None,0.014598540145985401
Bacteria,Firmicutes,Clostridia,Lachnospirales,Lachnospiraceae,Eubacterium_eligens_group,None,Bacteria,Firmicutes,Clostridia,Oscillospirales,Eubacterium_coprostanoligenes_group,uncultured_Clostridiales_bacterium,None,0.014598540145985401
Bacteria,Firmicutes,Clostridia,Lachnospirales,Lachnospiraceae,Eubacterium_eligens_group,None,Bacteria,Firmicutes,Clostridia,Oscillospirales,None,None,None,0.009732360097323601
Bacteria,Firmicutes,Clostridia,Lachnospirales,Lachnospiraceae,Eubacterium_eligens_group,None,Bacteria,Firmicutes,Clostridia,Peptostreptococcales-Tissierellales,Peptostreptococcaceae,Romboutsia,None,0.014598540145985401
Bacteria,Firmicutes,Clostridia,Lachnospirales,Lachnospiraceae,Eubacterium_eligens_group,None,Bacteria,Firmicutes,Clostridia,None,None,None,None,0.0072992700729927005
Bacteria,Firmicutes,Clostridia,Lachnospirales,Lachnospiraceae,Eubacterium_eligens_group,None,Bacteria,Firmicutes,Negativicutes,Acidaminococcales,Acidaminococcaceae,Phascolarctobacterium,None,0.019464720194647202
Bacteria,Firmicutes,Clostridia,Lachnospirales,Lachnospiraceae,Eubacterium_eligens_group,None,Bacteria,Firmicutes,Negativicutes,Veillonellales-Selenomonadales,Veillonellaceae,Veillonella,None,0.019464720194647202
Bacteria,Firmicutes,Clostridia,Lachnospirales,Lachnospiraceae,Eubacterium_eligens_group,None,Bacteria,Fusobacteriota,Fusobacteriia,Fusobacteriales,Fusobacteriaceae,Fusobacterium,None,0.024330900243309004
Bacteria,Firmicutes,Clostridia,Lachnospirales,Lachnospiraceae,Eubacterium_eligens_group,None,Bacteria,Proteobacteria,Gammaproteobacteria,Burkholderiales,Neisseriaceae,Neisseria,None,0.024330900243309004
Bacteria,Firmicutes,Clostridia,Lachnospirales,Lachnospiraceae,Eubacterium_eligens_group,None,Bacteria,Proteobacteria,Gammaproteobacteria,Enterobacterales,Enterobacteriaceae,None,None,0.021897810218978103
Bacteria,Firmicutes,Clostridia,Lachnospirales,Lachnospiraceae,Eubacterium_eligens_group,None,Bacteria,Proteobacteria,Gammaproteobacteria,Pasteurellales,Pasteurellaceae,Haemophilus,None,0.024330900243309004
Bacteria,Firmicutes,Clostridia,Lachnospirales,Lachnospiraceae,Eubacterium_eligens_group,None,Bacteria,Proteobacteria,Gammaproteobacteria,Pseudomonadales,Moraxellaceae,Acinetobacter,None,0.024330900243309004
Bacteria,Firmicutes,Clostridia,Lachnospirales,Lachnospiraceae,Eubacterium_eligens_group,None,Bacteria,Proteobacteria,Gammaproteobacteria,Pseudomonadales,Pseudomonadaceae,Pseudomonas,None,0.024330900243309004
Bacteria,Firmicutes,Clostridia,Lachnospirales,Lachnospiraceae,Eubacterium_eligens_group,None,Bacteria,Verrucomicrobiota,Verrucomicrobiae,Verrucomicrobiales,Akkermansiaceae,Akkermansia,None,0.024330900243309004
Bacteria,Firmicutes,Clostridia,Lachnospirales,Lachnospiraceae,Eubacterium_xylanophilum_group,None,Bacteria,Firmicutes,Clostridia,Lachnospirales,Lachnospiraceae,Ruminococcus_gauvreauii_group,uncultured_Lachnospiraceae_bacterium,0.0072992700729927005
Bacteria,Firmicutes,Clostridia,Lachnospirales,Lachnospiraceae,Eubacterium_xylanophilum_group,None,Bacteria,Firmicutes,Clostridia,Lachnospirales,Lachnospiraceae,Ruminococcus_torques_group,Clostridiaceae_bacterium_LEMV78,0.0072992700729927005
Bacteria,Firmicutes,Clostridia,Lachnospirales,Lachnospiraceae,Eubacterium_xylanophilum_group,None,Bacteria,Firmicutes,Clostridia,Oscillospirales,Butyricicoccaceae,UCG-009,metagenome,0.0170316301703163
Bacteria,Firmicutes,Clostridia,Lachnospirales,Lachnospiraceae,Eubacterium_xylanophilum_group,None,Bacteria,Firmicutes,Clostridia,Oscillospirales,Oscillospiraceae,Colidextribacter,None,0.014598540145985401
Bacteria,Firmicutes,Clostridia,Lachnospirales,Lachnospiraceae,Eubacterium_xylanophilum_group,None,Bacteria,Firmicutes,Clostridia,Oscillospirales,Oscillospiraceae,Flavonifractor,None,0.014598540145985401
Bacteria,Firmicutes,Clostridia,Lachnospirales,Lachnospiraceae,Eubacterium_xylanophilum_group,None,Bacteria,Firmicutes,Clostridia,Oscillospirales,Oscillospiraceae,NK4A214_group,metagenome,0.0170316301703163
Bacteria,Firmicutes,Clostridia,Lachnospirales,Lachnospiraceae,Eubacterium_xylanophilum_group,None,Bacteria,Firmicutes,Clostridia,Oscillospirales,Oscillospiraceae,UCG-002,None,0.014598540145985401
Bacteria,Firmicutes,Clostridia,Lachnospirales,Lachnospiraceae,Eubacterium_xylanophilum_group,None,Bacteria,Firmicutes,Clostridia,Oscillospirales,Oscillospiraceae,UCG-003,None,0.014598540145985401
Bacteria,Firmicutes,Clostridia,Lachnospirales,Lachnospiraceae,Eubacterium_xylanophilum_group,None,Bacteria,Firmicutes,Clostridia,Oscillospirales,Oscillospiraceae,UCG-005,None,0.014598540145985401
Bacteria,Firmicutes,Clostridia,Lachnospirales,Lachnospiraceae,Eubacterium_xylanophilum_group,None,Bacteria,Firmicutes,Clostridia,Oscillospirales,Ruminococcaceae,Candidatus_Soleaferrea,Neobitarella_massiliensis,0.0170316301703163
Bacteria,Firmicutes,Clostridia,Lachnospirales,Lachnospiraceae,Eubacterium_xylanophilum_group,None,Bacteria,Firmicutes,Clostridia,Oscillospirales,Ruminococcaceae,Faecalibacterium,None,0.014598540145985401
Bacteria,Firmicutes,Clostridia,Lachnospirales,Lachnospiraceae,Eubacterium_xylanophilum_group,None,Bacteria,Firmicutes,Clostridia,Oscillospirales,Ruminococcaceae,Incertae_Sedis,metagenome,0.0170316301703163
Bacteria,Firmicutes,Clostridia,Lachnospirales,Lachnospiraceae,Eubacterium_xylanophilum_group,None,Bacteria,Firmicutes,Clostridia,Oscillospirales,Ruminococcaceae,Incertae_Sedis,None,0.014598540145985401
Bacteria,Firmicutes,Clostridia,Lachnospirales,Lachnospiraceae,Eubacterium_xylanophilum_group,None,Bacteria,Firmicutes,Clostridia,Oscillospirales,Ruminococcaceae,Paludicola,metagenome,0.0170316301703163
Bacteria,Firmicutes,Clostridia,Lachnospirales,Lachnospiraceae,Eubacterium_xylanophilum_group,None,Bacteria,Firmicutes,Clostridia,Oscillospirales,Ruminococcaceae,Ruminococcus,None,0.014598540145985401
Bacteria,Firmicutes,Clostridia,Lachnospirales,Lachnospiraceae,Eubacterium_xylanophilum_group,None,Bacteria,Firmicutes,Clostridia,Oscillospirales,Ruminococcaceae,Subdoligranulum,None,0.014598540145985401
Bacteria,Firmicutes,Clostridia,Lachnospirales,Lachnospiraceae,Eubacterium_xylanophilum_group,None,Bacteria,Firmicutes,Clostridia,Oscillospirales,Ruminococcaceae,UBA1819,None,0.014598540145985401
Bacteria,Firmicutes,Clostridia,Lachnospirales,Lachnospiraceae,Eubacterium_xylanophilum_group,None,Bacteria,Firmicutes,Clostridia,Oscillospirales,Ruminococcaceae,None,None,0.012165450121654502
Bacteria,Firmicutes,Clostridia,Lachnospirales,Lachnospiraceae,Eubacterium_xylanophilum_group,None,Bacteria,Firmicutes,Clostridia,Oscillospirales,Eubacterium_coprostanoligenes_group,metagenome,None,0.014598540145985401
Bacteria,Firmicutes,Clostridia,Lachnospirales,Lachnospiraceae,Eubacterium_xylanophilum_group,None,Bacteria,Firmicutes,Clostridia,Oscillospirales,Eubacterium_coprostanoligenes_group,uncultured_Clostridiales_bacterium,None,0.014598540145985401
Bacteria,Firmicutes,Clostridia,Lachnospirales,Lachnospiraceae,Eubacterium_xylanophilum_group,None,Bacteria,Firmicutes,Clostridia,Oscillospirales,None,None,None,0.009732360097323601
Bacteria,Firmicutes,Clostridia,Lachnospirales,Lachnospiraceae,Eubacterium_xylanophilum_group,None,Bacteria,Firmicutes,Clostridia,Peptostreptococcales-Tissierellales,Peptostreptococcaceae,Romboutsia,None,0.014598540145985401
Bacteria,Firmicutes,Clostridia,Lachnospirales,Lachnospiraceae,Eubacterium_xylanophilum_group,None,Bacteria,Firmicutes,Clostridia,None,None,None,None,0.0072992700729927005
Bacteria,Firmicutes,Clostridia,Lachnospirales,Lachnospiraceae,Eubacterium_xylanophilum_group,None,Bacteria,Firmicutes,Negativicutes,Acidaminococcales,Acidaminococcaceae,Phascolarctobacterium,None,0.019464720194647202
Bacteria,Firmicutes,Clostridia,Lachnospirales,Lachnospiraceae,Eubacterium_xylanophilum_group,None,Bacteria,Firmicutes,Negativicutes,Veillonellales-Selenomonadales,Veillonellaceae,Veillonella,None,0.019464720194647202
Bacteria,Firmicutes,Clostridia,Lachnospirales,Lachnospiraceae,Eubacterium_xylanophilum_group,None,Bacteria,Fusobacteriota,Fusobacteriia,Fusobacteriales,Fusobacteriaceae,Fusobacterium,None,0.024330900243309004
Bacteria,Firmicutes,Clostridia,Lachnospirales,Lachnospiraceae,Eubacterium_xylanophilum_group,None,Bacteria,Proteobacteria,Gammaproteobacteria,Burkholderiales,Neisseriaceae,Neisseria,None,0.024330900243309004
Bacteria,Firmicutes,Clostridia,Lachnospirales,Lachnospiraceae,Eubacterium_xylanophilum_group,None,Bacteria,Proteobacteria,Gammaproteobacteria,Enterobacterales,Enterobacteriaceae,None,None,0.021897810218978103
Bacteria,Firmicutes,Clostridia,Lachnospirales,Lachnospiraceae,Eubacterium_xylanophilum_group,None,Bacteria,Proteobacteria,Gammaproteobacteria,Pasteurellales,Pasteurellaceae,Haemophilus,None,0.024330900243309004
Bacteria,Firmicutes,Clostridia,Lachnospirales,Lachnospiraceae,Eubacterium_xylanophilum_group,None,Bacteria,Proteobacteria,Gammaproteobacteria,Pseudomonadales,Moraxellaceae,Acinetobacter,None,0.024330900243309004
Bacteria,Firmicutes,Clostridia,Lachnospirales,Lachnospiraceae,Eubacterium_xylanophilum_group,None,Bacteria,Proteobacteria,Gammaproteobacteria,Pseudomonadales,Pseudomonadaceae,Pseudomonas,None,0.024330900243309004
Bacteria,Firmicutes,Clostridia,Lachnospirales,Lachnospiraceae,Eubacterium_xylanophilum_group,None,Bacteria,Verrucomicrobiota,Verrucomicrobiae,Verrucomicrobiales,Akkermansiaceae,Akkermansia,None,0.024330900243309004
Bacteria,Firmicutes,Clostridia,Lachnospirales,Lachnospiraceae,Ruminococcus_gauvreauii_group,uncultured_Lachnospiraceae_bacterium,Bacteria,Firmicutes,Clostridia,Lachnospirales,Lachnospiraceae,Ruminococcus_torques_group,Clostridiaceae_bacterium_LEMV78,0.009732360097323601
Bacteria,Firmicutes,Clostridia,Lachnospirales,Lachnospiraceae,Ruminococcus_gauvreauii_group,uncultured_Lachnospiraceae_bacterium,Bacteria,Firmicutes,Clostridia,Oscillospirales,Butyricicoccaceae,UCG-009,metagenome,0.019464720194647202
Bacteria,Firmicutes,Clostridia,Lachnospirales,Lachnospiraceae,Ruminococcus_gauvreauii_group,uncultured_Lachnospiraceae_bacterium,Bacteria,Firmicutes,Clostridia,Oscillospirales,Oscillospiraceae,Colidextribacter,None,0.0170316301703163
Bacteria,Firmicutes,Clostridia,Lachnospirales,Lachnospiraceae,Ruminococcus_gauvreauii_group,uncultured_Lachnospiraceae_bacterium,Bacteria,Firmicutes,Clostridia,Oscillospirales,Oscillospiraceae,Flavonifractor,None,0.0170316301703163
Bacteria,Firmicutes,Clostridia,Lachnospirales,Lachnospiraceae,Ruminococcus_gauvreauii_group,uncultured_Lachnospiraceae_bacterium,Bacteria,Firmicutes,Clostridia,Oscillospirales,Oscillospiraceae,NK4A214_group,metagenome,0.019464720194647202
Bacteria,Firmicutes,Clostridia,Lachnospirales,Lachnospiraceae,Ruminococcus_gauvreauii_group,uncultured_Lachnospiraceae_bacterium,Bacteria,Firmicutes,Clostridia,Oscillospirales,Oscillospiraceae,UCG-002,None,0.0170316301703163
Bacteria,Firmicutes,Clostridia,Lachnospirales,Lachnospiraceae,Ruminococcus_gauvreauii_group,uncultured_Lachnospiraceae_bacterium,Bacteria,Firmicutes,Clostridia,Oscillospirales,Oscillospiraceae,UCG-003,None,0.0170316301703163
Bacteria,Firmicutes,Clostridia,Lachnospirales,Lachnospiraceae,Ruminococcus_gauvreauii_group,uncultured_Lachnospiraceae_bacterium,Bacteria,Firmicutes,Clostridia,Oscillospirales,Oscillospiraceae,UCG-005,None,0.0170316301703163
Bacteria,Firmicutes,Clostridia,Lachnospirales,Lachnospiraceae,Ruminococcus_gauvreauii_group,uncultured_Lachnospiraceae_bacterium,Bacteria,Firmicutes,Clostridia,Oscillospirales,Ruminococcaceae,Candidatus_Soleaferrea,Neobitarella_massiliensis,0.019464720194647202
Bacteria,Firmicutes,Clostridia,Lachnospirales,Lachnospiraceae,Ruminococcus_gauvreauii_group,uncultured_Lachnospiraceae_bacterium,Bacteria,Firmicutes,Clostridia,Oscillospirales,Ruminococcaceae,Faecalibacterium,None,0.0170316301703163
Bacteria,Firmicutes,Clostridia,Lachnospirales,Lachnospiraceae,Ruminococcus_gauvreauii_group,uncultured_Lachnospiraceae_bacterium,Bacteria,Firmicutes,Clostridia,Oscillospirales,Ruminococcaceae,Incertae_Sedis,metagenome,0.019464720194647202
Bacteria,Firmicutes,Clostridia,Lachnospirales,Lachnospiraceae,Ruminococcus_gauvreauii_group,uncultured_Lachnospiraceae_bacterium,Bacteria,Firmicutes,Clostridia,Oscillospirales,Ruminococcaceae,Incertae_Sedis,None,0.0170316301703163
Bacteria,Firmicutes,Clostridia,Lachnospirales,Lachnospiraceae,Ruminococcus_gauvreauii_group,uncultured_Lachnospiraceae_bacterium,Bacteria,Firmicutes,Clostridia,Oscillospirales,Ruminococcaceae,Paludicola,metagenome,0.019464720194647202
Bacteria,Firmicutes,Clostridia,Lachnospirales,Lachnospiraceae,Ruminococcus_gauvreauii_group,uncultured_Lachnospiraceae_bacterium,Bacteria,Firmicutes,Clostridia,Oscillospirales,Ruminococcaceae,Ruminococcus,None,0.0170316301703163
Bacteria,Firmicutes,Clostridia,Lachnospirales,Lachnospiraceae,Ruminococcus_gauvreauii_group,uncultured_Lachnospiraceae_bacterium,Bacteria,Firmicutes,Clostridia,Oscillospirales,Ruminococcaceae,Subdoligranulum,None,0.0170316301703163
Bacteria,Firmicutes,Clostridia,Lachnospirales,Lachnospiraceae,Ruminococcus_gauvreauii_group,uncultured_Lachnospiraceae_bacterium,Bacteria,Firmicutes,Clostridia,Oscillospirales,Ruminococcaceae,UBA1819,None,0.0170316301703163
Bacteria,Firmicutes,Clostridia,Lachnospirales,Lachnospiraceae,Ruminococcus_gauvreauii_group,uncultured_Lachnospiraceae_bacterium,Bacteria,Firmicutes,Clostridia,Oscillospirales,Ruminococcaceae,None,None,0.014598540145985401
Bacteria,Firmicutes,Clostridia,Lachnospirales,Lachnospiraceae,Ruminococcus_gauvreauii_group,uncultured_Lachnospiraceae_bacterium,Bacteria,Firmicutes,Clostridia,Oscillospirales,Eubacterium_coprostanoligenes_group,metagenome,None,0.0170316301703163
Bacteria,Firmicutes,Clostridia,Lachnospirales,Lachnospiraceae,Ruminococcus_gauvreauii_group,uncultured_Lachnospiraceae_bacterium,Bacteria,Firmicutes,Clostridia,Oscillospirales,Eubacterium_coprostanoligenes_group,uncultured_Clostridiales_bacterium,None,0.0170316301703163
Bacteria,Firmicutes,Clostridia,Lachnospirales,Lachnospiraceae,Ruminococcus_gauvreauii_group,uncultured_Lachnospiraceae_bacterium,Bacteria,Firmicutes,Clostridia,Oscillospirales,None,None,None,0.012165450121654502
Bacteria,Firmicutes,Clostridia,Lachnospirales,Lachnospiraceae,Ruminococcus_gauvreauii_group,uncultured_Lachnospiraceae_bacterium,Bacteria,Firmicutes,Clostridia,Peptostreptococcales-Tissierellales,Peptostreptococcaceae,Romboutsia,None,0.0170316301703163
Bacteria,Firmicutes,Clostridia,Lachnospirales,Lachnospiraceae,Ruminococcus_gauvreauii_group,uncultured_Lachnospiraceae_bacterium,Bacteria,Firmicutes,Clostridia,None,None,None,None,0.009732360097323601
Bacteria,Firmicutes,Clostridia,Lachnospirales,Lachnospiraceae,Ruminococcus_gauvreauii_group,uncultured_Lachnospiraceae_bacterium,Bacteria,Firmicutes,Negativicutes,Acidaminococcales,Acidaminococcaceae,Phascolarctobacterium,None,0.021897810218978103
Bacteria,Firmicutes,Clostridia,Lachnospirales,Lachnospiraceae,Ruminococcus_gauvreauii_group,uncultured_Lachnospiraceae_bacterium,Bacteria,Firmicutes,Negativicutes,Veillonellales-Selenomonadales,Veillonellaceae,Veillonella,None,0.021897810218978103
Bacteria,Firmicutes,Clostridia,Lachnospirales,Lachnospiraceae,Ruminococcus_gauvreauii_group,uncultured_Lachnospiraceae_bacterium,Bacteria,Fusobacteriota,Fusobacteriia,Fusobacteriales,Fusobacteriaceae,Fusobacterium,None,0.0267639902676399
Bacteria,Firmicutes,Clostridia,Lachnospirales,Lachnospiraceae,Ruminococcus_gauvreauii_group,uncultured_Lachnospiraceae_bacterium,Bacteria,Proteobacteria,Gammaproteobacteria,Burkholderiales,Neisseriaceae,Neisseria,None,0.0267639902676399
Bacteria,Firmicutes,Clostridia,Lachnospirales,Lachnospiraceae,Ruminococcus_gauvreauii_group,uncultured_Lachnospiraceae_bacterium,Bacteria,Proteobacteria,Gammaproteobacteria,Enterobacterales,Enterobacteriaceae,None,None,0.024330900243309004
Bacteria,Firmicutes,Clostridia,Lachnospirales,Lachnospiraceae,Ruminococcus_gauvreauii_group,uncultured_Lachnospiraceae_bacterium,Bacteria,Proteobacteria,Gammaproteobacteria,Pasteurellales,Pasteurellaceae,Haemophilus,None,0.0267639902676399
Bacteria,Firmicutes,Clostridia,Lachnospirales,Lachnospiraceae,Ruminococcus_gauvreauii_group,uncultured_Lachnospiraceae_bacterium,Bacteria,Proteobacteria,Gammaproteobacteria,Pseudomonadales,Moraxellaceae,Acinetobacter,None,0.0267639902676399
Bacteria,Firmicutes,Clostridia,Lachnospirales,Lachnospiraceae,Ruminococcus_gauvreauii_group,uncultured_Lachnospiraceae_bacterium,Bacteria,Proteobacteria,Gammaproteobacteria,Pseudomonadales,Pseudomonadaceae,Pseudomonas,None,0.0267639902676399
Bacteria,Firmicutes,Clostridia,Lachnospirales,Lachnospiraceae,Ruminococcus_gauvreauii_group,uncultured_Lachnospiraceae_bacterium,Bacteria,Verrucomicrobiota,Verrucomicrobiae,Verrucomicrobiales,Akkermansiaceae,Akkermansia,None,0.0267639902676399
Bacteria,Firmicutes,Clostridia,Lachnospirales,Lachnospiraceae,Ruminococcus_torques_group,Clostridiaceae_bacterium_LEMV78,Bacteria,Firmicutes,Clostridia,Oscillospirales,Butyricicoccaceae,UCG-009,metagenome,0.019464720194647202
Bacteria,Firmicutes,Clostridia,Lachnospirales,Lachnospiraceae,Ruminococcus_torques_group,Clostridiaceae_bacterium_LEMV78,Bacteria,Firmicutes,Clostridia,Oscillospirales,Oscillospiraceae,Colidextribacter,None,0.0170316301703163
Bacteria,Firmicutes,Clostridia,Lachnospirales,Lachnospiraceae,Ruminococcus_torques_group,Clostridiaceae_bacterium_LEMV78,Bacteria,Firmicutes,Clostridia,Oscillospirales,Oscillospiraceae,Flavonifractor,None,0.0170316301703163
Bacteria,Firmicutes,Clostridia,Lachnospirales,Lachnospiraceae,Ruminococcus_torques_group,Clostridiaceae_bacterium_LEMV78,Bacteria,Firmicutes,Clostridia,Oscillospirales,Oscillospiraceae,NK4A214_group,metagenome,0.019464720194647202
Bacteria,Firmicutes,Clostridia,Lachnospirales,Lachnospiraceae,Ruminococcus_torques_group,Clostridiaceae_bacterium_LEMV78,Bacteria,Firmicutes,Clostridia,Oscillospirales,Oscillospiraceae,UCG-002,None,0.0170316301703163
Bacteria,Firmicutes,Clostridia,Lachnospirales,Lachnospiraceae,Ruminococcus_torques_group,Clostridiaceae_bacterium_LEMV78,Bacteria,Firmicutes,Clostridia,Oscillospirales,Oscillospiraceae,UCG-003,None,0.0170316301703163
Bacteria,Firmicutes,Clostridia,Lachnospirales,Lachnospiraceae,Ruminococcus_torques_group,Clostridiaceae_bacterium_LEMV78,Bacteria,Firmicutes,Clostridia,Oscillospirales,Oscillospiraceae,UCG-005,None,0.0170316301703163
Bacteria,Firmicutes,Clostridia,Lachnospirales,Lachnospiraceae,Ruminococcus_torques_group,Clostridiaceae_bacterium_LEMV78,Bacteria,Firmicutes,Clostridia,Oscillospirales,Ruminococcaceae,Candidatus_Soleaferrea,Neobitarella_massiliensis,0.019464720194647202
Bacteria,Firmicutes,Clostridia,Lachnospirales,Lachnospiraceae,Ruminococcus_torques_group,Clostridiaceae_bacterium_LEMV78,Bacteria,Firmicutes,Clostridia,Oscillospirales,Ruminococcaceae,Faecalibacterium,None,0.0170316301703163
Bacteria,Firmicutes,Clostridia,Lachnospirales,Lachnospiraceae,Ruminococcus_torques_group,Clostridiaceae_bacterium_LEMV78,Bacteria,Firmicutes,Clostridia,Oscillospirales,Ruminococcaceae,Incertae_Sedis,metagenome,0.019464720194647202
Bacteria,Firmicutes,Clostridia,Lachnospirales,Lachnospiraceae,Ruminococcus_torques_group,Clostridiaceae_bacterium_LEMV78,Bacteria,Firmicutes,Clostridia,Oscillospirales,Ruminococcaceae,Incertae_Sedis,None,0.0170316301703163
Bacteria,Firmicutes,Clostridia,Lachnospirales,Lachnospiraceae,Ruminococcus_torques_group,Clostridiaceae_bacterium_LEMV78,Bacteria,Firmicutes,Clostridia,Oscillospirales,Ruminococcaceae,Paludicola,metagenome,0.019464720194647202
Bacteria,Firmicutes,Clostridia,Lachnospirales,Lachnospiraceae,Ruminococcus_torques_group,Clostridiaceae_bacterium_LEMV78,Bacteria,Firmicutes,Clostridia,Oscillospirales,Ruminococcaceae,Ruminococcus,None,0.0170316301703163
Bacteria,Firmicutes,Clostridia,Lachnospirales,Lachnospiraceae,Ruminococcus_torques_group,Clostridiaceae_bacterium_LEMV78,Bacteria,Firmicutes,Clostridia,Oscillospirales,Ruminococcaceae,Subdoligranulum,None,0.0170316301703163
Bacteria,Firmicutes,Clostridia,Lachnospirales,Lachnospiraceae,Ruminococcus_torques_group,Clostridiaceae_bacterium_LEMV78,Bacteria,Firmicutes,Clostridia,Oscillospirales,Ruminococcaceae,UBA1819,None,0.0170316301703163
Bacteria,Firmicutes,Clostridia,Lachnospirales,Lachnospiraceae,Ruminococcus_torques_group,Clostridiaceae_bacterium_LEMV78,Bacteria,Firmicutes,Clostridia,Oscillospirales,Ruminococcaceae,None,None,0.014598540145985401
Bacteria,Firmicutes,Clostridia,Lachnospirales,Lachnospiraceae,Ruminococcus_torques_group,Clostridiaceae_bacterium_LEMV78,Bacteria,Firmicutes,Clostridia,Oscillospirales,Eubacterium_coprostanoligenes_group,metagenome,None,0.0170316301703163
Bacteria,Firmicutes,Clostridia,Lachnospirales,Lachnospiraceae,Ruminococcus_torques_group,Clostridiaceae_bacterium_LEMV78,Bacteria,Firmicutes,Clostridia,Oscillospirales,Eubacterium_coprostanoligenes_group,uncultured_Clostridiales_bacterium,None,0.0170316301703163
Bacteria,Firmicutes,Clostridia,Lachnospirales,Lachnospiraceae,Ruminococcus_torques_group,Clostridiaceae_bacterium_LEMV78,Bacteria,Firmicutes,Clostridia,Oscillospirales,None,None,None,0.012165450121654502
Bacteria,Firmicutes,Clostridia,Lachnospirales,Lachnospiraceae,Ruminococcus_torques_group,Clostridiaceae_bacterium_LEMV78,Bacteria,Firmicutes,Clostridia,Peptostreptococcales-Tissierellales,Peptostreptococcaceae,Romboutsia,None,0.0170316301703163
Bacteria,Firmicutes,Clostridia,Lachnospirales,Lachnospiraceae,Ruminococcus_torques_group,Clostridiaceae_bacterium_LEMV78,Bacteria,Firmicutes,Clostridia,None,None,None,None,0.009732360097323601
Bacteria,Firmicutes,Clostridia,Lachnospirales,Lachnospiraceae,Ruminococcus_torques_group,Clostridiaceae_bacterium_LEMV78,Bacteria,Firmicutes,Negativicutes,Acidaminococcales,Acidaminococcaceae,Phascolarctobacterium,None,0.021897810218978103
Bacteria,Firmicutes,Clostridia,Lachnospirales,Lachnospiraceae,Ruminococcus_torques_group,Clostridiaceae_bacterium_LEMV78,Bacteria,Firmicutes,Negativicutes,Veillonellales-Selenomonadales,Veillonellaceae,Veillonella,None,0.021897810218978103
Bacteria,Firmicutes,Clostridia,Lachnospirales,Lachnospiraceae,Ruminococcus_torques_group,Clostridiaceae_bacterium_LEMV78,Bacteria,Fusobacteriota,Fusobacteriia,Fusobacteriales,Fusobacteriaceae,Fusobacterium,None,0.0267639902676399
Bacteria,Firmicutes,Clostridia,Lachnospirales,Lachnospiraceae,Ruminococcus_torques_group,Clostridiaceae_bacterium_LEMV78,Bacteria,Proteobacteria,Gammaproteobacteria,Burkholderiales,Neisseriaceae,Neisseria,None,0.0267639902676399
Bacteria,Firmicutes,Clostridia,Lachnospirales,Lachnospiraceae,Ruminococcus_torques_group,Clostridiaceae_bacterium_LEMV78,Bacteria,Proteobacteria,Gammaproteobacteria,Enterobacterales,Enterobacteriaceae,None,None,0.024330900243309004
Bacteria,Firmicutes,Clostridia,Lachnospirales,Lachnospiraceae,Ruminococcus_torques_group,Clostridiaceae_bacterium_LEMV78,Bacteria,Proteobacteria,Gammaproteobacteria,Pasteurellales,Pasteurellaceae,Haemophilus,None,0.0267639902676399
Bacteria,Firmicutes,Clostridia,Lachnospirales,Lachnospiraceae,Ruminococcus_torques_group,Clostridiaceae_bacterium_LEMV78,Bacteria,Proteobacteria,Gammaproteobacteria,Pseudomonadales,Moraxellaceae,Acinetobacter,None,0.0267639902676399
Bacteria,Firmicutes,Clostridia,Lachnospirales,Lachnospiraceae,Ruminococcus_torques_group,Clostridiaceae_bacterium_LEMV78,Bacteria,Proteobacteria,Gammaproteobacteria,Pseudomonadales,Pseudomonadaceae,Pseudomonas,None,0.0267639902676399
Bacteria,Firmicutes,Clostridia,Lachnospirales,Lachnospiraceae,Ruminococcus_torques_group,Clostridiaceae_bacterium_LEMV78,Bacteria,Verrucomicrobiota,Verrucomicrobiae,Verrucomicrobiales,Akkermansiaceae,Akkermansia,None,0.0267639902676399
Bacteria,Firmicutes,Clostridia,Oscillospirales,Butyricicoccaceae,UCG-009,metagenome,Bacteria,Firmicutes,Clostridia,Oscillospirales,Oscillospiraceae,Colidextribacter,None,0.012165450121654502
Bacteria,Firmicutes,Clostridia,Oscillospirales,Butyricicoccaceae,UCG-009,metagenome,Bacteria,Firmicutes,Clostridia,Oscillospirales,Oscillospiraceae,Flavonifractor,None,0.012165450121654502
Bacteria,Firmicutes,Clostridia,Oscillospirales,Butyricicoccaceae,UCG-009,metagenome,Bacteria,Firmicutes,Clostridia,Oscillospirales,Oscillospiraceae,NK4A214_group,metagenome,0.014598540145985401
Bacteria,Firmicutes,Clostridia,Oscillospirales,Butyricicoccaceae,UCG-009,metagenome,Bacteria,Firmicutes,Clostridia,Oscillospirales,Oscillospiraceae,UCG-002,None,0.012165450121654502
Bacteria,Firmicutes,Clostridia,Oscillospirales,Butyricicoccaceae,UCG-009,metagenome,Bacteria,Firmicutes,Clostridia,Oscillospirales,Oscillospiraceae,UCG-003,None,0.012165450121654502
Bacteria,Firmicutes,Clostridia,Oscillospirales,Butyricicoccaceae,UCG-009,metagenome,Bacteria,Firmicutes,Clostridia,Oscillospirales,Oscillospiraceae,UCG-005,None,0.012165450121654502
Bacteria,Firmicutes,Clostridia,Oscillospirales,Butyricicoccaceae,UCG-009,metagenome,Bacteria,Firmicutes,Clostridia,Oscillospirales,Ruminococcaceae,Candidatus_Soleaferrea,Neobitarella_massiliensis,0.014598540145985401
Bacteria,Firmicutes,Clostridia,Oscillospirales,Butyricicoccaceae,UCG-009,metagenome,Bacteria,Firmicutes,Clostridia,Oscillospirales,Ruminococcaceae,Faecalibacterium,None,0.012165450121654502
Bacteria,Firmicutes,Clostridia,Oscillospirales,Butyricicoccaceae,UCG-009,metagenome,Bacteria,Firmicutes,Clostridia,Oscillospirales,Ruminococcaceae,Incertae_Sedis,metagenome,0.014598540145985401
Bacteria,Firmicutes,Clostridia,Oscillospirales,Butyricicoccaceae,UCG-009,metagenome,Bacteria,Firmicutes,Clostridia,Oscillospirales,Ruminococcaceae,Incertae_Sedis,None,0.012165450121654502
Bacteria,Firmicutes,Clostridia,Oscillospirales,Butyricicoccaceae,UCG-009,metagenome,Bacteria,Firmicutes,Clostridia,Oscillospirales,Ruminococcaceae,Paludicola,metagenome,0.014598540145985401
Bacteria,Firmicutes,Clostridia,Oscillospirales,Butyricicoccaceae,UCG-009,metagenome,Bacteria,Firmicutes,Clostridia,Oscillospirales,Ruminococcaceae,Ruminococcus,None,0.012165450121654502
Bacteria,Firmicutes,Clostridia,Oscillospirales,Butyricicoccaceae,UCG-009,metagenome,Bacteria,Firmicutes,Clostridia,Oscillospirales,Ruminococcaceae,Subdoligranulum,None,0.012165450121654502
Bacteria,Firmicutes,Clostridia,Oscillospirales,Butyricicoccaceae,UCG-009,metagenome,Bacteria,Firmicutes,Clostridia,Oscillospirales,Ruminococcaceae,UBA1819,None,0.012165450121654502
Bacteria,Firmicutes,Clostridia,Oscillospirales,Butyricicoccaceae,UCG-009,metagenome,Bacteria,Firmicutes,Clostridia,Oscillospirales,Ruminococcaceae,None,None,0.009732360097323601
Bacteria,Firmicutes,Clostridia,Oscillospirales,Butyricicoccaceae,UCG-009,metagenome,Bacteria,Firmicutes,Clostridia,Oscillospirales,Eubacterium_coprostanoligenes_group,metagenome,None,0.012165450121654502
Bacteria,Firmicutes,Clostridia,Oscillospirales,Butyricicoccaceae,UCG-009,metagenome,Bacteria,Firmicutes,Clostridia,Oscillospirales,Eubacterium_coprostanoligenes_group,uncultured_Clostridiales_bacterium,None,0.012165450121654502
Bacteria,Firmicutes,Clostridia,Oscillospirales,Butyricicoccaceae,UCG-009,metagenome,Bacteria,Firmicutes,Clostridia,Oscillospirales,None,None,None,0.009732360097323601
Bacteria,Firmicutes,Clostridia,Oscillospirales,Butyricicoccaceae,UCG-009,metagenome,Bacteria,Firmicutes,Clostridia,Peptostreptococcales-Tissierellales,Peptostreptococcaceae,Romboutsia,None,0.0170316301703163
Bacteria,Firmicutes,Clostridia,Oscillospirales,Butyricicoccaceae,UCG-009,metagenome,Bacteria,Firmicutes,Clostridia,None,None,None,None,0.009732360097323601
Bacteria,Firmicutes,Clostridia,Oscillospirales,Butyricicoccaceae,UCG-009,metagenome,Bacteria,Firmicutes,Negativicutes,Acidaminococcales,Acidaminococcaceae,Phascolarctobacterium,None,0.021897810218978103
Bacteria,Firmicutes,Clostridia,Oscillospirales,Butyricicoccaceae,UCG-009,metagenome,Bacteria,Firmicutes,Negativicutes,Veillonellales-Selenomonadales,Veillonellaceae,Veillonella,None,0.021897810218978103
Bacteria,Firmicutes,Clostridia,Oscillospirales,Butyricicoccaceae,UCG-009,metagenome,Bacteria,Fusobacteriota,Fusobacteriia,Fusobacteriales,Fusobacteriaceae,Fusobacterium,None,0.0267639902676399
Bacteria,Firmicutes,Clostridia,Oscillospirales,Butyricicoccaceae,UCG-009,metagenome,Bacteria,Proteobacteria,Gammaproteobacteria,Burkholderiales,Neisseriaceae,Neisseria,None,0.0267639902676399
Bacteria,Firmicutes,Clostridia,Oscillospirales,Butyricicoccaceae,UCG-009,metagenome,Bacteria,Proteobacteria,Gammaproteobacteria,Enterobacterales,Enterobacteriaceae,None,None,0.024330900243309004
Bacteria,Firmicutes,Clostridia,Oscillospirales,Butyricicoccaceae,UCG-009,metagenome,Bacteria,Proteobacteria,Gammaproteobacteria,Pasteurellales,Pasteurellaceae,Haemophilus,None,0.0267639902676399
Bacteria,Firmicutes,Clostridia,Oscillospirales,Butyricicoccaceae,UCG-009,metagenome,Bacteria,Proteobacteria,Gammaproteobacteria,Pseudomonadales,Moraxellaceae,Acinetobacter,None,0.0267639902676399
Bacteria,Firmicutes,Clostridia,Oscillospirales,Butyricicoccaceae,UCG-009,metagenome,Bacteria,Proteobacteria,Gammaproteobacteria,Pseudomonadales,Pseudomonadaceae,Pseudomonas,None,0.0267639902676399
Bacteria,Firmicutes,Clostridia,Oscillospirales,Butyricicoccaceae,UCG-009,metagenome,Bacteria,Verrucomicrobiota,Verrucomicrobiae,Verrucomicrobiales,Akkermansiaceae,Akkermansia,None,0.0267639902676399
Bacteria,Firmicutes,Clostridia,Oscillospirales,Oscillospiraceae,Colidextribacter,None,Bacteria,Firmicutes,Clostridia,Oscillospirales,Oscillospiraceae,Flavonifractor,None,0.004866180048661801
Bacteria,Firmicutes,Clostridia,Oscillospirales,Oscillospiraceae,Colidextribacter,None,Bacteria,Firmicutes,Clostridia,Oscillospirales,Oscillospiraceae,NK4A214_group,metagenome,0.0072992700729927005
Bacteria,Firmicutes,Clostridia,Oscillospirales,Oscillospiraceae,Colidextribacter,None,Bacteria,Firmicutes,Clostridia,Oscillospirales,Oscillospiraceae,UCG-002,None,0.004866180048661801
Bacteria,Firmicutes,Clostridia,Oscillospirales,Oscillospiraceae,Colidextribacter,None,Bacteria,Firmicutes,Clostridia,Oscillospirales,Oscillospiraceae,UCG-003,None,0.004866180048661801
Bacteria,Firmicutes,Clostridia,Oscillospirales,Oscillospiraceae,Colidextribacter,None,Bacteria,Firmicutes,Clostridia,Oscillospirales,Oscillospiraceae,UCG-005,None,0.004866180048661801
Bacteria,Firmicutes,Clostridia,Oscillospirales,Oscillospiraceae,Colidextribacter,None,Bacteria,Firmicutes,Clostridia,Oscillospirales,Ruminococcaceae,Candidatus_Soleaferrea,Neobitarella_massiliensis,0.012165450121654502
Bacteria,Firmicutes,Clostridia,Oscillospirales,Oscillospiraceae,Colidextribacter,None,Bacteria,Firmicutes,Clostridia,Oscillospirales,Ruminococcaceae,Faecalibacterium,None,0.009732360097323601
Bacteria,Firmicutes,Clostridia,Oscillospirales,Oscillospiraceae,Colidextribacter,None,Bacteria,Firmicutes,Clostridia,Oscillospirales,Ruminococcaceae,Incertae_Sedis,metagenome,0.012165450121654502
Bacteria,Firmicutes,Clostridia,Oscillospirales,Oscillospiraceae,Colidextribacter,None,Bacteria,Firmicutes,Clostridia,Oscillospirales,Ruminococcaceae,Incertae_Sedis,None,0.009732360097323601
Bacteria,Firmicutes,Clostridia,Oscillospirales,Oscillospiraceae,Colidextribacter,None,Bacteria,Firmicutes,Clostridia,Oscillospirales,Ruminococcaceae,Paludicola,metagenome,0.012165450121654502
Bacteria,Firmicutes,Clostridia,Oscillospirales,Oscillospiraceae,Colidextribacter,None,Bacteria,Firmicutes,Clostridia,Oscillospirales,Ruminococcaceae,Ruminococcus,None,0.009732360097323601
Bacteria,Firmicutes,Clostridia,Oscillospirales,Oscillospiraceae,Colidextribacter,None,Bacteria,Firmicutes,Clostridia,Oscillospirales,Ruminococcaceae,Subdoligranulum,None,0.009732360097323601
Bacteria,Firmicutes,Clostridia,Oscillospirales,Oscillospiraceae,Colidextribacter,None,Bacteria,Firmicutes,Clostridia,Oscillospirales,Ruminococcaceae,UBA1819,None,0.009732360097323601
Bacteria,Firmicutes,Clostridia,Oscillospirales,Oscillospiraceae,Colidextribacter,None,Bacteria,Firmicutes,Clostridia,Oscillospirales,Ruminococcaceae,None,None,0.0072992700729927005
Bacteria,Firmicutes,Clostridia,Oscillospirales,Oscillospiraceae,Colidextribacter,None,Bacteria,Firmicutes,Clostridia,Oscillospirales,Eubacterium_coprostanoligenes_group,metagenome,None,0.009732360097323601
Bacteria,Firmicutes,Clostridia,Oscillospirales,Oscillospiraceae,Colidextribacter,None,Bacteria,Firmicutes,Clostridia,Oscillospirales,Eubacterium_coprostanoligenes_group,uncultured_Clostridiales_bacterium,None,0.009732360097323601
Bacteria,Firmicutes,Clostridia,Oscillospirales,Oscillospiraceae,Colidextribacter,None,Bacteria,Firmicutes,Clostridia,Oscillospirales,None,None,None,0.0072992700729927005
Bacteria,Firmicutes,Clostridia,Oscillospirales,Oscillospiraceae,Colidextribacter,None,Bacteria,Firmicutes,Clostridia,Peptostreptococcales-Tissierellales,Peptostreptococcaceae,Romboutsia,None,0.014598540145985401
Bacteria,Firmicutes,Clostridia,Oscillospirales,Oscillospiraceae,Colidextribacter,None,Bacteria,Firmicutes,Clostridia,None,None,None,None,0.0072992700729927005
Bacteria,Firmicutes,Clostridia,Oscillospirales,Oscillospiraceae,Colidextribacter,None,Bacteria,Firmicutes,Negativicutes,Acidaminococcales,Acidaminococcaceae,Phascolarctobacterium,None,0.019464720194647202
Bacteria,Firmicutes,Clostridia,Oscillospirales,Oscillospiraceae,Colidextribacter,None,Bacteria,Firmicutes,Negativicutes,Veillonellales-Selenomonadales,Veillonellaceae,Veillonella,None,0.019464720194647202
Bacteria,Firmicutes,Clostridia,Oscillospirales,Oscillospiraceae,Colidextribacter,None,Bacteria,Fusobacteriota,Fusobacteriia,Fusobacteriales,Fusobacteriaceae,Fusobacterium,None,0.024330900243309004
Bacteria,Firmicutes,Clostridia,Oscillospirales,Oscillospiraceae,Colidextribacter,None,Bacteria,Proteobacteria,Gammaproteobacteria,Burkholderiales,Neisseriaceae,Neisseria,None,0.024330900243309004
Bacteria,Firmicutes,Clostridia,Oscillospirales,Oscillospiraceae,Colidextribacter,None,Bacteria,Proteobacteria,Gammaproteobacteria,Enterobacterales,Enterobacteriaceae,None,None,0.021897810218978103
Bacteria,Firmicutes,Clostridia,Oscillospirales,Oscillospiraceae,Colidextribacter,None,Bacteria,Proteobacteria,Gammaproteobacteria,Pasteurellales,Pasteurellaceae,Haemophilus,None,0.024330900243309004
Bacteria,Firmicutes,Clostridia,Oscillospirales,Oscillospiraceae,Colidextribacter,None,Bacteria,Proteobacteria,Gammaproteobacteria,Pseudomonadales,Moraxellaceae,Acinetobacter,None,0.024330900243309004
Bacteria,Firmicutes,Clostridia,Oscillospirales,Oscillospiraceae,Colidextribacter,None,Bacteria,Proteobacteria,Gammaproteobacteria,Pseudomonadales,Pseudomonadaceae,Pseudomonas,None,0.024330900243309004
Bacteria,Firmicutes,Clostridia,Oscillospirales,Oscillospiraceae,Colidextribacter,None,Bacteria,Verrucomicrobiota,Verrucomicrobiae,Verrucomicrobiales,Akkermansiaceae,Akkermansia,None,0.024330900243309004
Bacteria,Firmicutes,Clostridia,Oscillospirales,Oscillospiraceae,Flavonifractor,None,Bacteria,Firmicutes,Clostridia,Oscillospirales,Oscillospiraceae,NK4A214_group,metagenome,0.0072992700729927005
Bacteria,Firmicutes,Clostridia,Oscillospirales,Oscillospiraceae,Flavonifractor,None,Bacteria,Firmicutes,Clostridia,Oscillospirales,Oscillospiraceae,UCG-002,None,0.004866180048661801
Bacteria,Firmicutes,Clostridia,Oscillospirales,Oscillospiraceae,Flavonifractor,None,Bacteria,Firmicutes,Clostridia,Oscillospirales,Oscillospiraceae,UCG-003,None,0.004866180048661801
Bacteria,Firmicutes,Clostridia,Oscillospirales,Oscillospiraceae,Flavonifractor,None,Bacteria,Firmicutes,Clostridia,Oscillospirales,Oscillospiraceae,UCG-005,None,0.004866180048661801
Bacteria,Firmicutes,Clostridia,Oscillospirales,Oscillospiraceae,Flavonifractor,None,Bacteria,Firmicutes,Clostridia,Oscillospirales,Ruminococcaceae,Candidatus_Soleaferrea,Neobitarella_massiliensis,0.012165450121654502
Bacteria,Firmicutes,Clostridia,Oscillospirales,Oscillospiraceae,Flavonifractor,None,Bacteria,Firmicutes,Clostridia,Oscillospirales,Ruminococcaceae,Faecalibacterium,None,0.009732360097323601
Bacteria,Firmicutes,Clostridia,Oscillospirales,Oscillospiraceae,Flavonifractor,None,Bacteria,Firmicutes,Clostridia,Oscillospirales,Ruminococcaceae,Incertae_Sedis,metagenome,0.012165450121654502
Bacteria,Firmicutes,Clostridia,Oscillospirales,Oscillospiraceae,Flavonifractor,None,Bacteria,Firmicutes,Clostridia,Oscillospirales,Ruminococcaceae,Incertae_Sedis,None,0.009732360097323601
Bacteria,Firmicutes,Clostridia,Oscillospirales,Oscillospiraceae,Flavonifractor,None,Bacteria,Firmicutes,Clostridia,Oscillospirales,Ruminococcaceae,Paludicola,metagenome,0.012165450121654502
Bacteria,Firmicutes,Clostridia,Oscillospirales,Oscillospiraceae,Flavonifractor,None,Bacteria,Firmicutes,Clostridia,Oscillospirales,Ruminococcaceae,Ruminococcus,None,0.009732360097323601
Bacteria,Firmicutes,Clostridia,Oscillospirales,Oscillospiraceae,Flavonifractor,None,Bacteria,Firmicutes,Clostridia,Oscillospirales,Ruminococcaceae,Subdoligranulum,None,0.009732360097323601
Bacteria,Firmicutes,Clostridia,Oscillospirales,Oscillospiraceae,Flavonifractor,None,Bacteria,Firmicutes,Clostridia,Oscillospirales,Ruminococcaceae,UBA1819,None,0.009732360097323601
Bacteria,Firmicutes,Clostridia,Oscillospirales,Oscillospiraceae,Flavonifractor,None,Bacteria,Firmicutes,Clostridia,Oscillospirales,Ruminococcaceae,None,None,0.0072992700729927005
Bacteria,Firmicutes,Clostridia,Oscillospirales,Oscillospiraceae,Flavonifractor,None,Bacteria,Firmicutes,Clostridia,Oscillospirales,Eubacterium_coprostanoligenes_group,metagenome,None,0.009732360097323601
Bacteria,Firmicutes,Clostridia,Oscillospirales,Oscillospiraceae,Flavonifractor,None,Bacteria,Firmicutes,Clostridia,Oscillospirales,Eubacterium_coprostanoligenes_group,uncultured_Clostridiales_bacterium,None,0.009732360097323601
Bacteria,Firmicutes,Clostridia,Oscillospirales,Oscillospiraceae,Flavonifractor,None,Bacteria,Firmicutes,Clostridia,Oscillospirales,None,None,None,0.0072992700729927005
Bacteria,Firmicutes,Clostridia,Oscillospirales,Oscillospiraceae,Flavonifractor,None,Bacteria,Firmicutes,Clostridia,Peptostreptococcales-Tissierellales,Peptostreptococcaceae,Romboutsia,None,0.014598540145985401
Bacteria,Firmicutes,Clostridia,Oscillospirales,Oscillospiraceae,Flavonifractor,None,Bacteria,Firmicutes,Clostridia,None,None,None,None,0.0072992700729927005
Bacteria,Firmicutes,Clostridia,Oscillospirales,Oscillospiraceae,Flavonifractor,None,Bacteria,Firmicutes,Negativicutes,Acidaminococcales,Acidaminococcaceae,Phascolarctobacterium,None,0.019464720194647202
Bacteria,Firmicutes,Clostridia,Oscillospirales,Oscillospiraceae,Flavonifractor,None,Bacteria,Firmicutes,Negativicutes,Veillonellales-Selenomonadales,Veillonellaceae,Veillonella,None,0.019464720194647202
Bacteria,Firmicutes,Clostridia,Oscillospirales,Oscillospiraceae,Flavonifractor,None,Bacteria,Fusobacteriota,Fusobacteriia,Fusobacteriales,Fusobacteriaceae,Fusobacterium,None,0.024330900243309004
Bacteria,Firmicutes,Clostridia,Oscillospirales,Oscillospiraceae,Flavonifractor,None,Bacteria,Proteobacteria,Gammaproteobacteria,Burkholderiales,Neisseriaceae,Neisseria,None,0.024330900243309004
Bacteria,Firmicutes,Clostridia,Oscillospirales,Oscillospiraceae,Flavonifractor,None,Bacteria,Proteobacteria,Gammaproteobacteria,Enterobacterales,Enterobacteriaceae,None,None,0.021897810218978103
Bacteria,Firmicutes,Clostridia,Oscillospirales,Oscillospiraceae,Flavonifractor,None,Bacteria,Proteobacteria,Gammaproteobacteria,Pasteurellales,Pasteurellaceae,Haemophilus,None,0.024330900243309004
Bacteria,Firmicutes,Clostridia,Oscillospirales,Oscillospiraceae,Flavonifractor,None,Bacteria,Proteobacteria,Gammaproteobacteria,Pseudomonadales,Moraxellaceae,Acinetobacter,None,0.024330900243309004
Bacteria,Firmicutes,Clostridia,Oscillospirales,Oscillospiraceae,Flavonifractor,None,Bacteria,Proteobacteria,Gammaproteobacteria,Pseudomonadales,Pseudomonadaceae,Pseudomonas,None,0.024330900243309004
Bacteria,Firmicutes,Clostridia,Oscillospirales,Oscillospiraceae,Flavonifractor,None,Bacteria,Verrucomicrobiota,Verrucomicrobiae,Verrucomicrobiales,Akkermansiaceae,Akkermansia,None,0.024330900243309004
Bacteria,Firmicutes,Clostridia,Oscillospirales,Oscillospiraceae,NK4A214_group,metagenome,Bacteria,Firmicutes,Clostridia,Oscillospirales,Oscillospiraceae,UCG-002,None,0.0072992700729927005
Bacteria,Firmicutes,Clostridia,Oscillospirales,Oscillospiraceae,NK4A214_group,metagenome,Bacteria,Firmicutes,Clostridia,Oscillospirales,Oscillospiraceae,UCG-003,None,0.0072992700729927005
Bacteria,Firmicutes,Clostridia,Oscillospirales,Oscillospiraceae,NK4A214_group,metagenome,Bacteria,Firmicutes,Clostridia,Oscillospirales,Oscillospiraceae,UCG-005,None,0.0072992700729927005
Bacteria,Firmicutes,Clostridia,Oscillospirales,Oscillospiraceae,NK4A214_group,metagenome,Bacteria,Firmicutes,Clostridia,Oscillospirales,Ruminococcaceae,Candidatus_Soleaferrea,Neobitarella_massiliensis,0.014598540145985401
Bacteria,Firmicutes,Clostridia,Oscillospirales,Oscillospiraceae,NK4A214_group,metagenome,Bacteria,Firmicutes,Clostridia,Oscillospirales,Ruminococcaceae,Faecalibacterium,None,0.012165450121654502
Bacteria,Firmicutes,Clostridia,Oscillospirales,Oscillospiraceae,NK4A214_group,metagenome,Bacteria,Firmicutes,Clostridia,Oscillospirales,Ruminococcaceae,Incertae_Sedis,metagenome,0.014598540145985401
Bacteria,Firmicutes,Clostridia,Oscillospirales,Oscillospiraceae,NK4A214_group,metagenome,Bacteria,Firmicutes,Clostridia,Oscillospirales,Ruminococcaceae,Incertae_Sedis,None,0.012165450121654502
Bacteria,Firmicutes,Clostridia,Oscillospirales,Oscillospiraceae,NK4A214_group,metagenome,Bacteria,Firmicutes,Clostridia,Oscillospirales,Ruminococcaceae,Paludicola,metagenome,0.014598540145985401
Bacteria,Firmicutes,Clostridia,Oscillospirales,Oscillospiraceae,NK4A214_group,metagenome,Bacteria,Firmicutes,Clostridia,Oscillospirales,Ruminococcaceae,Ruminococcus,None,0.012165450121654502
Bacteria,Firmicutes,Clostridia,Oscillospirales,Oscillospiraceae,NK4A214_group,metagenome,Bacteria,Firmicutes,Clostridia,Oscillospirales,Ruminococcaceae,Subdoligranulum,None,0.012165450121654502
Bacteria,Firmicutes,Clostridia,Oscillospirales,Oscillospiraceae,NK4A214_group,metagenome,Bacteria,Firmicutes,Clostridia,Oscillospirales,Ruminococcaceae,UBA1819,None,0.012165450121654502
Bacteria,Firmicutes,Clostridia,Oscillospirales,Oscillospiraceae,NK4A214_group,metagenome,Bacteria,Firmicutes,Clostridia,Oscillospirales,Ruminococcaceae,None,None,0.009732360097323601
Bacteria,Firmicutes,Clostridia,Oscillospirales,Oscillospiraceae,NK4A214_group,metagenome,Bacteria,Firmicutes,Clostridia,Oscillospirales,Eubacterium_coprostanoligenes_group,metagenome,None,0.012165450121654502
Bacteria,Firmicutes,Clostridia,Oscillospirales,Oscillospiraceae,NK4A214_group,metagenome,Bacteria,Firmicutes,Clostridia,Oscillospirales,Eubacterium_coprostanoligenes_group,uncultured_Clostridiales_bacterium,None,0.012165450121654502
Bacteria,Firmicutes,Clostridia,Oscillospirales,Oscillospiraceae,NK4A214_group,metagenome,Bacteria,Firmicutes,Clostridia,Oscillospirales,None,None,None,0.009732360097323601
Bacteria,Firmicutes,Clostridia,Oscillospirales,Oscillospiraceae,NK4A214_group,metagenome,Bacteria,Firmicutes,Clostridia,Peptostreptococcales-Tissierellales,Peptostreptococcaceae,Romboutsia,None,0.0170316301703163
Bacteria,Firmicutes,Clostridia,Oscillospirales,Oscillospiraceae,NK4A214_group,metagenome,Bacteria,Firmicutes,Clostridia,None,None,None,None,0.009732360097323601
Bacteria,Firmicutes,Clostridia,Oscillospirales,Oscillospiraceae,NK4A214_group,metagenome,Bacteria,Firmicutes,Negativicutes,Acidaminococcales,Acidaminococcaceae,Phascolarctobacterium,None,0.021897810218978103
Bacteria,Firmicutes,Clostridia,Oscillospirales,Oscillospiraceae,NK4A214_group,metagenome,Bacteria,Firmicutes,Negativicutes,Veillonellales-Selenomonadales,Veillonellaceae,Veillonella,None,0.021897810218978103
Bacteria,Firmicutes,Clostridia,Oscillospirales,Oscillospiraceae,NK4A214_group,metagenome,Bacteria,Fusobacteriota,Fusobacteriia,Fusobacteriales,Fusobacteriaceae,Fusobacterium,None,0.0267639902676399
Bacteria,Firmicutes,Clostridia,Oscillospirales,Oscillospiraceae,NK4A214_group,metagenome,Bacteria,Proteobacteria,Gammaproteobacteria,Burkholderiales,Neisseriaceae,Neisseria,None,0.0267639902676399
Bacteria,Firmicutes,Clostridia,Oscillospirales,Oscillospiraceae,NK4A214_group,metagenome,Bacteria,Proteobacteria,Gammaproteobacteria,Enterobacterales,Enterobacteriaceae,None,None,0.024330900243309004
Bacteria,Firmicutes,Clostridia,Oscillospirales,Oscillospiraceae,NK4A214_group,metagenome,Bacteria,Proteobacteria,Gammaproteobacteria,Pasteurellales,Pasteurellaceae,Haemophilus,None,0.0267639902676399
Bacteria,Firmicutes,Clostridia,Oscillospirales,Oscillospiraceae,NK4A214_group,metagenome,Bacteria,Proteobacteria,Gammaproteobacteria,Pseudomonadales,Moraxellaceae,Acinetobacter,None,0.0267639902676399
Bacteria,Firmicutes,Clostridia,Oscillospirales,Oscillospiraceae,NK4A214_group,metagenome,Bacteria,Proteobacteria,Gammaproteobacteria,Pseudomonadales,Pseudomonadaceae,Pseudomonas,None,0.0267639902676399
Bacteria,Firmicutes,Clostridia,Oscillospirales,Oscillospiraceae,NK4A214_group,metagenome,Bacteria,Verrucomicrobiota,Verrucomicrobiae,Verrucomicrobiales,Akkermansiaceae,Akkermansia,None,0.0267639902676399
Bacteria,Firmicutes,Clostridia,Oscillospirales,Oscillospiraceae,UCG-002,None,Bacteria,Firmicutes,Clostridia,Oscillospirales,Oscillospiraceae,UCG-003,None,0.004866180048661801
Bacteria,Firmicutes,Clostridia,Oscillospirales,Oscillospiraceae,UCG-002,None,Bacteria,Firmicutes,Clostridia,Oscillospirales,Oscillospiraceae,UCG-005,None,0.004866180048661801
Bacteria,Firmicutes,Clostridia,Oscillospirales,Oscillospiraceae,UCG-002,None,Bacteria,Firmicutes,Clostridia,Oscillospirales,Ruminococcaceae,Candidatus_Soleaferrea,Neobitarella_massiliensis,0.012165450121654502
Bacteria,Firmicutes,Clostridia,Oscillospirales,Oscillospiraceae,UCG-002,None,Bacteria,Firmicutes,Clostridia,Oscillospirales,Ruminococcaceae,Faecalibacterium,None,0.009732360097323601
Bacteria,Firmicutes,Clostridia,Oscillospirales,Oscillospiraceae,UCG-002,None,Bacteria,Firmicutes,Clostridia,Oscillospirales,Ruminococcaceae,Incertae_Sedis,metagenome,0.012165450121654502
Bacteria,Firmicutes,Clostridia,Oscillospirales,Oscillospiraceae,UCG-002,None,Bacteria,Firmicutes,Clostridia,Oscillospirales,Ruminococcaceae,Incertae_Sedis,None,0.009732360097323601
Bacteria,Firmicutes,Clostridia,Oscillospirales,Oscillospiraceae,UCG-002,None,Bacteria,Firmicutes,Clostridia,Oscillospirales,Ruminococcaceae,Paludicola,metagenome,0.012165450121654502
Bacteria,Firmicutes,Clostridia,Oscillospirales,Oscillospiraceae,UCG-002,None,Bacteria,Firmicutes,Clostridia,Oscillospirales,Ruminococcaceae,Ruminococcus,None,0.009732360097323601
Bacteria,Firmicutes,Clostridia,Oscillospirales,Oscillospiraceae,UCG-002,None,Bacteria,Firmicutes,Clostridia,Oscillospirales,Ruminococcaceae,Subdoligranulum,None,0.009732360097323601
Bacteria,Firmicutes,Clostridia,Oscillospirales,Oscillospiraceae,UCG-002,None,Bacteria,Firmicutes,Clostridia,Oscillospirales,Ruminococcaceae,UBA1819,None,0.009732360097323601
Bacteria,Firmicutes,Clostridia,Oscillospirales,Oscillospiraceae,UCG-002,None,Bacteria,Firmicutes,Clostridia,Oscillospirales,Ruminococcaceae,None,None,0.0072992700729927005
Bacteria,Firmicutes,Clostridia,Oscillospirales,Oscillospiraceae,UCG-002,None,Bacteria,Firmicutes,Clostridia,Oscillospirales,Eubacterium_coprostanoligenes_group,metagenome,None,0.009732360097323601
Bacteria,Firmicutes,Clostridia,Oscillospirales,Oscillospiraceae,UCG-002,None,Bacteria,Firmicutes,Clostridia,Oscillospirales,Eubacterium_coprostanoligenes_group,uncultured_Clostridiales_bacterium,None,0.009732360097323601
Bacteria,Firmicutes,Clostridia,Oscillospirales,Oscillospiraceae,UCG-002,None,Bacteria,Firmicutes,Clostridia,Oscillospirales,None,None,None,0.0072992700729927005
Bacteria,Firmicutes,Clostridia,Oscillospirales,Oscillospiraceae,UCG-002,None,Bacteria,Firmicutes,Clostridia,Peptostreptococcales-Tissierellales,Peptostreptococcaceae,Romboutsia,None,0.014598540145985401
Bacteria,Firmicutes,Clostridia,Oscillospirales,Oscillospiraceae,UCG-002,None,Bacteria,Firmicutes,Clostridia,None,None,None,None,0.0072992700729927005
Bacteria,Firmicutes,Clostridia,Oscillospirales,Oscillospiraceae,UCG-002,None,Bacteria,Firmicutes,Negativicutes,Acidaminococcales,Acidaminococcaceae,Phascolarctobacterium,None,0.019464720194647202
Bacteria,Firmicutes,Clostridia,Oscillospirales,Oscillospiraceae,UCG-002,None,Bacteria,Firmicutes,Negativicutes,Veillonellales-Selenomonadales,Veillonellaceae,Veillonella,None,0.019464720194647202
Bacteria,Firmicutes,Clostridia,Oscillospirales,Oscillospiraceae,UCG-002,None,Bacteria,Fusobacteriota,Fusobacteriia,Fusobacteriales,Fusobacteriaceae,Fusobacterium,None,0.024330900243309004
Bacteria,Firmicutes,Clostridia,Oscillospirales,Oscillospiraceae,UCG-002,None,Bacteria,Proteobacteria,Gammaproteobacteria,Burkholderiales,Neisseriaceae,Neisseria,None,0.024330900243309004
Bacteria,Firmicutes,Clostridia,Oscillospirales,Oscillospiraceae,UCG-002,None,Bacteria,Proteobacteria,Gammaproteobacteria,Enterobacterales,Enterobacteriaceae,None,None,0.021897810218978103
Bacteria,Firmicutes,Clostridia,Oscillospirales,Oscillospiraceae,UCG-002,None,Bacteria,Proteobacteria,Gammaproteobacteria,Pasteurellales,Pasteurellaceae,Haemophilus,None,0.024330900243309004
Bacteria,Firmicutes,Clostridia,Oscillospirales,Oscillospiraceae,UCG-002,None,Bacteria,Proteobacteria,Gammaproteobacteria,Pseudomonadales,Moraxellaceae,Acinetobacter,None,0.024330900243309004
Bacteria,Firmicutes,Clostridia,Oscillospirales,Oscillospiraceae,UCG-002,None,Bacteria,Proteobacteria,Gammaproteobacteria,Pseudomonadales,Pseudomonadaceae,Pseudomonas,None,0.024330900243309004
Bacteria,Firmicutes,Clostridia,Oscillospirales,Oscillospiraceae,UCG-002,None,Bacteria,Verrucomicrobiota,Verrucomicrobiae,Verrucomicrobiales,Akkermansiaceae,Akkermansia,None,0.024330900243309004
Bacteria,Firmicutes,Clostridia,Oscillospirales,Oscillospiraceae,UCG-003,None,Bacteria,Firmicutes,Clostridia,Oscillospirales,Oscillospiraceae,UCG-005,None,0.004866180048661801
Bacteria,Firmicutes,Clostridia,Oscillospirales,Oscillospiraceae,UCG-003,None,Bacteria,Firmicutes,Clostridia,Oscillospirales,Ruminococcaceae,Candidatus_Soleaferrea,Neobitarella_massiliensis,0.012165450121654502
Bacteria,Firmicutes,Clostridia,Oscillospirales,Oscillospiraceae,UCG-003,None,Bacteria,Firmicutes,Clostridia,Oscillospirales,Ruminococcaceae,Faecalibacterium,None,0.009732360097323601
Bacteria,Firmicutes,Clostridia,Oscillospirales,Oscillospiraceae,UCG-003,None,Bacteria,Firmicutes,Clostridia,Oscillospirales,Ruminococcaceae,Incertae_Sedis,metagenome,0.012165450121654502
Bacteria,Firmicutes,Clostridia,Oscillospirales,Oscillospiraceae,UCG-003,None,Bacteria,Firmicutes,Clostridia,Oscillospirales,Ruminococcaceae,Incertae_Sedis,None,0.009732360097323601
Bacteria,Firmicutes,Clostridia,Oscillospirales,Oscillospiraceae,UCG-003,None,Bacteria,Firmicutes,Clostridia,Oscillospirales,Ruminococcaceae,Paludicola,metagenome,0.012165450121654502
Bacteria,Firmicutes,Clostridia,Oscillospirales,Oscillospiraceae,UCG-003,None,Bacteria,Firmicutes,Clostridia,Oscillospirales,Ruminococcaceae,Ruminococcus,None,0.009732360097323601
Bacteria,Firmicutes,Clostridia,Oscillospirales,Oscillospiraceae,UCG-003,None,Bacteria,Firmicutes,Clostridia,Oscillospirales,Ruminococcaceae,Subdoligranulum,None,0.009732360097323601
Bacteria,Firmicutes,Clostridia,Oscillospirales,Oscillospiraceae,UCG-003,None,Bacteria,Firmicutes,Clostridia,Oscillospirales,Ruminococcaceae,UBA1819,None,0.009732360097323601
Bacteria,Firmicutes,Clostridia,Oscillospirales,Oscillospiraceae,UCG-003,None,Bacteria,Firmicutes,Clostridia,Oscillospirales,Ruminococcaceae,None,None,0.0072992700729927005
Bacteria,Firmicutes,Clostridia,Oscillospirales,Oscillospiraceae,UCG-003,None,Bacteria,Firmicutes,Clostridia,Oscillospirales,Eubacterium_coprostanoligenes_group,metagenome,None,0.009732360097323601
Bacteria,Firmicutes,Clostridia,Oscillospirales,Oscillospiraceae,UCG-003,None,Bacteria,Firmicutes,Clostridia,Oscillospirales,Eubacterium_coprostanoligenes_group,uncultured_Clostridiales_bacterium,None,0.009732360097323601
Bacteria,Firmicutes,Clostridia,Oscillospirales,Oscillospiraceae,UCG-003,None,Bacteria,Firmicutes,Clostridia,Oscillospirales,None,None,None,0.0072992700729927005
Bacteria,Firmicutes,Clostridia,Oscillospirales,Oscillospiraceae,UCG-003,None,Bacteria,Firmicutes,Clostridia,Peptostreptococcales-Tissierellales,Peptostreptococcaceae,Romboutsia,None,0.014598540145985401
Bacteria,Firmicutes,Clostridia,Oscillospirales,Oscillospiraceae,UCG-003,None,Bacteria,Firmicutes,Clostridia,None,None,None,None,0.0072992700729927005
Bacteria,Firmicutes,Clostridia,Oscillospirales,Oscillospiraceae,UCG-003,None,Bacteria,Firmicutes,Negativicutes,Acidaminococcales,Acidaminococcaceae,Phascolarctobacterium,None,0.019464720194647202
Bacteria,Firmicutes,Clostridia,Oscillospirales,Oscillospiraceae,UCG-003,None,Bacteria,Firmicutes,Negativicutes,Veillonellales-Selenomonadales,Veillonellaceae,Veillonella,None,0.019464720194647202
Bacteria,Firmicutes,Clostridia,Oscillospirales,Oscillospiraceae,UCG-003,None,Bacteria,Fusobacteriota,Fusobacteriia,Fusobacteriales,Fusobacteriaceae,Fusobacterium,None,0.024330900243309004
Bacteria,Firmicutes,Clostridia,Oscillospirales,Oscillospiraceae,UCG-003,None,Bacteria,Proteobacteria,Gammaproteobacteria,Burkholderiales,Neisseriaceae,Neisseria,None,0.024330900243309004
Bacteria,Firmicutes,Clostridia,Oscillospirales,Oscillospiraceae,UCG-003,None,Bacteria,Proteobacteria,Gammaproteobacteria,Enterobacterales,Enterobacteriaceae,None,None,0.021897810218978103
Bacteria,Firmicutes,Clostridia,Oscillospirales,Oscillospiraceae,UCG-003,None,Bacteria,Proteobacteria,Gammaproteobacteria,Pasteurellales,Pasteurellaceae,Haemophilus,None,0.024330900243309004
Bacteria,Firmicutes,Clostridia,Oscillospirales,Oscillospiraceae,UCG-003,None,Bacteria,Proteobacteria,Gammaproteobacteria,Pseudomonadales,Moraxellaceae,Acinetobacter,None,0.024330900243309004
Bacteria,Firmicutes,Clostridia,Oscillospirales,Oscillospiraceae,UCG-003,None,Bacteria,Proteobacteria,Gammaproteobacteria,Pseudomonadales,Pseudomonadaceae,Pseudomonas,None,0.024330900243309004
Bacteria,Firmicutes,Clostridia,Oscillospirales,Oscillospiraceae,UCG-003,None,Bacteria,Verrucomicrobiota,Verrucomicrobiae,Verrucomicrobiales,Akkermansiaceae,Akkermansia,None,0.024330900243309004
Bacteria,Firmicutes,Clostridia,Oscillospirales,Oscillospiraceae,UCG-005,None,Bacteria,Firmicutes,Clostridia,Oscillospirales,Ruminococcaceae,Candidatus_Soleaferrea,Neobitarella_massiliensis,0.012165450121654502
Bacteria,Firmicutes,Clostridia,Oscillospirales,Oscillospiraceae,UCG-005,None,Bacteria,Firmicutes,Clostridia,Oscillospirales,Ruminococcaceae,Faecalibacterium,None,0.009732360097323601
Bacteria,Firmicutes,Clostridia,Oscillospirales,Oscillospiraceae,UCG-005,None,Bacteria,Firmicutes,Clostridia,Oscillospirales,Ruminococcaceae,Incertae_Sedis,metagenome,0.012165450121654502
Bacteria,Firmicutes,Clostridia,Oscillospirales,Oscillospiraceae,UCG-005,None,Bacteria,Firmicutes,Clostridia,Oscillospirales,Ruminococcaceae,Incertae_Sedis,None,0.009732360097323601
Bacteria,Firmicutes,Clostridia,Oscillospirales,Oscillospiraceae,UCG-005,None,Bacteria,Firmicutes,Clostridia,Oscillospirales,Ruminococcaceae,Paludicola,metagenome,0.012165450121654502
Bacteria,Firmicutes,Clostridia,Oscillospirales,Oscillospiraceae,UCG-005,None,Bacteria,Firmicutes,Clostridia,Oscillospirales,Ruminococcaceae,Ruminococcus,None,0.009732360097323601
Bacteria,Firmicutes,Clostridia,Oscillospirales,Oscillospiraceae,UCG-005,None,Bacteria,Firmicutes,Clostridia,Oscillospirales,Ruminococcaceae,Subdoligranulum,None,0.009732360097323601
Bacteria,Firmicutes,Clostridia,Oscillospirales,Oscillospiraceae,UCG-005,None,Bacteria,Firmicutes,Clostridia,Oscillospirales,Ruminococcaceae,UBA1819,None,0.009732360097323601
Bacteria,Firmicutes,Clostridia,Oscillospirales,Oscillospiraceae,UCG-005,None,Bacteria,Firmicutes,Clostridia,Oscillospirales,Ruminococcaceae,None,None,0.0072992700729927005
Bacteria,Firmicutes,Clostridia,Oscillospirales,Oscillospiraceae,UCG-005,None,Bacteria,Firmicutes,Clostridia,Oscillospirales,Eubacterium_coprostanoligenes_group,metagenome,None,0.009732360097323601
Bacteria,Firmicutes,Clostridia,Oscillospirales,Oscillospiraceae,UCG-005,None,Bacteria,Firmicutes,Clostridia,Oscillospirales,Eubacterium_coprostanoligenes_group,uncultured_Clostridiales_bacterium,None,0.009732360097323601
Bacteria,Firmicutes,Clostridia,Oscillospirales,Oscillospiraceae,UCG-005,None,Bacteria,Firmicutes,Clostridia,Oscillospirales,None,None,None,0.0072992700729927005
Bacteria,Firmicutes,Clostridia,Oscillospirales,Oscillospiraceae,UCG-005,None,Bacteria,Firmicutes,Clostridia,Peptostreptococcales-Tissierellales,Peptostreptococcaceae,Romboutsia,None,0.014598540145985401
Bacteria,Firmicutes,Clostridia,Oscillospirales,Oscillospiraceae,UCG-005,None,Bacteria,Firmicutes,Clostridia,None,None,None,None,0.0072992700729927005
Bacteria,Firmicutes,Clostridia,Oscillospirales,Oscillospiraceae,UCG-005,None,Bacteria,Firmicutes,Negativicutes,Acidaminococcales,Acidaminococcaceae,Phascolarctobacterium,None,0.019464720194647202
Bacteria,Firmicutes,Clostridia,Oscillospirales,Oscillospiraceae,UCG-005,None,Bacteria,Firmicutes,Negativicutes,Veillonellales-Selenomonadales,Veillonellaceae,Veillonella,None,0.019464720194647202
Bacteria,Firmicutes,Clostridia,Oscillospirales,Oscillospiraceae,UCG-005,None,Bacteria,Fusobacteriota,Fusobacteriia,Fusobacteriales,Fusobacteriaceae,Fusobacterium,None,0.024330900243309004
Bacteria,Firmicutes,Clostridia,Oscillospirales,Oscillospiraceae,UCG-005,None,Bacteria,Proteobacteria,Gammaproteobacteria,Burkholderiales,Neisseriaceae,Neisseria,None,0.024330900243309004
Bacteria,Firmicutes,Clostridia,Oscillospirales,Oscillospiraceae,UCG-005,None,Bacteria,Proteobacteria,Gammaproteobacteria,Enterobacterales,Enterobacteriaceae,None,None,0.021897810218978103
Bacteria,Firmicutes,Clostridia,Oscillospirales,Oscillospiraceae,UCG-005,None,Bacteria,Proteobacteria,Gammaproteobacteria,Pasteurellales,Pasteurellaceae,Haemophilus,None,0.024330900243309004
Bacteria,Firmicutes,Clostridia,Oscillospirales,Oscillospiraceae,UCG-005,None,Bacteria,Proteobacteria,Gammaproteobacteria,Pseudomonadales,Moraxellaceae,Acinetobacter,None,0.024330900243309004
Bacteria,Firmicutes,Clostridia,Oscillospirales,Oscillospiraceae,UCG-005,None,Bacteria,Proteobacteria,Gammaproteobacteria,Pseudomonadales,Pseudomonadaceae,Pseudomonas,None,0.024330900243309004
Bacteria,Firmicutes,Clostridia,Oscillospirales,Oscillospiraceae,UCG-005,None,Bacteria,Verrucomicrobiota,Verrucomicrobiae,Verrucomicrobiales,Akkermansiaceae,Akkermansia,None,0.024330900243309004
Bacteria,Firmicutes,Clostridia,Oscillospirales,Ruminococcaceae,Candidatus_Soleaferrea,Neobitarella_massiliensis,Bacteria,Firmicutes,Clostridia,Oscillospirales,Ruminococcaceae,Faecalibacterium,None,0.0072992700729927005
Bacteria,Firmicutes,Clostridia,Oscillospirales,Ruminococcaceae,Candidatus_Soleaferrea,Neobitarella_massiliensis,Bacteria,Firmicutes,Clostridia,Oscillospirales,Ruminococcaceae,Incertae_Sedis,metagenome,0.009732360097323601
Bacteria,Firmicutes,Clostridia,Oscillospirales,Ruminococcaceae,Candidatus_Soleaferrea,Neobitarella_massiliensis,Bacteria,Firmicutes,Clostridia,Oscillospirales,Ruminococcaceae,Incertae_Sedis,None,0.0072992700729927005
Bacteria,Firmicutes,Clostridia,Oscillospirales,Ruminococcaceae,Candidatus_Soleaferrea,Neobitarella_massiliensis,Bacteria,Firmicutes,Clostridia,Oscillospirales,Ruminococcaceae,Paludicola,metagenome,0.009732360097323601
Bacteria,Firmicutes,Clostridia,Oscillospirales,Ruminococcaceae,Candidatus_Soleaferrea,Neobitarella_massiliensis,Bacteria,Firmicutes,Clostridia,Oscillospirales,Ruminococcaceae,Ruminococcus,None,0.0072992700729927005
Bacteria,Firmicutes,Clostridia,Oscillospirales,Ruminococcaceae,Candidatus_Soleaferrea,Neobitarella_massiliensis,Bacteria,Firmicutes,Clostridia,Oscillospirales,Ruminococcaceae,Subdoligranulum,None,0.0072992700729927005
Bacteria,Firmicutes,Clostridia,Oscillospirales,Ruminococcaceae,Candidatus_Soleaferrea,Neobitarella_massiliensis,Bacteria,Firmicutes,Clostridia,Oscillospirales,Ruminococcaceae,UBA1819,None,0.0072992700729927005
Bacteria,Firmicutes,Clostridia,Oscillospirales,Ruminococcaceae,Candidatus_Soleaferrea,Neobitarella_massiliensis,Bacteria,Firmicutes,Clostridia,Oscillospirales,Ruminococcaceae,None,None,0.0072992700729927005
Bacteria,Firmicutes,Clostridia,Oscillospirales,Ruminococcaceae,Candidatus_Soleaferrea,Neobitarella_massiliensis,Bacteria,Firmicutes,Clostridia,Oscillospirales,Eubacterium_coprostanoligenes_group,metagenome,None,0.012165450121654502
Bacteria,Firmicutes,Clostridia,Oscillospirales,Ruminococcaceae,Candidatus_Soleaferrea,Neobitarella_massiliensis,Bacteria,Firmicutes,Clostridia,Oscillospirales,Eubacterium_coprostanoligenes_group,uncultured_Clostridiales_bacterium,None,0.012165450121654502
Bacteria,Firmicutes,Clostridia,Oscillospirales,Ruminococcaceae,Candidatus_Soleaferrea,Neobitarella_massiliensis,Bacteria,Firmicutes,Clostridia,Oscillospirales,None,None,None,0.009732360097323601
Bacteria,Firmicutes,Clostridia,Oscillospirales,Ruminococcaceae,Candidatus_Soleaferrea,Neobitarella_massiliensis,Bacteria,Firmicutes,Clostridia,Peptostreptococcales-Tissierellales,Peptostreptococcaceae,Romboutsia,None,0.0170316301703163
Bacteria,Firmicutes,Clostridia,Oscillospirales,Ruminococcaceae,Candidatus_Soleaferrea,Neobitarella_massiliensis,Bacteria,Firmicutes,Clostridia,None,None,None,None,0.009732360097323601
Bacteria,Firmicutes,Clostridia,Oscillospirales,Ruminococcaceae,Candidatus_Soleaferrea,Neobitarella_massiliensis,Bacteria,Firmicutes,Negativicutes,Acidaminococcales,Acidaminococcaceae,Phascolarctobacterium,None,0.021897810218978103
Bacteria,Firmicutes,Clostridia,Oscillospirales,Ruminococcaceae,Candidatus_Soleaferrea,Neobitarella_massiliensis,Bacteria,Firmicutes,Negativicutes,Veillonellales-Selenomonadales,Veillonellaceae,Veillonella,None,0.021897810218978103
Bacteria,Firmicutes,Clostridia,Oscillospirales,Ruminococcaceae,Candidatus_Soleaferrea,Neobitarella_massiliensis,Bacteria,Fusobacteriota,Fusobacteriia,Fusobacteriales,Fusobacteriaceae,Fusobacterium,None,0.0267639902676399
Bacteria,Firmicutes,Clostridia,Oscillospirales,Ruminococcaceae,Candidatus_Soleaferrea,Neobitarella_massiliensis,Bacteria,Proteobacteria,Gammaproteobacteria,Burkholderiales,Neisseriaceae,Neisseria,None,0.0267639902676399
Bacteria,Firmicutes,Clostridia,Oscillospirales,Ruminococcaceae,Candidatus_Soleaferrea,Neobitarella_massiliensis,Bacteria,Proteobacteria,Gammaproteobacteria,Enterobacterales,Enterobacteriaceae,None,None,0.024330900243309004
Bacteria,Firmicutes,Clostridia,Oscillospirales,Ruminococcaceae,Candidatus_Soleaferrea,Neobitarella_massiliensis,Bacteria,Proteobacteria,Gammaproteobacteria,Pasteurellales,Pasteurellaceae,Haemophilus,None,0.0267639902676399
Bacteria,Firmicutes,Clostridia,Oscillospirales,Ruminococcaceae,Candidatus_Soleaferrea,Neobitarella_massiliensis,Bacteria,Proteobacteria,Gammaproteobacteria,Pseudomonadales,Moraxellaceae,Acinetobacter,None,0.0267639902676399
Bacteria,Firmicutes,Clostridia,Oscillospirales,Ruminococcaceae,Candidatus_Soleaferrea,Neobitarella_massiliensis,Bacteria,Proteobacteria,Gammaproteobacteria,Pseudomonadales,Pseudomonadaceae,Pseudomonas,None,0.0267639902676399
Bacteria,Firmicutes,Clostridia,Oscillospirales,Ruminococcaceae,Candidatus_Soleaferrea,Neobitarella_massiliensis,Bacteria,Verrucomicrobiota,Verrucomicrobiae,Verrucomicrobiales,Akkermansiaceae,Akkermansia,None,0.0267639902676399
Bacteria,Firmicutes,Clostridia,Oscillospirales,Ruminococcaceae,Faecalibacterium,None,Bacteria,Firmicutes,Clostridia,Oscillospirales,Ruminococcaceae,Incertae_Sedis,metagenome,0.0072992700729927005
Bacteria,Firmicutes,Clostridia,Oscillospirales,Ruminococcaceae,Faecalibacterium,None,Bacteria,Firmicutes,Clostridia,Oscillospirales,Ruminococcaceae,Incertae_Sedis,None,0.004866180048661801
Bacteria,Firmicutes,Clostridia,Oscillospirales,Ruminococcaceae,Faecalibacterium,None,Bacteria,Firmicutes,Clostridia,Oscillospirales,Ruminococcaceae,Paludicola,metagenome,0.0072992700729927005
Bacteria,Firmicutes,Clostridia,Oscillospirales,Ruminococcaceae,Faecalibacterium,None,Bacteria,Firmicutes,Clostridia,Oscillospirales,Ruminococcaceae,Ruminococcus,None,0.004866180048661801
Bacteria,Firmicutes,Clostridia,Oscillospirales,Ruminococcaceae,Faecalibacterium,None,Bacteria,Firmicutes,Clostridia,Oscillospirales,Ruminococcaceae,Subdoligranulum,None,0.004866180048661801
Bacteria,Firmicutes,Clostridia,Oscillospirales,Ruminococcaceae,Faecalibacterium,None,Bacteria,Firmicutes,Clostridia,Oscillospirales,Ruminococcaceae,UBA1819,None,0.004866180048661801
Bacteria,Firmicutes,Clostridia,Oscillospirales,Ruminococcaceae,Faecalibacterium,None,Bacteria,Firmicutes,Clostridia,Oscillospirales,Ruminococcaceae,None,None,0.004866180048661801
Bacteria,Firmicutes,Clostridia,Oscillospirales,Ruminococcaceae,Faecalibacterium,None,Bacteria,Firmicutes,Clostridia,Oscillospirales,Eubacterium_coprostanoligenes_group,metagenome,None,0.009732360097323601
Bacteria,Firmicutes,Clostridia,Oscillospirales,Ruminococcaceae,Faecalibacterium,None,Bacteria,Firmicutes,Clostridia,Oscillospirales,Eubacterium_coprostanoligenes_group,uncultured_Clostridiales_bacterium,None,0.009732360097323601
Bacteria,Firmicutes,Clostridia,Oscillospirales,Ruminococcaceae,Faecalibacterium,None,Bacteria,Firmicutes,Clostridia,Oscillospirales,None,None,None,0.0072992700729927005
Bacteria,Firmicutes,Clostridia,Oscillospirales,Ruminococcaceae,Faecalibacterium,None,Bacteria,Firmicutes,Clostridia,Peptostreptococcales-Tissierellales,Peptostreptococcaceae,Romboutsia,None,0.014598540145985401
Bacteria,Firmicutes,Clostridia,Oscillospirales,Ruminococcaceae,Faecalibacterium,None,Bacteria,Firmicutes,Clostridia,None,None,None,None,0.0072992700729927005
Bacteria,Firmicutes,Clostridia,Oscillospirales,Ruminococcaceae,Faecalibacterium,None,Bacteria,Firmicutes,Negativicutes,Acidaminococcales,Acidaminococcaceae,Phascolarctobacterium,None,0.019464720194647202
Bacteria,Firmicutes,Clostridia,Oscillospirales,Ruminococcaceae,Faecalibacterium,None,Bacteria,Firmicutes,Negativicutes,Veillonellales-Selenomonadales,Veillonellaceae,Veillonella,None,0.019464720194647202
Bacteria,Firmicutes,Clostridia,Oscillospirales,Ruminococcaceae,Faecalibacterium,None,Bacteria,Fusobacteriota,Fusobacteriia,Fusobacteriales,Fusobacteriaceae,Fusobacterium,None,0.024330900243309004
Bacteria,Firmicutes,Clostridia,Oscillospirales,Ruminococcaceae,Faecalibacterium,None,Bacteria,Proteobacteria,Gammaproteobacteria,Burkholderiales,Neisseriaceae,Neisseria,None,0.024330900243309004
Bacteria,Firmicutes,Clostridia,Oscillospirales,Ruminococcaceae,Faecalibacterium,None,Bacteria,Proteobacteria,Gammaproteobacteria,Enterobacterales,Enterobacteriaceae,None,None,0.021897810218978103
Bacteria,Firmicutes,Clostridia,Oscillospirales,Ruminococcaceae,Faecalibacterium,None,Bacteria,Proteobacteria,Gammaproteobacteria,Pasteurellales,Pasteurellaceae,Haemophilus,None,0.024330900243309004
Bacteria,Firmicutes,Clostridia,Oscillospirales,Ruminococcaceae,Faecalibacterium,None,Bacteria,Proteobacteria,Gammaproteobacteria,Pseudomonadales,Moraxellaceae,Acinetobacter,None,0.024330900243309004
Bacteria,Firmicutes,Clostridia,Oscillospirales,Ruminococcaceae,Faecalibacterium,None,Bacteria,Proteobacteria,Gammaproteobacteria,Pseudomonadales,Pseudomonadaceae,Pseudomonas,None,0.024330900243309004
Bacteria,Firmicutes,Clostridia,Oscillospirales,Ruminococcaceae,Faecalibacterium,None,Bacteria,Verrucomicrobiota,Verrucomicrobiae,Verrucomicrobiales,Akkermansiaceae,Akkermansia,None,0.024330900243309004
Bacteria,Firmicutes,Clostridia,Oscillospirales,Ruminococcaceae,Incertae_Sedis,metagenome,Bacteria,Firmicutes,Clostridia,Oscillospirales,Ruminococcaceae,Incertae_Sedis,None,0.0024330900243309003
Bacteria,Firmicutes,Clostridia,Oscillospirales,Ruminococcaceae,Incertae_Sedis,metagenome,Bacteria,Firmicutes,Clostridia,Oscillospirales,Ruminococcaceae,Paludicola,metagenome,0.009732360097323601
Bacteria,Firmicutes,Clostridia,Oscillospirales,Ruminococcaceae,Incertae_Sedis,metagenome,Bacteria,Firmicutes,Clostridia,Oscillospirales,Ruminococcaceae,Ruminococcus,None,0.0072992700729927005
Bacteria,Firmicutes,Clostridia,Oscillospirales,Ruminococcaceae,Incertae_Sedis,metagenome,Bacteria,Firmicutes,Clostridia,Oscillospirales,Ruminococcaceae,Subdoligranulum,None,0.0072992700729927005
Bacteria,Firmicutes,Clostridia,Oscillospirales,Ruminococcaceae,Incertae_Sedis,metagenome,Bacteria,Firmicutes,Clostridia,Oscillospirales,Ruminococcaceae,UBA1819,None,0.0072992700729927005
Bacteria,Firmicutes,Clostridia,Oscillospirales,Ruminococcaceae,Incertae_Sedis,metagenome,Bacteria,Firmicutes,Clostridia,Oscillospirales,Ruminococcaceae,None,None,0.0072992700729927005
Bacteria,Firmicutes,Clostridia,Oscillospirales,Ruminococcaceae,Incertae_Sedis,metagenome,Bacteria,Firmicutes,Clostridia,Oscillospirales,Eubacterium_coprostanoligenes_group,metagenome,None,0.012165450121654502
Bacteria,Firmicutes,Clostridia,Oscillospirales,Ruminococcaceae,Incertae_Sedis,metagenome,Bacteria,Firmicutes,Clostridia,Oscillospirales,Eubacterium_coprostanoligenes_group,uncultured_Clostridiales_bacterium,None,0.012165450121654502
Bacteria,Firmicutes,Clostridia,Oscillospirales,Ruminococcaceae,Incertae_Sedis,metagenome,Bacteria,Firmicutes,Clostridia,Oscillospirales,None,None,None,0.009732360097323601
Bacteria,Firmicutes,Clostridia,Oscillospirales,Ruminococcaceae,Incertae_Sedis,metagenome,Bacteria,Firmicutes,Clostridia,Peptostreptococcales-Tissierellales,Peptostreptococcaceae,Romboutsia,None,0.0170316301703163
Bacteria,Firmicutes,Clostridia,Oscillospirales,Ruminococcaceae,Incertae_Sedis,metagenome,Bacteria,Firmicutes,Clostridia,None,None,None,None,0.009732360097323601
Bacteria,Firmicutes,Clostridia,Oscillospirales,Ruminococcaceae,Incertae_Sedis,metagenome,Bacteria,Firmicutes,Negativicutes,Acidaminococcales,Acidaminococcaceae,Phascolarctobacterium,None,0.021897810218978103
Bacteria,Firmicutes,Clostridia,Oscillospirales,Ruminococcaceae,Incertae_Sedis,metagenome,Bacteria,Firmicutes,Negativicutes,Veillonellales-Selenomonadales,Veillonellaceae,Veillonella,None,0.021897810218978103
Bacteria,Firmicutes,Clostridia,Oscillospirales,Ruminococcaceae,Incertae_Sedis,metagenome,Bacteria,Fusobacteriota,Fusobacteriia,Fusobacteriales,Fusobacteriaceae,Fusobacterium,None,0.0267639902676399
Bacteria,Firmicutes,Clostridia,Oscillospirales,Ruminococcaceae,Incertae_Sedis,metagenome,Bacteria,Proteobacteria,Gammaproteobacteria,Burkholderiales,Neisseriaceae,Neisseria,None,0.0267639902676399
Bacteria,Firmicutes,Clostridia,Oscillospirales,Ruminococcaceae,Incertae_Sedis,metagenome,Bacteria,Proteobacteria,Gammaproteobacteria,Enterobacterales,Enterobacteriaceae,None,None,0.024330900243309004
Bacteria,Firmicutes,Clostridia,Oscillospirales,Ruminococcaceae,Incertae_Sedis,metagenome,Bacteria,Proteobacteria,Gammaproteobacteria,Pasteurellales,Pasteurellaceae,Haemophilus,None,0.0267639902676399
Bacteria,Firmicutes,Clostridia,Oscillospirales,Ruminococcaceae,Incertae_Sedis,metagenome,Bacteria,Proteobacteria,Gammaproteobacteria,Pseudomonadales,Moraxellaceae,Acinetobacter,None,0.0267639902676399
Bacteria,Firmicutes,Clostridia,Oscillospirales,Ruminococcaceae,Incertae_Sedis,metagenome,Bacteria,Proteobacteria,Gammaproteobacteria,Pseudomonadales,Pseudomonadaceae,Pseudomonas,None,0.0267639902676399
Bacteria,Firmicutes,Clostridia,Oscillospirales,Ruminococcaceae,Incertae_Sedis,metagenome,Bacteria,Verrucomicrobiota,Verrucomicrobiae,Verrucomicrobiales,Akkermansiaceae,Akkermansia,None,0.0267639902676399
Bacteria,Firmicutes,Clostridia,Oscillospirales,Ruminococcaceae,Incertae_Sedis,None,Bacteria,Firmicutes,Clostridia,Oscillospirales,Ruminococcaceae,Paludicola,metagenome,0.0072992700729927005
Bacteria,Firmicutes,Clostridia,Oscillospirales,Ruminococcaceae,Incertae_Sedis,None,Bacteria,Firmicutes,Clostridia,Oscillospirales,Ruminococcaceae,Ruminococcus,None,0.004866180048661801
Bacteria,Firmicutes,Clostridia,Oscillospirales,Ruminococcaceae,Incertae_Sedis,None,Bacteria,Firmicutes,Clostridia,Oscillospirales,Ruminococcaceae,Subdoligranulum,None,0.004866180048661801
Bacteria,Firmicutes,Clostridia,Oscillospirales,Ruminococcaceae,Incertae_Sedis,None,Bacteria,Firmicutes,Clostridia,Oscillospirales,Ruminococcaceae,UBA1819,None,0.004866180048661801
Bacteria,Firmicutes,Clostridia,Oscillospirales,Ruminococcaceae,Incertae_Sedis,None,Bacteria,Firmicutes,Clostridia,Oscillospirales,Ruminococcaceae,None,None,0.004866180048661801
Bacteria,Firmicutes,Clostridia,Oscillospirales,Ruminococcaceae,Incertae_Sedis,None,Bacteria,Firmicutes,Clostridia,Oscillospirales,Eubacterium_coprostanoligenes_group,metagenome,None,0.009732360097323601
Bacteria,Firmicutes,Clostridia,Oscillospirales,Ruminococcaceae,Incertae_Sedis,None,Bacteria,Firmicutes,Clostridia,Oscillospirales,Eubacterium_coprostanoligenes_group,uncultured_Clostridiales_bacterium,None,0.009732360097323601
Bacteria,Firmicutes,Clostridia,Oscillospirales,Ruminococcaceae,Incertae_Sedis,None,Bacteria,Firmicutes,Clostridia,Oscillospirales,None,None,None,0.0072992700729927005
Bacteria,Firmicutes,Clostridia,Oscillospirales,Ruminococcaceae,Incertae_Sedis,None,Bacteria,Firmicutes,Clostridia,Peptostreptococcales-Tissierellales,Peptostreptococcaceae,Romboutsia,None,0.014598540145985401
Bacteria,Firmicutes,Clostridia,Oscillospirales,Ruminococcaceae,Incertae_Sedis,None,Bacteria,Firmicutes,Clostridia,None,None,None,None,0.0072992700729927005
Bacteria,Firmicutes,Clostridia,Oscillospirales,Ruminococcaceae,Incertae_Sedis,None,Bacteria,Firmicutes,Negativicutes,Acidaminococcales,Acidaminococcaceae,Phascolarctobacterium,None,0.019464720194647202
Bacteria,Firmicutes,Clostridia,Oscillospirales,Ruminococcaceae,Incertae_Sedis,None,Bacteria,Firmicutes,Negativicutes,Veillonellales-Selenomonadales,Veillonellaceae,Veillonella,None,0.019464720194647202
Bacteria,Firmicutes,Clostridia,Oscillospirales,Ruminococcaceae,Incertae_Sedis,None,Bacteria,Fusobacteriota,Fusobacteriia,Fusobacteriales,Fusobacteriaceae,Fusobacterium,None,0.024330900243309004
Bacteria,Firmicutes,Clostridia,Oscillospirales,Ruminococcaceae,Incertae_Sedis,None,Bacteria,Proteobacteria,Gammaproteobacteria,Burkholderiales,Neisseriaceae,Neisseria,None,0.024330900243309004
Bacteria,Firmicutes,Clostridia,Oscillospirales,Ruminococcaceae,Incertae_Sedis,None,Bacteria,Proteobacteria,Gammaproteobacteria,Enterobacterales,Enterobacteriaceae,None,None,0.021897810218978103
Bacteria,Firmicutes,Clostridia,Oscillospirales,Ruminococcaceae,Incertae_Sedis,None,Bacteria,Proteobacteria,Gammaproteobacteria,Pasteurellales,Pasteurellaceae,Haemophilus,None,0.024330900243309004
Bacteria,Firmicutes,Clostridia,Oscillospirales,Ruminococcaceae,Incertae_Sedis,None,Bacteria,Proteobacteria,Gammaproteobacteria,Pseudomonadales,Moraxellaceae,Acinetobacter,None,0.024330900243309004
Bacteria,Firmicutes,Clostridia,Oscillospirales,Ruminococcaceae,Incertae_Sedis,None,Bacteria,Proteobacteria,Gammaproteobacteria,Pseudomonadales,Pseudomonadaceae,Pseudomonas,None,0.024330900243309004
Bacteria,Firmicutes,Clostridia,Oscillospirales,Ruminococcaceae,Incertae_Sedis,None,Bacteria,Verrucomicrobiota,Verrucomicrobiae,Verrucomicrobiales,Akkermansiaceae,Akkermansia,None,0.024330900243309004
Bacteria,Firmicutes,Clostridia,Oscillospirales,Ruminococcaceae,Paludicola,metagenome,Bacteria,Firmicutes,Clostridia,Oscillospirales,Ruminococcaceae,Ruminococcus,None,0.0072992700729927005
Bacteria,Firmicutes,Clostridia,Oscillospirales,Ruminococcaceae,Paludicola,metagenome,Bacteria,Firmicutes,Clostridia,Oscillospirales,Ruminococcaceae,Subdoligranulum,None,0.0072992700729927005
Bacteria,Firmicutes,Clostridia,Oscillospirales,Ruminococcaceae,Paludicola,metagenome,Bacteria,Firmicutes,Clostridia,Oscillospirales,Ruminococcaceae,UBA1819,None,0.0072992700729927005
Bacteria,Firmicutes,Clostridia,Oscillospirales,Ruminococcaceae,Paludicola,metagenome,Bacteria,Firmicutes,Clostridia,Oscillospirales,Ruminococcaceae,None,None,0.0072992700729927005
Bacteria,Firmicutes,Clostridia,Oscillospirales,Ruminococcaceae,Paludicola,metagenome,Bacteria,Firmicutes,Clostridia,Oscillospirales,Eubacterium_coprostanoligenes_group,metagenome,None,0.012165450121654502
Bacteria,Firmicutes,Clostridia,Oscillospirales,Ruminococcaceae,Paludicola,metagenome,Bacteria,Firmicutes,Clostridia,Oscillospirales,Eubacterium_coprostanoligenes_group,uncultured_Clostridiales_bacterium,None,0.012165450121654502
Bacteria,Firmicutes,Clostridia,Oscillospirales,Ruminococcaceae,Paludicola,metagenome,Bacteria,Firmicutes,Clostridia,Oscillospirales,None,None,None,0.009732360097323601
Bacteria,Firmicutes,Clostridia,Oscillospirales,Ruminococcaceae,Paludicola,metagenome,Bacteria,Firmicutes,Clostridia,Peptostreptococcales-Tissierellales,Peptostreptococcaceae,Romboutsia,None,0.0170316301703163
Bacteria,Firmicutes,Clostridia,Oscillospirales,Ruminococcaceae,Paludicola,metagenome,Bacteria,Firmicutes,Clostridia,None,None,None,None,0.009732360097323601
Bacteria,Firmicutes,Clostridia,Oscillospirales,Ruminococcaceae,Paludicola,metagenome,Bacteria,Firmicutes,Negativicutes,Acidaminococcales,Acidaminococcaceae,Phascolarctobacterium,None,0.021897810218978103
Bacteria,Firmicutes,Clostridia,Oscillospirales,Ruminococcaceae,Paludicola,metagenome,Bacteria,Firmicutes,Negativicutes,Veillonellales-Selenomonadales,Veillonellaceae,Veillonella,None,0.021897810218978103
Bacteria,Firmicutes,Clostridia,Oscillospirales,Ruminococcaceae,Paludicola,metagenome,Bacteria,Fusobacteriota,Fusobacteriia,Fusobacteriales,Fusobacteriaceae,Fusobacterium,None,0.0267639902676399
Bacteria,Firmicutes,Clostridia,Oscillospirales,Ruminococcaceae,Paludicola,metagenome,Bacteria,Proteobacteria,Gammaproteobacteria,Burkholderiales,Neisseriaceae,Neisseria,None,0.0267639902676399
Bacteria,Firmicutes,Clostridia,Oscillospirales,Ruminococcaceae,Paludicola,metagenome,Bacteria,Proteobacteria,Gammaproteobacteria,Enterobacterales,Enterobacteriaceae,None,None,0.024330900243309004
Bacteria,Firmicutes,Clostridia,Oscillospirales,Ruminococcaceae,Paludicola,metagenome,Bacteria,Proteobacteria,Gammaproteobacteria,Pasteurellales,Pasteurellaceae,Haemophilus,None,0.0267639902676399
Bacteria,Firmicutes,Clostridia,Oscillospirales,Ruminococcaceae,Paludicola,metagenome,Bacteria,Proteobacteria,Gammaproteobacteria,Pseudomonadales,Moraxellaceae,Acinetobacter,None,0.0267639902676399
Bacteria,Firmicutes,Clostridia,Oscillospirales,Ruminococcaceae,Paludicola,metagenome,Bacteria,Proteobacteria,Gammaproteobacteria,Pseudomonadales,Pseudomonadaceae,Pseudomonas,None,0.0267639902676399
Bacteria,Firmicutes,Clostridia,Oscillospirales,Ruminococcaceae,Paludicola,metagenome,Bacteria,Verrucomicrobiota,Verrucomicrobiae,Verrucomicrobiales,Akkermansiaceae,Akkermansia,None,0.0267639902676399
Bacteria,Firmicutes,Clostridia,Oscillospirales,Ruminococcaceae,Ruminococcus,None,Bacteria,Firmicutes,Clostridia,Oscillospirales,Ruminococcaceae,Subdoligranulum,None,0.004866180048661801
Bacteria,Firmicutes,Clostridia,Oscillospirales,Ruminococcaceae,Ruminococcus,None,Bacteria,Firmicutes,Clostridia,Oscillospirales,Ruminococcaceae,UBA1819,None,0.004866180048661801
Bacteria,Firmicutes,Clostridia,Oscillospirales,Ruminococcaceae,Ruminococcus,None,Bacteria,Firmicutes,Clostridia,Oscillospirales,Ruminococcaceae,None,None,0.004866180048661801
Bacteria,Firmicutes,Clostridia,Oscillospirales,Ruminococcaceae,Ruminococcus,None,Bacteria,Firmicutes,Clostridia,Oscillospirales,Eubacterium_coprostanoligenes_group,metagenome,None,0.009732360097323601
Bacteria,Firmicutes,Clostridia,Oscillospirales,Ruminococcaceae,Ruminococcus,None,Bacteria,Firmicutes,Clostridia,Oscillospirales,Eubacterium_coprostanoligenes_group,uncultured_Clostridiales_bacterium,None,0.009732360097323601
Bacteria,Firmicutes,Clostridia,Oscillospirales,Ruminococcaceae,Ruminococcus,None,Bacteria,Firmicutes,Clostridia,Oscillospirales,None,None,None,0.0072992700729927005
Bacteria,Firmicutes,Clostridia,Oscillospirales,Ruminococcaceae,Ruminococcus,None,Bacteria,Firmicutes,Clostridia,Peptostreptococcales-Tissierellales,Peptostreptococcaceae,Romboutsia,None,0.014598540145985401
Bacteria,Firmicutes,Clostridia,Oscillospirales,Ruminococcaceae,Ruminococcus,None,Bacteria,Firmicutes,Clostridia,None,None,None,None,0.0072992700729927005
Bacteria,Firmicutes,Clostridia,Oscillospirales,Ruminococcaceae,Ruminococcus,None,Bacteria,Firmicutes,Negativicutes,Acidaminococcales,Acidaminococcaceae,Phascolarctobacterium,None,0.019464720194647202
Bacteria,Firmicutes,Clostridia,Oscillospirales,Ruminococcaceae,Ruminococcus,None,Bacteria,Firmicutes,Negativicutes,Veillonellales-Selenomonadales,Veillonellaceae,Veillonella,None,0.019464720194647202
Bacteria,Firmicutes,Clostridia,Oscillospirales,Ruminococcaceae,Ruminococcus,None,Bacteria,Fusobacteriota,Fusobacteriia,Fusobacteriales,Fusobacteriaceae,Fusobacterium,None,0.024330900243309004
Bacteria,Firmicutes,Clostridia,Oscillospirales,Ruminococcaceae,Ruminococcus,None,Bacteria,Proteobacteria,Gammaproteobacteria,Burkholderiales,Neisseriaceae,Neisseria,None,0.024330900243309004
Bacteria,Firmicutes,Clostridia,Oscillospirales,Ruminococcaceae,Ruminococcus,None,Bacteria,Proteobacteria,Gammaproteobacteria,Enterobacterales,Enterobacteriaceae,None,None,0.021897810218978103
Bacteria,Firmicutes,Clostridia,Oscillospirales,Ruminococcaceae,Ruminococcus,None,Bacteria,Proteobacteria,Gammaproteobacteria,Pasteurellales,Pasteurellaceae,Haemophilus,None,0.024330900243309004
Bacteria,Firmicutes,Clostridia,Oscillospirales,Ruminococcaceae,Ruminococcus,None,Bacteria,Proteobacteria,Gammaproteobacteria,Pseudomonadales,Moraxellaceae,Acinetobacter,None,0.024330900243309004
Bacteria,Firmicutes,Clostridia,Oscillospirales,Ruminococcaceae,Ruminococcus,None,Bacteria,Proteobacteria,Gammaproteobacteria,Pseudomonadales,Pseudomonadaceae,Pseudomonas,None,0.024330900243309004
Bacteria,Firmicutes,Clostridia,Oscillospirales,Ruminococcaceae,Ruminococcus,None,Bacteria,Verrucomicrobiota,Verrucomicrobiae,Verrucomicrobiales,Akkermansiaceae,Akkermansia,None,0.024330900243309004
Bacteria,Firmicutes,Clostridia,Oscillospirales,Ruminococcaceae,Subdoligranulum,None,Bacteria,Firmicutes,Clostridia,Oscillospirales,Ruminococcaceae,UBA1819,None,0.004866180048661801
Bacteria,Firmicutes,Clostridia,Oscillospirales,Ruminococcaceae,Subdoligranulum,None,Bacteria,Firmicutes,Clostridia,Oscillospirales,Ruminococcaceae,None,None,0.004866180048661801
Bacteria,Firmicutes,Clostridia,Oscillospirales,Ruminococcaceae,Subdoligranulum,None,Bacteria,Firmicutes,Clostridia,Oscillospirales,Eubacterium_coprostanoligenes_group,metagenome,None,0.009732360097323601
Bacteria,Firmicutes,Clostridia,Oscillospirales,Ruminococcaceae,Subdoligranulum,None,Bacteria,Firmicutes,Clostridia,Oscillospirales,Eubacterium_coprostanoligenes_group,uncultured_Clostridiales_bacterium,None,0.009732360097323601
Bacteria,Firmicutes,Clostridia,Oscillospirales,Ruminococcaceae,Subdoligranulum,None,Bacteria,Firmicutes,Clostridia,Oscillospirales,None,None,None,0.0072992700729927005
Bacteria,Firmicutes,Clostridia,Oscillospirales,Ruminococcaceae,Subdoligranulum,None,Bacteria,Firmicutes,Clostridia,Peptostreptococcales-Tissierellales,Peptostreptococcaceae,Romboutsia,None,0.014598540145985401
Bacteria,Firmicutes,Clostridia,Oscillospirales,Ruminococcaceae,Subdoligranulum,None,Bacteria,Firmicutes,Clostridia,None,None,None,None,0.0072992700729927005
Bacteria,Firmicutes,Clostridia,Oscillospirales,Ruminococcaceae,Subdoligranulum,None,Bacteria,Firmicutes,Negativicutes,Acidaminococcales,Acidaminococcaceae,Phascolarctobacterium,None,0.019464720194647202
Bacteria,Firmicutes,Clostridia,Oscillospirales,Ruminococcaceae,Subdoligranulum,None,Bacteria,Firmicutes,Negativicutes,Veillonellales-Selenomonadales,Veillonellaceae,Veillonella,None,0.019464720194647202
Bacteria,Firmicutes,Clostridia,Oscillospirales,Ruminococcaceae,Subdoligranulum,None,Bacteria,Fusobacteriota,Fusobacteriia,Fusobacteriales,Fusobacteriaceae,Fusobacterium,None,0.024330900243309004
Bacteria,Firmicutes,Clostridia,Oscillospirales,Ruminococcaceae,Subdoligranulum,None,Bacteria,Proteobacteria,Gammaproteobacteria,Burkholderiales,Neisseriaceae,Neisseria,None,0.024330900243309004
Bacteria,Firmicutes,Clostridia,Oscillospirales,Ruminococcaceae,Subdoligranulum,None,Bacteria,Proteobacteria,Gammaproteobacteria,Enterobacterales,Enterobacteriaceae,None,None,0.021897810218978103
Bacteria,Firmicutes,Clostridia,Oscillospirales,Ruminococcaceae,Subdoligranulum,None,Bacteria,Proteobacteria,Gammaproteobacteria,Pasteurellales,Pasteurellaceae,Haemophilus,None,0.024330900243309004
Bacteria,Firmicutes,Clostridia,Oscillospirales,Ruminococcaceae,Subdoligranulum,None,Bacteria,Proteobacteria,Gammaproteobacteria,Pseudomonadales,Moraxellaceae,Acinetobacter,None,0.024330900243309004
Bacteria,Firmicutes,Clostridia,Oscillospirales,Ruminococcaceae,Subdoligranulum,None,Bacteria,Proteobacteria,Gammaproteobacteria,Pseudomonadales,Pseudomonadaceae,Pseudomonas,None,0.024330900243309004
Bacteria,Firmicutes,Clostridia,Oscillospirales,Ruminococcaceae,Subdoligranulum,None,Bacteria,Verrucomicrobiota,Verrucomicrobiae,Verrucomicrobiales,Akkermansiaceae,Akkermansia,None,0.024330900243309004
Bacteria,Firmicutes,Clostridia,Oscillospirales,Ruminococcaceae,UBA1819,None,Bacteria,Firmicutes,Clostridia,Oscillospirales,Ruminococcaceae,None,None,0.004866180048661801
Bacteria,Firmicutes,Clostridia,Oscillospirales,Ruminococcaceae,UBA1819,None,Bacteria,Firmicutes,Clostridia,Oscillospirales,Eubacterium_coprostanoligenes_group,metagenome,None,0.009732360097323601
Bacteria,Firmicutes,Clostridia,Oscillospirales,Ruminococcaceae,UBA1819,None,Bacteria,Firmicutes,Clostridia,Oscillospirales,Eubacterium_coprostanoligenes_group,uncultured_Clostridiales_bacterium,None,0.009732360097323601
Bacteria,Firmicutes,Clostridia,Oscillospirales,Ruminococcaceae,UBA1819,None,Bacteria,Firmicutes,Clostridia,Oscillospirales,None,None,None,0.0072992700729927005
Bacteria,Firmicutes,Clostridia,Oscillospirales,Ruminococcaceae,UBA1819,None,Bacteria,Firmicutes,Clostridia,Peptostreptococcales-Tissierellales,Peptostreptococcaceae,Romboutsia,None,0.014598540145985401
Bacteria,Firmicutes,Clostridia,Oscillospirales,Ruminococcaceae,UBA1819,None,Bacteria,Firmicutes,Clostridia,None,None,None,None,0.0072992700729927005
Bacteria,Firmicutes,Clostridia,Oscillospirales,Ruminococcaceae,UBA1819,None,Bacteria,Firmicutes,Negativicutes,Acidaminococcales,Acidaminococcaceae,Phascolarctobacterium,None,0.019464720194647202
Bacteria,Firmicutes,Clostridia,Oscillospirales,Ruminococcaceae,UBA1819,None,Bacteria,Firmicutes,Negativicutes,Veillonellales-Selenomonadales,Veillonellaceae,Veillonella,None,0.019464720194647202
Bacteria,Firmicutes,Clostridia,Oscillospirales,Ruminococcaceae,UBA1819,None,Bacteria,Fusobacteriota,Fusobacteriia,Fusobacteriales,Fusobacteriaceae,Fusobacterium,None,0.024330900243309004
Bacteria,Firmicutes,Clostridia,Oscillospirales,Ruminococcaceae,UBA1819,None,Bacteria,Proteobacteria,Gammaproteobacteria,Burkholderiales,Neisseriaceae,Neisseria,None,0.024330900243309004
Bacteria,Firmicutes,Clostridia,Oscillospirales,Ruminococcaceae,UBA1819,None,Bacteria,Proteobacteria,Gammaproteobacteria,Enterobacterales,Enterobacteriaceae,None,None,0.021897810218978103
Bacteria,Firmicutes,Clostridia,Oscillospirales,Ruminococcaceae,UBA1819,None,Bacteria,Proteobacteria,Gammaproteobacteria,Pasteurellales,Pasteurellaceae,Haemophilus,None,0.024330900243309004
Bacteria,Firmicutes,Clostridia,Oscillospirales,Ruminococcaceae,UBA1819,None,Bacteria,Proteobacteria,Gammaproteobacteria,Pseudomonadales,Moraxellaceae,Acinetobacter,None,0.024330900243309004
Bacteria,Firmicutes,Clostridia,Oscillospirales,Ruminococcaceae,UBA1819,None,Bacteria,Proteobacteria,Gammaproteobacteria,Pseudomonadales,Pseudomonadaceae,Pseudomonas,None,0.024330900243309004
Bacteria,Firmicutes,Clostridia,Oscillospirales,Ruminococcaceae,UBA1819,None,Bacteria,Verrucomicrobiota,Verrucomicrobiae,Verrucomicrobiales,Akkermansiaceae,Akkermansia,None,0.024330900243309004
Bacteria,Firmicutes,Clostridia,Oscillospirales,Ruminococcaceae,None,None,Bacteria,Firmicutes,Clostridia,Oscillospirales,Eubacterium_coprostanoligenes_group,metagenome,None,0.0072992700729927005
Bacteria,Firmicutes,Clostridia,Oscillospirales,Ruminococcaceae,None,None,Bacteria,Firmicutes,Clostridia,Oscillospirales,Eubacterium_coprostanoligenes_group,uncultured_Clostridiales_bacterium,None,0.0072992700729927005
Bacteria,Firmicutes,Clostridia,Oscillospirales,Ruminococcaceae,None,None,Bacteria,Firmicutes,Clostridia,Oscillospirales,None,None,None,0.004866180048661801
Bacteria,Firmicutes,Clostridia,Oscillospirales,Ruminococcaceae,None,None,Bacteria,Firmicutes,Clostridia,Peptostreptococcales-Tissierellales,Peptostreptococcaceae,Romboutsia,None,0.012165450121654502
Bacteria,Firmicutes,Clostridia,Oscillospirales,Ruminococcaceae,None,None,Bacteria,Firmicutes,Clostridia,None,None,None,None,0.004866180048661801
Bacteria,Firmicutes,Clostridia,Oscillospirales,Ruminococcaceae,None,None,Bacteria,Firmicutes,Negativicutes,Acidaminococcales,Acidaminococcaceae,Phascolarctobacterium,None,0.0170316301703163
Bacteria,Firmicutes,Clostridia,Oscillospirales,Ruminococcaceae,None,None,Bacteria,Firmicutes,Negativicutes,Veillonellales-Selenomonadales,Veillonellaceae,Veillonella,None,0.0170316301703163
Bacteria,Firmicutes,Clostridia,Oscillospirales,Ruminococcaceae,None,None,Bacteria,Fusobacteriota,Fusobacteriia,Fusobacteriales,Fusobacteriaceae,Fusobacterium,None,0.021897810218978103
Bacteria,Firmicutes,Clostridia,Oscillospirales,Ruminococcaceae,None,None,Bacteria,Proteobacteria,Gammaproteobacteria,Burkholderiales,Neisseriaceae,Neisseria,None,0.021897810218978103
Bacteria,Firmicutes,Clostridia,Oscillospirales,Ruminococcaceae,None,None,Bacteria,Proteobacteria,Gammaproteobacteria,Enterobacterales,Enterobacteriaceae,None,None,0.019464720194647202
Bacteria,Firmicutes,Clostridia,Oscillospirales,Ruminococcaceae,None,None,Bacteria,Proteobacteria,Gammaproteobacteria,Pasteurellales,Pasteurellaceae,Haemophilus,None,0.021897810218978103
Bacteria,Firmicutes,Clostridia,Oscillospirales,Ruminococcaceae,None,None,Bacteria,Proteobacteria,Gammaproteobacteria,Pseudomonadales,Moraxellaceae,Acinetobacter,None,0.021897810218978103
Bacteria,Firmicutes,Clostridia,Oscillospirales,Ruminococcaceae,None,None,Bacteria,Proteobacteria,Gammaproteobacteria,Pseudomonadales,Pseudomonadaceae,Pseudomonas,None,0.021897810218978103
Bacteria,Firmicutes,Clostridia,Oscillospirales,Ruminococcaceae,None,None,Bacteria,Verrucomicrobiota,Verrucomicrobiae,Verrucomicrobiales,Akkermansiaceae,Akkermansia,None,0.021897810218978103
Bacteria,Firmicutes,Clostridia,Oscillospirales,Eubacterium_coprostanoligenes_group,metagenome,None,Bacteria,Firmicutes,Clostridia,Oscillospirales,Eubacterium_coprostanoligenes_group,uncultured_Clostridiales_bacterium,None,0.004866180048661801
Bacteria,Firmicutes,Clostridia,Oscillospirales,Eubacterium_coprostanoligenes_group,metagenome,None,Bacteria,Firmicutes,Clostridia,Oscillospirales,None,None,None,0.0072992700729927005
Bacteria,Firmicutes,Clostridia,Oscillospirales,Eubacterium_coprostanoligenes_group,metagenome,None,Bacteria,Firmicutes,Clostridia,Peptostreptococcales-Tissierellales,Peptostreptococcaceae,Romboutsia,None,0.014598540145985401
Bacteria,Firmicutes,Clostridia,Oscillospirales,Eubacterium_coprostanoligenes_group,metagenome,None,Bacteria,Firmicutes,Clostridia,None,None,None,None,0.0072992700729927005
Bacteria,Firmicutes,Clostridia,Oscillospirales,Eubacterium_coprostanoligenes_group,metagenome,None,Bacteria,Firmicutes,Negativicutes,Acidaminococcales,Acidaminococcaceae,Phascolarctobacterium,None,0.019464720194647202
Bacteria,Firmicutes,Clostridia,Oscillospirales,Eubacterium_coprostanoligenes_group,metagenome,None,Bacteria,Firmicutes,Negativicutes,Veillonellales-Selenomonadales,Veillonellaceae,Veillonella,None,0.019464720194647202
Bacteria,Firmicutes,Clostridia,Oscillospirales,Eubacterium_coprostanoligenes_group,metagenome,None,Bacteria,Fusobacteriota,Fusobacteriia,Fusobacteriales,Fusobacteriaceae,Fusobacterium,None,0.024330900243309004
Bacteria,Firmicutes,Clostridia,Oscillospirales,Eubacterium_coprostanoligenes_group,metagenome,None,Bacteria,Proteobacteria,Gammaproteobacteria,Burkholderiales,Neisseriaceae,Neisseria,None,0.024330900243309004
Bacteria,Firmicutes,Clostridia,Oscillospirales,Eubacterium_coprostanoligenes_group,metagenome,None,Bacteria,Proteobacteria,Gammaproteobacteria,Enterobacterales,Enterobacteriaceae,None,None,0.021897810218978103
Bacteria,Firmicutes,Clostridia,Oscillospirales,Eubacterium_coprostanoligenes_group,metagenome,None,Bacteria,Proteobacteria,Gammaproteobacteria,Pasteurellales,Pasteurellaceae,Haemophilus,None,0.024330900243309004
Bacteria,Firmicutes,Clostridia,Oscillospirales,Eubacterium_coprostanoligenes_group,metagenome,None,Bacteria,Proteobacteria,Gammaproteobacteria,Pseudomonadales,Moraxellaceae,Acinetobacter,None,0.024330900243309004
Bacteria,Firmicutes,Clostridia,Oscillospirales,Eubacterium_coprostanoligenes_group,metagenome,None,Bacteria,Proteobacteria,Gammaproteobacteria,Pseudomonadales,Pseudomonadaceae,Pseudomonas,None,0.024330900243309004
Bacteria,Firmicutes,Clostridia,Oscillospirales,Eubacterium_coprostanoligenes_group,metagenome,None,Bacteria,Verrucomicrobiota,Verrucomicrobiae,Verrucomicrobiales,Akkermansiaceae,Akkermansia,None,0.024330900243309004
Bacteria,Firmicutes,Clostridia,Oscillospirales,Eubacterium_coprostanoligenes_group,uncultured_Clostridiales_bacterium,None,Bacteria,Firmicutes,Clostridia,Oscillospirales,None,None,None,0.0072992700729927005
Bacteria,Firmicutes,Clostridia,Oscillospirales,Eubacterium_coprostanoligenes_group,uncultured_Clostridiales_bacterium,None,Bacteria,Firmicutes,Clostridia,Peptostreptococcales-Tissierellales,Peptostreptococcaceae,Romboutsia,None,0.014598540145985401
Bacteria,Firmicutes,Clostridia,Oscillospirales,Eubacterium_coprostanoligenes_group,uncultured_Clostridiales_bacterium,None,Bacteria,Firmicutes,Clostridia,None,None,None,None,0.0072992700729927005
Bacteria,Firmicutes,Clostridia,Oscillospirales,Eubacterium_coprostanoligenes_group,uncultured_Clostridiales_bacterium,None,Bacteria,Firmicutes,Negativicutes,Acidaminococcales,Acidaminococcaceae,Phascolarctobacterium,None,0.019464720194647202
Bacteria,Firmicutes,Clostridia,Oscillospirales,Eubacterium_coprostanoligenes_group,uncultured_Clostridiales_bacterium,None,Bacteria,Firmicutes,Negativicutes,Veillonellales-Selenomonadales,Veillonellaceae,Veillonella,None,0.019464720194647202
Bacteria,Firmicutes,Clostridia,Oscillospirales,Eubacterium_coprostanoligenes_group,uncultured_Clostridiales_bacterium,None,Bacteria,Fusobacteriota,Fusobacteriia,Fusobacteriales,Fusobacteriaceae,Fusobacterium,None,0.024330900243309004
Bacteria,Firmicutes,Clostridia,Oscillospirales,Eubacterium_coprostanoligenes_group,uncultured_Clostridiales_bacterium,None,Bacteria,Proteobacteria,Gammaproteobacteria,Burkholderiales,Neisseriaceae,Neisseria,None,0.024330900243309004
Bacteria,Firmicutes,Clostridia,Oscillospirales,Eubacterium_coprostanoligenes_group,uncultured_Clostridiales_bacterium,None,Bacteria,Proteobacteria,Gammaproteobacteria,Enterobacterales,Enterobacteriaceae,None,None,0.021897810218978103
Bacteria,Firmicutes,Clostridia,Oscillospirales,Eubacterium_coprostanoligenes_group,uncultured_Clostridiales_bacterium,None,Bacteria,Proteobacteria,Gammaproteobacteria,Pasteurellales,Pasteurellaceae,Haemophilus,None,0.024330900243309004
Bacteria,Firmicutes,Clostridia,Oscillospirales,Eubacterium_coprostanoligenes_group,uncultured_Clostridiales_bacterium,None,Bacteria,Proteobacteria,Gammaproteobacteria,Pseudomonadales,Moraxellaceae,Acinetobacter,None,0.024330900243309004
Bacteria,Firmicutes,Clostridia,Oscillospirales,Eubacterium_coprostanoligenes_group,uncultured_Clostridiales_bacterium,None,Bacteria,Proteobacteria,Gammaproteobacteria,Pseudomonadales,Pseudomonadaceae,Pseudomonas,None,0.024330900243309004
Bacteria,Firmicutes,Clostridia,Oscillospirales,Eubacterium_coprostanoligenes_group,uncultured_Clostridiales_bacterium,None,Bacteria,Verrucomicrobiota,Verrucomicrobiae,Verrucomicrobiales,Akkermansiaceae,Akkermansia,None,0.024330900243309004
Bacteria,Firmicutes,Clostridia,Oscillospirales,None,None,None,Bacteria,Firmicutes,Clostridia,Peptostreptococcales-Tissierellales,Peptostreptococcaceae,Romboutsia,None,0.009732360097323601
Bacteria,Firmicutes,Clostridia,Oscillospirales,None,None,None,Bacteria,Firmicutes,Clostridia,None,None,None,None,0.0024330900243309003
Bacteria,Firmicutes,Clostridia,Oscillospirales,None,None,None,Bacteria,Firmicutes,Negativicutes,Acidaminococcales,Acidaminococcaceae,Phascolarctobacterium,None,0.014598540145985401
Bacteria,Firmicutes,Clostridia,Oscillospirales,None,None,None,Bacteria,Firmicutes,Negativicutes,Veillonellales-Selenomonadales,Veillonellaceae,Veillonella,None,0.014598540145985401
Bacteria,Firmicutes,Clostridia,Oscillospirales,None,None,None,Bacteria,Fusobacteriota,Fusobacteriia,Fusobacteriales,Fusobacteriaceae,Fusobacterium,None,0.019464720194647202
Bacteria,Firmicutes,Clostridia,Oscillospirales,None,None,None,Bacteria,Proteobacteria,Gammaproteobacteria,Burkholderiales,Neisseriaceae,Neisseria,None,0.019464720194647202
Bacteria,Firmicutes,Clostridia,Oscillospirales,None,None,None,Bacteria,Proteobacteria,Gammaproteobacteria,Enterobacterales,Enterobacteriaceae,None,None,0.0170316301703163
Bacteria,Firmicutes,Clostridia,Oscillospirales,None,None,None,Bacteria,Proteobacteria,Gammaproteobacteria,Pasteurellales,Pasteurellaceae,Haemophilus,None,0.019464720194647202
Bacteria,Firmicutes,Clostridia,Oscillospirales,None,None,None,Bacteria,Proteobacteria,Gammaproteobacteria,Pseudomonadales,Moraxellaceae,Acinetobacter,None,0.019464720194647202
Bacteria,Firmicutes,Clostridia,Oscillospirales,None,None,None,Bacteria,Proteobacteria,Gammaproteobacteria,Pseudomonadales,Pseudomonadaceae,Pseudomonas,None,0.019464720194647202
Bacteria,Firmicutes,Clostridia,Oscillospirales,None,None,None,Bacteria,Verrucomicrobiota,Verrucomicrobiae,Verrucomicrobiales,Akkermansiaceae,Akkermansia,None,0.019464720194647202
Bacteria,Firmicutes,Clostridia,Peptostreptococcales-Tissierellales,Peptostreptococcaceae,Romboutsia,None,Bacteria,Firmicutes,Clostridia,None,None,None,None,0.0072992700729927005
Bacteria,Firmicutes,Clostridia,Peptostreptococcales-Tissierellales,Peptostreptococcaceae,Romboutsia,None,Bacteria,Firmicutes,Negativicutes,Acidaminococcales,Acidaminococcaceae,Phascolarctobacterium,None,0.019464720194647202
Bacteria,Firmicutes,Clostridia,Peptostreptococcales-Tissierellales,Peptostreptococcaceae,Romboutsia,None,Bacteria,Firmicutes,Negativicutes,Veillonellales-Selenomonadales,Veillonellaceae,Veillonella,None,0.019464720194647202
Bacteria,Firmicutes,Clostridia,Peptostreptococcales-Tissierellales,Peptostreptococcaceae,Romboutsia,None,Bacteria,Fusobacteriota,Fusobacteriia,Fusobacteriales,Fusobacteriaceae,Fusobacterium,None,0.024330900243309004
Bacteria,Firmicutes,Clostridia,Peptostreptococcales-Tissierellales,Peptostreptococcaceae,Romboutsia,None,Bacteria,Proteobacteria,Gammaproteobacteria,Burkholderiales,Neisseriaceae,Neisseria,None,0.024330900243309004
Bacteria,Firmicutes,Clostridia,Peptostreptococcales-Tissierellales,Peptostreptococcaceae,Romboutsia,None,Bacteria,Proteobacteria,Gammaproteobacteria,Enterobacterales,Enterobacteriaceae,None,None,0.021897810218978103
Bacteria,Firmicutes,Clostridia,Peptostreptococcales-Tissierellales,Peptostreptococcaceae,Romboutsia,None,Bacteria,Proteobacteria,Gammaproteobacteria,Pasteurellales,Pasteurellaceae,Haemophilus,None,0.024330900243309004
Bacteria,Firmicutes,Clostridia,Peptostreptococcales-Tissierellales,Peptostreptococcaceae,Romboutsia,None,Bacteria,Proteobacteria,Gammaproteobacteria,Pseudomonadales,Moraxellaceae,Acinetobacter,None,0.024330900243309004
Bacteria,Firmicutes,Clostridia,Peptostreptococcales-Tissierellales,Peptostreptococcaceae,Romboutsia,None,Bacteria,Proteobacteria,Gammaproteobacteria,Pseudomonadales,Pseudomonadaceae,Pseudomonas,None,0.024330900243309004
Bacteria,Firmicutes,Clostridia,Peptostreptococcales-Tissierellales,Peptostreptococcaceae,Romboutsia,None,Bacteria,Verrucomicrobiota,Verrucomicrobiae,Verrucomicrobiales,Akkermansiaceae,Akkermansia,None,0.024330900243309004
Bacteria,Firmicutes,Clostridia,None,None,None,None,Bacteria,Firmicutes,Negativicutes,Acidaminococcales,Acidaminococcaceae,Phascolarctobacterium,None,0.012165450121654502
Bacteria,Firmicutes,Clostridia,None,None,None,None,Bacteria,Firmicutes,Negativicutes,Veillonellales-Selenomonadales,Veillonellaceae,Veillonella,None,0.012165450121654502
Bacteria,Firmicutes,Clostridia,None,None,None,None,Bacteria,Fusobacteriota,Fusobacteriia,Fusobacteriales,Fusobacteriaceae,Fusobacterium,None,0.0170316301703163
Bacteria,Firmicutes,Clostridia,None,None,None,None,Bacteria,Proteobacteria,Gammaproteobacteria,Burkholderiales,Neisseriaceae,Neisseria,None,0.0170316301703163
Bacteria,Firmicutes,Clostridia,None,None,None,None,Bacteria,Proteobacteria,Gammaproteobacteria,Enterobacterales,Enterobacteriaceae,None,None,0.014598540145985401
Bacteria,Firmicutes,Clostridia,None,None,None,None,Bacteria,Proteobacteria,Gammaproteobacteria,Pasteurellales,Pasteurellaceae,Haemophilus,None,0.0170316301703163
Bacteria,Firmicutes,Clostridia,None,None,None,None,Bacteria,Proteobacteria,Gammaproteobacteria,Pseudomonadales,Moraxellaceae,Acinetobacter,None,0.0170316301703163
Bacteria,Firmicutes,Clostridia,None,None,None,None,Bacteria,Proteobacteria,Gammaproteobacteria,Pseudomonadales,Pseudomonadaceae,Pseudomonas,None,0.0170316301703163
Bacteria,Firmicutes,Clostridia,None,None,None,None,Bacteria,Verrucomicrobiota,Verrucomicrobiae,Verrucomicrobiales,Akkermansiaceae,Akkermansia,None,0.0170316301703163
Bacteria,Firmicutes,Negativicutes,Acidaminococcales,Acidaminococcaceae,Phascolarctobacterium,None,Bacteria,Firmicutes,Negativicutes,Veillonellales-Selenomonadales,Veillonellaceae,Veillonella,None,0.014598540145985401
Bacteria,Firmicutes,Negativicutes,Acidaminococcales,Acidaminococcaceae,Phascolarctobacterium,None,Bacteria,Fusobacteriota,Fusobacteriia,Fusobacteriales,Fusobacteriaceae,Fusobacterium,None,0.024330900243309004
Bacteria,Firmicutes,Negativicutes,Acidaminococcales,Acidaminococcaceae,Phascolarctobacterium,None,Bacteria,Proteobacteria,Gammaproteobacteria,Burkholderiales,Neisseriaceae,Neisseria,None,0.024330900243309004
Bacteria,Firmicutes,Negativicutes,Acidaminococcales,Acidaminococcaceae,Phascolarctobacterium,None,Bacteria,Proteobacteria,Gammaproteobacteria,Enterobacterales,Enterobacteriaceae,None,None,0.021897810218978103
Bacteria,Firmicutes,Negativicutes,Acidaminococcales,Acidaminococcaceae,Phascolarctobacterium,None,Bacteria,Proteobacteria,Gammaproteobacteria,Pasteurellales,Pasteurellaceae,Haemophilus,None,0.024330900243309004
Bacteria,Firmicutes,Negativicutes,Acidaminococcales,Acidaminococcaceae,Phascolarctobacterium,None,Bacteria,Proteobacteria,Gammaproteobacteria,Pseudomonadales,Moraxellaceae,Acinetobacter,None,0.024330900243309004
Bacteria,Firmicutes,Negativicutes,Acidaminococcales,Acidaminococcaceae,Phascolarctobacterium,None,Bacteria,Proteobacteria,Gammaproteobacteria,Pseudomonadales,Pseudomonadaceae,Pseudomonas,None,0.024330900243309004
Bacteria,Firmicutes,Negativicutes,Acidaminococcales,Acidaminococcaceae,Phascolarctobacterium,None,Bacteria,Verrucomicrobiota,Verrucomicrobiae,Verrucomicrobiales,Akkermansiaceae,Akkermansia,None,0.024330900243309004
Bacteria,Firmicutes,Negativicutes,Veillonellales-Selenomonadales,Veillonellaceae,Veillonella,None,Bacteria,Fusobacteriota,Fusobacteriia,Fusobacteriales,Fusobacteriaceae,Fusobacterium,None,0.024330900243309004
Bacteria,Firmicutes,Negativicutes,Veillonellales-Selenomonadales,Veillonellaceae,Veillonella,None,Bacteria,Proteobacteria,Gammaproteobacteria,Burkholderiales,Neisseriaceae,Neisseria,None,0.024330900243309004
Bacteria,Firmicutes,Negativicutes,Veillonellales-Selenomonadales,Veillonellaceae,Veillonella,None,Bacteria,Proteobacteria,Gammaproteobacteria,Enterobacterales,Enterobacteriaceae,None,None,0.021897810218978103
Bacteria,Firmicutes,Negativicutes,Veillonellales-Selenomonadales,Veillonellaceae,Veillonella,None,Bacteria,Proteobacteria,Gammaproteobacteria,Pasteurellales,Pasteurellaceae,Haemophilus,None,0.024330900243309004
Bacteria,Firmicutes,Negativicutes,Veillonellales-Selenomonadales,Veillonellaceae,Veillonella,None,Bacteria,Proteobacteria,Gammaproteobacteria,Pseudomonadales,Moraxellaceae,Acinetobacter,None,0.024330900243309004
Bacteria,Firmicutes,Negativicutes,Veillonellales-Selenomonadales,Veillonellaceae,Veillonella,None,Bacteria,Proteobacteria,Gammaproteobacteria,Pseudomonadales,Pseudomonadaceae,Pseudomonas,None,0.024330900243309004
Bacteria,Firmicutes,Negativicutes,Veillonellales-Selenomonadales,Veillonellaceae,Veillonella,None,Bacteria,Verrucomicrobiota,Verrucomicrobiae,Verrucomicrobiales,Akkermansiaceae,Akkermansia,None,0.024330900243309004
Bacteria,Fusobacteriota,Fusobacteriia,Fusobacteriales,Fusobacteriaceae,Fusobacterium,None,Bacteria,Proteobacteria,Gammaproteobacteria,Burkholderiales,Neisseriaceae,Neisseria,None,0.024330900243309004
Bacteria,Fusobacteriota,Fusobacteriia,Fusobacteriales,Fusobacteriaceae,Fusobacterium,None,Bacteria,Proteobacteria,Gammaproteobacteria,Enterobacterales,Enterobacteriaceae,None,None,0.021897810218978103
Bacteria,Fusobacteriota,Fusobacteriia,Fusobacteriales,Fusobacteriaceae,Fusobacterium,None,Bacteria,Proteobacteria,Gammaproteobacteria,Pasteurellales,Pasteurellaceae,Haemophilus,None,0.024330900243309004
Bacteria,Fusobacteriota,Fusobacteriia,Fusobacteriales,Fusobacteriaceae,Fusobacterium,None,Bacteria,Proteobacteria,Gammaproteobacteria,Pseudomonadales,Moraxellaceae,Acinetobacter,None,0.024330900243309004
Bacteria,Fusobacteriota,Fusobacteriia,Fusobacteriales,Fusobacteriaceae,Fusobacterium,None,Bacteria,Proteobacteria,Gammaproteobacteria,Pseudomonadales,Pseudomonadaceae,Pseudomonas,None,0.024330900243309004
Bacteria,Fusobacteriota,Fusobacteriia,Fusobacteriales,Fusobacteriaceae,Fusobacterium,None,Bacteria,Verrucomicrobiota,Verrucomicrobiae,Verrucomicrobiales,Akkermansiaceae,Akkermansia,None,0.024330900243309004
Bacteria,Proteobacteria,Gammaproteobacteria,Burkholderiales,Neisseriaceae,Neisseria,None,Bacteria,Proteobacteria,Gammaproteobacteria,Enterobacterales,Enterobacteriaceae,None,None,0.012165450121654502
Bacteria,Proteobacteria,Gammaproteobacteria,Burkholderiales,Neisseriaceae,Neisseria,None,Bacteria,Proteobacteria,Gammaproteobacteria,Pasteurellales,Pasteurellaceae,Haemophilus,None,0.014598540145985401
Bacteria,Proteobacteria,Gammaproteobacteria,Burkholderiales,Neisseriaceae,Neisseria,None,Bacteria,Proteobacteria,Gammaproteobacteria,Pseudomonadales,Moraxellaceae,Acinetobacter,None,0.014598540145985401
Bacteria,Proteobacteria,Gammaproteobacteria,Burkholderiales,Neisseriaceae,Neisseria,None,Bacteria,Proteobacteria,Gammaproteobacteria,Pseudomonadales,Pseudomonadaceae,Pseudomonas,None,0.014598540145985401
Bacteria,Proteobacteria,Gammaproteobacteria,Burkholderiales,Neisseriaceae,Neisseria,None,Bacteria,Verrucomicrobiota,Verrucomicrobiae,Verrucomicrobiales,Akkermansiaceae,Akkermansia,None,0.024330900243309004
Bacteria,Proteobacteria,Gammaproteobacteria,Enterobacterales,Enterobacteriaceae,None,None,Bacteria,Proteobacteria,Gammaproteobacteria,Pasteurellales,Pasteurellaceae,Haemophilus,None,0.012165450121654502
Bacteria,Proteobacteria,Gammaproteobacteria,Enterobacterales,Enterobacteriaceae,None,None,Bacteria,Proteobacteria,Gammaproteobacteria,Pseudomonadales,Moraxellaceae,Acinetobacter,None,0.012165450121654502
Bacteria,Proteobacteria,Gammaproteobacteria,Enterobacterales,Enterobacteriaceae,None,None,Bacteria,Proteobacteria,Gammaproteobacteria,Pseudomonadales,Pseudomonadaceae,Pseudomonas,None,0.012165450121654502
Bacteria,Proteobacteria,Gammaproteobacteria,Enterobacterales,Enterobacteriaceae,None,None,Bacteria,Verrucomicrobiota,Verrucomicrobiae,Verrucomicrobiales,Akkermansiaceae,Akkermansia,None,0.021897810218978103
Bacteria,Proteobacteria,Gammaproteobacteria,Pasteurellales,Pasteurellaceae,Haemophilus,None,Bacteria,Proteobacteria,Gammaproteobacteria,Pseudomonadales,Moraxellaceae,Acinetobacter,None,0.014598540145985401
Bacteria,Proteobacteria,Gammaproteobacteria,Pasteurellales,Pasteurellaceae,Haemophilus,None,Bacteria,Proteobacteria,Gammaproteobacteria,Pseudomonadales,Pseudomonadaceae,Pseudomonas,None,0.014598540145985401
Bacteria,Proteobacteria,Gammaproteobacteria,Pasteurellales,Pasteurellaceae,Haemophilus,None,Bacteria,Verrucomicrobiota,Verrucomicrobiae,Verrucomicrobiales,Akkermansiaceae,Akkermansia,None,0.024330900243309004
Bacteria,Proteobacteria,Gammaproteobacteria,Pseudomonadales,Moraxellaceae,Acinetobacter,None,Bacteria,Proteobacteria,Gammaproteobacteria,Pseudomonadales,Pseudomonadaceae,Pseudomonas,None,0.009732360097323601
Bacteria,Proteobacteria,Gammaproteobacteria,Pseudomonadales,Moraxellaceae,Acinetobacter,None,Bacteria,Verrucomicrobiota,Verrucomicrobiae,Verrucomicrobiales,Akkermansiaceae,Akkermansia,None,0.024330900243309004
Bacteria,Proteobacteria,Gammaproteobacteria,Pseudomonadales,Pseudomonadaceae,Pseudomonas,None,Bacteria,Verrucomicrobiota,Verrucomicrobiae,Verrucomicrobiales,Akkermansiaceae,Akkermansia,None,0.024330900243309004
