Archaea,Euryarchaeota,Methanobacteria,Methanobacteriales,Methanobacteriaceae,Methanobrevibacter,None,Bacteria,Actinobacteriota,Coriobacteriia,Coriobacteriales,Coriobacteriaceae,Collinsella,None,0.011684518013631937
Archaea,Euryarchaeota,Methanobacteria,Methanobacteriales,Methanobacteriaceae,Methanobrevibacter,None,Bacteria,Actinobacteriota,Coriobacteriia,Coriobacteriales,Coriobacteriales_Incertae_Sedis,Raoultibacter,None,0.011684518013631937
Archaea,Euryarchaeota,Methanobacteria,Methanobacteriales,Methanobacteriaceae,Methanobrevibacter,None,Bacteria,Actinobacteriota,Coriobacteriia,Coriobacteriales,Coriobacteriales_Incertae_Sedis,uncultured,None,0.011684518013631937
Archaea,Euryarchaeota,Methanobacteria,Methanobacteriales,Methanobacteriaceae,Methanobrevibacter,None,Bacteria,Actinobacteriota,Coriobacteriia,Coriobacteriales,Eggerthellaceae,Eggerthella,None,0.011684518013631937
Archaea,Euryarchaeota,Methanobacteria,Methanobacteriales,Methanobacteriaceae,Methanobrevibacter,None,Bacteria,Actinobacteriota,Coriobacteriia,Coriobacteriales,Eggerthellaceae,Enterorhabdus,metagenome,0.012658227848101266
Archaea,Euryarchaeota,Methanobacteria,Methanobacteriales,Methanobacteriaceae,Methanobrevibacter,None,Bacteria,Bacteroidetes,Bacteroidia,Bacteroidales,Bacteroidaceae,Bacteroides,Bacteroides_ovatus,0.012658227848101266
Archaea,Euryarchaeota,Methanobacteria,Methanobacteriales,Methanobacteriaceae,Methanobrevibacter,None,Bacteria,Bacteroidetes,Bacteroidia,Bacteroidales,Bacteroidaceae,Bacteroides,Bacteroides_stercorirosoris,0.012658227848101266
Archaea,Euryarchaeota,Methanobacteria,Methanobacteriales,Methanobacteriaceae,Methanobrevibacter,None,Bacteria,Bacteroidetes,Bacteroidia,Bacteroidales,Bacteroidaceae,Bacteroides,Bacteroides_uniformis,0.012658227848101266
Archaea,Euryarchaeota,Methanobacteria,Methanobacteriales,Methanobacteriaceae,Methanobrevibacter,None,Bacteria,Bacteroidetes,Bacteroidia,Bacteroidales,Bacteroidaceae,Bacteroides,None,0.011684518013631937
Archaea,Euryarchaeota,Methanobacteria,Methanobacteriales,Methanobacteriaceae,Methanobrevibacter,None,Bacteria,Bacteroidetes,Bacteroidia,Bacteroidales,Barnesiellaceae,Barnesiella,None,0.011684518013631937
Archaea,Euryarchaeota,Methanobacteria,Methanobacteriales,Methanobacteriaceae,Methanobrevibacter,None,Bacteria,Bacteroidetes,Bacteroidia,Bacteroidales,Marinifilaceae,Butyricimonas,None,0.011684518013631937
Archaea,Euryarchaeota,Methanobacteria,Methanobacteriales,Methanobacteriaceae,Methanobrevibacter,None,Bacteria,Bacteroidetes,Bacteroidia,Bacteroidales,Marinifilaceae,Odoribacter,None,0.011684518013631937
Archaea,Euryarchaeota,Methanobacteria,Methanobacteriales,Methanobacteriaceae,Methanobrevibacter,None,Bacteria,Bacteroidetes,Bacteroidia,Bacteroidales,Marinifilaceae,Sanguibacteroides,None,0.011684518013631937
Archaea,Euryarchaeota,Methanobacteria,Methanobacteriales,Methanobacteriaceae,Methanobrevibacter,None,Bacteria,Bacteroidetes,Bacteroidia,Bacteroidales,Rikenellaceae,Alistipes,Alistipes_ihumii_AP11,0.012658227848101266
Archaea,Euryarchaeota,Methanobacteria,Methanobacteriales,Methanobacteriaceae,Methanobrevibacter,None,Bacteria,Bacteroidetes,Bacteroidia,Bacteroidales,Rikenellaceae,Alistipes,Alistipes_sp._cv1,0.012658227848101266
Archaea,Euryarchaeota,Methanobacteria,Methanobacteriales,Methanobacteriaceae,Methanobrevibacter,None,Bacteria,Bacteroidetes,Bacteroidia,Bacteroidales,Rikenellaceae,Alistipes,Bacteroidetes_bacterium_Eg28,0.012658227848101266
Archaea,Euryarchaeota,Methanobacteria,Methanobacteriales,Methanobacteriaceae,Methanobrevibacter,None,Bacteria,Bacteroidetes,Bacteroidia,Bacteroidales,Rikenellaceae,Alistipes,None,0.011684518013631937
Archaea,Euryarchaeota,Methanobacteria,Methanobacteriales,Methanobacteriaceae,Methanobrevibacter,None,Bacteria,Bacteroidetes,Bacteroidia,Bacteroidales,Tannerellaceae,Parabacteroides,Parabacteroides_goldsteinii,0.012658227848101266
Archaea,Euryarchaeota,Methanobacteria,Methanobacteriales,Methanobacteriaceae,Methanobrevibacter,None,Bacteria,Bacteroidetes,Bacteroidia,Bacteroidales,Tannerellaceae,Parabacteroides,None,0.011684518013631937
Archaea,Euryarchaeota,Methanobacteria,Methanobacteriales,Methanobacteriaceae,Methanobrevibacter,None,Bacteria,Bacteroidetes,Bacteroidia,Flavobacteriales,Flavobacteriaceae,uncultured,metagenome,0.012658227848101266
Archaea,Euryarchaeota,Methanobacteria,Methanobacteriales,Methanobacteriaceae,Methanobrevibacter,None,Bacteria,Cyanobacteria/Chloroplast,Cyanobacteria.XI,GpXI,None,None,None,0.009737098344693282
Archaea,Euryarchaeota,Methanobacteria,Methanobacteriales,Methanobacteriaceae,Methanobrevibacter,None,Bacteria,Desulfobacterota,Desulfovibrionia,Desulfovibrionales,Desulfovibrionaceae,Desulfovibrio,None,0.011684518013631937
Archaea,Euryarchaeota,Methanobacteria,Methanobacteriales,Methanobacteriaceae,Methanobrevibacter,None,Bacteria,Firmicutes,Bacilli,Erysipelotrichales,Erysipelatoclostridiaceae,Erysipelatoclostridium,Clostridium_spiroforme_DSM_1552,0.012658227848101266
Archaea,Euryarchaeota,Methanobacteria,Methanobacteriales,Methanobacteriaceae,Methanobrevibacter,None,Bacteria,Firmicutes,Bacilli,Erysipelotrichales,Erysipelatoclostridiaceae,Erysipelatoclostridium,None,0.011684518013631937
Archaea,Euryarchaeota,Methanobacteria,Methanobacteriales,Methanobacteriaceae,Methanobrevibacter,None,Bacteria,Firmicutes,Bacilli,Erysipelotrichales,Erysipelotrichaceae,Faecalitalea,None,0.011684518013631937
Archaea,Euryarchaeota,Methanobacteria,Methanobacteriales,Methanobacteriaceae,Methanobrevibacter,None,Bacteria,Firmicutes,Bacilli,Erysipelotrichales,Erysipelotrichaceae,Holdemanella,None,0.011684518013631937
Archaea,Euryarchaeota,Methanobacteria,Methanobacteriales,Methanobacteriaceae,Methanobrevibacter,None,Bacteria,Firmicutes,Bacilli,Erysipelotrichales,Erysipelotrichaceae,Holdemania,None,0.011684518013631937
Archaea,Euryarchaeota,Methanobacteria,Methanobacteriales,Methanobacteriaceae,Methanobrevibacter,None,Bacteria,Firmicutes,Bacilli,Erysipelotrichales,Erysipelotrichaceae,Clostridium_innocuum_group,None,0.011684518013631937
Archaea,Euryarchaeota,Methanobacteria,Methanobacteriales,Methanobacteriaceae,Methanobrevibacter,None,Bacteria,Firmicutes,Bacilli,Izemoplasmatales,human_gut_metagenome,None,None,0.010710808179162609
Archaea,Euryarchaeota,Methanobacteria,Methanobacteriales,Methanobacteriaceae,Methanobrevibacter,None,Bacteria,Firmicutes,Bacilli,Lactobacillales,Lactobacillaceae,Lactobacillus,Lactobacillus_mucosae,0.012658227848101266
Archaea,Euryarchaeota,Methanobacteria,Methanobacteriales,Methanobacteriaceae,Methanobrevibacter,None,Bacteria,Firmicutes,Bacilli,Lactobacillales,Streptococcaceae,Lactococcus,None,0.011684518013631937
Archaea,Euryarchaeota,Methanobacteria,Methanobacteriales,Methanobacteriaceae,Methanobrevibacter,None,Bacteria,Firmicutes,Bacilli,Lactobacillales,Streptococcaceae,Streptococcus,Streptococcus_sp._oral_taxon_065,0.012658227848101266
Archaea,Euryarchaeota,Methanobacteria,Methanobacteriales,Methanobacteriaceae,Methanobrevibacter,None,Bacteria,Firmicutes,Bacilli,Lactobacillales,Streptococcaceae,Streptococcus,None,0.011684518013631937
Archaea,Euryarchaeota,Methanobacteria,Methanobacteriales,Methanobacteriaceae,Methanobrevibacter,None,Bacteria,Firmicutes,Clostridia,Christensenellales,Christensenellaceae,Christensenellaceae_R-7_group,Christensenella_sp._Marseille-P3954,0.012658227848101266
Archaea,Euryarchaeota,Methanobacteria,Methanobacteriales,Methanobacteriaceae,Methanobrevibacter,None,Bacteria,Firmicutes,Clostridia,Christensenellales,Christensenellaceae,Christensenellaceae_R-7_group,Clostridiales_bacterium_Marseille-P2846,0.012658227848101266
Archaea,Euryarchaeota,Methanobacteria,Methanobacteriales,Methanobacteriaceae,Methanobrevibacter,None,Bacteria,Firmicutes,Clostridia,Christensenellales,Christensenellaceae,Christensenellaceae_R-7_group,None,0.011684518013631937
Archaea,Euryarchaeota,Methanobacteria,Methanobacteriales,Methanobacteriaceae,Methanobrevibacter,None,Bacteria,Firmicutes,Clostridia,Christensenellales,Christensenellaceae,Christensenellaceae_R-7_group,bacterium_YE57,0.012658227848101266
Archaea,Euryarchaeota,Methanobacteria,Methanobacteriales,Methanobacteriaceae,Methanobrevibacter,None,Bacteria,Firmicutes,Clostridia,Christensenellales,Christensenellaceae,Christensenellaceae_R-7_group,metagenome,0.012658227848101266
Archaea,Euryarchaeota,Methanobacteria,Methanobacteriales,Methanobacteriaceae,Methanobrevibacter,None,Bacteria,Firmicutes,Clostridia,Christensenellales,Christensenellaceae,Christensenellaceae_R-7_group,uncultured_Firmicutes_bacterium,0.012658227848101266
Archaea,Euryarchaeota,Methanobacteria,Methanobacteriales,Methanobacteriaceae,Methanobrevibacter,None,Bacteria,Firmicutes,Clostridia,Christensenellales,Christensenellaceae,Christensenellaceae_R-7_group,uncultured_marine_bacterium,0.012658227848101266
Archaea,Euryarchaeota,Methanobacteria,Methanobacteriales,Methanobacteriaceae,Methanobrevibacter,None,Bacteria,Firmicutes,Clostridia,Christensenellales,Christensenellaceae,Christensenellaceae_R-7_group,uncultured_organism,0.012658227848101266
Archaea,Euryarchaeota,Methanobacteria,Methanobacteriales,Methanobacteriaceae,Methanobrevibacter,None,Bacteria,Firmicutes,Clostridia,Christensenellales,Christensenellaceae,None,None,0.010710808179162609
Archaea,Euryarchaeota,Methanobacteria,Methanobacteriales,Methanobacteriaceae,Methanobrevibacter,None,Bacteria,Firmicutes,Clostridia,Clostridia_vadinBB60_group,metagenome,None,None,0.010710808179162609
Archaea,Euryarchaeota,Methanobacteria,Methanobacteriales,Methanobacteriaceae,Methanobrevibacter,None,Bacteria,Firmicutes,Clostridia,Clostridia_vadinBB60_group,wastewater_metagenome,None,None,0.010710808179162609
Archaea,Euryarchaeota,Methanobacteria,Methanobacteriales,Methanobacteriaceae,Methanobrevibacter,None,Bacteria,Firmicutes,Clostridia,Clostridiales,Christensenellaceae,Christensenella,PAC001427,0.012658227848101266
Archaea,Euryarchaeota,Methanobacteria,Methanobacteriales,Methanobacteriaceae,Methanobrevibacter,None,Bacteria,Firmicutes,Clostridia,Clostridiales,Christensenellaceae,Christensenella,PAC002297,0.012658227848101266
Archaea,Euryarchaeota,Methanobacteria,Methanobacteriales,Methanobacteriaceae,Methanobrevibacter,None,Bacteria,Firmicutes,Clostridia,Clostridiales,Christensenellaceae,PAC001115,PAC001444,0.012658227848101266
Archaea,Euryarchaeota,Methanobacteria,Methanobacteriales,Methanobacteriaceae,Methanobrevibacter,None,Bacteria,Firmicutes,Clostridia,Clostridiales,Christensenellaceae,PAC001437,PAC001486,0.012658227848101266
Archaea,Euryarchaeota,Methanobacteria,Methanobacteriales,Methanobacteriaceae,Methanobrevibacter,None,Bacteria,Firmicutes,Clostridia,Clostridiales,Christensenellaceae,PAC001437,PAC002305,0.012658227848101266
Archaea,Euryarchaeota,Methanobacteria,Methanobacteriales,Methanobacteriaceae,Methanobrevibacter,None,Bacteria,Firmicutes,Clostridia,Clostridiales,Christensenellaceae,PAC002510,PAC002510,0.012658227848101266
Archaea,Euryarchaeota,Methanobacteria,Methanobacteriales,Methanobacteriaceae,Methanobrevibacter,None,Bacteria,Firmicutes,Clostridia,Clostridiales,Dehalobacterium,PAC002141,PAC002141,0.012658227848101266
Archaea,Euryarchaeota,Methanobacteria,Methanobacteriales,Methanobacteriaceae,Methanobrevibacter,None,Bacteria,Firmicutes,Clostridia,Clostridiales,Ruminococcaceae,PAC000742,PAC000742,0.012658227848101266
Archaea,Euryarchaeota,Methanobacteria,Methanobacteriales,Methanobacteriaceae,Methanobrevibacter,None,Bacteria,Firmicutes,Clostridia,Clostridiales,Ruminococcaceae,PAC001144,PAC001620,0.012658227848101266
Archaea,Euryarchaeota,Methanobacteria,Methanobacteriales,Methanobacteriaceae,Methanobrevibacter,None,Bacteria,Firmicutes,Clostridia,Clostridiales,Ruminococcaceae,PAC001313,PAC001649,0.012658227848101266
Archaea,Euryarchaeota,Methanobacteria,Methanobacteriales,Methanobacteriaceae,Methanobrevibacter,None,Bacteria,Firmicutes,Clostridia,Clostridiales,Ruminococcaceae,PAC002201,PAC002201,0.012658227848101266
Archaea,Euryarchaeota,Methanobacteria,Methanobacteriales,Methanobacteriaceae,Methanobrevibacter,None,Bacteria,Firmicutes,Clostridia,Eubacteriales,Eubacteriaceae,Eubacterium,None,0.011684518013631937
Archaea,Euryarchaeota,Methanobacteria,Methanobacteriales,Methanobacteriaceae,Methanobrevibacter,None,Bacteria,Firmicutes,Clostridia,Lachnospirales,Lachnospiraceae,Agathobacter,None,0.011684518013631937
Archaea,Euryarchaeota,Methanobacteria,Methanobacteriales,Methanobacteriaceae,Methanobrevibacter,None,Bacteria,Firmicutes,Clostridia,Lachnospirales,Lachnospiraceae,Anaerostipes,None,0.011684518013631937
Archaea,Euryarchaeota,Methanobacteria,Methanobacteriales,Methanobacteriaceae,Methanobrevibacter,None,Bacteria,Firmicutes,Clostridia,Lachnospirales,Lachnospiraceae,Blautia,None,0.011684518013631937
Archaea,Euryarchaeota,Methanobacteria,Methanobacteriales,Methanobacteriaceae,Methanobrevibacter,None,Bacteria,Firmicutes,Clostridia,Lachnospirales,Lachnospiraceae,Blautia,bacterium_mpn-isolate_group_20,0.012658227848101266
Archaea,Euryarchaeota,Methanobacteria,Methanobacteriales,Methanobacteriaceae,Methanobrevibacter,None,Bacteria,Firmicutes,Clostridia,Lachnospirales,Lachnospiraceae,Blautia,uncultured_Blautia_sp.,0.012658227848101266
Archaea,Euryarchaeota,Methanobacteria,Methanobacteriales,Methanobacteriaceae,Methanobrevibacter,None,Bacteria,Firmicutes,Clostridia,Lachnospirales,Lachnospiraceae,Coprococcus,None,0.011684518013631937
Archaea,Euryarchaeota,Methanobacteria,Methanobacteriales,Methanobacteriaceae,Methanobrevibacter,None,Bacteria,Firmicutes,Clostridia,Lachnospirales,Lachnospiraceae,Coprococcus,uncultured_Coprococcus_sp.,0.012658227848101266
Archaea,Euryarchaeota,Methanobacteria,Methanobacteriales,Methanobacteriaceae,Methanobrevibacter,None,Bacteria,Firmicutes,Clostridia,Lachnospirales,Lachnospiraceae,Dorea,None,0.011684518013631937
Archaea,Euryarchaeota,Methanobacteria,Methanobacteriales,Methanobacteriaceae,Methanobrevibacter,None,Bacteria,Firmicutes,Clostridia,Lachnospirales,Lachnospiraceae,Eisenbergiella,None,0.011684518013631937
Archaea,Euryarchaeota,Methanobacteria,Methanobacteriales,Methanobacteriaceae,Methanobrevibacter,None,Bacteria,Firmicutes,Clostridia,Lachnospirales,Lachnospiraceae,Frisingicoccus,None,0.011684518013631937
Archaea,Euryarchaeota,Methanobacteria,Methanobacteriales,Methanobacteriaceae,Methanobrevibacter,None,Bacteria,Firmicutes,Clostridia,Lachnospirales,Lachnospiraceae,Fusicatenibacter,uncultured_Lachnospiraceae_bacterium,0.012658227848101266
Archaea,Euryarchaeota,Methanobacteria,Methanobacteriales,Methanobacteriaceae,Methanobrevibacter,None,Bacteria,Firmicutes,Clostridia,Lachnospirales,Lachnospiraceae,GCA-900066575,None,0.011684518013631937
Archaea,Euryarchaeota,Methanobacteria,Methanobacteriales,Methanobacteriaceae,Methanobrevibacter,None,Bacteria,Firmicutes,Clostridia,Lachnospirales,Lachnospiraceae,GCA-900066575,metagenome,0.012658227848101266
Archaea,Euryarchaeota,Methanobacteria,Methanobacteriales,Methanobacteriaceae,Methanobrevibacter,None,Bacteria,Firmicutes,Clostridia,Lachnospirales,Lachnospiraceae,GCA-900066755,None,0.011684518013631937
Archaea,Euryarchaeota,Methanobacteria,Methanobacteriales,Methanobacteriaceae,Methanobrevibacter,None,Bacteria,Firmicutes,Clostridia,Lachnospirales,Lachnospiraceae,Hungatella,metagenome,0.012658227848101266
Archaea,Euryarchaeota,Methanobacteria,Methanobacteriales,Methanobacteriaceae,Methanobrevibacter,None,Bacteria,Firmicutes,Clostridia,Lachnospirales,Lachnospiraceae,Lachnoclostridium,Clostridium_symbiosum,0.012658227848101266
Archaea,Euryarchaeota,Methanobacteria,Methanobacteriales,Methanobacteriaceae,Methanobrevibacter,None,Bacteria,Firmicutes,Clostridia,Lachnospirales,Lachnospiraceae,Lachnoclostridium,None,0.011684518013631937
Archaea,Euryarchaeota,Methanobacteria,Methanobacteriales,Methanobacteriaceae,Methanobrevibacter,None,Bacteria,Firmicutes,Clostridia,Lachnospirales,Lachnospiraceae,Lachnoclostridium,uncultured_Lachnospiraceae_bacterium,0.012658227848101266
Archaea,Euryarchaeota,Methanobacteria,Methanobacteriales,Methanobacteriaceae,Methanobrevibacter,None,Bacteria,Firmicutes,Clostridia,Lachnospirales,Lachnospiraceae,Lachnospiraceae_ND3007_group,metagenome,0.012658227848101266
Archaea,Euryarchaeota,Methanobacteria,Methanobacteriales,Methanobacteriaceae,Methanobrevibacter,None,Bacteria,Firmicutes,Clostridia,Lachnospirales,Lachnospiraceae,Lachnospiraceae_NK4A136_group,None,0.011684518013631937
Archaea,Euryarchaeota,Methanobacteria,Methanobacteriales,Methanobacteriaceae,Methanobrevibacter,None,Bacteria,Firmicutes,Clostridia,Lachnospirales,Lachnospiraceae,Lachnospiraceae_NK4A136_group,uncultured_Lachnospiraceae_bacterium,0.012658227848101266
Archaea,Euryarchaeota,Methanobacteria,Methanobacteriales,Methanobacteriaceae,Methanobrevibacter,None,Bacteria,Firmicutes,Clostridia,Lachnospirales,Lachnospiraceae,Lachnospiraceae_NK4A136_group,uncultured_bacterium_Adhufec49.25,0.012658227848101266
Archaea,Euryarchaeota,Methanobacteria,Methanobacteriales,Methanobacteriaceae,Methanobrevibacter,None,Bacteria,Firmicutes,Clostridia,Lachnospirales,Lachnospiraceae,Lachnospiraceae_NK4B4_group,None,0.011684518013631937
Archaea,Euryarchaeota,Methanobacteria,Methanobacteriales,Methanobacteriaceae,Methanobrevibacter,None,Bacteria,Firmicutes,Clostridia,Lachnospirales,Lachnospiraceae,Lachnospiraceae_UCG-001,metagenome,0.012658227848101266
Archaea,Euryarchaeota,Methanobacteria,Methanobacteriales,Methanobacteriaceae,Methanobrevibacter,None,Bacteria,Firmicutes,Clostridia,Lachnospirales,Lachnospiraceae,Lachnospiraceae_UCG-004,None,0.011684518013631937
Archaea,Euryarchaeota,Methanobacteria,Methanobacteriales,Methanobacteriaceae,Methanobrevibacter,None,Bacteria,Firmicutes,Clostridia,Lachnospirales,Lachnospiraceae,Lachnospiraceae_UCG-008,metagenome,0.012658227848101266
Archaea,Euryarchaeota,Methanobacteria,Methanobacteriales,Methanobacteriaceae,Methanobrevibacter,None,Bacteria,Firmicutes,Clostridia,Lachnospirales,Lachnospiraceae,Lachnospiraceae_UCG-010,None,0.011684518013631937
Archaea,Euryarchaeota,Methanobacteria,Methanobacteriales,Methanobacteriaceae,Methanobrevibacter,None,Bacteria,Firmicutes,Clostridia,Lachnospirales,Lachnospiraceae,Marvinbryantia,None,0.011684518013631937
Archaea,Euryarchaeota,Methanobacteria,Methanobacteriales,Methanobacteriaceae,Methanobrevibacter,None,Bacteria,Firmicutes,Clostridia,Lachnospirales,Lachnospiraceae,Marvinbryantia,unidentified,0.012658227848101266
Archaea,Euryarchaeota,Methanobacteria,Methanobacteriales,Methanobacteriaceae,Methanobrevibacter,None,Bacteria,Firmicutes,Clostridia,Lachnospirales,Lachnospiraceae,Roseburia,None,0.011684518013631937
Archaea,Euryarchaeota,Methanobacteria,Methanobacteriales,Methanobacteriaceae,Methanobrevibacter,None,Bacteria,Firmicutes,Clostridia,Lachnospirales,Lachnospiraceae,Roseburia,gut_metagenome,0.012658227848101266
Archaea,Euryarchaeota,Methanobacteria,Methanobacteriales,Methanobacteriaceae,Methanobrevibacter,None,Bacteria,Firmicutes,Clostridia,Lachnospirales,Lachnospiraceae,Tuzzerella,None,0.011684518013631937
Archaea,Euryarchaeota,Methanobacteria,Methanobacteriales,Methanobacteriaceae,Methanobrevibacter,None,Bacteria,Firmicutes,Clostridia,Lachnospirales,Lachnospiraceae,Tyzzerella,None,0.011684518013631937
Archaea,Euryarchaeota,Methanobacteria,Methanobacteriales,Methanobacteriaceae,Methanobrevibacter,None,Bacteria,Firmicutes,Clostridia,Lachnospirales,Lachnospiraceae,Eubacterium_hallii_group,None,0.011684518013631937
Archaea,Euryarchaeota,Methanobacteria,Methanobacteriales,Methanobacteriaceae,Methanobrevibacter,None,Bacteria,Firmicutes,Clostridia,Lachnospirales,Lachnospiraceae,Eubacterium_ventriosum_group,metagenome,0.012658227848101266
Archaea,Euryarchaeota,Methanobacteria,Methanobacteriales,Methanobacteriaceae,Methanobrevibacter,None,Bacteria,Firmicutes,Clostridia,Lachnospirales,Lachnospiraceae,Ruminococcus_gauvreauii_group,uncultured_Lachnospiraceae_bacterium,0.012658227848101266
Archaea,Euryarchaeota,Methanobacteria,Methanobacteriales,Methanobacteriaceae,Methanobrevibacter,None,Bacteria,Firmicutes,Clostridia,Lachnospirales,Lachnospiraceae,Ruminococcus_gnavus_group,None,0.011684518013631937
Archaea,Euryarchaeota,Methanobacteria,Methanobacteriales,Methanobacteriaceae,Methanobrevibacter,None,Bacteria,Firmicutes,Clostridia,Lachnospirales,Lachnospiraceae,Ruminococcus_torques_group,Clostridiaceae_bacterium_LEMV78,0.012658227848101266
Archaea,Euryarchaeota,Methanobacteria,Methanobacteriales,Methanobacteriaceae,Methanobrevibacter,None,Bacteria,Firmicutes,Clostridia,Lachnospirales,Lachnospiraceae,Ruminococcus_torques_group,None,0.011684518013631937
Archaea,Euryarchaeota,Methanobacteria,Methanobacteriales,Methanobacteriaceae,Methanobrevibacter,None,Bacteria,Firmicutes,Clostridia,Lachnospirales,Lachnospiraceae,None,None,0.010710808179162609
Archaea,Euryarchaeota,Methanobacteria,Methanobacteriales,Methanobacteriaceae,Methanobrevibacter,None,Bacteria,Firmicutes,Clostridia,Lachnospirales,Lachnospiraceae,uncultured,None,0.011684518013631937
Archaea,Euryarchaeota,Methanobacteria,Methanobacteriales,Methanobacteriaceae,Methanobrevibacter,None,Bacteria,Firmicutes,Clostridia,Monoglobales,Monoglobaceae,Monoglobus,None,0.011684518013631937
Archaea,Euryarchaeota,Methanobacteria,Methanobacteriales,Methanobacteriaceae,Methanobrevibacter,None,Bacteria,Firmicutes,Clostridia,Oscillospirales,Butyricicoccaceae,Butyricicoccus,None,0.011684518013631937
Archaea,Euryarchaeota,Methanobacteria,Methanobacteriales,Methanobacteriaceae,Methanobrevibacter,None,Bacteria,Firmicutes,Clostridia,Oscillospirales,Hydrogenoanaerobacterium,None,None,0.010710808179162609
Archaea,Euryarchaeota,Methanobacteria,Methanobacteriales,Methanobacteriaceae,Methanobrevibacter,None,Bacteria,Firmicutes,Clostridia,Oscillospirales,Oscillospiraceae,Colidextribacter,None,0.011684518013631937
Archaea,Euryarchaeota,Methanobacteria,Methanobacteriales,Methanobacteriaceae,Methanobrevibacter,None,Bacteria,Firmicutes,Clostridia,Oscillospirales,Oscillospiraceae,Colidextribacter,metagenome,0.012658227848101266
Archaea,Euryarchaeota,Methanobacteria,Methanobacteriales,Methanobacteriaceae,Methanobrevibacter,None,Bacteria,Firmicutes,Clostridia,Oscillospirales,Oscillospiraceae,Flavonifractor,None,0.011684518013631937
Archaea,Euryarchaeota,Methanobacteria,Methanobacteriales,Methanobacteriaceae,Methanobrevibacter,None,Bacteria,Firmicutes,Clostridia,Oscillospirales,Oscillospiraceae,Intestinimonas,None,0.011684518013631937
Archaea,Euryarchaeota,Methanobacteria,Methanobacteriales,Methanobacteriaceae,Methanobrevibacter,None,Bacteria,Firmicutes,Clostridia,Oscillospirales,Oscillospiraceae,Intestinimonas,uncultured,0.012658227848101266
Archaea,Euryarchaeota,Methanobacteria,Methanobacteriales,Methanobacteriaceae,Methanobrevibacter,None,Bacteria,Firmicutes,Clostridia,Oscillospirales,Oscillospiraceae,NK4A214_group,None,0.011684518013631937
Archaea,Euryarchaeota,Methanobacteria,Methanobacteriales,Methanobacteriaceae,Methanobrevibacter,None,Bacteria,Firmicutes,Clostridia,Oscillospirales,Oscillospiraceae,Oscillibacter,None,0.011684518013631937
Archaea,Euryarchaeota,Methanobacteria,Methanobacteriales,Methanobacteriaceae,Methanobrevibacter,None,Bacteria,Firmicutes,Clostridia,Oscillospirales,Oscillospiraceae,Oscillibacter,metagenome,0.012658227848101266
Archaea,Euryarchaeota,Methanobacteria,Methanobacteriales,Methanobacteriaceae,Methanobrevibacter,None,Bacteria,Firmicutes,Clostridia,Oscillospirales,Oscillospiraceae,Oscillospira,None,0.011684518013631937
Archaea,Euryarchaeota,Methanobacteria,Methanobacteriales,Methanobacteriaceae,Methanobrevibacter,None,Bacteria,Firmicutes,Clostridia,Oscillospirales,Oscillospiraceae,UCG-002,None,0.011684518013631937
Archaea,Euryarchaeota,Methanobacteria,Methanobacteriales,Methanobacteriaceae,Methanobrevibacter,None,Bacteria,Firmicutes,Clostridia,Oscillospirales,Oscillospiraceae,UCG-003,None,0.011684518013631937
Archaea,Euryarchaeota,Methanobacteria,Methanobacteriales,Methanobacteriaceae,Methanobrevibacter,None,Bacteria,Firmicutes,Clostridia,Oscillospirales,Oscillospiraceae,UCG-005,None,0.011684518013631937
Archaea,Euryarchaeota,Methanobacteria,Methanobacteriales,Methanobacteriaceae,Methanobrevibacter,None,Bacteria,Firmicutes,Clostridia,Oscillospirales,Oscillospiraceae,UCG-005,metagenome,0.012658227848101266
Archaea,Euryarchaeota,Methanobacteria,Methanobacteriales,Methanobacteriaceae,Methanobrevibacter,None,Bacteria,Firmicutes,Clostridia,Oscillospirales,Oscillospiraceae,UCG-005,uncultured_Clostridiales_bacterium,0.012658227848101266
Archaea,Euryarchaeota,Methanobacteria,Methanobacteriales,Methanobacteriaceae,Methanobrevibacter,None,Bacteria,Firmicutes,Clostridia,Oscillospirales,Oscillospiraceae,UCG-005,uncultured_rumen_bacterium,0.012658227848101266
Archaea,Euryarchaeota,Methanobacteria,Methanobacteriales,Methanobacteriaceae,Methanobrevibacter,None,Bacteria,Firmicutes,Clostridia,Oscillospirales,Oscillospiraceae,None,None,0.010710808179162609
Archaea,Euryarchaeota,Methanobacteria,Methanobacteriales,Methanobacteriaceae,Methanobrevibacter,None,Bacteria,Firmicutes,Clostridia,Oscillospirales,Oscillospiraceae,uncultured,metagenome,0.012658227848101266
Archaea,Euryarchaeota,Methanobacteria,Methanobacteriales,Methanobacteriaceae,Methanobrevibacter,None,Bacteria,Firmicutes,Clostridia,Oscillospirales,Oscillospiraceae,uncultured,unidentified,0.012658227848101266
Archaea,Euryarchaeota,Methanobacteria,Methanobacteriales,Methanobacteriaceae,Methanobrevibacter,None,Bacteria,Firmicutes,Clostridia,Oscillospirales,Ruminococcaceae,Anaerofilum,uncultured_Firmicutes_bacterium,0.012658227848101266
Archaea,Euryarchaeota,Methanobacteria,Methanobacteriales,Methanobacteriaceae,Methanobrevibacter,None,Bacteria,Firmicutes,Clostridia,Oscillospirales,Ruminococcaceae,Anaerotruncus,Anaerotruncus_rubiinfantis,0.012658227848101266
Archaea,Euryarchaeota,Methanobacteria,Methanobacteriales,Methanobacteriaceae,Methanobrevibacter,None,Bacteria,Firmicutes,Clostridia,Oscillospirales,Ruminococcaceae,Anaerotruncus,Anaerotruncus_sp._NML_070203,0.012658227848101266
Archaea,Euryarchaeota,Methanobacteria,Methanobacteriales,Methanobacteriaceae,Methanobrevibacter,None,Bacteria,Firmicutes,Clostridia,Oscillospirales,Ruminococcaceae,Candidatus_Soleaferrea,Neobitarella_massiliensis,0.012658227848101266
Archaea,Euryarchaeota,Methanobacteria,Methanobacteriales,Methanobacteriaceae,Methanobrevibacter,None,Bacteria,Firmicutes,Clostridia,Oscillospirales,Ruminococcaceae,Candidatus_Soleaferrea,None,0.011684518013631937
Archaea,Euryarchaeota,Methanobacteria,Methanobacteriales,Methanobacteriaceae,Methanobrevibacter,None,Bacteria,Firmicutes,Clostridia,Oscillospirales,Ruminococcaceae,DTU089,None,0.011684518013631937
Archaea,Euryarchaeota,Methanobacteria,Methanobacteriales,Methanobacteriaceae,Methanobrevibacter,None,Bacteria,Firmicutes,Clostridia,Oscillospirales,Ruminococcaceae,Faecalibacterium,None,0.011684518013631937
Archaea,Euryarchaeota,Methanobacteria,Methanobacteriales,Methanobacteriaceae,Methanobrevibacter,None,Bacteria,Firmicutes,Clostridia,Oscillospirales,Ruminococcaceae,Fournierella,uncultured_organism,0.012658227848101266
Archaea,Euryarchaeota,Methanobacteria,Methanobacteriales,Methanobacteriaceae,Methanobrevibacter,None,Bacteria,Firmicutes,Clostridia,Oscillospirales,Ruminococcaceae,Incertae_Sedis,metagenome,0.012658227848101266
Archaea,Euryarchaeota,Methanobacteria,Methanobacteriales,Methanobacteriaceae,Methanobrevibacter,None,Bacteria,Firmicutes,Clostridia,Oscillospirales,Ruminococcaceae,Incertae_Sedis,None,0.011684518013631937
Archaea,Euryarchaeota,Methanobacteria,Methanobacteriales,Methanobacteriaceae,Methanobrevibacter,None,Bacteria,Firmicutes,Clostridia,Oscillospirales,Ruminococcaceae,Negativibacillus,None,0.011684518013631937
Archaea,Euryarchaeota,Methanobacteria,Methanobacteriales,Methanobacteriaceae,Methanobrevibacter,None,Bacteria,Firmicutes,Clostridia,Oscillospirales,Ruminococcaceae,Ruminococcus,Ruminococcus_champanellensis,0.012658227848101266
Archaea,Euryarchaeota,Methanobacteria,Methanobacteriales,Methanobacteriaceae,Methanobrevibacter,None,Bacteria,Firmicutes,Clostridia,Oscillospirales,Ruminococcaceae,Ruminococcus,None,0.011684518013631937
Archaea,Euryarchaeota,Methanobacteria,Methanobacteriales,Methanobacteriaceae,Methanobrevibacter,None,Bacteria,Firmicutes,Clostridia,Oscillospirales,Ruminococcaceae,Subdoligranulum,None,0.011684518013631937
Archaea,Euryarchaeota,Methanobacteria,Methanobacteriales,Methanobacteriaceae,Methanobrevibacter,None,Bacteria,Firmicutes,Clostridia,Oscillospirales,Ruminococcaceae,UBA1819,None,0.011684518013631937
Archaea,Euryarchaeota,Methanobacteria,Methanobacteriales,Methanobacteriaceae,Methanobrevibacter,None,Bacteria,Firmicutes,Clostridia,Oscillospirales,Ruminococcaceae,Eubacterium_siraeum_group,None,0.011684518013631937
Archaea,Euryarchaeota,Methanobacteria,Methanobacteriales,Methanobacteriaceae,Methanobrevibacter,None,Bacteria,Firmicutes,Clostridia,Oscillospirales,Ruminococcaceae,None,None,0.010710808179162609
Archaea,Euryarchaeota,Methanobacteria,Methanobacteriales,Methanobacteriaceae,Methanobrevibacter,None,Bacteria,Firmicutes,Clostridia,Oscillospirales,UCG-010,None,None,0.010710808179162609
Archaea,Euryarchaeota,Methanobacteria,Methanobacteriales,Methanobacteriaceae,Methanobrevibacter,None,Bacteria,Firmicutes,Clostridia,Oscillospirales,UCG-010,metagenome,None,0.011684518013631937
Archaea,Euryarchaeota,Methanobacteria,Methanobacteriales,Methanobacteriaceae,Methanobrevibacter,None,Bacteria,Firmicutes,Clostridia,Oscillospirales,UCG-010,uncultured_bacterium,None,0.011684518013631937
Archaea,Euryarchaeota,Methanobacteria,Methanobacteriales,Methanobacteriaceae,Methanobrevibacter,None,Bacteria,Firmicutes,Clostridia,Oscillospirales,UCG-010,uncultured_organism,None,0.011684518013631937
Archaea,Euryarchaeota,Methanobacteria,Methanobacteriales,Methanobacteriaceae,Methanobrevibacter,None,Bacteria,Firmicutes,Clostridia,Oscillospirales,Clostridium_methylpentosum_group,None,None,0.010710808179162609
Archaea,Euryarchaeota,Methanobacteria,Methanobacteriales,Methanobacteriaceae,Methanobrevibacter,None,Bacteria,Firmicutes,Clostridia,Oscillospirales,Eubacterium_coprostanoligenes_group,None,None,0.010710808179162609
Archaea,Euryarchaeota,Methanobacteria,Methanobacteriales,Methanobacteriaceae,Methanobrevibacter,None,Bacteria,Firmicutes,Clostridia,Oscillospirales,None,None,None,0.009737098344693282
Archaea,Euryarchaeota,Methanobacteria,Methanobacteriales,Methanobacteriaceae,Methanobrevibacter,None,Bacteria,Firmicutes,Clostridia,Peptococcales,Peptococcaceae,uncultured,None,0.011684518013631937
Archaea,Euryarchaeota,Methanobacteria,Methanobacteriales,Methanobacteriaceae,Methanobrevibacter,None,Bacteria,Firmicutes,Clostridia,Peptostreptococcales-Tissierellales,Anaerovoracaceae,Family_XIII_AD3011_group,metagenome,0.012658227848101266
Archaea,Euryarchaeota,Methanobacteria,Methanobacteriales,Methanobacteriaceae,Methanobrevibacter,None,Bacteria,Firmicutes,Clostridia,Peptostreptococcales-Tissierellales,Anaerovoracaceae,Family_XIII_AD3011_group,None,0.011684518013631937
Archaea,Euryarchaeota,Methanobacteria,Methanobacteriales,Methanobacteriaceae,Methanobrevibacter,None,Bacteria,Firmicutes,Clostridia,Peptostreptococcales-Tissierellales,Anaerovoracaceae,Family_XIII_AD3011_group,uncultured,0.012658227848101266
Archaea,Euryarchaeota,Methanobacteria,Methanobacteriales,Methanobacteriaceae,Methanobrevibacter,None,Bacteria,Firmicutes,Clostridia,Peptostreptococcales-Tissierellales,Anaerovoracaceae,Family_XIII_UCG-001,metagenome,0.012658227848101266
Archaea,Euryarchaeota,Methanobacteria,Methanobacteriales,Methanobacteriaceae,Methanobrevibacter,None,Bacteria,Firmicutes,Clostridia,Peptostreptococcales-Tissierellales,Anaerovoracaceae,Eubacterium_nodatum_group,None,0.011684518013631937
Archaea,Euryarchaeota,Methanobacteria,Methanobacteriales,Methanobacteriaceae,Methanobrevibacter,None,Bacteria,Firmicutes,Clostridia,Peptostreptococcales-Tissierellales,Anaerovoracaceae,None,None,0.010710808179162609
Archaea,Euryarchaeota,Methanobacteria,Methanobacteriales,Methanobacteriaceae,Methanobrevibacter,None,Bacteria,Firmicutes,Clostridia,Peptostreptococcales-Tissierellales,Parvimonas,None,None,0.010710808179162609
Archaea,Euryarchaeota,Methanobacteria,Methanobacteriales,Methanobacteriaceae,Methanobrevibacter,None,Bacteria,Firmicutes,Clostridia,None,None,None,None,0.008763388510223954
Archaea,Euryarchaeota,Methanobacteria,Methanobacteriales,Methanobacteriaceae,Methanobrevibacter,None,Bacteria,Firmicutes,Incertae_Sedis,DTU014,unidentified,None,None,0.010710808179162609
Archaea,Euryarchaeota,Methanobacteria,Methanobacteriales,Methanobacteriaceae,Methanobrevibacter,None,Bacteria,Firmicutes,Limnochordia,M55-D21,uncultured_compost_bacterium,None,None,0.010710808179162609
Archaea,Euryarchaeota,Methanobacteria,Methanobacteriales,Methanobacteriaceae,Methanobrevibacter,None,Bacteria,Firmicutes,Negativicutes,Acidaminococcales,Acidaminococcaceae,Phascolarctobacterium,None,0.011684518013631937
Archaea,Euryarchaeota,Methanobacteria,Methanobacteriales,Methanobacteriaceae,Methanobrevibacter,None,Bacteria,Firmicutes,None,None,None,None,None,0.007789678675754625
Archaea,Euryarchaeota,Methanobacteria,Methanobacteriales,Methanobacteriaceae,Methanobrevibacter,None,Bacteria,Firmicutes,uncultured,uncultured_Peptococcaceae_bacterium,None,None,None,0.009737098344693282
Archaea,Euryarchaeota,Methanobacteria,Methanobacteriales,Methanobacteriaceae,Methanobrevibacter,None,Bacteria,Proteobacteria,Alphaproteobacteria,Rhodospirillales,uncultured,None,None,0.010710808179162609
Archaea,Euryarchaeota,Methanobacteria,Methanobacteriales,Methanobacteriaceae,Methanobrevibacter,None,Bacteria,Proteobacteria,Gammaproteobacteria,Burkholderiales,Sutterellaceae,Sutterella,Sutterella_sp._252,0.012658227848101266
Archaea,Euryarchaeota,Methanobacteria,Methanobacteriales,Methanobacteriaceae,Methanobrevibacter,None,Bacteria,Proteobacteria,Gammaproteobacteria,Enterobacterales,Enterobacteriaceae,Escherichia-Shigella,None,0.011684518013631937
Archaea,Euryarchaeota,Methanobacteria,Methanobacteriales,Methanobacteriaceae,Methanobrevibacter,None,Bacteria,Proteobacteria,Gammaproteobacteria,Enterobacterales,Enterobacteriaceae,Klebsiella,None,0.011684518013631937
Archaea,Euryarchaeota,Methanobacteria,Methanobacteriales,Methanobacteriaceae,Methanobrevibacter,None,Bacteria,Proteobacteria,Gammaproteobacteria,Enterobacterales,Enterobacteriaceae,None,None,0.010710808179162609
Archaea,Euryarchaeota,Methanobacteria,Methanobacteriales,Methanobacteriaceae,Methanobrevibacter,None,Bacteria,Proteobacteria,Gammaproteobacteria,Pseudomonadales,Pseudomonadaceae,Pseudomonas,None,0.011684518013631937
Archaea,Euryarchaeota,Methanobacteria,Methanobacteriales,Methanobacteriaceae,Methanobrevibacter,None,Bacteria,Synergistota,Synergistia,Synergistales,Synergistaceae,Cloacibacillus,None,0.011684518013631937
Archaea,Euryarchaeota,Methanobacteria,Methanobacteriales,Methanobacteriaceae,Methanobrevibacter,None,Bacteria,Verrucomicrobiota,Verrucomicrobiae,Verrucomicrobiales,Akkermansiaceae,Akkermansia,None,0.011684518013631937
Bacteria,Actinobacteriota,Coriobacteriia,Coriobacteriales,Coriobacteriaceae,Collinsella,None,Bacteria,Actinobacteriota,Coriobacteriia,Coriobacteriales,Coriobacteriales_Incertae_Sedis,Raoultibacter,None,0.0038948393378773127
Bacteria,Actinobacteriota,Coriobacteriia,Coriobacteriales,Coriobacteriaceae,Collinsella,None,Bacteria,Actinobacteriota,Coriobacteriia,Coriobacteriales,Coriobacteriales_Incertae_Sedis,uncultured,None,0.0038948393378773127
Bacteria,Actinobacteriota,Coriobacteriia,Coriobacteriales,Coriobacteriaceae,Collinsella,None,Bacteria,Actinobacteriota,Coriobacteriia,Coriobacteriales,Eggerthellaceae,Eggerthella,None,0.0038948393378773127
Bacteria,Actinobacteriota,Coriobacteriia,Coriobacteriales,Coriobacteriaceae,Collinsella,None,Bacteria,Actinobacteriota,Coriobacteriia,Coriobacteriales,Eggerthellaceae,Enterorhabdus,metagenome,0.004868549172346641
Bacteria,Actinobacteriota,Coriobacteriia,Coriobacteriales,Coriobacteriaceae,Collinsella,None,Bacteria,Bacteroidetes,Bacteroidia,Bacteroidales,Bacteroidaceae,Bacteroides,Bacteroides_ovatus,0.010710808179162609
Bacteria,Actinobacteriota,Coriobacteriia,Coriobacteriales,Coriobacteriaceae,Collinsella,None,Bacteria,Bacteroidetes,Bacteroidia,Bacteroidales,Bacteroidaceae,Bacteroides,Bacteroides_stercorirosoris,0.010710808179162609
Bacteria,Actinobacteriota,Coriobacteriia,Coriobacteriales,Coriobacteriaceae,Collinsella,None,Bacteria,Bacteroidetes,Bacteroidia,Bacteroidales,Bacteroidaceae,Bacteroides,Bacteroides_uniformis,0.010710808179162609
Bacteria,Actinobacteriota,Coriobacteriia,Coriobacteriales,Coriobacteriaceae,Collinsella,None,Bacteria,Bacteroidetes,Bacteroidia,Bacteroidales,Bacteroidaceae,Bacteroides,None,0.009737098344693282
Bacteria,Actinobacteriota,Coriobacteriia,Coriobacteriales,Coriobacteriaceae,Collinsella,None,Bacteria,Bacteroidetes,Bacteroidia,Bacteroidales,Barnesiellaceae,Barnesiella,None,0.009737098344693282
Bacteria,Actinobacteriota,Coriobacteriia,Coriobacteriales,Coriobacteriaceae,Collinsella,None,Bacteria,Bacteroidetes,Bacteroidia,Bacteroidales,Marinifilaceae,Butyricimonas,None,0.009737098344693282
Bacteria,Actinobacteriota,Coriobacteriia,Coriobacteriales,Coriobacteriaceae,Collinsella,None,Bacteria,Bacteroidetes,Bacteroidia,Bacteroidales,Marinifilaceae,Odoribacter,None,0.009737098344693282
Bacteria,Actinobacteriota,Coriobacteriia,Coriobacteriales,Coriobacteriaceae,Collinsella,None,Bacteria,Bacteroidetes,Bacteroidia,Bacteroidales,Marinifilaceae,Sanguibacteroides,None,0.009737098344693282
Bacteria,Actinobacteriota,Coriobacteriia,Coriobacteriales,Coriobacteriaceae,Collinsella,None,Bacteria,Bacteroidetes,Bacteroidia,Bacteroidales,Rikenellaceae,Alistipes,Alistipes_ihumii_AP11,0.010710808179162609
Bacteria,Actinobacteriota,Coriobacteriia,Coriobacteriales,Coriobacteriaceae,Collinsella,None,Bacteria,Bacteroidetes,Bacteroidia,Bacteroidales,Rikenellaceae,Alistipes,Alistipes_sp._cv1,0.010710808179162609
Bacteria,Actinobacteriota,Coriobacteriia,Coriobacteriales,Coriobacteriaceae,Collinsella,None,Bacteria,Bacteroidetes,Bacteroidia,Bacteroidales,Rikenellaceae,Alistipes,Bacteroidetes_bacterium_Eg28,0.010710808179162609
Bacteria,Actinobacteriota,Coriobacteriia,Coriobacteriales,Coriobacteriaceae,Collinsella,None,Bacteria,Bacteroidetes,Bacteroidia,Bacteroidales,Rikenellaceae,Alistipes,None,0.009737098344693282
Bacteria,Actinobacteriota,Coriobacteriia,Coriobacteriales,Coriobacteriaceae,Collinsella,None,Bacteria,Bacteroidetes,Bacteroidia,Bacteroidales,Tannerellaceae,Parabacteroides,Parabacteroides_goldsteinii,0.010710808179162609
Bacteria,Actinobacteriota,Coriobacteriia,Coriobacteriales,Coriobacteriaceae,Collinsella,None,Bacteria,Bacteroidetes,Bacteroidia,Bacteroidales,Tannerellaceae,Parabacteroides,None,0.009737098344693282
Bacteria,Actinobacteriota,Coriobacteriia,Coriobacteriales,Coriobacteriaceae,Collinsella,None,Bacteria,Bacteroidetes,Bacteroidia,Flavobacteriales,Flavobacteriaceae,uncultured,metagenome,0.010710808179162609
Bacteria,Actinobacteriota,Coriobacteriia,Coriobacteriales,Coriobacteriaceae,Collinsella,None,Bacteria,Cyanobacteria/Chloroplast,Cyanobacteria.XI,GpXI,None,None,None,0.007789678675754625
Bacteria,Actinobacteriota,Coriobacteriia,Coriobacteriales,Coriobacteriaceae,Collinsella,None,Bacteria,Desulfobacterota,Desulfovibrionia,Desulfovibrionales,Desulfovibrionaceae,Desulfovibrio,None,0.009737098344693282
Bacteria,Actinobacteriota,Coriobacteriia,Coriobacteriales,Coriobacteriaceae,Collinsella,None,Bacteria,Firmicutes,Bacilli,Erysipelotrichales,Erysipelatoclostridiaceae,Erysipelatoclostridium,Clostridium_spiroforme_DSM_1552,0.010710808179162609
Bacteria,Actinobacteriota,Coriobacteriia,Coriobacteriales,Coriobacteriaceae,Collinsella,None,Bacteria,Firmicutes,Bacilli,Erysipelotrichales,Erysipelatoclostridiaceae,Erysipelatoclostridium,None,0.009737098344693282
Bacteria,Actinobacteriota,Coriobacteriia,Coriobacteriales,Coriobacteriaceae,Collinsella,None,Bacteria,Firmicutes,Bacilli,Erysipelotrichales,Erysipelotrichaceae,Faecalitalea,None,0.009737098344693282
Bacteria,Actinobacteriota,Coriobacteriia,Coriobacteriales,Coriobacteriaceae,Collinsella,None,Bacteria,Firmicutes,Bacilli,Erysipelotrichales,Erysipelotrichaceae,Holdemanella,None,0.009737098344693282
Bacteria,Actinobacteriota,Coriobacteriia,Coriobacteriales,Coriobacteriaceae,Collinsella,None,Bacteria,Firmicutes,Bacilli,Erysipelotrichales,Erysipelotrichaceae,Holdemania,None,0.009737098344693282
Bacteria,Actinobacteriota,Coriobacteriia,Coriobacteriales,Coriobacteriaceae,Collinsella,None,Bacteria,Firmicutes,Bacilli,Erysipelotrichales,Erysipelotrichaceae,Clostridium_innocuum_group,None,0.009737098344693282
Bacteria,Actinobacteriota,Coriobacteriia,Coriobacteriales,Coriobacteriaceae,Collinsella,None,Bacteria,Firmicutes,Bacilli,Izemoplasmatales,human_gut_metagenome,None,None,0.008763388510223954
Bacteria,Actinobacteriota,Coriobacteriia,Coriobacteriales,Coriobacteriaceae,Collinsella,None,Bacteria,Firmicutes,Bacilli,Lactobacillales,Lactobacillaceae,Lactobacillus,Lactobacillus_mucosae,0.010710808179162609
Bacteria,Actinobacteriota,Coriobacteriia,Coriobacteriales,Coriobacteriaceae,Collinsella,None,Bacteria,Firmicutes,Bacilli,Lactobacillales,Streptococcaceae,Lactococcus,None,0.009737098344693282
Bacteria,Actinobacteriota,Coriobacteriia,Coriobacteriales,Coriobacteriaceae,Collinsella,None,Bacteria,Firmicutes,Bacilli,Lactobacillales,Streptococcaceae,Streptococcus,Streptococcus_sp._oral_taxon_065,0.010710808179162609
Bacteria,Actinobacteriota,Coriobacteriia,Coriobacteriales,Coriobacteriaceae,Collinsella,None,Bacteria,Firmicutes,Bacilli,Lactobacillales,Streptococcaceae,Streptococcus,None,0.009737098344693282
Bacteria,Actinobacteriota,Coriobacteriia,Coriobacteriales,Coriobacteriaceae,Collinsella,None,Bacteria,Firmicutes,Clostridia,Christensenellales,Christensenellaceae,Christensenellaceae_R-7_group,Christensenella_sp._Marseille-P3954,0.010710808179162609
Bacteria,Actinobacteriota,Coriobacteriia,Coriobacteriales,Coriobacteriaceae,Collinsella,None,Bacteria,Firmicutes,Clostridia,Christensenellales,Christensenellaceae,Christensenellaceae_R-7_group,Clostridiales_bacterium_Marseille-P2846,0.010710808179162609
Bacteria,Actinobacteriota,Coriobacteriia,Coriobacteriales,Coriobacteriaceae,Collinsella,None,Bacteria,Firmicutes,Clostridia,Christensenellales,Christensenellaceae,Christensenellaceae_R-7_group,None,0.009737098344693282
Bacteria,Actinobacteriota,Coriobacteriia,Coriobacteriales,Coriobacteriaceae,Collinsella,None,Bacteria,Firmicutes,Clostridia,Christensenellales,Christensenellaceae,Christensenellaceae_R-7_group,bacterium_YE57,0.010710808179162609
Bacteria,Actinobacteriota,Coriobacteriia,Coriobacteriales,Coriobacteriaceae,Collinsella,None,Bacteria,Firmicutes,Clostridia,Christensenellales,Christensenellaceae,Christensenellaceae_R-7_group,metagenome,0.010710808179162609
Bacteria,Actinobacteriota,Coriobacteriia,Coriobacteriales,Coriobacteriaceae,Collinsella,None,Bacteria,Firmicutes,Clostridia,Christensenellales,Christensenellaceae,Christensenellaceae_R-7_group,uncultured_Firmicutes_bacterium,0.010710808179162609
Bacteria,Actinobacteriota,Coriobacteriia,Coriobacteriales,Coriobacteriaceae,Collinsella,None,Bacteria,Firmicutes,Clostridia,Christensenellales,Christensenellaceae,Christensenellaceae_R-7_group,uncultured_marine_bacterium,0.010710808179162609
Bacteria,Actinobacteriota,Coriobacteriia,Coriobacteriales,Coriobacteriaceae,Collinsella,None,Bacteria,Firmicutes,Clostridia,Christensenellales,Christensenellaceae,Christensenellaceae_R-7_group,uncultured_organism,0.010710808179162609
Bacteria,Actinobacteriota,Coriobacteriia,Coriobacteriales,Coriobacteriaceae,Collinsella,None,Bacteria,Firmicutes,Clostridia,Christensenellales,Christensenellaceae,None,None,0.008763388510223954
Bacteria,Actinobacteriota,Coriobacteriia,Coriobacteriales,Coriobacteriaceae,Collinsella,None,Bacteria,Firmicutes,Clostridia,Clostridia_vadinBB60_group,metagenome,None,None,0.008763388510223954
Bacteria,Actinobacteriota,Coriobacteriia,Coriobacteriales,Coriobacteriaceae,Collinsella,None,Bacteria,Firmicutes,Clostridia,Clostridia_vadinBB60_group,wastewater_metagenome,None,None,0.008763388510223954
Bacteria,Actinobacteriota,Coriobacteriia,Coriobacteriales,Coriobacteriaceae,Collinsella,None,Bacteria,Firmicutes,Clostridia,Clostridiales,Christensenellaceae,Christensenella,PAC001427,0.010710808179162609
Bacteria,Actinobacteriota,Coriobacteriia,Coriobacteriales,Coriobacteriaceae,Collinsella,None,Bacteria,Firmicutes,Clostridia,Clostridiales,Christensenellaceae,Christensenella,PAC002297,0.010710808179162609
Bacteria,Actinobacteriota,Coriobacteriia,Coriobacteriales,Coriobacteriaceae,Collinsella,None,Bacteria,Firmicutes,Clostridia,Clostridiales,Christensenellaceae,PAC001115,PAC001444,0.010710808179162609
Bacteria,Actinobacteriota,Coriobacteriia,Coriobacteriales,Coriobacteriaceae,Collinsella,None,Bacteria,Firmicutes,Clostridia,Clostridiales,Christensenellaceae,PAC001437,PAC001486,0.010710808179162609
Bacteria,Actinobacteriota,Coriobacteriia,Coriobacteriales,Coriobacteriaceae,Collinsella,None,Bacteria,Firmicutes,Clostridia,Clostridiales,Christensenellaceae,PAC001437,PAC002305,0.010710808179162609
Bacteria,Actinobacteriota,Coriobacteriia,Coriobacteriales,Coriobacteriaceae,Collinsella,None,Bacteria,Firmicutes,Clostridia,Clostridiales,Christensenellaceae,PAC002510,PAC002510,0.010710808179162609
Bacteria,Actinobacteriota,Coriobacteriia,Coriobacteriales,Coriobacteriaceae,Collinsella,None,Bacteria,Firmicutes,Clostridia,Clostridiales,Dehalobacterium,PAC002141,PAC002141,0.010710808179162609
Bacteria,Actinobacteriota,Coriobacteriia,Coriobacteriales,Coriobacteriaceae,Collinsella,None,Bacteria,Firmicutes,Clostridia,Clostridiales,Ruminococcaceae,PAC000742,PAC000742,0.010710808179162609
Bacteria,Actinobacteriota,Coriobacteriia,Coriobacteriales,Coriobacteriaceae,Collinsella,None,Bacteria,Firmicutes,Clostridia,Clostridiales,Ruminococcaceae,PAC001144,PAC001620,0.010710808179162609
Bacteria,Actinobacteriota,Coriobacteriia,Coriobacteriales,Coriobacteriaceae,Collinsella,None,Bacteria,Firmicutes,Clostridia,Clostridiales,Ruminococcaceae,PAC001313,PAC001649,0.010710808179162609
Bacteria,Actinobacteriota,Coriobacteriia,Coriobacteriales,Coriobacteriaceae,Collinsella,None,Bacteria,Firmicutes,Clostridia,Clostridiales,Ruminococcaceae,PAC002201,PAC002201,0.010710808179162609
Bacteria,Actinobacteriota,Coriobacteriia,Coriobacteriales,Coriobacteriaceae,Collinsella,None,Bacteria,Firmicutes,Clostridia,Eubacteriales,Eubacteriaceae,Eubacterium,None,0.009737098344693282
Bacteria,Actinobacteriota,Coriobacteriia,Coriobacteriales,Coriobacteriaceae,Collinsella,None,Bacteria,Firmicutes,Clostridia,Lachnospirales,Lachnospiraceae,Agathobacter,None,0.009737098344693282
Bacteria,Actinobacteriota,Coriobacteriia,Coriobacteriales,Coriobacteriaceae,Collinsella,None,Bacteria,Firmicutes,Clostridia,Lachnospirales,Lachnospiraceae,Anaerostipes,None,0.009737098344693282
Bacteria,Actinobacteriota,Coriobacteriia,Coriobacteriales,Coriobacteriaceae,Collinsella,None,Bacteria,Firmicutes,Clostridia,Lachnospirales,Lachnospiraceae,Blautia,None,0.009737098344693282
Bacteria,Actinobacteriota,Coriobacteriia,Coriobacteriales,Coriobacteriaceae,Collinsella,None,Bacteria,Firmicutes,Clostridia,Lachnospirales,Lachnospiraceae,Blautia,bacterium_mpn-isolate_group_20,0.010710808179162609
Bacteria,Actinobacteriota,Coriobacteriia,Coriobacteriales,Coriobacteriaceae,Collinsella,None,Bacteria,Firmicutes,Clostridia,Lachnospirales,Lachnospiraceae,Blautia,uncultured_Blautia_sp.,0.010710808179162609
Bacteria,Actinobacteriota,Coriobacteriia,Coriobacteriales,Coriobacteriaceae,Collinsella,None,Bacteria,Firmicutes,Clostridia,Lachnospirales,Lachnospiraceae,Coprococcus,None,0.009737098344693282
Bacteria,Actinobacteriota,Coriobacteriia,Coriobacteriales,Coriobacteriaceae,Collinsella,None,Bacteria,Firmicutes,Clostridia,Lachnospirales,Lachnospiraceae,Coprococcus,uncultured_Coprococcus_sp.,0.010710808179162609
Bacteria,Actinobacteriota,Coriobacteriia,Coriobacteriales,Coriobacteriaceae,Collinsella,None,Bacteria,Firmicutes,Clostridia,Lachnospirales,Lachnospiraceae,Dorea,None,0.009737098344693282
Bacteria,Actinobacteriota,Coriobacteriia,Coriobacteriales,Coriobacteriaceae,Collinsella,None,Bacteria,Firmicutes,Clostridia,Lachnospirales,Lachnospiraceae,Eisenbergiella,None,0.009737098344693282
Bacteria,Actinobacteriota,Coriobacteriia,Coriobacteriales,Coriobacteriaceae,Collinsella,None,Bacteria,Firmicutes,Clostridia,Lachnospirales,Lachnospiraceae,Frisingicoccus,None,0.009737098344693282
Bacteria,Actinobacteriota,Coriobacteriia,Coriobacteriales,Coriobacteriaceae,Collinsella,None,Bacteria,Firmicutes,Clostridia,Lachnospirales,Lachnospiraceae,Fusicatenibacter,uncultured_Lachnospiraceae_bacterium,0.010710808179162609
Bacteria,Actinobacteriota,Coriobacteriia,Coriobacteriales,Coriobacteriaceae,Collinsella,None,Bacteria,Firmicutes,Clostridia,Lachnospirales,Lachnospiraceae,GCA-900066575,None,0.009737098344693282
Bacteria,Actinobacteriota,Coriobacteriia,Coriobacteriales,Coriobacteriaceae,Collinsella,None,Bacteria,Firmicutes,Clostridia,Lachnospirales,Lachnospiraceae,GCA-900066575,metagenome,0.010710808179162609
Bacteria,Actinobacteriota,Coriobacteriia,Coriobacteriales,Coriobacteriaceae,Collinsella,None,Bacteria,Firmicutes,Clostridia,Lachnospirales,Lachnospiraceae,GCA-900066755,None,0.009737098344693282
Bacteria,Actinobacteriota,Coriobacteriia,Coriobacteriales,Coriobacteriaceae,Collinsella,None,Bacteria,Firmicutes,Clostridia,Lachnospirales,Lachnospiraceae,Hungatella,metagenome,0.010710808179162609
Bacteria,Actinobacteriota,Coriobacteriia,Coriobacteriales,Coriobacteriaceae,Collinsella,None,Bacteria,Firmicutes,Clostridia,Lachnospirales,Lachnospiraceae,Lachnoclostridium,Clostridium_symbiosum,0.010710808179162609
Bacteria,Actinobacteriota,Coriobacteriia,Coriobacteriales,Coriobacteriaceae,Collinsella,None,Bacteria,Firmicutes,Clostridia,Lachnospirales,Lachnospiraceae,Lachnoclostridium,None,0.009737098344693282
Bacteria,Actinobacteriota,Coriobacteriia,Coriobacteriales,Coriobacteriaceae,Collinsella,None,Bacteria,Firmicutes,Clostridia,Lachnospirales,Lachnospiraceae,Lachnoclostridium,uncultured_Lachnospiraceae_bacterium,0.010710808179162609
Bacteria,Actinobacteriota,Coriobacteriia,Coriobacteriales,Coriobacteriaceae,Collinsella,None,Bacteria,Firmicutes,Clostridia,Lachnospirales,Lachnospiraceae,Lachnospiraceae_ND3007_group,metagenome,0.010710808179162609
Bacteria,Actinobacteriota,Coriobacteriia,Coriobacteriales,Coriobacteriaceae,Collinsella,None,Bacteria,Firmicutes,Clostridia,Lachnospirales,Lachnospiraceae,Lachnospiraceae_NK4A136_group,None,0.009737098344693282
Bacteria,Actinobacteriota,Coriobacteriia,Coriobacteriales,Coriobacteriaceae,Collinsella,None,Bacteria,Firmicutes,Clostridia,Lachnospirales,Lachnospiraceae,Lachnospiraceae_NK4A136_group,uncultured_Lachnospiraceae_bacterium,0.010710808179162609
Bacteria,Actinobacteriota,Coriobacteriia,Coriobacteriales,Coriobacteriaceae,Collinsella,None,Bacteria,Firmicutes,Clostridia,Lachnospirales,Lachnospiraceae,Lachnospiraceae_NK4A136_group,uncultured_bacterium_Adhufec49.25,0.010710808179162609
Bacteria,Actinobacteriota,Coriobacteriia,Coriobacteriales,Coriobacteriaceae,Collinsella,None,Bacteria,Firmicutes,Clostridia,Lachnospirales,Lachnospiraceae,Lachnospiraceae_NK4B4_group,None,0.009737098344693282
Bacteria,Actinobacteriota,Coriobacteriia,Coriobacteriales,Coriobacteriaceae,Collinsella,None,Bacteria,Firmicutes,Clostridia,Lachnospirales,Lachnospiraceae,Lachnospiraceae_UCG-001,metagenome,0.010710808179162609
Bacteria,Actinobacteriota,Coriobacteriia,Coriobacteriales,Coriobacteriaceae,Collinsella,None,Bacteria,Firmicutes,Clostridia,Lachnospirales,Lachnospiraceae,Lachnospiraceae_UCG-004,None,0.009737098344693282
Bacteria,Actinobacteriota,Coriobacteriia,Coriobacteriales,Coriobacteriaceae,Collinsella,None,Bacteria,Firmicutes,Clostridia,Lachnospirales,Lachnospiraceae,Lachnospiraceae_UCG-008,metagenome,0.010710808179162609
Bacteria,Actinobacteriota,Coriobacteriia,Coriobacteriales,Coriobacteriaceae,Collinsella,None,Bacteria,Firmicutes,Clostridia,Lachnospirales,Lachnospiraceae,Lachnospiraceae_UCG-010,None,0.009737098344693282
Bacteria,Actinobacteriota,Coriobacteriia,Coriobacteriales,Coriobacteriaceae,Collinsella,None,Bacteria,Firmicutes,Clostridia,Lachnospirales,Lachnospiraceae,Marvinbryantia,None,0.009737098344693282
Bacteria,Actinobacteriota,Coriobacteriia,Coriobacteriales,Coriobacteriaceae,Collinsella,None,Bacteria,Firmicutes,Clostridia,Lachnospirales,Lachnospiraceae,Marvinbryantia,unidentified,0.010710808179162609
Bacteria,Actinobacteriota,Coriobacteriia,Coriobacteriales,Coriobacteriaceae,Collinsella,None,Bacteria,Firmicutes,Clostridia,Lachnospirales,Lachnospiraceae,Roseburia,None,0.009737098344693282
Bacteria,Actinobacteriota,Coriobacteriia,Coriobacteriales,Coriobacteriaceae,Collinsella,None,Bacteria,Firmicutes,Clostridia,Lachnospirales,Lachnospiraceae,Roseburia,gut_metagenome,0.010710808179162609
Bacteria,Actinobacteriota,Coriobacteriia,Coriobacteriales,Coriobacteriaceae,Collinsella,None,Bacteria,Firmicutes,Clostridia,Lachnospirales,Lachnospiraceae,Tuzzerella,None,0.009737098344693282
Bacteria,Actinobacteriota,Coriobacteriia,Coriobacteriales,Coriobacteriaceae,Collinsella,None,Bacteria,Firmicutes,Clostridia,Lachnospirales,Lachnospiraceae,Tyzzerella,None,0.009737098344693282
Bacteria,Actinobacteriota,Coriobacteriia,Coriobacteriales,Coriobacteriaceae,Collinsella,None,Bacteria,Firmicutes,Clostridia,Lachnospirales,Lachnospiraceae,Eubacterium_hallii_group,None,0.009737098344693282
Bacteria,Actinobacteriota,Coriobacteriia,Coriobacteriales,Coriobacteriaceae,Collinsella,None,Bacteria,Firmicutes,Clostridia,Lachnospirales,Lachnospiraceae,Eubacterium_ventriosum_group,metagenome,0.010710808179162609
Bacteria,Actinobacteriota,Coriobacteriia,Coriobacteriales,Coriobacteriaceae,Collinsella,None,Bacteria,Firmicutes,Clostridia,Lachnospirales,Lachnospiraceae,Ruminococcus_gauvreauii_group,uncultured_Lachnospiraceae_bacterium,0.010710808179162609
Bacteria,Actinobacteriota,Coriobacteriia,Coriobacteriales,Coriobacteriaceae,Collinsella,None,Bacteria,Firmicutes,Clostridia,Lachnospirales,Lachnospiraceae,Ruminococcus_gnavus_group,None,0.009737098344693282
Bacteria,Actinobacteriota,Coriobacteriia,Coriobacteriales,Coriobacteriaceae,Collinsella,None,Bacteria,Firmicutes,Clostridia,Lachnospirales,Lachnospiraceae,Ruminococcus_torques_group,Clostridiaceae_bacterium_LEMV78,0.010710808179162609
Bacteria,Actinobacteriota,Coriobacteriia,Coriobacteriales,Coriobacteriaceae,Collinsella,None,Bacteria,Firmicutes,Clostridia,Lachnospirales,Lachnospiraceae,Ruminococcus_torques_group,None,0.009737098344693282
Bacteria,Actinobacteriota,Coriobacteriia,Coriobacteriales,Coriobacteriaceae,Collinsella,None,Bacteria,Firmicutes,Clostridia,Lachnospirales,Lachnospiraceae,None,None,0.008763388510223954
Bacteria,Actinobacteriota,Coriobacteriia,Coriobacteriales,Coriobacteriaceae,Collinsella,None,Bacteria,Firmicutes,Clostridia,Lachnospirales,Lachnospiraceae,uncultured,None,0.009737098344693282
Bacteria,Actinobacteriota,Coriobacteriia,Coriobacteriales,Coriobacteriaceae,Collinsella,None,Bacteria,Firmicutes,Clostridia,Monoglobales,Monoglobaceae,Monoglobus,None,0.009737098344693282
Bacteria,Actinobacteriota,Coriobacteriia,Coriobacteriales,Coriobacteriaceae,Collinsella,None,Bacteria,Firmicutes,Clostridia,Oscillospirales,Butyricicoccaceae,Butyricicoccus,None,0.009737098344693282
Bacteria,Actinobacteriota,Coriobacteriia,Coriobacteriales,Coriobacteriaceae,Collinsella,None,Bacteria,Firmicutes,Clostridia,Oscillospirales,Hydrogenoanaerobacterium,None,None,0.008763388510223954
Bacteria,Actinobacteriota,Coriobacteriia,Coriobacteriales,Coriobacteriaceae,Collinsella,None,Bacteria,Firmicutes,Clostridia,Oscillospirales,Oscillospiraceae,Colidextribacter,None,0.009737098344693282
Bacteria,Actinobacteriota,Coriobacteriia,Coriobacteriales,Coriobacteriaceae,Collinsella,None,Bacteria,Firmicutes,Clostridia,Oscillospirales,Oscillospiraceae,Colidextribacter,metagenome,0.010710808179162609
Bacteria,Actinobacteriota,Coriobacteriia,Coriobacteriales,Coriobacteriaceae,Collinsella,None,Bacteria,Firmicutes,Clostridia,Oscillospirales,Oscillospiraceae,Flavonifractor,None,0.009737098344693282
Bacteria,Actinobacteriota,Coriobacteriia,Coriobacteriales,Coriobacteriaceae,Collinsella,None,Bacteria,Firmicutes,Clostridia,Oscillospirales,Oscillospiraceae,Intestinimonas,None,0.009737098344693282
Bacteria,Actinobacteriota,Coriobacteriia,Coriobacteriales,Coriobacteriaceae,Collinsella,None,Bacteria,Firmicutes,Clostridia,Oscillospirales,Oscillospiraceae,Intestinimonas,uncultured,0.010710808179162609
Bacteria,Actinobacteriota,Coriobacteriia,Coriobacteriales,Coriobacteriaceae,Collinsella,None,Bacteria,Firmicutes,Clostridia,Oscillospirales,Oscillospiraceae,NK4A214_group,None,0.009737098344693282
Bacteria,Actinobacteriota,Coriobacteriia,Coriobacteriales,Coriobacteriaceae,Collinsella,None,Bacteria,Firmicutes,Clostridia,Oscillospirales,Oscillospiraceae,Oscillibacter,None,0.009737098344693282
Bacteria,Actinobacteriota,Coriobacteriia,Coriobacteriales,Coriobacteriaceae,Collinsella,None,Bacteria,Firmicutes,Clostridia,Oscillospirales,Oscillospiraceae,Oscillibacter,metagenome,0.010710808179162609
Bacteria,Actinobacteriota,Coriobacteriia,Coriobacteriales,Coriobacteriaceae,Collinsella,None,Bacteria,Firmicutes,Clostridia,Oscillospirales,Oscillospiraceae,Oscillospira,None,0.009737098344693282
Bacteria,Actinobacteriota,Coriobacteriia,Coriobacteriales,Coriobacteriaceae,Collinsella,None,Bacteria,Firmicutes,Clostridia,Oscillospirales,Oscillospiraceae,UCG-002,None,0.009737098344693282
Bacteria,Actinobacteriota,Coriobacteriia,Coriobacteriales,Coriobacteriaceae,Collinsella,None,Bacteria,Firmicutes,Clostridia,Oscillospirales,Oscillospiraceae,UCG-003,None,0.009737098344693282
Bacteria,Actinobacteriota,Coriobacteriia,Coriobacteriales,Coriobacteriaceae,Collinsella,None,Bacteria,Firmicutes,Clostridia,Oscillospirales,Oscillospiraceae,UCG-005,None,0.009737098344693282
Bacteria,Actinobacteriota,Coriobacteriia,Coriobacteriales,Coriobacteriaceae,Collinsella,None,Bacteria,Firmicutes,Clostridia,Oscillospirales,Oscillospiraceae,UCG-005,metagenome,0.010710808179162609
Bacteria,Actinobacteriota,Coriobacteriia,Coriobacteriales,Coriobacteriaceae,Collinsella,None,Bacteria,Firmicutes,Clostridia,Oscillospirales,Oscillospiraceae,UCG-005,uncultured_Clostridiales_bacterium,0.010710808179162609
Bacteria,Actinobacteriota,Coriobacteriia,Coriobacteriales,Coriobacteriaceae,Collinsella,None,Bacteria,Firmicutes,Clostridia,Oscillospirales,Oscillospiraceae,UCG-005,uncultured_rumen_bacterium,0.010710808179162609
Bacteria,Actinobacteriota,Coriobacteriia,Coriobacteriales,Coriobacteriaceae,Collinsella,None,Bacteria,Firmicutes,Clostridia,Oscillospirales,Oscillospiraceae,None,None,0.008763388510223954
Bacteria,Actinobacteriota,Coriobacteriia,Coriobacteriales,Coriobacteriaceae,Collinsella,None,Bacteria,Firmicutes,Clostridia,Oscillospirales,Oscillospiraceae,uncultured,metagenome,0.010710808179162609
Bacteria,Actinobacteriota,Coriobacteriia,Coriobacteriales,Coriobacteriaceae,Collinsella,None,Bacteria,Firmicutes,Clostridia,Oscillospirales,Oscillospiraceae,uncultured,unidentified,0.010710808179162609
Bacteria,Actinobacteriota,Coriobacteriia,Coriobacteriales,Coriobacteriaceae,Collinsella,None,Bacteria,Firmicutes,Clostridia,Oscillospirales,Ruminococcaceae,Anaerofilum,uncultured_Firmicutes_bacterium,0.010710808179162609
Bacteria,Actinobacteriota,Coriobacteriia,Coriobacteriales,Coriobacteriaceae,Collinsella,None,Bacteria,Firmicutes,Clostridia,Oscillospirales,Ruminococcaceae,Anaerotruncus,Anaerotruncus_rubiinfantis,0.010710808179162609
Bacteria,Actinobacteriota,Coriobacteriia,Coriobacteriales,Coriobacteriaceae,Collinsella,None,Bacteria,Firmicutes,Clostridia,Oscillospirales,Ruminococcaceae,Anaerotruncus,Anaerotruncus_sp._NML_070203,0.010710808179162609
Bacteria,Actinobacteriota,Coriobacteriia,Coriobacteriales,Coriobacteriaceae,Collinsella,None,Bacteria,Firmicutes,Clostridia,Oscillospirales,Ruminococcaceae,Candidatus_Soleaferrea,Neobitarella_massiliensis,0.010710808179162609
Bacteria,Actinobacteriota,Coriobacteriia,Coriobacteriales,Coriobacteriaceae,Collinsella,None,Bacteria,Firmicutes,Clostridia,Oscillospirales,Ruminococcaceae,Candidatus_Soleaferrea,None,0.009737098344693282
Bacteria,Actinobacteriota,Coriobacteriia,Coriobacteriales,Coriobacteriaceae,Collinsella,None,Bacteria,Firmicutes,Clostridia,Oscillospirales,Ruminococcaceae,DTU089,None,0.009737098344693282
Bacteria,Actinobacteriota,Coriobacteriia,Coriobacteriales,Coriobacteriaceae,Collinsella,None,Bacteria,Firmicutes,Clostridia,Oscillospirales,Ruminococcaceae,Faecalibacterium,None,0.009737098344693282
Bacteria,Actinobacteriota,Coriobacteriia,Coriobacteriales,Coriobacteriaceae,Collinsella,None,Bacteria,Firmicutes,Clostridia,Oscillospirales,Ruminococcaceae,Fournierella,uncultured_organism,0.010710808179162609
Bacteria,Actinobacteriota,Coriobacteriia,Coriobacteriales,Coriobacteriaceae,Collinsella,None,Bacteria,Firmicutes,Clostridia,Oscillospirales,Ruminococcaceae,Incertae_Sedis,metagenome,0.010710808179162609
Bacteria,Actinobacteriota,Coriobacteriia,Coriobacteriales,Coriobacteriaceae,Collinsella,None,Bacteria,Firmicutes,Clostridia,Oscillospirales,Ruminococcaceae,Incertae_Sedis,None,0.009737098344693282
Bacteria,Actinobacteriota,Coriobacteriia,Coriobacteriales,Coriobacteriaceae,Collinsella,None,Bacteria,Firmicutes,Clostridia,Oscillospirales,Ruminococcaceae,Negativibacillus,None,0.009737098344693282
Bacteria,Actinobacteriota,Coriobacteriia,Coriobacteriales,Coriobacteriaceae,Collinsella,None,Bacteria,Firmicutes,Clostridia,Oscillospirales,Ruminococcaceae,Ruminococcus,Ruminococcus_champanellensis,0.010710808179162609
Bacteria,Actinobacteriota,Coriobacteriia,Coriobacteriales,Coriobacteriaceae,Collinsella,None,Bacteria,Firmicutes,Clostridia,Oscillospirales,Ruminococcaceae,Ruminococcus,None,0.009737098344693282
Bacteria,Actinobacteriota,Coriobacteriia,Coriobacteriales,Coriobacteriaceae,Collinsella,None,Bacteria,Firmicutes,Clostridia,Oscillospirales,Ruminococcaceae,Subdoligranulum,None,0.009737098344693282
Bacteria,Actinobacteriota,Coriobacteriia,Coriobacteriales,Coriobacteriaceae,Collinsella,None,Bacteria,Firmicutes,Clostridia,Oscillospirales,Ruminococcaceae,UBA1819,None,0.009737098344693282
Bacteria,Actinobacteriota,Coriobacteriia,Coriobacteriales,Coriobacteriaceae,Collinsella,None,Bacteria,Firmicutes,Clostridia,Oscillospirales,Ruminococcaceae,Eubacterium_siraeum_group,None,0.009737098344693282
Bacteria,Actinobacteriota,Coriobacteriia,Coriobacteriales,Coriobacteriaceae,Collinsella,None,Bacteria,Firmicutes,Clostridia,Oscillospirales,Ruminococcaceae,None,None,0.008763388510223954
Bacteria,Actinobacteriota,Coriobacteriia,Coriobacteriales,Coriobacteriaceae,Collinsella,None,Bacteria,Firmicutes,Clostridia,Oscillospirales,UCG-010,None,None,0.008763388510223954
Bacteria,Actinobacteriota,Coriobacteriia,Coriobacteriales,Coriobacteriaceae,Collinsella,None,Bacteria,Firmicutes,Clostridia,Oscillospirales,UCG-010,metagenome,None,0.009737098344693282
Bacteria,Actinobacteriota,Coriobacteriia,Coriobacteriales,Coriobacteriaceae,Collinsella,None,Bacteria,Firmicutes,Clostridia,Oscillospirales,UCG-010,uncultured_bacterium,None,0.009737098344693282
Bacteria,Actinobacteriota,Coriobacteriia,Coriobacteriales,Coriobacteriaceae,Collinsella,None,Bacteria,Firmicutes,Clostridia,Oscillospirales,UCG-010,uncultured_organism,None,0.009737098344693282
Bacteria,Actinobacteriota,Coriobacteriia,Coriobacteriales,Coriobacteriaceae,Collinsella,None,Bacteria,Firmicutes,Clostridia,Oscillospirales,Clostridium_methylpentosum_group,None,None,0.008763388510223954
Bacteria,Actinobacteriota,Coriobacteriia,Coriobacteriales,Coriobacteriaceae,Collinsella,None,Bacteria,Firmicutes,Clostridia,Oscillospirales,Eubacterium_coprostanoligenes_group,None,None,0.008763388510223954
Bacteria,Actinobacteriota,Coriobacteriia,Coriobacteriales,Coriobacteriaceae,Collinsella,None,Bacteria,Firmicutes,Clostridia,Oscillospirales,None,None,None,0.007789678675754625
Bacteria,Actinobacteriota,Coriobacteriia,Coriobacteriales,Coriobacteriaceae,Collinsella,None,Bacteria,Firmicutes,Clostridia,Peptococcales,Peptococcaceae,uncultured,None,0.009737098344693282
Bacteria,Actinobacteriota,Coriobacteriia,Coriobacteriales,Coriobacteriaceae,Collinsella,None,Bacteria,Firmicutes,Clostridia,Peptostreptococcales-Tissierellales,Anaerovoracaceae,Family_XIII_AD3011_group,metagenome,0.010710808179162609
Bacteria,Actinobacteriota,Coriobacteriia,Coriobacteriales,Coriobacteriaceae,Collinsella,None,Bacteria,Firmicutes,Clostridia,Peptostreptococcales-Tissierellales,Anaerovoracaceae,Family_XIII_AD3011_group,None,0.009737098344693282
Bacteria,Actinobacteriota,Coriobacteriia,Coriobacteriales,Coriobacteriaceae,Collinsella,None,Bacteria,Firmicutes,Clostridia,Peptostreptococcales-Tissierellales,Anaerovoracaceae,Family_XIII_AD3011_group,uncultured,0.010710808179162609
Bacteria,Actinobacteriota,Coriobacteriia,Coriobacteriales,Coriobacteriaceae,Collinsella,None,Bacteria,Firmicutes,Clostridia,Peptostreptococcales-Tissierellales,Anaerovoracaceae,Family_XIII_UCG-001,metagenome,0.010710808179162609
Bacteria,Actinobacteriota,Coriobacteriia,Coriobacteriales,Coriobacteriaceae,Collinsella,None,Bacteria,Firmicutes,Clostridia,Peptostreptococcales-Tissierellales,Anaerovoracaceae,Eubacterium_nodatum_group,None,0.009737098344693282
Bacteria,Actinobacteriota,Coriobacteriia,Coriobacteriales,Coriobacteriaceae,Collinsella,None,Bacteria,Firmicutes,Clostridia,Peptostreptococcales-Tissierellales,Anaerovoracaceae,None,None,0.008763388510223954
Bacteria,Actinobacteriota,Coriobacteriia,Coriobacteriales,Coriobacteriaceae,Collinsella,None,Bacteria,Firmicutes,Clostridia,Peptostreptococcales-Tissierellales,Parvimonas,None,None,0.008763388510223954
Bacteria,Actinobacteriota,Coriobacteriia,Coriobacteriales,Coriobacteriaceae,Collinsella,None,Bacteria,Firmicutes,Clostridia,None,None,None,None,0.006815968841285297
Bacteria,Actinobacteriota,Coriobacteriia,Coriobacteriales,Coriobacteriaceae,Collinsella,None,Bacteria,Firmicutes,Incertae_Sedis,DTU014,unidentified,None,None,0.008763388510223954
Bacteria,Actinobacteriota,Coriobacteriia,Coriobacteriales,Coriobacteriaceae,Collinsella,None,Bacteria,Firmicutes,Limnochordia,M55-D21,uncultured_compost_bacterium,None,None,0.008763388510223954
Bacteria,Actinobacteriota,Coriobacteriia,Coriobacteriales,Coriobacteriaceae,Collinsella,None,Bacteria,Firmicutes,Negativicutes,Acidaminococcales,Acidaminococcaceae,Phascolarctobacterium,None,0.009737098344693282
Bacteria,Actinobacteriota,Coriobacteriia,Coriobacteriales,Coriobacteriaceae,Collinsella,None,Bacteria,Firmicutes,None,None,None,None,None,0.005842259006815969
Bacteria,Actinobacteriota,Coriobacteriia,Coriobacteriales,Coriobacteriaceae,Collinsella,None,Bacteria,Firmicutes,uncultured,uncultured_Peptococcaceae_bacterium,None,None,None,0.007789678675754625
Bacteria,Actinobacteriota,Coriobacteriia,Coriobacteriales,Coriobacteriaceae,Collinsella,None,Bacteria,Proteobacteria,Alphaproteobacteria,Rhodospirillales,uncultured,None,None,0.008763388510223954
Bacteria,Actinobacteriota,Coriobacteriia,Coriobacteriales,Coriobacteriaceae,Collinsella,None,Bacteria,Proteobacteria,Gammaproteobacteria,Burkholderiales,Sutterellaceae,Sutterella,Sutterella_sp._252,0.010710808179162609
Bacteria,Actinobacteriota,Coriobacteriia,Coriobacteriales,Coriobacteriaceae,Collinsella,None,Bacteria,Proteobacteria,Gammaproteobacteria,Enterobacterales,Enterobacteriaceae,Escherichia-Shigella,None,0.009737098344693282
Bacteria,Actinobacteriota,Coriobacteriia,Coriobacteriales,Coriobacteriaceae,Collinsella,None,Bacteria,Proteobacteria,Gammaproteobacteria,Enterobacterales,Enterobacteriaceae,Klebsiella,None,0.009737098344693282
Bacteria,Actinobacteriota,Coriobacteriia,Coriobacteriales,Coriobacteriaceae,Collinsella,None,Bacteria,Proteobacteria,Gammaproteobacteria,Enterobacterales,Enterobacteriaceae,None,None,0.008763388510223954
Bacteria,Actinobacteriota,Coriobacteriia,Coriobacteriales,Coriobacteriaceae,Collinsella,None,Bacteria,Proteobacteria,Gammaproteobacteria,Pseudomonadales,Pseudomonadaceae,Pseudomonas,None,0.009737098344693282
Bacteria,Actinobacteriota,Coriobacteriia,Coriobacteriales,Coriobacteriaceae,Collinsella,None,Bacteria,Synergistota,Synergistia,Synergistales,Synergistaceae,Cloacibacillus,None,0.009737098344693282
Bacteria,Actinobacteriota,Coriobacteriia,Coriobacteriales,Coriobacteriaceae,Collinsella,None,Bacteria,Verrucomicrobiota,Verrucomicrobiae,Verrucomicrobiales,Akkermansiaceae,Akkermansia,None,0.009737098344693282
Bacteria,Actinobacteriota,Coriobacteriia,Coriobacteriales,Coriobacteriales_Incertae_Sedis,Raoultibacter,None,Bacteria,Actinobacteriota,Coriobacteriia,Coriobacteriales,Coriobacteriales_Incertae_Sedis,uncultured,None,0.0019474196689386564
Bacteria,Actinobacteriota,Coriobacteriia,Coriobacteriales,Coriobacteriales_Incertae_Sedis,Raoultibacter,None,Bacteria,Actinobacteriota,Coriobacteriia,Coriobacteriales,Eggerthellaceae,Eggerthella,None,0.0038948393378773127
Bacteria,Actinobacteriota,Coriobacteriia,Coriobacteriales,Coriobacteriales_Incertae_Sedis,Raoultibacter,None,Bacteria,Actinobacteriota,Coriobacteriia,Coriobacteriales,Eggerthellaceae,Enterorhabdus,metagenome,0.004868549172346641
Bacteria,Actinobacteriota,Coriobacteriia,Coriobacteriales,Coriobacteriales_Incertae_Sedis,Raoultibacter,None,Bacteria,Bacteroidetes,Bacteroidia,Bacteroidales,Bacteroidaceae,Bacteroides,Bacteroides_ovatus,0.010710808179162609
Bacteria,Actinobacteriota,Coriobacteriia,Coriobacteriales,Coriobacteriales_Incertae_Sedis,Raoultibacter,None,Bacteria,Bacteroidetes,Bacteroidia,Bacteroidales,Bacteroidaceae,Bacteroides,Bacteroides_stercorirosoris,0.010710808179162609
Bacteria,Actinobacteriota,Coriobacteriia,Coriobacteriales,Coriobacteriales_Incertae_Sedis,Raoultibacter,None,Bacteria,Bacteroidetes,Bacteroidia,Bacteroidales,Bacteroidaceae,Bacteroides,Bacteroides_uniformis,0.010710808179162609
Bacteria,Actinobacteriota,Coriobacteriia,Coriobacteriales,Coriobacteriales_Incertae_Sedis,Raoultibacter,None,Bacteria,Bacteroidetes,Bacteroidia,Bacteroidales,Bacteroidaceae,Bacteroides,None,0.009737098344693282
Bacteria,Actinobacteriota,Coriobacteriia,Coriobacteriales,Coriobacteriales_Incertae_Sedis,Raoultibacter,None,Bacteria,Bacteroidetes,Bacteroidia,Bacteroidales,Barnesiellaceae,Barnesiella,None,0.009737098344693282
Bacteria,Actinobacteriota,Coriobacteriia,Coriobacteriales,Coriobacteriales_Incertae_Sedis,Raoultibacter,None,Bacteria,Bacteroidetes,Bacteroidia,Bacteroidales,Marinifilaceae,Butyricimonas,None,0.009737098344693282
Bacteria,Actinobacteriota,Coriobacteriia,Coriobacteriales,Coriobacteriales_Incertae_Sedis,Raoultibacter,None,Bacteria,Bacteroidetes,Bacteroidia,Bacteroidales,Marinifilaceae,Odoribacter,None,0.009737098344693282
Bacteria,Actinobacteriota,Coriobacteriia,Coriobacteriales,Coriobacteriales_Incertae_Sedis,Raoultibacter,None,Bacteria,Bacteroidetes,Bacteroidia,Bacteroidales,Marinifilaceae,Sanguibacteroides,None,0.009737098344693282
Bacteria,Actinobacteriota,Coriobacteriia,Coriobacteriales,Coriobacteriales_Incertae_Sedis,Raoultibacter,None,Bacteria,Bacteroidetes,Bacteroidia,Bacteroidales,Rikenellaceae,Alistipes,Alistipes_ihumii_AP11,0.010710808179162609
Bacteria,Actinobacteriota,Coriobacteriia,Coriobacteriales,Coriobacteriales_Incertae_Sedis,Raoultibacter,None,Bacteria,Bacteroidetes,Bacteroidia,Bacteroidales,Rikenellaceae,Alistipes,Alistipes_sp._cv1,0.010710808179162609
Bacteria,Actinobacteriota,Coriobacteriia,Coriobacteriales,Coriobacteriales_Incertae_Sedis,Raoultibacter,None,Bacteria,Bacteroidetes,Bacteroidia,Bacteroidales,Rikenellaceae,Alistipes,Bacteroidetes_bacterium_Eg28,0.010710808179162609
Bacteria,Actinobacteriota,Coriobacteriia,Coriobacteriales,Coriobacteriales_Incertae_Sedis,Raoultibacter,None,Bacteria,Bacteroidetes,Bacteroidia,Bacteroidales,Rikenellaceae,Alistipes,None,0.009737098344693282
Bacteria,Actinobacteriota,Coriobacteriia,Coriobacteriales,Coriobacteriales_Incertae_Sedis,Raoultibacter,None,Bacteria,Bacteroidetes,Bacteroidia,Bacteroidales,Tannerellaceae,Parabacteroides,Parabacteroides_goldsteinii,0.010710808179162609
Bacteria,Actinobacteriota,Coriobacteriia,Coriobacteriales,Coriobacteriales_Incertae_Sedis,Raoultibacter,None,Bacteria,Bacteroidetes,Bacteroidia,Bacteroidales,Tannerellaceae,Parabacteroides,None,0.009737098344693282
Bacteria,Actinobacteriota,Coriobacteriia,Coriobacteriales,Coriobacteriales_Incertae_Sedis,Raoultibacter,None,Bacteria,Bacteroidetes,Bacteroidia,Flavobacteriales,Flavobacteriaceae,uncultured,metagenome,0.010710808179162609
Bacteria,Actinobacteriota,Coriobacteriia,Coriobacteriales,Coriobacteriales_Incertae_Sedis,Raoultibacter,None,Bacteria,Cyanobacteria/Chloroplast,Cyanobacteria.XI,GpXI,None,None,None,0.007789678675754625
Bacteria,Actinobacteriota,Coriobacteriia,Coriobacteriales,Coriobacteriales_Incertae_Sedis,Raoultibacter,None,Bacteria,Desulfobacterota,Desulfovibrionia,Desulfovibrionales,Desulfovibrionaceae,Desulfovibrio,None,0.009737098344693282
Bacteria,Actinobacteriota,Coriobacteriia,Coriobacteriales,Coriobacteriales_Incertae_Sedis,Raoultibacter,None,Bacteria,Firmicutes,Bacilli,Erysipelotrichales,Erysipelatoclostridiaceae,Erysipelatoclostridium,Clostridium_spiroforme_DSM_1552,0.010710808179162609
Bacteria,Actinobacteriota,Coriobacteriia,Coriobacteriales,Coriobacteriales_Incertae_Sedis,Raoultibacter,None,Bacteria,Firmicutes,Bacilli,Erysipelotrichales,Erysipelatoclostridiaceae,Erysipelatoclostridium,None,0.009737098344693282
Bacteria,Actinobacteriota,Coriobacteriia,Coriobacteriales,Coriobacteriales_Incertae_Sedis,Raoultibacter,None,Bacteria,Firmicutes,Bacilli,Erysipelotrichales,Erysipelotrichaceae,Faecalitalea,None,0.009737098344693282
Bacteria,Actinobacteriota,Coriobacteriia,Coriobacteriales,Coriobacteriales_Incertae_Sedis,Raoultibacter,None,Bacteria,Firmicutes,Bacilli,Erysipelotrichales,Erysipelotrichaceae,Holdemanella,None,0.009737098344693282
Bacteria,Actinobacteriota,Coriobacteriia,Coriobacteriales,Coriobacteriales_Incertae_Sedis,Raoultibacter,None,Bacteria,Firmicutes,Bacilli,Erysipelotrichales,Erysipelotrichaceae,Holdemania,None,0.009737098344693282
Bacteria,Actinobacteriota,Coriobacteriia,Coriobacteriales,Coriobacteriales_Incertae_Sedis,Raoultibacter,None,Bacteria,Firmicutes,Bacilli,Erysipelotrichales,Erysipelotrichaceae,Clostridium_innocuum_group,None,0.009737098344693282
Bacteria,Actinobacteriota,Coriobacteriia,Coriobacteriales,Coriobacteriales_Incertae_Sedis,Raoultibacter,None,Bacteria,Firmicutes,Bacilli,Izemoplasmatales,human_gut_metagenome,None,None,0.008763388510223954
Bacteria,Actinobacteriota,Coriobacteriia,Coriobacteriales,Coriobacteriales_Incertae_Sedis,Raoultibacter,None,Bacteria,Firmicutes,Bacilli,Lactobacillales,Lactobacillaceae,Lactobacillus,Lactobacillus_mucosae,0.010710808179162609
Bacteria,Actinobacteriota,Coriobacteriia,Coriobacteriales,Coriobacteriales_Incertae_Sedis,Raoultibacter,None,Bacteria,Firmicutes,Bacilli,Lactobacillales,Streptococcaceae,Lactococcus,None,0.009737098344693282
Bacteria,Actinobacteriota,Coriobacteriia,Coriobacteriales,Coriobacteriales_Incertae_Sedis,Raoultibacter,None,Bacteria,Firmicutes,Bacilli,Lactobacillales,Streptococcaceae,Streptococcus,Streptococcus_sp._oral_taxon_065,0.010710808179162609
Bacteria,Actinobacteriota,Coriobacteriia,Coriobacteriales,Coriobacteriales_Incertae_Sedis,Raoultibacter,None,Bacteria,Firmicutes,Bacilli,Lactobacillales,Streptococcaceae,Streptococcus,None,0.009737098344693282
Bacteria,Actinobacteriota,Coriobacteriia,Coriobacteriales,Coriobacteriales_Incertae_Sedis,Raoultibacter,None,Bacteria,Firmicutes,Clostridia,Christensenellales,Christensenellaceae,Christensenellaceae_R-7_group,Christensenella_sp._Marseille-P3954,0.010710808179162609
Bacteria,Actinobacteriota,Coriobacteriia,Coriobacteriales,Coriobacteriales_Incertae_Sedis,Raoultibacter,None,Bacteria,Firmicutes,Clostridia,Christensenellales,Christensenellaceae,Christensenellaceae_R-7_group,Clostridiales_bacterium_Marseille-P2846,0.010710808179162609
Bacteria,Actinobacteriota,Coriobacteriia,Coriobacteriales,Coriobacteriales_Incertae_Sedis,Raoultibacter,None,Bacteria,Firmicutes,Clostridia,Christensenellales,Christensenellaceae,Christensenellaceae_R-7_group,None,0.009737098344693282
Bacteria,Actinobacteriota,Coriobacteriia,Coriobacteriales,Coriobacteriales_Incertae_Sedis,Raoultibacter,None,Bacteria,Firmicutes,Clostridia,Christensenellales,Christensenellaceae,Christensenellaceae_R-7_group,bacterium_YE57,0.010710808179162609
Bacteria,Actinobacteriota,Coriobacteriia,Coriobacteriales,Coriobacteriales_Incertae_Sedis,Raoultibacter,None,Bacteria,Firmicutes,Clostridia,Christensenellales,Christensenellaceae,Christensenellaceae_R-7_group,metagenome,0.010710808179162609
Bacteria,Actinobacteriota,Coriobacteriia,Coriobacteriales,Coriobacteriales_Incertae_Sedis,Raoultibacter,None,Bacteria,Firmicutes,Clostridia,Christensenellales,Christensenellaceae,Christensenellaceae_R-7_group,uncultured_Firmicutes_bacterium,0.010710808179162609
Bacteria,Actinobacteriota,Coriobacteriia,Coriobacteriales,Coriobacteriales_Incertae_Sedis,Raoultibacter,None,Bacteria,Firmicutes,Clostridia,Christensenellales,Christensenellaceae,Christensenellaceae_R-7_group,uncultured_marine_bacterium,0.010710808179162609
Bacteria,Actinobacteriota,Coriobacteriia,Coriobacteriales,Coriobacteriales_Incertae_Sedis,Raoultibacter,None,Bacteria,Firmicutes,Clostridia,Christensenellales,Christensenellaceae,Christensenellaceae_R-7_group,uncultured_organism,0.010710808179162609
Bacteria,Actinobacteriota,Coriobacteriia,Coriobacteriales,Coriobacteriales_Incertae_Sedis,Raoultibacter,None,Bacteria,Firmicutes,Clostridia,Christensenellales,Christensenellaceae,None,None,0.008763388510223954
Bacteria,Actinobacteriota,Coriobacteriia,Coriobacteriales,Coriobacteriales_Incertae_Sedis,Raoultibacter,None,Bacteria,Firmicutes,Clostridia,Clostridia_vadinBB60_group,metagenome,None,None,0.008763388510223954
Bacteria,Actinobacteriota,Coriobacteriia,Coriobacteriales,Coriobacteriales_Incertae_Sedis,Raoultibacter,None,Bacteria,Firmicutes,Clostridia,Clostridia_vadinBB60_group,wastewater_metagenome,None,None,0.008763388510223954
Bacteria,Actinobacteriota,Coriobacteriia,Coriobacteriales,Coriobacteriales_Incertae_Sedis,Raoultibacter,None,Bacteria,Firmicutes,Clostridia,Clostridiales,Christensenellaceae,Christensenella,PAC001427,0.010710808179162609
Bacteria,Actinobacteriota,Coriobacteriia,Coriobacteriales,Coriobacteriales_Incertae_Sedis,Raoultibacter,None,Bacteria,Firmicutes,Clostridia,Clostridiales,Christensenellaceae,Christensenella,PAC002297,0.010710808179162609
Bacteria,Actinobacteriota,Coriobacteriia,Coriobacteriales,Coriobacteriales_Incertae_Sedis,Raoultibacter,None,Bacteria,Firmicutes,Clostridia,Clostridiales,Christensenellaceae,PAC001115,PAC001444,0.010710808179162609
Bacteria,Actinobacteriota,Coriobacteriia,Coriobacteriales,Coriobacteriales_Incertae_Sedis,Raoultibacter,None,Bacteria,Firmicutes,Clostridia,Clostridiales,Christensenellaceae,PAC001437,PAC001486,0.010710808179162609
Bacteria,Actinobacteriota,Coriobacteriia,Coriobacteriales,Coriobacteriales_Incertae_Sedis,Raoultibacter,None,Bacteria,Firmicutes,Clostridia,Clostridiales,Christensenellaceae,PAC001437,PAC002305,0.010710808179162609
Bacteria,Actinobacteriota,Coriobacteriia,Coriobacteriales,Coriobacteriales_Incertae_Sedis,Raoultibacter,None,Bacteria,Firmicutes,Clostridia,Clostridiales,Christensenellaceae,PAC002510,PAC002510,0.010710808179162609
Bacteria,Actinobacteriota,Coriobacteriia,Coriobacteriales,Coriobacteriales_Incertae_Sedis,Raoultibacter,None,Bacteria,Firmicutes,Clostridia,Clostridiales,Dehalobacterium,PAC002141,PAC002141,0.010710808179162609
Bacteria,Actinobacteriota,Coriobacteriia,Coriobacteriales,Coriobacteriales_Incertae_Sedis,Raoultibacter,None,Bacteria,Firmicutes,Clostridia,Clostridiales,Ruminococcaceae,PAC000742,PAC000742,0.010710808179162609
Bacteria,Actinobacteriota,Coriobacteriia,Coriobacteriales,Coriobacteriales_Incertae_Sedis,Raoultibacter,None,Bacteria,Firmicutes,Clostridia,Clostridiales,Ruminococcaceae,PAC001144,PAC001620,0.010710808179162609
Bacteria,Actinobacteriota,Coriobacteriia,Coriobacteriales,Coriobacteriales_Incertae_Sedis,Raoultibacter,None,Bacteria,Firmicutes,Clostridia,Clostridiales,Ruminococcaceae,PAC001313,PAC001649,0.010710808179162609
Bacteria,Actinobacteriota,Coriobacteriia,Coriobacteriales,Coriobacteriales_Incertae_Sedis,Raoultibacter,None,Bacteria,Firmicutes,Clostridia,Clostridiales,Ruminococcaceae,PAC002201,PAC002201,0.010710808179162609
Bacteria,Actinobacteriota,Coriobacteriia,Coriobacteriales,Coriobacteriales_Incertae_Sedis,Raoultibacter,None,Bacteria,Firmicutes,Clostridia,Eubacteriales,Eubacteriaceae,Eubacterium,None,0.009737098344693282
Bacteria,Actinobacteriota,Coriobacteriia,Coriobacteriales,Coriobacteriales_Incertae_Sedis,Raoultibacter,None,Bacteria,Firmicutes,Clostridia,Lachnospirales,Lachnospiraceae,Agathobacter,None,0.009737098344693282
Bacteria,Actinobacteriota,Coriobacteriia,Coriobacteriales,Coriobacteriales_Incertae_Sedis,Raoultibacter,None,Bacteria,Firmicutes,Clostridia,Lachnospirales,Lachnospiraceae,Anaerostipes,None,0.009737098344693282
Bacteria,Actinobacteriota,Coriobacteriia,Coriobacteriales,Coriobacteriales_Incertae_Sedis,Raoultibacter,None,Bacteria,Firmicutes,Clostridia,Lachnospirales,Lachnospiraceae,Blautia,None,0.009737098344693282
Bacteria,Actinobacteriota,Coriobacteriia,Coriobacteriales,Coriobacteriales_Incertae_Sedis,Raoultibacter,None,Bacteria,Firmicutes,Clostridia,Lachnospirales,Lachnospiraceae,Blautia,bacterium_mpn-isolate_group_20,0.010710808179162609
Bacteria,Actinobacteriota,Coriobacteriia,Coriobacteriales,Coriobacteriales_Incertae_Sedis,Raoultibacter,None,Bacteria,Firmicutes,Clostridia,Lachnospirales,Lachnospiraceae,Blautia,uncultured_Blautia_sp.,0.010710808179162609
Bacteria,Actinobacteriota,Coriobacteriia,Coriobacteriales,Coriobacteriales_Incertae_Sedis,Raoultibacter,None,Bacteria,Firmicutes,Clostridia,Lachnospirales,Lachnospiraceae,Coprococcus,None,0.009737098344693282
Bacteria,Actinobacteriota,Coriobacteriia,Coriobacteriales,Coriobacteriales_Incertae_Sedis,Raoultibacter,None,Bacteria,Firmicutes,Clostridia,Lachnospirales,Lachnospiraceae,Coprococcus,uncultured_Coprococcus_sp.,0.010710808179162609
Bacteria,Actinobacteriota,Coriobacteriia,Coriobacteriales,Coriobacteriales_Incertae_Sedis,Raoultibacter,None,Bacteria,Firmicutes,Clostridia,Lachnospirales,Lachnospiraceae,Dorea,None,0.009737098344693282
Bacteria,Actinobacteriota,Coriobacteriia,Coriobacteriales,Coriobacteriales_Incertae_Sedis,Raoultibacter,None,Bacteria,Firmicutes,Clostridia,Lachnospirales,Lachnospiraceae,Eisenbergiella,None,0.009737098344693282
Bacteria,Actinobacteriota,Coriobacteriia,Coriobacteriales,Coriobacteriales_Incertae_Sedis,Raoultibacter,None,Bacteria,Firmicutes,Clostridia,Lachnospirales,Lachnospiraceae,Frisingicoccus,None,0.009737098344693282
Bacteria,Actinobacteriota,Coriobacteriia,Coriobacteriales,Coriobacteriales_Incertae_Sedis,Raoultibacter,None,Bacteria,Firmicutes,Clostridia,Lachnospirales,Lachnospiraceae,Fusicatenibacter,uncultured_Lachnospiraceae_bacterium,0.010710808179162609
Bacteria,Actinobacteriota,Coriobacteriia,Coriobacteriales,Coriobacteriales_Incertae_Sedis,Raoultibacter,None,Bacteria,Firmicutes,Clostridia,Lachnospirales,Lachnospiraceae,GCA-900066575,None,0.009737098344693282
Bacteria,Actinobacteriota,Coriobacteriia,Coriobacteriales,Coriobacteriales_Incertae_Sedis,Raoultibacter,None,Bacteria,Firmicutes,Clostridia,Lachnospirales,Lachnospiraceae,GCA-900066575,metagenome,0.010710808179162609
Bacteria,Actinobacteriota,Coriobacteriia,Coriobacteriales,Coriobacteriales_Incertae_Sedis,Raoultibacter,None,Bacteria,Firmicutes,Clostridia,Lachnospirales,Lachnospiraceae,GCA-900066755,None,0.009737098344693282
Bacteria,Actinobacteriota,Coriobacteriia,Coriobacteriales,Coriobacteriales_Incertae_Sedis,Raoultibacter,None,Bacteria,Firmicutes,Clostridia,Lachnospirales,Lachnospiraceae,Hungatella,metagenome,0.010710808179162609
Bacteria,Actinobacteriota,Coriobacteriia,Coriobacteriales,Coriobacteriales_Incertae_Sedis,Raoultibacter,None,Bacteria,Firmicutes,Clostridia,Lachnospirales,Lachnospiraceae,Lachnoclostridium,Clostridium_symbiosum,0.010710808179162609
Bacteria,Actinobacteriota,Coriobacteriia,Coriobacteriales,Coriobacteriales_Incertae_Sedis,Raoultibacter,None,Bacteria,Firmicutes,Clostridia,Lachnospirales,Lachnospiraceae,Lachnoclostridium,None,0.009737098344693282
Bacteria,Actinobacteriota,Coriobacteriia,Coriobacteriales,Coriobacteriales_Incertae_Sedis,Raoultibacter,None,Bacteria,Firmicutes,Clostridia,Lachnospirales,Lachnospiraceae,Lachnoclostridium,uncultured_Lachnospiraceae_bacterium,0.010710808179162609
Bacteria,Actinobacteriota,Coriobacteriia,Coriobacteriales,Coriobacteriales_Incertae_Sedis,Raoultibacter,None,Bacteria,Firmicutes,Clostridia,Lachnospirales,Lachnospiraceae,Lachnospiraceae_ND3007_group,metagenome,0.010710808179162609
Bacteria,Actinobacteriota,Coriobacteriia,Coriobacteriales,Coriobacteriales_Incertae_Sedis,Raoultibacter,None,Bacteria,Firmicutes,Clostridia,Lachnospirales,Lachnospiraceae,Lachnospiraceae_NK4A136_group,None,0.009737098344693282
Bacteria,Actinobacteriota,Coriobacteriia,Coriobacteriales,Coriobacteriales_Incertae_Sedis,Raoultibacter,None,Bacteria,Firmicutes,Clostridia,Lachnospirales,Lachnospiraceae,Lachnospiraceae_NK4A136_group,uncultured_Lachnospiraceae_bacterium,0.010710808179162609
Bacteria,Actinobacteriota,Coriobacteriia,Coriobacteriales,Coriobacteriales_Incertae_Sedis,Raoultibacter,None,Bacteria,Firmicutes,Clostridia,Lachnospirales,Lachnospiraceae,Lachnospiraceae_NK4A136_group,uncultured_bacterium_Adhufec49.25,0.010710808179162609
Bacteria,Actinobacteriota,Coriobacteriia,Coriobacteriales,Coriobacteriales_Incertae_Sedis,Raoultibacter,None,Bacteria,Firmicutes,Clostridia,Lachnospirales,Lachnospiraceae,Lachnospiraceae_NK4B4_group,None,0.009737098344693282
Bacteria,Actinobacteriota,Coriobacteriia,Coriobacteriales,Coriobacteriales_Incertae_Sedis,Raoultibacter,None,Bacteria,Firmicutes,Clostridia,Lachnospirales,Lachnospiraceae,Lachnospiraceae_UCG-001,metagenome,0.010710808179162609
Bacteria,Actinobacteriota,Coriobacteriia,Coriobacteriales,Coriobacteriales_Incertae_Sedis,Raoultibacter,None,Bacteria,Firmicutes,Clostridia,Lachnospirales,Lachnospiraceae,Lachnospiraceae_UCG-004,None,0.009737098344693282
Bacteria,Actinobacteriota,Coriobacteriia,Coriobacteriales,Coriobacteriales_Incertae_Sedis,Raoultibacter,None,Bacteria,Firmicutes,Clostridia,Lachnospirales,Lachnospiraceae,Lachnospiraceae_UCG-008,metagenome,0.010710808179162609
Bacteria,Actinobacteriota,Coriobacteriia,Coriobacteriales,Coriobacteriales_Incertae_Sedis,Raoultibacter,None,Bacteria,Firmicutes,Clostridia,Lachnospirales,Lachnospiraceae,Lachnospiraceae_UCG-010,None,0.009737098344693282
Bacteria,Actinobacteriota,Coriobacteriia,Coriobacteriales,Coriobacteriales_Incertae_Sedis,Raoultibacter,None,Bacteria,Firmicutes,Clostridia,Lachnospirales,Lachnospiraceae,Marvinbryantia,None,0.009737098344693282
Bacteria,Actinobacteriota,Coriobacteriia,Coriobacteriales,Coriobacteriales_Incertae_Sedis,Raoultibacter,None,Bacteria,Firmicutes,Clostridia,Lachnospirales,Lachnospiraceae,Marvinbryantia,unidentified,0.010710808179162609
Bacteria,Actinobacteriota,Coriobacteriia,Coriobacteriales,Coriobacteriales_Incertae_Sedis,Raoultibacter,None,Bacteria,Firmicutes,Clostridia,Lachnospirales,Lachnospiraceae,Roseburia,None,0.009737098344693282
Bacteria,Actinobacteriota,Coriobacteriia,Coriobacteriales,Coriobacteriales_Incertae_Sedis,Raoultibacter,None,Bacteria,Firmicutes,Clostridia,Lachnospirales,Lachnospiraceae,Roseburia,gut_metagenome,0.010710808179162609
Bacteria,Actinobacteriota,Coriobacteriia,Coriobacteriales,Coriobacteriales_Incertae_Sedis,Raoultibacter,None,Bacteria,Firmicutes,Clostridia,Lachnospirales,Lachnospiraceae,Tuzzerella,None,0.009737098344693282
Bacteria,Actinobacteriota,Coriobacteriia,Coriobacteriales,Coriobacteriales_Incertae_Sedis,Raoultibacter,None,Bacteria,Firmicutes,Clostridia,Lachnospirales,Lachnospiraceae,Tyzzerella,None,0.009737098344693282
Bacteria,Actinobacteriota,Coriobacteriia,Coriobacteriales,Coriobacteriales_Incertae_Sedis,Raoultibacter,None,Bacteria,Firmicutes,Clostridia,Lachnospirales,Lachnospiraceae,Eubacterium_hallii_group,None,0.009737098344693282
Bacteria,Actinobacteriota,Coriobacteriia,Coriobacteriales,Coriobacteriales_Incertae_Sedis,Raoultibacter,None,Bacteria,Firmicutes,Clostridia,Lachnospirales,Lachnospiraceae,Eubacterium_ventriosum_group,metagenome,0.010710808179162609
Bacteria,Actinobacteriota,Coriobacteriia,Coriobacteriales,Coriobacteriales_Incertae_Sedis,Raoultibacter,None,Bacteria,Firmicutes,Clostridia,Lachnospirales,Lachnospiraceae,Ruminococcus_gauvreauii_group,uncultured_Lachnospiraceae_bacterium,0.010710808179162609
Bacteria,Actinobacteriota,Coriobacteriia,Coriobacteriales,Coriobacteriales_Incertae_Sedis,Raoultibacter,None,Bacteria,Firmicutes,Clostridia,Lachnospirales,Lachnospiraceae,Ruminococcus_gnavus_group,None,0.009737098344693282
Bacteria,Actinobacteriota,Coriobacteriia,Coriobacteriales,Coriobacteriales_Incertae_Sedis,Raoultibacter,None,Bacteria,Firmicutes,Clostridia,Lachnospirales,Lachnospiraceae,Ruminococcus_torques_group,Clostridiaceae_bacterium_LEMV78,0.010710808179162609
Bacteria,Actinobacteriota,Coriobacteriia,Coriobacteriales,Coriobacteriales_Incertae_Sedis,Raoultibacter,None,Bacteria,Firmicutes,Clostridia,Lachnospirales,Lachnospiraceae,Ruminococcus_torques_group,None,0.009737098344693282
Bacteria,Actinobacteriota,Coriobacteriia,Coriobacteriales,Coriobacteriales_Incertae_Sedis,Raoultibacter,None,Bacteria,Firmicutes,Clostridia,Lachnospirales,Lachnospiraceae,None,None,0.008763388510223954
Bacteria,Actinobacteriota,Coriobacteriia,Coriobacteriales,Coriobacteriales_Incertae_Sedis,Raoultibacter,None,Bacteria,Firmicutes,Clostridia,Lachnospirales,Lachnospiraceae,uncultured,None,0.009737098344693282
Bacteria,Actinobacteriota,Coriobacteriia,Coriobacteriales,Coriobacteriales_Incertae_Sedis,Raoultibacter,None,Bacteria,Firmicutes,Clostridia,Monoglobales,Monoglobaceae,Monoglobus,None,0.009737098344693282
Bacteria,Actinobacteriota,Coriobacteriia,Coriobacteriales,Coriobacteriales_Incertae_Sedis,Raoultibacter,None,Bacteria,Firmicutes,Clostridia,Oscillospirales,Butyricicoccaceae,Butyricicoccus,None,0.009737098344693282
Bacteria,Actinobacteriota,Coriobacteriia,Coriobacteriales,Coriobacteriales_Incertae_Sedis,Raoultibacter,None,Bacteria,Firmicutes,Clostridia,Oscillospirales,Hydrogenoanaerobacterium,None,None,0.008763388510223954
Bacteria,Actinobacteriota,Coriobacteriia,Coriobacteriales,Coriobacteriales_Incertae_Sedis,Raoultibacter,None,Bacteria,Firmicutes,Clostridia,Oscillospirales,Oscillospiraceae,Colidextribacter,None,0.009737098344693282
Bacteria,Actinobacteriota,Coriobacteriia,Coriobacteriales,Coriobacteriales_Incertae_Sedis,Raoultibacter,None,Bacteria,Firmicutes,Clostridia,Oscillospirales,Oscillospiraceae,Colidextribacter,metagenome,0.010710808179162609
Bacteria,Actinobacteriota,Coriobacteriia,Coriobacteriales,Coriobacteriales_Incertae_Sedis,Raoultibacter,None,Bacteria,Firmicutes,Clostridia,Oscillospirales,Oscillospiraceae,Flavonifractor,None,0.009737098344693282
Bacteria,Actinobacteriota,Coriobacteriia,Coriobacteriales,Coriobacteriales_Incertae_Sedis,Raoultibacter,None,Bacteria,Firmicutes,Clostridia,Oscillospirales,Oscillospiraceae,Intestinimonas,None,0.009737098344693282
Bacteria,Actinobacteriota,Coriobacteriia,Coriobacteriales,Coriobacteriales_Incertae_Sedis,Raoultibacter,None,Bacteria,Firmicutes,Clostridia,Oscillospirales,Oscillospiraceae,Intestinimonas,uncultured,0.010710808179162609
Bacteria,Actinobacteriota,Coriobacteriia,Coriobacteriales,Coriobacteriales_Incertae_Sedis,Raoultibacter,None,Bacteria,Firmicutes,Clostridia,Oscillospirales,Oscillospiraceae,NK4A214_group,None,0.009737098344693282
Bacteria,Actinobacteriota,Coriobacteriia,Coriobacteriales,Coriobacteriales_Incertae_Sedis,Raoultibacter,None,Bacteria,Firmicutes,Clostridia,Oscillospirales,Oscillospiraceae,Oscillibacter,None,0.009737098344693282
Bacteria,Actinobacteriota,Coriobacteriia,Coriobacteriales,Coriobacteriales_Incertae_Sedis,Raoultibacter,None,Bacteria,Firmicutes,Clostridia,Oscillospirales,Oscillospiraceae,Oscillibacter,metagenome,0.010710808179162609
Bacteria,Actinobacteriota,Coriobacteriia,Coriobacteriales,Coriobacteriales_Incertae_Sedis,Raoultibacter,None,Bacteria,Firmicutes,Clostridia,Oscillospirales,Oscillospiraceae,Oscillospira,None,0.009737098344693282
Bacteria,Actinobacteriota,Coriobacteriia,Coriobacteriales,Coriobacteriales_Incertae_Sedis,Raoultibacter,None,Bacteria,Firmicutes,Clostridia,Oscillospirales,Oscillospiraceae,UCG-002,None,0.009737098344693282
Bacteria,Actinobacteriota,Coriobacteriia,Coriobacteriales,Coriobacteriales_Incertae_Sedis,Raoultibacter,None,Bacteria,Firmicutes,Clostridia,Oscillospirales,Oscillospiraceae,UCG-003,None,0.009737098344693282
Bacteria,Actinobacteriota,Coriobacteriia,Coriobacteriales,Coriobacteriales_Incertae_Sedis,Raoultibacter,None,Bacteria,Firmicutes,Clostridia,Oscillospirales,Oscillospiraceae,UCG-005,None,0.009737098344693282
Bacteria,Actinobacteriota,Coriobacteriia,Coriobacteriales,Coriobacteriales_Incertae_Sedis,Raoultibacter,None,Bacteria,Firmicutes,Clostridia,Oscillospirales,Oscillospiraceae,UCG-005,metagenome,0.010710808179162609
Bacteria,Actinobacteriota,Coriobacteriia,Coriobacteriales,Coriobacteriales_Incertae_Sedis,Raoultibacter,None,Bacteria,Firmicutes,Clostridia,Oscillospirales,Oscillospiraceae,UCG-005,uncultured_Clostridiales_bacterium,0.010710808179162609
Bacteria,Actinobacteriota,Coriobacteriia,Coriobacteriales,Coriobacteriales_Incertae_Sedis,Raoultibacter,None,Bacteria,Firmicutes,Clostridia,Oscillospirales,Oscillospiraceae,UCG-005,uncultured_rumen_bacterium,0.010710808179162609
Bacteria,Actinobacteriota,Coriobacteriia,Coriobacteriales,Coriobacteriales_Incertae_Sedis,Raoultibacter,None,Bacteria,Firmicutes,Clostridia,Oscillospirales,Oscillospiraceae,None,None,0.008763388510223954
Bacteria,Actinobacteriota,Coriobacteriia,Coriobacteriales,Coriobacteriales_Incertae_Sedis,Raoultibacter,None,Bacteria,Firmicutes,Clostridia,Oscillospirales,Oscillospiraceae,uncultured,metagenome,0.010710808179162609
Bacteria,Actinobacteriota,Coriobacteriia,Coriobacteriales,Coriobacteriales_Incertae_Sedis,Raoultibacter,None,Bacteria,Firmicutes,Clostridia,Oscillospirales,Oscillospiraceae,uncultured,unidentified,0.010710808179162609
Bacteria,Actinobacteriota,Coriobacteriia,Coriobacteriales,Coriobacteriales_Incertae_Sedis,Raoultibacter,None,Bacteria,Firmicutes,Clostridia,Oscillospirales,Ruminococcaceae,Anaerofilum,uncultured_Firmicutes_bacterium,0.010710808179162609
Bacteria,Actinobacteriota,Coriobacteriia,Coriobacteriales,Coriobacteriales_Incertae_Sedis,Raoultibacter,None,Bacteria,Firmicutes,Clostridia,Oscillospirales,Ruminococcaceae,Anaerotruncus,Anaerotruncus_rubiinfantis,0.010710808179162609
Bacteria,Actinobacteriota,Coriobacteriia,Coriobacteriales,Coriobacteriales_Incertae_Sedis,Raoultibacter,None,Bacteria,Firmicutes,Clostridia,Oscillospirales,Ruminococcaceae,Anaerotruncus,Anaerotruncus_sp._NML_070203,0.010710808179162609
Bacteria,Actinobacteriota,Coriobacteriia,Coriobacteriales,Coriobacteriales_Incertae_Sedis,Raoultibacter,None,Bacteria,Firmicutes,Clostridia,Oscillospirales,Ruminococcaceae,Candidatus_Soleaferrea,Neobitarella_massiliensis,0.010710808179162609
Bacteria,Actinobacteriota,Coriobacteriia,Coriobacteriales,Coriobacteriales_Incertae_Sedis,Raoultibacter,None,Bacteria,Firmicutes,Clostridia,Oscillospirales,Ruminococcaceae,Candidatus_Soleaferrea,None,0.009737098344693282
Bacteria,Actinobacteriota,Coriobacteriia,Coriobacteriales,Coriobacteriales_Incertae_Sedis,Raoultibacter,None,Bacteria,Firmicutes,Clostridia,Oscillospirales,Ruminococcaceae,DTU089,None,0.009737098344693282
Bacteria,Actinobacteriota,Coriobacteriia,Coriobacteriales,Coriobacteriales_Incertae_Sedis,Raoultibacter,None,Bacteria,Firmicutes,Clostridia,Oscillospirales,Ruminococcaceae,Faecalibacterium,None,0.009737098344693282
Bacteria,Actinobacteriota,Coriobacteriia,Coriobacteriales,Coriobacteriales_Incertae_Sedis,Raoultibacter,None,Bacteria,Firmicutes,Clostridia,Oscillospirales,Ruminococcaceae,Fournierella,uncultured_organism,0.010710808179162609
Bacteria,Actinobacteriota,Coriobacteriia,Coriobacteriales,Coriobacteriales_Incertae_Sedis,Raoultibacter,None,Bacteria,Firmicutes,Clostridia,Oscillospirales,Ruminococcaceae,Incertae_Sedis,metagenome,0.010710808179162609
Bacteria,Actinobacteriota,Coriobacteriia,Coriobacteriales,Coriobacteriales_Incertae_Sedis,Raoultibacter,None,Bacteria,Firmicutes,Clostridia,Oscillospirales,Ruminococcaceae,Incertae_Sedis,None,0.009737098344693282
Bacteria,Actinobacteriota,Coriobacteriia,Coriobacteriales,Coriobacteriales_Incertae_Sedis,Raoultibacter,None,Bacteria,Firmicutes,Clostridia,Oscillospirales,Ruminococcaceae,Negativibacillus,None,0.009737098344693282
Bacteria,Actinobacteriota,Coriobacteriia,Coriobacteriales,Coriobacteriales_Incertae_Sedis,Raoultibacter,None,Bacteria,Firmicutes,Clostridia,Oscillospirales,Ruminococcaceae,Ruminococcus,Ruminococcus_champanellensis,0.010710808179162609
Bacteria,Actinobacteriota,Coriobacteriia,Coriobacteriales,Coriobacteriales_Incertae_Sedis,Raoultibacter,None,Bacteria,Firmicutes,Clostridia,Oscillospirales,Ruminococcaceae,Ruminococcus,None,0.009737098344693282
Bacteria,Actinobacteriota,Coriobacteriia,Coriobacteriales,Coriobacteriales_Incertae_Sedis,Raoultibacter,None,Bacteria,Firmicutes,Clostridia,Oscillospirales,Ruminococcaceae,Subdoligranulum,None,0.009737098344693282
Bacteria,Actinobacteriota,Coriobacteriia,Coriobacteriales,Coriobacteriales_Incertae_Sedis,Raoultibacter,None,Bacteria,Firmicutes,Clostridia,Oscillospirales,Ruminococcaceae,UBA1819,None,0.009737098344693282
Bacteria,Actinobacteriota,Coriobacteriia,Coriobacteriales,Coriobacteriales_Incertae_Sedis,Raoultibacter,None,Bacteria,Firmicutes,Clostridia,Oscillospirales,Ruminococcaceae,Eubacterium_siraeum_group,None,0.009737098344693282
Bacteria,Actinobacteriota,Coriobacteriia,Coriobacteriales,Coriobacteriales_Incertae_Sedis,Raoultibacter,None,Bacteria,Firmicutes,Clostridia,Oscillospirales,Ruminococcaceae,None,None,0.008763388510223954
Bacteria,Actinobacteriota,Coriobacteriia,Coriobacteriales,Coriobacteriales_Incertae_Sedis,Raoultibacter,None,Bacteria,Firmicutes,Clostridia,Oscillospirales,UCG-010,None,None,0.008763388510223954
Bacteria,Actinobacteriota,Coriobacteriia,Coriobacteriales,Coriobacteriales_Incertae_Sedis,Raoultibacter,None,Bacteria,Firmicutes,Clostridia,Oscillospirales,UCG-010,metagenome,None,0.009737098344693282
Bacteria,Actinobacteriota,Coriobacteriia,Coriobacteriales,Coriobacteriales_Incertae_Sedis,Raoultibacter,None,Bacteria,Firmicutes,Clostridia,Oscillospirales,UCG-010,uncultured_bacterium,None,0.009737098344693282
Bacteria,Actinobacteriota,Coriobacteriia,Coriobacteriales,Coriobacteriales_Incertae_Sedis,Raoultibacter,None,Bacteria,Firmicutes,Clostridia,Oscillospirales,UCG-010,uncultured_organism,None,0.009737098344693282
Bacteria,Actinobacteriota,Coriobacteriia,Coriobacteriales,Coriobacteriales_Incertae_Sedis,Raoultibacter,None,Bacteria,Firmicutes,Clostridia,Oscillospirales,Clostridium_methylpentosum_group,None,None,0.008763388510223954
Bacteria,Actinobacteriota,Coriobacteriia,Coriobacteriales,Coriobacteriales_Incertae_Sedis,Raoultibacter,None,Bacteria,Firmicutes,Clostridia,Oscillospirales,Eubacterium_coprostanoligenes_group,None,None,0.008763388510223954
Bacteria,Actinobacteriota,Coriobacteriia,Coriobacteriales,Coriobacteriales_Incertae_Sedis,Raoultibacter,None,Bacteria,Firmicutes,Clostridia,Oscillospirales,None,None,None,0.007789678675754625
Bacteria,Actinobacteriota,Coriobacteriia,Coriobacteriales,Coriobacteriales_Incertae_Sedis,Raoultibacter,None,Bacteria,Firmicutes,Clostridia,Peptococcales,Peptococcaceae,uncultured,None,0.009737098344693282
Bacteria,Actinobacteriota,Coriobacteriia,Coriobacteriales,Coriobacteriales_Incertae_Sedis,Raoultibacter,None,Bacteria,Firmicutes,Clostridia,Peptostreptococcales-Tissierellales,Anaerovoracaceae,Family_XIII_AD3011_group,metagenome,0.010710808179162609
Bacteria,Actinobacteriota,Coriobacteriia,Coriobacteriales,Coriobacteriales_Incertae_Sedis,Raoultibacter,None,Bacteria,Firmicutes,Clostridia,Peptostreptococcales-Tissierellales,Anaerovoracaceae,Family_XIII_AD3011_group,None,0.009737098344693282
Bacteria,Actinobacteriota,Coriobacteriia,Coriobacteriales,Coriobacteriales_Incertae_Sedis,Raoultibacter,None,Bacteria,Firmicutes,Clostridia,Peptostreptococcales-Tissierellales,Anaerovoracaceae,Family_XIII_AD3011_group,uncultured,0.010710808179162609
Bacteria,Actinobacteriota,Coriobacteriia,Coriobacteriales,Coriobacteriales_Incertae_Sedis,Raoultibacter,None,Bacteria,Firmicutes,Clostridia,Peptostreptococcales-Tissierellales,Anaerovoracaceae,Family_XIII_UCG-001,metagenome,0.010710808179162609
Bacteria,Actinobacteriota,Coriobacteriia,Coriobacteriales,Coriobacteriales_Incertae_Sedis,Raoultibacter,None,Bacteria,Firmicutes,Clostridia,Peptostreptococcales-Tissierellales,Anaerovoracaceae,Eubacterium_nodatum_group,None,0.009737098344693282
Bacteria,Actinobacteriota,Coriobacteriia,Coriobacteriales,Coriobacteriales_Incertae_Sedis,Raoultibacter,None,Bacteria,Firmicutes,Clostridia,Peptostreptococcales-Tissierellales,Anaerovoracaceae,None,None,0.008763388510223954
Bacteria,Actinobacteriota,Coriobacteriia,Coriobacteriales,Coriobacteriales_Incertae_Sedis,Raoultibacter,None,Bacteria,Firmicutes,Clostridia,Peptostreptococcales-Tissierellales,Parvimonas,None,None,0.008763388510223954
Bacteria,Actinobacteriota,Coriobacteriia,Coriobacteriales,Coriobacteriales_Incertae_Sedis,Raoultibacter,None,Bacteria,Firmicutes,Clostridia,None,None,None,None,0.006815968841285297
Bacteria,Actinobacteriota,Coriobacteriia,Coriobacteriales,Coriobacteriales_Incertae_Sedis,Raoultibacter,None,Bacteria,Firmicutes,Incertae_Sedis,DTU014,unidentified,None,None,0.008763388510223954
Bacteria,Actinobacteriota,Coriobacteriia,Coriobacteriales,Coriobacteriales_Incertae_Sedis,Raoultibacter,None,Bacteria,Firmicutes,Limnochordia,M55-D21,uncultured_compost_bacterium,None,None,0.008763388510223954
Bacteria,Actinobacteriota,Coriobacteriia,Coriobacteriales,Coriobacteriales_Incertae_Sedis,Raoultibacter,None,Bacteria,Firmicutes,Negativicutes,Acidaminococcales,Acidaminococcaceae,Phascolarctobacterium,None,0.009737098344693282
Bacteria,Actinobacteriota,Coriobacteriia,Coriobacteriales,Coriobacteriales_Incertae_Sedis,Raoultibacter,None,Bacteria,Firmicutes,None,None,None,None,None,0.005842259006815969
Bacteria,Actinobacteriota,Coriobacteriia,Coriobacteriales,Coriobacteriales_Incertae_Sedis,Raoultibacter,None,Bacteria,Firmicutes,uncultured,uncultured_Peptococcaceae_bacterium,None,None,None,0.007789678675754625
Bacteria,Actinobacteriota,Coriobacteriia,Coriobacteriales,Coriobacteriales_Incertae_Sedis,Raoultibacter,None,Bacteria,Proteobacteria,Alphaproteobacteria,Rhodospirillales,uncultured,None,None,0.008763388510223954
Bacteria,Actinobacteriota,Coriobacteriia,Coriobacteriales,Coriobacteriales_Incertae_Sedis,Raoultibacter,None,Bacteria,Proteobacteria,Gammaproteobacteria,Burkholderiales,Sutterellaceae,Sutterella,Sutterella_sp._252,0.010710808179162609
Bacteria,Actinobacteriota,Coriobacteriia,Coriobacteriales,Coriobacteriales_Incertae_Sedis,Raoultibacter,None,Bacteria,Proteobacteria,Gammaproteobacteria,Enterobacterales,Enterobacteriaceae,Escherichia-Shigella,None,0.009737098344693282
Bacteria,Actinobacteriota,Coriobacteriia,Coriobacteriales,Coriobacteriales_Incertae_Sedis,Raoultibacter,None,Bacteria,Proteobacteria,Gammaproteobacteria,Enterobacterales,Enterobacteriaceae,Klebsiella,None,0.009737098344693282
Bacteria,Actinobacteriota,Coriobacteriia,Coriobacteriales,Coriobacteriales_Incertae_Sedis,Raoultibacter,None,Bacteria,Proteobacteria,Gammaproteobacteria,Enterobacterales,Enterobacteriaceae,None,None,0.008763388510223954
Bacteria,Actinobacteriota,Coriobacteriia,Coriobacteriales,Coriobacteriales_Incertae_Sedis,Raoultibacter,None,Bacteria,Proteobacteria,Gammaproteobacteria,Pseudomonadales,Pseudomonadaceae,Pseudomonas,None,0.009737098344693282
Bacteria,Actinobacteriota,Coriobacteriia,Coriobacteriales,Coriobacteriales_Incertae_Sedis,Raoultibacter,None,Bacteria,Synergistota,Synergistia,Synergistales,Synergistaceae,Cloacibacillus,None,0.009737098344693282
Bacteria,Actinobacteriota,Coriobacteriia,Coriobacteriales,Coriobacteriales_Incertae_Sedis,Raoultibacter,None,Bacteria,Verrucomicrobiota,Verrucomicrobiae,Verrucomicrobiales,Akkermansiaceae,Akkermansia,None,0.009737098344693282
Bacteria,Actinobacteriota,Coriobacteriia,Coriobacteriales,Coriobacteriales_Incertae_Sedis,uncultured,None,Bacteria,Actinobacteriota,Coriobacteriia,Coriobacteriales,Eggerthellaceae,Eggerthella,None,0.0038948393378773127
Bacteria,Actinobacteriota,Coriobacteriia,Coriobacteriales,Coriobacteriales_Incertae_Sedis,uncultured,None,Bacteria,Actinobacteriota,Coriobacteriia,Coriobacteriales,Eggerthellaceae,Enterorhabdus,metagenome,0.004868549172346641
Bacteria,Actinobacteriota,Coriobacteriia,Coriobacteriales,Coriobacteriales_Incertae_Sedis,uncultured,None,Bacteria,Bacteroidetes,Bacteroidia,Bacteroidales,Bacteroidaceae,Bacteroides,Bacteroides_ovatus,0.010710808179162609
Bacteria,Actinobacteriota,Coriobacteriia,Coriobacteriales,Coriobacteriales_Incertae_Sedis,uncultured,None,Bacteria,Bacteroidetes,Bacteroidia,Bacteroidales,Bacteroidaceae,Bacteroides,Bacteroides_stercorirosoris,0.010710808179162609
Bacteria,Actinobacteriota,Coriobacteriia,Coriobacteriales,Coriobacteriales_Incertae_Sedis,uncultured,None,Bacteria,Bacteroidetes,Bacteroidia,Bacteroidales,Bacteroidaceae,Bacteroides,Bacteroides_uniformis,0.010710808179162609
Bacteria,Actinobacteriota,Coriobacteriia,Coriobacteriales,Coriobacteriales_Incertae_Sedis,uncultured,None,Bacteria,Bacteroidetes,Bacteroidia,Bacteroidales,Bacteroidaceae,Bacteroides,None,0.009737098344693282
Bacteria,Actinobacteriota,Coriobacteriia,Coriobacteriales,Coriobacteriales_Incertae_Sedis,uncultured,None,Bacteria,Bacteroidetes,Bacteroidia,Bacteroidales,Barnesiellaceae,Barnesiella,None,0.009737098344693282
Bacteria,Actinobacteriota,Coriobacteriia,Coriobacteriales,Coriobacteriales_Incertae_Sedis,uncultured,None,Bacteria,Bacteroidetes,Bacteroidia,Bacteroidales,Marinifilaceae,Butyricimonas,None,0.009737098344693282
Bacteria,Actinobacteriota,Coriobacteriia,Coriobacteriales,Coriobacteriales_Incertae_Sedis,uncultured,None,Bacteria,Bacteroidetes,Bacteroidia,Bacteroidales,Marinifilaceae,Odoribacter,None,0.009737098344693282
Bacteria,Actinobacteriota,Coriobacteriia,Coriobacteriales,Coriobacteriales_Incertae_Sedis,uncultured,None,Bacteria,Bacteroidetes,Bacteroidia,Bacteroidales,Marinifilaceae,Sanguibacteroides,None,0.009737098344693282
Bacteria,Actinobacteriota,Coriobacteriia,Coriobacteriales,Coriobacteriales_Incertae_Sedis,uncultured,None,Bacteria,Bacteroidetes,Bacteroidia,Bacteroidales,Rikenellaceae,Alistipes,Alistipes_ihumii_AP11,0.010710808179162609
Bacteria,Actinobacteriota,Coriobacteriia,Coriobacteriales,Coriobacteriales_Incertae_Sedis,uncultured,None,Bacteria,Bacteroidetes,Bacteroidia,Bacteroidales,Rikenellaceae,Alistipes,Alistipes_sp._cv1,0.010710808179162609
Bacteria,Actinobacteriota,Coriobacteriia,Coriobacteriales,Coriobacteriales_Incertae_Sedis,uncultured,None,Bacteria,Bacteroidetes,Bacteroidia,Bacteroidales,Rikenellaceae,Alistipes,Bacteroidetes_bacterium_Eg28,0.010710808179162609
Bacteria,Actinobacteriota,Coriobacteriia,Coriobacteriales,Coriobacteriales_Incertae_Sedis,uncultured,None,Bacteria,Bacteroidetes,Bacteroidia,Bacteroidales,Rikenellaceae,Alistipes,None,0.009737098344693282
Bacteria,Actinobacteriota,Coriobacteriia,Coriobacteriales,Coriobacteriales_Incertae_Sedis,uncultured,None,Bacteria,Bacteroidetes,Bacteroidia,Bacteroidales,Tannerellaceae,Parabacteroides,Parabacteroides_goldsteinii,0.010710808179162609
Bacteria,Actinobacteriota,Coriobacteriia,Coriobacteriales,Coriobacteriales_Incertae_Sedis,uncultured,None,Bacteria,Bacteroidetes,Bacteroidia,Bacteroidales,Tannerellaceae,Parabacteroides,None,0.009737098344693282
Bacteria,Actinobacteriota,Coriobacteriia,Coriobacteriales,Coriobacteriales_Incertae_Sedis,uncultured,None,Bacteria,Bacteroidetes,Bacteroidia,Flavobacteriales,Flavobacteriaceae,uncultured,metagenome,0.010710808179162609
Bacteria,Actinobacteriota,Coriobacteriia,Coriobacteriales,Coriobacteriales_Incertae_Sedis,uncultured,None,Bacteria,Cyanobacteria/Chloroplast,Cyanobacteria.XI,GpXI,None,None,None,0.007789678675754625
Bacteria,Actinobacteriota,Coriobacteriia,Coriobacteriales,Coriobacteriales_Incertae_Sedis,uncultured,None,Bacteria,Desulfobacterota,Desulfovibrionia,Desulfovibrionales,Desulfovibrionaceae,Desulfovibrio,None,0.009737098344693282
Bacteria,Actinobacteriota,Coriobacteriia,Coriobacteriales,Coriobacteriales_Incertae_Sedis,uncultured,None,Bacteria,Firmicutes,Bacilli,Erysipelotrichales,Erysipelatoclostridiaceae,Erysipelatoclostridium,Clostridium_spiroforme_DSM_1552,0.010710808179162609
Bacteria,Actinobacteriota,Coriobacteriia,Coriobacteriales,Coriobacteriales_Incertae_Sedis,uncultured,None,Bacteria,Firmicutes,Bacilli,Erysipelotrichales,Erysipelatoclostridiaceae,Erysipelatoclostridium,None,0.009737098344693282
Bacteria,Actinobacteriota,Coriobacteriia,Coriobacteriales,Coriobacteriales_Incertae_Sedis,uncultured,None,Bacteria,Firmicutes,Bacilli,Erysipelotrichales,Erysipelotrichaceae,Faecalitalea,None,0.009737098344693282
Bacteria,Actinobacteriota,Coriobacteriia,Coriobacteriales,Coriobacteriales_Incertae_Sedis,uncultured,None,Bacteria,Firmicutes,Bacilli,Erysipelotrichales,Erysipelotrichaceae,Holdemanella,None,0.009737098344693282
Bacteria,Actinobacteriota,Coriobacteriia,Coriobacteriales,Coriobacteriales_Incertae_Sedis,uncultured,None,Bacteria,Firmicutes,Bacilli,Erysipelotrichales,Erysipelotrichaceae,Holdemania,None,0.009737098344693282
Bacteria,Actinobacteriota,Coriobacteriia,Coriobacteriales,Coriobacteriales_Incertae_Sedis,uncultured,None,Bacteria,Firmicutes,Bacilli,Erysipelotrichales,Erysipelotrichaceae,Clostridium_innocuum_group,None,0.009737098344693282
Bacteria,Actinobacteriota,Coriobacteriia,Coriobacteriales,Coriobacteriales_Incertae_Sedis,uncultured,None,Bacteria,Firmicutes,Bacilli,Izemoplasmatales,human_gut_metagenome,None,None,0.008763388510223954
Bacteria,Actinobacteriota,Coriobacteriia,Coriobacteriales,Coriobacteriales_Incertae_Sedis,uncultured,None,Bacteria,Firmicutes,Bacilli,Lactobacillales,Lactobacillaceae,Lactobacillus,Lactobacillus_mucosae,0.010710808179162609
Bacteria,Actinobacteriota,Coriobacteriia,Coriobacteriales,Coriobacteriales_Incertae_Sedis,uncultured,None,Bacteria,Firmicutes,Bacilli,Lactobacillales,Streptococcaceae,Lactococcus,None,0.009737098344693282
Bacteria,Actinobacteriota,Coriobacteriia,Coriobacteriales,Coriobacteriales_Incertae_Sedis,uncultured,None,Bacteria,Firmicutes,Bacilli,Lactobacillales,Streptococcaceae,Streptococcus,Streptococcus_sp._oral_taxon_065,0.010710808179162609
Bacteria,Actinobacteriota,Coriobacteriia,Coriobacteriales,Coriobacteriales_Incertae_Sedis,uncultured,None,Bacteria,Firmicutes,Bacilli,Lactobacillales,Streptococcaceae,Streptococcus,None,0.009737098344693282
Bacteria,Actinobacteriota,Coriobacteriia,Coriobacteriales,Coriobacteriales_Incertae_Sedis,uncultured,None,Bacteria,Firmicutes,Clostridia,Christensenellales,Christensenellaceae,Christensenellaceae_R-7_group,Christensenella_sp._Marseille-P3954,0.010710808179162609
Bacteria,Actinobacteriota,Coriobacteriia,Coriobacteriales,Coriobacteriales_Incertae_Sedis,uncultured,None,Bacteria,Firmicutes,Clostridia,Christensenellales,Christensenellaceae,Christensenellaceae_R-7_group,Clostridiales_bacterium_Marseille-P2846,0.010710808179162609
Bacteria,Actinobacteriota,Coriobacteriia,Coriobacteriales,Coriobacteriales_Incertae_Sedis,uncultured,None,Bacteria,Firmicutes,Clostridia,Christensenellales,Christensenellaceae,Christensenellaceae_R-7_group,None,0.009737098344693282
Bacteria,Actinobacteriota,Coriobacteriia,Coriobacteriales,Coriobacteriales_Incertae_Sedis,uncultured,None,Bacteria,Firmicutes,Clostridia,Christensenellales,Christensenellaceae,Christensenellaceae_R-7_group,bacterium_YE57,0.010710808179162609
Bacteria,Actinobacteriota,Coriobacteriia,Coriobacteriales,Coriobacteriales_Incertae_Sedis,uncultured,None,Bacteria,Firmicutes,Clostridia,Christensenellales,Christensenellaceae,Christensenellaceae_R-7_group,metagenome,0.010710808179162609
Bacteria,Actinobacteriota,Coriobacteriia,Coriobacteriales,Coriobacteriales_Incertae_Sedis,uncultured,None,Bacteria,Firmicutes,Clostridia,Christensenellales,Christensenellaceae,Christensenellaceae_R-7_group,uncultured_Firmicutes_bacterium,0.010710808179162609
Bacteria,Actinobacteriota,Coriobacteriia,Coriobacteriales,Coriobacteriales_Incertae_Sedis,uncultured,None,Bacteria,Firmicutes,Clostridia,Christensenellales,Christensenellaceae,Christensenellaceae_R-7_group,uncultured_marine_bacterium,0.010710808179162609
Bacteria,Actinobacteriota,Coriobacteriia,Coriobacteriales,Coriobacteriales_Incertae_Sedis,uncultured,None,Bacteria,Firmicutes,Clostridia,Christensenellales,Christensenellaceae,Christensenellaceae_R-7_group,uncultured_organism,0.010710808179162609
Bacteria,Actinobacteriota,Coriobacteriia,Coriobacteriales,Coriobacteriales_Incertae_Sedis,uncultured,None,Bacteria,Firmicutes,Clostridia,Christensenellales,Christensenellaceae,None,None,0.008763388510223954
Bacteria,Actinobacteriota,Coriobacteriia,Coriobacteriales,Coriobacteriales_Incertae_Sedis,uncultured,None,Bacteria,Firmicutes,Clostridia,Clostridia_vadinBB60_group,metagenome,None,None,0.008763388510223954
Bacteria,Actinobacteriota,Coriobacteriia,Coriobacteriales,Coriobacteriales_Incertae_Sedis,uncultured,None,Bacteria,Firmicutes,Clostridia,Clostridia_vadinBB60_group,wastewater_metagenome,None,None,0.008763388510223954
Bacteria,Actinobacteriota,Coriobacteriia,Coriobacteriales,Coriobacteriales_Incertae_Sedis,uncultured,None,Bacteria,Firmicutes,Clostridia,Clostridiales,Christensenellaceae,Christensenella,PAC001427,0.010710808179162609
Bacteria,Actinobacteriota,Coriobacteriia,Coriobacteriales,Coriobacteriales_Incertae_Sedis,uncultured,None,Bacteria,Firmicutes,Clostridia,Clostridiales,Christensenellaceae,Christensenella,PAC002297,0.010710808179162609
Bacteria,Actinobacteriota,Coriobacteriia,Coriobacteriales,Coriobacteriales_Incertae_Sedis,uncultured,None,Bacteria,Firmicutes,Clostridia,Clostridiales,Christensenellaceae,PAC001115,PAC001444,0.010710808179162609
Bacteria,Actinobacteriota,Coriobacteriia,Coriobacteriales,Coriobacteriales_Incertae_Sedis,uncultured,None,Bacteria,Firmicutes,Clostridia,Clostridiales,Christensenellaceae,PAC001437,PAC001486,0.010710808179162609
Bacteria,Actinobacteriota,Coriobacteriia,Coriobacteriales,Coriobacteriales_Incertae_Sedis,uncultured,None,Bacteria,Firmicutes,Clostridia,Clostridiales,Christensenellaceae,PAC001437,PAC002305,0.010710808179162609
Bacteria,Actinobacteriota,Coriobacteriia,Coriobacteriales,Coriobacteriales_Incertae_Sedis,uncultured,None,Bacteria,Firmicutes,Clostridia,Clostridiales,Christensenellaceae,PAC002510,PAC002510,0.010710808179162609
Bacteria,Actinobacteriota,Coriobacteriia,Coriobacteriales,Coriobacteriales_Incertae_Sedis,uncultured,None,Bacteria,Firmicutes,Clostridia,Clostridiales,Dehalobacterium,PAC002141,PAC002141,0.010710808179162609
Bacteria,Actinobacteriota,Coriobacteriia,Coriobacteriales,Coriobacteriales_Incertae_Sedis,uncultured,None,Bacteria,Firmicutes,Clostridia,Clostridiales,Ruminococcaceae,PAC000742,PAC000742,0.010710808179162609
Bacteria,Actinobacteriota,Coriobacteriia,Coriobacteriales,Coriobacteriales_Incertae_Sedis,uncultured,None,Bacteria,Firmicutes,Clostridia,Clostridiales,Ruminococcaceae,PAC001144,PAC001620,0.010710808179162609
Bacteria,Actinobacteriota,Coriobacteriia,Coriobacteriales,Coriobacteriales_Incertae_Sedis,uncultured,None,Bacteria,Firmicutes,Clostridia,Clostridiales,Ruminococcaceae,PAC001313,PAC001649,0.010710808179162609
Bacteria,Actinobacteriota,Coriobacteriia,Coriobacteriales,Coriobacteriales_Incertae_Sedis,uncultured,None,Bacteria,Firmicutes,Clostridia,Clostridiales,Ruminococcaceae,PAC002201,PAC002201,0.010710808179162609
Bacteria,Actinobacteriota,Coriobacteriia,Coriobacteriales,Coriobacteriales_Incertae_Sedis,uncultured,None,Bacteria,Firmicutes,Clostridia,Eubacteriales,Eubacteriaceae,Eubacterium,None,0.009737098344693282
Bacteria,Actinobacteriota,Coriobacteriia,Coriobacteriales,Coriobacteriales_Incertae_Sedis,uncultured,None,Bacteria,Firmicutes,Clostridia,Lachnospirales,Lachnospiraceae,Agathobacter,None,0.009737098344693282
Bacteria,Actinobacteriota,Coriobacteriia,Coriobacteriales,Coriobacteriales_Incertae_Sedis,uncultured,None,Bacteria,Firmicutes,Clostridia,Lachnospirales,Lachnospiraceae,Anaerostipes,None,0.009737098344693282
Bacteria,Actinobacteriota,Coriobacteriia,Coriobacteriales,Coriobacteriales_Incertae_Sedis,uncultured,None,Bacteria,Firmicutes,Clostridia,Lachnospirales,Lachnospiraceae,Blautia,None,0.009737098344693282
Bacteria,Actinobacteriota,Coriobacteriia,Coriobacteriales,Coriobacteriales_Incertae_Sedis,uncultured,None,Bacteria,Firmicutes,Clostridia,Lachnospirales,Lachnospiraceae,Blautia,bacterium_mpn-isolate_group_20,0.010710808179162609
Bacteria,Actinobacteriota,Coriobacteriia,Coriobacteriales,Coriobacteriales_Incertae_Sedis,uncultured,None,Bacteria,Firmicutes,Clostridia,Lachnospirales,Lachnospiraceae,Blautia,uncultured_Blautia_sp.,0.010710808179162609
Bacteria,Actinobacteriota,Coriobacteriia,Coriobacteriales,Coriobacteriales_Incertae_Sedis,uncultured,None,Bacteria,Firmicutes,Clostridia,Lachnospirales,Lachnospiraceae,Coprococcus,None,0.009737098344693282
Bacteria,Actinobacteriota,Coriobacteriia,Coriobacteriales,Coriobacteriales_Incertae_Sedis,uncultured,None,Bacteria,Firmicutes,Clostridia,Lachnospirales,Lachnospiraceae,Coprococcus,uncultured_Coprococcus_sp.,0.010710808179162609
Bacteria,Actinobacteriota,Coriobacteriia,Coriobacteriales,Coriobacteriales_Incertae_Sedis,uncultured,None,Bacteria,Firmicutes,Clostridia,Lachnospirales,Lachnospiraceae,Dorea,None,0.009737098344693282
Bacteria,Actinobacteriota,Coriobacteriia,Coriobacteriales,Coriobacteriales_Incertae_Sedis,uncultured,None,Bacteria,Firmicutes,Clostridia,Lachnospirales,Lachnospiraceae,Eisenbergiella,None,0.009737098344693282
Bacteria,Actinobacteriota,Coriobacteriia,Coriobacteriales,Coriobacteriales_Incertae_Sedis,uncultured,None,Bacteria,Firmicutes,Clostridia,Lachnospirales,Lachnospiraceae,Frisingicoccus,None,0.009737098344693282
Bacteria,Actinobacteriota,Coriobacteriia,Coriobacteriales,Coriobacteriales_Incertae_Sedis,uncultured,None,Bacteria,Firmicutes,Clostridia,Lachnospirales,Lachnospiraceae,Fusicatenibacter,uncultured_Lachnospiraceae_bacterium,0.010710808179162609
Bacteria,Actinobacteriota,Coriobacteriia,Coriobacteriales,Coriobacteriales_Incertae_Sedis,uncultured,None,Bacteria,Firmicutes,Clostridia,Lachnospirales,Lachnospiraceae,GCA-900066575,None,0.009737098344693282
Bacteria,Actinobacteriota,Coriobacteriia,Coriobacteriales,Coriobacteriales_Incertae_Sedis,uncultured,None,Bacteria,Firmicutes,Clostridia,Lachnospirales,Lachnospiraceae,GCA-900066575,metagenome,0.010710808179162609
Bacteria,Actinobacteriota,Coriobacteriia,Coriobacteriales,Coriobacteriales_Incertae_Sedis,uncultured,None,Bacteria,Firmicutes,Clostridia,Lachnospirales,Lachnospiraceae,GCA-900066755,None,0.009737098344693282
Bacteria,Actinobacteriota,Coriobacteriia,Coriobacteriales,Coriobacteriales_Incertae_Sedis,uncultured,None,Bacteria,Firmicutes,Clostridia,Lachnospirales,Lachnospiraceae,Hungatella,metagenome,0.010710808179162609
Bacteria,Actinobacteriota,Coriobacteriia,Coriobacteriales,Coriobacteriales_Incertae_Sedis,uncultured,None,Bacteria,Firmicutes,Clostridia,Lachnospirales,Lachnospiraceae,Lachnoclostridium,Clostridium_symbiosum,0.010710808179162609
Bacteria,Actinobacteriota,Coriobacteriia,Coriobacteriales,Coriobacteriales_Incertae_Sedis,uncultured,None,Bacteria,Firmicutes,Clostridia,Lachnospirales,Lachnospiraceae,Lachnoclostridium,None,0.009737098344693282
Bacteria,Actinobacteriota,Coriobacteriia,Coriobacteriales,Coriobacteriales_Incertae_Sedis,uncultured,None,Bacteria,Firmicutes,Clostridia,Lachnospirales,Lachnospiraceae,Lachnoclostridium,uncultured_Lachnospiraceae_bacterium,0.010710808179162609
Bacteria,Actinobacteriota,Coriobacteriia,Coriobacteriales,Coriobacteriales_Incertae_Sedis,uncultured,None,Bacteria,Firmicutes,Clostridia,Lachnospirales,Lachnospiraceae,Lachnospiraceae_ND3007_group,metagenome,0.010710808179162609
Bacteria,Actinobacteriota,Coriobacteriia,Coriobacteriales,Coriobacteriales_Incertae_Sedis,uncultured,None,Bacteria,Firmicutes,Clostridia,Lachnospirales,Lachnospiraceae,Lachnospiraceae_NK4A136_group,None,0.009737098344693282
Bacteria,Actinobacteriota,Coriobacteriia,Coriobacteriales,Coriobacteriales_Incertae_Sedis,uncultured,None,Bacteria,Firmicutes,Clostridia,Lachnospirales,Lachnospiraceae,Lachnospiraceae_NK4A136_group,uncultured_Lachnospiraceae_bacterium,0.010710808179162609
Bacteria,Actinobacteriota,Coriobacteriia,Coriobacteriales,Coriobacteriales_Incertae_Sedis,uncultured,None,Bacteria,Firmicutes,Clostridia,Lachnospirales,Lachnospiraceae,Lachnospiraceae_NK4A136_group,uncultured_bacterium_Adhufec49.25,0.010710808179162609
Bacteria,Actinobacteriota,Coriobacteriia,Coriobacteriales,Coriobacteriales_Incertae_Sedis,uncultured,None,Bacteria,Firmicutes,Clostridia,Lachnospirales,Lachnospiraceae,Lachnospiraceae_NK4B4_group,None,0.009737098344693282
Bacteria,Actinobacteriota,Coriobacteriia,Coriobacteriales,Coriobacteriales_Incertae_Sedis,uncultured,None,Bacteria,Firmicutes,Clostridia,Lachnospirales,Lachnospiraceae,Lachnospiraceae_UCG-001,metagenome,0.010710808179162609
Bacteria,Actinobacteriota,Coriobacteriia,Coriobacteriales,Coriobacteriales_Incertae_Sedis,uncultured,None,Bacteria,Firmicutes,Clostridia,Lachnospirales,Lachnospiraceae,Lachnospiraceae_UCG-004,None,0.009737098344693282
Bacteria,Actinobacteriota,Coriobacteriia,Coriobacteriales,Coriobacteriales_Incertae_Sedis,uncultured,None,Bacteria,Firmicutes,Clostridia,Lachnospirales,Lachnospiraceae,Lachnospiraceae_UCG-008,metagenome,0.010710808179162609
Bacteria,Actinobacteriota,Coriobacteriia,Coriobacteriales,Coriobacteriales_Incertae_Sedis,uncultured,None,Bacteria,Firmicutes,Clostridia,Lachnospirales,Lachnospiraceae,Lachnospiraceae_UCG-010,None,0.009737098344693282
Bacteria,Actinobacteriota,Coriobacteriia,Coriobacteriales,Coriobacteriales_Incertae_Sedis,uncultured,None,Bacteria,Firmicutes,Clostridia,Lachnospirales,Lachnospiraceae,Marvinbryantia,None,0.009737098344693282
Bacteria,Actinobacteriota,Coriobacteriia,Coriobacteriales,Coriobacteriales_Incertae_Sedis,uncultured,None,Bacteria,Firmicutes,Clostridia,Lachnospirales,Lachnospiraceae,Marvinbryantia,unidentified,0.010710808179162609
Bacteria,Actinobacteriota,Coriobacteriia,Coriobacteriales,Coriobacteriales_Incertae_Sedis,uncultured,None,Bacteria,Firmicutes,Clostridia,Lachnospirales,Lachnospiraceae,Roseburia,None,0.009737098344693282
Bacteria,Actinobacteriota,Coriobacteriia,Coriobacteriales,Coriobacteriales_Incertae_Sedis,uncultured,None,Bacteria,Firmicutes,Clostridia,Lachnospirales,Lachnospiraceae,Roseburia,gut_metagenome,0.010710808179162609
Bacteria,Actinobacteriota,Coriobacteriia,Coriobacteriales,Coriobacteriales_Incertae_Sedis,uncultured,None,Bacteria,Firmicutes,Clostridia,Lachnospirales,Lachnospiraceae,Tuzzerella,None,0.009737098344693282
Bacteria,Actinobacteriota,Coriobacteriia,Coriobacteriales,Coriobacteriales_Incertae_Sedis,uncultured,None,Bacteria,Firmicutes,Clostridia,Lachnospirales,Lachnospiraceae,Tyzzerella,None,0.009737098344693282
Bacteria,Actinobacteriota,Coriobacteriia,Coriobacteriales,Coriobacteriales_Incertae_Sedis,uncultured,None,Bacteria,Firmicutes,Clostridia,Lachnospirales,Lachnospiraceae,Eubacterium_hallii_group,None,0.009737098344693282
Bacteria,Actinobacteriota,Coriobacteriia,Coriobacteriales,Coriobacteriales_Incertae_Sedis,uncultured,None,Bacteria,Firmicutes,Clostridia,Lachnospirales,Lachnospiraceae,Eubacterium_ventriosum_group,metagenome,0.010710808179162609
Bacteria,Actinobacteriota,Coriobacteriia,Coriobacteriales,Coriobacteriales_Incertae_Sedis,uncultured,None,Bacteria,Firmicutes,Clostridia,Lachnospirales,Lachnospiraceae,Ruminococcus_gauvreauii_group,uncultured_Lachnospiraceae_bacterium,0.010710808179162609
Bacteria,Actinobacteriota,Coriobacteriia,Coriobacteriales,Coriobacteriales_Incertae_Sedis,uncultured,None,Bacteria,Firmicutes,Clostridia,Lachnospirales,Lachnospiraceae,Ruminococcus_gnavus_group,None,0.009737098344693282
Bacteria,Actinobacteriota,Coriobacteriia,Coriobacteriales,Coriobacteriales_Incertae_Sedis,uncultured,None,Bacteria,Firmicutes,Clostridia,Lachnospirales,Lachnospiraceae,Ruminococcus_torques_group,Clostridiaceae_bacterium_LEMV78,0.010710808179162609
Bacteria,Actinobacteriota,Coriobacteriia,Coriobacteriales,Coriobacteriales_Incertae_Sedis,uncultured,None,Bacteria,Firmicutes,Clostridia,Lachnospirales,Lachnospiraceae,Ruminococcus_torques_group,None,0.009737098344693282
Bacteria,Actinobacteriota,Coriobacteriia,Coriobacteriales,Coriobacteriales_Incertae_Sedis,uncultured,None,Bacteria,Firmicutes,Clostridia,Lachnospirales,Lachnospiraceae,None,None,0.008763388510223954
Bacteria,Actinobacteriota,Coriobacteriia,Coriobacteriales,Coriobacteriales_Incertae_Sedis,uncultured,None,Bacteria,Firmicutes,Clostridia,Lachnospirales,Lachnospiraceae,uncultured,None,0.009737098344693282
Bacteria,Actinobacteriota,Coriobacteriia,Coriobacteriales,Coriobacteriales_Incertae_Sedis,uncultured,None,Bacteria,Firmicutes,Clostridia,Monoglobales,Monoglobaceae,Monoglobus,None,0.009737098344693282
Bacteria,Actinobacteriota,Coriobacteriia,Coriobacteriales,Coriobacteriales_Incertae_Sedis,uncultured,None,Bacteria,Firmicutes,Clostridia,Oscillospirales,Butyricicoccaceae,Butyricicoccus,None,0.009737098344693282
Bacteria,Actinobacteriota,Coriobacteriia,Coriobacteriales,Coriobacteriales_Incertae_Sedis,uncultured,None,Bacteria,Firmicutes,Clostridia,Oscillospirales,Hydrogenoanaerobacterium,None,None,0.008763388510223954
Bacteria,Actinobacteriota,Coriobacteriia,Coriobacteriales,Coriobacteriales_Incertae_Sedis,uncultured,None,Bacteria,Firmicutes,Clostridia,Oscillospirales,Oscillospiraceae,Colidextribacter,None,0.009737098344693282
Bacteria,Actinobacteriota,Coriobacteriia,Coriobacteriales,Coriobacteriales_Incertae_Sedis,uncultured,None,Bacteria,Firmicutes,Clostridia,Oscillospirales,Oscillospiraceae,Colidextribacter,metagenome,0.010710808179162609
Bacteria,Actinobacteriota,Coriobacteriia,Coriobacteriales,Coriobacteriales_Incertae_Sedis,uncultured,None,Bacteria,Firmicutes,Clostridia,Oscillospirales,Oscillospiraceae,Flavonifractor,None,0.009737098344693282
Bacteria,Actinobacteriota,Coriobacteriia,Coriobacteriales,Coriobacteriales_Incertae_Sedis,uncultured,None,Bacteria,Firmicutes,Clostridia,Oscillospirales,Oscillospiraceae,Intestinimonas,None,0.009737098344693282
Bacteria,Actinobacteriota,Coriobacteriia,Coriobacteriales,Coriobacteriales_Incertae_Sedis,uncultured,None,Bacteria,Firmicutes,Clostridia,Oscillospirales,Oscillospiraceae,Intestinimonas,uncultured,0.010710808179162609
Bacteria,Actinobacteriota,Coriobacteriia,Coriobacteriales,Coriobacteriales_Incertae_Sedis,uncultured,None,Bacteria,Firmicutes,Clostridia,Oscillospirales,Oscillospiraceae,NK4A214_group,None,0.009737098344693282
Bacteria,Actinobacteriota,Coriobacteriia,Coriobacteriales,Coriobacteriales_Incertae_Sedis,uncultured,None,Bacteria,Firmicutes,Clostridia,Oscillospirales,Oscillospiraceae,Oscillibacter,None,0.009737098344693282
Bacteria,Actinobacteriota,Coriobacteriia,Coriobacteriales,Coriobacteriales_Incertae_Sedis,uncultured,None,Bacteria,Firmicutes,Clostridia,Oscillospirales,Oscillospiraceae,Oscillibacter,metagenome,0.010710808179162609
Bacteria,Actinobacteriota,Coriobacteriia,Coriobacteriales,Coriobacteriales_Incertae_Sedis,uncultured,None,Bacteria,Firmicutes,Clostridia,Oscillospirales,Oscillospiraceae,Oscillospira,None,0.009737098344693282
Bacteria,Actinobacteriota,Coriobacteriia,Coriobacteriales,Coriobacteriales_Incertae_Sedis,uncultured,None,Bacteria,Firmicutes,Clostridia,Oscillospirales,Oscillospiraceae,UCG-002,None,0.009737098344693282
Bacteria,Actinobacteriota,Coriobacteriia,Coriobacteriales,Coriobacteriales_Incertae_Sedis,uncultured,None,Bacteria,Firmicutes,Clostridia,Oscillospirales,Oscillospiraceae,UCG-003,None,0.009737098344693282
Bacteria,Actinobacteriota,Coriobacteriia,Coriobacteriales,Coriobacteriales_Incertae_Sedis,uncultured,None,Bacteria,Firmicutes,Clostridia,Oscillospirales,Oscillospiraceae,UCG-005,None,0.009737098344693282
Bacteria,Actinobacteriota,Coriobacteriia,Coriobacteriales,Coriobacteriales_Incertae_Sedis,uncultured,None,Bacteria,Firmicutes,Clostridia,Oscillospirales,Oscillospiraceae,UCG-005,metagenome,0.010710808179162609
Bacteria,Actinobacteriota,Coriobacteriia,Coriobacteriales,Coriobacteriales_Incertae_Sedis,uncultured,None,Bacteria,Firmicutes,Clostridia,Oscillospirales,Oscillospiraceae,UCG-005,uncultured_Clostridiales_bacterium,0.010710808179162609
Bacteria,Actinobacteriota,Coriobacteriia,Coriobacteriales,Coriobacteriales_Incertae_Sedis,uncultured,None,Bacteria,Firmicutes,Clostridia,Oscillospirales,Oscillospiraceae,UCG-005,uncultured_rumen_bacterium,0.010710808179162609
Bacteria,Actinobacteriota,Coriobacteriia,Coriobacteriales,Coriobacteriales_Incertae_Sedis,uncultured,None,Bacteria,Firmicutes,Clostridia,Oscillospirales,Oscillospiraceae,None,None,0.008763388510223954
Bacteria,Actinobacteriota,Coriobacteriia,Coriobacteriales,Coriobacteriales_Incertae_Sedis,uncultured,None,Bacteria,Firmicutes,Clostridia,Oscillospirales,Oscillospiraceae,uncultured,metagenome,0.010710808179162609
Bacteria,Actinobacteriota,Coriobacteriia,Coriobacteriales,Coriobacteriales_Incertae_Sedis,uncultured,None,Bacteria,Firmicutes,Clostridia,Oscillospirales,Oscillospiraceae,uncultured,unidentified,0.010710808179162609
Bacteria,Actinobacteriota,Coriobacteriia,Coriobacteriales,Coriobacteriales_Incertae_Sedis,uncultured,None,Bacteria,Firmicutes,Clostridia,Oscillospirales,Ruminococcaceae,Anaerofilum,uncultured_Firmicutes_bacterium,0.010710808179162609
Bacteria,Actinobacteriota,Coriobacteriia,Coriobacteriales,Coriobacteriales_Incertae_Sedis,uncultured,None,Bacteria,Firmicutes,Clostridia,Oscillospirales,Ruminococcaceae,Anaerotruncus,Anaerotruncus_rubiinfantis,0.010710808179162609
Bacteria,Actinobacteriota,Coriobacteriia,Coriobacteriales,Coriobacteriales_Incertae_Sedis,uncultured,None,Bacteria,Firmicutes,Clostridia,Oscillospirales,Ruminococcaceae,Anaerotruncus,Anaerotruncus_sp._NML_070203,0.010710808179162609
Bacteria,Actinobacteriota,Coriobacteriia,Coriobacteriales,Coriobacteriales_Incertae_Sedis,uncultured,None,Bacteria,Firmicutes,Clostridia,Oscillospirales,Ruminococcaceae,Candidatus_Soleaferrea,Neobitarella_massiliensis,0.010710808179162609
Bacteria,Actinobacteriota,Coriobacteriia,Coriobacteriales,Coriobacteriales_Incertae_Sedis,uncultured,None,Bacteria,Firmicutes,Clostridia,Oscillospirales,Ruminococcaceae,Candidatus_Soleaferrea,None,0.009737098344693282
Bacteria,Actinobacteriota,Coriobacteriia,Coriobacteriales,Coriobacteriales_Incertae_Sedis,uncultured,None,Bacteria,Firmicutes,Clostridia,Oscillospirales,Ruminococcaceae,DTU089,None,0.009737098344693282
Bacteria,Actinobacteriota,Coriobacteriia,Coriobacteriales,Coriobacteriales_Incertae_Sedis,uncultured,None,Bacteria,Firmicutes,Clostridia,Oscillospirales,Ruminococcaceae,Faecalibacterium,None,0.009737098344693282
Bacteria,Actinobacteriota,Coriobacteriia,Coriobacteriales,Coriobacteriales_Incertae_Sedis,uncultured,None,Bacteria,Firmicutes,Clostridia,Oscillospirales,Ruminococcaceae,Fournierella,uncultured_organism,0.010710808179162609
Bacteria,Actinobacteriota,Coriobacteriia,Coriobacteriales,Coriobacteriales_Incertae_Sedis,uncultured,None,Bacteria,Firmicutes,Clostridia,Oscillospirales,Ruminococcaceae,Incertae_Sedis,metagenome,0.010710808179162609
Bacteria,Actinobacteriota,Coriobacteriia,Coriobacteriales,Coriobacteriales_Incertae_Sedis,uncultured,None,Bacteria,Firmicutes,Clostridia,Oscillospirales,Ruminococcaceae,Incertae_Sedis,None,0.009737098344693282
Bacteria,Actinobacteriota,Coriobacteriia,Coriobacteriales,Coriobacteriales_Incertae_Sedis,uncultured,None,Bacteria,Firmicutes,Clostridia,Oscillospirales,Ruminococcaceae,Negativibacillus,None,0.009737098344693282
Bacteria,Actinobacteriota,Coriobacteriia,Coriobacteriales,Coriobacteriales_Incertae_Sedis,uncultured,None,Bacteria,Firmicutes,Clostridia,Oscillospirales,Ruminococcaceae,Ruminococcus,Ruminococcus_champanellensis,0.010710808179162609
Bacteria,Actinobacteriota,Coriobacteriia,Coriobacteriales,Coriobacteriales_Incertae_Sedis,uncultured,None,Bacteria,Firmicutes,Clostridia,Oscillospirales,Ruminococcaceae,Ruminococcus,None,0.009737098344693282
Bacteria,Actinobacteriota,Coriobacteriia,Coriobacteriales,Coriobacteriales_Incertae_Sedis,uncultured,None,Bacteria,Firmicutes,Clostridia,Oscillospirales,Ruminococcaceae,Subdoligranulum,None,0.009737098344693282
Bacteria,Actinobacteriota,Coriobacteriia,Coriobacteriales,Coriobacteriales_Incertae_Sedis,uncultured,None,Bacteria,Firmicutes,Clostridia,Oscillospirales,Ruminococcaceae,UBA1819,None,0.009737098344693282
Bacteria,Actinobacteriota,Coriobacteriia,Coriobacteriales,Coriobacteriales_Incertae_Sedis,uncultured,None,Bacteria,Firmicutes,Clostridia,Oscillospirales,Ruminococcaceae,Eubacterium_siraeum_group,None,0.009737098344693282
Bacteria,Actinobacteriota,Coriobacteriia,Coriobacteriales,Coriobacteriales_Incertae_Sedis,uncultured,None,Bacteria,Firmicutes,Clostridia,Oscillospirales,Ruminococcaceae,None,None,0.008763388510223954
Bacteria,Actinobacteriota,Coriobacteriia,Coriobacteriales,Coriobacteriales_Incertae_Sedis,uncultured,None,Bacteria,Firmicutes,Clostridia,Oscillospirales,UCG-010,None,None,0.008763388510223954
Bacteria,Actinobacteriota,Coriobacteriia,Coriobacteriales,Coriobacteriales_Incertae_Sedis,uncultured,None,Bacteria,Firmicutes,Clostridia,Oscillospirales,UCG-010,metagenome,None,0.009737098344693282
Bacteria,Actinobacteriota,Coriobacteriia,Coriobacteriales,Coriobacteriales_Incertae_Sedis,uncultured,None,Bacteria,Firmicutes,Clostridia,Oscillospirales,UCG-010,uncultured_bacterium,None,0.009737098344693282
Bacteria,Actinobacteriota,Coriobacteriia,Coriobacteriales,Coriobacteriales_Incertae_Sedis,uncultured,None,Bacteria,Firmicutes,Clostridia,Oscillospirales,UCG-010,uncultured_organism,None,0.009737098344693282
Bacteria,Actinobacteriota,Coriobacteriia,Coriobacteriales,Coriobacteriales_Incertae_Sedis,uncultured,None,Bacteria,Firmicutes,Clostridia,Oscillospirales,Clostridium_methylpentosum_group,None,None,0.008763388510223954
Bacteria,Actinobacteriota,Coriobacteriia,Coriobacteriales,Coriobacteriales_Incertae_Sedis,uncultured,None,Bacteria,Firmicutes,Clostridia,Oscillospirales,Eubacterium_coprostanoligenes_group,None,None,0.008763388510223954
Bacteria,Actinobacteriota,Coriobacteriia,Coriobacteriales,Coriobacteriales_Incertae_Sedis,uncultured,None,Bacteria,Firmicutes,Clostridia,Oscillospirales,None,None,None,0.007789678675754625
Bacteria,Actinobacteriota,Coriobacteriia,Coriobacteriales,Coriobacteriales_Incertae_Sedis,uncultured,None,Bacteria,Firmicutes,Clostridia,Peptococcales,Peptococcaceae,uncultured,None,0.009737098344693282
Bacteria,Actinobacteriota,Coriobacteriia,Coriobacteriales,Coriobacteriales_Incertae_Sedis,uncultured,None,Bacteria,Firmicutes,Clostridia,Peptostreptococcales-Tissierellales,Anaerovoracaceae,Family_XIII_AD3011_group,metagenome,0.010710808179162609
Bacteria,Actinobacteriota,Coriobacteriia,Coriobacteriales,Coriobacteriales_Incertae_Sedis,uncultured,None,Bacteria,Firmicutes,Clostridia,Peptostreptococcales-Tissierellales,Anaerovoracaceae,Family_XIII_AD3011_group,None,0.009737098344693282
Bacteria,Actinobacteriota,Coriobacteriia,Coriobacteriales,Coriobacteriales_Incertae_Sedis,uncultured,None,Bacteria,Firmicutes,Clostridia,Peptostreptococcales-Tissierellales,Anaerovoracaceae,Family_XIII_AD3011_group,uncultured,0.010710808179162609
Bacteria,Actinobacteriota,Coriobacteriia,Coriobacteriales,Coriobacteriales_Incertae_Sedis,uncultured,None,Bacteria,Firmicutes,Clostridia,Peptostreptococcales-Tissierellales,Anaerovoracaceae,Family_XIII_UCG-001,metagenome,0.010710808179162609
Bacteria,Actinobacteriota,Coriobacteriia,Coriobacteriales,Coriobacteriales_Incertae_Sedis,uncultured,None,Bacteria,Firmicutes,Clostridia,Peptostreptococcales-Tissierellales,Anaerovoracaceae,Eubacterium_nodatum_group,None,0.009737098344693282
Bacteria,Actinobacteriota,Coriobacteriia,Coriobacteriales,Coriobacteriales_Incertae_Sedis,uncultured,None,Bacteria,Firmicutes,Clostridia,Peptostreptococcales-Tissierellales,Anaerovoracaceae,None,None,0.008763388510223954
Bacteria,Actinobacteriota,Coriobacteriia,Coriobacteriales,Coriobacteriales_Incertae_Sedis,uncultured,None,Bacteria,Firmicutes,Clostridia,Peptostreptococcales-Tissierellales,Parvimonas,None,None,0.008763388510223954
Bacteria,Actinobacteriota,Coriobacteriia,Coriobacteriales,Coriobacteriales_Incertae_Sedis,uncultured,None,Bacteria,Firmicutes,Clostridia,None,None,None,None,0.006815968841285297
Bacteria,Actinobacteriota,Coriobacteriia,Coriobacteriales,Coriobacteriales_Incertae_Sedis,uncultured,None,Bacteria,Firmicutes,Incertae_Sedis,DTU014,unidentified,None,None,0.008763388510223954
Bacteria,Actinobacteriota,Coriobacteriia,Coriobacteriales,Coriobacteriales_Incertae_Sedis,uncultured,None,Bacteria,Firmicutes,Limnochordia,M55-D21,uncultured_compost_bacterium,None,None,0.008763388510223954
Bacteria,Actinobacteriota,Coriobacteriia,Coriobacteriales,Coriobacteriales_Incertae_Sedis,uncultured,None,Bacteria,Firmicutes,Negativicutes,Acidaminococcales,Acidaminococcaceae,Phascolarctobacterium,None,0.009737098344693282
Bacteria,Actinobacteriota,Coriobacteriia,Coriobacteriales,Coriobacteriales_Incertae_Sedis,uncultured,None,Bacteria,Firmicutes,None,None,None,None,None,0.005842259006815969
Bacteria,Actinobacteriota,Coriobacteriia,Coriobacteriales,Coriobacteriales_Incertae_Sedis,uncultured,None,Bacteria,Firmicutes,uncultured,uncultured_Peptococcaceae_bacterium,None,None,None,0.007789678675754625
Bacteria,Actinobacteriota,Coriobacteriia,Coriobacteriales,Coriobacteriales_Incertae_Sedis,uncultured,None,Bacteria,Proteobacteria,Alphaproteobacteria,Rhodospirillales,uncultured,None,None,0.008763388510223954
Bacteria,Actinobacteriota,Coriobacteriia,Coriobacteriales,Coriobacteriales_Incertae_Sedis,uncultured,None,Bacteria,Proteobacteria,Gammaproteobacteria,Burkholderiales,Sutterellaceae,Sutterella,Sutterella_sp._252,0.010710808179162609
Bacteria,Actinobacteriota,Coriobacteriia,Coriobacteriales,Coriobacteriales_Incertae_Sedis,uncultured,None,Bacteria,Proteobacteria,Gammaproteobacteria,Enterobacterales,Enterobacteriaceae,Escherichia-Shigella,None,0.009737098344693282
Bacteria,Actinobacteriota,Coriobacteriia,Coriobacteriales,Coriobacteriales_Incertae_Sedis,uncultured,None,Bacteria,Proteobacteria,Gammaproteobacteria,Enterobacterales,Enterobacteriaceae,Klebsiella,None,0.009737098344693282
Bacteria,Actinobacteriota,Coriobacteriia,Coriobacteriales,Coriobacteriales_Incertae_Sedis,uncultured,None,Bacteria,Proteobacteria,Gammaproteobacteria,Enterobacterales,Enterobacteriaceae,None,None,0.008763388510223954
Bacteria,Actinobacteriota,Coriobacteriia,Coriobacteriales,Coriobacteriales_Incertae_Sedis,uncultured,None,Bacteria,Proteobacteria,Gammaproteobacteria,Pseudomonadales,Pseudomonadaceae,Pseudomonas,None,0.009737098344693282
Bacteria,Actinobacteriota,Coriobacteriia,Coriobacteriales,Coriobacteriales_Incertae_Sedis,uncultured,None,Bacteria,Synergistota,Synergistia,Synergistales,Synergistaceae,Cloacibacillus,None,0.009737098344693282
Bacteria,Actinobacteriota,Coriobacteriia,Coriobacteriales,Coriobacteriales_Incertae_Sedis,uncultured,None,Bacteria,Verrucomicrobiota,Verrucomicrobiae,Verrucomicrobiales,Akkermansiaceae,Akkermansia,None,0.009737098344693282
Bacteria,Actinobacteriota,Coriobacteriia,Coriobacteriales,Eggerthellaceae,Eggerthella,None,Bacteria,Actinobacteriota,Coriobacteriia,Coriobacteriales,Eggerthellaceae,Enterorhabdus,metagenome,0.0029211295034079843
Bacteria,Actinobacteriota,Coriobacteriia,Coriobacteriales,Eggerthellaceae,Eggerthella,None,Bacteria,Bacteroidetes,Bacteroidia,Bacteroidales,Bacteroidaceae,Bacteroides,Bacteroides_ovatus,0.010710808179162609
Bacteria,Actinobacteriota,Coriobacteriia,Coriobacteriales,Eggerthellaceae,Eggerthella,None,Bacteria,Bacteroidetes,Bacteroidia,Bacteroidales,Bacteroidaceae,Bacteroides,Bacteroides_stercorirosoris,0.010710808179162609
Bacteria,Actinobacteriota,Coriobacteriia,Coriobacteriales,Eggerthellaceae,Eggerthella,None,Bacteria,Bacteroidetes,Bacteroidia,Bacteroidales,Bacteroidaceae,Bacteroides,Bacteroides_uniformis,0.010710808179162609
Bacteria,Actinobacteriota,Coriobacteriia,Coriobacteriales,Eggerthellaceae,Eggerthella,None,Bacteria,Bacteroidetes,Bacteroidia,Bacteroidales,Bacteroidaceae,Bacteroides,None,0.009737098344693282
Bacteria,Actinobacteriota,Coriobacteriia,Coriobacteriales,Eggerthellaceae,Eggerthella,None,Bacteria,Bacteroidetes,Bacteroidia,Bacteroidales,Barnesiellaceae,Barnesiella,None,0.009737098344693282
Bacteria,Actinobacteriota,Coriobacteriia,Coriobacteriales,Eggerthellaceae,Eggerthella,None,Bacteria,Bacteroidetes,Bacteroidia,Bacteroidales,Marinifilaceae,Butyricimonas,None,0.009737098344693282
Bacteria,Actinobacteriota,Coriobacteriia,Coriobacteriales,Eggerthellaceae,Eggerthella,None,Bacteria,Bacteroidetes,Bacteroidia,Bacteroidales,Marinifilaceae,Odoribacter,None,0.009737098344693282
Bacteria,Actinobacteriota,Coriobacteriia,Coriobacteriales,Eggerthellaceae,Eggerthella,None,Bacteria,Bacteroidetes,Bacteroidia,Bacteroidales,Marinifilaceae,Sanguibacteroides,None,0.009737098344693282
Bacteria,Actinobacteriota,Coriobacteriia,Coriobacteriales,Eggerthellaceae,Eggerthella,None,Bacteria,Bacteroidetes,Bacteroidia,Bacteroidales,Rikenellaceae,Alistipes,Alistipes_ihumii_AP11,0.010710808179162609
Bacteria,Actinobacteriota,Coriobacteriia,Coriobacteriales,Eggerthellaceae,Eggerthella,None,Bacteria,Bacteroidetes,Bacteroidia,Bacteroidales,Rikenellaceae,Alistipes,Alistipes_sp._cv1,0.010710808179162609
Bacteria,Actinobacteriota,Coriobacteriia,Coriobacteriales,Eggerthellaceae,Eggerthella,None,Bacteria,Bacteroidetes,Bacteroidia,Bacteroidales,Rikenellaceae,Alistipes,Bacteroidetes_bacterium_Eg28,0.010710808179162609
Bacteria,Actinobacteriota,Coriobacteriia,Coriobacteriales,Eggerthellaceae,Eggerthella,None,Bacteria,Bacteroidetes,Bacteroidia,Bacteroidales,Rikenellaceae,Alistipes,None,0.009737098344693282
Bacteria,Actinobacteriota,Coriobacteriia,Coriobacteriales,Eggerthellaceae,Eggerthella,None,Bacteria,Bacteroidetes,Bacteroidia,Bacteroidales,Tannerellaceae,Parabacteroides,Parabacteroides_goldsteinii,0.010710808179162609
Bacteria,Actinobacteriota,Coriobacteriia,Coriobacteriales,Eggerthellaceae,Eggerthella,None,Bacteria,Bacteroidetes,Bacteroidia,Bacteroidales,Tannerellaceae,Parabacteroides,None,0.009737098344693282
Bacteria,Actinobacteriota,Coriobacteriia,Coriobacteriales,Eggerthellaceae,Eggerthella,None,Bacteria,Bacteroidetes,Bacteroidia,Flavobacteriales,Flavobacteriaceae,uncultured,metagenome,0.010710808179162609
Bacteria,Actinobacteriota,Coriobacteriia,Coriobacteriales,Eggerthellaceae,Eggerthella,None,Bacteria,Cyanobacteria/Chloroplast,Cyanobacteria.XI,GpXI,None,None,None,0.007789678675754625
Bacteria,Actinobacteriota,Coriobacteriia,Coriobacteriales,Eggerthellaceae,Eggerthella,None,Bacteria,Desulfobacterota,Desulfovibrionia,Desulfovibrionales,Desulfovibrionaceae,Desulfovibrio,None,0.009737098344693282
Bacteria,Actinobacteriota,Coriobacteriia,Coriobacteriales,Eggerthellaceae,Eggerthella,None,Bacteria,Firmicutes,Bacilli,Erysipelotrichales,Erysipelatoclostridiaceae,Erysipelatoclostridium,Clostridium_spiroforme_DSM_1552,0.010710808179162609
Bacteria,Actinobacteriota,Coriobacteriia,Coriobacteriales,Eggerthellaceae,Eggerthella,None,Bacteria,Firmicutes,Bacilli,Erysipelotrichales,Erysipelatoclostridiaceae,Erysipelatoclostridium,None,0.009737098344693282
Bacteria,Actinobacteriota,Coriobacteriia,Coriobacteriales,Eggerthellaceae,Eggerthella,None,Bacteria,Firmicutes,Bacilli,Erysipelotrichales,Erysipelotrichaceae,Faecalitalea,None,0.009737098344693282
Bacteria,Actinobacteriota,Coriobacteriia,Coriobacteriales,Eggerthellaceae,Eggerthella,None,Bacteria,Firmicutes,Bacilli,Erysipelotrichales,Erysipelotrichaceae,Holdemanella,None,0.009737098344693282
Bacteria,Actinobacteriota,Coriobacteriia,Coriobacteriales,Eggerthellaceae,Eggerthella,None,Bacteria,Firmicutes,Bacilli,Erysipelotrichales,Erysipelotrichaceae,Holdemania,None,0.009737098344693282
Bacteria,Actinobacteriota,Coriobacteriia,Coriobacteriales,Eggerthellaceae,Eggerthella,None,Bacteria,Firmicutes,Bacilli,Erysipelotrichales,Erysipelotrichaceae,Clostridium_innocuum_group,None,0.009737098344693282
Bacteria,Actinobacteriota,Coriobacteriia,Coriobacteriales,Eggerthellaceae,Eggerthella,None,Bacteria,Firmicutes,Bacilli,Izemoplasmatales,human_gut_metagenome,None,None,0.008763388510223954
Bacteria,Actinobacteriota,Coriobacteriia,Coriobacteriales,Eggerthellaceae,Eggerthella,None,Bacteria,Firmicutes,Bacilli,Lactobacillales,Lactobacillaceae,Lactobacillus,Lactobacillus_mucosae,0.010710808179162609
Bacteria,Actinobacteriota,Coriobacteriia,Coriobacteriales,Eggerthellaceae,Eggerthella,None,Bacteria,Firmicutes,Bacilli,Lactobacillales,Streptococcaceae,Lactococcus,None,0.009737098344693282
Bacteria,Actinobacteriota,Coriobacteriia,Coriobacteriales,Eggerthellaceae,Eggerthella,None,Bacteria,Firmicutes,Bacilli,Lactobacillales,Streptococcaceae,Streptococcus,Streptococcus_sp._oral_taxon_065,0.010710808179162609
Bacteria,Actinobacteriota,Coriobacteriia,Coriobacteriales,Eggerthellaceae,Eggerthella,None,Bacteria,Firmicutes,Bacilli,Lactobacillales,Streptococcaceae,Streptococcus,None,0.009737098344693282
Bacteria,Actinobacteriota,Coriobacteriia,Coriobacteriales,Eggerthellaceae,Eggerthella,None,Bacteria,Firmicutes,Clostridia,Christensenellales,Christensenellaceae,Christensenellaceae_R-7_group,Christensenella_sp._Marseille-P3954,0.010710808179162609
Bacteria,Actinobacteriota,Coriobacteriia,Coriobacteriales,Eggerthellaceae,Eggerthella,None,Bacteria,Firmicutes,Clostridia,Christensenellales,Christensenellaceae,Christensenellaceae_R-7_group,Clostridiales_bacterium_Marseille-P2846,0.010710808179162609
Bacteria,Actinobacteriota,Coriobacteriia,Coriobacteriales,Eggerthellaceae,Eggerthella,None,Bacteria,Firmicutes,Clostridia,Christensenellales,Christensenellaceae,Christensenellaceae_R-7_group,None,0.009737098344693282
Bacteria,Actinobacteriota,Coriobacteriia,Coriobacteriales,Eggerthellaceae,Eggerthella,None,Bacteria,Firmicutes,Clostridia,Christensenellales,Christensenellaceae,Christensenellaceae_R-7_group,bacterium_YE57,0.010710808179162609
Bacteria,Actinobacteriota,Coriobacteriia,Coriobacteriales,Eggerthellaceae,Eggerthella,None,Bacteria,Firmicutes,Clostridia,Christensenellales,Christensenellaceae,Christensenellaceae_R-7_group,metagenome,0.010710808179162609
Bacteria,Actinobacteriota,Coriobacteriia,Coriobacteriales,Eggerthellaceae,Eggerthella,None,Bacteria,Firmicutes,Clostridia,Christensenellales,Christensenellaceae,Christensenellaceae_R-7_group,uncultured_Firmicutes_bacterium,0.010710808179162609
Bacteria,Actinobacteriota,Coriobacteriia,Coriobacteriales,Eggerthellaceae,Eggerthella,None,Bacteria,Firmicutes,Clostridia,Christensenellales,Christensenellaceae,Christensenellaceae_R-7_group,uncultured_marine_bacterium,0.010710808179162609
Bacteria,Actinobacteriota,Coriobacteriia,Coriobacteriales,Eggerthellaceae,Eggerthella,None,Bacteria,Firmicutes,Clostridia,Christensenellales,Christensenellaceae,Christensenellaceae_R-7_group,uncultured_organism,0.010710808179162609
Bacteria,Actinobacteriota,Coriobacteriia,Coriobacteriales,Eggerthellaceae,Eggerthella,None,Bacteria,Firmicutes,Clostridia,Christensenellales,Christensenellaceae,None,None,0.008763388510223954
Bacteria,Actinobacteriota,Coriobacteriia,Coriobacteriales,Eggerthellaceae,Eggerthella,None,Bacteria,Firmicutes,Clostridia,Clostridia_vadinBB60_group,metagenome,None,None,0.008763388510223954
Bacteria,Actinobacteriota,Coriobacteriia,Coriobacteriales,Eggerthellaceae,Eggerthella,None,Bacteria,Firmicutes,Clostridia,Clostridia_vadinBB60_group,wastewater_metagenome,None,None,0.008763388510223954
Bacteria,Actinobacteriota,Coriobacteriia,Coriobacteriales,Eggerthellaceae,Eggerthella,None,Bacteria,Firmicutes,Clostridia,Clostridiales,Christensenellaceae,Christensenella,PAC001427,0.010710808179162609
Bacteria,Actinobacteriota,Coriobacteriia,Coriobacteriales,Eggerthellaceae,Eggerthella,None,Bacteria,Firmicutes,Clostridia,Clostridiales,Christensenellaceae,Christensenella,PAC002297,0.010710808179162609
Bacteria,Actinobacteriota,Coriobacteriia,Coriobacteriales,Eggerthellaceae,Eggerthella,None,Bacteria,Firmicutes,Clostridia,Clostridiales,Christensenellaceae,PAC001115,PAC001444,0.010710808179162609
Bacteria,Actinobacteriota,Coriobacteriia,Coriobacteriales,Eggerthellaceae,Eggerthella,None,Bacteria,Firmicutes,Clostridia,Clostridiales,Christensenellaceae,PAC001437,PAC001486,0.010710808179162609
Bacteria,Actinobacteriota,Coriobacteriia,Coriobacteriales,Eggerthellaceae,Eggerthella,None,Bacteria,Firmicutes,Clostridia,Clostridiales,Christensenellaceae,PAC001437,PAC002305,0.010710808179162609
Bacteria,Actinobacteriota,Coriobacteriia,Coriobacteriales,Eggerthellaceae,Eggerthella,None,Bacteria,Firmicutes,Clostridia,Clostridiales,Christensenellaceae,PAC002510,PAC002510,0.010710808179162609
Bacteria,Actinobacteriota,Coriobacteriia,Coriobacteriales,Eggerthellaceae,Eggerthella,None,Bacteria,Firmicutes,Clostridia,Clostridiales,Dehalobacterium,PAC002141,PAC002141,0.010710808179162609
Bacteria,Actinobacteriota,Coriobacteriia,Coriobacteriales,Eggerthellaceae,Eggerthella,None,Bacteria,Firmicutes,Clostridia,Clostridiales,Ruminococcaceae,PAC000742,PAC000742,0.010710808179162609
Bacteria,Actinobacteriota,Coriobacteriia,Coriobacteriales,Eggerthellaceae,Eggerthella,None,Bacteria,Firmicutes,Clostridia,Clostridiales,Ruminococcaceae,PAC001144,PAC001620,0.010710808179162609
Bacteria,Actinobacteriota,Coriobacteriia,Coriobacteriales,Eggerthellaceae,Eggerthella,None,Bacteria,Firmicutes,Clostridia,Clostridiales,Ruminococcaceae,PAC001313,PAC001649,0.010710808179162609
Bacteria,Actinobacteriota,Coriobacteriia,Coriobacteriales,Eggerthellaceae,Eggerthella,None,Bacteria,Firmicutes,Clostridia,Clostridiales,Ruminococcaceae,PAC002201,PAC002201,0.010710808179162609
Bacteria,Actinobacteriota,Coriobacteriia,Coriobacteriales,Eggerthellaceae,Eggerthella,None,Bacteria,Firmicutes,Clostridia,Eubacteriales,Eubacteriaceae,Eubacterium,None,0.009737098344693282
Bacteria,Actinobacteriota,Coriobacteriia,Coriobacteriales,Eggerthellaceae,Eggerthella,None,Bacteria,Firmicutes,Clostridia,Lachnospirales,Lachnospiraceae,Agathobacter,None,0.009737098344693282
Bacteria,Actinobacteriota,Coriobacteriia,Coriobacteriales,Eggerthellaceae,Eggerthella,None,Bacteria,Firmicutes,Clostridia,Lachnospirales,Lachnospiraceae,Anaerostipes,None,0.009737098344693282
Bacteria,Actinobacteriota,Coriobacteriia,Coriobacteriales,Eggerthellaceae,Eggerthella,None,Bacteria,Firmicutes,Clostridia,Lachnospirales,Lachnospiraceae,Blautia,None,0.009737098344693282
Bacteria,Actinobacteriota,Coriobacteriia,Coriobacteriales,Eggerthellaceae,Eggerthella,None,Bacteria,Firmicutes,Clostridia,Lachnospirales,Lachnospiraceae,Blautia,bacterium_mpn-isolate_group_20,0.010710808179162609
Bacteria,Actinobacteriota,Coriobacteriia,Coriobacteriales,Eggerthellaceae,Eggerthella,None,Bacteria,Firmicutes,Clostridia,Lachnospirales,Lachnospiraceae,Blautia,uncultured_Blautia_sp.,0.010710808179162609
Bacteria,Actinobacteriota,Coriobacteriia,Coriobacteriales,Eggerthellaceae,Eggerthella,None,Bacteria,Firmicutes,Clostridia,Lachnospirales,Lachnospiraceae,Coprococcus,None,0.009737098344693282
Bacteria,Actinobacteriota,Coriobacteriia,Coriobacteriales,Eggerthellaceae,Eggerthella,None,Bacteria,Firmicutes,Clostridia,Lachnospirales,Lachnospiraceae,Coprococcus,uncultured_Coprococcus_sp.,0.010710808179162609
Bacteria,Actinobacteriota,Coriobacteriia,Coriobacteriales,Eggerthellaceae,Eggerthella,None,Bacteria,Firmicutes,Clostridia,Lachnospirales,Lachnospiraceae,Dorea,None,0.009737098344693282
Bacteria,Actinobacteriota,Coriobacteriia,Coriobacteriales,Eggerthellaceae,Eggerthella,None,Bacteria,Firmicutes,Clostridia,Lachnospirales,Lachnospiraceae,Eisenbergiella,None,0.009737098344693282
Bacteria,Actinobacteriota,Coriobacteriia,Coriobacteriales,Eggerthellaceae,Eggerthella,None,Bacteria,Firmicutes,Clostridia,Lachnospirales,Lachnospiraceae,Frisingicoccus,None,0.009737098344693282
Bacteria,Actinobacteriota,Coriobacteriia,Coriobacteriales,Eggerthellaceae,Eggerthella,None,Bacteria,Firmicutes,Clostridia,Lachnospirales,Lachnospiraceae,Fusicatenibacter,uncultured_Lachnospiraceae_bacterium,0.010710808179162609
Bacteria,Actinobacteriota,Coriobacteriia,Coriobacteriales,Eggerthellaceae,Eggerthella,None,Bacteria,Firmicutes,Clostridia,Lachnospirales,Lachnospiraceae,GCA-900066575,None,0.009737098344693282
Bacteria,Actinobacteriota,Coriobacteriia,Coriobacteriales,Eggerthellaceae,Eggerthella,None,Bacteria,Firmicutes,Clostridia,Lachnospirales,Lachnospiraceae,GCA-900066575,metagenome,0.010710808179162609
Bacteria,Actinobacteriota,Coriobacteriia,Coriobacteriales,Eggerthellaceae,Eggerthella,None,Bacteria,Firmicutes,Clostridia,Lachnospirales,Lachnospiraceae,GCA-900066755,None,0.009737098344693282
Bacteria,Actinobacteriota,Coriobacteriia,Coriobacteriales,Eggerthellaceae,Eggerthella,None,Bacteria,Firmicutes,Clostridia,Lachnospirales,Lachnospiraceae,Hungatella,metagenome,0.010710808179162609
Bacteria,Actinobacteriota,Coriobacteriia,Coriobacteriales,Eggerthellaceae,Eggerthella,None,Bacteria,Firmicutes,Clostridia,Lachnospirales,Lachnospiraceae,Lachnoclostridium,Clostridium_symbiosum,0.010710808179162609
Bacteria,Actinobacteriota,Coriobacteriia,Coriobacteriales,Eggerthellaceae,Eggerthella,None,Bacteria,Firmicutes,Clostridia,Lachnospirales,Lachnospiraceae,Lachnoclostridium,None,0.009737098344693282
Bacteria,Actinobacteriota,Coriobacteriia,Coriobacteriales,Eggerthellaceae,Eggerthella,None,Bacteria,Firmicutes,Clostridia,Lachnospirales,Lachnospiraceae,Lachnoclostridium,uncultured_Lachnospiraceae_bacterium,0.010710808179162609
Bacteria,Actinobacteriota,Coriobacteriia,Coriobacteriales,Eggerthellaceae,Eggerthella,None,Bacteria,Firmicutes,Clostridia,Lachnospirales,Lachnospiraceae,Lachnospiraceae_ND3007_group,metagenome,0.010710808179162609
Bacteria,Actinobacteriota,Coriobacteriia,Coriobacteriales,Eggerthellaceae,Eggerthella,None,Bacteria,Firmicutes,Clostridia,Lachnospirales,Lachnospiraceae,Lachnospiraceae_NK4A136_group,None,0.009737098344693282
Bacteria,Actinobacteriota,Coriobacteriia,Coriobacteriales,Eggerthellaceae,Eggerthella,None,Bacteria,Firmicutes,Clostridia,Lachnospirales,Lachnospiraceae,Lachnospiraceae_NK4A136_group,uncultured_Lachnospiraceae_bacterium,0.010710808179162609
Bacteria,Actinobacteriota,Coriobacteriia,Coriobacteriales,Eggerthellaceae,Eggerthella,None,Bacteria,Firmicutes,Clostridia,Lachnospirales,Lachnospiraceae,Lachnospiraceae_NK4A136_group,uncultured_bacterium_Adhufec49.25,0.010710808179162609
Bacteria,Actinobacteriota,Coriobacteriia,Coriobacteriales,Eggerthellaceae,Eggerthella,None,Bacteria,Firmicutes,Clostridia,Lachnospirales,Lachnospiraceae,Lachnospiraceae_NK4B4_group,None,0.009737098344693282
Bacteria,Actinobacteriota,Coriobacteriia,Coriobacteriales,Eggerthellaceae,Eggerthella,None,Bacteria,Firmicutes,Clostridia,Lachnospirales,Lachnospiraceae,Lachnospiraceae_UCG-001,metagenome,0.010710808179162609
Bacteria,Actinobacteriota,Coriobacteriia,Coriobacteriales,Eggerthellaceae,Eggerthella,None,Bacteria,Firmicutes,Clostridia,Lachnospirales,Lachnospiraceae,Lachnospiraceae_UCG-004,None,0.009737098344693282
Bacteria,Actinobacteriota,Coriobacteriia,Coriobacteriales,Eggerthellaceae,Eggerthella,None,Bacteria,Firmicutes,Clostridia,Lachnospirales,Lachnospiraceae,Lachnospiraceae_UCG-008,metagenome,0.010710808179162609
Bacteria,Actinobacteriota,Coriobacteriia,Coriobacteriales,Eggerthellaceae,Eggerthella,None,Bacteria,Firmicutes,Clostridia,Lachnospirales,Lachnospiraceae,Lachnospiraceae_UCG-010,None,0.009737098344693282
Bacteria,Actinobacteriota,Coriobacteriia,Coriobacteriales,Eggerthellaceae,Eggerthella,None,Bacteria,Firmicutes,Clostridia,Lachnospirales,Lachnospiraceae,Marvinbryantia,None,0.009737098344693282
Bacteria,Actinobacteriota,Coriobacteriia,Coriobacteriales,Eggerthellaceae,Eggerthella,None,Bacteria,Firmicutes,Clostridia,Lachnospirales,Lachnospiraceae,Marvinbryantia,unidentified,0.010710808179162609
Bacteria,Actinobacteriota,Coriobacteriia,Coriobacteriales,Eggerthellaceae,Eggerthella,None,Bacteria,Firmicutes,Clostridia,Lachnospirales,Lachnospiraceae,Roseburia,None,0.009737098344693282
Bacteria,Actinobacteriota,Coriobacteriia,Coriobacteriales,Eggerthellaceae,Eggerthella,None,Bacteria,Firmicutes,Clostridia,Lachnospirales,Lachnospiraceae,Roseburia,gut_metagenome,0.010710808179162609
Bacteria,Actinobacteriota,Coriobacteriia,Coriobacteriales,Eggerthellaceae,Eggerthella,None,Bacteria,Firmicutes,Clostridia,Lachnospirales,Lachnospiraceae,Tuzzerella,None,0.009737098344693282
Bacteria,Actinobacteriota,Coriobacteriia,Coriobacteriales,Eggerthellaceae,Eggerthella,None,Bacteria,Firmicutes,Clostridia,Lachnospirales,Lachnospiraceae,Tyzzerella,None,0.009737098344693282
Bacteria,Actinobacteriota,Coriobacteriia,Coriobacteriales,Eggerthellaceae,Eggerthella,None,Bacteria,Firmicutes,Clostridia,Lachnospirales,Lachnospiraceae,Eubacterium_hallii_group,None,0.009737098344693282
Bacteria,Actinobacteriota,Coriobacteriia,Coriobacteriales,Eggerthellaceae,Eggerthella,None,Bacteria,Firmicutes,Clostridia,Lachnospirales,Lachnospiraceae,Eubacterium_ventriosum_group,metagenome,0.010710808179162609
Bacteria,Actinobacteriota,Coriobacteriia,Coriobacteriales,Eggerthellaceae,Eggerthella,None,Bacteria,Firmicutes,Clostridia,Lachnospirales,Lachnospiraceae,Ruminococcus_gauvreauii_group,uncultured_Lachnospiraceae_bacterium,0.010710808179162609
Bacteria,Actinobacteriota,Coriobacteriia,Coriobacteriales,Eggerthellaceae,Eggerthella,None,Bacteria,Firmicutes,Clostridia,Lachnospirales,Lachnospiraceae,Ruminococcus_gnavus_group,None,0.009737098344693282
Bacteria,Actinobacteriota,Coriobacteriia,Coriobacteriales,Eggerthellaceae,Eggerthella,None,Bacteria,Firmicutes,Clostridia,Lachnospirales,Lachnospiraceae,Ruminococcus_torques_group,Clostridiaceae_bacterium_LEMV78,0.010710808179162609
Bacteria,Actinobacteriota,Coriobacteriia,Coriobacteriales,Eggerthellaceae,Eggerthella,None,Bacteria,Firmicutes,Clostridia,Lachnospirales,Lachnospiraceae,Ruminococcus_torques_group,None,0.009737098344693282
Bacteria,Actinobacteriota,Coriobacteriia,Coriobacteriales,Eggerthellaceae,Eggerthella,None,Bacteria,Firmicutes,Clostridia,Lachnospirales,Lachnospiraceae,None,None,0.008763388510223954
Bacteria,Actinobacteriota,Coriobacteriia,Coriobacteriales,Eggerthellaceae,Eggerthella,None,Bacteria,Firmicutes,Clostridia,Lachnospirales,Lachnospiraceae,uncultured,None,0.009737098344693282
Bacteria,Actinobacteriota,Coriobacteriia,Coriobacteriales,Eggerthellaceae,Eggerthella,None,Bacteria,Firmicutes,Clostridia,Monoglobales,Monoglobaceae,Monoglobus,None,0.009737098344693282
Bacteria,Actinobacteriota,Coriobacteriia,Coriobacteriales,Eggerthellaceae,Eggerthella,None,Bacteria,Firmicutes,Clostridia,Oscillospirales,Butyricicoccaceae,Butyricicoccus,None,0.009737098344693282
Bacteria,Actinobacteriota,Coriobacteriia,Coriobacteriales,Eggerthellaceae,Eggerthella,None,Bacteria,Firmicutes,Clostridia,Oscillospirales,Hydrogenoanaerobacterium,None,None,0.008763388510223954
Bacteria,Actinobacteriota,Coriobacteriia,Coriobacteriales,Eggerthellaceae,Eggerthella,None,Bacteria,Firmicutes,Clostridia,Oscillospirales,Oscillospiraceae,Colidextribacter,None,0.009737098344693282
Bacteria,Actinobacteriota,Coriobacteriia,Coriobacteriales,Eggerthellaceae,Eggerthella,None,Bacteria,Firmicutes,Clostridia,Oscillospirales,Oscillospiraceae,Colidextribacter,metagenome,0.010710808179162609
Bacteria,Actinobacteriota,Coriobacteriia,Coriobacteriales,Eggerthellaceae,Eggerthella,None,Bacteria,Firmicutes,Clostridia,Oscillospirales,Oscillospiraceae,Flavonifractor,None,0.009737098344693282
Bacteria,Actinobacteriota,Coriobacteriia,Coriobacteriales,Eggerthellaceae,Eggerthella,None,Bacteria,Firmicutes,Clostridia,Oscillospirales,Oscillospiraceae,Intestinimonas,None,0.009737098344693282
Bacteria,Actinobacteriota,Coriobacteriia,Coriobacteriales,Eggerthellaceae,Eggerthella,None,Bacteria,Firmicutes,Clostridia,Oscillospirales,Oscillospiraceae,Intestinimonas,uncultured,0.010710808179162609
Bacteria,Actinobacteriota,Coriobacteriia,Coriobacteriales,Eggerthellaceae,Eggerthella,None,Bacteria,Firmicutes,Clostridia,Oscillospirales,Oscillospiraceae,NK4A214_group,None,0.009737098344693282
Bacteria,Actinobacteriota,Coriobacteriia,Coriobacteriales,Eggerthellaceae,Eggerthella,None,Bacteria,Firmicutes,Clostridia,Oscillospirales,Oscillospiraceae,Oscillibacter,None,0.009737098344693282
Bacteria,Actinobacteriota,Coriobacteriia,Coriobacteriales,Eggerthellaceae,Eggerthella,None,Bacteria,Firmicutes,Clostridia,Oscillospirales,Oscillospiraceae,Oscillibacter,metagenome,0.010710808179162609
Bacteria,Actinobacteriota,Coriobacteriia,Coriobacteriales,Eggerthellaceae,Eggerthella,None,Bacteria,Firmicutes,Clostridia,Oscillospirales,Oscillospiraceae,Oscillospira,None,0.009737098344693282
Bacteria,Actinobacteriota,Coriobacteriia,Coriobacteriales,Eggerthellaceae,Eggerthella,None,Bacteria,Firmicutes,Clostridia,Oscillospirales,Oscillospiraceae,UCG-002,None,0.009737098344693282
Bacteria,Actinobacteriota,Coriobacteriia,Coriobacteriales,Eggerthellaceae,Eggerthella,None,Bacteria,Firmicutes,Clostridia,Oscillospirales,Oscillospiraceae,UCG-003,None,0.009737098344693282
Bacteria,Actinobacteriota,Coriobacteriia,Coriobacteriales,Eggerthellaceae,Eggerthella,None,Bacteria,Firmicutes,Clostridia,Oscillospirales,Oscillospiraceae,UCG-005,None,0.009737098344693282
Bacteria,Actinobacteriota,Coriobacteriia,Coriobacteriales,Eggerthellaceae,Eggerthella,None,Bacteria,Firmicutes,Clostridia,Oscillospirales,Oscillospiraceae,UCG-005,metagenome,0.010710808179162609
Bacteria,Actinobacteriota,Coriobacteriia,Coriobacteriales,Eggerthellaceae,Eggerthella,None,Bacteria,Firmicutes,Clostridia,Oscillospirales,Oscillospiraceae,UCG-005,uncultured_Clostridiales_bacterium,0.010710808179162609
Bacteria,Actinobacteriota,Coriobacteriia,Coriobacteriales,Eggerthellaceae,Eggerthella,None,Bacteria,Firmicutes,Clostridia,Oscillospirales,Oscillospiraceae,UCG-005,uncultured_rumen_bacterium,0.010710808179162609
Bacteria,Actinobacteriota,Coriobacteriia,Coriobacteriales,Eggerthellaceae,Eggerthella,None,Bacteria,Firmicutes,Clostridia,Oscillospirales,Oscillospiraceae,None,None,0.008763388510223954
Bacteria,Actinobacteriota,Coriobacteriia,Coriobacteriales,Eggerthellaceae,Eggerthella,None,Bacteria,Firmicutes,Clostridia,Oscillospirales,Oscillospiraceae,uncultured,metagenome,0.010710808179162609
Bacteria,Actinobacteriota,Coriobacteriia,Coriobacteriales,Eggerthellaceae,Eggerthella,None,Bacteria,Firmicutes,Clostridia,Oscillospirales,Oscillospiraceae,uncultured,unidentified,0.010710808179162609
Bacteria,Actinobacteriota,Coriobacteriia,Coriobacteriales,Eggerthellaceae,Eggerthella,None,Bacteria,Firmicutes,Clostridia,Oscillospirales,Ruminococcaceae,Anaerofilum,uncultured_Firmicutes_bacterium,0.010710808179162609
Bacteria,Actinobacteriota,Coriobacteriia,Coriobacteriales,Eggerthellaceae,Eggerthella,None,Bacteria,Firmicutes,Clostridia,Oscillospirales,Ruminococcaceae,Anaerotruncus,Anaerotruncus_rubiinfantis,0.010710808179162609
Bacteria,Actinobacteriota,Coriobacteriia,Coriobacteriales,Eggerthellaceae,Eggerthella,None,Bacteria,Firmicutes,Clostridia,Oscillospirales,Ruminococcaceae,Anaerotruncus,Anaerotruncus_sp._NML_070203,0.010710808179162609
Bacteria,Actinobacteriota,Coriobacteriia,Coriobacteriales,Eggerthellaceae,Eggerthella,None,Bacteria,Firmicutes,Clostridia,Oscillospirales,Ruminococcaceae,Candidatus_Soleaferrea,Neobitarella_massiliensis,0.010710808179162609
Bacteria,Actinobacteriota,Coriobacteriia,Coriobacteriales,Eggerthellaceae,Eggerthella,None,Bacteria,Firmicutes,Clostridia,Oscillospirales,Ruminococcaceae,Candidatus_Soleaferrea,None,0.009737098344693282
Bacteria,Actinobacteriota,Coriobacteriia,Coriobacteriales,Eggerthellaceae,Eggerthella,None,Bacteria,Firmicutes,Clostridia,Oscillospirales,Ruminococcaceae,DTU089,None,0.009737098344693282
Bacteria,Actinobacteriota,Coriobacteriia,Coriobacteriales,Eggerthellaceae,Eggerthella,None,Bacteria,Firmicutes,Clostridia,Oscillospirales,Ruminococcaceae,Faecalibacterium,None,0.009737098344693282
Bacteria,Actinobacteriota,Coriobacteriia,Coriobacteriales,Eggerthellaceae,Eggerthella,None,Bacteria,Firmicutes,Clostridia,Oscillospirales,Ruminococcaceae,Fournierella,uncultured_organism,0.010710808179162609
Bacteria,Actinobacteriota,Coriobacteriia,Coriobacteriales,Eggerthellaceae,Eggerthella,None,Bacteria,Firmicutes,Clostridia,Oscillospirales,Ruminococcaceae,Incertae_Sedis,metagenome,0.010710808179162609
Bacteria,Actinobacteriota,Coriobacteriia,Coriobacteriales,Eggerthellaceae,Eggerthella,None,Bacteria,Firmicutes,Clostridia,Oscillospirales,Ruminococcaceae,Incertae_Sedis,None,0.009737098344693282
Bacteria,Actinobacteriota,Coriobacteriia,Coriobacteriales,Eggerthellaceae,Eggerthella,None,Bacteria,Firmicutes,Clostridia,Oscillospirales,Ruminococcaceae,Negativibacillus,None,0.009737098344693282
Bacteria,Actinobacteriota,Coriobacteriia,Coriobacteriales,Eggerthellaceae,Eggerthella,None,Bacteria,Firmicutes,Clostridia,Oscillospirales,Ruminococcaceae,Ruminococcus,Ruminococcus_champanellensis,0.010710808179162609
Bacteria,Actinobacteriota,Coriobacteriia,Coriobacteriales,Eggerthellaceae,Eggerthella,None,Bacteria,Firmicutes,Clostridia,Oscillospirales,Ruminococcaceae,Ruminococcus,None,0.009737098344693282
Bacteria,Actinobacteriota,Coriobacteriia,Coriobacteriales,Eggerthellaceae,Eggerthella,None,Bacteria,Firmicutes,Clostridia,Oscillospirales,Ruminococcaceae,Subdoligranulum,None,0.009737098344693282
Bacteria,Actinobacteriota,Coriobacteriia,Coriobacteriales,Eggerthellaceae,Eggerthella,None,Bacteria,Firmicutes,Clostridia,Oscillospirales,Ruminococcaceae,UBA1819,None,0.009737098344693282
Bacteria,Actinobacteriota,Coriobacteriia,Coriobacteriales,Eggerthellaceae,Eggerthella,None,Bacteria,Firmicutes,Clostridia,Oscillospirales,Ruminococcaceae,Eubacterium_siraeum_group,None,0.009737098344693282
Bacteria,Actinobacteriota,Coriobacteriia,Coriobacteriales,Eggerthellaceae,Eggerthella,None,Bacteria,Firmicutes,Clostridia,Oscillospirales,Ruminococcaceae,None,None,0.008763388510223954
Bacteria,Actinobacteriota,Coriobacteriia,Coriobacteriales,Eggerthellaceae,Eggerthella,None,Bacteria,Firmicutes,Clostridia,Oscillospirales,UCG-010,None,None,0.008763388510223954
Bacteria,Actinobacteriota,Coriobacteriia,Coriobacteriales,Eggerthellaceae,Eggerthella,None,Bacteria,Firmicutes,Clostridia,Oscillospirales,UCG-010,metagenome,None,0.009737098344693282
Bacteria,Actinobacteriota,Coriobacteriia,Coriobacteriales,Eggerthellaceae,Eggerthella,None,Bacteria,Firmicutes,Clostridia,Oscillospirales,UCG-010,uncultured_bacterium,None,0.009737098344693282
Bacteria,Actinobacteriota,Coriobacteriia,Coriobacteriales,Eggerthellaceae,Eggerthella,None,Bacteria,Firmicutes,Clostridia,Oscillospirales,UCG-010,uncultured_organism,None,0.009737098344693282
Bacteria,Actinobacteriota,Coriobacteriia,Coriobacteriales,Eggerthellaceae,Eggerthella,None,Bacteria,Firmicutes,Clostridia,Oscillospirales,Clostridium_methylpentosum_group,None,None,0.008763388510223954
Bacteria,Actinobacteriota,Coriobacteriia,Coriobacteriales,Eggerthellaceae,Eggerthella,None,Bacteria,Firmicutes,Clostridia,Oscillospirales,Eubacterium_coprostanoligenes_group,None,None,0.008763388510223954
Bacteria,Actinobacteriota,Coriobacteriia,Coriobacteriales,Eggerthellaceae,Eggerthella,None,Bacteria,Firmicutes,Clostridia,Oscillospirales,None,None,None,0.007789678675754625
Bacteria,Actinobacteriota,Coriobacteriia,Coriobacteriales,Eggerthellaceae,Eggerthella,None,Bacteria,Firmicutes,Clostridia,Peptococcales,Peptococcaceae,uncultured,None,0.009737098344693282
Bacteria,Actinobacteriota,Coriobacteriia,Coriobacteriales,Eggerthellaceae,Eggerthella,None,Bacteria,Firmicutes,Clostridia,Peptostreptococcales-Tissierellales,Anaerovoracaceae,Family_XIII_AD3011_group,metagenome,0.010710808179162609
Bacteria,Actinobacteriota,Coriobacteriia,Coriobacteriales,Eggerthellaceae,Eggerthella,None,Bacteria,Firmicutes,Clostridia,Peptostreptococcales-Tissierellales,Anaerovoracaceae,Family_XIII_AD3011_group,None,0.009737098344693282
Bacteria,Actinobacteriota,Coriobacteriia,Coriobacteriales,Eggerthellaceae,Eggerthella,None,Bacteria,Firmicutes,Clostridia,Peptostreptococcales-Tissierellales,Anaerovoracaceae,Family_XIII_AD3011_group,uncultured,0.010710808179162609
Bacteria,Actinobacteriota,Coriobacteriia,Coriobacteriales,Eggerthellaceae,Eggerthella,None,Bacteria,Firmicutes,Clostridia,Peptostreptococcales-Tissierellales,Anaerovoracaceae,Family_XIII_UCG-001,metagenome,0.010710808179162609
Bacteria,Actinobacteriota,Coriobacteriia,Coriobacteriales,Eggerthellaceae,Eggerthella,None,Bacteria,Firmicutes,Clostridia,Peptostreptococcales-Tissierellales,Anaerovoracaceae,Eubacterium_nodatum_group,None,0.009737098344693282
Bacteria,Actinobacteriota,Coriobacteriia,Coriobacteriales,Eggerthellaceae,Eggerthella,None,Bacteria,Firmicutes,Clostridia,Peptostreptococcales-Tissierellales,Anaerovoracaceae,None,None,0.008763388510223954
Bacteria,Actinobacteriota,Coriobacteriia,Coriobacteriales,Eggerthellaceae,Eggerthella,None,Bacteria,Firmicutes,Clostridia,Peptostreptococcales-Tissierellales,Parvimonas,None,None,0.008763388510223954
Bacteria,Actinobacteriota,Coriobacteriia,Coriobacteriales,Eggerthellaceae,Eggerthella,None,Bacteria,Firmicutes,Clostridia,None,None,None,None,0.006815968841285297
Bacteria,Actinobacteriota,Coriobacteriia,Coriobacteriales,Eggerthellaceae,Eggerthella,None,Bacteria,Firmicutes,Incertae_Sedis,DTU014,unidentified,None,None,0.008763388510223954
Bacteria,Actinobacteriota,Coriobacteriia,Coriobacteriales,Eggerthellaceae,Eggerthella,None,Bacteria,Firmicutes,Limnochordia,M55-D21,uncultured_compost_bacterium,None,None,0.008763388510223954
Bacteria,Actinobacteriota,Coriobacteriia,Coriobacteriales,Eggerthellaceae,Eggerthella,None,Bacteria,Firmicutes,Negativicutes,Acidaminococcales,Acidaminococcaceae,Phascolarctobacterium,None,0.009737098344693282
Bacteria,Actinobacteriota,Coriobacteriia,Coriobacteriales,Eggerthellaceae,Eggerthella,None,Bacteria,Firmicutes,None,None,None,None,None,0.005842259006815969
Bacteria,Actinobacteriota,Coriobacteriia,Coriobacteriales,Eggerthellaceae,Eggerthella,None,Bacteria,Firmicutes,uncultured,uncultured_Peptococcaceae_bacterium,None,None,None,0.007789678675754625
Bacteria,Actinobacteriota,Coriobacteriia,Coriobacteriales,Eggerthellaceae,Eggerthella,None,Bacteria,Proteobacteria,Alphaproteobacteria,Rhodospirillales,uncultured,None,None,0.008763388510223954
Bacteria,Actinobacteriota,Coriobacteriia,Coriobacteriales,Eggerthellaceae,Eggerthella,None,Bacteria,Proteobacteria,Gammaproteobacteria,Burkholderiales,Sutterellaceae,Sutterella,Sutterella_sp._252,0.010710808179162609
Bacteria,Actinobacteriota,Coriobacteriia,Coriobacteriales,Eggerthellaceae,Eggerthella,None,Bacteria,Proteobacteria,Gammaproteobacteria,Enterobacterales,Enterobacteriaceae,Escherichia-Shigella,None,0.009737098344693282
Bacteria,Actinobacteriota,Coriobacteriia,Coriobacteriales,Eggerthellaceae,Eggerthella,None,Bacteria,Proteobacteria,Gammaproteobacteria,Enterobacterales,Enterobacteriaceae,Klebsiella,None,0.009737098344693282
Bacteria,Actinobacteriota,Coriobacteriia,Coriobacteriales,Eggerthellaceae,Eggerthella,None,Bacteria,Proteobacteria,Gammaproteobacteria,Enterobacterales,Enterobacteriaceae,None,None,0.008763388510223954
Bacteria,Actinobacteriota,Coriobacteriia,Coriobacteriales,Eggerthellaceae,Eggerthella,None,Bacteria,Proteobacteria,Gammaproteobacteria,Pseudomonadales,Pseudomonadaceae,Pseudomonas,None,0.009737098344693282
Bacteria,Actinobacteriota,Coriobacteriia,Coriobacteriales,Eggerthellaceae,Eggerthella,None,Bacteria,Synergistota,Synergistia,Synergistales,Synergistaceae,Cloacibacillus,None,0.009737098344693282
Bacteria,Actinobacteriota,Coriobacteriia,Coriobacteriales,Eggerthellaceae,Eggerthella,None,Bacteria,Verrucomicrobiota,Verrucomicrobiae,Verrucomicrobiales,Akkermansiaceae,Akkermansia,None,0.009737098344693282
Bacteria,Actinobacteriota,Coriobacteriia,Coriobacteriales,Eggerthellaceae,Enterorhabdus,metagenome,Bacteria,Bacteroidetes,Bacteroidia,Bacteroidales,Bacteroidaceae,Bacteroides,Bacteroides_ovatus,0.011684518013631937
Bacteria,Actinobacteriota,Coriobacteriia,Coriobacteriales,Eggerthellaceae,Enterorhabdus,metagenome,Bacteria,Bacteroidetes,Bacteroidia,Bacteroidales,Bacteroidaceae,Bacteroides,Bacteroides_stercorirosoris,0.011684518013631937
Bacteria,Actinobacteriota,Coriobacteriia,Coriobacteriales,Eggerthellaceae,Enterorhabdus,metagenome,Bacteria,Bacteroidetes,Bacteroidia,Bacteroidales,Bacteroidaceae,Bacteroides,Bacteroides_uniformis,0.011684518013631937
Bacteria,Actinobacteriota,Coriobacteriia,Coriobacteriales,Eggerthellaceae,Enterorhabdus,metagenome,Bacteria,Bacteroidetes,Bacteroidia,Bacteroidales,Bacteroidaceae,Bacteroides,None,0.010710808179162609
Bacteria,Actinobacteriota,Coriobacteriia,Coriobacteriales,Eggerthellaceae,Enterorhabdus,metagenome,Bacteria,Bacteroidetes,Bacteroidia,Bacteroidales,Barnesiellaceae,Barnesiella,None,0.010710808179162609
Bacteria,Actinobacteriota,Coriobacteriia,Coriobacteriales,Eggerthellaceae,Enterorhabdus,metagenome,Bacteria,Bacteroidetes,Bacteroidia,Bacteroidales,Marinifilaceae,Butyricimonas,None,0.010710808179162609
Bacteria,Actinobacteriota,Coriobacteriia,Coriobacteriales,Eggerthellaceae,Enterorhabdus,metagenome,Bacteria,Bacteroidetes,Bacteroidia,Bacteroidales,Marinifilaceae,Odoribacter,None,0.010710808179162609
Bacteria,Actinobacteriota,Coriobacteriia,Coriobacteriales,Eggerthellaceae,Enterorhabdus,metagenome,Bacteria,Bacteroidetes,Bacteroidia,Bacteroidales,Marinifilaceae,Sanguibacteroides,None,0.010710808179162609
Bacteria,Actinobacteriota,Coriobacteriia,Coriobacteriales,Eggerthellaceae,Enterorhabdus,metagenome,Bacteria,Bacteroidetes,Bacteroidia,Bacteroidales,Rikenellaceae,Alistipes,Alistipes_ihumii_AP11,0.011684518013631937
Bacteria,Actinobacteriota,Coriobacteriia,Coriobacteriales,Eggerthellaceae,Enterorhabdus,metagenome,Bacteria,Bacteroidetes,Bacteroidia,Bacteroidales,Rikenellaceae,Alistipes,Alistipes_sp._cv1,0.011684518013631937
Bacteria,Actinobacteriota,Coriobacteriia,Coriobacteriales,Eggerthellaceae,Enterorhabdus,metagenome,Bacteria,Bacteroidetes,Bacteroidia,Bacteroidales,Rikenellaceae,Alistipes,Bacteroidetes_bacterium_Eg28,0.011684518013631937
Bacteria,Actinobacteriota,Coriobacteriia,Coriobacteriales,Eggerthellaceae,Enterorhabdus,metagenome,Bacteria,Bacteroidetes,Bacteroidia,Bacteroidales,Rikenellaceae,Alistipes,None,0.010710808179162609
Bacteria,Actinobacteriota,Coriobacteriia,Coriobacteriales,Eggerthellaceae,Enterorhabdus,metagenome,Bacteria,Bacteroidetes,Bacteroidia,Bacteroidales,Tannerellaceae,Parabacteroides,Parabacteroides_goldsteinii,0.011684518013631937
Bacteria,Actinobacteriota,Coriobacteriia,Coriobacteriales,Eggerthellaceae,Enterorhabdus,metagenome,Bacteria,Bacteroidetes,Bacteroidia,Bacteroidales,Tannerellaceae,Parabacteroides,None,0.010710808179162609
Bacteria,Actinobacteriota,Coriobacteriia,Coriobacteriales,Eggerthellaceae,Enterorhabdus,metagenome,Bacteria,Bacteroidetes,Bacteroidia,Flavobacteriales,Flavobacteriaceae,uncultured,metagenome,0.011684518013631937
Bacteria,Actinobacteriota,Coriobacteriia,Coriobacteriales,Eggerthellaceae,Enterorhabdus,metagenome,Bacteria,Cyanobacteria/Chloroplast,Cyanobacteria.XI,GpXI,None,None,None,0.008763388510223954
Bacteria,Actinobacteriota,Coriobacteriia,Coriobacteriales,Eggerthellaceae,Enterorhabdus,metagenome,Bacteria,Desulfobacterota,Desulfovibrionia,Desulfovibrionales,Desulfovibrionaceae,Desulfovibrio,None,0.010710808179162609
Bacteria,Actinobacteriota,Coriobacteriia,Coriobacteriales,Eggerthellaceae,Enterorhabdus,metagenome,Bacteria,Firmicutes,Bacilli,Erysipelotrichales,Erysipelatoclostridiaceae,Erysipelatoclostridium,Clostridium_spiroforme_DSM_1552,0.011684518013631937
Bacteria,Actinobacteriota,Coriobacteriia,Coriobacteriales,Eggerthellaceae,Enterorhabdus,metagenome,Bacteria,Firmicutes,Bacilli,Erysipelotrichales,Erysipelatoclostridiaceae,Erysipelatoclostridium,None,0.010710808179162609
Bacteria,Actinobacteriota,Coriobacteriia,Coriobacteriales,Eggerthellaceae,Enterorhabdus,metagenome,Bacteria,Firmicutes,Bacilli,Erysipelotrichales,Erysipelotrichaceae,Faecalitalea,None,0.010710808179162609
Bacteria,Actinobacteriota,Coriobacteriia,Coriobacteriales,Eggerthellaceae,Enterorhabdus,metagenome,Bacteria,Firmicutes,Bacilli,Erysipelotrichales,Erysipelotrichaceae,Holdemanella,None,0.010710808179162609
Bacteria,Actinobacteriota,Coriobacteriia,Coriobacteriales,Eggerthellaceae,Enterorhabdus,metagenome,Bacteria,Firmicutes,Bacilli,Erysipelotrichales,Erysipelotrichaceae,Holdemania,None,0.010710808179162609
Bacteria,Actinobacteriota,Coriobacteriia,Coriobacteriales,Eggerthellaceae,Enterorhabdus,metagenome,Bacteria,Firmicutes,Bacilli,Erysipelotrichales,Erysipelotrichaceae,Clostridium_innocuum_group,None,0.010710808179162609
Bacteria,Actinobacteriota,Coriobacteriia,Coriobacteriales,Eggerthellaceae,Enterorhabdus,metagenome,Bacteria,Firmicutes,Bacilli,Izemoplasmatales,human_gut_metagenome,None,None,0.009737098344693282
Bacteria,Actinobacteriota,Coriobacteriia,Coriobacteriales,Eggerthellaceae,Enterorhabdus,metagenome,Bacteria,Firmicutes,Bacilli,Lactobacillales,Lactobacillaceae,Lactobacillus,Lactobacillus_mucosae,0.011684518013631937
Bacteria,Actinobacteriota,Coriobacteriia,Coriobacteriales,Eggerthellaceae,Enterorhabdus,metagenome,Bacteria,Firmicutes,Bacilli,Lactobacillales,Streptococcaceae,Lactococcus,None,0.010710808179162609
Bacteria,Actinobacteriota,Coriobacteriia,Coriobacteriales,Eggerthellaceae,Enterorhabdus,metagenome,Bacteria,Firmicutes,Bacilli,Lactobacillales,Streptococcaceae,Streptococcus,Streptococcus_sp._oral_taxon_065,0.011684518013631937
Bacteria,Actinobacteriota,Coriobacteriia,Coriobacteriales,Eggerthellaceae,Enterorhabdus,metagenome,Bacteria,Firmicutes,Bacilli,Lactobacillales,Streptococcaceae,Streptococcus,None,0.010710808179162609
Bacteria,Actinobacteriota,Coriobacteriia,Coriobacteriales,Eggerthellaceae,Enterorhabdus,metagenome,Bacteria,Firmicutes,Clostridia,Christensenellales,Christensenellaceae,Christensenellaceae_R-7_group,Christensenella_sp._Marseille-P3954,0.011684518013631937
Bacteria,Actinobacteriota,Coriobacteriia,Coriobacteriales,Eggerthellaceae,Enterorhabdus,metagenome,Bacteria,Firmicutes,Clostridia,Christensenellales,Christensenellaceae,Christensenellaceae_R-7_group,Clostridiales_bacterium_Marseille-P2846,0.011684518013631937
Bacteria,Actinobacteriota,Coriobacteriia,Coriobacteriales,Eggerthellaceae,Enterorhabdus,metagenome,Bacteria,Firmicutes,Clostridia,Christensenellales,Christensenellaceae,Christensenellaceae_R-7_group,None,0.010710808179162609
Bacteria,Actinobacteriota,Coriobacteriia,Coriobacteriales,Eggerthellaceae,Enterorhabdus,metagenome,Bacteria,Firmicutes,Clostridia,Christensenellales,Christensenellaceae,Christensenellaceae_R-7_group,bacterium_YE57,0.011684518013631937
Bacteria,Actinobacteriota,Coriobacteriia,Coriobacteriales,Eggerthellaceae,Enterorhabdus,metagenome,Bacteria,Firmicutes,Clostridia,Christensenellales,Christensenellaceae,Christensenellaceae_R-7_group,metagenome,0.011684518013631937
Bacteria,Actinobacteriota,Coriobacteriia,Coriobacteriales,Eggerthellaceae,Enterorhabdus,metagenome,Bacteria,Firmicutes,Clostridia,Christensenellales,Christensenellaceae,Christensenellaceae_R-7_group,uncultured_Firmicutes_bacterium,0.011684518013631937
Bacteria,Actinobacteriota,Coriobacteriia,Coriobacteriales,Eggerthellaceae,Enterorhabdus,metagenome,Bacteria,Firmicutes,Clostridia,Christensenellales,Christensenellaceae,Christensenellaceae_R-7_group,uncultured_marine_bacterium,0.011684518013631937
Bacteria,Actinobacteriota,Coriobacteriia,Coriobacteriales,Eggerthellaceae,Enterorhabdus,metagenome,Bacteria,Firmicutes,Clostridia,Christensenellales,Christensenellaceae,Christensenellaceae_R-7_group,uncultured_organism,0.011684518013631937
Bacteria,Actinobacteriota,Coriobacteriia,Coriobacteriales,Eggerthellaceae,Enterorhabdus,metagenome,Bacteria,Firmicutes,Clostridia,Christensenellales,Christensenellaceae,None,None,0.009737098344693282
Bacteria,Actinobacteriota,Coriobacteriia,Coriobacteriales,Eggerthellaceae,Enterorhabdus,metagenome,Bacteria,Firmicutes,Clostridia,Clostridia_vadinBB60_group,metagenome,None,None,0.009737098344693282
Bacteria,Actinobacteriota,Coriobacteriia,Coriobacteriales,Eggerthellaceae,Enterorhabdus,metagenome,Bacteria,Firmicutes,Clostridia,Clostridia_vadinBB60_group,wastewater_metagenome,None,None,0.009737098344693282
Bacteria,Actinobacteriota,Coriobacteriia,Coriobacteriales,Eggerthellaceae,Enterorhabdus,metagenome,Bacteria,Firmicutes,Clostridia,Clostridiales,Christensenellaceae,Christensenella,PAC001427,0.011684518013631937
Bacteria,Actinobacteriota,Coriobacteriia,Coriobacteriales,Eggerthellaceae,Enterorhabdus,metagenome,Bacteria,Firmicutes,Clostridia,Clostridiales,Christensenellaceae,Christensenella,PAC002297,0.011684518013631937
Bacteria,Actinobacteriota,Coriobacteriia,Coriobacteriales,Eggerthellaceae,Enterorhabdus,metagenome,Bacteria,Firmicutes,Clostridia,Clostridiales,Christensenellaceae,PAC001115,PAC001444,0.011684518013631937
Bacteria,Actinobacteriota,Coriobacteriia,Coriobacteriales,Eggerthellaceae,Enterorhabdus,metagenome,Bacteria,Firmicutes,Clostridia,Clostridiales,Christensenellaceae,PAC001437,PAC001486,0.011684518013631937
Bacteria,Actinobacteriota,Coriobacteriia,Coriobacteriales,Eggerthellaceae,Enterorhabdus,metagenome,Bacteria,Firmicutes,Clostridia,Clostridiales,Christensenellaceae,PAC001437,PAC002305,0.011684518013631937
Bacteria,Actinobacteriota,Coriobacteriia,Coriobacteriales,Eggerthellaceae,Enterorhabdus,metagenome,Bacteria,Firmicutes,Clostridia,Clostridiales,Christensenellaceae,PAC002510,PAC002510,0.011684518013631937
Bacteria,Actinobacteriota,Coriobacteriia,Coriobacteriales,Eggerthellaceae,Enterorhabdus,metagenome,Bacteria,Firmicutes,Clostridia,Clostridiales,Dehalobacterium,PAC002141,PAC002141,0.011684518013631937
Bacteria,Actinobacteriota,Coriobacteriia,Coriobacteriales,Eggerthellaceae,Enterorhabdus,metagenome,Bacteria,Firmicutes,Clostridia,Clostridiales,Ruminococcaceae,PAC000742,PAC000742,0.011684518013631937
Bacteria,Actinobacteriota,Coriobacteriia,Coriobacteriales,Eggerthellaceae,Enterorhabdus,metagenome,Bacteria,Firmicutes,Clostridia,Clostridiales,Ruminococcaceae,PAC001144,PAC001620,0.011684518013631937
Bacteria,Actinobacteriota,Coriobacteriia,Coriobacteriales,Eggerthellaceae,Enterorhabdus,metagenome,Bacteria,Firmicutes,Clostridia,Clostridiales,Ruminococcaceae,PAC001313,PAC001649,0.011684518013631937
Bacteria,Actinobacteriota,Coriobacteriia,Coriobacteriales,Eggerthellaceae,Enterorhabdus,metagenome,Bacteria,Firmicutes,Clostridia,Clostridiales,Ruminococcaceae,PAC002201,PAC002201,0.011684518013631937
Bacteria,Actinobacteriota,Coriobacteriia,Coriobacteriales,Eggerthellaceae,Enterorhabdus,metagenome,Bacteria,Firmicutes,Clostridia,Eubacteriales,Eubacteriaceae,Eubacterium,None,0.010710808179162609
Bacteria,Actinobacteriota,Coriobacteriia,Coriobacteriales,Eggerthellaceae,Enterorhabdus,metagenome,Bacteria,Firmicutes,Clostridia,Lachnospirales,Lachnospiraceae,Agathobacter,None,0.010710808179162609
Bacteria,Actinobacteriota,Coriobacteriia,Coriobacteriales,Eggerthellaceae,Enterorhabdus,metagenome,Bacteria,Firmicutes,Clostridia,Lachnospirales,Lachnospiraceae,Anaerostipes,None,0.010710808179162609
Bacteria,Actinobacteriota,Coriobacteriia,Coriobacteriales,Eggerthellaceae,Enterorhabdus,metagenome,Bacteria,Firmicutes,Clostridia,Lachnospirales,Lachnospiraceae,Blautia,None,0.010710808179162609
Bacteria,Actinobacteriota,Coriobacteriia,Coriobacteriales,Eggerthellaceae,Enterorhabdus,metagenome,Bacteria,Firmicutes,Clostridia,Lachnospirales,Lachnospiraceae,Blautia,bacterium_mpn-isolate_group_20,0.011684518013631937
Bacteria,Actinobacteriota,Coriobacteriia,Coriobacteriales,Eggerthellaceae,Enterorhabdus,metagenome,Bacteria,Firmicutes,Clostridia,Lachnospirales,Lachnospiraceae,Blautia,uncultured_Blautia_sp.,0.011684518013631937
Bacteria,Actinobacteriota,Coriobacteriia,Coriobacteriales,Eggerthellaceae,Enterorhabdus,metagenome,Bacteria,Firmicutes,Clostridia,Lachnospirales,Lachnospiraceae,Coprococcus,None,0.010710808179162609
Bacteria,Actinobacteriota,Coriobacteriia,Coriobacteriales,Eggerthellaceae,Enterorhabdus,metagenome,Bacteria,Firmicutes,Clostridia,Lachnospirales,Lachnospiraceae,Coprococcus,uncultured_Coprococcus_sp.,0.011684518013631937
Bacteria,Actinobacteriota,Coriobacteriia,Coriobacteriales,Eggerthellaceae,Enterorhabdus,metagenome,Bacteria,Firmicutes,Clostridia,Lachnospirales,Lachnospiraceae,Dorea,None,0.010710808179162609
Bacteria,Actinobacteriota,Coriobacteriia,Coriobacteriales,Eggerthellaceae,Enterorhabdus,metagenome,Bacteria,Firmicutes,Clostridia,Lachnospirales,Lachnospiraceae,Eisenbergiella,None,0.010710808179162609
Bacteria,Actinobacteriota,Coriobacteriia,Coriobacteriales,Eggerthellaceae,Enterorhabdus,metagenome,Bacteria,Firmicutes,Clostridia,Lachnospirales,Lachnospiraceae,Frisingicoccus,None,0.010710808179162609
Bacteria,Actinobacteriota,Coriobacteriia,Coriobacteriales,Eggerthellaceae,Enterorhabdus,metagenome,Bacteria,Firmicutes,Clostridia,Lachnospirales,Lachnospiraceae,Fusicatenibacter,uncultured_Lachnospiraceae_bacterium,0.011684518013631937
Bacteria,Actinobacteriota,Coriobacteriia,Coriobacteriales,Eggerthellaceae,Enterorhabdus,metagenome,Bacteria,Firmicutes,Clostridia,Lachnospirales,Lachnospiraceae,GCA-900066575,None,0.010710808179162609
Bacteria,Actinobacteriota,Coriobacteriia,Coriobacteriales,Eggerthellaceae,Enterorhabdus,metagenome,Bacteria,Firmicutes,Clostridia,Lachnospirales,Lachnospiraceae,GCA-900066575,metagenome,0.011684518013631937
Bacteria,Actinobacteriota,Coriobacteriia,Coriobacteriales,Eggerthellaceae,Enterorhabdus,metagenome,Bacteria,Firmicutes,Clostridia,Lachnospirales,Lachnospiraceae,GCA-900066755,None,0.010710808179162609
Bacteria,Actinobacteriota,Coriobacteriia,Coriobacteriales,Eggerthellaceae,Enterorhabdus,metagenome,Bacteria,Firmicutes,Clostridia,Lachnospirales,Lachnospiraceae,Hungatella,metagenome,0.011684518013631937
Bacteria,Actinobacteriota,Coriobacteriia,Coriobacteriales,Eggerthellaceae,Enterorhabdus,metagenome,Bacteria,Firmicutes,Clostridia,Lachnospirales,Lachnospiraceae,Lachnoclostridium,Clostridium_symbiosum,0.011684518013631937
Bacteria,Actinobacteriota,Coriobacteriia,Coriobacteriales,Eggerthellaceae,Enterorhabdus,metagenome,Bacteria,Firmicutes,Clostridia,Lachnospirales,Lachnospiraceae,Lachnoclostridium,None,0.010710808179162609
Bacteria,Actinobacteriota,Coriobacteriia,Coriobacteriales,Eggerthellaceae,Enterorhabdus,metagenome,Bacteria,Firmicutes,Clostridia,Lachnospirales,Lachnospiraceae,Lachnoclostridium,uncultured_Lachnospiraceae_bacterium,0.011684518013631937
Bacteria,Actinobacteriota,Coriobacteriia,Coriobacteriales,Eggerthellaceae,Enterorhabdus,metagenome,Bacteria,Firmicutes,Clostridia,Lachnospirales,Lachnospiraceae,Lachnospiraceae_ND3007_group,metagenome,0.011684518013631937
Bacteria,Actinobacteriota,Coriobacteriia,Coriobacteriales,Eggerthellaceae,Enterorhabdus,metagenome,Bacteria,Firmicutes,Clostridia,Lachnospirales,Lachnospiraceae,Lachnospiraceae_NK4A136_group,None,0.010710808179162609
Bacteria,Actinobacteriota,Coriobacteriia,Coriobacteriales,Eggerthellaceae,Enterorhabdus,metagenome,Bacteria,Firmicutes,Clostridia,Lachnospirales,Lachnospiraceae,Lachnospiraceae_NK4A136_group,uncultured_Lachnospiraceae_bacterium,0.011684518013631937
Bacteria,Actinobacteriota,Coriobacteriia,Coriobacteriales,Eggerthellaceae,Enterorhabdus,metagenome,Bacteria,Firmicutes,Clostridia,Lachnospirales,Lachnospiraceae,Lachnospiraceae_NK4A136_group,uncultured_bacterium_Adhufec49.25,0.011684518013631937
Bacteria,Actinobacteriota,Coriobacteriia,Coriobacteriales,Eggerthellaceae,Enterorhabdus,metagenome,Bacteria,Firmicutes,Clostridia,Lachnospirales,Lachnospiraceae,Lachnospiraceae_NK4B4_group,None,0.010710808179162609
Bacteria,Actinobacteriota,Coriobacteriia,Coriobacteriales,Eggerthellaceae,Enterorhabdus,metagenome,Bacteria,Firmicutes,Clostridia,Lachnospirales,Lachnospiraceae,Lachnospiraceae_UCG-001,metagenome,0.011684518013631937
Bacteria,Actinobacteriota,Coriobacteriia,Coriobacteriales,Eggerthellaceae,Enterorhabdus,metagenome,Bacteria,Firmicutes,Clostridia,Lachnospirales,Lachnospiraceae,Lachnospiraceae_UCG-004,None,0.010710808179162609
Bacteria,Actinobacteriota,Coriobacteriia,Coriobacteriales,Eggerthellaceae,Enterorhabdus,metagenome,Bacteria,Firmicutes,Clostridia,Lachnospirales,Lachnospiraceae,Lachnospiraceae_UCG-008,metagenome,0.011684518013631937
Bacteria,Actinobacteriota,Coriobacteriia,Coriobacteriales,Eggerthellaceae,Enterorhabdus,metagenome,Bacteria,Firmicutes,Clostridia,Lachnospirales,Lachnospiraceae,Lachnospiraceae_UCG-010,None,0.010710808179162609
Bacteria,Actinobacteriota,Coriobacteriia,Coriobacteriales,Eggerthellaceae,Enterorhabdus,metagenome,Bacteria,Firmicutes,Clostridia,Lachnospirales,Lachnospiraceae,Marvinbryantia,None,0.010710808179162609
Bacteria,Actinobacteriota,Coriobacteriia,Coriobacteriales,Eggerthellaceae,Enterorhabdus,metagenome,Bacteria,Firmicutes,Clostridia,Lachnospirales,Lachnospiraceae,Marvinbryantia,unidentified,0.011684518013631937
Bacteria,Actinobacteriota,Coriobacteriia,Coriobacteriales,Eggerthellaceae,Enterorhabdus,metagenome,Bacteria,Firmicutes,Clostridia,Lachnospirales,Lachnospiraceae,Roseburia,None,0.010710808179162609
Bacteria,Actinobacteriota,Coriobacteriia,Coriobacteriales,Eggerthellaceae,Enterorhabdus,metagenome,Bacteria,Firmicutes,Clostridia,Lachnospirales,Lachnospiraceae,Roseburia,gut_metagenome,0.011684518013631937
Bacteria,Actinobacteriota,Coriobacteriia,Coriobacteriales,Eggerthellaceae,Enterorhabdus,metagenome,Bacteria,Firmicutes,Clostridia,Lachnospirales,Lachnospiraceae,Tuzzerella,None,0.010710808179162609
Bacteria,Actinobacteriota,Coriobacteriia,Coriobacteriales,Eggerthellaceae,Enterorhabdus,metagenome,Bacteria,Firmicutes,Clostridia,Lachnospirales,Lachnospiraceae,Tyzzerella,None,0.010710808179162609
Bacteria,Actinobacteriota,Coriobacteriia,Coriobacteriales,Eggerthellaceae,Enterorhabdus,metagenome,Bacteria,Firmicutes,Clostridia,Lachnospirales,Lachnospiraceae,Eubacterium_hallii_group,None,0.010710808179162609
Bacteria,Actinobacteriota,Coriobacteriia,Coriobacteriales,Eggerthellaceae,Enterorhabdus,metagenome,Bacteria,Firmicutes,Clostridia,Lachnospirales,Lachnospiraceae,Eubacterium_ventriosum_group,metagenome,0.011684518013631937
Bacteria,Actinobacteriota,Coriobacteriia,Coriobacteriales,Eggerthellaceae,Enterorhabdus,metagenome,Bacteria,Firmicutes,Clostridia,Lachnospirales,Lachnospiraceae,Ruminococcus_gauvreauii_group,uncultured_Lachnospiraceae_bacterium,0.011684518013631937
Bacteria,Actinobacteriota,Coriobacteriia,Coriobacteriales,Eggerthellaceae,Enterorhabdus,metagenome,Bacteria,Firmicutes,Clostridia,Lachnospirales,Lachnospiraceae,Ruminococcus_gnavus_group,None,0.010710808179162609
Bacteria,Actinobacteriota,Coriobacteriia,Coriobacteriales,Eggerthellaceae,Enterorhabdus,metagenome,Bacteria,Firmicutes,Clostridia,Lachnospirales,Lachnospiraceae,Ruminococcus_torques_group,Clostridiaceae_bacterium_LEMV78,0.011684518013631937
Bacteria,Actinobacteriota,Coriobacteriia,Coriobacteriales,Eggerthellaceae,Enterorhabdus,metagenome,Bacteria,Firmicutes,Clostridia,Lachnospirales,Lachnospiraceae,Ruminococcus_torques_group,None,0.010710808179162609
Bacteria,Actinobacteriota,Coriobacteriia,Coriobacteriales,Eggerthellaceae,Enterorhabdus,metagenome,Bacteria,Firmicutes,Clostridia,Lachnospirales,Lachnospiraceae,None,None,0.009737098344693282
Bacteria,Actinobacteriota,Coriobacteriia,Coriobacteriales,Eggerthellaceae,Enterorhabdus,metagenome,Bacteria,Firmicutes,Clostridia,Lachnospirales,Lachnospiraceae,uncultured,None,0.010710808179162609
Bacteria,Actinobacteriota,Coriobacteriia,Coriobacteriales,Eggerthellaceae,Enterorhabdus,metagenome,Bacteria,Firmicutes,Clostridia,Monoglobales,Monoglobaceae,Monoglobus,None,0.010710808179162609
Bacteria,Actinobacteriota,Coriobacteriia,Coriobacteriales,Eggerthellaceae,Enterorhabdus,metagenome,Bacteria,Firmicutes,Clostridia,Oscillospirales,Butyricicoccaceae,Butyricicoccus,None,0.010710808179162609
Bacteria,Actinobacteriota,Coriobacteriia,Coriobacteriales,Eggerthellaceae,Enterorhabdus,metagenome,Bacteria,Firmicutes,Clostridia,Oscillospirales,Hydrogenoanaerobacterium,None,None,0.009737098344693282
Bacteria,Actinobacteriota,Coriobacteriia,Coriobacteriales,Eggerthellaceae,Enterorhabdus,metagenome,Bacteria,Firmicutes,Clostridia,Oscillospirales,Oscillospiraceae,Colidextribacter,None,0.010710808179162609
Bacteria,Actinobacteriota,Coriobacteriia,Coriobacteriales,Eggerthellaceae,Enterorhabdus,metagenome,Bacteria,Firmicutes,Clostridia,Oscillospirales,Oscillospiraceae,Colidextribacter,metagenome,0.011684518013631937
Bacteria,Actinobacteriota,Coriobacteriia,Coriobacteriales,Eggerthellaceae,Enterorhabdus,metagenome,Bacteria,Firmicutes,Clostridia,Oscillospirales,Oscillospiraceae,Flavonifractor,None,0.010710808179162609
Bacteria,Actinobacteriota,Coriobacteriia,Coriobacteriales,Eggerthellaceae,Enterorhabdus,metagenome,Bacteria,Firmicutes,Clostridia,Oscillospirales,Oscillospiraceae,Intestinimonas,None,0.010710808179162609
Bacteria,Actinobacteriota,Coriobacteriia,Coriobacteriales,Eggerthellaceae,Enterorhabdus,metagenome,Bacteria,Firmicutes,Clostridia,Oscillospirales,Oscillospiraceae,Intestinimonas,uncultured,0.011684518013631937
Bacteria,Actinobacteriota,Coriobacteriia,Coriobacteriales,Eggerthellaceae,Enterorhabdus,metagenome,Bacteria,Firmicutes,Clostridia,Oscillospirales,Oscillospiraceae,NK4A214_group,None,0.010710808179162609
Bacteria,Actinobacteriota,Coriobacteriia,Coriobacteriales,Eggerthellaceae,Enterorhabdus,metagenome,Bacteria,Firmicutes,Clostridia,Oscillospirales,Oscillospiraceae,Oscillibacter,None,0.010710808179162609
Bacteria,Actinobacteriota,Coriobacteriia,Coriobacteriales,Eggerthellaceae,Enterorhabdus,metagenome,Bacteria,Firmicutes,Clostridia,Oscillospirales,Oscillospiraceae,Oscillibacter,metagenome,0.011684518013631937
Bacteria,Actinobacteriota,Coriobacteriia,Coriobacteriales,Eggerthellaceae,Enterorhabdus,metagenome,Bacteria,Firmicutes,Clostridia,Oscillospirales,Oscillospiraceae,Oscillospira,None,0.010710808179162609
Bacteria,Actinobacteriota,Coriobacteriia,Coriobacteriales,Eggerthellaceae,Enterorhabdus,metagenome,Bacteria,Firmicutes,Clostridia,Oscillospirales,Oscillospiraceae,UCG-002,None,0.010710808179162609
Bacteria,Actinobacteriota,Coriobacteriia,Coriobacteriales,Eggerthellaceae,Enterorhabdus,metagenome,Bacteria,Firmicutes,Clostridia,Oscillospirales,Oscillospiraceae,UCG-003,None,0.010710808179162609
Bacteria,Actinobacteriota,Coriobacteriia,Coriobacteriales,Eggerthellaceae,Enterorhabdus,metagenome,Bacteria,Firmicutes,Clostridia,Oscillospirales,Oscillospiraceae,UCG-005,None,0.010710808179162609
Bacteria,Actinobacteriota,Coriobacteriia,Coriobacteriales,Eggerthellaceae,Enterorhabdus,metagenome,Bacteria,Firmicutes,Clostridia,Oscillospirales,Oscillospiraceae,UCG-005,metagenome,0.011684518013631937
Bacteria,Actinobacteriota,Coriobacteriia,Coriobacteriales,Eggerthellaceae,Enterorhabdus,metagenome,Bacteria,Firmicutes,Clostridia,Oscillospirales,Oscillospiraceae,UCG-005,uncultured_Clostridiales_bacterium,0.011684518013631937
Bacteria,Actinobacteriota,Coriobacteriia,Coriobacteriales,Eggerthellaceae,Enterorhabdus,metagenome,Bacteria,Firmicutes,Clostridia,Oscillospirales,Oscillospiraceae,UCG-005,uncultured_rumen_bacterium,0.011684518013631937
Bacteria,Actinobacteriota,Coriobacteriia,Coriobacteriales,Eggerthellaceae,Enterorhabdus,metagenome,Bacteria,Firmicutes,Clostridia,Oscillospirales,Oscillospiraceae,None,None,0.009737098344693282
Bacteria,Actinobacteriota,Coriobacteriia,Coriobacteriales,Eggerthellaceae,Enterorhabdus,metagenome,Bacteria,Firmicutes,Clostridia,Oscillospirales,Oscillospiraceae,uncultured,metagenome,0.011684518013631937
Bacteria,Actinobacteriota,Coriobacteriia,Coriobacteriales,Eggerthellaceae,Enterorhabdus,metagenome,Bacteria,Firmicutes,Clostridia,Oscillospirales,Oscillospiraceae,uncultured,unidentified,0.011684518013631937
Bacteria,Actinobacteriota,Coriobacteriia,Coriobacteriales,Eggerthellaceae,Enterorhabdus,metagenome,Bacteria,Firmicutes,Clostridia,Oscillospirales,Ruminococcaceae,Anaerofilum,uncultured_Firmicutes_bacterium,0.011684518013631937
Bacteria,Actinobacteriota,Coriobacteriia,Coriobacteriales,Eggerthellaceae,Enterorhabdus,metagenome,Bacteria,Firmicutes,Clostridia,Oscillospirales,Ruminococcaceae,Anaerotruncus,Anaerotruncus_rubiinfantis,0.011684518013631937
Bacteria,Actinobacteriota,Coriobacteriia,Coriobacteriales,Eggerthellaceae,Enterorhabdus,metagenome,Bacteria,Firmicutes,Clostridia,Oscillospirales,Ruminococcaceae,Anaerotruncus,Anaerotruncus_sp._NML_070203,0.011684518013631937
Bacteria,Actinobacteriota,Coriobacteriia,Coriobacteriales,Eggerthellaceae,Enterorhabdus,metagenome,Bacteria,Firmicutes,Clostridia,Oscillospirales,Ruminococcaceae,Candidatus_Soleaferrea,Neobitarella_massiliensis,0.011684518013631937
Bacteria,Actinobacteriota,Coriobacteriia,Coriobacteriales,Eggerthellaceae,Enterorhabdus,metagenome,Bacteria,Firmicutes,Clostridia,Oscillospirales,Ruminococcaceae,Candidatus_Soleaferrea,None,0.010710808179162609
Bacteria,Actinobacteriota,Coriobacteriia,Coriobacteriales,Eggerthellaceae,Enterorhabdus,metagenome,Bacteria,Firmicutes,Clostridia,Oscillospirales,Ruminococcaceae,DTU089,None,0.010710808179162609
Bacteria,Actinobacteriota,Coriobacteriia,Coriobacteriales,Eggerthellaceae,Enterorhabdus,metagenome,Bacteria,Firmicutes,Clostridia,Oscillospirales,Ruminococcaceae,Faecalibacterium,None,0.010710808179162609
Bacteria,Actinobacteriota,Coriobacteriia,Coriobacteriales,Eggerthellaceae,Enterorhabdus,metagenome,Bacteria,Firmicutes,Clostridia,Oscillospirales,Ruminococcaceae,Fournierella,uncultured_organism,0.011684518013631937
Bacteria,Actinobacteriota,Coriobacteriia,Coriobacteriales,Eggerthellaceae,Enterorhabdus,metagenome,Bacteria,Firmicutes,Clostridia,Oscillospirales,Ruminococcaceae,Incertae_Sedis,metagenome,0.011684518013631937
Bacteria,Actinobacteriota,Coriobacteriia,Coriobacteriales,Eggerthellaceae,Enterorhabdus,metagenome,Bacteria,Firmicutes,Clostridia,Oscillospirales,Ruminococcaceae,Incertae_Sedis,None,0.010710808179162609
Bacteria,Actinobacteriota,Coriobacteriia,Coriobacteriales,Eggerthellaceae,Enterorhabdus,metagenome,Bacteria,Firmicutes,Clostridia,Oscillospirales,Ruminococcaceae,Negativibacillus,None,0.010710808179162609
Bacteria,Actinobacteriota,Coriobacteriia,Coriobacteriales,Eggerthellaceae,Enterorhabdus,metagenome,Bacteria,Firmicutes,Clostridia,Oscillospirales,Ruminococcaceae,Ruminococcus,Ruminococcus_champanellensis,0.011684518013631937
Bacteria,Actinobacteriota,Coriobacteriia,Coriobacteriales,Eggerthellaceae,Enterorhabdus,metagenome,Bacteria,Firmicutes,Clostridia,Oscillospirales,Ruminococcaceae,Ruminococcus,None,0.010710808179162609
Bacteria,Actinobacteriota,Coriobacteriia,Coriobacteriales,Eggerthellaceae,Enterorhabdus,metagenome,Bacteria,Firmicutes,Clostridia,Oscillospirales,Ruminococcaceae,Subdoligranulum,None,0.010710808179162609
Bacteria,Actinobacteriota,Coriobacteriia,Coriobacteriales,Eggerthellaceae,Enterorhabdus,metagenome,Bacteria,Firmicutes,Clostridia,Oscillospirales,Ruminococcaceae,UBA1819,None,0.010710808179162609
Bacteria,Actinobacteriota,Coriobacteriia,Coriobacteriales,Eggerthellaceae,Enterorhabdus,metagenome,Bacteria,Firmicutes,Clostridia,Oscillospirales,Ruminococcaceae,Eubacterium_siraeum_group,None,0.010710808179162609
Bacteria,Actinobacteriota,Coriobacteriia,Coriobacteriales,Eggerthellaceae,Enterorhabdus,metagenome,Bacteria,Firmicutes,Clostridia,Oscillospirales,Ruminococcaceae,None,None,0.009737098344693282
Bacteria,Actinobacteriota,Coriobacteriia,Coriobacteriales,Eggerthellaceae,Enterorhabdus,metagenome,Bacteria,Firmicutes,Clostridia,Oscillospirales,UCG-010,None,None,0.009737098344693282
Bacteria,Actinobacteriota,Coriobacteriia,Coriobacteriales,Eggerthellaceae,Enterorhabdus,metagenome,Bacteria,Firmicutes,Clostridia,Oscillospirales,UCG-010,metagenome,None,0.010710808179162609
Bacteria,Actinobacteriota,Coriobacteriia,Coriobacteriales,Eggerthellaceae,Enterorhabdus,metagenome,Bacteria,Firmicutes,Clostridia,Oscillospirales,UCG-010,uncultured_bacterium,None,0.010710808179162609
Bacteria,Actinobacteriota,Coriobacteriia,Coriobacteriales,Eggerthellaceae,Enterorhabdus,metagenome,Bacteria,Firmicutes,Clostridia,Oscillospirales,UCG-010,uncultured_organism,None,0.010710808179162609
Bacteria,Actinobacteriota,Coriobacteriia,Coriobacteriales,Eggerthellaceae,Enterorhabdus,metagenome,Bacteria,Firmicutes,Clostridia,Oscillospirales,Clostridium_methylpentosum_group,None,None,0.009737098344693282
Bacteria,Actinobacteriota,Coriobacteriia,Coriobacteriales,Eggerthellaceae,Enterorhabdus,metagenome,Bacteria,Firmicutes,Clostridia,Oscillospirales,Eubacterium_coprostanoligenes_group,None,None,0.009737098344693282
Bacteria,Actinobacteriota,Coriobacteriia,Coriobacteriales,Eggerthellaceae,Enterorhabdus,metagenome,Bacteria,Firmicutes,Clostridia,Oscillospirales,None,None,None,0.008763388510223954
Bacteria,Actinobacteriota,Coriobacteriia,Coriobacteriales,Eggerthellaceae,Enterorhabdus,metagenome,Bacteria,Firmicutes,Clostridia,Peptococcales,Peptococcaceae,uncultured,None,0.010710808179162609
Bacteria,Actinobacteriota,Coriobacteriia,Coriobacteriales,Eggerthellaceae,Enterorhabdus,metagenome,Bacteria,Firmicutes,Clostridia,Peptostreptococcales-Tissierellales,Anaerovoracaceae,Family_XIII_AD3011_group,metagenome,0.011684518013631937
Bacteria,Actinobacteriota,Coriobacteriia,Coriobacteriales,Eggerthellaceae,Enterorhabdus,metagenome,Bacteria,Firmicutes,Clostridia,Peptostreptococcales-Tissierellales,Anaerovoracaceae,Family_XIII_AD3011_group,None,0.010710808179162609
Bacteria,Actinobacteriota,Coriobacteriia,Coriobacteriales,Eggerthellaceae,Enterorhabdus,metagenome,Bacteria,Firmicutes,Clostridia,Peptostreptococcales-Tissierellales,Anaerovoracaceae,Family_XIII_AD3011_group,uncultured,0.011684518013631937
Bacteria,Actinobacteriota,Coriobacteriia,Coriobacteriales,Eggerthellaceae,Enterorhabdus,metagenome,Bacteria,Firmicutes,Clostridia,Peptostreptococcales-Tissierellales,Anaerovoracaceae,Family_XIII_UCG-001,metagenome,0.011684518013631937
Bacteria,Actinobacteriota,Coriobacteriia,Coriobacteriales,Eggerthellaceae,Enterorhabdus,metagenome,Bacteria,Firmicutes,Clostridia,Peptostreptococcales-Tissierellales,Anaerovoracaceae,Eubacterium_nodatum_group,None,0.010710808179162609
Bacteria,Actinobacteriota,Coriobacteriia,Coriobacteriales,Eggerthellaceae,Enterorhabdus,metagenome,Bacteria,Firmicutes,Clostridia,Peptostreptococcales-Tissierellales,Anaerovoracaceae,None,None,0.009737098344693282
Bacteria,Actinobacteriota,Coriobacteriia,Coriobacteriales,Eggerthellaceae,Enterorhabdus,metagenome,Bacteria,Firmicutes,Clostridia,Peptostreptococcales-Tissierellales,Parvimonas,None,None,0.009737098344693282
Bacteria,Actinobacteriota,Coriobacteriia,Coriobacteriales,Eggerthellaceae,Enterorhabdus,metagenome,Bacteria,Firmicutes,Clostridia,None,None,None,None,0.007789678675754625
Bacteria,Actinobacteriota,Coriobacteriia,Coriobacteriales,Eggerthellaceae,Enterorhabdus,metagenome,Bacteria,Firmicutes,Incertae_Sedis,DTU014,unidentified,None,None,0.009737098344693282
Bacteria,Actinobacteriota,Coriobacteriia,Coriobacteriales,Eggerthellaceae,Enterorhabdus,metagenome,Bacteria,Firmicutes,Limnochordia,M55-D21,uncultured_compost_bacterium,None,None,0.009737098344693282
Bacteria,Actinobacteriota,Coriobacteriia,Coriobacteriales,Eggerthellaceae,Enterorhabdus,metagenome,Bacteria,Firmicutes,Negativicutes,Acidaminococcales,Acidaminococcaceae,Phascolarctobacterium,None,0.010710808179162609
Bacteria,Actinobacteriota,Coriobacteriia,Coriobacteriales,Eggerthellaceae,Enterorhabdus,metagenome,Bacteria,Firmicutes,None,None,None,None,None,0.006815968841285297
Bacteria,Actinobacteriota,Coriobacteriia,Coriobacteriales,Eggerthellaceae,Enterorhabdus,metagenome,Bacteria,Firmicutes,uncultured,uncultured_Peptococcaceae_bacterium,None,None,None,0.008763388510223954
Bacteria,Actinobacteriota,Coriobacteriia,Coriobacteriales,Eggerthellaceae,Enterorhabdus,metagenome,Bacteria,Proteobacteria,Alphaproteobacteria,Rhodospirillales,uncultured,None,None,0.009737098344693282
Bacteria,Actinobacteriota,Coriobacteriia,Coriobacteriales,Eggerthellaceae,Enterorhabdus,metagenome,Bacteria,Proteobacteria,Gammaproteobacteria,Burkholderiales,Sutterellaceae,Sutterella,Sutterella_sp._252,0.011684518013631937
Bacteria,Actinobacteriota,Coriobacteriia,Coriobacteriales,Eggerthellaceae,Enterorhabdus,metagenome,Bacteria,Proteobacteria,Gammaproteobacteria,Enterobacterales,Enterobacteriaceae,Escherichia-Shigella,None,0.010710808179162609
Bacteria,Actinobacteriota,Coriobacteriia,Coriobacteriales,Eggerthellaceae,Enterorhabdus,metagenome,Bacteria,Proteobacteria,Gammaproteobacteria,Enterobacterales,Enterobacteriaceae,Klebsiella,None,0.010710808179162609
Bacteria,Actinobacteriota,Coriobacteriia,Coriobacteriales,Eggerthellaceae,Enterorhabdus,metagenome,Bacteria,Proteobacteria,Gammaproteobacteria,Enterobacterales,Enterobacteriaceae,None,None,0.009737098344693282
Bacteria,Actinobacteriota,Coriobacteriia,Coriobacteriales,Eggerthellaceae,Enterorhabdus,metagenome,Bacteria,Proteobacteria,Gammaproteobacteria,Pseudomonadales,Pseudomonadaceae,Pseudomonas,None,0.010710808179162609
Bacteria,Actinobacteriota,Coriobacteriia,Coriobacteriales,Eggerthellaceae,Enterorhabdus,metagenome,Bacteria,Synergistota,Synergistia,Synergistales,Synergistaceae,Cloacibacillus,None,0.010710808179162609
Bacteria,Actinobacteriota,Coriobacteriia,Coriobacteriales,Eggerthellaceae,Enterorhabdus,metagenome,Bacteria,Verrucomicrobiota,Verrucomicrobiae,Verrucomicrobiales,Akkermansiaceae,Akkermansia,None,0.010710808179162609
Bacteria,Bacteroidetes,Bacteroidia,Bacteroidales,Bacteroidaceae,Bacteroides,Bacteroides_ovatus,Bacteria,Bacteroidetes,Bacteroidia,Bacteroidales,Bacteroidaceae,Bacteroides,Bacteroides_stercorirosoris,0.0019474196689386564
Bacteria,Bacteroidetes,Bacteroidia,Bacteroidales,Bacteroidaceae,Bacteroides,Bacteroides_ovatus,Bacteria,Bacteroidetes,Bacteroidia,Bacteroidales,Bacteroidaceae,Bacteroides,Bacteroides_uniformis,0.0019474196689386564
Bacteria,Bacteroidetes,Bacteroidia,Bacteroidales,Bacteroidaceae,Bacteroides,Bacteroides_ovatus,Bacteria,Bacteroidetes,Bacteroidia,Bacteroidales,Bacteroidaceae,Bacteroides,None,0.0009737098344693282
Bacteria,Bacteroidetes,Bacteroidia,Bacteroidales,Bacteroidaceae,Bacteroides,Bacteroides_ovatus,Bacteria,Bacteroidetes,Bacteroidia,Bacteroidales,Barnesiellaceae,Barnesiella,None,0.004868549172346641
Bacteria,Bacteroidetes,Bacteroidia,Bacteroidales,Bacteroidaceae,Bacteroides,Bacteroides_ovatus,Bacteria,Bacteroidetes,Bacteroidia,Bacteroidales,Marinifilaceae,Butyricimonas,None,0.004868549172346641
Bacteria,Bacteroidetes,Bacteroidia,Bacteroidales,Bacteroidaceae,Bacteroides,Bacteroides_ovatus,Bacteria,Bacteroidetes,Bacteroidia,Bacteroidales,Marinifilaceae,Odoribacter,None,0.004868549172346641
Bacteria,Bacteroidetes,Bacteroidia,Bacteroidales,Bacteroidaceae,Bacteroides,Bacteroides_ovatus,Bacteria,Bacteroidetes,Bacteroidia,Bacteroidales,Marinifilaceae,Sanguibacteroides,None,0.004868549172346641
Bacteria,Bacteroidetes,Bacteroidia,Bacteroidales,Bacteroidaceae,Bacteroides,Bacteroides_ovatus,Bacteria,Bacteroidetes,Bacteroidia,Bacteroidales,Rikenellaceae,Alistipes,Alistipes_ihumii_AP11,0.005842259006815969
Bacteria,Bacteroidetes,Bacteroidia,Bacteroidales,Bacteroidaceae,Bacteroides,Bacteroides_ovatus,Bacteria,Bacteroidetes,Bacteroidia,Bacteroidales,Rikenellaceae,Alistipes,Alistipes_sp._cv1,0.005842259006815969
Bacteria,Bacteroidetes,Bacteroidia,Bacteroidales,Bacteroidaceae,Bacteroides,Bacteroides_ovatus,Bacteria,Bacteroidetes,Bacteroidia,Bacteroidales,Rikenellaceae,Alistipes,Bacteroidetes_bacterium_Eg28,0.005842259006815969
Bacteria,Bacteroidetes,Bacteroidia,Bacteroidales,Bacteroidaceae,Bacteroides,Bacteroides_ovatus,Bacteria,Bacteroidetes,Bacteroidia,Bacteroidales,Rikenellaceae,Alistipes,None,0.004868549172346641
Bacteria,Bacteroidetes,Bacteroidia,Bacteroidales,Bacteroidaceae,Bacteroides,Bacteroides_ovatus,Bacteria,Bacteroidetes,Bacteroidia,Bacteroidales,Tannerellaceae,Parabacteroides,Parabacteroides_goldsteinii,0.005842259006815969
Bacteria,Bacteroidetes,Bacteroidia,Bacteroidales,Bacteroidaceae,Bacteroides,Bacteroides_ovatus,Bacteria,Bacteroidetes,Bacteroidia,Bacteroidales,Tannerellaceae,Parabacteroides,None,0.004868549172346641
Bacteria,Bacteroidetes,Bacteroidia,Bacteroidales,Bacteroidaceae,Bacteroides,Bacteroides_ovatus,Bacteria,Bacteroidetes,Bacteroidia,Flavobacteriales,Flavobacteriaceae,uncultured,metagenome,0.007789678675754625
Bacteria,Bacteroidetes,Bacteroidia,Bacteroidales,Bacteroidaceae,Bacteroides,Bacteroides_ovatus,Bacteria,Cyanobacteria/Chloroplast,Cyanobacteria.XI,GpXI,None,None,None,0.008763388510223954
Bacteria,Bacteroidetes,Bacteroidia,Bacteroidales,Bacteroidaceae,Bacteroides,Bacteroides_ovatus,Bacteria,Desulfobacterota,Desulfovibrionia,Desulfovibrionales,Desulfovibrionaceae,Desulfovibrio,None,0.010710808179162609
Bacteria,Bacteroidetes,Bacteroidia,Bacteroidales,Bacteroidaceae,Bacteroides,Bacteroides_ovatus,Bacteria,Firmicutes,Bacilli,Erysipelotrichales,Erysipelatoclostridiaceae,Erysipelatoclostridium,Clostridium_spiroforme_DSM_1552,0.011684518013631937
Bacteria,Bacteroidetes,Bacteroidia,Bacteroidales,Bacteroidaceae,Bacteroides,Bacteroides_ovatus,Bacteria,Firmicutes,Bacilli,Erysipelotrichales,Erysipelatoclostridiaceae,Erysipelatoclostridium,None,0.010710808179162609
Bacteria,Bacteroidetes,Bacteroidia,Bacteroidales,Bacteroidaceae,Bacteroides,Bacteroides_ovatus,Bacteria,Firmicutes,Bacilli,Erysipelotrichales,Erysipelotrichaceae,Faecalitalea,None,0.010710808179162609
Bacteria,Bacteroidetes,Bacteroidia,Bacteroidales,Bacteroidaceae,Bacteroides,Bacteroides_ovatus,Bacteria,Firmicutes,Bacilli,Erysipelotrichales,Erysipelotrichaceae,Holdemanella,None,0.010710808179162609
Bacteria,Bacteroidetes,Bacteroidia,Bacteroidales,Bacteroidaceae,Bacteroides,Bacteroides_ovatus,Bacteria,Firmicutes,Bacilli,Erysipelotrichales,Erysipelotrichaceae,Holdemania,None,0.010710808179162609
Bacteria,Bacteroidetes,Bacteroidia,Bacteroidales,Bacteroidaceae,Bacteroides,Bacteroides_ovatus,Bacteria,Firmicutes,Bacilli,Erysipelotrichales,Erysipelotrichaceae,Clostridium_innocuum_group,None,0.010710808179162609
Bacteria,Bacteroidetes,Bacteroidia,Bacteroidales,Bacteroidaceae,Bacteroides,Bacteroides_ovatus,Bacteria,Firmicutes,Bacilli,Izemoplasmatales,human_gut_metagenome,None,None,0.009737098344693282
Bacteria,Bacteroidetes,Bacteroidia,Bacteroidales,Bacteroidaceae,Bacteroides,Bacteroides_ovatus,Bacteria,Firmicutes,Bacilli,Lactobacillales,Lactobacillaceae,Lactobacillus,Lactobacillus_mucosae,0.011684518013631937
Bacteria,Bacteroidetes,Bacteroidia,Bacteroidales,Bacteroidaceae,Bacteroides,Bacteroides_ovatus,Bacteria,Firmicutes,Bacilli,Lactobacillales,Streptococcaceae,Lactococcus,None,0.010710808179162609
Bacteria,Bacteroidetes,Bacteroidia,Bacteroidales,Bacteroidaceae,Bacteroides,Bacteroides_ovatus,Bacteria,Firmicutes,Bacilli,Lactobacillales,Streptococcaceae,Streptococcus,Streptococcus_sp._oral_taxon_065,0.011684518013631937
Bacteria,Bacteroidetes,Bacteroidia,Bacteroidales,Bacteroidaceae,Bacteroides,Bacteroides_ovatus,Bacteria,Firmicutes,Bacilli,Lactobacillales,Streptococcaceae,Streptococcus,None,0.010710808179162609
Bacteria,Bacteroidetes,Bacteroidia,Bacteroidales,Bacteroidaceae,Bacteroides,Bacteroides_ovatus,Bacteria,Firmicutes,Clostridia,Christensenellales,Christensenellaceae,Christensenellaceae_R-7_group,Christensenella_sp._Marseille-P3954,0.011684518013631937
Bacteria,Bacteroidetes,Bacteroidia,Bacteroidales,Bacteroidaceae,Bacteroides,Bacteroides_ovatus,Bacteria,Firmicutes,Clostridia,Christensenellales,Christensenellaceae,Christensenellaceae_R-7_group,Clostridiales_bacterium_Marseille-P2846,0.011684518013631937
Bacteria,Bacteroidetes,Bacteroidia,Bacteroidales,Bacteroidaceae,Bacteroides,Bacteroides_ovatus,Bacteria,Firmicutes,Clostridia,Christensenellales,Christensenellaceae,Christensenellaceae_R-7_group,None,0.010710808179162609
Bacteria,Bacteroidetes,Bacteroidia,Bacteroidales,Bacteroidaceae,Bacteroides,Bacteroides_ovatus,Bacteria,Firmicutes,Clostridia,Christensenellales,Christensenellaceae,Christensenellaceae_R-7_group,bacterium_YE57,0.011684518013631937
Bacteria,Bacteroidetes,Bacteroidia,Bacteroidales,Bacteroidaceae,Bacteroides,Bacteroides_ovatus,Bacteria,Firmicutes,Clostridia,Christensenellales,Christensenellaceae,Christensenellaceae_R-7_group,metagenome,0.011684518013631937
Bacteria,Bacteroidetes,Bacteroidia,Bacteroidales,Bacteroidaceae,Bacteroides,Bacteroides_ovatus,Bacteria,Firmicutes,Clostridia,Christensenellales,Christensenellaceae,Christensenellaceae_R-7_group,uncultured_Firmicutes_bacterium,0.011684518013631937
Bacteria,Bacteroidetes,Bacteroidia,Bacteroidales,Bacteroidaceae,Bacteroides,Bacteroides_ovatus,Bacteria,Firmicutes,Clostridia,Christensenellales,Christensenellaceae,Christensenellaceae_R-7_group,uncultured_marine_bacterium,0.011684518013631937
Bacteria,Bacteroidetes,Bacteroidia,Bacteroidales,Bacteroidaceae,Bacteroides,Bacteroides_ovatus,Bacteria,Firmicutes,Clostridia,Christensenellales,Christensenellaceae,Christensenellaceae_R-7_group,uncultured_organism,0.011684518013631937
Bacteria,Bacteroidetes,Bacteroidia,Bacteroidales,Bacteroidaceae,Bacteroides,Bacteroides_ovatus,Bacteria,Firmicutes,Clostridia,Christensenellales,Christensenellaceae,None,None,0.009737098344693282
Bacteria,Bacteroidetes,Bacteroidia,Bacteroidales,Bacteroidaceae,Bacteroides,Bacteroides_ovatus,Bacteria,Firmicutes,Clostridia,Clostridia_vadinBB60_group,metagenome,None,None,0.009737098344693282
Bacteria,Bacteroidetes,Bacteroidia,Bacteroidales,Bacteroidaceae,Bacteroides,Bacteroides_ovatus,Bacteria,Firmicutes,Clostridia,Clostridia_vadinBB60_group,wastewater_metagenome,None,None,0.009737098344693282
Bacteria,Bacteroidetes,Bacteroidia,Bacteroidales,Bacteroidaceae,Bacteroides,Bacteroides_ovatus,Bacteria,Firmicutes,Clostridia,Clostridiales,Christensenellaceae,Christensenella,PAC001427,0.011684518013631937
Bacteria,Bacteroidetes,Bacteroidia,Bacteroidales,Bacteroidaceae,Bacteroides,Bacteroides_ovatus,Bacteria,Firmicutes,Clostridia,Clostridiales,Christensenellaceae,Christensenella,PAC002297,0.011684518013631937
Bacteria,Bacteroidetes,Bacteroidia,Bacteroidales,Bacteroidaceae,Bacteroides,Bacteroides_ovatus,Bacteria,Firmicutes,Clostridia,Clostridiales,Christensenellaceae,PAC001115,PAC001444,0.011684518013631937
Bacteria,Bacteroidetes,Bacteroidia,Bacteroidales,Bacteroidaceae,Bacteroides,Bacteroides_ovatus,Bacteria,Firmicutes,Clostridia,Clostridiales,Christensenellaceae,PAC001437,PAC001486,0.011684518013631937
Bacteria,Bacteroidetes,Bacteroidia,Bacteroidales,Bacteroidaceae,Bacteroides,Bacteroides_ovatus,Bacteria,Firmicutes,Clostridia,Clostridiales,Christensenellaceae,PAC001437,PAC002305,0.011684518013631937
Bacteria,Bacteroidetes,Bacteroidia,Bacteroidales,Bacteroidaceae,Bacteroides,Bacteroides_ovatus,Bacteria,Firmicutes,Clostridia,Clostridiales,Christensenellaceae,PAC002510,PAC002510,0.011684518013631937
Bacteria,Bacteroidetes,Bacteroidia,Bacteroidales,Bacteroidaceae,Bacteroides,Bacteroides_ovatus,Bacteria,Firmicutes,Clostridia,Clostridiales,Dehalobacterium,PAC002141,PAC002141,0.011684518013631937
Bacteria,Bacteroidetes,Bacteroidia,Bacteroidales,Bacteroidaceae,Bacteroides,Bacteroides_ovatus,Bacteria,Firmicutes,Clostridia,Clostridiales,Ruminococcaceae,PAC000742,PAC000742,0.011684518013631937
Bacteria,Bacteroidetes,Bacteroidia,Bacteroidales,Bacteroidaceae,Bacteroides,Bacteroides_ovatus,Bacteria,Firmicutes,Clostridia,Clostridiales,Ruminococcaceae,PAC001144,PAC001620,0.011684518013631937
Bacteria,Bacteroidetes,Bacteroidia,Bacteroidales,Bacteroidaceae,Bacteroides,Bacteroides_ovatus,Bacteria,Firmicutes,Clostridia,Clostridiales,Ruminococcaceae,PAC001313,PAC001649,0.011684518013631937
Bacteria,Bacteroidetes,Bacteroidia,Bacteroidales,Bacteroidaceae,Bacteroides,Bacteroides_ovatus,Bacteria,Firmicutes,Clostridia,Clostridiales,Ruminococcaceae,PAC002201,PAC002201,0.011684518013631937
Bacteria,Bacteroidetes,Bacteroidia,Bacteroidales,Bacteroidaceae,Bacteroides,Bacteroides_ovatus,Bacteria,Firmicutes,Clostridia,Eubacteriales,Eubacteriaceae,Eubacterium,None,0.010710808179162609
Bacteria,Bacteroidetes,Bacteroidia,Bacteroidales,Bacteroidaceae,Bacteroides,Bacteroides_ovatus,Bacteria,Firmicutes,Clostridia,Lachnospirales,Lachnospiraceae,Agathobacter,None,0.010710808179162609
Bacteria,Bacteroidetes,Bacteroidia,Bacteroidales,Bacteroidaceae,Bacteroides,Bacteroides_ovatus,Bacteria,Firmicutes,Clostridia,Lachnospirales,Lachnospiraceae,Anaerostipes,None,0.010710808179162609
Bacteria,Bacteroidetes,Bacteroidia,Bacteroidales,Bacteroidaceae,Bacteroides,Bacteroides_ovatus,Bacteria,Firmicutes,Clostridia,Lachnospirales,Lachnospiraceae,Blautia,None,0.010710808179162609
Bacteria,Bacteroidetes,Bacteroidia,Bacteroidales,Bacteroidaceae,Bacteroides,Bacteroides_ovatus,Bacteria,Firmicutes,Clostridia,Lachnospirales,Lachnospiraceae,Blautia,bacterium_mpn-isolate_group_20,0.011684518013631937
Bacteria,Bacteroidetes,Bacteroidia,Bacteroidales,Bacteroidaceae,Bacteroides,Bacteroides_ovatus,Bacteria,Firmicutes,Clostridia,Lachnospirales,Lachnospiraceae,Blautia,uncultured_Blautia_sp.,0.011684518013631937
Bacteria,Bacteroidetes,Bacteroidia,Bacteroidales,Bacteroidaceae,Bacteroides,Bacteroides_ovatus,Bacteria,Firmicutes,Clostridia,Lachnospirales,Lachnospiraceae,Coprococcus,None,0.010710808179162609
Bacteria,Bacteroidetes,Bacteroidia,Bacteroidales,Bacteroidaceae,Bacteroides,Bacteroides_ovatus,Bacteria,Firmicutes,Clostridia,Lachnospirales,Lachnospiraceae,Coprococcus,uncultured_Coprococcus_sp.,0.011684518013631937
Bacteria,Bacteroidetes,Bacteroidia,Bacteroidales,Bacteroidaceae,Bacteroides,Bacteroides_ovatus,Bacteria,Firmicutes,Clostridia,Lachnospirales,Lachnospiraceae,Dorea,None,0.010710808179162609
Bacteria,Bacteroidetes,Bacteroidia,Bacteroidales,Bacteroidaceae,Bacteroides,Bacteroides_ovatus,Bacteria,Firmicutes,Clostridia,Lachnospirales,Lachnospiraceae,Eisenbergiella,None,0.010710808179162609
Bacteria,Bacteroidetes,Bacteroidia,Bacteroidales,Bacteroidaceae,Bacteroides,Bacteroides_ovatus,Bacteria,Firmicutes,Clostridia,Lachnospirales,Lachnospiraceae,Frisingicoccus,None,0.010710808179162609
Bacteria,Bacteroidetes,Bacteroidia,Bacteroidales,Bacteroidaceae,Bacteroides,Bacteroides_ovatus,Bacteria,Firmicutes,Clostridia,Lachnospirales,Lachnospiraceae,Fusicatenibacter,uncultured_Lachnospiraceae_bacterium,0.011684518013631937
Bacteria,Bacteroidetes,Bacteroidia,Bacteroidales,Bacteroidaceae,Bacteroides,Bacteroides_ovatus,Bacteria,Firmicutes,Clostridia,Lachnospirales,Lachnospiraceae,GCA-900066575,None,0.010710808179162609
Bacteria,Bacteroidetes,Bacteroidia,Bacteroidales,Bacteroidaceae,Bacteroides,Bacteroides_ovatus,Bacteria,Firmicutes,Clostridia,Lachnospirales,Lachnospiraceae,GCA-900066575,metagenome,0.011684518013631937
Bacteria,Bacteroidetes,Bacteroidia,Bacteroidales,Bacteroidaceae,Bacteroides,Bacteroides_ovatus,Bacteria,Firmicutes,Clostridia,Lachnospirales,Lachnospiraceae,GCA-900066755,None,0.010710808179162609
Bacteria,Bacteroidetes,Bacteroidia,Bacteroidales,Bacteroidaceae,Bacteroides,Bacteroides_ovatus,Bacteria,Firmicutes,Clostridia,Lachnospirales,Lachnospiraceae,Hungatella,metagenome,0.011684518013631937
Bacteria,Bacteroidetes,Bacteroidia,Bacteroidales,Bacteroidaceae,Bacteroides,Bacteroides_ovatus,Bacteria,Firmicutes,Clostridia,Lachnospirales,Lachnospiraceae,Lachnoclostridium,Clostridium_symbiosum,0.011684518013631937
Bacteria,Bacteroidetes,Bacteroidia,Bacteroidales,Bacteroidaceae,Bacteroides,Bacteroides_ovatus,Bacteria,Firmicutes,Clostridia,Lachnospirales,Lachnospiraceae,Lachnoclostridium,None,0.010710808179162609
Bacteria,Bacteroidetes,Bacteroidia,Bacteroidales,Bacteroidaceae,Bacteroides,Bacteroides_ovatus,Bacteria,Firmicutes,Clostridia,Lachnospirales,Lachnospiraceae,Lachnoclostridium,uncultured_Lachnospiraceae_bacterium,0.011684518013631937
Bacteria,Bacteroidetes,Bacteroidia,Bacteroidales,Bacteroidaceae,Bacteroides,Bacteroides_ovatus,Bacteria,Firmicutes,Clostridia,Lachnospirales,Lachnospiraceae,Lachnospiraceae_ND3007_group,metagenome,0.011684518013631937
Bacteria,Bacteroidetes,Bacteroidia,Bacteroidales,Bacteroidaceae,Bacteroides,Bacteroides_ovatus,Bacteria,Firmicutes,Clostridia,Lachnospirales,Lachnospiraceae,Lachnospiraceae_NK4A136_group,None,0.010710808179162609
Bacteria,Bacteroidetes,Bacteroidia,Bacteroidales,Bacteroidaceae,Bacteroides,Bacteroides_ovatus,Bacteria,Firmicutes,Clostridia,Lachnospirales,Lachnospiraceae,Lachnospiraceae_NK4A136_group,uncultured_Lachnospiraceae_bacterium,0.011684518013631937
Bacteria,Bacteroidetes,Bacteroidia,Bacteroidales,Bacteroidaceae,Bacteroides,Bacteroides_ovatus,Bacteria,Firmicutes,Clostridia,Lachnospirales,Lachnospiraceae,Lachnospiraceae_NK4A136_group,uncultured_bacterium_Adhufec49.25,0.011684518013631937
Bacteria,Bacteroidetes,Bacteroidia,Bacteroidales,Bacteroidaceae,Bacteroides,Bacteroides_ovatus,Bacteria,Firmicutes,Clostridia,Lachnospirales,Lachnospiraceae,Lachnospiraceae_NK4B4_group,None,0.010710808179162609
Bacteria,Bacteroidetes,Bacteroidia,Bacteroidales,Bacteroidaceae,Bacteroides,Bacteroides_ovatus,Bacteria,Firmicutes,Clostridia,Lachnospirales,Lachnospiraceae,Lachnospiraceae_UCG-001,metagenome,0.011684518013631937
Bacteria,Bacteroidetes,Bacteroidia,Bacteroidales,Bacteroidaceae,Bacteroides,Bacteroides_ovatus,Bacteria,Firmicutes,Clostridia,Lachnospirales,Lachnospiraceae,Lachnospiraceae_UCG-004,None,0.010710808179162609
Bacteria,Bacteroidetes,Bacteroidia,Bacteroidales,Bacteroidaceae,Bacteroides,Bacteroides_ovatus,Bacteria,Firmicutes,Clostridia,Lachnospirales,Lachnospiraceae,Lachnospiraceae_UCG-008,metagenome,0.011684518013631937
Bacteria,Bacteroidetes,Bacteroidia,Bacteroidales,Bacteroidaceae,Bacteroides,Bacteroides_ovatus,Bacteria,Firmicutes,Clostridia,Lachnospirales,Lachnospiraceae,Lachnospiraceae_UCG-010,None,0.010710808179162609
Bacteria,Bacteroidetes,Bacteroidia,Bacteroidales,Bacteroidaceae,Bacteroides,Bacteroides_ovatus,Bacteria,Firmicutes,Clostridia,Lachnospirales,Lachnospiraceae,Marvinbryantia,None,0.010710808179162609
Bacteria,Bacteroidetes,Bacteroidia,Bacteroidales,Bacteroidaceae,Bacteroides,Bacteroides_ovatus,Bacteria,Firmicutes,Clostridia,Lachnospirales,Lachnospiraceae,Marvinbryantia,unidentified,0.011684518013631937
Bacteria,Bacteroidetes,Bacteroidia,Bacteroidales,Bacteroidaceae,Bacteroides,Bacteroides_ovatus,Bacteria,Firmicutes,Clostridia,Lachnospirales,Lachnospiraceae,Roseburia,None,0.010710808179162609
Bacteria,Bacteroidetes,Bacteroidia,Bacteroidales,Bacteroidaceae,Bacteroides,Bacteroides_ovatus,Bacteria,Firmicutes,Clostridia,Lachnospirales,Lachnospiraceae,Roseburia,gut_metagenome,0.011684518013631937
Bacteria,Bacteroidetes,Bacteroidia,Bacteroidales,Bacteroidaceae,Bacteroides,Bacteroides_ovatus,Bacteria,Firmicutes,Clostridia,Lachnospirales,Lachnospiraceae,Tuzzerella,None,0.010710808179162609
Bacteria,Bacteroidetes,Bacteroidia,Bacteroidales,Bacteroidaceae,Bacteroides,Bacteroides_ovatus,Bacteria,Firmicutes,Clostridia,Lachnospirales,Lachnospiraceae,Tyzzerella,None,0.010710808179162609
Bacteria,Bacteroidetes,Bacteroidia,Bacteroidales,Bacteroidaceae,Bacteroides,Bacteroides_ovatus,Bacteria,Firmicutes,Clostridia,Lachnospirales,Lachnospiraceae,Eubacterium_hallii_group,None,0.010710808179162609
Bacteria,Bacteroidetes,Bacteroidia,Bacteroidales,Bacteroidaceae,Bacteroides,Bacteroides_ovatus,Bacteria,Firmicutes,Clostridia,Lachnospirales,Lachnospiraceae,Eubacterium_ventriosum_group,metagenome,0.011684518013631937
Bacteria,Bacteroidetes,Bacteroidia,Bacteroidales,Bacteroidaceae,Bacteroides,Bacteroides_ovatus,Bacteria,Firmicutes,Clostridia,Lachnospirales,Lachnospiraceae,Ruminococcus_gauvreauii_group,uncultured_Lachnospiraceae_bacterium,0.011684518013631937
Bacteria,Bacteroidetes,Bacteroidia,Bacteroidales,Bacteroidaceae,Bacteroides,Bacteroides_ovatus,Bacteria,Firmicutes,Clostridia,Lachnospirales,Lachnospiraceae,Ruminococcus_gnavus_group,None,0.010710808179162609
Bacteria,Bacteroidetes,Bacteroidia,Bacteroidales,Bacteroidaceae,Bacteroides,Bacteroides_ovatus,Bacteria,Firmicutes,Clostridia,Lachnospirales,Lachnospiraceae,Ruminococcus_torques_group,Clostridiaceae_bacterium_LEMV78,0.011684518013631937
Bacteria,Bacteroidetes,Bacteroidia,Bacteroidales,Bacteroidaceae,Bacteroides,Bacteroides_ovatus,Bacteria,Firmicutes,Clostridia,Lachnospirales,Lachnospiraceae,Ruminococcus_torques_group,None,0.010710808179162609
Bacteria,Bacteroidetes,Bacteroidia,Bacteroidales,Bacteroidaceae,Bacteroides,Bacteroides_ovatus,Bacteria,Firmicutes,Clostridia,Lachnospirales,Lachnospiraceae,None,None,0.009737098344693282
Bacteria,Bacteroidetes,Bacteroidia,Bacteroidales,Bacteroidaceae,Bacteroides,Bacteroides_ovatus,Bacteria,Firmicutes,Clostridia,Lachnospirales,Lachnospiraceae,uncultured,None,0.010710808179162609
Bacteria,Bacteroidetes,Bacteroidia,Bacteroidales,Bacteroidaceae,Bacteroides,Bacteroides_ovatus,Bacteria,Firmicutes,Clostridia,Monoglobales,Monoglobaceae,Monoglobus,None,0.010710808179162609
Bacteria,Bacteroidetes,Bacteroidia,Bacteroidales,Bacteroidaceae,Bacteroides,Bacteroides_ovatus,Bacteria,Firmicutes,Clostridia,Oscillospirales,Butyricicoccaceae,Butyricicoccus,None,0.010710808179162609
Bacteria,Bacteroidetes,Bacteroidia,Bacteroidales,Bacteroidaceae,Bacteroides,Bacteroides_ovatus,Bacteria,Firmicutes,Clostridia,Oscillospirales,Hydrogenoanaerobacterium,None,None,0.009737098344693282
Bacteria,Bacteroidetes,Bacteroidia,Bacteroidales,Bacteroidaceae,Bacteroides,Bacteroides_ovatus,Bacteria,Firmicutes,Clostridia,Oscillospirales,Oscillospiraceae,Colidextribacter,None,0.010710808179162609
Bacteria,Bacteroidetes,Bacteroidia,Bacteroidales,Bacteroidaceae,Bacteroides,Bacteroides_ovatus,Bacteria,Firmicutes,Clostridia,Oscillospirales,Oscillospiraceae,Colidextribacter,metagenome,0.011684518013631937
Bacteria,Bacteroidetes,Bacteroidia,Bacteroidales,Bacteroidaceae,Bacteroides,Bacteroides_ovatus,Bacteria,Firmicutes,Clostridia,Oscillospirales,Oscillospiraceae,Flavonifractor,None,0.010710808179162609
Bacteria,Bacteroidetes,Bacteroidia,Bacteroidales,Bacteroidaceae,Bacteroides,Bacteroides_ovatus,Bacteria,Firmicutes,Clostridia,Oscillospirales,Oscillospiraceae,Intestinimonas,None,0.010710808179162609
Bacteria,Bacteroidetes,Bacteroidia,Bacteroidales,Bacteroidaceae,Bacteroides,Bacteroides_ovatus,Bacteria,Firmicutes,Clostridia,Oscillospirales,Oscillospiraceae,Intestinimonas,uncultured,0.011684518013631937
Bacteria,Bacteroidetes,Bacteroidia,Bacteroidales,Bacteroidaceae,Bacteroides,Bacteroides_ovatus,Bacteria,Firmicutes,Clostridia,Oscillospirales,Oscillospiraceae,NK4A214_group,None,0.010710808179162609
Bacteria,Bacteroidetes,Bacteroidia,Bacteroidales,Bacteroidaceae,Bacteroides,Bacteroides_ovatus,Bacteria,Firmicutes,Clostridia,Oscillospirales,Oscillospiraceae,Oscillibacter,None,0.010710808179162609
Bacteria,Bacteroidetes,Bacteroidia,Bacteroidales,Bacteroidaceae,Bacteroides,Bacteroides_ovatus,Bacteria,Firmicutes,Clostridia,Oscillospirales,Oscillospiraceae,Oscillibacter,metagenome,0.011684518013631937
Bacteria,Bacteroidetes,Bacteroidia,Bacteroidales,Bacteroidaceae,Bacteroides,Bacteroides_ovatus,Bacteria,Firmicutes,Clostridia,Oscillospirales,Oscillospiraceae,Oscillospira,None,0.010710808179162609
Bacteria,Bacteroidetes,Bacteroidia,Bacteroidales,Bacteroidaceae,Bacteroides,Bacteroides_ovatus,Bacteria,Firmicutes,Clostridia,Oscillospirales,Oscillospiraceae,UCG-002,None,0.010710808179162609
Bacteria,Bacteroidetes,Bacteroidia,Bacteroidales,Bacteroidaceae,Bacteroides,Bacteroides_ovatus,Bacteria,Firmicutes,Clostridia,Oscillospirales,Oscillospiraceae,UCG-003,None,0.010710808179162609
Bacteria,Bacteroidetes,Bacteroidia,Bacteroidales,Bacteroidaceae,Bacteroides,Bacteroides_ovatus,Bacteria,Firmicutes,Clostridia,Oscillospirales,Oscillospiraceae,UCG-005,None,0.010710808179162609
Bacteria,Bacteroidetes,Bacteroidia,Bacteroidales,Bacteroidaceae,Bacteroides,Bacteroides_ovatus,Bacteria,Firmicutes,Clostridia,Oscillospirales,Oscillospiraceae,UCG-005,metagenome,0.011684518013631937
Bacteria,Bacteroidetes,Bacteroidia,Bacteroidales,Bacteroidaceae,Bacteroides,Bacteroides_ovatus,Bacteria,Firmicutes,Clostridia,Oscillospirales,Oscillospiraceae,UCG-005,uncultured_Clostridiales_bacterium,0.011684518013631937
Bacteria,Bacteroidetes,Bacteroidia,Bacteroidales,Bacteroidaceae,Bacteroides,Bacteroides_ovatus,Bacteria,Firmicutes,Clostridia,Oscillospirales,Oscillospiraceae,UCG-005,uncultured_rumen_bacterium,0.011684518013631937
Bacteria,Bacteroidetes,Bacteroidia,Bacteroidales,Bacteroidaceae,Bacteroides,Bacteroides_ovatus,Bacteria,Firmicutes,Clostridia,Oscillospirales,Oscillospiraceae,None,None,0.009737098344693282
Bacteria,Bacteroidetes,Bacteroidia,Bacteroidales,Bacteroidaceae,Bacteroides,Bacteroides_ovatus,Bacteria,Firmicutes,Clostridia,Oscillospirales,Oscillospiraceae,uncultured,metagenome,0.011684518013631937
Bacteria,Bacteroidetes,Bacteroidia,Bacteroidales,Bacteroidaceae,Bacteroides,Bacteroides_ovatus,Bacteria,Firmicutes,Clostridia,Oscillospirales,Oscillospiraceae,uncultured,unidentified,0.011684518013631937
Bacteria,Bacteroidetes,Bacteroidia,Bacteroidales,Bacteroidaceae,Bacteroides,Bacteroides_ovatus,Bacteria,Firmicutes,Clostridia,Oscillospirales,Ruminococcaceae,Anaerofilum,uncultured_Firmicutes_bacterium,0.011684518013631937
Bacteria,Bacteroidetes,Bacteroidia,Bacteroidales,Bacteroidaceae,Bacteroides,Bacteroides_ovatus,Bacteria,Firmicutes,Clostridia,Oscillospirales,Ruminococcaceae,Anaerotruncus,Anaerotruncus_rubiinfantis,0.011684518013631937
Bacteria,Bacteroidetes,Bacteroidia,Bacteroidales,Bacteroidaceae,Bacteroides,Bacteroides_ovatus,Bacteria,Firmicutes,Clostridia,Oscillospirales,Ruminococcaceae,Anaerotruncus,Anaerotruncus_sp._NML_070203,0.011684518013631937
Bacteria,Bacteroidetes,Bacteroidia,Bacteroidales,Bacteroidaceae,Bacteroides,Bacteroides_ovatus,Bacteria,Firmicutes,Clostridia,Oscillospirales,Ruminococcaceae,Candidatus_Soleaferrea,Neobitarella_massiliensis,0.011684518013631937
Bacteria,Bacteroidetes,Bacteroidia,Bacteroidales,Bacteroidaceae,Bacteroides,Bacteroides_ovatus,Bacteria,Firmicutes,Clostridia,Oscillospirales,Ruminococcaceae,Candidatus_Soleaferrea,None,0.010710808179162609
Bacteria,Bacteroidetes,Bacteroidia,Bacteroidales,Bacteroidaceae,Bacteroides,Bacteroides_ovatus,Bacteria,Firmicutes,Clostridia,Oscillospirales,Ruminococcaceae,DTU089,None,0.010710808179162609
Bacteria,Bacteroidetes,Bacteroidia,Bacteroidales,Bacteroidaceae,Bacteroides,Bacteroides_ovatus,Bacteria,Firmicutes,Clostridia,Oscillospirales,Ruminococcaceae,Faecalibacterium,None,0.010710808179162609
Bacteria,Bacteroidetes,Bacteroidia,Bacteroidales,Bacteroidaceae,Bacteroides,Bacteroides_ovatus,Bacteria,Firmicutes,Clostridia,Oscillospirales,Ruminococcaceae,Fournierella,uncultured_organism,0.011684518013631937
Bacteria,Bacteroidetes,Bacteroidia,Bacteroidales,Bacteroidaceae,Bacteroides,Bacteroides_ovatus,Bacteria,Firmicutes,Clostridia,Oscillospirales,Ruminococcaceae,Incertae_Sedis,metagenome,0.011684518013631937
Bacteria,Bacteroidetes,Bacteroidia,Bacteroidales,Bacteroidaceae,Bacteroides,Bacteroides_ovatus,Bacteria,Firmicutes,Clostridia,Oscillospirales,Ruminococcaceae,Incertae_Sedis,None,0.010710808179162609
Bacteria,Bacteroidetes,Bacteroidia,Bacteroidales,Bacteroidaceae,Bacteroides,Bacteroides_ovatus,Bacteria,Firmicutes,Clostridia,Oscillospirales,Ruminococcaceae,Negativibacillus,None,0.010710808179162609
Bacteria,Bacteroidetes,Bacteroidia,Bacteroidales,Bacteroidaceae,Bacteroides,Bacteroides_ovatus,Bacteria,Firmicutes,Clostridia,Oscillospirales,Ruminococcaceae,Ruminococcus,Ruminococcus_champanellensis,0.011684518013631937
Bacteria,Bacteroidetes,Bacteroidia,Bacteroidales,Bacteroidaceae,Bacteroides,Bacteroides_ovatus,Bacteria,Firmicutes,Clostridia,Oscillospirales,Ruminococcaceae,Ruminococcus,None,0.010710808179162609
Bacteria,Bacteroidetes,Bacteroidia,Bacteroidales,Bacteroidaceae,Bacteroides,Bacteroides_ovatus,Bacteria,Firmicutes,Clostridia,Oscillospirales,Ruminococcaceae,Subdoligranulum,None,0.010710808179162609
Bacteria,Bacteroidetes,Bacteroidia,Bacteroidales,Bacteroidaceae,Bacteroides,Bacteroides_ovatus,Bacteria,Firmicutes,Clostridia,Oscillospirales,Ruminococcaceae,UBA1819,None,0.010710808179162609
Bacteria,Bacteroidetes,Bacteroidia,Bacteroidales,Bacteroidaceae,Bacteroides,Bacteroides_ovatus,Bacteria,Firmicutes,Clostridia,Oscillospirales,Ruminococcaceae,Eubacterium_siraeum_group,None,0.010710808179162609
Bacteria,Bacteroidetes,Bacteroidia,Bacteroidales,Bacteroidaceae,Bacteroides,Bacteroides_ovatus,Bacteria,Firmicutes,Clostridia,Oscillospirales,Ruminococcaceae,None,None,0.009737098344693282
Bacteria,Bacteroidetes,Bacteroidia,Bacteroidales,Bacteroidaceae,Bacteroides,Bacteroides_ovatus,Bacteria,Firmicutes,Clostridia,Oscillospirales,UCG-010,None,None,0.009737098344693282
Bacteria,Bacteroidetes,Bacteroidia,Bacteroidales,Bacteroidaceae,Bacteroides,Bacteroides_ovatus,Bacteria,Firmicutes,Clostridia,Oscillospirales,UCG-010,metagenome,None,0.010710808179162609
Bacteria,Bacteroidetes,Bacteroidia,Bacteroidales,Bacteroidaceae,Bacteroides,Bacteroides_ovatus,Bacteria,Firmicutes,Clostridia,Oscillospirales,UCG-010,uncultured_bacterium,None,0.010710808179162609
Bacteria,Bacteroidetes,Bacteroidia,Bacteroidales,Bacteroidaceae,Bacteroides,Bacteroides_ovatus,Bacteria,Firmicutes,Clostridia,Oscillospirales,UCG-010,uncultured_organism,None,0.010710808179162609
Bacteria,Bacteroidetes,Bacteroidia,Bacteroidales,Bacteroidaceae,Bacteroides,Bacteroides_ovatus,Bacteria,Firmicutes,Clostridia,Oscillospirales,Clostridium_methylpentosum_group,None,None,0.009737098344693282
Bacteria,Bacteroidetes,Bacteroidia,Bacteroidales,Bacteroidaceae,Bacteroides,Bacteroides_ovatus,Bacteria,Firmicutes,Clostridia,Oscillospirales,Eubacterium_coprostanoligenes_group,None,None,0.009737098344693282
Bacteria,Bacteroidetes,Bacteroidia,Bacteroidales,Bacteroidaceae,Bacteroides,Bacteroides_ovatus,Bacteria,Firmicutes,Clostridia,Oscillospirales,None,None,None,0.008763388510223954
Bacteria,Bacteroidetes,Bacteroidia,Bacteroidales,Bacteroidaceae,Bacteroides,Bacteroides_ovatus,Bacteria,Firmicutes,Clostridia,Peptococcales,Peptococcaceae,uncultured,None,0.010710808179162609
Bacteria,Bacteroidetes,Bacteroidia,Bacteroidales,Bacteroidaceae,Bacteroides,Bacteroides_ovatus,Bacteria,Firmicutes,Clostridia,Peptostreptococcales-Tissierellales,Anaerovoracaceae,Family_XIII_AD3011_group,metagenome,0.011684518013631937
Bacteria,Bacteroidetes,Bacteroidia,Bacteroidales,Bacteroidaceae,Bacteroides,Bacteroides_ovatus,Bacteria,Firmicutes,Clostridia,Peptostreptococcales-Tissierellales,Anaerovoracaceae,Family_XIII_AD3011_group,None,0.010710808179162609
Bacteria,Bacteroidetes,Bacteroidia,Bacteroidales,Bacteroidaceae,Bacteroides,Bacteroides_ovatus,Bacteria,Firmicutes,Clostridia,Peptostreptococcales-Tissierellales,Anaerovoracaceae,Family_XIII_AD3011_group,uncultured,0.011684518013631937
Bacteria,Bacteroidetes,Bacteroidia,Bacteroidales,Bacteroidaceae,Bacteroides,Bacteroides_ovatus,Bacteria,Firmicutes,Clostridia,Peptostreptococcales-Tissierellales,Anaerovoracaceae,Family_XIII_UCG-001,metagenome,0.011684518013631937
Bacteria,Bacteroidetes,Bacteroidia,Bacteroidales,Bacteroidaceae,Bacteroides,Bacteroides_ovatus,Bacteria,Firmicutes,Clostridia,Peptostreptococcales-Tissierellales,Anaerovoracaceae,Eubacterium_nodatum_group,None,0.010710808179162609
Bacteria,Bacteroidetes,Bacteroidia,Bacteroidales,Bacteroidaceae,Bacteroides,Bacteroides_ovatus,Bacteria,Firmicutes,Clostridia,Peptostreptococcales-Tissierellales,Anaerovoracaceae,None,None,0.009737098344693282
Bacteria,Bacteroidetes,Bacteroidia,Bacteroidales,Bacteroidaceae,Bacteroides,Bacteroides_ovatus,Bacteria,Firmicutes,Clostridia,Peptostreptococcales-Tissierellales,Parvimonas,None,None,0.009737098344693282
Bacteria,Bacteroidetes,Bacteroidia,Bacteroidales,Bacteroidaceae,Bacteroides,Bacteroides_ovatus,Bacteria,Firmicutes,Clostridia,None,None,None,None,0.007789678675754625
Bacteria,Bacteroidetes,Bacteroidia,Bacteroidales,Bacteroidaceae,Bacteroides,Bacteroides_ovatus,Bacteria,Firmicutes,Incertae_Sedis,DTU014,unidentified,None,None,0.009737098344693282
Bacteria,Bacteroidetes,Bacteroidia,Bacteroidales,Bacteroidaceae,Bacteroides,Bacteroides_ovatus,Bacteria,Firmicutes,Limnochordia,M55-D21,uncultured_compost_bacterium,None,None,0.009737098344693282
Bacteria,Bacteroidetes,Bacteroidia,Bacteroidales,Bacteroidaceae,Bacteroides,Bacteroides_ovatus,Bacteria,Firmicutes,Negativicutes,Acidaminococcales,Acidaminococcaceae,Phascolarctobacterium,None,0.010710808179162609
Bacteria,Bacteroidetes,Bacteroidia,Bacteroidales,Bacteroidaceae,Bacteroides,Bacteroides_ovatus,Bacteria,Firmicutes,None,None,None,None,None,0.006815968841285297
Bacteria,Bacteroidetes,Bacteroidia,Bacteroidales,Bacteroidaceae,Bacteroides,Bacteroides_ovatus,Bacteria,Firmicutes,uncultured,uncultured_Peptococcaceae_bacterium,None,None,None,0.008763388510223954
Bacteria,Bacteroidetes,Bacteroidia,Bacteroidales,Bacteroidaceae,Bacteroides,Bacteroides_ovatus,Bacteria,Proteobacteria,Alphaproteobacteria,Rhodospirillales,uncultured,None,None,0.009737098344693282
Bacteria,Bacteroidetes,Bacteroidia,Bacteroidales,Bacteroidaceae,Bacteroides,Bacteroides_ovatus,Bacteria,Proteobacteria,Gammaproteobacteria,Burkholderiales,Sutterellaceae,Sutterella,Sutterella_sp._252,0.011684518013631937
Bacteria,Bacteroidetes,Bacteroidia,Bacteroidales,Bacteroidaceae,Bacteroides,Bacteroides_ovatus,Bacteria,Proteobacteria,Gammaproteobacteria,Enterobacterales,Enterobacteriaceae,Escherichia-Shigella,None,0.010710808179162609
Bacteria,Bacteroidetes,Bacteroidia,Bacteroidales,Bacteroidaceae,Bacteroides,Bacteroides_ovatus,Bacteria,Proteobacteria,Gammaproteobacteria,Enterobacterales,Enterobacteriaceae,Klebsiella,None,0.010710808179162609
Bacteria,Bacteroidetes,Bacteroidia,Bacteroidales,Bacteroidaceae,Bacteroides,Bacteroides_ovatus,Bacteria,Proteobacteria,Gammaproteobacteria,Enterobacterales,Enterobacteriaceae,None,None,0.009737098344693282
Bacteria,Bacteroidetes,Bacteroidia,Bacteroidales,Bacteroidaceae,Bacteroides,Bacteroides_ovatus,Bacteria,Proteobacteria,Gammaproteobacteria,Pseudomonadales,Pseudomonadaceae,Pseudomonas,None,0.010710808179162609
Bacteria,Bacteroidetes,Bacteroidia,Bacteroidales,Bacteroidaceae,Bacteroides,Bacteroides_ovatus,Bacteria,Synergistota,Synergistia,Synergistales,Synergistaceae,Cloacibacillus,None,0.010710808179162609
Bacteria,Bacteroidetes,Bacteroidia,Bacteroidales,Bacteroidaceae,Bacteroides,Bacteroides_ovatus,Bacteria,Verrucomicrobiota,Verrucomicrobiae,Verrucomicrobiales,Akkermansiaceae,Akkermansia,None,0.010710808179162609
Bacteria,Bacteroidetes,Bacteroidia,Bacteroidales,Bacteroidaceae,Bacteroides,Bacteroides_stercorirosoris,Bacteria,Bacteroidetes,Bacteroidia,Bacteroidales,Bacteroidaceae,Bacteroides,Bacteroides_uniformis,0.0019474196689386564
Bacteria,Bacteroidetes,Bacteroidia,Bacteroidales,Bacteroidaceae,Bacteroides,Bacteroides_stercorirosoris,Bacteria,Bacteroidetes,Bacteroidia,Bacteroidales,Bacteroidaceae,Bacteroides,None,0.0009737098344693282
Bacteria,Bacteroidetes,Bacteroidia,Bacteroidales,Bacteroidaceae,Bacteroides,Bacteroides_stercorirosoris,Bacteria,Bacteroidetes,Bacteroidia,Bacteroidales,Barnesiellaceae,Barnesiella,None,0.004868549172346641
Bacteria,Bacteroidetes,Bacteroidia,Bacteroidales,Bacteroidaceae,Bacteroides,Bacteroides_stercorirosoris,Bacteria,Bacteroidetes,Bacteroidia,Bacteroidales,Marinifilaceae,Butyricimonas,None,0.004868549172346641
Bacteria,Bacteroidetes,Bacteroidia,Bacteroidales,Bacteroidaceae,Bacteroides,Bacteroides_stercorirosoris,Bacteria,Bacteroidetes,Bacteroidia,Bacteroidales,Marinifilaceae,Odoribacter,None,0.004868549172346641
Bacteria,Bacteroidetes,Bacteroidia,Bacteroidales,Bacteroidaceae,Bacteroides,Bacteroides_stercorirosoris,Bacteria,Bacteroidetes,Bacteroidia,Bacteroidales,Marinifilaceae,Sanguibacteroides,None,0.004868549172346641
Bacteria,Bacteroidetes,Bacteroidia,Bacteroidales,Bacteroidaceae,Bacteroides,Bacteroides_stercorirosoris,Bacteria,Bacteroidetes,Bacteroidia,Bacteroidales,Rikenellaceae,Alistipes,Alistipes_ihumii_AP11,0.005842259006815969
Bacteria,Bacteroidetes,Bacteroidia,Bacteroidales,Bacteroidaceae,Bacteroides,Bacteroides_stercorirosoris,Bacteria,Bacteroidetes,Bacteroidia,Bacteroidales,Rikenellaceae,Alistipes,Alistipes_sp._cv1,0.005842259006815969
Bacteria,Bacteroidetes,Bacteroidia,Bacteroidales,Bacteroidaceae,Bacteroides,Bacteroides_stercorirosoris,Bacteria,Bacteroidetes,Bacteroidia,Bacteroidales,Rikenellaceae,Alistipes,Bacteroidetes_bacterium_Eg28,0.005842259006815969
Bacteria,Bacteroidetes,Bacteroidia,Bacteroidales,Bacteroidaceae,Bacteroides,Bacteroides_stercorirosoris,Bacteria,Bacteroidetes,Bacteroidia,Bacteroidales,Rikenellaceae,Alistipes,None,0.004868549172346641
Bacteria,Bacteroidetes,Bacteroidia,Bacteroidales,Bacteroidaceae,Bacteroides,Bacteroides_stercorirosoris,Bacteria,Bacteroidetes,Bacteroidia,Bacteroidales,Tannerellaceae,Parabacteroides,Parabacteroides_goldsteinii,0.005842259006815969
Bacteria,Bacteroidetes,Bacteroidia,Bacteroidales,Bacteroidaceae,Bacteroides,Bacteroides_stercorirosoris,Bacteria,Bacteroidetes,Bacteroidia,Bacteroidales,Tannerellaceae,Parabacteroides,None,0.004868549172346641
Bacteria,Bacteroidetes,Bacteroidia,Bacteroidales,Bacteroidaceae,Bacteroides,Bacteroides_stercorirosoris,Bacteria,Bacteroidetes,Bacteroidia,Flavobacteriales,Flavobacteriaceae,uncultured,metagenome,0.007789678675754625
Bacteria,Bacteroidetes,Bacteroidia,Bacteroidales,Bacteroidaceae,Bacteroides,Bacteroides_stercorirosoris,Bacteria,Cyanobacteria/Chloroplast,Cyanobacteria.XI,GpXI,None,None,None,0.008763388510223954
Bacteria,Bacteroidetes,Bacteroidia,Bacteroidales,Bacteroidaceae,Bacteroides,Bacteroides_stercorirosoris,Bacteria,Desulfobacterota,Desulfovibrionia,Desulfovibrionales,Desulfovibrionaceae,Desulfovibrio,None,0.010710808179162609
Bacteria,Bacteroidetes,Bacteroidia,Bacteroidales,Bacteroidaceae,Bacteroides,Bacteroides_stercorirosoris,Bacteria,Firmicutes,Bacilli,Erysipelotrichales,Erysipelatoclostridiaceae,Erysipelatoclostridium,Clostridium_spiroforme_DSM_1552,0.011684518013631937
Bacteria,Bacteroidetes,Bacteroidia,Bacteroidales,Bacteroidaceae,Bacteroides,Bacteroides_stercorirosoris,Bacteria,Firmicutes,Bacilli,Erysipelotrichales,Erysipelatoclostridiaceae,Erysipelatoclostridium,None,0.010710808179162609
Bacteria,Bacteroidetes,Bacteroidia,Bacteroidales,Bacteroidaceae,Bacteroides,Bacteroides_stercorirosoris,Bacteria,Firmicutes,Bacilli,Erysipelotrichales,Erysipelotrichaceae,Faecalitalea,None,0.010710808179162609
Bacteria,Bacteroidetes,Bacteroidia,Bacteroidales,Bacteroidaceae,Bacteroides,Bacteroides_stercorirosoris,Bacteria,Firmicutes,Bacilli,Erysipelotrichales,Erysipelotrichaceae,Holdemanella,None,0.010710808179162609
Bacteria,Bacteroidetes,Bacteroidia,Bacteroidales,Bacteroidaceae,Bacteroides,Bacteroides_stercorirosoris,Bacteria,Firmicutes,Bacilli,Erysipelotrichales,Erysipelotrichaceae,Holdemania,None,0.010710808179162609
Bacteria,Bacteroidetes,Bacteroidia,Bacteroidales,Bacteroidaceae,Bacteroides,Bacteroides_stercorirosoris,Bacteria,Firmicutes,Bacilli,Erysipelotrichales,Erysipelotrichaceae,Clostridium_innocuum_group,None,0.010710808179162609
Bacteria,Bacteroidetes,Bacteroidia,Bacteroidales,Bacteroidaceae,Bacteroides,Bacteroides_stercorirosoris,Bacteria,Firmicutes,Bacilli,Izemoplasmatales,human_gut_metagenome,None,None,0.009737098344693282
Bacteria,Bacteroidetes,Bacteroidia,Bacteroidales,Bacteroidaceae,Bacteroides,Bacteroides_stercorirosoris,Bacteria,Firmicutes,Bacilli,Lactobacillales,Lactobacillaceae,Lactobacillus,Lactobacillus_mucosae,0.011684518013631937
Bacteria,Bacteroidetes,Bacteroidia,Bacteroidales,Bacteroidaceae,Bacteroides,Bacteroides_stercorirosoris,Bacteria,Firmicutes,Bacilli,Lactobacillales,Streptococcaceae,Lactococcus,None,0.010710808179162609
Bacteria,Bacteroidetes,Bacteroidia,Bacteroidales,Bacteroidaceae,Bacteroides,Bacteroides_stercorirosoris,Bacteria,Firmicutes,Bacilli,Lactobacillales,Streptococcaceae,Streptococcus,Streptococcus_sp._oral_taxon_065,0.011684518013631937
Bacteria,Bacteroidetes,Bacteroidia,Bacteroidales,Bacteroidaceae,Bacteroides,Bacteroides_stercorirosoris,Bacteria,Firmicutes,Bacilli,Lactobacillales,Streptococcaceae,Streptococcus,None,0.010710808179162609
Bacteria,Bacteroidetes,Bacteroidia,Bacteroidales,Bacteroidaceae,Bacteroides,Bacteroides_stercorirosoris,Bacteria,Firmicutes,Clostridia,Christensenellales,Christensenellaceae,Christensenellaceae_R-7_group,Christensenella_sp._Marseille-P3954,0.011684518013631937
Bacteria,Bacteroidetes,Bacteroidia,Bacteroidales,Bacteroidaceae,Bacteroides,Bacteroides_stercorirosoris,Bacteria,Firmicutes,Clostridia,Christensenellales,Christensenellaceae,Christensenellaceae_R-7_group,Clostridiales_bacterium_Marseille-P2846,0.011684518013631937
Bacteria,Bacteroidetes,Bacteroidia,Bacteroidales,Bacteroidaceae,Bacteroides,Bacteroides_stercorirosoris,Bacteria,Firmicutes,Clostridia,Christensenellales,Christensenellaceae,Christensenellaceae_R-7_group,None,0.010710808179162609
Bacteria,Bacteroidetes,Bacteroidia,Bacteroidales,Bacteroidaceae,Bacteroides,Bacteroides_stercorirosoris,Bacteria,Firmicutes,Clostridia,Christensenellales,Christensenellaceae,Christensenellaceae_R-7_group,bacterium_YE57,0.011684518013631937
Bacteria,Bacteroidetes,Bacteroidia,Bacteroidales,Bacteroidaceae,Bacteroides,Bacteroides_stercorirosoris,Bacteria,Firmicutes,Clostridia,Christensenellales,Christensenellaceae,Christensenellaceae_R-7_group,metagenome,0.011684518013631937
Bacteria,Bacteroidetes,Bacteroidia,Bacteroidales,Bacteroidaceae,Bacteroides,Bacteroides_stercorirosoris,Bacteria,Firmicutes,Clostridia,Christensenellales,Christensenellaceae,Christensenellaceae_R-7_group,uncultured_Firmicutes_bacterium,0.011684518013631937
Bacteria,Bacteroidetes,Bacteroidia,Bacteroidales,Bacteroidaceae,Bacteroides,Bacteroides_stercorirosoris,Bacteria,Firmicutes,Clostridia,Christensenellales,Christensenellaceae,Christensenellaceae_R-7_group,uncultured_marine_bacterium,0.011684518013631937
Bacteria,Bacteroidetes,Bacteroidia,Bacteroidales,Bacteroidaceae,Bacteroides,Bacteroides_stercorirosoris,Bacteria,Firmicutes,Clostridia,Christensenellales,Christensenellaceae,Christensenellaceae_R-7_group,uncultured_organism,0.011684518013631937
Bacteria,Bacteroidetes,Bacteroidia,Bacteroidales,Bacteroidaceae,Bacteroides,Bacteroides_stercorirosoris,Bacteria,Firmicutes,Clostridia,Christensenellales,Christensenellaceae,None,None,0.009737098344693282
Bacteria,Bacteroidetes,Bacteroidia,Bacteroidales,Bacteroidaceae,Bacteroides,Bacteroides_stercorirosoris,Bacteria,Firmicutes,Clostridia,Clostridia_vadinBB60_group,metagenome,None,None,0.009737098344693282
Bacteria,Bacteroidetes,Bacteroidia,Bacteroidales,Bacteroidaceae,Bacteroides,Bacteroides_stercorirosoris,Bacteria,Firmicutes,Clostridia,Clostridia_vadinBB60_group,wastewater_metagenome,None,None,0.009737098344693282
Bacteria,Bacteroidetes,Bacteroidia,Bacteroidales,Bacteroidaceae,Bacteroides,Bacteroides_stercorirosoris,Bacteria,Firmicutes,Clostridia,Clostridiales,Christensenellaceae,Christensenella,PAC001427,0.011684518013631937
Bacteria,Bacteroidetes,Bacteroidia,Bacteroidales,Bacteroidaceae,Bacteroides,Bacteroides_stercorirosoris,Bacteria,Firmicutes,Clostridia,Clostridiales,Christensenellaceae,Christensenella,PAC002297,0.011684518013631937
Bacteria,Bacteroidetes,Bacteroidia,Bacteroidales,Bacteroidaceae,Bacteroides,Bacteroides_stercorirosoris,Bacteria,Firmicutes,Clostridia,Clostridiales,Christensenellaceae,PAC001115,PAC001444,0.011684518013631937
Bacteria,Bacteroidetes,Bacteroidia,Bacteroidales,Bacteroidaceae,Bacteroides,Bacteroides_stercorirosoris,Bacteria,Firmicutes,Clostridia,Clostridiales,Christensenellaceae,PAC001437,PAC001486,0.011684518013631937
Bacteria,Bacteroidetes,Bacteroidia,Bacteroidales,Bacteroidaceae,Bacteroides,Bacteroides_stercorirosoris,Bacteria,Firmicutes,Clostridia,Clostridiales,Christensenellaceae,PAC001437,PAC002305,0.011684518013631937
Bacteria,Bacteroidetes,Bacteroidia,Bacteroidales,Bacteroidaceae,Bacteroides,Bacteroides_stercorirosoris,Bacteria,Firmicutes,Clostridia,Clostridiales,Christensenellaceae,PAC002510,PAC002510,0.011684518013631937
Bacteria,Bacteroidetes,Bacteroidia,Bacteroidales,Bacteroidaceae,Bacteroides,Bacteroides_stercorirosoris,Bacteria,Firmicutes,Clostridia,Clostridiales,Dehalobacterium,PAC002141,PAC002141,0.011684518013631937
Bacteria,Bacteroidetes,Bacteroidia,Bacteroidales,Bacteroidaceae,Bacteroides,Bacteroides_stercorirosoris,Bacteria,Firmicutes,Clostridia,Clostridiales,Ruminococcaceae,PAC000742,PAC000742,0.011684518013631937
Bacteria,Bacteroidetes,Bacteroidia,Bacteroidales,Bacteroidaceae,Bacteroides,Bacteroides_stercorirosoris,Bacteria,Firmicutes,Clostridia,Clostridiales,Ruminococcaceae,PAC001144,PAC001620,0.011684518013631937
Bacteria,Bacteroidetes,Bacteroidia,Bacteroidales,Bacteroidaceae,Bacteroides,Bacteroides_stercorirosoris,Bacteria,Firmicutes,Clostridia,Clostridiales,Ruminococcaceae,PAC001313,PAC001649,0.011684518013631937
Bacteria,Bacteroidetes,Bacteroidia,Bacteroidales,Bacteroidaceae,Bacteroides,Bacteroides_stercorirosoris,Bacteria,Firmicutes,Clostridia,Clostridiales,Ruminococcaceae,PAC002201,PAC002201,0.011684518013631937
Bacteria,Bacteroidetes,Bacteroidia,Bacteroidales,Bacteroidaceae,Bacteroides,Bacteroides_stercorirosoris,Bacteria,Firmicutes,Clostridia,Eubacteriales,Eubacteriaceae,Eubacterium,None,0.010710808179162609
Bacteria,Bacteroidetes,Bacteroidia,Bacteroidales,Bacteroidaceae,Bacteroides,Bacteroides_stercorirosoris,Bacteria,Firmicutes,Clostridia,Lachnospirales,Lachnospiraceae,Agathobacter,None,0.010710808179162609
Bacteria,Bacteroidetes,Bacteroidia,Bacteroidales,Bacteroidaceae,Bacteroides,Bacteroides_stercorirosoris,Bacteria,Firmicutes,Clostridia,Lachnospirales,Lachnospiraceae,Anaerostipes,None,0.010710808179162609
Bacteria,Bacteroidetes,Bacteroidia,Bacteroidales,Bacteroidaceae,Bacteroides,Bacteroides_stercorirosoris,Bacteria,Firmicutes,Clostridia,Lachnospirales,Lachnospiraceae,Blautia,None,0.010710808179162609
Bacteria,Bacteroidetes,Bacteroidia,Bacteroidales,Bacteroidaceae,Bacteroides,Bacteroides_stercorirosoris,Bacteria,Firmicutes,Clostridia,Lachnospirales,Lachnospiraceae,Blautia,bacterium_mpn-isolate_group_20,0.011684518013631937
Bacteria,Bacteroidetes,Bacteroidia,Bacteroidales,Bacteroidaceae,Bacteroides,Bacteroides_stercorirosoris,Bacteria,Firmicutes,Clostridia,Lachnospirales,Lachnospiraceae,Blautia,uncultured_Blautia_sp.,0.011684518013631937
Bacteria,Bacteroidetes,Bacteroidia,Bacteroidales,Bacteroidaceae,Bacteroides,Bacteroides_stercorirosoris,Bacteria,Firmicutes,Clostridia,Lachnospirales,Lachnospiraceae,Coprococcus,None,0.010710808179162609
Bacteria,Bacteroidetes,Bacteroidia,Bacteroidales,Bacteroidaceae,Bacteroides,Bacteroides_stercorirosoris,Bacteria,Firmicutes,Clostridia,Lachnospirales,Lachnospiraceae,Coprococcus,uncultured_Coprococcus_sp.,0.011684518013631937
Bacteria,Bacteroidetes,Bacteroidia,Bacteroidales,Bacteroidaceae,Bacteroides,Bacteroides_stercorirosoris,Bacteria,Firmicutes,Clostridia,Lachnospirales,Lachnospiraceae,Dorea,None,0.010710808179162609
Bacteria,Bacteroidetes,Bacteroidia,Bacteroidales,Bacteroidaceae,Bacteroides,Bacteroides_stercorirosoris,Bacteria,Firmicutes,Clostridia,Lachnospirales,Lachnospiraceae,Eisenbergiella,None,0.010710808179162609
Bacteria,Bacteroidetes,Bacteroidia,Bacteroidales,Bacteroidaceae,Bacteroides,Bacteroides_stercorirosoris,Bacteria,Firmicutes,Clostridia,Lachnospirales,Lachnospiraceae,Frisingicoccus,None,0.010710808179162609
Bacteria,Bacteroidetes,Bacteroidia,Bacteroidales,Bacteroidaceae,Bacteroides,Bacteroides_stercorirosoris,Bacteria,Firmicutes,Clostridia,Lachnospirales,Lachnospiraceae,Fusicatenibacter,uncultured_Lachnospiraceae_bacterium,0.011684518013631937
Bacteria,Bacteroidetes,Bacteroidia,Bacteroidales,Bacteroidaceae,Bacteroides,Bacteroides_stercorirosoris,Bacteria,Firmicutes,Clostridia,Lachnospirales,Lachnospiraceae,GCA-900066575,None,0.010710808179162609
Bacteria,Bacteroidetes,Bacteroidia,Bacteroidales,Bacteroidaceae,Bacteroides,Bacteroides_stercorirosoris,Bacteria,Firmicutes,Clostridia,Lachnospirales,Lachnospiraceae,GCA-900066575,metagenome,0.011684518013631937
Bacteria,Bacteroidetes,Bacteroidia,Bacteroidales,Bacteroidaceae,Bacteroides,Bacteroides_stercorirosoris,Bacteria,Firmicutes,Clostridia,Lachnospirales,Lachnospiraceae,GCA-900066755,None,0.010710808179162609
Bacteria,Bacteroidetes,Bacteroidia,Bacteroidales,Bacteroidaceae,Bacteroides,Bacteroides_stercorirosoris,Bacteria,Firmicutes,Clostridia,Lachnospirales,Lachnospiraceae,Hungatella,metagenome,0.011684518013631937
Bacteria,Bacteroidetes,Bacteroidia,Bacteroidales,Bacteroidaceae,Bacteroides,Bacteroides_stercorirosoris,Bacteria,Firmicutes,Clostridia,Lachnospirales,Lachnospiraceae,Lachnoclostridium,Clostridium_symbiosum,0.011684518013631937
Bacteria,Bacteroidetes,Bacteroidia,Bacteroidales,Bacteroidaceae,Bacteroides,Bacteroides_stercorirosoris,Bacteria,Firmicutes,Clostridia,Lachnospirales,Lachnospiraceae,Lachnoclostridium,None,0.010710808179162609
Bacteria,Bacteroidetes,Bacteroidia,Bacteroidales,Bacteroidaceae,Bacteroides,Bacteroides_stercorirosoris,Bacteria,Firmicutes,Clostridia,Lachnospirales,Lachnospiraceae,Lachnoclostridium,uncultured_Lachnospiraceae_bacterium,0.011684518013631937
Bacteria,Bacteroidetes,Bacteroidia,Bacteroidales,Bacteroidaceae,Bacteroides,Bacteroides_stercorirosoris,Bacteria,Firmicutes,Clostridia,Lachnospirales,Lachnospiraceae,Lachnospiraceae_ND3007_group,metagenome,0.011684518013631937
Bacteria,Bacteroidetes,Bacteroidia,Bacteroidales,Bacteroidaceae,Bacteroides,Bacteroides_stercorirosoris,Bacteria,Firmicutes,Clostridia,Lachnospirales,Lachnospiraceae,Lachnospiraceae_NK4A136_group,None,0.010710808179162609
Bacteria,Bacteroidetes,Bacteroidia,Bacteroidales,Bacteroidaceae,Bacteroides,Bacteroides_stercorirosoris,Bacteria,Firmicutes,Clostridia,Lachnospirales,Lachnospiraceae,Lachnospiraceae_NK4A136_group,uncultured_Lachnospiraceae_bacterium,0.011684518013631937
Bacteria,Bacteroidetes,Bacteroidia,Bacteroidales,Bacteroidaceae,Bacteroides,Bacteroides_stercorirosoris,Bacteria,Firmicutes,Clostridia,Lachnospirales,Lachnospiraceae,Lachnospiraceae_NK4A136_group,uncultured_bacterium_Adhufec49.25,0.011684518013631937
Bacteria,Bacteroidetes,Bacteroidia,Bacteroidales,Bacteroidaceae,Bacteroides,Bacteroides_stercorirosoris,Bacteria,Firmicutes,Clostridia,Lachnospirales,Lachnospiraceae,Lachnospiraceae_NK4B4_group,None,0.010710808179162609
Bacteria,Bacteroidetes,Bacteroidia,Bacteroidales,Bacteroidaceae,Bacteroides,Bacteroides_stercorirosoris,Bacteria,Firmicutes,Clostridia,Lachnospirales,Lachnospiraceae,Lachnospiraceae_UCG-001,metagenome,0.011684518013631937
Bacteria,Bacteroidetes,Bacteroidia,Bacteroidales,Bacteroidaceae,Bacteroides,Bacteroides_stercorirosoris,Bacteria,Firmicutes,Clostridia,Lachnospirales,Lachnospiraceae,Lachnospiraceae_UCG-004,None,0.010710808179162609
Bacteria,Bacteroidetes,Bacteroidia,Bacteroidales,Bacteroidaceae,Bacteroides,Bacteroides_stercorirosoris,Bacteria,Firmicutes,Clostridia,Lachnospirales,Lachnospiraceae,Lachnospiraceae_UCG-008,metagenome,0.011684518013631937
Bacteria,Bacteroidetes,Bacteroidia,Bacteroidales,Bacteroidaceae,Bacteroides,Bacteroides_stercorirosoris,Bacteria,Firmicutes,Clostridia,Lachnospirales,Lachnospiraceae,Lachnospiraceae_UCG-010,None,0.010710808179162609
Bacteria,Bacteroidetes,Bacteroidia,Bacteroidales,Bacteroidaceae,Bacteroides,Bacteroides_stercorirosoris,Bacteria,Firmicutes,Clostridia,Lachnospirales,Lachnospiraceae,Marvinbryantia,None,0.010710808179162609
Bacteria,Bacteroidetes,Bacteroidia,Bacteroidales,Bacteroidaceae,Bacteroides,Bacteroides_stercorirosoris,Bacteria,Firmicutes,Clostridia,Lachnospirales,Lachnospiraceae,Marvinbryantia,unidentified,0.011684518013631937
Bacteria,Bacteroidetes,Bacteroidia,Bacteroidales,Bacteroidaceae,Bacteroides,Bacteroides_stercorirosoris,Bacteria,Firmicutes,Clostridia,Lachnospirales,Lachnospiraceae,Roseburia,None,0.010710808179162609
Bacteria,Bacteroidetes,Bacteroidia,Bacteroidales,Bacteroidaceae,Bacteroides,Bacteroides_stercorirosoris,Bacteria,Firmicutes,Clostridia,Lachnospirales,Lachnospiraceae,Roseburia,gut_metagenome,0.011684518013631937
Bacteria,Bacteroidetes,Bacteroidia,Bacteroidales,Bacteroidaceae,Bacteroides,Bacteroides_stercorirosoris,Bacteria,Firmicutes,Clostridia,Lachnospirales,Lachnospiraceae,Tuzzerella,None,0.010710808179162609
Bacteria,Bacteroidetes,Bacteroidia,Bacteroidales,Bacteroidaceae,Bacteroides,Bacteroides_stercorirosoris,Bacteria,Firmicutes,Clostridia,Lachnospirales,Lachnospiraceae,Tyzzerella,None,0.010710808179162609
Bacteria,Bacteroidetes,Bacteroidia,Bacteroidales,Bacteroidaceae,Bacteroides,Bacteroides_stercorirosoris,Bacteria,Firmicutes,Clostridia,Lachnospirales,Lachnospiraceae,Eubacterium_hallii_group,None,0.010710808179162609
Bacteria,Bacteroidetes,Bacteroidia,Bacteroidales,Bacteroidaceae,Bacteroides,Bacteroides_stercorirosoris,Bacteria,Firmicutes,Clostridia,Lachnospirales,Lachnospiraceae,Eubacterium_ventriosum_group,metagenome,0.011684518013631937
Bacteria,Bacteroidetes,Bacteroidia,Bacteroidales,Bacteroidaceae,Bacteroides,Bacteroides_stercorirosoris,Bacteria,Firmicutes,Clostridia,Lachnospirales,Lachnospiraceae,Ruminococcus_gauvreauii_group,uncultured_Lachnospiraceae_bacterium,0.011684518013631937
Bacteria,Bacteroidetes,Bacteroidia,Bacteroidales,Bacteroidaceae,Bacteroides,Bacteroides_stercorirosoris,Bacteria,Firmicutes,Clostridia,Lachnospirales,Lachnospiraceae,Ruminococcus_gnavus_group,None,0.010710808179162609
Bacteria,Bacteroidetes,Bacteroidia,Bacteroidales,Bacteroidaceae,Bacteroides,Bacteroides_stercorirosoris,Bacteria,Firmicutes,Clostridia,Lachnospirales,Lachnospiraceae,Ruminococcus_torques_group,Clostridiaceae_bacterium_LEMV78,0.011684518013631937
Bacteria,Bacteroidetes,Bacteroidia,Bacteroidales,Bacteroidaceae,Bacteroides,Bacteroides_stercorirosoris,Bacteria,Firmicutes,Clostridia,Lachnospirales,Lachnospiraceae,Ruminococcus_torques_group,None,0.010710808179162609
Bacteria,Bacteroidetes,Bacteroidia,Bacteroidales,Bacteroidaceae,Bacteroides,Bacteroides_stercorirosoris,Bacteria,Firmicutes,Clostridia,Lachnospirales,Lachnospiraceae,None,None,0.009737098344693282
Bacteria,Bacteroidetes,Bacteroidia,Bacteroidales,Bacteroidaceae,Bacteroides,Bacteroides_stercorirosoris,Bacteria,Firmicutes,Clostridia,Lachnospirales,Lachnospiraceae,uncultured,None,0.010710808179162609
Bacteria,Bacteroidetes,Bacteroidia,Bacteroidales,Bacteroidaceae,Bacteroides,Bacteroides_stercorirosoris,Bacteria,Firmicutes,Clostridia,Monoglobales,Monoglobaceae,Monoglobus,None,0.010710808179162609
Bacteria,Bacteroidetes,Bacteroidia,Bacteroidales,Bacteroidaceae,Bacteroides,Bacteroides_stercorirosoris,Bacteria,Firmicutes,Clostridia,Oscillospirales,Butyricicoccaceae,Butyricicoccus,None,0.010710808179162609
Bacteria,Bacteroidetes,Bacteroidia,Bacteroidales,Bacteroidaceae,Bacteroides,Bacteroides_stercorirosoris,Bacteria,Firmicutes,Clostridia,Oscillospirales,Hydrogenoanaerobacterium,None,None,0.009737098344693282
Bacteria,Bacteroidetes,Bacteroidia,Bacteroidales,Bacteroidaceae,Bacteroides,Bacteroides_stercorirosoris,Bacteria,Firmicutes,Clostridia,Oscillospirales,Oscillospiraceae,Colidextribacter,None,0.010710808179162609
Bacteria,Bacteroidetes,Bacteroidia,Bacteroidales,Bacteroidaceae,Bacteroides,Bacteroides_stercorirosoris,Bacteria,Firmicutes,Clostridia,Oscillospirales,Oscillospiraceae,Colidextribacter,metagenome,0.011684518013631937
Bacteria,Bacteroidetes,Bacteroidia,Bacteroidales,Bacteroidaceae,Bacteroides,Bacteroides_stercorirosoris,Bacteria,Firmicutes,Clostridia,Oscillospirales,Oscillospiraceae,Flavonifractor,None,0.010710808179162609
Bacteria,Bacteroidetes,Bacteroidia,Bacteroidales,Bacteroidaceae,Bacteroides,Bacteroides_stercorirosoris,Bacteria,Firmicutes,Clostridia,Oscillospirales,Oscillospiraceae,Intestinimonas,None,0.010710808179162609
Bacteria,Bacteroidetes,Bacteroidia,Bacteroidales,Bacteroidaceae,Bacteroides,Bacteroides_stercorirosoris,Bacteria,Firmicutes,Clostridia,Oscillospirales,Oscillospiraceae,Intestinimonas,uncultured,0.011684518013631937
Bacteria,Bacteroidetes,Bacteroidia,Bacteroidales,Bacteroidaceae,Bacteroides,Bacteroides_stercorirosoris,Bacteria,Firmicutes,Clostridia,Oscillospirales,Oscillospiraceae,NK4A214_group,None,0.010710808179162609
Bacteria,Bacteroidetes,Bacteroidia,Bacteroidales,Bacteroidaceae,Bacteroides,Bacteroides_stercorirosoris,Bacteria,Firmicutes,Clostridia,Oscillospirales,Oscillospiraceae,Oscillibacter,None,0.010710808179162609
Bacteria,Bacteroidetes,Bacteroidia,Bacteroidales,Bacteroidaceae,Bacteroides,Bacteroides_stercorirosoris,Bacteria,Firmicutes,Clostridia,Oscillospirales,Oscillospiraceae,Oscillibacter,metagenome,0.011684518013631937
Bacteria,Bacteroidetes,Bacteroidia,Bacteroidales,Bacteroidaceae,Bacteroides,Bacteroides_stercorirosoris,Bacteria,Firmicutes,Clostridia,Oscillospirales,Oscillospiraceae,Oscillospira,None,0.010710808179162609
Bacteria,Bacteroidetes,Bacteroidia,Bacteroidales,Bacteroidaceae,Bacteroides,Bacteroides_stercorirosoris,Bacteria,Firmicutes,Clostridia,Oscillospirales,Oscillospiraceae,UCG-002,None,0.010710808179162609
Bacteria,Bacteroidetes,Bacteroidia,Bacteroidales,Bacteroidaceae,Bacteroides,Bacteroides_stercorirosoris,Bacteria,Firmicutes,Clostridia,Oscillospirales,Oscillospiraceae,UCG-003,None,0.010710808179162609
Bacteria,Bacteroidetes,Bacteroidia,Bacteroidales,Bacteroidaceae,Bacteroides,Bacteroides_stercorirosoris,Bacteria,Firmicutes,Clostridia,Oscillospirales,Oscillospiraceae,UCG-005,None,0.010710808179162609
Bacteria,Bacteroidetes,Bacteroidia,Bacteroidales,Bacteroidaceae,Bacteroides,Bacteroides_stercorirosoris,Bacteria,Firmicutes,Clostridia,Oscillospirales,Oscillospiraceae,UCG-005,metagenome,0.011684518013631937
Bacteria,Bacteroidetes,Bacteroidia,Bacteroidales,Bacteroidaceae,Bacteroides,Bacteroides_stercorirosoris,Bacteria,Firmicutes,Clostridia,Oscillospirales,Oscillospiraceae,UCG-005,uncultured_Clostridiales_bacterium,0.011684518013631937
Bacteria,Bacteroidetes,Bacteroidia,Bacteroidales,Bacteroidaceae,Bacteroides,Bacteroides_stercorirosoris,Bacteria,Firmicutes,Clostridia,Oscillospirales,Oscillospiraceae,UCG-005,uncultured_rumen_bacterium,0.011684518013631937
Bacteria,Bacteroidetes,Bacteroidia,Bacteroidales,Bacteroidaceae,Bacteroides,Bacteroides_stercorirosoris,Bacteria,Firmicutes,Clostridia,Oscillospirales,Oscillospiraceae,None,None,0.009737098344693282
Bacteria,Bacteroidetes,Bacteroidia,Bacteroidales,Bacteroidaceae,Bacteroides,Bacteroides_stercorirosoris,Bacteria,Firmicutes,Clostridia,Oscillospirales,Oscillospiraceae,uncultured,metagenome,0.011684518013631937
Bacteria,Bacteroidetes,Bacteroidia,Bacteroidales,Bacteroidaceae,Bacteroides,Bacteroides_stercorirosoris,Bacteria,Firmicutes,Clostridia,Oscillospirales,Oscillospiraceae,uncultured,unidentified,0.011684518013631937
Bacteria,Bacteroidetes,Bacteroidia,Bacteroidales,Bacteroidaceae,Bacteroides,Bacteroides_stercorirosoris,Bacteria,Firmicutes,Clostridia,Oscillospirales,Ruminococcaceae,Anaerofilum,uncultured_Firmicutes_bacterium,0.011684518013631937
Bacteria,Bacteroidetes,Bacteroidia,Bacteroidales,Bacteroidaceae,Bacteroides,Bacteroides_stercorirosoris,Bacteria,Firmicutes,Clostridia,Oscillospirales,Ruminococcaceae,Anaerotruncus,Anaerotruncus_rubiinfantis,0.011684518013631937
Bacteria,Bacteroidetes,Bacteroidia,Bacteroidales,Bacteroidaceae,Bacteroides,Bacteroides_stercorirosoris,Bacteria,Firmicutes,Clostridia,Oscillospirales,Ruminococcaceae,Anaerotruncus,Anaerotruncus_sp._NML_070203,0.011684518013631937
Bacteria,Bacteroidetes,Bacteroidia,Bacteroidales,Bacteroidaceae,Bacteroides,Bacteroides_stercorirosoris,Bacteria,Firmicutes,Clostridia,Oscillospirales,Ruminococcaceae,Candidatus_Soleaferrea,Neobitarella_massiliensis,0.011684518013631937
Bacteria,Bacteroidetes,Bacteroidia,Bacteroidales,Bacteroidaceae,Bacteroides,Bacteroides_stercorirosoris,Bacteria,Firmicutes,Clostridia,Oscillospirales,Ruminococcaceae,Candidatus_Soleaferrea,None,0.010710808179162609
Bacteria,Bacteroidetes,Bacteroidia,Bacteroidales,Bacteroidaceae,Bacteroides,Bacteroides_stercorirosoris,Bacteria,Firmicutes,Clostridia,Oscillospirales,Ruminococcaceae,DTU089,None,0.010710808179162609
Bacteria,Bacteroidetes,Bacteroidia,Bacteroidales,Bacteroidaceae,Bacteroides,Bacteroides_stercorirosoris,Bacteria,Firmicutes,Clostridia,Oscillospirales,Ruminococcaceae,Faecalibacterium,None,0.010710808179162609
Bacteria,Bacteroidetes,Bacteroidia,Bacteroidales,Bacteroidaceae,Bacteroides,Bacteroides_stercorirosoris,Bacteria,Firmicutes,Clostridia,Oscillospirales,Ruminococcaceae,Fournierella,uncultured_organism,0.011684518013631937
Bacteria,Bacteroidetes,Bacteroidia,Bacteroidales,Bacteroidaceae,Bacteroides,Bacteroides_stercorirosoris,Bacteria,Firmicutes,Clostridia,Oscillospirales,Ruminococcaceae,Incertae_Sedis,metagenome,0.011684518013631937
Bacteria,Bacteroidetes,Bacteroidia,Bacteroidales,Bacteroidaceae,Bacteroides,Bacteroides_stercorirosoris,Bacteria,Firmicutes,Clostridia,Oscillospirales,Ruminococcaceae,Incertae_Sedis,None,0.010710808179162609
Bacteria,Bacteroidetes,Bacteroidia,Bacteroidales,Bacteroidaceae,Bacteroides,Bacteroides_stercorirosoris,Bacteria,Firmicutes,Clostridia,Oscillospirales,Ruminococcaceae,Negativibacillus,None,0.010710808179162609
Bacteria,Bacteroidetes,Bacteroidia,Bacteroidales,Bacteroidaceae,Bacteroides,Bacteroides_stercorirosoris,Bacteria,Firmicutes,Clostridia,Oscillospirales,Ruminococcaceae,Ruminococcus,Ruminococcus_champanellensis,0.011684518013631937
Bacteria,Bacteroidetes,Bacteroidia,Bacteroidales,Bacteroidaceae,Bacteroides,Bacteroides_stercorirosoris,Bacteria,Firmicutes,Clostridia,Oscillospirales,Ruminococcaceae,Ruminococcus,None,0.010710808179162609
Bacteria,Bacteroidetes,Bacteroidia,Bacteroidales,Bacteroidaceae,Bacteroides,Bacteroides_stercorirosoris,Bacteria,Firmicutes,Clostridia,Oscillospirales,Ruminococcaceae,Subdoligranulum,None,0.010710808179162609
Bacteria,Bacteroidetes,Bacteroidia,Bacteroidales,Bacteroidaceae,Bacteroides,Bacteroides_stercorirosoris,Bacteria,Firmicutes,Clostridia,Oscillospirales,Ruminococcaceae,UBA1819,None,0.010710808179162609
Bacteria,Bacteroidetes,Bacteroidia,Bacteroidales,Bacteroidaceae,Bacteroides,Bacteroides_stercorirosoris,Bacteria,Firmicutes,Clostridia,Oscillospirales,Ruminococcaceae,Eubacterium_siraeum_group,None,0.010710808179162609
Bacteria,Bacteroidetes,Bacteroidia,Bacteroidales,Bacteroidaceae,Bacteroides,Bacteroides_stercorirosoris,Bacteria,Firmicutes,Clostridia,Oscillospirales,Ruminococcaceae,None,None,0.009737098344693282
Bacteria,Bacteroidetes,Bacteroidia,Bacteroidales,Bacteroidaceae,Bacteroides,Bacteroides_stercorirosoris,Bacteria,Firmicutes,Clostridia,Oscillospirales,UCG-010,None,None,0.009737098344693282
Bacteria,Bacteroidetes,Bacteroidia,Bacteroidales,Bacteroidaceae,Bacteroides,Bacteroides_stercorirosoris,Bacteria,Firmicutes,Clostridia,Oscillospirales,UCG-010,metagenome,None,0.010710808179162609
Bacteria,Bacteroidetes,Bacteroidia,Bacteroidales,Bacteroidaceae,Bacteroides,Bacteroides_stercorirosoris,Bacteria,Firmicutes,Clostridia,Oscillospirales,UCG-010,uncultured_bacterium,None,0.010710808179162609
Bacteria,Bacteroidetes,Bacteroidia,Bacteroidales,Bacteroidaceae,Bacteroides,Bacteroides_stercorirosoris,Bacteria,Firmicutes,Clostridia,Oscillospirales,UCG-010,uncultured_organism,None,0.010710808179162609
Bacteria,Bacteroidetes,Bacteroidia,Bacteroidales,Bacteroidaceae,Bacteroides,Bacteroides_stercorirosoris,Bacteria,Firmicutes,Clostridia,Oscillospirales,Clostridium_methylpentosum_group,None,None,0.009737098344693282
Bacteria,Bacteroidetes,Bacteroidia,Bacteroidales,Bacteroidaceae,Bacteroides,Bacteroides_stercorirosoris,Bacteria,Firmicutes,Clostridia,Oscillospirales,Eubacterium_coprostanoligenes_group,None,None,0.009737098344693282
Bacteria,Bacteroidetes,Bacteroidia,Bacteroidales,Bacteroidaceae,Bacteroides,Bacteroides_stercorirosoris,Bacteria,Firmicutes,Clostridia,Oscillospirales,None,None,None,0.008763388510223954
Bacteria,Bacteroidetes,Bacteroidia,Bacteroidales,Bacteroidaceae,Bacteroides,Bacteroides_stercorirosoris,Bacteria,Firmicutes,Clostridia,Peptococcales,Peptococcaceae,uncultured,None,0.010710808179162609
Bacteria,Bacteroidetes,Bacteroidia,Bacteroidales,Bacteroidaceae,Bacteroides,Bacteroides_stercorirosoris,Bacteria,Firmicutes,Clostridia,Peptostreptococcales-Tissierellales,Anaerovoracaceae,Family_XIII_AD3011_group,metagenome,0.011684518013631937
Bacteria,Bacteroidetes,Bacteroidia,Bacteroidales,Bacteroidaceae,Bacteroides,Bacteroides_stercorirosoris,Bacteria,Firmicutes,Clostridia,Peptostreptococcales-Tissierellales,Anaerovoracaceae,Family_XIII_AD3011_group,None,0.010710808179162609
Bacteria,Bacteroidetes,Bacteroidia,Bacteroidales,Bacteroidaceae,Bacteroides,Bacteroides_stercorirosoris,Bacteria,Firmicutes,Clostridia,Peptostreptococcales-Tissierellales,Anaerovoracaceae,Family_XIII_AD3011_group,uncultured,0.011684518013631937
Bacteria,Bacteroidetes,Bacteroidia,Bacteroidales,Bacteroidaceae,Bacteroides,Bacteroides_stercorirosoris,Bacteria,Firmicutes,Clostridia,Peptostreptococcales-Tissierellales,Anaerovoracaceae,Family_XIII_UCG-001,metagenome,0.011684518013631937
Bacteria,Bacteroidetes,Bacteroidia,Bacteroidales,Bacteroidaceae,Bacteroides,Bacteroides_stercorirosoris,Bacteria,Firmicutes,Clostridia,Peptostreptococcales-Tissierellales,Anaerovoracaceae,Eubacterium_nodatum_group,None,0.010710808179162609
Bacteria,Bacteroidetes,Bacteroidia,Bacteroidales,Bacteroidaceae,Bacteroides,Bacteroides_stercorirosoris,Bacteria,Firmicutes,Clostridia,Peptostreptococcales-Tissierellales,Anaerovoracaceae,None,None,0.009737098344693282
Bacteria,Bacteroidetes,Bacteroidia,Bacteroidales,Bacteroidaceae,Bacteroides,Bacteroides_stercorirosoris,Bacteria,Firmicutes,Clostridia,Peptostreptococcales-Tissierellales,Parvimonas,None,None,0.009737098344693282
Bacteria,Bacteroidetes,Bacteroidia,Bacteroidales,Bacteroidaceae,Bacteroides,Bacteroides_stercorirosoris,Bacteria,Firmicutes,Clostridia,None,None,None,None,0.007789678675754625
Bacteria,Bacteroidetes,Bacteroidia,Bacteroidales,Bacteroidaceae,Bacteroides,Bacteroides_stercorirosoris,Bacteria,Firmicutes,Incertae_Sedis,DTU014,unidentified,None,None,0.009737098344693282
Bacteria,Bacteroidetes,Bacteroidia,Bacteroidales,Bacteroidaceae,Bacteroides,Bacteroides_stercorirosoris,Bacteria,Firmicutes,Limnochordia,M55-D21,uncultured_compost_bacterium,None,None,0.009737098344693282
Bacteria,Bacteroidetes,Bacteroidia,Bacteroidales,Bacteroidaceae,Bacteroides,Bacteroides_stercorirosoris,Bacteria,Firmicutes,Negativicutes,Acidaminococcales,Acidaminococcaceae,Phascolarctobacterium,None,0.010710808179162609
Bacteria,Bacteroidetes,Bacteroidia,Bacteroidales,Bacteroidaceae,Bacteroides,Bacteroides_stercorirosoris,Bacteria,Firmicutes,None,None,None,None,None,0.006815968841285297
Bacteria,Bacteroidetes,Bacteroidia,Bacteroidales,Bacteroidaceae,Bacteroides,Bacteroides_stercorirosoris,Bacteria,Firmicutes,uncultured,uncultured_Peptococcaceae_bacterium,None,None,None,0.008763388510223954
Bacteria,Bacteroidetes,Bacteroidia,Bacteroidales,Bacteroidaceae,Bacteroides,Bacteroides_stercorirosoris,Bacteria,Proteobacteria,Alphaproteobacteria,Rhodospirillales,uncultured,None,None,0.009737098344693282
Bacteria,Bacteroidetes,Bacteroidia,Bacteroidales,Bacteroidaceae,Bacteroides,Bacteroides_stercorirosoris,Bacteria,Proteobacteria,Gammaproteobacteria,Burkholderiales,Sutterellaceae,Sutterella,Sutterella_sp._252,0.011684518013631937
Bacteria,Bacteroidetes,Bacteroidia,Bacteroidales,Bacteroidaceae,Bacteroides,Bacteroides_stercorirosoris,Bacteria,Proteobacteria,Gammaproteobacteria,Enterobacterales,Enterobacteriaceae,Escherichia-Shigella,None,0.010710808179162609
Bacteria,Bacteroidetes,Bacteroidia,Bacteroidales,Bacteroidaceae,Bacteroides,Bacteroides_stercorirosoris,Bacteria,Proteobacteria,Gammaproteobacteria,Enterobacterales,Enterobacteriaceae,Klebsiella,None,0.010710808179162609
Bacteria,Bacteroidetes,Bacteroidia,Bacteroidales,Bacteroidaceae,Bacteroides,Bacteroides_stercorirosoris,Bacteria,Proteobacteria,Gammaproteobacteria,Enterobacterales,Enterobacteriaceae,None,None,0.009737098344693282
Bacteria,Bacteroidetes,Bacteroidia,Bacteroidales,Bacteroidaceae,Bacteroides,Bacteroides_stercorirosoris,Bacteria,Proteobacteria,Gammaproteobacteria,Pseudomonadales,Pseudomonadaceae,Pseudomonas,None,0.010710808179162609
Bacteria,Bacteroidetes,Bacteroidia,Bacteroidales,Bacteroidaceae,Bacteroides,Bacteroides_stercorirosoris,Bacteria,Synergistota,Synergistia,Synergistales,Synergistaceae,Cloacibacillus,None,0.010710808179162609
Bacteria,Bacteroidetes,Bacteroidia,Bacteroidales,Bacteroidaceae,Bacteroides,Bacteroides_stercorirosoris,Bacteria,Verrucomicrobiota,Verrucomicrobiae,Verrucomicrobiales,Akkermansiaceae,Akkermansia,None,0.010710808179162609
Bacteria,Bacteroidetes,Bacteroidia,Bacteroidales,Bacteroidaceae,Bacteroides,Bacteroides_uniformis,Bacteria,Bacteroidetes,Bacteroidia,Bacteroidales,Bacteroidaceae,Bacteroides,None,0.0009737098344693282
Bacteria,Bacteroidetes,Bacteroidia,Bacteroidales,Bacteroidaceae,Bacteroides,Bacteroides_uniformis,Bacteria,Bacteroidetes,Bacteroidia,Bacteroidales,Barnesiellaceae,Barnesiella,None,0.004868549172346641
Bacteria,Bacteroidetes,Bacteroidia,Bacteroidales,Bacteroidaceae,Bacteroides,Bacteroides_uniformis,Bacteria,Bacteroidetes,Bacteroidia,Bacteroidales,Marinifilaceae,Butyricimonas,None,0.004868549172346641
Bacteria,Bacteroidetes,Bacteroidia,Bacteroidales,Bacteroidaceae,Bacteroides,Bacteroides_uniformis,Bacteria,Bacteroidetes,Bacteroidia,Bacteroidales,Marinifilaceae,Odoribacter,None,0.004868549172346641
Bacteria,Bacteroidetes,Bacteroidia,Bacteroidales,Bacteroidaceae,Bacteroides,Bacteroides_uniformis,Bacteria,Bacteroidetes,Bacteroidia,Bacteroidales,Marinifilaceae,Sanguibacteroides,None,0.004868549172346641
Bacteria,Bacteroidetes,Bacteroidia,Bacteroidales,Bacteroidaceae,Bacteroides,Bacteroides_uniformis,Bacteria,Bacteroidetes,Bacteroidia,Bacteroidales,Rikenellaceae,Alistipes,Alistipes_ihumii_AP11,0.005842259006815969
Bacteria,Bacteroidetes,Bacteroidia,Bacteroidales,Bacteroidaceae,Bacteroides,Bacteroides_uniformis,Bacteria,Bacteroidetes,Bacteroidia,Bacteroidales,Rikenellaceae,Alistipes,Alistipes_sp._cv1,0.005842259006815969
Bacteria,Bacteroidetes,Bacteroidia,Bacteroidales,Bacteroidaceae,Bacteroides,Bacteroides_uniformis,Bacteria,Bacteroidetes,Bacteroidia,Bacteroidales,Rikenellaceae,Alistipes,Bacteroidetes_bacterium_Eg28,0.005842259006815969
Bacteria,Bacteroidetes,Bacteroidia,Bacteroidales,Bacteroidaceae,Bacteroides,Bacteroides_uniformis,Bacteria,Bacteroidetes,Bacteroidia,Bacteroidales,Rikenellaceae,Alistipes,None,0.004868549172346641
Bacteria,Bacteroidetes,Bacteroidia,Bacteroidales,Bacteroidaceae,Bacteroides,Bacteroides_uniformis,Bacteria,Bacteroidetes,Bacteroidia,Bacteroidales,Tannerellaceae,Parabacteroides,Parabacteroides_goldsteinii,0.005842259006815969
Bacteria,Bacteroidetes,Bacteroidia,Bacteroidales,Bacteroidaceae,Bacteroides,Bacteroides_uniformis,Bacteria,Bacteroidetes,Bacteroidia,Bacteroidales,Tannerellaceae,Parabacteroides,None,0.004868549172346641
Bacteria,Bacteroidetes,Bacteroidia,Bacteroidales,Bacteroidaceae,Bacteroides,Bacteroides_uniformis,Bacteria,Bacteroidetes,Bacteroidia,Flavobacteriales,Flavobacteriaceae,uncultured,metagenome,0.007789678675754625
Bacteria,Bacteroidetes,Bacteroidia,Bacteroidales,Bacteroidaceae,Bacteroides,Bacteroides_uniformis,Bacteria,Cyanobacteria/Chloroplast,Cyanobacteria.XI,GpXI,None,None,None,0.008763388510223954
Bacteria,Bacteroidetes,Bacteroidia,Bacteroidales,Bacteroidaceae,Bacteroides,Bacteroides_uniformis,Bacteria,Desulfobacterota,Desulfovibrionia,Desulfovibrionales,Desulfovibrionaceae,Desulfovibrio,None,0.010710808179162609
Bacteria,Bacteroidetes,Bacteroidia,Bacteroidales,Bacteroidaceae,Bacteroides,Bacteroides_uniformis,Bacteria,Firmicutes,Bacilli,Erysipelotrichales,Erysipelatoclostridiaceae,Erysipelatoclostridium,Clostridium_spiroforme_DSM_1552,0.011684518013631937
Bacteria,Bacteroidetes,Bacteroidia,Bacteroidales,Bacteroidaceae,Bacteroides,Bacteroides_uniformis,Bacteria,Firmicutes,Bacilli,Erysipelotrichales,Erysipelatoclostridiaceae,Erysipelatoclostridium,None,0.010710808179162609
Bacteria,Bacteroidetes,Bacteroidia,Bacteroidales,Bacteroidaceae,Bacteroides,Bacteroides_uniformis,Bacteria,Firmicutes,Bacilli,Erysipelotrichales,Erysipelotrichaceae,Faecalitalea,None,0.010710808179162609
Bacteria,Bacteroidetes,Bacteroidia,Bacteroidales,Bacteroidaceae,Bacteroides,Bacteroides_uniformis,Bacteria,Firmicutes,Bacilli,Erysipelotrichales,Erysipelotrichaceae,Holdemanella,None,0.010710808179162609
Bacteria,Bacteroidetes,Bacteroidia,Bacteroidales,Bacteroidaceae,Bacteroides,Bacteroides_uniformis,Bacteria,Firmicutes,Bacilli,Erysipelotrichales,Erysipelotrichaceae,Holdemania,None,0.010710808179162609
Bacteria,Bacteroidetes,Bacteroidia,Bacteroidales,Bacteroidaceae,Bacteroides,Bacteroides_uniformis,Bacteria,Firmicutes,Bacilli,Erysipelotrichales,Erysipelotrichaceae,Clostridium_innocuum_group,None,0.010710808179162609
Bacteria,Bacteroidetes,Bacteroidia,Bacteroidales,Bacteroidaceae,Bacteroides,Bacteroides_uniformis,Bacteria,Firmicutes,Bacilli,Izemoplasmatales,human_gut_metagenome,None,None,0.009737098344693282
Bacteria,Bacteroidetes,Bacteroidia,Bacteroidales,Bacteroidaceae,Bacteroides,Bacteroides_uniformis,Bacteria,Firmicutes,Bacilli,Lactobacillales,Lactobacillaceae,Lactobacillus,Lactobacillus_mucosae,0.011684518013631937
Bacteria,Bacteroidetes,Bacteroidia,Bacteroidales,Bacteroidaceae,Bacteroides,Bacteroides_uniformis,Bacteria,Firmicutes,Bacilli,Lactobacillales,Streptococcaceae,Lactococcus,None,0.010710808179162609
Bacteria,Bacteroidetes,Bacteroidia,Bacteroidales,Bacteroidaceae,Bacteroides,Bacteroides_uniformis,Bacteria,Firmicutes,Bacilli,Lactobacillales,Streptococcaceae,Streptococcus,Streptococcus_sp._oral_taxon_065,0.011684518013631937
Bacteria,Bacteroidetes,Bacteroidia,Bacteroidales,Bacteroidaceae,Bacteroides,Bacteroides_uniformis,Bacteria,Firmicutes,Bacilli,Lactobacillales,Streptococcaceae,Streptococcus,None,0.010710808179162609
Bacteria,Bacteroidetes,Bacteroidia,Bacteroidales,Bacteroidaceae,Bacteroides,Bacteroides_uniformis,Bacteria,Firmicutes,Clostridia,Christensenellales,Christensenellaceae,Christensenellaceae_R-7_group,Christensenella_sp._Marseille-P3954,0.011684518013631937
Bacteria,Bacteroidetes,Bacteroidia,Bacteroidales,Bacteroidaceae,Bacteroides,Bacteroides_uniformis,Bacteria,Firmicutes,Clostridia,Christensenellales,Christensenellaceae,Christensenellaceae_R-7_group,Clostridiales_bacterium_Marseille-P2846,0.011684518013631937
Bacteria,Bacteroidetes,Bacteroidia,Bacteroidales,Bacteroidaceae,Bacteroides,Bacteroides_uniformis,Bacteria,Firmicutes,Clostridia,Christensenellales,Christensenellaceae,Christensenellaceae_R-7_group,None,0.010710808179162609
Bacteria,Bacteroidetes,Bacteroidia,Bacteroidales,Bacteroidaceae,Bacteroides,Bacteroides_uniformis,Bacteria,Firmicutes,Clostridia,Christensenellales,Christensenellaceae,Christensenellaceae_R-7_group,bacterium_YE57,0.011684518013631937
Bacteria,Bacteroidetes,Bacteroidia,Bacteroidales,Bacteroidaceae,Bacteroides,Bacteroides_uniformis,Bacteria,Firmicutes,Clostridia,Christensenellales,Christensenellaceae,Christensenellaceae_R-7_group,metagenome,0.011684518013631937
Bacteria,Bacteroidetes,Bacteroidia,Bacteroidales,Bacteroidaceae,Bacteroides,Bacteroides_uniformis,Bacteria,Firmicutes,Clostridia,Christensenellales,Christensenellaceae,Christensenellaceae_R-7_group,uncultured_Firmicutes_bacterium,0.011684518013631937
Bacteria,Bacteroidetes,Bacteroidia,Bacteroidales,Bacteroidaceae,Bacteroides,Bacteroides_uniformis,Bacteria,Firmicutes,Clostridia,Christensenellales,Christensenellaceae,Christensenellaceae_R-7_group,uncultured_marine_bacterium,0.011684518013631937
Bacteria,Bacteroidetes,Bacteroidia,Bacteroidales,Bacteroidaceae,Bacteroides,Bacteroides_uniformis,Bacteria,Firmicutes,Clostridia,Christensenellales,Christensenellaceae,Christensenellaceae_R-7_group,uncultured_organism,0.011684518013631937
Bacteria,Bacteroidetes,Bacteroidia,Bacteroidales,Bacteroidaceae,Bacteroides,Bacteroides_uniformis,Bacteria,Firmicutes,Clostridia,Christensenellales,Christensenellaceae,None,None,0.009737098344693282
Bacteria,Bacteroidetes,Bacteroidia,Bacteroidales,Bacteroidaceae,Bacteroides,Bacteroides_uniformis,Bacteria,Firmicutes,Clostridia,Clostridia_vadinBB60_group,metagenome,None,None,0.009737098344693282
Bacteria,Bacteroidetes,Bacteroidia,Bacteroidales,Bacteroidaceae,Bacteroides,Bacteroides_uniformis,Bacteria,Firmicutes,Clostridia,Clostridia_vadinBB60_group,wastewater_metagenome,None,None,0.009737098344693282
Bacteria,Bacteroidetes,Bacteroidia,Bacteroidales,Bacteroidaceae,Bacteroides,Bacteroides_uniformis,Bacteria,Firmicutes,Clostridia,Clostridiales,Christensenellaceae,Christensenella,PAC001427,0.011684518013631937
Bacteria,Bacteroidetes,Bacteroidia,Bacteroidales,Bacteroidaceae,Bacteroides,Bacteroides_uniformis,Bacteria,Firmicutes,Clostridia,Clostridiales,Christensenellaceae,Christensenella,PAC002297,0.011684518013631937
Bacteria,Bacteroidetes,Bacteroidia,Bacteroidales,Bacteroidaceae,Bacteroides,Bacteroides_uniformis,Bacteria,Firmicutes,Clostridia,Clostridiales,Christensenellaceae,PAC001115,PAC001444,0.011684518013631937
Bacteria,Bacteroidetes,Bacteroidia,Bacteroidales,Bacteroidaceae,Bacteroides,Bacteroides_uniformis,Bacteria,Firmicutes,Clostridia,Clostridiales,Christensenellaceae,PAC001437,PAC001486,0.011684518013631937
Bacteria,Bacteroidetes,Bacteroidia,Bacteroidales,Bacteroidaceae,Bacteroides,Bacteroides_uniformis,Bacteria,Firmicutes,Clostridia,Clostridiales,Christensenellaceae,PAC001437,PAC002305,0.011684518013631937
Bacteria,Bacteroidetes,Bacteroidia,Bacteroidales,Bacteroidaceae,Bacteroides,Bacteroides_uniformis,Bacteria,Firmicutes,Clostridia,Clostridiales,Christensenellaceae,PAC002510,PAC002510,0.011684518013631937
Bacteria,Bacteroidetes,Bacteroidia,Bacteroidales,Bacteroidaceae,Bacteroides,Bacteroides_uniformis,Bacteria,Firmicutes,Clostridia,Clostridiales,Dehalobacterium,PAC002141,PAC002141,0.011684518013631937
Bacteria,Bacteroidetes,Bacteroidia,Bacteroidales,Bacteroidaceae,Bacteroides,Bacteroides_uniformis,Bacteria,Firmicutes,Clostridia,Clostridiales,Ruminococcaceae,PAC000742,PAC000742,0.011684518013631937
Bacteria,Bacteroidetes,Bacteroidia,Bacteroidales,Bacteroidaceae,Bacteroides,Bacteroides_uniformis,Bacteria,Firmicutes,Clostridia,Clostridiales,Ruminococcaceae,PAC001144,PAC001620,0.011684518013631937
Bacteria,Bacteroidetes,Bacteroidia,Bacteroidales,Bacteroidaceae,Bacteroides,Bacteroides_uniformis,Bacteria,Firmicutes,Clostridia,Clostridiales,Ruminococcaceae,PAC001313,PAC001649,0.011684518013631937
Bacteria,Bacteroidetes,Bacteroidia,Bacteroidales,Bacteroidaceae,Bacteroides,Bacteroides_uniformis,Bacteria,Firmicutes,Clostridia,Clostridiales,Ruminococcaceae,PAC002201,PAC002201,0.011684518013631937
Bacteria,Bacteroidetes,Bacteroidia,Bacteroidales,Bacteroidaceae,Bacteroides,Bacteroides_uniformis,Bacteria,Firmicutes,Clostridia,Eubacteriales,Eubacteriaceae,Eubacterium,None,0.010710808179162609
Bacteria,Bacteroidetes,Bacteroidia,Bacteroidales,Bacteroidaceae,Bacteroides,Bacteroides_uniformis,Bacteria,Firmicutes,Clostridia,Lachnospirales,Lachnospiraceae,Agathobacter,None,0.010710808179162609
Bacteria,Bacteroidetes,Bacteroidia,Bacteroidales,Bacteroidaceae,Bacteroides,Bacteroides_uniformis,Bacteria,Firmicutes,Clostridia,Lachnospirales,Lachnospiraceae,Anaerostipes,None,0.010710808179162609
Bacteria,Bacteroidetes,Bacteroidia,Bacteroidales,Bacteroidaceae,Bacteroides,Bacteroides_uniformis,Bacteria,Firmicutes,Clostridia,Lachnospirales,Lachnospiraceae,Blautia,None,0.010710808179162609
Bacteria,Bacteroidetes,Bacteroidia,Bacteroidales,Bacteroidaceae,Bacteroides,Bacteroides_uniformis,Bacteria,Firmicutes,Clostridia,Lachnospirales,Lachnospiraceae,Blautia,bacterium_mpn-isolate_group_20,0.011684518013631937
Bacteria,Bacteroidetes,Bacteroidia,Bacteroidales,Bacteroidaceae,Bacteroides,Bacteroides_uniformis,Bacteria,Firmicutes,Clostridia,Lachnospirales,Lachnospiraceae,Blautia,uncultured_Blautia_sp.,0.011684518013631937
Bacteria,Bacteroidetes,Bacteroidia,Bacteroidales,Bacteroidaceae,Bacteroides,Bacteroides_uniformis,Bacteria,Firmicutes,Clostridia,Lachnospirales,Lachnospiraceae,Coprococcus,None,0.010710808179162609
Bacteria,Bacteroidetes,Bacteroidia,Bacteroidales,Bacteroidaceae,Bacteroides,Bacteroides_uniformis,Bacteria,Firmicutes,Clostridia,Lachnospirales,Lachnospiraceae,Coprococcus,uncultured_Coprococcus_sp.,0.011684518013631937
Bacteria,Bacteroidetes,Bacteroidia,Bacteroidales,Bacteroidaceae,Bacteroides,Bacteroides_uniformis,Bacteria,Firmicutes,Clostridia,Lachnospirales,Lachnospiraceae,Dorea,None,0.010710808179162609
Bacteria,Bacteroidetes,Bacteroidia,Bacteroidales,Bacteroidaceae,Bacteroides,Bacteroides_uniformis,Bacteria,Firmicutes,Clostridia,Lachnospirales,Lachnospiraceae,Eisenbergiella,None,0.010710808179162609
Bacteria,Bacteroidetes,Bacteroidia,Bacteroidales,Bacteroidaceae,Bacteroides,Bacteroides_uniformis,Bacteria,Firmicutes,Clostridia,Lachnospirales,Lachnospiraceae,Frisingicoccus,None,0.010710808179162609
Bacteria,Bacteroidetes,Bacteroidia,Bacteroidales,Bacteroidaceae,Bacteroides,Bacteroides_uniformis,Bacteria,Firmicutes,Clostridia,Lachnospirales,Lachnospiraceae,Fusicatenibacter,uncultured_Lachnospiraceae_bacterium,0.011684518013631937
Bacteria,Bacteroidetes,Bacteroidia,Bacteroidales,Bacteroidaceae,Bacteroides,Bacteroides_uniformis,Bacteria,Firmicutes,Clostridia,Lachnospirales,Lachnospiraceae,GCA-900066575,None,0.010710808179162609
Bacteria,Bacteroidetes,Bacteroidia,Bacteroidales,Bacteroidaceae,Bacteroides,Bacteroides_uniformis,Bacteria,Firmicutes,Clostridia,Lachnospirales,Lachnospiraceae,GCA-900066575,metagenome,0.011684518013631937
Bacteria,Bacteroidetes,Bacteroidia,Bacteroidales,Bacteroidaceae,Bacteroides,Bacteroides_uniformis,Bacteria,Firmicutes,Clostridia,Lachnospirales,Lachnospiraceae,GCA-900066755,None,0.010710808179162609
Bacteria,Bacteroidetes,Bacteroidia,Bacteroidales,Bacteroidaceae,Bacteroides,Bacteroides_uniformis,Bacteria,Firmicutes,Clostridia,Lachnospirales,Lachnospiraceae,Hungatella,metagenome,0.011684518013631937
Bacteria,Bacteroidetes,Bacteroidia,Bacteroidales,Bacteroidaceae,Bacteroides,Bacteroides_uniformis,Bacteria,Firmicutes,Clostridia,Lachnospirales,Lachnospiraceae,Lachnoclostridium,Clostridium_symbiosum,0.011684518013631937
Bacteria,Bacteroidetes,Bacteroidia,Bacteroidales,Bacteroidaceae,Bacteroides,Bacteroides_uniformis,Bacteria,Firmicutes,Clostridia,Lachnospirales,Lachnospiraceae,Lachnoclostridium,None,0.010710808179162609
Bacteria,Bacteroidetes,Bacteroidia,Bacteroidales,Bacteroidaceae,Bacteroides,Bacteroides_uniformis,Bacteria,Firmicutes,Clostridia,Lachnospirales,Lachnospiraceae,Lachnoclostridium,uncultured_Lachnospiraceae_bacterium,0.011684518013631937
Bacteria,Bacteroidetes,Bacteroidia,Bacteroidales,Bacteroidaceae,Bacteroides,Bacteroides_uniformis,Bacteria,Firmicutes,Clostridia,Lachnospirales,Lachnospiraceae,Lachnospiraceae_ND3007_group,metagenome,0.011684518013631937
Bacteria,Bacteroidetes,Bacteroidia,Bacteroidales,Bacteroidaceae,Bacteroides,Bacteroides_uniformis,Bacteria,Firmicutes,Clostridia,Lachnospirales,Lachnospiraceae,Lachnospiraceae_NK4A136_group,None,0.010710808179162609
Bacteria,Bacteroidetes,Bacteroidia,Bacteroidales,Bacteroidaceae,Bacteroides,Bacteroides_uniformis,Bacteria,Firmicutes,Clostridia,Lachnospirales,Lachnospiraceae,Lachnospiraceae_NK4A136_group,uncultured_Lachnospiraceae_bacterium,0.011684518013631937
Bacteria,Bacteroidetes,Bacteroidia,Bacteroidales,Bacteroidaceae,Bacteroides,Bacteroides_uniformis,Bacteria,Firmicutes,Clostridia,Lachnospirales,Lachnospiraceae,Lachnospiraceae_NK4A136_group,uncultured_bacterium_Adhufec49.25,0.011684518013631937
Bacteria,Bacteroidetes,Bacteroidia,Bacteroidales,Bacteroidaceae,Bacteroides,Bacteroides_uniformis,Bacteria,Firmicutes,Clostridia,Lachnospirales,Lachnospiraceae,Lachnospiraceae_NK4B4_group,None,0.010710808179162609
Bacteria,Bacteroidetes,Bacteroidia,Bacteroidales,Bacteroidaceae,Bacteroides,Bacteroides_uniformis,Bacteria,Firmicutes,Clostridia,Lachnospirales,Lachnospiraceae,Lachnospiraceae_UCG-001,metagenome,0.011684518013631937
Bacteria,Bacteroidetes,Bacteroidia,Bacteroidales,Bacteroidaceae,Bacteroides,Bacteroides_uniformis,Bacteria,Firmicutes,Clostridia,Lachnospirales,Lachnospiraceae,Lachnospiraceae_UCG-004,None,0.010710808179162609
Bacteria,Bacteroidetes,Bacteroidia,Bacteroidales,Bacteroidaceae,Bacteroides,Bacteroides_uniformis,Bacteria,Firmicutes,Clostridia,Lachnospirales,Lachnospiraceae,Lachnospiraceae_UCG-008,metagenome,0.011684518013631937
Bacteria,Bacteroidetes,Bacteroidia,Bacteroidales,Bacteroidaceae,Bacteroides,Bacteroides_uniformis,Bacteria,Firmicutes,Clostridia,Lachnospirales,Lachnospiraceae,Lachnospiraceae_UCG-010,None,0.010710808179162609
Bacteria,Bacteroidetes,Bacteroidia,Bacteroidales,Bacteroidaceae,Bacteroides,Bacteroides_uniformis,Bacteria,Firmicutes,Clostridia,Lachnospirales,Lachnospiraceae,Marvinbryantia,None,0.010710808179162609
Bacteria,Bacteroidetes,Bacteroidia,Bacteroidales,Bacteroidaceae,Bacteroides,Bacteroides_uniformis,Bacteria,Firmicutes,Clostridia,Lachnospirales,Lachnospiraceae,Marvinbryantia,unidentified,0.011684518013631937
Bacteria,Bacteroidetes,Bacteroidia,Bacteroidales,Bacteroidaceae,Bacteroides,Bacteroides_uniformis,Bacteria,Firmicutes,Clostridia,Lachnospirales,Lachnospiraceae,Roseburia,None,0.010710808179162609
Bacteria,Bacteroidetes,Bacteroidia,Bacteroidales,Bacteroidaceae,Bacteroides,Bacteroides_uniformis,Bacteria,Firmicutes,Clostridia,Lachnospirales,Lachnospiraceae,Roseburia,gut_metagenome,0.011684518013631937
Bacteria,Bacteroidetes,Bacteroidia,Bacteroidales,Bacteroidaceae,Bacteroides,Bacteroides_uniformis,Bacteria,Firmicutes,Clostridia,Lachnospirales,Lachnospiraceae,Tuzzerella,None,0.010710808179162609
Bacteria,Bacteroidetes,Bacteroidia,Bacteroidales,Bacteroidaceae,Bacteroides,Bacteroides_uniformis,Bacteria,Firmicutes,Clostridia,Lachnospirales,Lachnospiraceae,Tyzzerella,None,0.010710808179162609
Bacteria,Bacteroidetes,Bacteroidia,Bacteroidales,Bacteroidaceae,Bacteroides,Bacteroides_uniformis,Bacteria,Firmicutes,Clostridia,Lachnospirales,Lachnospiraceae,Eubacterium_hallii_group,None,0.010710808179162609
Bacteria,Bacteroidetes,Bacteroidia,Bacteroidales,Bacteroidaceae,Bacteroides,Bacteroides_uniformis,Bacteria,Firmicutes,Clostridia,Lachnospirales,Lachnospiraceae,Eubacterium_ventriosum_group,metagenome,0.011684518013631937
Bacteria,Bacteroidetes,Bacteroidia,Bacteroidales,Bacteroidaceae,Bacteroides,Bacteroides_uniformis,Bacteria,Firmicutes,Clostridia,Lachnospirales,Lachnospiraceae,Ruminococcus_gauvreauii_group,uncultured_Lachnospiraceae_bacterium,0.011684518013631937
Bacteria,Bacteroidetes,Bacteroidia,Bacteroidales,Bacteroidaceae,Bacteroides,Bacteroides_uniformis,Bacteria,Firmicutes,Clostridia,Lachnospirales,Lachnospiraceae,Ruminococcus_gnavus_group,None,0.010710808179162609
Bacteria,Bacteroidetes,Bacteroidia,Bacteroidales,Bacteroidaceae,Bacteroides,Bacteroides_uniformis,Bacteria,Firmicutes,Clostridia,Lachnospirales,Lachnospiraceae,Ruminococcus_torques_group,Clostridiaceae_bacterium_LEMV78,0.011684518013631937
Bacteria,Bacteroidetes,Bacteroidia,Bacteroidales,Bacteroidaceae,Bacteroides,Bacteroides_uniformis,Bacteria,Firmicutes,Clostridia,Lachnospirales,Lachnospiraceae,Ruminococcus_torques_group,None,0.010710808179162609
Bacteria,Bacteroidetes,Bacteroidia,Bacteroidales,Bacteroidaceae,Bacteroides,Bacteroides_uniformis,Bacteria,Firmicutes,Clostridia,Lachnospirales,Lachnospiraceae,None,None,0.009737098344693282
Bacteria,Bacteroidetes,Bacteroidia,Bacteroidales,Bacteroidaceae,Bacteroides,Bacteroides_uniformis,Bacteria,Firmicutes,Clostridia,Lachnospirales,Lachnospiraceae,uncultured,None,0.010710808179162609
Bacteria,Bacteroidetes,Bacteroidia,Bacteroidales,Bacteroidaceae,Bacteroides,Bacteroides_uniformis,Bacteria,Firmicutes,Clostridia,Monoglobales,Monoglobaceae,Monoglobus,None,0.010710808179162609
Bacteria,Bacteroidetes,Bacteroidia,Bacteroidales,Bacteroidaceae,Bacteroides,Bacteroides_uniformis,Bacteria,Firmicutes,Clostridia,Oscillospirales,Butyricicoccaceae,Butyricicoccus,None,0.010710808179162609
Bacteria,Bacteroidetes,Bacteroidia,Bacteroidales,Bacteroidaceae,Bacteroides,Bacteroides_uniformis,Bacteria,Firmicutes,Clostridia,Oscillospirales,Hydrogenoanaerobacterium,None,None,0.009737098344693282
Bacteria,Bacteroidetes,Bacteroidia,Bacteroidales,Bacteroidaceae,Bacteroides,Bacteroides_uniformis,Bacteria,Firmicutes,Clostridia,Oscillospirales,Oscillospiraceae,Colidextribacter,None,0.010710808179162609
Bacteria,Bacteroidetes,Bacteroidia,Bacteroidales,Bacteroidaceae,Bacteroides,Bacteroides_uniformis,Bacteria,Firmicutes,Clostridia,Oscillospirales,Oscillospiraceae,Colidextribacter,metagenome,0.011684518013631937
Bacteria,Bacteroidetes,Bacteroidia,Bacteroidales,Bacteroidaceae,Bacteroides,Bacteroides_uniformis,Bacteria,Firmicutes,Clostridia,Oscillospirales,Oscillospiraceae,Flavonifractor,None,0.010710808179162609
Bacteria,Bacteroidetes,Bacteroidia,Bacteroidales,Bacteroidaceae,Bacteroides,Bacteroides_uniformis,Bacteria,Firmicutes,Clostridia,Oscillospirales,Oscillospiraceae,Intestinimonas,None,0.010710808179162609
Bacteria,Bacteroidetes,Bacteroidia,Bacteroidales,Bacteroidaceae,Bacteroides,Bacteroides_uniformis,Bacteria,Firmicutes,Clostridia,Oscillospirales,Oscillospiraceae,Intestinimonas,uncultured,0.011684518013631937
Bacteria,Bacteroidetes,Bacteroidia,Bacteroidales,Bacteroidaceae,Bacteroides,Bacteroides_uniformis,Bacteria,Firmicutes,Clostridia,Oscillospirales,Oscillospiraceae,NK4A214_group,None,0.010710808179162609
Bacteria,Bacteroidetes,Bacteroidia,Bacteroidales,Bacteroidaceae,Bacteroides,Bacteroides_uniformis,Bacteria,Firmicutes,Clostridia,Oscillospirales,Oscillospiraceae,Oscillibacter,None,0.010710808179162609
Bacteria,Bacteroidetes,Bacteroidia,Bacteroidales,Bacteroidaceae,Bacteroides,Bacteroides_uniformis,Bacteria,Firmicutes,Clostridia,Oscillospirales,Oscillospiraceae,Oscillibacter,metagenome,0.011684518013631937
Bacteria,Bacteroidetes,Bacteroidia,Bacteroidales,Bacteroidaceae,Bacteroides,Bacteroides_uniformis,Bacteria,Firmicutes,Clostridia,Oscillospirales,Oscillospiraceae,Oscillospira,None,0.010710808179162609
Bacteria,Bacteroidetes,Bacteroidia,Bacteroidales,Bacteroidaceae,Bacteroides,Bacteroides_uniformis,Bacteria,Firmicutes,Clostridia,Oscillospirales,Oscillospiraceae,UCG-002,None,0.010710808179162609
Bacteria,Bacteroidetes,Bacteroidia,Bacteroidales,Bacteroidaceae,Bacteroides,Bacteroides_uniformis,Bacteria,Firmicutes,Clostridia,Oscillospirales,Oscillospiraceae,UCG-003,None,0.010710808179162609
Bacteria,Bacteroidetes,Bacteroidia,Bacteroidales,Bacteroidaceae,Bacteroides,Bacteroides_uniformis,Bacteria,Firmicutes,Clostridia,Oscillospirales,Oscillospiraceae,UCG-005,None,0.010710808179162609
Bacteria,Bacteroidetes,Bacteroidia,Bacteroidales,Bacteroidaceae,Bacteroides,Bacteroides_uniformis,Bacteria,Firmicutes,Clostridia,Oscillospirales,Oscillospiraceae,UCG-005,metagenome,0.011684518013631937
Bacteria,Bacteroidetes,Bacteroidia,Bacteroidales,Bacteroidaceae,Bacteroides,Bacteroides_uniformis,Bacteria,Firmicutes,Clostridia,Oscillospirales,Oscillospiraceae,UCG-005,uncultured_Clostridiales_bacterium,0.011684518013631937
Bacteria,Bacteroidetes,Bacteroidia,Bacteroidales,Bacteroidaceae,Bacteroides,Bacteroides_uniformis,Bacteria,Firmicutes,Clostridia,Oscillospirales,Oscillospiraceae,UCG-005,uncultured_rumen_bacterium,0.011684518013631937
Bacteria,Bacteroidetes,Bacteroidia,Bacteroidales,Bacteroidaceae,Bacteroides,Bacteroides_uniformis,Bacteria,Firmicutes,Clostridia,Oscillospirales,Oscillospiraceae,None,None,0.009737098344693282
Bacteria,Bacteroidetes,Bacteroidia,Bacteroidales,Bacteroidaceae,Bacteroides,Bacteroides_uniformis,Bacteria,Firmicutes,Clostridia,Oscillospirales,Oscillospiraceae,uncultured,metagenome,0.011684518013631937
Bacteria,Bacteroidetes,Bacteroidia,Bacteroidales,Bacteroidaceae,Bacteroides,Bacteroides_uniformis,Bacteria,Firmicutes,Clostridia,Oscillospirales,Oscillospiraceae,uncultured,unidentified,0.011684518013631937
Bacteria,Bacteroidetes,Bacteroidia,Bacteroidales,Bacteroidaceae,Bacteroides,Bacteroides_uniformis,Bacteria,Firmicutes,Clostridia,Oscillospirales,Ruminococcaceae,Anaerofilum,uncultured_Firmicutes_bacterium,0.011684518013631937
Bacteria,Bacteroidetes,Bacteroidia,Bacteroidales,Bacteroidaceae,Bacteroides,Bacteroides_uniformis,Bacteria,Firmicutes,Clostridia,Oscillospirales,Ruminococcaceae,Anaerotruncus,Anaerotruncus_rubiinfantis,0.011684518013631937
Bacteria,Bacteroidetes,Bacteroidia,Bacteroidales,Bacteroidaceae,Bacteroides,Bacteroides_uniformis,Bacteria,Firmicutes,Clostridia,Oscillospirales,Ruminococcaceae,Anaerotruncus,Anaerotruncus_sp._NML_070203,0.011684518013631937
Bacteria,Bacteroidetes,Bacteroidia,Bacteroidales,Bacteroidaceae,Bacteroides,Bacteroides_uniformis,Bacteria,Firmicutes,Clostridia,Oscillospirales,Ruminococcaceae,Candidatus_Soleaferrea,Neobitarella_massiliensis,0.011684518013631937
Bacteria,Bacteroidetes,Bacteroidia,Bacteroidales,Bacteroidaceae,Bacteroides,Bacteroides_uniformis,Bacteria,Firmicutes,Clostridia,Oscillospirales,Ruminococcaceae,Candidatus_Soleaferrea,None,0.010710808179162609
Bacteria,Bacteroidetes,Bacteroidia,Bacteroidales,Bacteroidaceae,Bacteroides,Bacteroides_uniformis,Bacteria,Firmicutes,Clostridia,Oscillospirales,Ruminococcaceae,DTU089,None,0.010710808179162609
Bacteria,Bacteroidetes,Bacteroidia,Bacteroidales,Bacteroidaceae,Bacteroides,Bacteroides_uniformis,Bacteria,Firmicutes,Clostridia,Oscillospirales,Ruminococcaceae,Faecalibacterium,None,0.010710808179162609
Bacteria,Bacteroidetes,Bacteroidia,Bacteroidales,Bacteroidaceae,Bacteroides,Bacteroides_uniformis,Bacteria,Firmicutes,Clostridia,Oscillospirales,Ruminococcaceae,Fournierella,uncultured_organism,0.011684518013631937
Bacteria,Bacteroidetes,Bacteroidia,Bacteroidales,Bacteroidaceae,Bacteroides,Bacteroides_uniformis,Bacteria,Firmicutes,Clostridia,Oscillospirales,Ruminococcaceae,Incertae_Sedis,metagenome,0.011684518013631937
Bacteria,Bacteroidetes,Bacteroidia,Bacteroidales,Bacteroidaceae,Bacteroides,Bacteroides_uniformis,Bacteria,Firmicutes,Clostridia,Oscillospirales,Ruminococcaceae,Incertae_Sedis,None,0.010710808179162609
Bacteria,Bacteroidetes,Bacteroidia,Bacteroidales,Bacteroidaceae,Bacteroides,Bacteroides_uniformis,Bacteria,Firmicutes,Clostridia,Oscillospirales,Ruminococcaceae,Negativibacillus,None,0.010710808179162609
Bacteria,Bacteroidetes,Bacteroidia,Bacteroidales,Bacteroidaceae,Bacteroides,Bacteroides_uniformis,Bacteria,Firmicutes,Clostridia,Oscillospirales,Ruminococcaceae,Ruminococcus,Ruminococcus_champanellensis,0.011684518013631937
Bacteria,Bacteroidetes,Bacteroidia,Bacteroidales,Bacteroidaceae,Bacteroides,Bacteroides_uniformis,Bacteria,Firmicutes,Clostridia,Oscillospirales,Ruminococcaceae,Ruminococcus,None,0.010710808179162609
Bacteria,Bacteroidetes,Bacteroidia,Bacteroidales,Bacteroidaceae,Bacteroides,Bacteroides_uniformis,Bacteria,Firmicutes,Clostridia,Oscillospirales,Ruminococcaceae,Subdoligranulum,None,0.010710808179162609
Bacteria,Bacteroidetes,Bacteroidia,Bacteroidales,Bacteroidaceae,Bacteroides,Bacteroides_uniformis,Bacteria,Firmicutes,Clostridia,Oscillospirales,Ruminococcaceae,UBA1819,None,0.010710808179162609
Bacteria,Bacteroidetes,Bacteroidia,Bacteroidales,Bacteroidaceae,Bacteroides,Bacteroides_uniformis,Bacteria,Firmicutes,Clostridia,Oscillospirales,Ruminococcaceae,Eubacterium_siraeum_group,None,0.010710808179162609
Bacteria,Bacteroidetes,Bacteroidia,Bacteroidales,Bacteroidaceae,Bacteroides,Bacteroides_uniformis,Bacteria,Firmicutes,Clostridia,Oscillospirales,Ruminococcaceae,None,None,0.009737098344693282
Bacteria,Bacteroidetes,Bacteroidia,Bacteroidales,Bacteroidaceae,Bacteroides,Bacteroides_uniformis,Bacteria,Firmicutes,Clostridia,Oscillospirales,UCG-010,None,None,0.009737098344693282
Bacteria,Bacteroidetes,Bacteroidia,Bacteroidales,Bacteroidaceae,Bacteroides,Bacteroides_uniformis,Bacteria,Firmicutes,Clostridia,Oscillospirales,UCG-010,metagenome,None,0.010710808179162609
Bacteria,Bacteroidetes,Bacteroidia,Bacteroidales,Bacteroidaceae,Bacteroides,Bacteroides_uniformis,Bacteria,Firmicutes,Clostridia,Oscillospirales,UCG-010,uncultured_bacterium,None,0.010710808179162609
Bacteria,Bacteroidetes,Bacteroidia,Bacteroidales,Bacteroidaceae,Bacteroides,Bacteroides_uniformis,Bacteria,Firmicutes,Clostridia,Oscillospirales,UCG-010,uncultured_organism,None,0.010710808179162609
Bacteria,Bacteroidetes,Bacteroidia,Bacteroidales,Bacteroidaceae,Bacteroides,Bacteroides_uniformis,Bacteria,Firmicutes,Clostridia,Oscillospirales,Clostridium_methylpentosum_group,None,None,0.009737098344693282
Bacteria,Bacteroidetes,Bacteroidia,Bacteroidales,Bacteroidaceae,Bacteroides,Bacteroides_uniformis,Bacteria,Firmicutes,Clostridia,Oscillospirales,Eubacterium_coprostanoligenes_group,None,None,0.009737098344693282
Bacteria,Bacteroidetes,Bacteroidia,Bacteroidales,Bacteroidaceae,Bacteroides,Bacteroides_uniformis,Bacteria,Firmicutes,Clostridia,Oscillospirales,None,None,None,0.008763388510223954
Bacteria,Bacteroidetes,Bacteroidia,Bacteroidales,Bacteroidaceae,Bacteroides,Bacteroides_uniformis,Bacteria,Firmicutes,Clostridia,Peptococcales,Peptococcaceae,uncultured,None,0.010710808179162609
Bacteria,Bacteroidetes,Bacteroidia,Bacteroidales,Bacteroidaceae,Bacteroides,Bacteroides_uniformis,Bacteria,Firmicutes,Clostridia,Peptostreptococcales-Tissierellales,Anaerovoracaceae,Family_XIII_AD3011_group,metagenome,0.011684518013631937
Bacteria,Bacteroidetes,Bacteroidia,Bacteroidales,Bacteroidaceae,Bacteroides,Bacteroides_uniformis,Bacteria,Firmicutes,Clostridia,Peptostreptococcales-Tissierellales,Anaerovoracaceae,Family_XIII_AD3011_group,None,0.010710808179162609
Bacteria,Bacteroidetes,Bacteroidia,Bacteroidales,Bacteroidaceae,Bacteroides,Bacteroides_uniformis,Bacteria,Firmicutes,Clostridia,Peptostreptococcales-Tissierellales,Anaerovoracaceae,Family_XIII_AD3011_group,uncultured,0.011684518013631937
Bacteria,Bacteroidetes,Bacteroidia,Bacteroidales,Bacteroidaceae,Bacteroides,Bacteroides_uniformis,Bacteria,Firmicutes,Clostridia,Peptostreptococcales-Tissierellales,Anaerovoracaceae,Family_XIII_UCG-001,metagenome,0.011684518013631937
Bacteria,Bacteroidetes,Bacteroidia,Bacteroidales,Bacteroidaceae,Bacteroides,Bacteroides_uniformis,Bacteria,Firmicutes,Clostridia,Peptostreptococcales-Tissierellales,Anaerovoracaceae,Eubacterium_nodatum_group,None,0.010710808179162609
Bacteria,Bacteroidetes,Bacteroidia,Bacteroidales,Bacteroidaceae,Bacteroides,Bacteroides_uniformis,Bacteria,Firmicutes,Clostridia,Peptostreptococcales-Tissierellales,Anaerovoracaceae,None,None,0.009737098344693282
Bacteria,Bacteroidetes,Bacteroidia,Bacteroidales,Bacteroidaceae,Bacteroides,Bacteroides_uniformis,Bacteria,Firmicutes,Clostridia,Peptostreptococcales-Tissierellales,Parvimonas,None,None,0.009737098344693282
Bacteria,Bacteroidetes,Bacteroidia,Bacteroidales,Bacteroidaceae,Bacteroides,Bacteroides_uniformis,Bacteria,Firmicutes,Clostridia,None,None,None,None,0.007789678675754625
Bacteria,Bacteroidetes,Bacteroidia,Bacteroidales,Bacteroidaceae,Bacteroides,Bacteroides_uniformis,Bacteria,Firmicutes,Incertae_Sedis,DTU014,unidentified,None,None,0.009737098344693282
Bacteria,Bacteroidetes,Bacteroidia,Bacteroidales,Bacteroidaceae,Bacteroides,Bacteroides_uniformis,Bacteria,Firmicutes,Limnochordia,M55-D21,uncultured_compost_bacterium,None,None,0.009737098344693282
Bacteria,Bacteroidetes,Bacteroidia,Bacteroidales,Bacteroidaceae,Bacteroides,Bacteroides_uniformis,Bacteria,Firmicutes,Negativicutes,Acidaminococcales,Acidaminococcaceae,Phascolarctobacterium,None,0.010710808179162609
Bacteria,Bacteroidetes,Bacteroidia,Bacteroidales,Bacteroidaceae,Bacteroides,Bacteroides_uniformis,Bacteria,Firmicutes,None,None,None,None,None,0.006815968841285297
Bacteria,Bacteroidetes,Bacteroidia,Bacteroidales,Bacteroidaceae,Bacteroides,Bacteroides_uniformis,Bacteria,Firmicutes,uncultured,uncultured_Peptococcaceae_bacterium,None,None,None,0.008763388510223954
Bacteria,Bacteroidetes,Bacteroidia,Bacteroidales,Bacteroidaceae,Bacteroides,Bacteroides_uniformis,Bacteria,Proteobacteria,Alphaproteobacteria,Rhodospirillales,uncultured,None,None,0.009737098344693282
Bacteria,Bacteroidetes,Bacteroidia,Bacteroidales,Bacteroidaceae,Bacteroides,Bacteroides_uniformis,Bacteria,Proteobacteria,Gammaproteobacteria,Burkholderiales,Sutterellaceae,Sutterella,Sutterella_sp._252,0.011684518013631937
Bacteria,Bacteroidetes,Bacteroidia,Bacteroidales,Bacteroidaceae,Bacteroides,Bacteroides_uniformis,Bacteria,Proteobacteria,Gammaproteobacteria,Enterobacterales,Enterobacteriaceae,Escherichia-Shigella,None,0.010710808179162609
Bacteria,Bacteroidetes,Bacteroidia,Bacteroidales,Bacteroidaceae,Bacteroides,Bacteroides_uniformis,Bacteria,Proteobacteria,Gammaproteobacteria,Enterobacterales,Enterobacteriaceae,Klebsiella,None,0.010710808179162609
Bacteria,Bacteroidetes,Bacteroidia,Bacteroidales,Bacteroidaceae,Bacteroides,Bacteroides_uniformis,Bacteria,Proteobacteria,Gammaproteobacteria,Enterobacterales,Enterobacteriaceae,None,None,0.009737098344693282
Bacteria,Bacteroidetes,Bacteroidia,Bacteroidales,Bacteroidaceae,Bacteroides,Bacteroides_uniformis,Bacteria,Proteobacteria,Gammaproteobacteria,Pseudomonadales,Pseudomonadaceae,Pseudomonas,None,0.010710808179162609
Bacteria,Bacteroidetes,Bacteroidia,Bacteroidales,Bacteroidaceae,Bacteroides,Bacteroides_uniformis,Bacteria,Synergistota,Synergistia,Synergistales,Synergistaceae,Cloacibacillus,None,0.010710808179162609
Bacteria,Bacteroidetes,Bacteroidia,Bacteroidales,Bacteroidaceae,Bacteroides,Bacteroides_uniformis,Bacteria,Verrucomicrobiota,Verrucomicrobiae,Verrucomicrobiales,Akkermansiaceae,Akkermansia,None,0.010710808179162609
Bacteria,Bacteroidetes,Bacteroidia,Bacteroidales,Bacteroidaceae,Bacteroides,None,Bacteria,Bacteroidetes,Bacteroidia,Bacteroidales,Barnesiellaceae,Barnesiella,None,0.0038948393378773127
Bacteria,Bacteroidetes,Bacteroidia,Bacteroidales,Bacteroidaceae,Bacteroides,None,Bacteria,Bacteroidetes,Bacteroidia,Bacteroidales,Marinifilaceae,Butyricimonas,None,0.0038948393378773127
Bacteria,Bacteroidetes,Bacteroidia,Bacteroidales,Bacteroidaceae,Bacteroides,None,Bacteria,Bacteroidetes,Bacteroidia,Bacteroidales,Marinifilaceae,Odoribacter,None,0.0038948393378773127
Bacteria,Bacteroidetes,Bacteroidia,Bacteroidales,Bacteroidaceae,Bacteroides,None,Bacteria,Bacteroidetes,Bacteroidia,Bacteroidales,Marinifilaceae,Sanguibacteroides,None,0.0038948393378773127
Bacteria,Bacteroidetes,Bacteroidia,Bacteroidales,Bacteroidaceae,Bacteroides,None,Bacteria,Bacteroidetes,Bacteroidia,Bacteroidales,Rikenellaceae,Alistipes,Alistipes_ihumii_AP11,0.004868549172346641
Bacteria,Bacteroidetes,Bacteroidia,Bacteroidales,Bacteroidaceae,Bacteroides,None,Bacteria,Bacteroidetes,Bacteroidia,Bacteroidales,Rikenellaceae,Alistipes,Alistipes_sp._cv1,0.004868549172346641
Bacteria,Bacteroidetes,Bacteroidia,Bacteroidales,Bacteroidaceae,Bacteroides,None,Bacteria,Bacteroidetes,Bacteroidia,Bacteroidales,Rikenellaceae,Alistipes,Bacteroidetes_bacterium_Eg28,0.004868549172346641
Bacteria,Bacteroidetes,Bacteroidia,Bacteroidales,Bacteroidaceae,Bacteroides,None,Bacteria,Bacteroidetes,Bacteroidia,Bacteroidales,Rikenellaceae,Alistipes,None,0.0038948393378773127
Bacteria,Bacteroidetes,Bacteroidia,Bacteroidales,Bacteroidaceae,Bacteroides,None,Bacteria,Bacteroidetes,Bacteroidia,Bacteroidales,Tannerellaceae,Parabacteroides,Parabacteroides_goldsteinii,0.004868549172346641
Bacteria,Bacteroidetes,Bacteroidia,Bacteroidales,Bacteroidaceae,Bacteroides,None,Bacteria,Bacteroidetes,Bacteroidia,Bacteroidales,Tannerellaceae,Parabacteroides,None,0.0038948393378773127
Bacteria,Bacteroidetes,Bacteroidia,Bacteroidales,Bacteroidaceae,Bacteroides,None,Bacteria,Bacteroidetes,Bacteroidia,Flavobacteriales,Flavobacteriaceae,uncultured,metagenome,0.006815968841285297
Bacteria,Bacteroidetes,Bacteroidia,Bacteroidales,Bacteroidaceae,Bacteroides,None,Bacteria,Cyanobacteria/Chloroplast,Cyanobacteria.XI,GpXI,None,None,None,0.007789678675754625
Bacteria,Bacteroidetes,Bacteroidia,Bacteroidales,Bacteroidaceae,Bacteroides,None,Bacteria,Desulfobacterota,Desulfovibrionia,Desulfovibrionales,Desulfovibrionaceae,Desulfovibrio,None,0.009737098344693282
Bacteria,Bacteroidetes,Bacteroidia,Bacteroidales,Bacteroidaceae,Bacteroides,None,Bacteria,Firmicutes,Bacilli,Erysipelotrichales,Erysipelatoclostridiaceae,Erysipelatoclostridium,Clostridium_spiroforme_DSM_1552,0.010710808179162609
Bacteria,Bacteroidetes,Bacteroidia,Bacteroidales,Bacteroidaceae,Bacteroides,None,Bacteria,Firmicutes,Bacilli,Erysipelotrichales,Erysipelatoclostridiaceae,Erysipelatoclostridium,None,0.009737098344693282
Bacteria,Bacteroidetes,Bacteroidia,Bacteroidales,Bacteroidaceae,Bacteroides,None,Bacteria,Firmicutes,Bacilli,Erysipelotrichales,Erysipelotrichaceae,Faecalitalea,None,0.009737098344693282
Bacteria,Bacteroidetes,Bacteroidia,Bacteroidales,Bacteroidaceae,Bacteroides,None,Bacteria,Firmicutes,Bacilli,Erysipelotrichales,Erysipelotrichaceae,Holdemanella,None,0.009737098344693282
Bacteria,Bacteroidetes,Bacteroidia,Bacteroidales,Bacteroidaceae,Bacteroides,None,Bacteria,Firmicutes,Bacilli,Erysipelotrichales,Erysipelotrichaceae,Holdemania,None,0.009737098344693282
Bacteria,Bacteroidetes,Bacteroidia,Bacteroidales,Bacteroidaceae,Bacteroides,None,Bacteria,Firmicutes,Bacilli,Erysipelotrichales,Erysipelotrichaceae,Clostridium_innocuum_group,None,0.009737098344693282
Bacteria,Bacteroidetes,Bacteroidia,Bacteroidales,Bacteroidaceae,Bacteroides,None,Bacteria,Firmicutes,Bacilli,Izemoplasmatales,human_gut_metagenome,None,None,0.008763388510223954
Bacteria,Bacteroidetes,Bacteroidia,Bacteroidales,Bacteroidaceae,Bacteroides,None,Bacteria,Firmicutes,Bacilli,Lactobacillales,Lactobacillaceae,Lactobacillus,Lactobacillus_mucosae,0.010710808179162609
Bacteria,Bacteroidetes,Bacteroidia,Bacteroidales,Bacteroidaceae,Bacteroides,None,Bacteria,Firmicutes,Bacilli,Lactobacillales,Streptococcaceae,Lactococcus,None,0.009737098344693282
Bacteria,Bacteroidetes,Bacteroidia,Bacteroidales,Bacteroidaceae,Bacteroides,None,Bacteria,Firmicutes,Bacilli,Lactobacillales,Streptococcaceae,Streptococcus,Streptococcus_sp._oral_taxon_065,0.010710808179162609
Bacteria,Bacteroidetes,Bacteroidia,Bacteroidales,Bacteroidaceae,Bacteroides,None,Bacteria,Firmicutes,Bacilli,Lactobacillales,Streptococcaceae,Streptococcus,None,0.009737098344693282
Bacteria,Bacteroidetes,Bacteroidia,Bacteroidales,Bacteroidaceae,Bacteroides,None,Bacteria,Firmicutes,Clostridia,Christensenellales,Christensenellaceae,Christensenellaceae_R-7_group,Christensenella_sp._Marseille-P3954,0.010710808179162609
Bacteria,Bacteroidetes,Bacteroidia,Bacteroidales,Bacteroidaceae,Bacteroides,None,Bacteria,Firmicutes,Clostridia,Christensenellales,Christensenellaceae,Christensenellaceae_R-7_group,Clostridiales_bacterium_Marseille-P2846,0.010710808179162609
Bacteria,Bacteroidetes,Bacteroidia,Bacteroidales,Bacteroidaceae,Bacteroides,None,Bacteria,Firmicutes,Clostridia,Christensenellales,Christensenellaceae,Christensenellaceae_R-7_group,None,0.009737098344693282
Bacteria,Bacteroidetes,Bacteroidia,Bacteroidales,Bacteroidaceae,Bacteroides,None,Bacteria,Firmicutes,Clostridia,Christensenellales,Christensenellaceae,Christensenellaceae_R-7_group,bacterium_YE57,0.010710808179162609
Bacteria,Bacteroidetes,Bacteroidia,Bacteroidales,Bacteroidaceae,Bacteroides,None,Bacteria,Firmicutes,Clostridia,Christensenellales,Christensenellaceae,Christensenellaceae_R-7_group,metagenome,0.010710808179162609
Bacteria,Bacteroidetes,Bacteroidia,Bacteroidales,Bacteroidaceae,Bacteroides,None,Bacteria,Firmicutes,Clostridia,Christensenellales,Christensenellaceae,Christensenellaceae_R-7_group,uncultured_Firmicutes_bacterium,0.010710808179162609
Bacteria,Bacteroidetes,Bacteroidia,Bacteroidales,Bacteroidaceae,Bacteroides,None,Bacteria,Firmicutes,Clostridia,Christensenellales,Christensenellaceae,Christensenellaceae_R-7_group,uncultured_marine_bacterium,0.010710808179162609
Bacteria,Bacteroidetes,Bacteroidia,Bacteroidales,Bacteroidaceae,Bacteroides,None,Bacteria,Firmicutes,Clostridia,Christensenellales,Christensenellaceae,Christensenellaceae_R-7_group,uncultured_organism,0.010710808179162609
Bacteria,Bacteroidetes,Bacteroidia,Bacteroidales,Bacteroidaceae,Bacteroides,None,Bacteria,Firmicutes,Clostridia,Christensenellales,Christensenellaceae,None,None,0.008763388510223954
Bacteria,Bacteroidetes,Bacteroidia,Bacteroidales,Bacteroidaceae,Bacteroides,None,Bacteria,Firmicutes,Clostridia,Clostridia_vadinBB60_group,metagenome,None,None,0.008763388510223954
Bacteria,Bacteroidetes,Bacteroidia,Bacteroidales,Bacteroidaceae,Bacteroides,None,Bacteria,Firmicutes,Clostridia,Clostridia_vadinBB60_group,wastewater_metagenome,None,None,0.008763388510223954
Bacteria,Bacteroidetes,Bacteroidia,Bacteroidales,Bacteroidaceae,Bacteroides,None,Bacteria,Firmicutes,Clostridia,Clostridiales,Christensenellaceae,Christensenella,PAC001427,0.010710808179162609
Bacteria,Bacteroidetes,Bacteroidia,Bacteroidales,Bacteroidaceae,Bacteroides,None,Bacteria,Firmicutes,Clostridia,Clostridiales,Christensenellaceae,Christensenella,PAC002297,0.010710808179162609
Bacteria,Bacteroidetes,Bacteroidia,Bacteroidales,Bacteroidaceae,Bacteroides,None,Bacteria,Firmicutes,Clostridia,Clostridiales,Christensenellaceae,PAC001115,PAC001444,0.010710808179162609
Bacteria,Bacteroidetes,Bacteroidia,Bacteroidales,Bacteroidaceae,Bacteroides,None,Bacteria,Firmicutes,Clostridia,Clostridiales,Christensenellaceae,PAC001437,PAC001486,0.010710808179162609
Bacteria,Bacteroidetes,Bacteroidia,Bacteroidales,Bacteroidaceae,Bacteroides,None,Bacteria,Firmicutes,Clostridia,Clostridiales,Christensenellaceae,PAC001437,PAC002305,0.010710808179162609
Bacteria,Bacteroidetes,Bacteroidia,Bacteroidales,Bacteroidaceae,Bacteroides,None,Bacteria,Firmicutes,Clostridia,Clostridiales,Christensenellaceae,PAC002510,PAC002510,0.010710808179162609
Bacteria,Bacteroidetes,Bacteroidia,Bacteroidales,Bacteroidaceae,Bacteroides,None,Bacteria,Firmicutes,Clostridia,Clostridiales,Dehalobacterium,PAC002141,PAC002141,0.010710808179162609
Bacteria,Bacteroidetes,Bacteroidia,Bacteroidales,Bacteroidaceae,Bacteroides,None,Bacteria,Firmicutes,Clostridia,Clostridiales,Ruminococcaceae,PAC000742,PAC000742,0.010710808179162609
Bacteria,Bacteroidetes,Bacteroidia,Bacteroidales,Bacteroidaceae,Bacteroides,None,Bacteria,Firmicutes,Clostridia,Clostridiales,Ruminococcaceae,PAC001144,PAC001620,0.010710808179162609
Bacteria,Bacteroidetes,Bacteroidia,Bacteroidales,Bacteroidaceae,Bacteroides,None,Bacteria,Firmicutes,Clostridia,Clostridiales,Ruminococcaceae,PAC001313,PAC001649,0.010710808179162609
Bacteria,Bacteroidetes,Bacteroidia,Bacteroidales,Bacteroidaceae,Bacteroides,None,Bacteria,Firmicutes,Clostridia,Clostridiales,Ruminococcaceae,PAC002201,PAC002201,0.010710808179162609
Bacteria,Bacteroidetes,Bacteroidia,Bacteroidales,Bacteroidaceae,Bacteroides,None,Bacteria,Firmicutes,Clostridia,Eubacteriales,Eubacteriaceae,Eubacterium,None,0.009737098344693282
Bacteria,Bacteroidetes,Bacteroidia,Bacteroidales,Bacteroidaceae,Bacteroides,None,Bacteria,Firmicutes,Clostridia,Lachnospirales,Lachnospiraceae,Agathobacter,None,0.009737098344693282
Bacteria,Bacteroidetes,Bacteroidia,Bacteroidales,Bacteroidaceae,Bacteroides,None,Bacteria,Firmicutes,Clostridia,Lachnospirales,Lachnospiraceae,Anaerostipes,None,0.009737098344693282
Bacteria,Bacteroidetes,Bacteroidia,Bacteroidales,Bacteroidaceae,Bacteroides,None,Bacteria,Firmicutes,Clostridia,Lachnospirales,Lachnospiraceae,Blautia,None,0.009737098344693282
Bacteria,Bacteroidetes,Bacteroidia,Bacteroidales,Bacteroidaceae,Bacteroides,None,Bacteria,Firmicutes,Clostridia,Lachnospirales,Lachnospiraceae,Blautia,bacterium_mpn-isolate_group_20,0.010710808179162609
Bacteria,Bacteroidetes,Bacteroidia,Bacteroidales,Bacteroidaceae,Bacteroides,None,Bacteria,Firmicutes,Clostridia,Lachnospirales,Lachnospiraceae,Blautia,uncultured_Blautia_sp.,0.010710808179162609
Bacteria,Bacteroidetes,Bacteroidia,Bacteroidales,Bacteroidaceae,Bacteroides,None,Bacteria,Firmicutes,Clostridia,Lachnospirales,Lachnospiraceae,Coprococcus,None,0.009737098344693282
Bacteria,Bacteroidetes,Bacteroidia,Bacteroidales,Bacteroidaceae,Bacteroides,None,Bacteria,Firmicutes,Clostridia,Lachnospirales,Lachnospiraceae,Coprococcus,uncultured_Coprococcus_sp.,0.010710808179162609
Bacteria,Bacteroidetes,Bacteroidia,Bacteroidales,Bacteroidaceae,Bacteroides,None,Bacteria,Firmicutes,Clostridia,Lachnospirales,Lachnospiraceae,Dorea,None,0.009737098344693282
Bacteria,Bacteroidetes,Bacteroidia,Bacteroidales,Bacteroidaceae,Bacteroides,None,Bacteria,Firmicutes,Clostridia,Lachnospirales,Lachnospiraceae,Eisenbergiella,None,0.009737098344693282
Bacteria,Bacteroidetes,Bacteroidia,Bacteroidales,Bacteroidaceae,Bacteroides,None,Bacteria,Firmicutes,Clostridia,Lachnospirales,Lachnospiraceae,Frisingicoccus,None,0.009737098344693282
Bacteria,Bacteroidetes,Bacteroidia,Bacteroidales,Bacteroidaceae,Bacteroides,None,Bacteria,Firmicutes,Clostridia,Lachnospirales,Lachnospiraceae,Fusicatenibacter,uncultured_Lachnospiraceae_bacterium,0.010710808179162609
Bacteria,Bacteroidetes,Bacteroidia,Bacteroidales,Bacteroidaceae,Bacteroides,None,Bacteria,Firmicutes,Clostridia,Lachnospirales,Lachnospiraceae,GCA-900066575,None,0.009737098344693282
Bacteria,Bacteroidetes,Bacteroidia,Bacteroidales,Bacteroidaceae,Bacteroides,None,Bacteria,Firmicutes,Clostridia,Lachnospirales,Lachnospiraceae,GCA-900066575,metagenome,0.010710808179162609
Bacteria,Bacteroidetes,Bacteroidia,Bacteroidales,Bacteroidaceae,Bacteroides,None,Bacteria,Firmicutes,Clostridia,Lachnospirales,Lachnospiraceae,GCA-900066755,None,0.009737098344693282
Bacteria,Bacteroidetes,Bacteroidia,Bacteroidales,Bacteroidaceae,Bacteroides,None,Bacteria,Firmicutes,Clostridia,Lachnospirales,Lachnospiraceae,Hungatella,metagenome,0.010710808179162609
Bacteria,Bacteroidetes,Bacteroidia,Bacteroidales,Bacteroidaceae,Bacteroides,None,Bacteria,Firmicutes,Clostridia,Lachnospirales,Lachnospiraceae,Lachnoclostridium,Clostridium_symbiosum,0.010710808179162609
Bacteria,Bacteroidetes,Bacteroidia,Bacteroidales,Bacteroidaceae,Bacteroides,None,Bacteria,Firmicutes,Clostridia,Lachnospirales,Lachnospiraceae,Lachnoclostridium,None,0.009737098344693282
Bacteria,Bacteroidetes,Bacteroidia,Bacteroidales,Bacteroidaceae,Bacteroides,None,Bacteria,Firmicutes,Clostridia,Lachnospirales,Lachnospiraceae,Lachnoclostridium,uncultured_Lachnospiraceae_bacterium,0.010710808179162609
Bacteria,Bacteroidetes,Bacteroidia,Bacteroidales,Bacteroidaceae,Bacteroides,None,Bacteria,Firmicutes,Clostridia,Lachnospirales,Lachnospiraceae,Lachnospiraceae_ND3007_group,metagenome,0.010710808179162609
Bacteria,Bacteroidetes,Bacteroidia,Bacteroidales,Bacteroidaceae,Bacteroides,None,Bacteria,Firmicutes,Clostridia,Lachnospirales,Lachnospiraceae,Lachnospiraceae_NK4A136_group,None,0.009737098344693282
Bacteria,Bacteroidetes,Bacteroidia,Bacteroidales,Bacteroidaceae,Bacteroides,None,Bacteria,Firmicutes,Clostridia,Lachnospirales,Lachnospiraceae,Lachnospiraceae_NK4A136_group,uncultured_Lachnospiraceae_bacterium,0.010710808179162609
Bacteria,Bacteroidetes,Bacteroidia,Bacteroidales,Bacteroidaceae,Bacteroides,None,Bacteria,Firmicutes,Clostridia,Lachnospirales,Lachnospiraceae,Lachnospiraceae_NK4A136_group,uncultured_bacterium_Adhufec49.25,0.010710808179162609
Bacteria,Bacteroidetes,Bacteroidia,Bacteroidales,Bacteroidaceae,Bacteroides,None,Bacteria,Firmicutes,Clostridia,Lachnospirales,Lachnospiraceae,Lachnospiraceae_NK4B4_group,None,0.009737098344693282
Bacteria,Bacteroidetes,Bacteroidia,Bacteroidales,Bacteroidaceae,Bacteroides,None,Bacteria,Firmicutes,Clostridia,Lachnospirales,Lachnospiraceae,Lachnospiraceae_UCG-001,metagenome,0.010710808179162609
Bacteria,Bacteroidetes,Bacteroidia,Bacteroidales,Bacteroidaceae,Bacteroides,None,Bacteria,Firmicutes,Clostridia,Lachnospirales,Lachnospiraceae,Lachnospiraceae_UCG-004,None,0.009737098344693282
Bacteria,Bacteroidetes,Bacteroidia,Bacteroidales,Bacteroidaceae,Bacteroides,None,Bacteria,Firmicutes,Clostridia,Lachnospirales,Lachnospiraceae,Lachnospiraceae_UCG-008,metagenome,0.010710808179162609
Bacteria,Bacteroidetes,Bacteroidia,Bacteroidales,Bacteroidaceae,Bacteroides,None,Bacteria,Firmicutes,Clostridia,Lachnospirales,Lachnospiraceae,Lachnospiraceae_UCG-010,None,0.009737098344693282
Bacteria,Bacteroidetes,Bacteroidia,Bacteroidales,Bacteroidaceae,Bacteroides,None,Bacteria,Firmicutes,Clostridia,Lachnospirales,Lachnospiraceae,Marvinbryantia,None,0.009737098344693282
Bacteria,Bacteroidetes,Bacteroidia,Bacteroidales,Bacteroidaceae,Bacteroides,None,Bacteria,Firmicutes,Clostridia,Lachnospirales,Lachnospiraceae,Marvinbryantia,unidentified,0.010710808179162609
Bacteria,Bacteroidetes,Bacteroidia,Bacteroidales,Bacteroidaceae,Bacteroides,None,Bacteria,Firmicutes,Clostridia,Lachnospirales,Lachnospiraceae,Roseburia,None,0.009737098344693282
Bacteria,Bacteroidetes,Bacteroidia,Bacteroidales,Bacteroidaceae,Bacteroides,None,Bacteria,Firmicutes,Clostridia,Lachnospirales,Lachnospiraceae,Roseburia,gut_metagenome,0.010710808179162609
Bacteria,Bacteroidetes,Bacteroidia,Bacteroidales,Bacteroidaceae,Bacteroides,None,Bacteria,Firmicutes,Clostridia,Lachnospirales,Lachnospiraceae,Tuzzerella,None,0.009737098344693282
Bacteria,Bacteroidetes,Bacteroidia,Bacteroidales,Bacteroidaceae,Bacteroides,None,Bacteria,Firmicutes,Clostridia,Lachnospirales,Lachnospiraceae,Tyzzerella,None,0.009737098344693282
Bacteria,Bacteroidetes,Bacteroidia,Bacteroidales,Bacteroidaceae,Bacteroides,None,Bacteria,Firmicutes,Clostridia,Lachnospirales,Lachnospiraceae,Eubacterium_hallii_group,None,0.009737098344693282
Bacteria,Bacteroidetes,Bacteroidia,Bacteroidales,Bacteroidaceae,Bacteroides,None,Bacteria,Firmicutes,Clostridia,Lachnospirales,Lachnospiraceae,Eubacterium_ventriosum_group,metagenome,0.010710808179162609
Bacteria,Bacteroidetes,Bacteroidia,Bacteroidales,Bacteroidaceae,Bacteroides,None,Bacteria,Firmicutes,Clostridia,Lachnospirales,Lachnospiraceae,Ruminococcus_gauvreauii_group,uncultured_Lachnospiraceae_bacterium,0.010710808179162609
Bacteria,Bacteroidetes,Bacteroidia,Bacteroidales,Bacteroidaceae,Bacteroides,None,Bacteria,Firmicutes,Clostridia,Lachnospirales,Lachnospiraceae,Ruminococcus_gnavus_group,None,0.009737098344693282
Bacteria,Bacteroidetes,Bacteroidia,Bacteroidales,Bacteroidaceae,Bacteroides,None,Bacteria,Firmicutes,Clostridia,Lachnospirales,Lachnospiraceae,Ruminococcus_torques_group,Clostridiaceae_bacterium_LEMV78,0.010710808179162609
Bacteria,Bacteroidetes,Bacteroidia,Bacteroidales,Bacteroidaceae,Bacteroides,None,Bacteria,Firmicutes,Clostridia,Lachnospirales,Lachnospiraceae,Ruminococcus_torques_group,None,0.009737098344693282
Bacteria,Bacteroidetes,Bacteroidia,Bacteroidales,Bacteroidaceae,Bacteroides,None,Bacteria,Firmicutes,Clostridia,Lachnospirales,Lachnospiraceae,None,None,0.008763388510223954
Bacteria,Bacteroidetes,Bacteroidia,Bacteroidales,Bacteroidaceae,Bacteroides,None,Bacteria,Firmicutes,Clostridia,Lachnospirales,Lachnospiraceae,uncultured,None,0.009737098344693282
Bacteria,Bacteroidetes,Bacteroidia,Bacteroidales,Bacteroidaceae,Bacteroides,None,Bacteria,Firmicutes,Clostridia,Monoglobales,Monoglobaceae,Monoglobus,None,0.009737098344693282
Bacteria,Bacteroidetes,Bacteroidia,Bacteroidales,Bacteroidaceae,Bacteroides,None,Bacteria,Firmicutes,Clostridia,Oscillospirales,Butyricicoccaceae,Butyricicoccus,None,0.009737098344693282
Bacteria,Bacteroidetes,Bacteroidia,Bacteroidales,Bacteroidaceae,Bacteroides,None,Bacteria,Firmicutes,Clostridia,Oscillospirales,Hydrogenoanaerobacterium,None,None,0.008763388510223954
Bacteria,Bacteroidetes,Bacteroidia,Bacteroidales,Bacteroidaceae,Bacteroides,None,Bacteria,Firmicutes,Clostridia,Oscillospirales,Oscillospiraceae,Colidextribacter,None,0.009737098344693282
Bacteria,Bacteroidetes,Bacteroidia,Bacteroidales,Bacteroidaceae,Bacteroides,None,Bacteria,Firmicutes,Clostridia,Oscillospirales,Oscillospiraceae,Colidextribacter,metagenome,0.010710808179162609
Bacteria,Bacteroidetes,Bacteroidia,Bacteroidales,Bacteroidaceae,Bacteroides,None,Bacteria,Firmicutes,Clostridia,Oscillospirales,Oscillospiraceae,Flavonifractor,None,0.009737098344693282
Bacteria,Bacteroidetes,Bacteroidia,Bacteroidales,Bacteroidaceae,Bacteroides,None,Bacteria,Firmicutes,Clostridia,Oscillospirales,Oscillospiraceae,Intestinimonas,None,0.009737098344693282
Bacteria,Bacteroidetes,Bacteroidia,Bacteroidales,Bacteroidaceae,Bacteroides,None,Bacteria,Firmicutes,Clostridia,Oscillospirales,Oscillospiraceae,Intestinimonas,uncultured,0.010710808179162609
Bacteria,Bacteroidetes,Bacteroidia,Bacteroidales,Bacteroidaceae,Bacteroides,None,Bacteria,Firmicutes,Clostridia,Oscillospirales,Oscillospiraceae,NK4A214_group,None,0.009737098344693282
Bacteria,Bacteroidetes,Bacteroidia,Bacteroidales,Bacteroidaceae,Bacteroides,None,Bacteria,Firmicutes,Clostridia,Oscillospirales,Oscillospiraceae,Oscillibacter,None,0.009737098344693282
Bacteria,Bacteroidetes,Bacteroidia,Bacteroidales,Bacteroidaceae,Bacteroides,None,Bacteria,Firmicutes,Clostridia,Oscillospirales,Oscillospiraceae,Oscillibacter,metagenome,0.010710808179162609
Bacteria,Bacteroidetes,Bacteroidia,Bacteroidales,Bacteroidaceae,Bacteroides,None,Bacteria,Firmicutes,Clostridia,Oscillospirales,Oscillospiraceae,Oscillospira,None,0.009737098344693282
Bacteria,Bacteroidetes,Bacteroidia,Bacteroidales,Bacteroidaceae,Bacteroides,None,Bacteria,Firmicutes,Clostridia,Oscillospirales,Oscillospiraceae,UCG-002,None,0.009737098344693282
Bacteria,Bacteroidetes,Bacteroidia,Bacteroidales,Bacteroidaceae,Bacteroides,None,Bacteria,Firmicutes,Clostridia,Oscillospirales,Oscillospiraceae,UCG-003,None,0.009737098344693282
Bacteria,Bacteroidetes,Bacteroidia,Bacteroidales,Bacteroidaceae,Bacteroides,None,Bacteria,Firmicutes,Clostridia,Oscillospirales,Oscillospiraceae,UCG-005,None,0.009737098344693282
Bacteria,Bacteroidetes,Bacteroidia,Bacteroidales,Bacteroidaceae,Bacteroides,None,Bacteria,Firmicutes,Clostridia,Oscillospirales,Oscillospiraceae,UCG-005,metagenome,0.010710808179162609
Bacteria,Bacteroidetes,Bacteroidia,Bacteroidales,Bacteroidaceae,Bacteroides,None,Bacteria,Firmicutes,Clostridia,Oscillospirales,Oscillospiraceae,UCG-005,uncultured_Clostridiales_bacterium,0.010710808179162609
Bacteria,Bacteroidetes,Bacteroidia,Bacteroidales,Bacteroidaceae,Bacteroides,None,Bacteria,Firmicutes,Clostridia,Oscillospirales,Oscillospiraceae,UCG-005,uncultured_rumen_bacterium,0.010710808179162609
Bacteria,Bacteroidetes,Bacteroidia,Bacteroidales,Bacteroidaceae,Bacteroides,None,Bacteria,Firmicutes,Clostridia,Oscillospirales,Oscillospiraceae,None,None,0.008763388510223954
Bacteria,Bacteroidetes,Bacteroidia,Bacteroidales,Bacteroidaceae,Bacteroides,None,Bacteria,Firmicutes,Clostridia,Oscillospirales,Oscillospiraceae,uncultured,metagenome,0.010710808179162609
Bacteria,Bacteroidetes,Bacteroidia,Bacteroidales,Bacteroidaceae,Bacteroides,None,Bacteria,Firmicutes,Clostridia,Oscillospirales,Oscillospiraceae,uncultured,unidentified,0.010710808179162609
Bacteria,Bacteroidetes,Bacteroidia,Bacteroidales,Bacteroidaceae,Bacteroides,None,Bacteria,Firmicutes,Clostridia,Oscillospirales,Ruminococcaceae,Anaerofilum,uncultured_Firmicutes_bacterium,0.010710808179162609
Bacteria,Bacteroidetes,Bacteroidia,Bacteroidales,Bacteroidaceae,Bacteroides,None,Bacteria,Firmicutes,Clostridia,Oscillospirales,Ruminococcaceae,Anaerotruncus,Anaerotruncus_rubiinfantis,0.010710808179162609
Bacteria,Bacteroidetes,Bacteroidia,Bacteroidales,Bacteroidaceae,Bacteroides,None,Bacteria,Firmicutes,Clostridia,Oscillospirales,Ruminococcaceae,Anaerotruncus,Anaerotruncus_sp._NML_070203,0.010710808179162609
Bacteria,Bacteroidetes,Bacteroidia,Bacteroidales,Bacteroidaceae,Bacteroides,None,Bacteria,Firmicutes,Clostridia,Oscillospirales,Ruminococcaceae,Candidatus_Soleaferrea,Neobitarella_massiliensis,0.010710808179162609
Bacteria,Bacteroidetes,Bacteroidia,Bacteroidales,Bacteroidaceae,Bacteroides,None,Bacteria,Firmicutes,Clostridia,Oscillospirales,Ruminococcaceae,Candidatus_Soleaferrea,None,0.009737098344693282
Bacteria,Bacteroidetes,Bacteroidia,Bacteroidales,Bacteroidaceae,Bacteroides,None,Bacteria,Firmicutes,Clostridia,Oscillospirales,Ruminococcaceae,DTU089,None,0.009737098344693282
Bacteria,Bacteroidetes,Bacteroidia,Bacteroidales,Bacteroidaceae,Bacteroides,None,Bacteria,Firmicutes,Clostridia,Oscillospirales,Ruminococcaceae,Faecalibacterium,None,0.009737098344693282
Bacteria,Bacteroidetes,Bacteroidia,Bacteroidales,Bacteroidaceae,Bacteroides,None,Bacteria,Firmicutes,Clostridia,Oscillospirales,Ruminococcaceae,Fournierella,uncultured_organism,0.010710808179162609
Bacteria,Bacteroidetes,Bacteroidia,Bacteroidales,Bacteroidaceae,Bacteroides,None,Bacteria,Firmicutes,Clostridia,Oscillospirales,Ruminococcaceae,Incertae_Sedis,metagenome,0.010710808179162609
Bacteria,Bacteroidetes,Bacteroidia,Bacteroidales,Bacteroidaceae,Bacteroides,None,Bacteria,Firmicutes,Clostridia,Oscillospirales,Ruminococcaceae,Incertae_Sedis,None,0.009737098344693282
Bacteria,Bacteroidetes,Bacteroidia,Bacteroidales,Bacteroidaceae,Bacteroides,None,Bacteria,Firmicutes,Clostridia,Oscillospirales,Ruminococcaceae,Negativibacillus,None,0.009737098344693282
Bacteria,Bacteroidetes,Bacteroidia,Bacteroidales,Bacteroidaceae,Bacteroides,None,Bacteria,Firmicutes,Clostridia,Oscillospirales,Ruminococcaceae,Ruminococcus,Ruminococcus_champanellensis,0.010710808179162609
Bacteria,Bacteroidetes,Bacteroidia,Bacteroidales,Bacteroidaceae,Bacteroides,None,Bacteria,Firmicutes,Clostridia,Oscillospirales,Ruminococcaceae,Ruminococcus,None,0.009737098344693282
Bacteria,Bacteroidetes,Bacteroidia,Bacteroidales,Bacteroidaceae,Bacteroides,None,Bacteria,Firmicutes,Clostridia,Oscillospirales,Ruminococcaceae,Subdoligranulum,None,0.009737098344693282
Bacteria,Bacteroidetes,Bacteroidia,Bacteroidales,Bacteroidaceae,Bacteroides,None,Bacteria,Firmicutes,Clostridia,Oscillospirales,Ruminococcaceae,UBA1819,None,0.009737098344693282
Bacteria,Bacteroidetes,Bacteroidia,Bacteroidales,Bacteroidaceae,Bacteroides,None,Bacteria,Firmicutes,Clostridia,Oscillospirales,Ruminococcaceae,Eubacterium_siraeum_group,None,0.009737098344693282
Bacteria,Bacteroidetes,Bacteroidia,Bacteroidales,Bacteroidaceae,Bacteroides,None,Bacteria,Firmicutes,Clostridia,Oscillospirales,Ruminococcaceae,None,None,0.008763388510223954
Bacteria,Bacteroidetes,Bacteroidia,Bacteroidales,Bacteroidaceae,Bacteroides,None,Bacteria,Firmicutes,Clostridia,Oscillospirales,UCG-010,None,None,0.008763388510223954
Bacteria,Bacteroidetes,Bacteroidia,Bacteroidales,Bacteroidaceae,Bacteroides,None,Bacteria,Firmicutes,Clostridia,Oscillospirales,UCG-010,metagenome,None,0.009737098344693282
Bacteria,Bacteroidetes,Bacteroidia,Bacteroidales,Bacteroidaceae,Bacteroides,None,Bacteria,Firmicutes,Clostridia,Oscillospirales,UCG-010,uncultured_bacterium,None,0.009737098344693282
Bacteria,Bacteroidetes,Bacteroidia,Bacteroidales,Bacteroidaceae,Bacteroides,None,Bacteria,Firmicutes,Clostridia,Oscillospirales,UCG-010,uncultured_organism,None,0.009737098344693282
Bacteria,Bacteroidetes,Bacteroidia,Bacteroidales,Bacteroidaceae,Bacteroides,None,Bacteria,Firmicutes,Clostridia,Oscillospirales,Clostridium_methylpentosum_group,None,None,0.008763388510223954
Bacteria,Bacteroidetes,Bacteroidia,Bacteroidales,Bacteroidaceae,Bacteroides,None,Bacteria,Firmicutes,Clostridia,Oscillospirales,Eubacterium_coprostanoligenes_group,None,None,0.008763388510223954
Bacteria,Bacteroidetes,Bacteroidia,Bacteroidales,Bacteroidaceae,Bacteroides,None,Bacteria,Firmicutes,Clostridia,Oscillospirales,None,None,None,0.007789678675754625
Bacteria,Bacteroidetes,Bacteroidia,Bacteroidales,Bacteroidaceae,Bacteroides,None,Bacteria,Firmicutes,Clostridia,Peptococcales,Peptococcaceae,uncultured,None,0.009737098344693282
Bacteria,Bacteroidetes,Bacteroidia,Bacteroidales,Bacteroidaceae,Bacteroides,None,Bacteria,Firmicutes,Clostridia,Peptostreptococcales-Tissierellales,Anaerovoracaceae,Family_XIII_AD3011_group,metagenome,0.010710808179162609
Bacteria,Bacteroidetes,Bacteroidia,Bacteroidales,Bacteroidaceae,Bacteroides,None,Bacteria,Firmicutes,Clostridia,Peptostreptococcales-Tissierellales,Anaerovoracaceae,Family_XIII_AD3011_group,None,0.009737098344693282
Bacteria,Bacteroidetes,Bacteroidia,Bacteroidales,Bacteroidaceae,Bacteroides,None,Bacteria,Firmicutes,Clostridia,Peptostreptococcales-Tissierellales,Anaerovoracaceae,Family_XIII_AD3011_group,uncultured,0.010710808179162609
Bacteria,Bacteroidetes,Bacteroidia,Bacteroidales,Bacteroidaceae,Bacteroides,None,Bacteria,Firmicutes,Clostridia,Peptostreptococcales-Tissierellales,Anaerovoracaceae,Family_XIII_UCG-001,metagenome,0.010710808179162609
Bacteria,Bacteroidetes,Bacteroidia,Bacteroidales,Bacteroidaceae,Bacteroides,None,Bacteria,Firmicutes,Clostridia,Peptostreptococcales-Tissierellales,Anaerovoracaceae,Eubacterium_nodatum_group,None,0.009737098344693282
Bacteria,Bacteroidetes,Bacteroidia,Bacteroidales,Bacteroidaceae,Bacteroides,None,Bacteria,Firmicutes,Clostridia,Peptostreptococcales-Tissierellales,Anaerovoracaceae,None,None,0.008763388510223954
Bacteria,Bacteroidetes,Bacteroidia,Bacteroidales,Bacteroidaceae,Bacteroides,None,Bacteria,Firmicutes,Clostridia,Peptostreptococcales-Tissierellales,Parvimonas,None,None,0.008763388510223954
Bacteria,Bacteroidetes,Bacteroidia,Bacteroidales,Bacteroidaceae,Bacteroides,None,Bacteria,Firmicutes,Clostridia,None,None,None,None,0.006815968841285297
Bacteria,Bacteroidetes,Bacteroidia,Bacteroidales,Bacteroidaceae,Bacteroides,None,Bacteria,Firmicutes,Incertae_Sedis,DTU014,unidentified,None,None,0.008763388510223954
Bacteria,Bacteroidetes,Bacteroidia,Bacteroidales,Bacteroidaceae,Bacteroides,None,Bacteria,Firmicutes,Limnochordia,M55-D21,uncultured_compost_bacterium,None,None,0.008763388510223954
Bacteria,Bacteroidetes,Bacteroidia,Bacteroidales,Bacteroidaceae,Bacteroides,None,Bacteria,Firmicutes,Negativicutes,Acidaminococcales,Acidaminococcaceae,Phascolarctobacterium,None,0.009737098344693282
Bacteria,Bacteroidetes,Bacteroidia,Bacteroidales,Bacteroidaceae,Bacteroides,None,Bacteria,Firmicutes,None,None,None,None,None,0.005842259006815969
Bacteria,Bacteroidetes,Bacteroidia,Bacteroidales,Bacteroidaceae,Bacteroides,None,Bacteria,Firmicutes,uncultured,uncultured_Peptococcaceae_bacterium,None,None,None,0.007789678675754625
Bacteria,Bacteroidetes,Bacteroidia,Bacteroidales,Bacteroidaceae,Bacteroides,None,Bacteria,Proteobacteria,Alphaproteobacteria,Rhodospirillales,uncultured,None,None,0.008763388510223954
Bacteria,Bacteroidetes,Bacteroidia,Bacteroidales,Bacteroidaceae,Bacteroides,None,Bacteria,Proteobacteria,Gammaproteobacteria,Burkholderiales,Sutterellaceae,Sutterella,Sutterella_sp._252,0.010710808179162609
Bacteria,Bacteroidetes,Bacteroidia,Bacteroidales,Bacteroidaceae,Bacteroides,None,Bacteria,Proteobacteria,Gammaproteobacteria,Enterobacterales,Enterobacteriaceae,Escherichia-Shigella,None,0.009737098344693282
Bacteria,Bacteroidetes,Bacteroidia,Bacteroidales,Bacteroidaceae,Bacteroides,None,Bacteria,Proteobacteria,Gammaproteobacteria,Enterobacterales,Enterobacteriaceae,Klebsiella,None,0.009737098344693282
Bacteria,Bacteroidetes,Bacteroidia,Bacteroidales,Bacteroidaceae,Bacteroides,None,Bacteria,Proteobacteria,Gammaproteobacteria,Enterobacterales,Enterobacteriaceae,None,None,0.008763388510223954
Bacteria,Bacteroidetes,Bacteroidia,Bacteroidales,Bacteroidaceae,Bacteroides,None,Bacteria,Proteobacteria,Gammaproteobacteria,Pseudomonadales,Pseudomonadaceae,Pseudomonas,None,0.009737098344693282
Bacteria,Bacteroidetes,Bacteroidia,Bacteroidales,Bacteroidaceae,Bacteroides,None,Bacteria,Synergistota,Synergistia,Synergistales,Synergistaceae,Cloacibacillus,None,0.009737098344693282
Bacteria,Bacteroidetes,Bacteroidia,Bacteroidales,Bacteroidaceae,Bacteroides,None,Bacteria,Verrucomicrobiota,Verrucomicrobiae,Verrucomicrobiales,Akkermansiaceae,Akkermansia,None,0.009737098344693282
Bacteria,Bacteroidetes,Bacteroidia,Bacteroidales,Barnesiellaceae,Barnesiella,None,Bacteria,Bacteroidetes,Bacteroidia,Bacteroidales,Marinifilaceae,Butyricimonas,None,0.0038948393378773127
Bacteria,Bacteroidetes,Bacteroidia,Bacteroidales,Barnesiellaceae,Barnesiella,None,Bacteria,Bacteroidetes,Bacteroidia,Bacteroidales,Marinifilaceae,Odoribacter,None,0.0038948393378773127
Bacteria,Bacteroidetes,Bacteroidia,Bacteroidales,Barnesiellaceae,Barnesiella,None,Bacteria,Bacteroidetes,Bacteroidia,Bacteroidales,Marinifilaceae,Sanguibacteroides,None,0.0038948393378773127
Bacteria,Bacteroidetes,Bacteroidia,Bacteroidales,Barnesiellaceae,Barnesiella,None,Bacteria,Bacteroidetes,Bacteroidia,Bacteroidales,Rikenellaceae,Alistipes,Alistipes_ihumii_AP11,0.004868549172346641
Bacteria,Bacteroidetes,Bacteroidia,Bacteroidales,Barnesiellaceae,Barnesiella,None,Bacteria,Bacteroidetes,Bacteroidia,Bacteroidales,Rikenellaceae,Alistipes,Alistipes_sp._cv1,0.004868549172346641
Bacteria,Bacteroidetes,Bacteroidia,Bacteroidales,Barnesiellaceae,Barnesiella,None,Bacteria,Bacteroidetes,Bacteroidia,Bacteroidales,Rikenellaceae,Alistipes,Bacteroidetes_bacterium_Eg28,0.004868549172346641
Bacteria,Bacteroidetes,Bacteroidia,Bacteroidales,Barnesiellaceae,Barnesiella,None,Bacteria,Bacteroidetes,Bacteroidia,Bacteroidales,Rikenellaceae,Alistipes,None,0.0038948393378773127
Bacteria,Bacteroidetes,Bacteroidia,Bacteroidales,Barnesiellaceae,Barnesiella,None,Bacteria,Bacteroidetes,Bacteroidia,Bacteroidales,Tannerellaceae,Parabacteroides,Parabacteroides_goldsteinii,0.004868549172346641
Bacteria,Bacteroidetes,Bacteroidia,Bacteroidales,Barnesiellaceae,Barnesiella,None,Bacteria,Bacteroidetes,Bacteroidia,Bacteroidales,Tannerellaceae,Parabacteroides,None,0.0038948393378773127
Bacteria,Bacteroidetes,Bacteroidia,Bacteroidales,Barnesiellaceae,Barnesiella,None,Bacteria,Bacteroidetes,Bacteroidia,Flavobacteriales,Flavobacteriaceae,uncultured,metagenome,0.006815968841285297
Bacteria,Bacteroidetes,Bacteroidia,Bacteroidales,Barnesiellaceae,Barnesiella,None,Bacteria,Cyanobacteria/Chloroplast,Cyanobacteria.XI,GpXI,None,None,None,0.007789678675754625
Bacteria,Bacteroidetes,Bacteroidia,Bacteroidales,Barnesiellaceae,Barnesiella,None,Bacteria,Desulfobacterota,Desulfovibrionia,Desulfovibrionales,Desulfovibrionaceae,Desulfovibrio,None,0.009737098344693282
Bacteria,Bacteroidetes,Bacteroidia,Bacteroidales,Barnesiellaceae,Barnesiella,None,Bacteria,Firmicutes,Bacilli,Erysipelotrichales,Erysipelatoclostridiaceae,Erysipelatoclostridium,Clostridium_spiroforme_DSM_1552,0.010710808179162609
Bacteria,Bacteroidetes,Bacteroidia,Bacteroidales,Barnesiellaceae,Barnesiella,None,Bacteria,Firmicutes,Bacilli,Erysipelotrichales,Erysipelatoclostridiaceae,Erysipelatoclostridium,None,0.009737098344693282
Bacteria,Bacteroidetes,Bacteroidia,Bacteroidales,Barnesiellaceae,Barnesiella,None,Bacteria,Firmicutes,Bacilli,Erysipelotrichales,Erysipelotrichaceae,Faecalitalea,None,0.009737098344693282
Bacteria,Bacteroidetes,Bacteroidia,Bacteroidales,Barnesiellaceae,Barnesiella,None,Bacteria,Firmicutes,Bacilli,Erysipelotrichales,Erysipelotrichaceae,Holdemanella,None,0.009737098344693282
Bacteria,Bacteroidetes,Bacteroidia,Bacteroidales,Barnesiellaceae,Barnesiella,None,Bacteria,Firmicutes,Bacilli,Erysipelotrichales,Erysipelotrichaceae,Holdemania,None,0.009737098344693282
Bacteria,Bacteroidetes,Bacteroidia,Bacteroidales,Barnesiellaceae,Barnesiella,None,Bacteria,Firmicutes,Bacilli,Erysipelotrichales,Erysipelotrichaceae,Clostridium_innocuum_group,None,0.009737098344693282
Bacteria,Bacteroidetes,Bacteroidia,Bacteroidales,Barnesiellaceae,Barnesiella,None,Bacteria,Firmicutes,Bacilli,Izemoplasmatales,human_gut_metagenome,None,None,0.008763388510223954
Bacteria,Bacteroidetes,Bacteroidia,Bacteroidales,Barnesiellaceae,Barnesiella,None,Bacteria,Firmicutes,Bacilli,Lactobacillales,Lactobacillaceae,Lactobacillus,Lactobacillus_mucosae,0.010710808179162609
Bacteria,Bacteroidetes,Bacteroidia,Bacteroidales,Barnesiellaceae,Barnesiella,None,Bacteria,Firmicutes,Bacilli,Lactobacillales,Streptococcaceae,Lactococcus,None,0.009737098344693282
Bacteria,Bacteroidetes,Bacteroidia,Bacteroidales,Barnesiellaceae,Barnesiella,None,Bacteria,Firmicutes,Bacilli,Lactobacillales,Streptococcaceae,Streptococcus,Streptococcus_sp._oral_taxon_065,0.010710808179162609
Bacteria,Bacteroidetes,Bacteroidia,Bacteroidales,Barnesiellaceae,Barnesiella,None,Bacteria,Firmicutes,Bacilli,Lactobacillales,Streptococcaceae,Streptococcus,None,0.009737098344693282
Bacteria,Bacteroidetes,Bacteroidia,Bacteroidales,Barnesiellaceae,Barnesiella,None,Bacteria,Firmicutes,Clostridia,Christensenellales,Christensenellaceae,Christensenellaceae_R-7_group,Christensenella_sp._Marseille-P3954,0.010710808179162609
Bacteria,Bacteroidetes,Bacteroidia,Bacteroidales,Barnesiellaceae,Barnesiella,None,Bacteria,Firmicutes,Clostridia,Christensenellales,Christensenellaceae,Christensenellaceae_R-7_group,Clostridiales_bacterium_Marseille-P2846,0.010710808179162609
Bacteria,Bacteroidetes,Bacteroidia,Bacteroidales,Barnesiellaceae,Barnesiella,None,Bacteria,Firmicutes,Clostridia,Christensenellales,Christensenellaceae,Christensenellaceae_R-7_group,None,0.009737098344693282
Bacteria,Bacteroidetes,Bacteroidia,Bacteroidales,Barnesiellaceae,Barnesiella,None,Bacteria,Firmicutes,Clostridia,Christensenellales,Christensenellaceae,Christensenellaceae_R-7_group,bacterium_YE57,0.010710808179162609
Bacteria,Bacteroidetes,Bacteroidia,Bacteroidales,Barnesiellaceae,Barnesiella,None,Bacteria,Firmicutes,Clostridia,Christensenellales,Christensenellaceae,Christensenellaceae_R-7_group,metagenome,0.010710808179162609
Bacteria,Bacteroidetes,Bacteroidia,Bacteroidales,Barnesiellaceae,Barnesiella,None,Bacteria,Firmicutes,Clostridia,Christensenellales,Christensenellaceae,Christensenellaceae_R-7_group,uncultured_Firmicutes_bacterium,0.010710808179162609
Bacteria,Bacteroidetes,Bacteroidia,Bacteroidales,Barnesiellaceae,Barnesiella,None,Bacteria,Firmicutes,Clostridia,Christensenellales,Christensenellaceae,Christensenellaceae_R-7_group,uncultured_marine_bacterium,0.010710808179162609
Bacteria,Bacteroidetes,Bacteroidia,Bacteroidales,Barnesiellaceae,Barnesiella,None,Bacteria,Firmicutes,Clostridia,Christensenellales,Christensenellaceae,Christensenellaceae_R-7_group,uncultured_organism,0.010710808179162609
Bacteria,Bacteroidetes,Bacteroidia,Bacteroidales,Barnesiellaceae,Barnesiella,None,Bacteria,Firmicutes,Clostridia,Christensenellales,Christensenellaceae,None,None,0.008763388510223954
Bacteria,Bacteroidetes,Bacteroidia,Bacteroidales,Barnesiellaceae,Barnesiella,None,Bacteria,Firmicutes,Clostridia,Clostridia_vadinBB60_group,metagenome,None,None,0.008763388510223954
Bacteria,Bacteroidetes,Bacteroidia,Bacteroidales,Barnesiellaceae,Barnesiella,None,Bacteria,Firmicutes,Clostridia,Clostridia_vadinBB60_group,wastewater_metagenome,None,None,0.008763388510223954
Bacteria,Bacteroidetes,Bacteroidia,Bacteroidales,Barnesiellaceae,Barnesiella,None,Bacteria,Firmicutes,Clostridia,Clostridiales,Christensenellaceae,Christensenella,PAC001427,0.010710808179162609
Bacteria,Bacteroidetes,Bacteroidia,Bacteroidales,Barnesiellaceae,Barnesiella,None,Bacteria,Firmicutes,Clostridia,Clostridiales,Christensenellaceae,Christensenella,PAC002297,0.010710808179162609
Bacteria,Bacteroidetes,Bacteroidia,Bacteroidales,Barnesiellaceae,Barnesiella,None,Bacteria,Firmicutes,Clostridia,Clostridiales,Christensenellaceae,PAC001115,PAC001444,0.010710808179162609
Bacteria,Bacteroidetes,Bacteroidia,Bacteroidales,Barnesiellaceae,Barnesiella,None,Bacteria,Firmicutes,Clostridia,Clostridiales,Christensenellaceae,PAC001437,PAC001486,0.010710808179162609
Bacteria,Bacteroidetes,Bacteroidia,Bacteroidales,Barnesiellaceae,Barnesiella,None,Bacteria,Firmicutes,Clostridia,Clostridiales,Christensenellaceae,PAC001437,PAC002305,0.010710808179162609
Bacteria,Bacteroidetes,Bacteroidia,Bacteroidales,Barnesiellaceae,Barnesiella,None,Bacteria,Firmicutes,Clostridia,Clostridiales,Christensenellaceae,PAC002510,PAC002510,0.010710808179162609
Bacteria,Bacteroidetes,Bacteroidia,Bacteroidales,Barnesiellaceae,Barnesiella,None,Bacteria,Firmicutes,Clostridia,Clostridiales,Dehalobacterium,PAC002141,PAC002141,0.010710808179162609
Bacteria,Bacteroidetes,Bacteroidia,Bacteroidales,Barnesiellaceae,Barnesiella,None,Bacteria,Firmicutes,Clostridia,Clostridiales,Ruminococcaceae,PAC000742,PAC000742,0.010710808179162609
Bacteria,Bacteroidetes,Bacteroidia,Bacteroidales,Barnesiellaceae,Barnesiella,None,Bacteria,Firmicutes,Clostridia,Clostridiales,Ruminococcaceae,PAC001144,PAC001620,0.010710808179162609
Bacteria,Bacteroidetes,Bacteroidia,Bacteroidales,Barnesiellaceae,Barnesiella,None,Bacteria,Firmicutes,Clostridia,Clostridiales,Ruminococcaceae,PAC001313,PAC001649,0.010710808179162609
Bacteria,Bacteroidetes,Bacteroidia,Bacteroidales,Barnesiellaceae,Barnesiella,None,Bacteria,Firmicutes,Clostridia,Clostridiales,Ruminococcaceae,PAC002201,PAC002201,0.010710808179162609
Bacteria,Bacteroidetes,Bacteroidia,Bacteroidales,Barnesiellaceae,Barnesiella,None,Bacteria,Firmicutes,Clostridia,Eubacteriales,Eubacteriaceae,Eubacterium,None,0.009737098344693282
Bacteria,Bacteroidetes,Bacteroidia,Bacteroidales,Barnesiellaceae,Barnesiella,None,Bacteria,Firmicutes,Clostridia,Lachnospirales,Lachnospiraceae,Agathobacter,None,0.009737098344693282
Bacteria,Bacteroidetes,Bacteroidia,Bacteroidales,Barnesiellaceae,Barnesiella,None,Bacteria,Firmicutes,Clostridia,Lachnospirales,Lachnospiraceae,Anaerostipes,None,0.009737098344693282
Bacteria,Bacteroidetes,Bacteroidia,Bacteroidales,Barnesiellaceae,Barnesiella,None,Bacteria,Firmicutes,Clostridia,Lachnospirales,Lachnospiraceae,Blautia,None,0.009737098344693282
Bacteria,Bacteroidetes,Bacteroidia,Bacteroidales,Barnesiellaceae,Barnesiella,None,Bacteria,Firmicutes,Clostridia,Lachnospirales,Lachnospiraceae,Blautia,bacterium_mpn-isolate_group_20,0.010710808179162609
Bacteria,Bacteroidetes,Bacteroidia,Bacteroidales,Barnesiellaceae,Barnesiella,None,Bacteria,Firmicutes,Clostridia,Lachnospirales,Lachnospiraceae,Blautia,uncultured_Blautia_sp.,0.010710808179162609
Bacteria,Bacteroidetes,Bacteroidia,Bacteroidales,Barnesiellaceae,Barnesiella,None,Bacteria,Firmicutes,Clostridia,Lachnospirales,Lachnospiraceae,Coprococcus,None,0.009737098344693282
Bacteria,Bacteroidetes,Bacteroidia,Bacteroidales,Barnesiellaceae,Barnesiella,None,Bacteria,Firmicutes,Clostridia,Lachnospirales,Lachnospiraceae,Coprococcus,uncultured_Coprococcus_sp.,0.010710808179162609
Bacteria,Bacteroidetes,Bacteroidia,Bacteroidales,Barnesiellaceae,Barnesiella,None,Bacteria,Firmicutes,Clostridia,Lachnospirales,Lachnospiraceae,Dorea,None,0.009737098344693282
Bacteria,Bacteroidetes,Bacteroidia,Bacteroidales,Barnesiellaceae,Barnesiella,None,Bacteria,Firmicutes,Clostridia,Lachnospirales,Lachnospiraceae,Eisenbergiella,None,0.009737098344693282
Bacteria,Bacteroidetes,Bacteroidia,Bacteroidales,Barnesiellaceae,Barnesiella,None,Bacteria,Firmicutes,Clostridia,Lachnospirales,Lachnospiraceae,Frisingicoccus,None,0.009737098344693282
Bacteria,Bacteroidetes,Bacteroidia,Bacteroidales,Barnesiellaceae,Barnesiella,None,Bacteria,Firmicutes,Clostridia,Lachnospirales,Lachnospiraceae,Fusicatenibacter,uncultured_Lachnospiraceae_bacterium,0.010710808179162609
Bacteria,Bacteroidetes,Bacteroidia,Bacteroidales,Barnesiellaceae,Barnesiella,None,Bacteria,Firmicutes,Clostridia,Lachnospirales,Lachnospiraceae,GCA-900066575,None,0.009737098344693282
Bacteria,Bacteroidetes,Bacteroidia,Bacteroidales,Barnesiellaceae,Barnesiella,None,Bacteria,Firmicutes,Clostridia,Lachnospirales,Lachnospiraceae,GCA-900066575,metagenome,0.010710808179162609
Bacteria,Bacteroidetes,Bacteroidia,Bacteroidales,Barnesiellaceae,Barnesiella,None,Bacteria,Firmicutes,Clostridia,Lachnospirales,Lachnospiraceae,GCA-900066755,None,0.009737098344693282
Bacteria,Bacteroidetes,Bacteroidia,Bacteroidales,Barnesiellaceae,Barnesiella,None,Bacteria,Firmicutes,Clostridia,Lachnospirales,Lachnospiraceae,Hungatella,metagenome,0.010710808179162609
Bacteria,Bacteroidetes,Bacteroidia,Bacteroidales,Barnesiellaceae,Barnesiella,None,Bacteria,Firmicutes,Clostridia,Lachnospirales,Lachnospiraceae,Lachnoclostridium,Clostridium_symbiosum,0.010710808179162609
Bacteria,Bacteroidetes,Bacteroidia,Bacteroidales,Barnesiellaceae,Barnesiella,None,Bacteria,Firmicutes,Clostridia,Lachnospirales,Lachnospiraceae,Lachnoclostridium,None,0.009737098344693282
Bacteria,Bacteroidetes,Bacteroidia,Bacteroidales,Barnesiellaceae,Barnesiella,None,Bacteria,Firmicutes,Clostridia,Lachnospirales,Lachnospiraceae,Lachnoclostridium,uncultured_Lachnospiraceae_bacterium,0.010710808179162609
Bacteria,Bacteroidetes,Bacteroidia,Bacteroidales,Barnesiellaceae,Barnesiella,None,Bacteria,Firmicutes,Clostridia,Lachnospirales,Lachnospiraceae,Lachnospiraceae_ND3007_group,metagenome,0.010710808179162609
Bacteria,Bacteroidetes,Bacteroidia,Bacteroidales,Barnesiellaceae,Barnesiella,None,Bacteria,Firmicutes,Clostridia,Lachnospirales,Lachnospiraceae,Lachnospiraceae_NK4A136_group,None,0.009737098344693282
Bacteria,Bacteroidetes,Bacteroidia,Bacteroidales,Barnesiellaceae,Barnesiella,None,Bacteria,Firmicutes,Clostridia,Lachnospirales,Lachnospiraceae,Lachnospiraceae_NK4A136_group,uncultured_Lachnospiraceae_bacterium,0.010710808179162609
Bacteria,Bacteroidetes,Bacteroidia,Bacteroidales,Barnesiellaceae,Barnesiella,None,Bacteria,Firmicutes,Clostridia,Lachnospirales,Lachnospiraceae,Lachnospiraceae_NK4A136_group,uncultured_bacterium_Adhufec49.25,0.010710808179162609
Bacteria,Bacteroidetes,Bacteroidia,Bacteroidales,Barnesiellaceae,Barnesiella,None,Bacteria,Firmicutes,Clostridia,Lachnospirales,Lachnospiraceae,Lachnospiraceae_NK4B4_group,None,0.009737098344693282
Bacteria,Bacteroidetes,Bacteroidia,Bacteroidales,Barnesiellaceae,Barnesiella,None,Bacteria,Firmicutes,Clostridia,Lachnospirales,Lachnospiraceae,Lachnospiraceae_UCG-001,metagenome,0.010710808179162609
Bacteria,Bacteroidetes,Bacteroidia,Bacteroidales,Barnesiellaceae,Barnesiella,None,Bacteria,Firmicutes,Clostridia,Lachnospirales,Lachnospiraceae,Lachnospiraceae_UCG-004,None,0.009737098344693282
Bacteria,Bacteroidetes,Bacteroidia,Bacteroidales,Barnesiellaceae,Barnesiella,None,Bacteria,Firmicutes,Clostridia,Lachnospirales,Lachnospiraceae,Lachnospiraceae_UCG-008,metagenome,0.010710808179162609
Bacteria,Bacteroidetes,Bacteroidia,Bacteroidales,Barnesiellaceae,Barnesiella,None,Bacteria,Firmicutes,Clostridia,Lachnospirales,Lachnospiraceae,Lachnospiraceae_UCG-010,None,0.009737098344693282
Bacteria,Bacteroidetes,Bacteroidia,Bacteroidales,Barnesiellaceae,Barnesiella,None,Bacteria,Firmicutes,Clostridia,Lachnospirales,Lachnospiraceae,Marvinbryantia,None,0.009737098344693282
Bacteria,Bacteroidetes,Bacteroidia,Bacteroidales,Barnesiellaceae,Barnesiella,None,Bacteria,Firmicutes,Clostridia,Lachnospirales,Lachnospiraceae,Marvinbryantia,unidentified,0.010710808179162609
Bacteria,Bacteroidetes,Bacteroidia,Bacteroidales,Barnesiellaceae,Barnesiella,None,Bacteria,Firmicutes,Clostridia,Lachnospirales,Lachnospiraceae,Roseburia,None,0.009737098344693282
Bacteria,Bacteroidetes,Bacteroidia,Bacteroidales,Barnesiellaceae,Barnesiella,None,Bacteria,Firmicutes,Clostridia,Lachnospirales,Lachnospiraceae,Roseburia,gut_metagenome,0.010710808179162609
Bacteria,Bacteroidetes,Bacteroidia,Bacteroidales,Barnesiellaceae,Barnesiella,None,Bacteria,Firmicutes,Clostridia,Lachnospirales,Lachnospiraceae,Tuzzerella,None,0.009737098344693282
Bacteria,Bacteroidetes,Bacteroidia,Bacteroidales,Barnesiellaceae,Barnesiella,None,Bacteria,Firmicutes,Clostridia,Lachnospirales,Lachnospiraceae,Tyzzerella,None,0.009737098344693282
Bacteria,Bacteroidetes,Bacteroidia,Bacteroidales,Barnesiellaceae,Barnesiella,None,Bacteria,Firmicutes,Clostridia,Lachnospirales,Lachnospiraceae,Eubacterium_hallii_group,None,0.009737098344693282
Bacteria,Bacteroidetes,Bacteroidia,Bacteroidales,Barnesiellaceae,Barnesiella,None,Bacteria,Firmicutes,Clostridia,Lachnospirales,Lachnospiraceae,Eubacterium_ventriosum_group,metagenome,0.010710808179162609
Bacteria,Bacteroidetes,Bacteroidia,Bacteroidales,Barnesiellaceae,Barnesiella,None,Bacteria,Firmicutes,Clostridia,Lachnospirales,Lachnospiraceae,Ruminococcus_gauvreauii_group,uncultured_Lachnospiraceae_bacterium,0.010710808179162609
Bacteria,Bacteroidetes,Bacteroidia,Bacteroidales,Barnesiellaceae,Barnesiella,None,Bacteria,Firmicutes,Clostridia,Lachnospirales,Lachnospiraceae,Ruminococcus_gnavus_group,None,0.009737098344693282
Bacteria,Bacteroidetes,Bacteroidia,Bacteroidales,Barnesiellaceae,Barnesiella,None,Bacteria,Firmicutes,Clostridia,Lachnospirales,Lachnospiraceae,Ruminococcus_torques_group,Clostridiaceae_bacterium_LEMV78,0.010710808179162609
Bacteria,Bacteroidetes,Bacteroidia,Bacteroidales,Barnesiellaceae,Barnesiella,None,Bacteria,Firmicutes,Clostridia,Lachnospirales,Lachnospiraceae,Ruminococcus_torques_group,None,0.009737098344693282
Bacteria,Bacteroidetes,Bacteroidia,Bacteroidales,Barnesiellaceae,Barnesiella,None,Bacteria,Firmicutes,Clostridia,Lachnospirales,Lachnospiraceae,None,None,0.008763388510223954
Bacteria,Bacteroidetes,Bacteroidia,Bacteroidales,Barnesiellaceae,Barnesiella,None,Bacteria,Firmicutes,Clostridia,Lachnospirales,Lachnospiraceae,uncultured,None,0.009737098344693282
Bacteria,Bacteroidetes,Bacteroidia,Bacteroidales,Barnesiellaceae,Barnesiella,None,Bacteria,Firmicutes,Clostridia,Monoglobales,Monoglobaceae,Monoglobus,None,0.009737098344693282
Bacteria,Bacteroidetes,Bacteroidia,Bacteroidales,Barnesiellaceae,Barnesiella,None,Bacteria,Firmicutes,Clostridia,Oscillospirales,Butyricicoccaceae,Butyricicoccus,None,0.009737098344693282
Bacteria,Bacteroidetes,Bacteroidia,Bacteroidales,Barnesiellaceae,Barnesiella,None,Bacteria,Firmicutes,Clostridia,Oscillospirales,Hydrogenoanaerobacterium,None,None,0.008763388510223954
Bacteria,Bacteroidetes,Bacteroidia,Bacteroidales,Barnesiellaceae,Barnesiella,None,Bacteria,Firmicutes,Clostridia,Oscillospirales,Oscillospiraceae,Colidextribacter,None,0.009737098344693282
Bacteria,Bacteroidetes,Bacteroidia,Bacteroidales,Barnesiellaceae,Barnesiella,None,Bacteria,Firmicutes,Clostridia,Oscillospirales,Oscillospiraceae,Colidextribacter,metagenome,0.010710808179162609
Bacteria,Bacteroidetes,Bacteroidia,Bacteroidales,Barnesiellaceae,Barnesiella,None,Bacteria,Firmicutes,Clostridia,Oscillospirales,Oscillospiraceae,Flavonifractor,None,0.009737098344693282
Bacteria,Bacteroidetes,Bacteroidia,Bacteroidales,Barnesiellaceae,Barnesiella,None,Bacteria,Firmicutes,Clostridia,Oscillospirales,Oscillospiraceae,Intestinimonas,None,0.009737098344693282
Bacteria,Bacteroidetes,Bacteroidia,Bacteroidales,Barnesiellaceae,Barnesiella,None,Bacteria,Firmicutes,Clostridia,Oscillospirales,Oscillospiraceae,Intestinimonas,uncultured,0.010710808179162609
Bacteria,Bacteroidetes,Bacteroidia,Bacteroidales,Barnesiellaceae,Barnesiella,None,Bacteria,Firmicutes,Clostridia,Oscillospirales,Oscillospiraceae,NK4A214_group,None,0.009737098344693282
Bacteria,Bacteroidetes,Bacteroidia,Bacteroidales,Barnesiellaceae,Barnesiella,None,Bacteria,Firmicutes,Clostridia,Oscillospirales,Oscillospiraceae,Oscillibacter,None,0.009737098344693282
Bacteria,Bacteroidetes,Bacteroidia,Bacteroidales,Barnesiellaceae,Barnesiella,None,Bacteria,Firmicutes,Clostridia,Oscillospirales,Oscillospiraceae,Oscillibacter,metagenome,0.010710808179162609
Bacteria,Bacteroidetes,Bacteroidia,Bacteroidales,Barnesiellaceae,Barnesiella,None,Bacteria,Firmicutes,Clostridia,Oscillospirales,Oscillospiraceae,Oscillospira,None,0.009737098344693282
Bacteria,Bacteroidetes,Bacteroidia,Bacteroidales,Barnesiellaceae,Barnesiella,None,Bacteria,Firmicutes,Clostridia,Oscillospirales,Oscillospiraceae,UCG-002,None,0.009737098344693282
Bacteria,Bacteroidetes,Bacteroidia,Bacteroidales,Barnesiellaceae,Barnesiella,None,Bacteria,Firmicutes,Clostridia,Oscillospirales,Oscillospiraceae,UCG-003,None,0.009737098344693282
Bacteria,Bacteroidetes,Bacteroidia,Bacteroidales,Barnesiellaceae,Barnesiella,None,Bacteria,Firmicutes,Clostridia,Oscillospirales,Oscillospiraceae,UCG-005,None,0.009737098344693282
Bacteria,Bacteroidetes,Bacteroidia,Bacteroidales,Barnesiellaceae,Barnesiella,None,Bacteria,Firmicutes,Clostridia,Oscillospirales,Oscillospiraceae,UCG-005,metagenome,0.010710808179162609
Bacteria,Bacteroidetes,Bacteroidia,Bacteroidales,Barnesiellaceae,Barnesiella,None,Bacteria,Firmicutes,Clostridia,Oscillospirales,Oscillospiraceae,UCG-005,uncultured_Clostridiales_bacterium,0.010710808179162609
Bacteria,Bacteroidetes,Bacteroidia,Bacteroidales,Barnesiellaceae,Barnesiella,None,Bacteria,Firmicutes,Clostridia,Oscillospirales,Oscillospiraceae,UCG-005,uncultured_rumen_bacterium,0.010710808179162609
Bacteria,Bacteroidetes,Bacteroidia,Bacteroidales,Barnesiellaceae,Barnesiella,None,Bacteria,Firmicutes,Clostridia,Oscillospirales,Oscillospiraceae,None,None,0.008763388510223954
Bacteria,Bacteroidetes,Bacteroidia,Bacteroidales,Barnesiellaceae,Barnesiella,None,Bacteria,Firmicutes,Clostridia,Oscillospirales,Oscillospiraceae,uncultured,metagenome,0.010710808179162609
Bacteria,Bacteroidetes,Bacteroidia,Bacteroidales,Barnesiellaceae,Barnesiella,None,Bacteria,Firmicutes,Clostridia,Oscillospirales,Oscillospiraceae,uncultured,unidentified,0.010710808179162609
Bacteria,Bacteroidetes,Bacteroidia,Bacteroidales,Barnesiellaceae,Barnesiella,None,Bacteria,Firmicutes,Clostridia,Oscillospirales,Ruminococcaceae,Anaerofilum,uncultured_Firmicutes_bacterium,0.010710808179162609
Bacteria,Bacteroidetes,Bacteroidia,Bacteroidales,Barnesiellaceae,Barnesiella,None,Bacteria,Firmicutes,Clostridia,Oscillospirales,Ruminococcaceae,Anaerotruncus,Anaerotruncus_rubiinfantis,0.010710808179162609
Bacteria,Bacteroidetes,Bacteroidia,Bacteroidales,Barnesiellaceae,Barnesiella,None,Bacteria,Firmicutes,Clostridia,Oscillospirales,Ruminococcaceae,Anaerotruncus,Anaerotruncus_sp._NML_070203,0.010710808179162609
Bacteria,Bacteroidetes,Bacteroidia,Bacteroidales,Barnesiellaceae,Barnesiella,None,Bacteria,Firmicutes,Clostridia,Oscillospirales,Ruminococcaceae,Candidatus_Soleaferrea,Neobitarella_massiliensis,0.010710808179162609
Bacteria,Bacteroidetes,Bacteroidia,Bacteroidales,Barnesiellaceae,Barnesiella,None,Bacteria,Firmicutes,Clostridia,Oscillospirales,Ruminococcaceae,Candidatus_Soleaferrea,None,0.009737098344693282
Bacteria,Bacteroidetes,Bacteroidia,Bacteroidales,Barnesiellaceae,Barnesiella,None,Bacteria,Firmicutes,Clostridia,Oscillospirales,Ruminococcaceae,DTU089,None,0.009737098344693282
Bacteria,Bacteroidetes,Bacteroidia,Bacteroidales,Barnesiellaceae,Barnesiella,None,Bacteria,Firmicutes,Clostridia,Oscillospirales,Ruminococcaceae,Faecalibacterium,None,0.009737098344693282
Bacteria,Bacteroidetes,Bacteroidia,Bacteroidales,Barnesiellaceae,Barnesiella,None,Bacteria,Firmicutes,Clostridia,Oscillospirales,Ruminococcaceae,Fournierella,uncultured_organism,0.010710808179162609
Bacteria,Bacteroidetes,Bacteroidia,Bacteroidales,Barnesiellaceae,Barnesiella,None,Bacteria,Firmicutes,Clostridia,Oscillospirales,Ruminococcaceae,Incertae_Sedis,metagenome,0.010710808179162609
Bacteria,Bacteroidetes,Bacteroidia,Bacteroidales,Barnesiellaceae,Barnesiella,None,Bacteria,Firmicutes,Clostridia,Oscillospirales,Ruminococcaceae,Incertae_Sedis,None,0.009737098344693282
Bacteria,Bacteroidetes,Bacteroidia,Bacteroidales,Barnesiellaceae,Barnesiella,None,Bacteria,Firmicutes,Clostridia,Oscillospirales,Ruminococcaceae,Negativibacillus,None,0.009737098344693282
Bacteria,Bacteroidetes,Bacteroidia,Bacteroidales,Barnesiellaceae,Barnesiella,None,Bacteria,Firmicutes,Clostridia,Oscillospirales,Ruminococcaceae,Ruminococcus,Ruminococcus_champanellensis,0.010710808179162609
Bacteria,Bacteroidetes,Bacteroidia,Bacteroidales,Barnesiellaceae,Barnesiella,None,Bacteria,Firmicutes,Clostridia,Oscillospirales,Ruminococcaceae,Ruminococcus,None,0.009737098344693282
Bacteria,Bacteroidetes,Bacteroidia,Bacteroidales,Barnesiellaceae,Barnesiella,None,Bacteria,Firmicutes,Clostridia,Oscillospirales,Ruminococcaceae,Subdoligranulum,None,0.009737098344693282
Bacteria,Bacteroidetes,Bacteroidia,Bacteroidales,Barnesiellaceae,Barnesiella,None,Bacteria,Firmicutes,Clostridia,Oscillospirales,Ruminococcaceae,UBA1819,None,0.009737098344693282
Bacteria,Bacteroidetes,Bacteroidia,Bacteroidales,Barnesiellaceae,Barnesiella,None,Bacteria,Firmicutes,Clostridia,Oscillospirales,Ruminococcaceae,Eubacterium_siraeum_group,None,0.009737098344693282
Bacteria,Bacteroidetes,Bacteroidia,Bacteroidales,Barnesiellaceae,Barnesiella,None,Bacteria,Firmicutes,Clostridia,Oscillospirales,Ruminococcaceae,None,None,0.008763388510223954
Bacteria,Bacteroidetes,Bacteroidia,Bacteroidales,Barnesiellaceae,Barnesiella,None,Bacteria,Firmicutes,Clostridia,Oscillospirales,UCG-010,None,None,0.008763388510223954
Bacteria,Bacteroidetes,Bacteroidia,Bacteroidales,Barnesiellaceae,Barnesiella,None,Bacteria,Firmicutes,Clostridia,Oscillospirales,UCG-010,metagenome,None,0.009737098344693282
Bacteria,Bacteroidetes,Bacteroidia,Bacteroidales,Barnesiellaceae,Barnesiella,None,Bacteria,Firmicutes,Clostridia,Oscillospirales,UCG-010,uncultured_bacterium,None,0.009737098344693282
Bacteria,Bacteroidetes,Bacteroidia,Bacteroidales,Barnesiellaceae,Barnesiella,None,Bacteria,Firmicutes,Clostridia,Oscillospirales,UCG-010,uncultured_organism,None,0.009737098344693282
Bacteria,Bacteroidetes,Bacteroidia,Bacteroidales,Barnesiellaceae,Barnesiella,None,Bacteria,Firmicutes,Clostridia,Oscillospirales,Clostridium_methylpentosum_group,None,None,0.008763388510223954
Bacteria,Bacteroidetes,Bacteroidia,Bacteroidales,Barnesiellaceae,Barnesiella,None,Bacteria,Firmicutes,Clostridia,Oscillospirales,Eubacterium_coprostanoligenes_group,None,None,0.008763388510223954
Bacteria,Bacteroidetes,Bacteroidia,Bacteroidales,Barnesiellaceae,Barnesiella,None,Bacteria,Firmicutes,Clostridia,Oscillospirales,None,None,None,0.007789678675754625
Bacteria,Bacteroidetes,Bacteroidia,Bacteroidales,Barnesiellaceae,Barnesiella,None,Bacteria,Firmicutes,Clostridia,Peptococcales,Peptococcaceae,uncultured,None,0.009737098344693282
Bacteria,Bacteroidetes,Bacteroidia,Bacteroidales,Barnesiellaceae,Barnesiella,None,Bacteria,Firmicutes,Clostridia,Peptostreptococcales-Tissierellales,Anaerovoracaceae,Family_XIII_AD3011_group,metagenome,0.010710808179162609
Bacteria,Bacteroidetes,Bacteroidia,Bacteroidales,Barnesiellaceae,Barnesiella,None,Bacteria,Firmicutes,Clostridia,Peptostreptococcales-Tissierellales,Anaerovoracaceae,Family_XIII_AD3011_group,None,0.009737098344693282
Bacteria,Bacteroidetes,Bacteroidia,Bacteroidales,Barnesiellaceae,Barnesiella,None,Bacteria,Firmicutes,Clostridia,Peptostreptococcales-Tissierellales,Anaerovoracaceae,Family_XIII_AD3011_group,uncultured,0.010710808179162609
Bacteria,Bacteroidetes,Bacteroidia,Bacteroidales,Barnesiellaceae,Barnesiella,None,Bacteria,Firmicutes,Clostridia,Peptostreptococcales-Tissierellales,Anaerovoracaceae,Family_XIII_UCG-001,metagenome,0.010710808179162609
Bacteria,Bacteroidetes,Bacteroidia,Bacteroidales,Barnesiellaceae,Barnesiella,None,Bacteria,Firmicutes,Clostridia,Peptostreptococcales-Tissierellales,Anaerovoracaceae,Eubacterium_nodatum_group,None,0.009737098344693282
Bacteria,Bacteroidetes,Bacteroidia,Bacteroidales,Barnesiellaceae,Barnesiella,None,Bacteria,Firmicutes,Clostridia,Peptostreptococcales-Tissierellales,Anaerovoracaceae,None,None,0.008763388510223954
Bacteria,Bacteroidetes,Bacteroidia,Bacteroidales,Barnesiellaceae,Barnesiella,None,Bacteria,Firmicutes,Clostridia,Peptostreptococcales-Tissierellales,Parvimonas,None,None,0.008763388510223954
Bacteria,Bacteroidetes,Bacteroidia,Bacteroidales,Barnesiellaceae,Barnesiella,None,Bacteria,Firmicutes,Clostridia,None,None,None,None,0.006815968841285297
Bacteria,Bacteroidetes,Bacteroidia,Bacteroidales,Barnesiellaceae,Barnesiella,None,Bacteria,Firmicutes,Incertae_Sedis,DTU014,unidentified,None,None,0.008763388510223954
Bacteria,Bacteroidetes,Bacteroidia,Bacteroidales,Barnesiellaceae,Barnesiella,None,Bacteria,Firmicutes,Limnochordia,M55-D21,uncultured_compost_bacterium,None,None,0.008763388510223954
Bacteria,Bacteroidetes,Bacteroidia,Bacteroidales,Barnesiellaceae,Barnesiella,None,Bacteria,Firmicutes,Negativicutes,Acidaminococcales,Acidaminococcaceae,Phascolarctobacterium,None,0.009737098344693282
Bacteria,Bacteroidetes,Bacteroidia,Bacteroidales,Barnesiellaceae,Barnesiella,None,Bacteria,Firmicutes,None,None,None,None,None,0.005842259006815969
Bacteria,Bacteroidetes,Bacteroidia,Bacteroidales,Barnesiellaceae,Barnesiella,None,Bacteria,Firmicutes,uncultured,uncultured_Peptococcaceae_bacterium,None,None,None,0.007789678675754625
Bacteria,Bacteroidetes,Bacteroidia,Bacteroidales,Barnesiellaceae,Barnesiella,None,Bacteria,Proteobacteria,Alphaproteobacteria,Rhodospirillales,uncultured,None,None,0.008763388510223954
Bacteria,Bacteroidetes,Bacteroidia,Bacteroidales,Barnesiellaceae,Barnesiella,None,Bacteria,Proteobacteria,Gammaproteobacteria,Burkholderiales,Sutterellaceae,Sutterella,Sutterella_sp._252,0.010710808179162609
Bacteria,Bacteroidetes,Bacteroidia,Bacteroidales,Barnesiellaceae,Barnesiella,None,Bacteria,Proteobacteria,Gammaproteobacteria,Enterobacterales,Enterobacteriaceae,Escherichia-Shigella,None,0.009737098344693282
Bacteria,Bacteroidetes,Bacteroidia,Bacteroidales,Barnesiellaceae,Barnesiella,None,Bacteria,Proteobacteria,Gammaproteobacteria,Enterobacterales,Enterobacteriaceae,Klebsiella,None,0.009737098344693282
Bacteria,Bacteroidetes,Bacteroidia,Bacteroidales,Barnesiellaceae,Barnesiella,None,Bacteria,Proteobacteria,Gammaproteobacteria,Enterobacterales,Enterobacteriaceae,None,None,0.008763388510223954
Bacteria,Bacteroidetes,Bacteroidia,Bacteroidales,Barnesiellaceae,Barnesiella,None,Bacteria,Proteobacteria,Gammaproteobacteria,Pseudomonadales,Pseudomonadaceae,Pseudomonas,None,0.009737098344693282
Bacteria,Bacteroidetes,Bacteroidia,Bacteroidales,Barnesiellaceae,Barnesiella,None,Bacteria,Synergistota,Synergistia,Synergistales,Synergistaceae,Cloacibacillus,None,0.009737098344693282
Bacteria,Bacteroidetes,Bacteroidia,Bacteroidales,Barnesiellaceae,Barnesiella,None,Bacteria,Verrucomicrobiota,Verrucomicrobiae,Verrucomicrobiales,Akkermansiaceae,Akkermansia,None,0.009737098344693282
Bacteria,Bacteroidetes,Bacteroidia,Bacteroidales,Marinifilaceae,Butyricimonas,None,Bacteria,Bacteroidetes,Bacteroidia,Bacteroidales,Marinifilaceae,Odoribacter,None,0.0019474196689386564
Bacteria,Bacteroidetes,Bacteroidia,Bacteroidales,Marinifilaceae,Butyricimonas,None,Bacteria,Bacteroidetes,Bacteroidia,Bacteroidales,Marinifilaceae,Sanguibacteroides,None,0.0019474196689386564
Bacteria,Bacteroidetes,Bacteroidia,Bacteroidales,Marinifilaceae,Butyricimonas,None,Bacteria,Bacteroidetes,Bacteroidia,Bacteroidales,Rikenellaceae,Alistipes,Alistipes_ihumii_AP11,0.004868549172346641
Bacteria,Bacteroidetes,Bacteroidia,Bacteroidales,Marinifilaceae,Butyricimonas,None,Bacteria,Bacteroidetes,Bacteroidia,Bacteroidales,Rikenellaceae,Alistipes,Alistipes_sp._cv1,0.004868549172346641
Bacteria,Bacteroidetes,Bacteroidia,Bacteroidales,Marinifilaceae,Butyricimonas,None,Bacteria,Bacteroidetes,Bacteroidia,Bacteroidales,Rikenellaceae,Alistipes,Bacteroidetes_bacterium_Eg28,0.004868549172346641
Bacteria,Bacteroidetes,Bacteroidia,Bacteroidales,Marinifilaceae,Butyricimonas,None,Bacteria,Bacteroidetes,Bacteroidia,Bacteroidales,Rikenellaceae,Alistipes,None,0.0038948393378773127
Bacteria,Bacteroidetes,Bacteroidia,Bacteroidales,Marinifilaceae,Butyricimonas,None,Bacteria,Bacteroidetes,Bacteroidia,Bacteroidales,Tannerellaceae,Parabacteroides,Parabacteroides_goldsteinii,0.004868549172346641
Bacteria,Bacteroidetes,Bacteroidia,Bacteroidales,Marinifilaceae,Butyricimonas,None,Bacteria,Bacteroidetes,Bacteroidia,Bacteroidales,Tannerellaceae,Parabacteroides,None,0.0038948393378773127
Bacteria,Bacteroidetes,Bacteroidia,Bacteroidales,Marinifilaceae,Butyricimonas,None,Bacteria,Bacteroidetes,Bacteroidia,Flavobacteriales,Flavobacteriaceae,uncultured,metagenome,0.006815968841285297
Bacteria,Bacteroidetes,Bacteroidia,Bacteroidales,Marinifilaceae,Butyricimonas,None,Bacteria,Cyanobacteria/Chloroplast,Cyanobacteria.XI,GpXI,None,None,None,0.007789678675754625
Bacteria,Bacteroidetes,Bacteroidia,Bacteroidales,Marinifilaceae,Butyricimonas,None,Bacteria,Desulfobacterota,Desulfovibrionia,Desulfovibrionales,Desulfovibrionaceae,Desulfovibrio,None,0.009737098344693282
Bacteria,Bacteroidetes,Bacteroidia,Bacteroidales,Marinifilaceae,Butyricimonas,None,Bacteria,Firmicutes,Bacilli,Erysipelotrichales,Erysipelatoclostridiaceae,Erysipelatoclostridium,Clostridium_spiroforme_DSM_1552,0.010710808179162609
Bacteria,Bacteroidetes,Bacteroidia,Bacteroidales,Marinifilaceae,Butyricimonas,None,Bacteria,Firmicutes,Bacilli,Erysipelotrichales,Erysipelatoclostridiaceae,Erysipelatoclostridium,None,0.009737098344693282
Bacteria,Bacteroidetes,Bacteroidia,Bacteroidales,Marinifilaceae,Butyricimonas,None,Bacteria,Firmicutes,Bacilli,Erysipelotrichales,Erysipelotrichaceae,Faecalitalea,None,0.009737098344693282
Bacteria,Bacteroidetes,Bacteroidia,Bacteroidales,Marinifilaceae,Butyricimonas,None,Bacteria,Firmicutes,Bacilli,Erysipelotrichales,Erysipelotrichaceae,Holdemanella,None,0.009737098344693282
Bacteria,Bacteroidetes,Bacteroidia,Bacteroidales,Marinifilaceae,Butyricimonas,None,Bacteria,Firmicutes,Bacilli,Erysipelotrichales,Erysipelotrichaceae,Holdemania,None,0.009737098344693282
Bacteria,Bacteroidetes,Bacteroidia,Bacteroidales,Marinifilaceae,Butyricimonas,None,Bacteria,Firmicutes,Bacilli,Erysipelotrichales,Erysipelotrichaceae,Clostridium_innocuum_group,None,0.009737098344693282
Bacteria,Bacteroidetes,Bacteroidia,Bacteroidales,Marinifilaceae,Butyricimonas,None,Bacteria,Firmicutes,Bacilli,Izemoplasmatales,human_gut_metagenome,None,None,0.008763388510223954
Bacteria,Bacteroidetes,Bacteroidia,Bacteroidales,Marinifilaceae,Butyricimonas,None,Bacteria,Firmicutes,Bacilli,Lactobacillales,Lactobacillaceae,Lactobacillus,Lactobacillus_mucosae,0.010710808179162609
Bacteria,Bacteroidetes,Bacteroidia,Bacteroidales,Marinifilaceae,Butyricimonas,None,Bacteria,Firmicutes,Bacilli,Lactobacillales,Streptococcaceae,Lactococcus,None,0.009737098344693282
Bacteria,Bacteroidetes,Bacteroidia,Bacteroidales,Marinifilaceae,Butyricimonas,None,Bacteria,Firmicutes,Bacilli,Lactobacillales,Streptococcaceae,Streptococcus,Streptococcus_sp._oral_taxon_065,0.010710808179162609
Bacteria,Bacteroidetes,Bacteroidia,Bacteroidales,Marinifilaceae,Butyricimonas,None,Bacteria,Firmicutes,Bacilli,Lactobacillales,Streptococcaceae,Streptococcus,None,0.009737098344693282
Bacteria,Bacteroidetes,Bacteroidia,Bacteroidales,Marinifilaceae,Butyricimonas,None,Bacteria,Firmicutes,Clostridia,Christensenellales,Christensenellaceae,Christensenellaceae_R-7_group,Christensenella_sp._Marseille-P3954,0.010710808179162609
Bacteria,Bacteroidetes,Bacteroidia,Bacteroidales,Marinifilaceae,Butyricimonas,None,Bacteria,Firmicutes,Clostridia,Christensenellales,Christensenellaceae,Christensenellaceae_R-7_group,Clostridiales_bacterium_Marseille-P2846,0.010710808179162609
Bacteria,Bacteroidetes,Bacteroidia,Bacteroidales,Marinifilaceae,Butyricimonas,None,Bacteria,Firmicutes,Clostridia,Christensenellales,Christensenellaceae,Christensenellaceae_R-7_group,None,0.009737098344693282
Bacteria,Bacteroidetes,Bacteroidia,Bacteroidales,Marinifilaceae,Butyricimonas,None,Bacteria,Firmicutes,Clostridia,Christensenellales,Christensenellaceae,Christensenellaceae_R-7_group,bacterium_YE57,0.010710808179162609
Bacteria,Bacteroidetes,Bacteroidia,Bacteroidales,Marinifilaceae,Butyricimonas,None,Bacteria,Firmicutes,Clostridia,Christensenellales,Christensenellaceae,Christensenellaceae_R-7_group,metagenome,0.010710808179162609
Bacteria,Bacteroidetes,Bacteroidia,Bacteroidales,Marinifilaceae,Butyricimonas,None,Bacteria,Firmicutes,Clostridia,Christensenellales,Christensenellaceae,Christensenellaceae_R-7_group,uncultured_Firmicutes_bacterium,0.010710808179162609
Bacteria,Bacteroidetes,Bacteroidia,Bacteroidales,Marinifilaceae,Butyricimonas,None,Bacteria,Firmicutes,Clostridia,Christensenellales,Christensenellaceae,Christensenellaceae_R-7_group,uncultured_marine_bacterium,0.010710808179162609
Bacteria,Bacteroidetes,Bacteroidia,Bacteroidales,Marinifilaceae,Butyricimonas,None,Bacteria,Firmicutes,Clostridia,Christensenellales,Christensenellaceae,Christensenellaceae_R-7_group,uncultured_organism,0.010710808179162609
Bacteria,Bacteroidetes,Bacteroidia,Bacteroidales,Marinifilaceae,Butyricimonas,None,Bacteria,Firmicutes,Clostridia,Christensenellales,Christensenellaceae,None,None,0.008763388510223954
Bacteria,Bacteroidetes,Bacteroidia,Bacteroidales,Marinifilaceae,Butyricimonas,None,Bacteria,Firmicutes,Clostridia,Clostridia_vadinBB60_group,metagenome,None,None,0.008763388510223954
Bacteria,Bacteroidetes,Bacteroidia,Bacteroidales,Marinifilaceae,Butyricimonas,None,Bacteria,Firmicutes,Clostridia,Clostridia_vadinBB60_group,wastewater_metagenome,None,None,0.008763388510223954
Bacteria,Bacteroidetes,Bacteroidia,Bacteroidales,Marinifilaceae,Butyricimonas,None,Bacteria,Firmicutes,Clostridia,Clostridiales,Christensenellaceae,Christensenella,PAC001427,0.010710808179162609
Bacteria,Bacteroidetes,Bacteroidia,Bacteroidales,Marinifilaceae,Butyricimonas,None,Bacteria,Firmicutes,Clostridia,Clostridiales,Christensenellaceae,Christensenella,PAC002297,0.010710808179162609
Bacteria,Bacteroidetes,Bacteroidia,Bacteroidales,Marinifilaceae,Butyricimonas,None,Bacteria,Firmicutes,Clostridia,Clostridiales,Christensenellaceae,PAC001115,PAC001444,0.010710808179162609
Bacteria,Bacteroidetes,Bacteroidia,Bacteroidales,Marinifilaceae,Butyricimonas,None,Bacteria,Firmicutes,Clostridia,Clostridiales,Christensenellaceae,PAC001437,PAC001486,0.010710808179162609
Bacteria,Bacteroidetes,Bacteroidia,Bacteroidales,Marinifilaceae,Butyricimonas,None,Bacteria,Firmicutes,Clostridia,Clostridiales,Christensenellaceae,PAC001437,PAC002305,0.010710808179162609
Bacteria,Bacteroidetes,Bacteroidia,Bacteroidales,Marinifilaceae,Butyricimonas,None,Bacteria,Firmicutes,Clostridia,Clostridiales,Christensenellaceae,PAC002510,PAC002510,0.010710808179162609
Bacteria,Bacteroidetes,Bacteroidia,Bacteroidales,Marinifilaceae,Butyricimonas,None,Bacteria,Firmicutes,Clostridia,Clostridiales,Dehalobacterium,PAC002141,PAC002141,0.010710808179162609
Bacteria,Bacteroidetes,Bacteroidia,Bacteroidales,Marinifilaceae,Butyricimonas,None,Bacteria,Firmicutes,Clostridia,Clostridiales,Ruminococcaceae,PAC000742,PAC000742,0.010710808179162609
Bacteria,Bacteroidetes,Bacteroidia,Bacteroidales,Marinifilaceae,Butyricimonas,None,Bacteria,Firmicutes,Clostridia,Clostridiales,Ruminococcaceae,PAC001144,PAC001620,0.010710808179162609
Bacteria,Bacteroidetes,Bacteroidia,Bacteroidales,Marinifilaceae,Butyricimonas,None,Bacteria,Firmicutes,Clostridia,Clostridiales,Ruminococcaceae,PAC001313,PAC001649,0.010710808179162609
Bacteria,Bacteroidetes,Bacteroidia,Bacteroidales,Marinifilaceae,Butyricimonas,None,Bacteria,Firmicutes,Clostridia,Clostridiales,Ruminococcaceae,PAC002201,PAC002201,0.010710808179162609
Bacteria,Bacteroidetes,Bacteroidia,Bacteroidales,Marinifilaceae,Butyricimonas,None,Bacteria,Firmicutes,Clostridia,Eubacteriales,Eubacteriaceae,Eubacterium,None,0.009737098344693282
Bacteria,Bacteroidetes,Bacteroidia,Bacteroidales,Marinifilaceae,Butyricimonas,None,Bacteria,Firmicutes,Clostridia,Lachnospirales,Lachnospiraceae,Agathobacter,None,0.009737098344693282
Bacteria,Bacteroidetes,Bacteroidia,Bacteroidales,Marinifilaceae,Butyricimonas,None,Bacteria,Firmicutes,Clostridia,Lachnospirales,Lachnospiraceae,Anaerostipes,None,0.009737098344693282
Bacteria,Bacteroidetes,Bacteroidia,Bacteroidales,Marinifilaceae,Butyricimonas,None,Bacteria,Firmicutes,Clostridia,Lachnospirales,Lachnospiraceae,Blautia,None,0.009737098344693282
Bacteria,Bacteroidetes,Bacteroidia,Bacteroidales,Marinifilaceae,Butyricimonas,None,Bacteria,Firmicutes,Clostridia,Lachnospirales,Lachnospiraceae,Blautia,bacterium_mpn-isolate_group_20,0.010710808179162609
Bacteria,Bacteroidetes,Bacteroidia,Bacteroidales,Marinifilaceae,Butyricimonas,None,Bacteria,Firmicutes,Clostridia,Lachnospirales,Lachnospiraceae,Blautia,uncultured_Blautia_sp.,0.010710808179162609
Bacteria,Bacteroidetes,Bacteroidia,Bacteroidales,Marinifilaceae,Butyricimonas,None,Bacteria,Firmicutes,Clostridia,Lachnospirales,Lachnospiraceae,Coprococcus,None,0.009737098344693282
Bacteria,Bacteroidetes,Bacteroidia,Bacteroidales,Marinifilaceae,Butyricimonas,None,Bacteria,Firmicutes,Clostridia,Lachnospirales,Lachnospiraceae,Coprococcus,uncultured_Coprococcus_sp.,0.010710808179162609
Bacteria,Bacteroidetes,Bacteroidia,Bacteroidales,Marinifilaceae,Butyricimonas,None,Bacteria,Firmicutes,Clostridia,Lachnospirales,Lachnospiraceae,Dorea,None,0.009737098344693282
Bacteria,Bacteroidetes,Bacteroidia,Bacteroidales,Marinifilaceae,Butyricimonas,None,Bacteria,Firmicutes,Clostridia,Lachnospirales,Lachnospiraceae,Eisenbergiella,None,0.009737098344693282
Bacteria,Bacteroidetes,Bacteroidia,Bacteroidales,Marinifilaceae,Butyricimonas,None,Bacteria,Firmicutes,Clostridia,Lachnospirales,Lachnospiraceae,Frisingicoccus,None,0.009737098344693282
Bacteria,Bacteroidetes,Bacteroidia,Bacteroidales,Marinifilaceae,Butyricimonas,None,Bacteria,Firmicutes,Clostridia,Lachnospirales,Lachnospiraceae,Fusicatenibacter,uncultured_Lachnospiraceae_bacterium,0.010710808179162609
Bacteria,Bacteroidetes,Bacteroidia,Bacteroidales,Marinifilaceae,Butyricimonas,None,Bacteria,Firmicutes,Clostridia,Lachnospirales,Lachnospiraceae,GCA-900066575,None,0.009737098344693282
Bacteria,Bacteroidetes,Bacteroidia,Bacteroidales,Marinifilaceae,Butyricimonas,None,Bacteria,Firmicutes,Clostridia,Lachnospirales,Lachnospiraceae,GCA-900066575,metagenome,0.010710808179162609
Bacteria,Bacteroidetes,Bacteroidia,Bacteroidales,Marinifilaceae,Butyricimonas,None,Bacteria,Firmicutes,Clostridia,Lachnospirales,Lachnospiraceae,GCA-900066755,None,0.009737098344693282
Bacteria,Bacteroidetes,Bacteroidia,Bacteroidales,Marinifilaceae,Butyricimonas,None,Bacteria,Firmicutes,Clostridia,Lachnospirales,Lachnospiraceae,Hungatella,metagenome,0.010710808179162609
Bacteria,Bacteroidetes,Bacteroidia,Bacteroidales,Marinifilaceae,Butyricimonas,None,Bacteria,Firmicutes,Clostridia,Lachnospirales,Lachnospiraceae,Lachnoclostridium,Clostridium_symbiosum,0.010710808179162609
Bacteria,Bacteroidetes,Bacteroidia,Bacteroidales,Marinifilaceae,Butyricimonas,None,Bacteria,Firmicutes,Clostridia,Lachnospirales,Lachnospiraceae,Lachnoclostridium,None,0.009737098344693282
Bacteria,Bacteroidetes,Bacteroidia,Bacteroidales,Marinifilaceae,Butyricimonas,None,Bacteria,Firmicutes,Clostridia,Lachnospirales,Lachnospiraceae,Lachnoclostridium,uncultured_Lachnospiraceae_bacterium,0.010710808179162609
Bacteria,Bacteroidetes,Bacteroidia,Bacteroidales,Marinifilaceae,Butyricimonas,None,Bacteria,Firmicutes,Clostridia,Lachnospirales,Lachnospiraceae,Lachnospiraceae_ND3007_group,metagenome,0.010710808179162609
Bacteria,Bacteroidetes,Bacteroidia,Bacteroidales,Marinifilaceae,Butyricimonas,None,Bacteria,Firmicutes,Clostridia,Lachnospirales,Lachnospiraceae,Lachnospiraceae_NK4A136_group,None,0.009737098344693282
Bacteria,Bacteroidetes,Bacteroidia,Bacteroidales,Marinifilaceae,Butyricimonas,None,Bacteria,Firmicutes,Clostridia,Lachnospirales,Lachnospiraceae,Lachnospiraceae_NK4A136_group,uncultured_Lachnospiraceae_bacterium,0.010710808179162609
Bacteria,Bacteroidetes,Bacteroidia,Bacteroidales,Marinifilaceae,Butyricimonas,None,Bacteria,Firmicutes,Clostridia,Lachnospirales,Lachnospiraceae,Lachnospiraceae_NK4A136_group,uncultured_bacterium_Adhufec49.25,0.010710808179162609
Bacteria,Bacteroidetes,Bacteroidia,Bacteroidales,Marinifilaceae,Butyricimonas,None,Bacteria,Firmicutes,Clostridia,Lachnospirales,Lachnospiraceae,Lachnospiraceae_NK4B4_group,None,0.009737098344693282
Bacteria,Bacteroidetes,Bacteroidia,Bacteroidales,Marinifilaceae,Butyricimonas,None,Bacteria,Firmicutes,Clostridia,Lachnospirales,Lachnospiraceae,Lachnospiraceae_UCG-001,metagenome,0.010710808179162609
Bacteria,Bacteroidetes,Bacteroidia,Bacteroidales,Marinifilaceae,Butyricimonas,None,Bacteria,Firmicutes,Clostridia,Lachnospirales,Lachnospiraceae,Lachnospiraceae_UCG-004,None,0.009737098344693282
Bacteria,Bacteroidetes,Bacteroidia,Bacteroidales,Marinifilaceae,Butyricimonas,None,Bacteria,Firmicutes,Clostridia,Lachnospirales,Lachnospiraceae,Lachnospiraceae_UCG-008,metagenome,0.010710808179162609
Bacteria,Bacteroidetes,Bacteroidia,Bacteroidales,Marinifilaceae,Butyricimonas,None,Bacteria,Firmicutes,Clostridia,Lachnospirales,Lachnospiraceae,Lachnospiraceae_UCG-010,None,0.009737098344693282
Bacteria,Bacteroidetes,Bacteroidia,Bacteroidales,Marinifilaceae,Butyricimonas,None,Bacteria,Firmicutes,Clostridia,Lachnospirales,Lachnospiraceae,Marvinbryantia,None,0.009737098344693282
Bacteria,Bacteroidetes,Bacteroidia,Bacteroidales,Marinifilaceae,Butyricimonas,None,Bacteria,Firmicutes,Clostridia,Lachnospirales,Lachnospiraceae,Marvinbryantia,unidentified,0.010710808179162609
Bacteria,Bacteroidetes,Bacteroidia,Bacteroidales,Marinifilaceae,Butyricimonas,None,Bacteria,Firmicutes,Clostridia,Lachnospirales,Lachnospiraceae,Roseburia,None,0.009737098344693282
Bacteria,Bacteroidetes,Bacteroidia,Bacteroidales,Marinifilaceae,Butyricimonas,None,Bacteria,Firmicutes,Clostridia,Lachnospirales,Lachnospiraceae,Roseburia,gut_metagenome,0.010710808179162609
Bacteria,Bacteroidetes,Bacteroidia,Bacteroidales,Marinifilaceae,Butyricimonas,None,Bacteria,Firmicutes,Clostridia,Lachnospirales,Lachnospiraceae,Tuzzerella,None,0.009737098344693282
Bacteria,Bacteroidetes,Bacteroidia,Bacteroidales,Marinifilaceae,Butyricimonas,None,Bacteria,Firmicutes,Clostridia,Lachnospirales,Lachnospiraceae,Tyzzerella,None,0.009737098344693282
Bacteria,Bacteroidetes,Bacteroidia,Bacteroidales,Marinifilaceae,Butyricimonas,None,Bacteria,Firmicutes,Clostridia,Lachnospirales,Lachnospiraceae,Eubacterium_hallii_group,None,0.009737098344693282
Bacteria,Bacteroidetes,Bacteroidia,Bacteroidales,Marinifilaceae,Butyricimonas,None,Bacteria,Firmicutes,Clostridia,Lachnospirales,Lachnospiraceae,Eubacterium_ventriosum_group,metagenome,0.010710808179162609
Bacteria,Bacteroidetes,Bacteroidia,Bacteroidales,Marinifilaceae,Butyricimonas,None,Bacteria,Firmicutes,Clostridia,Lachnospirales,Lachnospiraceae,Ruminococcus_gauvreauii_group,uncultured_Lachnospiraceae_bacterium,0.010710808179162609
Bacteria,Bacteroidetes,Bacteroidia,Bacteroidales,Marinifilaceae,Butyricimonas,None,Bacteria,Firmicutes,Clostridia,Lachnospirales,Lachnospiraceae,Ruminococcus_gnavus_group,None,0.009737098344693282
Bacteria,Bacteroidetes,Bacteroidia,Bacteroidales,Marinifilaceae,Butyricimonas,None,Bacteria,Firmicutes,Clostridia,Lachnospirales,Lachnospiraceae,Ruminococcus_torques_group,Clostridiaceae_bacterium_LEMV78,0.010710808179162609
Bacteria,Bacteroidetes,Bacteroidia,Bacteroidales,Marinifilaceae,Butyricimonas,None,Bacteria,Firmicutes,Clostridia,Lachnospirales,Lachnospiraceae,Ruminococcus_torques_group,None,0.009737098344693282
Bacteria,Bacteroidetes,Bacteroidia,Bacteroidales,Marinifilaceae,Butyricimonas,None,Bacteria,Firmicutes,Clostridia,Lachnospirales,Lachnospiraceae,None,None,0.008763388510223954
Bacteria,Bacteroidetes,Bacteroidia,Bacteroidales,Marinifilaceae,Butyricimonas,None,Bacteria,Firmicutes,Clostridia,Lachnospirales,Lachnospiraceae,uncultured,None,0.009737098344693282
Bacteria,Bacteroidetes,Bacteroidia,Bacteroidales,Marinifilaceae,Butyricimonas,None,Bacteria,Firmicutes,Clostridia,Monoglobales,Monoglobaceae,Monoglobus,None,0.009737098344693282
Bacteria,Bacteroidetes,Bacteroidia,Bacteroidales,Marinifilaceae,Butyricimonas,None,Bacteria,Firmicutes,Clostridia,Oscillospirales,Butyricicoccaceae,Butyricicoccus,None,0.009737098344693282
Bacteria,Bacteroidetes,Bacteroidia,Bacteroidales,Marinifilaceae,Butyricimonas,None,Bacteria,Firmicutes,Clostridia,Oscillospirales,Hydrogenoanaerobacterium,None,None,0.008763388510223954
Bacteria,Bacteroidetes,Bacteroidia,Bacteroidales,Marinifilaceae,Butyricimonas,None,Bacteria,Firmicutes,Clostridia,Oscillospirales,Oscillospiraceae,Colidextribacter,None,0.009737098344693282
Bacteria,Bacteroidetes,Bacteroidia,Bacteroidales,Marinifilaceae,Butyricimonas,None,Bacteria,Firmicutes,Clostridia,Oscillospirales,Oscillospiraceae,Colidextribacter,metagenome,0.010710808179162609
Bacteria,Bacteroidetes,Bacteroidia,Bacteroidales,Marinifilaceae,Butyricimonas,None,Bacteria,Firmicutes,Clostridia,Oscillospirales,Oscillospiraceae,Flavonifractor,None,0.009737098344693282
Bacteria,Bacteroidetes,Bacteroidia,Bacteroidales,Marinifilaceae,Butyricimonas,None,Bacteria,Firmicutes,Clostridia,Oscillospirales,Oscillospiraceae,Intestinimonas,None,0.009737098344693282
Bacteria,Bacteroidetes,Bacteroidia,Bacteroidales,Marinifilaceae,Butyricimonas,None,Bacteria,Firmicutes,Clostridia,Oscillospirales,Oscillospiraceae,Intestinimonas,uncultured,0.010710808179162609
Bacteria,Bacteroidetes,Bacteroidia,Bacteroidales,Marinifilaceae,Butyricimonas,None,Bacteria,Firmicutes,Clostridia,Oscillospirales,Oscillospiraceae,NK4A214_group,None,0.009737098344693282
Bacteria,Bacteroidetes,Bacteroidia,Bacteroidales,Marinifilaceae,Butyricimonas,None,Bacteria,Firmicutes,Clostridia,Oscillospirales,Oscillospiraceae,Oscillibacter,None,0.009737098344693282
Bacteria,Bacteroidetes,Bacteroidia,Bacteroidales,Marinifilaceae,Butyricimonas,None,Bacteria,Firmicutes,Clostridia,Oscillospirales,Oscillospiraceae,Oscillibacter,metagenome,0.010710808179162609
Bacteria,Bacteroidetes,Bacteroidia,Bacteroidales,Marinifilaceae,Butyricimonas,None,Bacteria,Firmicutes,Clostridia,Oscillospirales,Oscillospiraceae,Oscillospira,None,0.009737098344693282
Bacteria,Bacteroidetes,Bacteroidia,Bacteroidales,Marinifilaceae,Butyricimonas,None,Bacteria,Firmicutes,Clostridia,Oscillospirales,Oscillospiraceae,UCG-002,None,0.009737098344693282
Bacteria,Bacteroidetes,Bacteroidia,Bacteroidales,Marinifilaceae,Butyricimonas,None,Bacteria,Firmicutes,Clostridia,Oscillospirales,Oscillospiraceae,UCG-003,None,0.009737098344693282
Bacteria,Bacteroidetes,Bacteroidia,Bacteroidales,Marinifilaceae,Butyricimonas,None,Bacteria,Firmicutes,Clostridia,Oscillospirales,Oscillospiraceae,UCG-005,None,0.009737098344693282
Bacteria,Bacteroidetes,Bacteroidia,Bacteroidales,Marinifilaceae,Butyricimonas,None,Bacteria,Firmicutes,Clostridia,Oscillospirales,Oscillospiraceae,UCG-005,metagenome,0.010710808179162609
Bacteria,Bacteroidetes,Bacteroidia,Bacteroidales,Marinifilaceae,Butyricimonas,None,Bacteria,Firmicutes,Clostridia,Oscillospirales,Oscillospiraceae,UCG-005,uncultured_Clostridiales_bacterium,0.010710808179162609
Bacteria,Bacteroidetes,Bacteroidia,Bacteroidales,Marinifilaceae,Butyricimonas,None,Bacteria,Firmicutes,Clostridia,Oscillospirales,Oscillospiraceae,UCG-005,uncultured_rumen_bacterium,0.010710808179162609
Bacteria,Bacteroidetes,Bacteroidia,Bacteroidales,Marinifilaceae,Butyricimonas,None,Bacteria,Firmicutes,Clostridia,Oscillospirales,Oscillospiraceae,None,None,0.008763388510223954
Bacteria,Bacteroidetes,Bacteroidia,Bacteroidales,Marinifilaceae,Butyricimonas,None,Bacteria,Firmicutes,Clostridia,Oscillospirales,Oscillospiraceae,uncultured,metagenome,0.010710808179162609
Bacteria,Bacteroidetes,Bacteroidia,Bacteroidales,Marinifilaceae,Butyricimonas,None,Bacteria,Firmicutes,Clostridia,Oscillospirales,Oscillospiraceae,uncultured,unidentified,0.010710808179162609
Bacteria,Bacteroidetes,Bacteroidia,Bacteroidales,Marinifilaceae,Butyricimonas,None,Bacteria,Firmicutes,Clostridia,Oscillospirales,Ruminococcaceae,Anaerofilum,uncultured_Firmicutes_bacterium,0.010710808179162609
Bacteria,Bacteroidetes,Bacteroidia,Bacteroidales,Marinifilaceae,Butyricimonas,None,Bacteria,Firmicutes,Clostridia,Oscillospirales,Ruminococcaceae,Anaerotruncus,Anaerotruncus_rubiinfantis,0.010710808179162609
Bacteria,Bacteroidetes,Bacteroidia,Bacteroidales,Marinifilaceae,Butyricimonas,None,Bacteria,Firmicutes,Clostridia,Oscillospirales,Ruminococcaceae,Anaerotruncus,Anaerotruncus_sp._NML_070203,0.010710808179162609
Bacteria,Bacteroidetes,Bacteroidia,Bacteroidales,Marinifilaceae,Butyricimonas,None,Bacteria,Firmicutes,Clostridia,Oscillospirales,Ruminococcaceae,Candidatus_Soleaferrea,Neobitarella_massiliensis,0.010710808179162609
Bacteria,Bacteroidetes,Bacteroidia,Bacteroidales,Marinifilaceae,Butyricimonas,None,Bacteria,Firmicutes,Clostridia,Oscillospirales,Ruminococcaceae,Candidatus_Soleaferrea,None,0.009737098344693282
Bacteria,Bacteroidetes,Bacteroidia,Bacteroidales,Marinifilaceae,Butyricimonas,None,Bacteria,Firmicutes,Clostridia,Oscillospirales,Ruminococcaceae,DTU089,None,0.009737098344693282
Bacteria,Bacteroidetes,Bacteroidia,Bacteroidales,Marinifilaceae,Butyricimonas,None,Bacteria,Firmicutes,Clostridia,Oscillospirales,Ruminococcaceae,Faecalibacterium,None,0.009737098344693282
Bacteria,Bacteroidetes,Bacteroidia,Bacteroidales,Marinifilaceae,Butyricimonas,None,Bacteria,Firmicutes,Clostridia,Oscillospirales,Ruminococcaceae,Fournierella,uncultured_organism,0.010710808179162609
Bacteria,Bacteroidetes,Bacteroidia,Bacteroidales,Marinifilaceae,Butyricimonas,None,Bacteria,Firmicutes,Clostridia,Oscillospirales,Ruminococcaceae,Incertae_Sedis,metagenome,0.010710808179162609
Bacteria,Bacteroidetes,Bacteroidia,Bacteroidales,Marinifilaceae,Butyricimonas,None,Bacteria,Firmicutes,Clostridia,Oscillospirales,Ruminococcaceae,Incertae_Sedis,None,0.009737098344693282
Bacteria,Bacteroidetes,Bacteroidia,Bacteroidales,Marinifilaceae,Butyricimonas,None,Bacteria,Firmicutes,Clostridia,Oscillospirales,Ruminococcaceae,Negativibacillus,None,0.009737098344693282
Bacteria,Bacteroidetes,Bacteroidia,Bacteroidales,Marinifilaceae,Butyricimonas,None,Bacteria,Firmicutes,Clostridia,Oscillospirales,Ruminococcaceae,Ruminococcus,Ruminococcus_champanellensis,0.010710808179162609
Bacteria,Bacteroidetes,Bacteroidia,Bacteroidales,Marinifilaceae,Butyricimonas,None,Bacteria,Firmicutes,Clostridia,Oscillospirales,Ruminococcaceae,Ruminococcus,None,0.009737098344693282
Bacteria,Bacteroidetes,Bacteroidia,Bacteroidales,Marinifilaceae,Butyricimonas,None,Bacteria,Firmicutes,Clostridia,Oscillospirales,Ruminococcaceae,Subdoligranulum,None,0.009737098344693282
Bacteria,Bacteroidetes,Bacteroidia,Bacteroidales,Marinifilaceae,Butyricimonas,None,Bacteria,Firmicutes,Clostridia,Oscillospirales,Ruminococcaceae,UBA1819,None,0.009737098344693282
Bacteria,Bacteroidetes,Bacteroidia,Bacteroidales,Marinifilaceae,Butyricimonas,None,Bacteria,Firmicutes,Clostridia,Oscillospirales,Ruminococcaceae,Eubacterium_siraeum_group,None,0.009737098344693282
Bacteria,Bacteroidetes,Bacteroidia,Bacteroidales,Marinifilaceae,Butyricimonas,None,Bacteria,Firmicutes,Clostridia,Oscillospirales,Ruminococcaceae,None,None,0.008763388510223954
Bacteria,Bacteroidetes,Bacteroidia,Bacteroidales,Marinifilaceae,Butyricimonas,None,Bacteria,Firmicutes,Clostridia,Oscillospirales,UCG-010,None,None,0.008763388510223954
Bacteria,Bacteroidetes,Bacteroidia,Bacteroidales,Marinifilaceae,Butyricimonas,None,Bacteria,Firmicutes,Clostridia,Oscillospirales,UCG-010,metagenome,None,0.009737098344693282
Bacteria,Bacteroidetes,Bacteroidia,Bacteroidales,Marinifilaceae,Butyricimonas,None,Bacteria,Firmicutes,Clostridia,Oscillospirales,UCG-010,uncultured_bacterium,None,0.009737098344693282
Bacteria,Bacteroidetes,Bacteroidia,Bacteroidales,Marinifilaceae,Butyricimonas,None,Bacteria,Firmicutes,Clostridia,Oscillospirales,UCG-010,uncultured_organism,None,0.009737098344693282
Bacteria,Bacteroidetes,Bacteroidia,Bacteroidales,Marinifilaceae,Butyricimonas,None,Bacteria,Firmicutes,Clostridia,Oscillospirales,Clostridium_methylpentosum_group,None,None,0.008763388510223954
Bacteria,Bacteroidetes,Bacteroidia,Bacteroidales,Marinifilaceae,Butyricimonas,None,Bacteria,Firmicutes,Clostridia,Oscillospirales,Eubacterium_coprostanoligenes_group,None,None,0.008763388510223954
Bacteria,Bacteroidetes,Bacteroidia,Bacteroidales,Marinifilaceae,Butyricimonas,None,Bacteria,Firmicutes,Clostridia,Oscillospirales,None,None,None,0.007789678675754625
Bacteria,Bacteroidetes,Bacteroidia,Bacteroidales,Marinifilaceae,Butyricimonas,None,Bacteria,Firmicutes,Clostridia,Peptococcales,Peptococcaceae,uncultured,None,0.009737098344693282
Bacteria,Bacteroidetes,Bacteroidia,Bacteroidales,Marinifilaceae,Butyricimonas,None,Bacteria,Firmicutes,Clostridia,Peptostreptococcales-Tissierellales,Anaerovoracaceae,Family_XIII_AD3011_group,metagenome,0.010710808179162609
Bacteria,Bacteroidetes,Bacteroidia,Bacteroidales,Marinifilaceae,Butyricimonas,None,Bacteria,Firmicutes,Clostridia,Peptostreptococcales-Tissierellales,Anaerovoracaceae,Family_XIII_AD3011_group,None,0.009737098344693282
Bacteria,Bacteroidetes,Bacteroidia,Bacteroidales,Marinifilaceae,Butyricimonas,None,Bacteria,Firmicutes,Clostridia,Peptostreptococcales-Tissierellales,Anaerovoracaceae,Family_XIII_AD3011_group,uncultured,0.010710808179162609
Bacteria,Bacteroidetes,Bacteroidia,Bacteroidales,Marinifilaceae,Butyricimonas,None,Bacteria,Firmicutes,Clostridia,Peptostreptococcales-Tissierellales,Anaerovoracaceae,Family_XIII_UCG-001,metagenome,0.010710808179162609
Bacteria,Bacteroidetes,Bacteroidia,Bacteroidales,Marinifilaceae,Butyricimonas,None,Bacteria,Firmicutes,Clostridia,Peptostreptococcales-Tissierellales,Anaerovoracaceae,Eubacterium_nodatum_group,None,0.009737098344693282
Bacteria,Bacteroidetes,Bacteroidia,Bacteroidales,Marinifilaceae,Butyricimonas,None,Bacteria,Firmicutes,Clostridia,Peptostreptococcales-Tissierellales,Anaerovoracaceae,None,None,0.008763388510223954
Bacteria,Bacteroidetes,Bacteroidia,Bacteroidales,Marinifilaceae,Butyricimonas,None,Bacteria,Firmicutes,Clostridia,Peptostreptococcales-Tissierellales,Parvimonas,None,None,0.008763388510223954
Bacteria,Bacteroidetes,Bacteroidia,Bacteroidales,Marinifilaceae,Butyricimonas,None,Bacteria,Firmicutes,Clostridia,None,None,None,None,0.006815968841285297
Bacteria,Bacteroidetes,Bacteroidia,Bacteroidales,Marinifilaceae,Butyricimonas,None,Bacteria,Firmicutes,Incertae_Sedis,DTU014,unidentified,None,None,0.008763388510223954
Bacteria,Bacteroidetes,Bacteroidia,Bacteroidales,Marinifilaceae,Butyricimonas,None,Bacteria,Firmicutes,Limnochordia,M55-D21,uncultured_compost_bacterium,None,None,0.008763388510223954
Bacteria,Bacteroidetes,Bacteroidia,Bacteroidales,Marinifilaceae,Butyricimonas,None,Bacteria,Firmicutes,Negativicutes,Acidaminococcales,Acidaminococcaceae,Phascolarctobacterium,None,0.009737098344693282
Bacteria,Bacteroidetes,Bacteroidia,Bacteroidales,Marinifilaceae,Butyricimonas,None,Bacteria,Firmicutes,None,None,None,None,None,0.005842259006815969
Bacteria,Bacteroidetes,Bacteroidia,Bacteroidales,Marinifilaceae,Butyricimonas,None,Bacteria,Firmicutes,uncultured,uncultured_Peptococcaceae_bacterium,None,None,None,0.007789678675754625
Bacteria,Bacteroidetes,Bacteroidia,Bacteroidales,Marinifilaceae,Butyricimonas,None,Bacteria,Proteobacteria,Alphaproteobacteria,Rhodospirillales,uncultured,None,None,0.008763388510223954
Bacteria,Bacteroidetes,Bacteroidia,Bacteroidales,Marinifilaceae,Butyricimonas,None,Bacteria,Proteobacteria,Gammaproteobacteria,Burkholderiales,Sutterellaceae,Sutterella,Sutterella_sp._252,0.010710808179162609
Bacteria,Bacteroidetes,Bacteroidia,Bacteroidales,Marinifilaceae,Butyricimonas,None,Bacteria,Proteobacteria,Gammaproteobacteria,Enterobacterales,Enterobacteriaceae,Escherichia-Shigella,None,0.009737098344693282
Bacteria,Bacteroidetes,Bacteroidia,Bacteroidales,Marinifilaceae,Butyricimonas,None,Bacteria,Proteobacteria,Gammaproteobacteria,Enterobacterales,Enterobacteriaceae,Klebsiella,None,0.009737098344693282
Bacteria,Bacteroidetes,Bacteroidia,Bacteroidales,Marinifilaceae,Butyricimonas,None,Bacteria,Proteobacteria,Gammaproteobacteria,Enterobacterales,Enterobacteriaceae,None,None,0.008763388510223954
Bacteria,Bacteroidetes,Bacteroidia,Bacteroidales,Marinifilaceae,Butyricimonas,None,Bacteria,Proteobacteria,Gammaproteobacteria,Pseudomonadales,Pseudomonadaceae,Pseudomonas,None,0.009737098344693282
Bacteria,Bacteroidetes,Bacteroidia,Bacteroidales,Marinifilaceae,Butyricimonas,None,Bacteria,Synergistota,Synergistia,Synergistales,Synergistaceae,Cloacibacillus,None,0.009737098344693282
Bacteria,Bacteroidetes,Bacteroidia,Bacteroidales,Marinifilaceae,Butyricimonas,None,Bacteria,Verrucomicrobiota,Verrucomicrobiae,Verrucomicrobiales,Akkermansiaceae,Akkermansia,None,0.009737098344693282
Bacteria,Bacteroidetes,Bacteroidia,Bacteroidales,Marinifilaceae,Odoribacter,None,Bacteria,Bacteroidetes,Bacteroidia,Bacteroidales,Marinifilaceae,Sanguibacteroides,None,0.0019474196689386564
Bacteria,Bacteroidetes,Bacteroidia,Bacteroidales,Marinifilaceae,Odoribacter,None,Bacteria,Bacteroidetes,Bacteroidia,Bacteroidales,Rikenellaceae,Alistipes,Alistipes_ihumii_AP11,0.004868549172346641
Bacteria,Bacteroidetes,Bacteroidia,Bacteroidales,Marinifilaceae,Odoribacter,None,Bacteria,Bacteroidetes,Bacteroidia,Bacteroidales,Rikenellaceae,Alistipes,Alistipes_sp._cv1,0.004868549172346641
Bacteria,Bacteroidetes,Bacteroidia,Bacteroidales,Marinifilaceae,Odoribacter,None,Bacteria,Bacteroidetes,Bacteroidia,Bacteroidales,Rikenellaceae,Alistipes,Bacteroidetes_bacterium_Eg28,0.004868549172346641
Bacteria,Bacteroidetes,Bacteroidia,Bacteroidales,Marinifilaceae,Odoribacter,None,Bacteria,Bacteroidetes,Bacteroidia,Bacteroidales,Rikenellaceae,Alistipes,None,0.0038948393378773127
Bacteria,Bacteroidetes,Bacteroidia,Bacteroidales,Marinifilaceae,Odoribacter,None,Bacteria,Bacteroidetes,Bacteroidia,Bacteroidales,Tannerellaceae,Parabacteroides,Parabacteroides_goldsteinii,0.004868549172346641
Bacteria,Bacteroidetes,Bacteroidia,Bacteroidales,Marinifilaceae,Odoribacter,None,Bacteria,Bacteroidetes,Bacteroidia,Bacteroidales,Tannerellaceae,Parabacteroides,None,0.0038948393378773127
Bacteria,Bacteroidetes,Bacteroidia,Bacteroidales,Marinifilaceae,Odoribacter,None,Bacteria,Bacteroidetes,Bacteroidia,Flavobacteriales,Flavobacteriaceae,uncultured,metagenome,0.006815968841285297
Bacteria,Bacteroidetes,Bacteroidia,Bacteroidales,Marinifilaceae,Odoribacter,None,Bacteria,Cyanobacteria/Chloroplast,Cyanobacteria.XI,GpXI,None,None,None,0.007789678675754625
Bacteria,Bacteroidetes,Bacteroidia,Bacteroidales,Marinifilaceae,Odoribacter,None,Bacteria,Desulfobacterota,Desulfovibrionia,Desulfovibrionales,Desulfovibrionaceae,Desulfovibrio,None,0.009737098344693282
Bacteria,Bacteroidetes,Bacteroidia,Bacteroidales,Marinifilaceae,Odoribacter,None,Bacteria,Firmicutes,Bacilli,Erysipelotrichales,Erysipelatoclostridiaceae,Erysipelatoclostridium,Clostridium_spiroforme_DSM_1552,0.010710808179162609
Bacteria,Bacteroidetes,Bacteroidia,Bacteroidales,Marinifilaceae,Odoribacter,None,Bacteria,Firmicutes,Bacilli,Erysipelotrichales,Erysipelatoclostridiaceae,Erysipelatoclostridium,None,0.009737098344693282
Bacteria,Bacteroidetes,Bacteroidia,Bacteroidales,Marinifilaceae,Odoribacter,None,Bacteria,Firmicutes,Bacilli,Erysipelotrichales,Erysipelotrichaceae,Faecalitalea,None,0.009737098344693282
Bacteria,Bacteroidetes,Bacteroidia,Bacteroidales,Marinifilaceae,Odoribacter,None,Bacteria,Firmicutes,Bacilli,Erysipelotrichales,Erysipelotrichaceae,Holdemanella,None,0.009737098344693282
Bacteria,Bacteroidetes,Bacteroidia,Bacteroidales,Marinifilaceae,Odoribacter,None,Bacteria,Firmicutes,Bacilli,Erysipelotrichales,Erysipelotrichaceae,Holdemania,None,0.009737098344693282
Bacteria,Bacteroidetes,Bacteroidia,Bacteroidales,Marinifilaceae,Odoribacter,None,Bacteria,Firmicutes,Bacilli,Erysipelotrichales,Erysipelotrichaceae,Clostridium_innocuum_group,None,0.009737098344693282
Bacteria,Bacteroidetes,Bacteroidia,Bacteroidales,Marinifilaceae,Odoribacter,None,Bacteria,Firmicutes,Bacilli,Izemoplasmatales,human_gut_metagenome,None,None,0.008763388510223954
Bacteria,Bacteroidetes,Bacteroidia,Bacteroidales,Marinifilaceae,Odoribacter,None,Bacteria,Firmicutes,Bacilli,Lactobacillales,Lactobacillaceae,Lactobacillus,Lactobacillus_mucosae,0.010710808179162609
Bacteria,Bacteroidetes,Bacteroidia,Bacteroidales,Marinifilaceae,Odoribacter,None,Bacteria,Firmicutes,Bacilli,Lactobacillales,Streptococcaceae,Lactococcus,None,0.009737098344693282
Bacteria,Bacteroidetes,Bacteroidia,Bacteroidales,Marinifilaceae,Odoribacter,None,Bacteria,Firmicutes,Bacilli,Lactobacillales,Streptococcaceae,Streptococcus,Streptococcus_sp._oral_taxon_065,0.010710808179162609
Bacteria,Bacteroidetes,Bacteroidia,Bacteroidales,Marinifilaceae,Odoribacter,None,Bacteria,Firmicutes,Bacilli,Lactobacillales,Streptococcaceae,Streptococcus,None,0.009737098344693282
Bacteria,Bacteroidetes,Bacteroidia,Bacteroidales,Marinifilaceae,Odoribacter,None,Bacteria,Firmicutes,Clostridia,Christensenellales,Christensenellaceae,Christensenellaceae_R-7_group,Christensenella_sp._Marseille-P3954,0.010710808179162609
Bacteria,Bacteroidetes,Bacteroidia,Bacteroidales,Marinifilaceae,Odoribacter,None,Bacteria,Firmicutes,Clostridia,Christensenellales,Christensenellaceae,Christensenellaceae_R-7_group,Clostridiales_bacterium_Marseille-P2846,0.010710808179162609
Bacteria,Bacteroidetes,Bacteroidia,Bacteroidales,Marinifilaceae,Odoribacter,None,Bacteria,Firmicutes,Clostridia,Christensenellales,Christensenellaceae,Christensenellaceae_R-7_group,None,0.009737098344693282
Bacteria,Bacteroidetes,Bacteroidia,Bacteroidales,Marinifilaceae,Odoribacter,None,Bacteria,Firmicutes,Clostridia,Christensenellales,Christensenellaceae,Christensenellaceae_R-7_group,bacterium_YE57,0.010710808179162609
Bacteria,Bacteroidetes,Bacteroidia,Bacteroidales,Marinifilaceae,Odoribacter,None,Bacteria,Firmicutes,Clostridia,Christensenellales,Christensenellaceae,Christensenellaceae_R-7_group,metagenome,0.010710808179162609
Bacteria,Bacteroidetes,Bacteroidia,Bacteroidales,Marinifilaceae,Odoribacter,None,Bacteria,Firmicutes,Clostridia,Christensenellales,Christensenellaceae,Christensenellaceae_R-7_group,uncultured_Firmicutes_bacterium,0.010710808179162609
Bacteria,Bacteroidetes,Bacteroidia,Bacteroidales,Marinifilaceae,Odoribacter,None,Bacteria,Firmicutes,Clostridia,Christensenellales,Christensenellaceae,Christensenellaceae_R-7_group,uncultured_marine_bacterium,0.010710808179162609
Bacteria,Bacteroidetes,Bacteroidia,Bacteroidales,Marinifilaceae,Odoribacter,None,Bacteria,Firmicutes,Clostridia,Christensenellales,Christensenellaceae,Christensenellaceae_R-7_group,uncultured_organism,0.010710808179162609
Bacteria,Bacteroidetes,Bacteroidia,Bacteroidales,Marinifilaceae,Odoribacter,None,Bacteria,Firmicutes,Clostridia,Christensenellales,Christensenellaceae,None,None,0.008763388510223954
Bacteria,Bacteroidetes,Bacteroidia,Bacteroidales,Marinifilaceae,Odoribacter,None,Bacteria,Firmicutes,Clostridia,Clostridia_vadinBB60_group,metagenome,None,None,0.008763388510223954
Bacteria,Bacteroidetes,Bacteroidia,Bacteroidales,Marinifilaceae,Odoribacter,None,Bacteria,Firmicutes,Clostridia,Clostridia_vadinBB60_group,wastewater_metagenome,None,None,0.008763388510223954
Bacteria,Bacteroidetes,Bacteroidia,Bacteroidales,Marinifilaceae,Odoribacter,None,Bacteria,Firmicutes,Clostridia,Clostridiales,Christensenellaceae,Christensenella,PAC001427,0.010710808179162609
Bacteria,Bacteroidetes,Bacteroidia,Bacteroidales,Marinifilaceae,Odoribacter,None,Bacteria,Firmicutes,Clostridia,Clostridiales,Christensenellaceae,Christensenella,PAC002297,0.010710808179162609
Bacteria,Bacteroidetes,Bacteroidia,Bacteroidales,Marinifilaceae,Odoribacter,None,Bacteria,Firmicutes,Clostridia,Clostridiales,Christensenellaceae,PAC001115,PAC001444,0.010710808179162609
Bacteria,Bacteroidetes,Bacteroidia,Bacteroidales,Marinifilaceae,Odoribacter,None,Bacteria,Firmicutes,Clostridia,Clostridiales,Christensenellaceae,PAC001437,PAC001486,0.010710808179162609
Bacteria,Bacteroidetes,Bacteroidia,Bacteroidales,Marinifilaceae,Odoribacter,None,Bacteria,Firmicutes,Clostridia,Clostridiales,Christensenellaceae,PAC001437,PAC002305,0.010710808179162609
Bacteria,Bacteroidetes,Bacteroidia,Bacteroidales,Marinifilaceae,Odoribacter,None,Bacteria,Firmicutes,Clostridia,Clostridiales,Christensenellaceae,PAC002510,PAC002510,0.010710808179162609
Bacteria,Bacteroidetes,Bacteroidia,Bacteroidales,Marinifilaceae,Odoribacter,None,Bacteria,Firmicutes,Clostridia,Clostridiales,Dehalobacterium,PAC002141,PAC002141,0.010710808179162609
Bacteria,Bacteroidetes,Bacteroidia,Bacteroidales,Marinifilaceae,Odoribacter,None,Bacteria,Firmicutes,Clostridia,Clostridiales,Ruminococcaceae,PAC000742,PAC000742,0.010710808179162609
Bacteria,Bacteroidetes,Bacteroidia,Bacteroidales,Marinifilaceae,Odoribacter,None,Bacteria,Firmicutes,Clostridia,Clostridiales,Ruminococcaceae,PAC001144,PAC001620,0.010710808179162609
Bacteria,Bacteroidetes,Bacteroidia,Bacteroidales,Marinifilaceae,Odoribacter,None,Bacteria,Firmicutes,Clostridia,Clostridiales,Ruminococcaceae,PAC001313,PAC001649,0.010710808179162609
Bacteria,Bacteroidetes,Bacteroidia,Bacteroidales,Marinifilaceae,Odoribacter,None,Bacteria,Firmicutes,Clostridia,Clostridiales,Ruminococcaceae,PAC002201,PAC002201,0.010710808179162609
Bacteria,Bacteroidetes,Bacteroidia,Bacteroidales,Marinifilaceae,Odoribacter,None,Bacteria,Firmicutes,Clostridia,Eubacteriales,Eubacteriaceae,Eubacterium,None,0.009737098344693282
Bacteria,Bacteroidetes,Bacteroidia,Bacteroidales,Marinifilaceae,Odoribacter,None,Bacteria,Firmicutes,Clostridia,Lachnospirales,Lachnospiraceae,Agathobacter,None,0.009737098344693282
Bacteria,Bacteroidetes,Bacteroidia,Bacteroidales,Marinifilaceae,Odoribacter,None,Bacteria,Firmicutes,Clostridia,Lachnospirales,Lachnospiraceae,Anaerostipes,None,0.009737098344693282
Bacteria,Bacteroidetes,Bacteroidia,Bacteroidales,Marinifilaceae,Odoribacter,None,Bacteria,Firmicutes,Clostridia,Lachnospirales,Lachnospiraceae,Blautia,None,0.009737098344693282
Bacteria,Bacteroidetes,Bacteroidia,Bacteroidales,Marinifilaceae,Odoribacter,None,Bacteria,Firmicutes,Clostridia,Lachnospirales,Lachnospiraceae,Blautia,bacterium_mpn-isolate_group_20,0.010710808179162609
Bacteria,Bacteroidetes,Bacteroidia,Bacteroidales,Marinifilaceae,Odoribacter,None,Bacteria,Firmicutes,Clostridia,Lachnospirales,Lachnospiraceae,Blautia,uncultured_Blautia_sp.,0.010710808179162609
Bacteria,Bacteroidetes,Bacteroidia,Bacteroidales,Marinifilaceae,Odoribacter,None,Bacteria,Firmicutes,Clostridia,Lachnospirales,Lachnospiraceae,Coprococcus,None,0.009737098344693282
Bacteria,Bacteroidetes,Bacteroidia,Bacteroidales,Marinifilaceae,Odoribacter,None,Bacteria,Firmicutes,Clostridia,Lachnospirales,Lachnospiraceae,Coprococcus,uncultured_Coprococcus_sp.,0.010710808179162609
Bacteria,Bacteroidetes,Bacteroidia,Bacteroidales,Marinifilaceae,Odoribacter,None,Bacteria,Firmicutes,Clostridia,Lachnospirales,Lachnospiraceae,Dorea,None,0.009737098344693282
Bacteria,Bacteroidetes,Bacteroidia,Bacteroidales,Marinifilaceae,Odoribacter,None,Bacteria,Firmicutes,Clostridia,Lachnospirales,Lachnospiraceae,Eisenbergiella,None,0.009737098344693282
Bacteria,Bacteroidetes,Bacteroidia,Bacteroidales,Marinifilaceae,Odoribacter,None,Bacteria,Firmicutes,Clostridia,Lachnospirales,Lachnospiraceae,Frisingicoccus,None,0.009737098344693282
Bacteria,Bacteroidetes,Bacteroidia,Bacteroidales,Marinifilaceae,Odoribacter,None,Bacteria,Firmicutes,Clostridia,Lachnospirales,Lachnospiraceae,Fusicatenibacter,uncultured_Lachnospiraceae_bacterium,0.010710808179162609
Bacteria,Bacteroidetes,Bacteroidia,Bacteroidales,Marinifilaceae,Odoribacter,None,Bacteria,Firmicutes,Clostridia,Lachnospirales,Lachnospiraceae,GCA-900066575,None,0.009737098344693282
Bacteria,Bacteroidetes,Bacteroidia,Bacteroidales,Marinifilaceae,Odoribacter,None,Bacteria,Firmicutes,Clostridia,Lachnospirales,Lachnospiraceae,GCA-900066575,metagenome,0.010710808179162609
Bacteria,Bacteroidetes,Bacteroidia,Bacteroidales,Marinifilaceae,Odoribacter,None,Bacteria,Firmicutes,Clostridia,Lachnospirales,Lachnospiraceae,GCA-900066755,None,0.009737098344693282
Bacteria,Bacteroidetes,Bacteroidia,Bacteroidales,Marinifilaceae,Odoribacter,None,Bacteria,Firmicutes,Clostridia,Lachnospirales,Lachnospiraceae,Hungatella,metagenome,0.010710808179162609
Bacteria,Bacteroidetes,Bacteroidia,Bacteroidales,Marinifilaceae,Odoribacter,None,Bacteria,Firmicutes,Clostridia,Lachnospirales,Lachnospiraceae,Lachnoclostridium,Clostridium_symbiosum,0.010710808179162609
Bacteria,Bacteroidetes,Bacteroidia,Bacteroidales,Marinifilaceae,Odoribacter,None,Bacteria,Firmicutes,Clostridia,Lachnospirales,Lachnospiraceae,Lachnoclostridium,None,0.009737098344693282
Bacteria,Bacteroidetes,Bacteroidia,Bacteroidales,Marinifilaceae,Odoribacter,None,Bacteria,Firmicutes,Clostridia,Lachnospirales,Lachnospiraceae,Lachnoclostridium,uncultured_Lachnospiraceae_bacterium,0.010710808179162609
Bacteria,Bacteroidetes,Bacteroidia,Bacteroidales,Marinifilaceae,Odoribacter,None,Bacteria,Firmicutes,Clostridia,Lachnospirales,Lachnospiraceae,Lachnospiraceae_ND3007_group,metagenome,0.010710808179162609
Bacteria,Bacteroidetes,Bacteroidia,Bacteroidales,Marinifilaceae,Odoribacter,None,Bacteria,Firmicutes,Clostridia,Lachnospirales,Lachnospiraceae,Lachnospiraceae_NK4A136_group,None,0.009737098344693282
Bacteria,Bacteroidetes,Bacteroidia,Bacteroidales,Marinifilaceae,Odoribacter,None,Bacteria,Firmicutes,Clostridia,Lachnospirales,Lachnospiraceae,Lachnospiraceae_NK4A136_group,uncultured_Lachnospiraceae_bacterium,0.010710808179162609
Bacteria,Bacteroidetes,Bacteroidia,Bacteroidales,Marinifilaceae,Odoribacter,None,Bacteria,Firmicutes,Clostridia,Lachnospirales,Lachnospiraceae,Lachnospiraceae_NK4A136_group,uncultured_bacterium_Adhufec49.25,0.010710808179162609
Bacteria,Bacteroidetes,Bacteroidia,Bacteroidales,Marinifilaceae,Odoribacter,None,Bacteria,Firmicutes,Clostridia,Lachnospirales,Lachnospiraceae,Lachnospiraceae_NK4B4_group,None,0.009737098344693282
Bacteria,Bacteroidetes,Bacteroidia,Bacteroidales,Marinifilaceae,Odoribacter,None,Bacteria,Firmicutes,Clostridia,Lachnospirales,Lachnospiraceae,Lachnospiraceae_UCG-001,metagenome,0.010710808179162609
Bacteria,Bacteroidetes,Bacteroidia,Bacteroidales,Marinifilaceae,Odoribacter,None,Bacteria,Firmicutes,Clostridia,Lachnospirales,Lachnospiraceae,Lachnospiraceae_UCG-004,None,0.009737098344693282
Bacteria,Bacteroidetes,Bacteroidia,Bacteroidales,Marinifilaceae,Odoribacter,None,Bacteria,Firmicutes,Clostridia,Lachnospirales,Lachnospiraceae,Lachnospiraceae_UCG-008,metagenome,0.010710808179162609
Bacteria,Bacteroidetes,Bacteroidia,Bacteroidales,Marinifilaceae,Odoribacter,None,Bacteria,Firmicutes,Clostridia,Lachnospirales,Lachnospiraceae,Lachnospiraceae_UCG-010,None,0.009737098344693282
Bacteria,Bacteroidetes,Bacteroidia,Bacteroidales,Marinifilaceae,Odoribacter,None,Bacteria,Firmicutes,Clostridia,Lachnospirales,Lachnospiraceae,Marvinbryantia,None,0.009737098344693282
Bacteria,Bacteroidetes,Bacteroidia,Bacteroidales,Marinifilaceae,Odoribacter,None,Bacteria,Firmicutes,Clostridia,Lachnospirales,Lachnospiraceae,Marvinbryantia,unidentified,0.010710808179162609
Bacteria,Bacteroidetes,Bacteroidia,Bacteroidales,Marinifilaceae,Odoribacter,None,Bacteria,Firmicutes,Clostridia,Lachnospirales,Lachnospiraceae,Roseburia,None,0.009737098344693282
Bacteria,Bacteroidetes,Bacteroidia,Bacteroidales,Marinifilaceae,Odoribacter,None,Bacteria,Firmicutes,Clostridia,Lachnospirales,Lachnospiraceae,Roseburia,gut_metagenome,0.010710808179162609
Bacteria,Bacteroidetes,Bacteroidia,Bacteroidales,Marinifilaceae,Odoribacter,None,Bacteria,Firmicutes,Clostridia,Lachnospirales,Lachnospiraceae,Tuzzerella,None,0.009737098344693282
Bacteria,Bacteroidetes,Bacteroidia,Bacteroidales,Marinifilaceae,Odoribacter,None,Bacteria,Firmicutes,Clostridia,Lachnospirales,Lachnospiraceae,Tyzzerella,None,0.009737098344693282
Bacteria,Bacteroidetes,Bacteroidia,Bacteroidales,Marinifilaceae,Odoribacter,None,Bacteria,Firmicutes,Clostridia,Lachnospirales,Lachnospiraceae,Eubacterium_hallii_group,None,0.009737098344693282
Bacteria,Bacteroidetes,Bacteroidia,Bacteroidales,Marinifilaceae,Odoribacter,None,Bacteria,Firmicutes,Clostridia,Lachnospirales,Lachnospiraceae,Eubacterium_ventriosum_group,metagenome,0.010710808179162609
Bacteria,Bacteroidetes,Bacteroidia,Bacteroidales,Marinifilaceae,Odoribacter,None,Bacteria,Firmicutes,Clostridia,Lachnospirales,Lachnospiraceae,Ruminococcus_gauvreauii_group,uncultured_Lachnospiraceae_bacterium,0.010710808179162609
Bacteria,Bacteroidetes,Bacteroidia,Bacteroidales,Marinifilaceae,Odoribacter,None,Bacteria,Firmicutes,Clostridia,Lachnospirales,Lachnospiraceae,Ruminococcus_gnavus_group,None,0.009737098344693282
Bacteria,Bacteroidetes,Bacteroidia,Bacteroidales,Marinifilaceae,Odoribacter,None,Bacteria,Firmicutes,Clostridia,Lachnospirales,Lachnospiraceae,Ruminococcus_torques_group,Clostridiaceae_bacterium_LEMV78,0.010710808179162609
Bacteria,Bacteroidetes,Bacteroidia,Bacteroidales,Marinifilaceae,Odoribacter,None,Bacteria,Firmicutes,Clostridia,Lachnospirales,Lachnospiraceae,Ruminococcus_torques_group,None,0.009737098344693282
Bacteria,Bacteroidetes,Bacteroidia,Bacteroidales,Marinifilaceae,Odoribacter,None,Bacteria,Firmicutes,Clostridia,Lachnospirales,Lachnospiraceae,None,None,0.008763388510223954
Bacteria,Bacteroidetes,Bacteroidia,Bacteroidales,Marinifilaceae,Odoribacter,None,Bacteria,Firmicutes,Clostridia,Lachnospirales,Lachnospiraceae,uncultured,None,0.009737098344693282
Bacteria,Bacteroidetes,Bacteroidia,Bacteroidales,Marinifilaceae,Odoribacter,None,Bacteria,Firmicutes,Clostridia,Monoglobales,Monoglobaceae,Monoglobus,None,0.009737098344693282
Bacteria,Bacteroidetes,Bacteroidia,Bacteroidales,Marinifilaceae,Odoribacter,None,Bacteria,Firmicutes,Clostridia,Oscillospirales,Butyricicoccaceae,Butyricicoccus,None,0.009737098344693282
Bacteria,Bacteroidetes,Bacteroidia,Bacteroidales,Marinifilaceae,Odoribacter,None,Bacteria,Firmicutes,Clostridia,Oscillospirales,Hydrogenoanaerobacterium,None,None,0.008763388510223954
Bacteria,Bacteroidetes,Bacteroidia,Bacteroidales,Marinifilaceae,Odoribacter,None,Bacteria,Firmicutes,Clostridia,Oscillospirales,Oscillospiraceae,Colidextribacter,None,0.009737098344693282
Bacteria,Bacteroidetes,Bacteroidia,Bacteroidales,Marinifilaceae,Odoribacter,None,Bacteria,Firmicutes,Clostridia,Oscillospirales,Oscillospiraceae,Colidextribacter,metagenome,0.010710808179162609
Bacteria,Bacteroidetes,Bacteroidia,Bacteroidales,Marinifilaceae,Odoribacter,None,Bacteria,Firmicutes,Clostridia,Oscillospirales,Oscillospiraceae,Flavonifractor,None,0.009737098344693282
Bacteria,Bacteroidetes,Bacteroidia,Bacteroidales,Marinifilaceae,Odoribacter,None,Bacteria,Firmicutes,Clostridia,Oscillospirales,Oscillospiraceae,Intestinimonas,None,0.009737098344693282
Bacteria,Bacteroidetes,Bacteroidia,Bacteroidales,Marinifilaceae,Odoribacter,None,Bacteria,Firmicutes,Clostridia,Oscillospirales,Oscillospiraceae,Intestinimonas,uncultured,0.010710808179162609
Bacteria,Bacteroidetes,Bacteroidia,Bacteroidales,Marinifilaceae,Odoribacter,None,Bacteria,Firmicutes,Clostridia,Oscillospirales,Oscillospiraceae,NK4A214_group,None,0.009737098344693282
Bacteria,Bacteroidetes,Bacteroidia,Bacteroidales,Marinifilaceae,Odoribacter,None,Bacteria,Firmicutes,Clostridia,Oscillospirales,Oscillospiraceae,Oscillibacter,None,0.009737098344693282
Bacteria,Bacteroidetes,Bacteroidia,Bacteroidales,Marinifilaceae,Odoribacter,None,Bacteria,Firmicutes,Clostridia,Oscillospirales,Oscillospiraceae,Oscillibacter,metagenome,0.010710808179162609
Bacteria,Bacteroidetes,Bacteroidia,Bacteroidales,Marinifilaceae,Odoribacter,None,Bacteria,Firmicutes,Clostridia,Oscillospirales,Oscillospiraceae,Oscillospira,None,0.009737098344693282
Bacteria,Bacteroidetes,Bacteroidia,Bacteroidales,Marinifilaceae,Odoribacter,None,Bacteria,Firmicutes,Clostridia,Oscillospirales,Oscillospiraceae,UCG-002,None,0.009737098344693282
Bacteria,Bacteroidetes,Bacteroidia,Bacteroidales,Marinifilaceae,Odoribacter,None,Bacteria,Firmicutes,Clostridia,Oscillospirales,Oscillospiraceae,UCG-003,None,0.009737098344693282
Bacteria,Bacteroidetes,Bacteroidia,Bacteroidales,Marinifilaceae,Odoribacter,None,Bacteria,Firmicutes,Clostridia,Oscillospirales,Oscillospiraceae,UCG-005,None,0.009737098344693282
Bacteria,Bacteroidetes,Bacteroidia,Bacteroidales,Marinifilaceae,Odoribacter,None,Bacteria,Firmicutes,Clostridia,Oscillospirales,Oscillospiraceae,UCG-005,metagenome,0.010710808179162609
Bacteria,Bacteroidetes,Bacteroidia,Bacteroidales,Marinifilaceae,Odoribacter,None,Bacteria,Firmicutes,Clostridia,Oscillospirales,Oscillospiraceae,UCG-005,uncultured_Clostridiales_bacterium,0.010710808179162609
Bacteria,Bacteroidetes,Bacteroidia,Bacteroidales,Marinifilaceae,Odoribacter,None,Bacteria,Firmicutes,Clostridia,Oscillospirales,Oscillospiraceae,UCG-005,uncultured_rumen_bacterium,0.010710808179162609
Bacteria,Bacteroidetes,Bacteroidia,Bacteroidales,Marinifilaceae,Odoribacter,None,Bacteria,Firmicutes,Clostridia,Oscillospirales,Oscillospiraceae,None,None,0.008763388510223954
Bacteria,Bacteroidetes,Bacteroidia,Bacteroidales,Marinifilaceae,Odoribacter,None,Bacteria,Firmicutes,Clostridia,Oscillospirales,Oscillospiraceae,uncultured,metagenome,0.010710808179162609
Bacteria,Bacteroidetes,Bacteroidia,Bacteroidales,Marinifilaceae,Odoribacter,None,Bacteria,Firmicutes,Clostridia,Oscillospirales,Oscillospiraceae,uncultured,unidentified,0.010710808179162609
Bacteria,Bacteroidetes,Bacteroidia,Bacteroidales,Marinifilaceae,Odoribacter,None,Bacteria,Firmicutes,Clostridia,Oscillospirales,Ruminococcaceae,Anaerofilum,uncultured_Firmicutes_bacterium,0.010710808179162609
Bacteria,Bacteroidetes,Bacteroidia,Bacteroidales,Marinifilaceae,Odoribacter,None,Bacteria,Firmicutes,Clostridia,Oscillospirales,Ruminococcaceae,Anaerotruncus,Anaerotruncus_rubiinfantis,0.010710808179162609
Bacteria,Bacteroidetes,Bacteroidia,Bacteroidales,Marinifilaceae,Odoribacter,None,Bacteria,Firmicutes,Clostridia,Oscillospirales,Ruminococcaceae,Anaerotruncus,Anaerotruncus_sp._NML_070203,0.010710808179162609
Bacteria,Bacteroidetes,Bacteroidia,Bacteroidales,Marinifilaceae,Odoribacter,None,Bacteria,Firmicutes,Clostridia,Oscillospirales,Ruminococcaceae,Candidatus_Soleaferrea,Neobitarella_massiliensis,0.010710808179162609
Bacteria,Bacteroidetes,Bacteroidia,Bacteroidales,Marinifilaceae,Odoribacter,None,Bacteria,Firmicutes,Clostridia,Oscillospirales,Ruminococcaceae,Candidatus_Soleaferrea,None,0.009737098344693282
Bacteria,Bacteroidetes,Bacteroidia,Bacteroidales,Marinifilaceae,Odoribacter,None,Bacteria,Firmicutes,Clostridia,Oscillospirales,Ruminococcaceae,DTU089,None,0.009737098344693282
Bacteria,Bacteroidetes,Bacteroidia,Bacteroidales,Marinifilaceae,Odoribacter,None,Bacteria,Firmicutes,Clostridia,Oscillospirales,Ruminococcaceae,Faecalibacterium,None,0.009737098344693282
Bacteria,Bacteroidetes,Bacteroidia,Bacteroidales,Marinifilaceae,Odoribacter,None,Bacteria,Firmicutes,Clostridia,Oscillospirales,Ruminococcaceae,Fournierella,uncultured_organism,0.010710808179162609
Bacteria,Bacteroidetes,Bacteroidia,Bacteroidales,Marinifilaceae,Odoribacter,None,Bacteria,Firmicutes,Clostridia,Oscillospirales,Ruminococcaceae,Incertae_Sedis,metagenome,0.010710808179162609
Bacteria,Bacteroidetes,Bacteroidia,Bacteroidales,Marinifilaceae,Odoribacter,None,Bacteria,Firmicutes,Clostridia,Oscillospirales,Ruminococcaceae,Incertae_Sedis,None,0.009737098344693282
Bacteria,Bacteroidetes,Bacteroidia,Bacteroidales,Marinifilaceae,Odoribacter,None,Bacteria,Firmicutes,Clostridia,Oscillospirales,Ruminococcaceae,Negativibacillus,None,0.009737098344693282
Bacteria,Bacteroidetes,Bacteroidia,Bacteroidales,Marinifilaceae,Odoribacter,None,Bacteria,Firmicutes,Clostridia,Oscillospirales,Ruminococcaceae,Ruminococcus,Ruminococcus_champanellensis,0.010710808179162609
Bacteria,Bacteroidetes,Bacteroidia,Bacteroidales,Marinifilaceae,Odoribacter,None,Bacteria,Firmicutes,Clostridia,Oscillospirales,Ruminococcaceae,Ruminococcus,None,0.009737098344693282
Bacteria,Bacteroidetes,Bacteroidia,Bacteroidales,Marinifilaceae,Odoribacter,None,Bacteria,Firmicutes,Clostridia,Oscillospirales,Ruminococcaceae,Subdoligranulum,None,0.009737098344693282
Bacteria,Bacteroidetes,Bacteroidia,Bacteroidales,Marinifilaceae,Odoribacter,None,Bacteria,Firmicutes,Clostridia,Oscillospirales,Ruminococcaceae,UBA1819,None,0.009737098344693282
Bacteria,Bacteroidetes,Bacteroidia,Bacteroidales,Marinifilaceae,Odoribacter,None,Bacteria,Firmicutes,Clostridia,Oscillospirales,Ruminococcaceae,Eubacterium_siraeum_group,None,0.009737098344693282
Bacteria,Bacteroidetes,Bacteroidia,Bacteroidales,Marinifilaceae,Odoribacter,None,Bacteria,Firmicutes,Clostridia,Oscillospirales,Ruminococcaceae,None,None,0.008763388510223954
Bacteria,Bacteroidetes,Bacteroidia,Bacteroidales,Marinifilaceae,Odoribacter,None,Bacteria,Firmicutes,Clostridia,Oscillospirales,UCG-010,None,None,0.008763388510223954
Bacteria,Bacteroidetes,Bacteroidia,Bacteroidales,Marinifilaceae,Odoribacter,None,Bacteria,Firmicutes,Clostridia,Oscillospirales,UCG-010,metagenome,None,0.009737098344693282
Bacteria,Bacteroidetes,Bacteroidia,Bacteroidales,Marinifilaceae,Odoribacter,None,Bacteria,Firmicutes,Clostridia,Oscillospirales,UCG-010,uncultured_bacterium,None,0.009737098344693282
Bacteria,Bacteroidetes,Bacteroidia,Bacteroidales,Marinifilaceae,Odoribacter,None,Bacteria,Firmicutes,Clostridia,Oscillospirales,UCG-010,uncultured_organism,None,0.009737098344693282
Bacteria,Bacteroidetes,Bacteroidia,Bacteroidales,Marinifilaceae,Odoribacter,None,Bacteria,Firmicutes,Clostridia,Oscillospirales,Clostridium_methylpentosum_group,None,None,0.008763388510223954
Bacteria,Bacteroidetes,Bacteroidia,Bacteroidales,Marinifilaceae,Odoribacter,None,Bacteria,Firmicutes,Clostridia,Oscillospirales,Eubacterium_coprostanoligenes_group,None,None,0.008763388510223954
Bacteria,Bacteroidetes,Bacteroidia,Bacteroidales,Marinifilaceae,Odoribacter,None,Bacteria,Firmicutes,Clostridia,Oscillospirales,None,None,None,0.007789678675754625
Bacteria,Bacteroidetes,Bacteroidia,Bacteroidales,Marinifilaceae,Odoribacter,None,Bacteria,Firmicutes,Clostridia,Peptococcales,Peptococcaceae,uncultured,None,0.009737098344693282
Bacteria,Bacteroidetes,Bacteroidia,Bacteroidales,Marinifilaceae,Odoribacter,None,Bacteria,Firmicutes,Clostridia,Peptostreptococcales-Tissierellales,Anaerovoracaceae,Family_XIII_AD3011_group,metagenome,0.010710808179162609
Bacteria,Bacteroidetes,Bacteroidia,Bacteroidales,Marinifilaceae,Odoribacter,None,Bacteria,Firmicutes,Clostridia,Peptostreptococcales-Tissierellales,Anaerovoracaceae,Family_XIII_AD3011_group,None,0.009737098344693282
Bacteria,Bacteroidetes,Bacteroidia,Bacteroidales,Marinifilaceae,Odoribacter,None,Bacteria,Firmicutes,Clostridia,Peptostreptococcales-Tissierellales,Anaerovoracaceae,Family_XIII_AD3011_group,uncultured,0.010710808179162609
Bacteria,Bacteroidetes,Bacteroidia,Bacteroidales,Marinifilaceae,Odoribacter,None,Bacteria,Firmicutes,Clostridia,Peptostreptococcales-Tissierellales,Anaerovoracaceae,Family_XIII_UCG-001,metagenome,0.010710808179162609
Bacteria,Bacteroidetes,Bacteroidia,Bacteroidales,Marinifilaceae,Odoribacter,None,Bacteria,Firmicutes,Clostridia,Peptostreptococcales-Tissierellales,Anaerovoracaceae,Eubacterium_nodatum_group,None,0.009737098344693282
Bacteria,Bacteroidetes,Bacteroidia,Bacteroidales,Marinifilaceae,Odoribacter,None,Bacteria,Firmicutes,Clostridia,Peptostreptococcales-Tissierellales,Anaerovoracaceae,None,None,0.008763388510223954
Bacteria,Bacteroidetes,Bacteroidia,Bacteroidales,Marinifilaceae,Odoribacter,None,Bacteria,Firmicutes,Clostridia,Peptostreptococcales-Tissierellales,Parvimonas,None,None,0.008763388510223954
Bacteria,Bacteroidetes,Bacteroidia,Bacteroidales,Marinifilaceae,Odoribacter,None,Bacteria,Firmicutes,Clostridia,None,None,None,None,0.006815968841285297
Bacteria,Bacteroidetes,Bacteroidia,Bacteroidales,Marinifilaceae,Odoribacter,None,Bacteria,Firmicutes,Incertae_Sedis,DTU014,unidentified,None,None,0.008763388510223954
Bacteria,Bacteroidetes,Bacteroidia,Bacteroidales,Marinifilaceae,Odoribacter,None,Bacteria,Firmicutes,Limnochordia,M55-D21,uncultured_compost_bacterium,None,None,0.008763388510223954
Bacteria,Bacteroidetes,Bacteroidia,Bacteroidales,Marinifilaceae,Odoribacter,None,Bacteria,Firmicutes,Negativicutes,Acidaminococcales,Acidaminococcaceae,Phascolarctobacterium,None,0.009737098344693282
Bacteria,Bacteroidetes,Bacteroidia,Bacteroidales,Marinifilaceae,Odoribacter,None,Bacteria,Firmicutes,None,None,None,None,None,0.005842259006815969
Bacteria,Bacteroidetes,Bacteroidia,Bacteroidales,Marinifilaceae,Odoribacter,None,Bacteria,Firmicutes,uncultured,uncultured_Peptococcaceae_bacterium,None,None,None,0.007789678675754625
Bacteria,Bacteroidetes,Bacteroidia,Bacteroidales,Marinifilaceae,Odoribacter,None,Bacteria,Proteobacteria,Alphaproteobacteria,Rhodospirillales,uncultured,None,None,0.008763388510223954
Bacteria,Bacteroidetes,Bacteroidia,Bacteroidales,Marinifilaceae,Odoribacter,None,Bacteria,Proteobacteria,Gammaproteobacteria,Burkholderiales,Sutterellaceae,Sutterella,Sutterella_sp._252,0.010710808179162609
Bacteria,Bacteroidetes,Bacteroidia,Bacteroidales,Marinifilaceae,Odoribacter,None,Bacteria,Proteobacteria,Gammaproteobacteria,Enterobacterales,Enterobacteriaceae,Escherichia-Shigella,None,0.009737098344693282
Bacteria,Bacteroidetes,Bacteroidia,Bacteroidales,Marinifilaceae,Odoribacter,None,Bacteria,Proteobacteria,Gammaproteobacteria,Enterobacterales,Enterobacteriaceae,Klebsiella,None,0.009737098344693282
Bacteria,Bacteroidetes,Bacteroidia,Bacteroidales,Marinifilaceae,Odoribacter,None,Bacteria,Proteobacteria,Gammaproteobacteria,Enterobacterales,Enterobacteriaceae,None,None,0.008763388510223954
Bacteria,Bacteroidetes,Bacteroidia,Bacteroidales,Marinifilaceae,Odoribacter,None,Bacteria,Proteobacteria,Gammaproteobacteria,Pseudomonadales,Pseudomonadaceae,Pseudomonas,None,0.009737098344693282
Bacteria,Bacteroidetes,Bacteroidia,Bacteroidales,Marinifilaceae,Odoribacter,None,Bacteria,Synergistota,Synergistia,Synergistales,Synergistaceae,Cloacibacillus,None,0.009737098344693282
Bacteria,Bacteroidetes,Bacteroidia,Bacteroidales,Marinifilaceae,Odoribacter,None,Bacteria,Verrucomicrobiota,Verrucomicrobiae,Verrucomicrobiales,Akkermansiaceae,Akkermansia,None,0.009737098344693282
Bacteria,Bacteroidetes,Bacteroidia,Bacteroidales,Marinifilaceae,Sanguibacteroides,None,Bacteria,Bacteroidetes,Bacteroidia,Bacteroidales,Rikenellaceae,Alistipes,Alistipes_ihumii_AP11,0.004868549172346641
Bacteria,Bacteroidetes,Bacteroidia,Bacteroidales,Marinifilaceae,Sanguibacteroides,None,Bacteria,Bacteroidetes,Bacteroidia,Bacteroidales,Rikenellaceae,Alistipes,Alistipes_sp._cv1,0.004868549172346641
Bacteria,Bacteroidetes,Bacteroidia,Bacteroidales,Marinifilaceae,Sanguibacteroides,None,Bacteria,Bacteroidetes,Bacteroidia,Bacteroidales,Rikenellaceae,Alistipes,Bacteroidetes_bacterium_Eg28,0.004868549172346641
Bacteria,Bacteroidetes,Bacteroidia,Bacteroidales,Marinifilaceae,Sanguibacteroides,None,Bacteria,Bacteroidetes,Bacteroidia,Bacteroidales,Rikenellaceae,Alistipes,None,0.0038948393378773127
Bacteria,Bacteroidetes,Bacteroidia,Bacteroidales,Marinifilaceae,Sanguibacteroides,None,Bacteria,Bacteroidetes,Bacteroidia,Bacteroidales,Tannerellaceae,Parabacteroides,Parabacteroides_goldsteinii,0.004868549172346641
Bacteria,Bacteroidetes,Bacteroidia,Bacteroidales,Marinifilaceae,Sanguibacteroides,None,Bacteria,Bacteroidetes,Bacteroidia,Bacteroidales,Tannerellaceae,Parabacteroides,None,0.0038948393378773127
Bacteria,Bacteroidetes,Bacteroidia,Bacteroidales,Marinifilaceae,Sanguibacteroides,None,Bacteria,Bacteroidetes,Bacteroidia,Flavobacteriales,Flavobacteriaceae,uncultured,metagenome,0.006815968841285297
Bacteria,Bacteroidetes,Bacteroidia,Bacteroidales,Marinifilaceae,Sanguibacteroides,None,Bacteria,Cyanobacteria/Chloroplast,Cyanobacteria.XI,GpXI,None,None,None,0.007789678675754625
Bacteria,Bacteroidetes,Bacteroidia,Bacteroidales,Marinifilaceae,Sanguibacteroides,None,Bacteria,Desulfobacterota,Desulfovibrionia,Desulfovibrionales,Desulfovibrionaceae,Desulfovibrio,None,0.009737098344693282
Bacteria,Bacteroidetes,Bacteroidia,Bacteroidales,Marinifilaceae,Sanguibacteroides,None,Bacteria,Firmicutes,Bacilli,Erysipelotrichales,Erysipelatoclostridiaceae,Erysipelatoclostridium,Clostridium_spiroforme_DSM_1552,0.010710808179162609
Bacteria,Bacteroidetes,Bacteroidia,Bacteroidales,Marinifilaceae,Sanguibacteroides,None,Bacteria,Firmicutes,Bacilli,Erysipelotrichales,Erysipelatoclostridiaceae,Erysipelatoclostridium,None,0.009737098344693282
Bacteria,Bacteroidetes,Bacteroidia,Bacteroidales,Marinifilaceae,Sanguibacteroides,None,Bacteria,Firmicutes,Bacilli,Erysipelotrichales,Erysipelotrichaceae,Faecalitalea,None,0.009737098344693282
Bacteria,Bacteroidetes,Bacteroidia,Bacteroidales,Marinifilaceae,Sanguibacteroides,None,Bacteria,Firmicutes,Bacilli,Erysipelotrichales,Erysipelotrichaceae,Holdemanella,None,0.009737098344693282
Bacteria,Bacteroidetes,Bacteroidia,Bacteroidales,Marinifilaceae,Sanguibacteroides,None,Bacteria,Firmicutes,Bacilli,Erysipelotrichales,Erysipelotrichaceae,Holdemania,None,0.009737098344693282
Bacteria,Bacteroidetes,Bacteroidia,Bacteroidales,Marinifilaceae,Sanguibacteroides,None,Bacteria,Firmicutes,Bacilli,Erysipelotrichales,Erysipelotrichaceae,Clostridium_innocuum_group,None,0.009737098344693282
Bacteria,Bacteroidetes,Bacteroidia,Bacteroidales,Marinifilaceae,Sanguibacteroides,None,Bacteria,Firmicutes,Bacilli,Izemoplasmatales,human_gut_metagenome,None,None,0.008763388510223954
Bacteria,Bacteroidetes,Bacteroidia,Bacteroidales,Marinifilaceae,Sanguibacteroides,None,Bacteria,Firmicutes,Bacilli,Lactobacillales,Lactobacillaceae,Lactobacillus,Lactobacillus_mucosae,0.010710808179162609
Bacteria,Bacteroidetes,Bacteroidia,Bacteroidales,Marinifilaceae,Sanguibacteroides,None,Bacteria,Firmicutes,Bacilli,Lactobacillales,Streptococcaceae,Lactococcus,None,0.009737098344693282
Bacteria,Bacteroidetes,Bacteroidia,Bacteroidales,Marinifilaceae,Sanguibacteroides,None,Bacteria,Firmicutes,Bacilli,Lactobacillales,Streptococcaceae,Streptococcus,Streptococcus_sp._oral_taxon_065,0.010710808179162609
Bacteria,Bacteroidetes,Bacteroidia,Bacteroidales,Marinifilaceae,Sanguibacteroides,None,Bacteria,Firmicutes,Bacilli,Lactobacillales,Streptococcaceae,Streptococcus,None,0.009737098344693282
Bacteria,Bacteroidetes,Bacteroidia,Bacteroidales,Marinifilaceae,Sanguibacteroides,None,Bacteria,Firmicutes,Clostridia,Christensenellales,Christensenellaceae,Christensenellaceae_R-7_group,Christensenella_sp._Marseille-P3954,0.010710808179162609
Bacteria,Bacteroidetes,Bacteroidia,Bacteroidales,Marinifilaceae,Sanguibacteroides,None,Bacteria,Firmicutes,Clostridia,Christensenellales,Christensenellaceae,Christensenellaceae_R-7_group,Clostridiales_bacterium_Marseille-P2846,0.010710808179162609
Bacteria,Bacteroidetes,Bacteroidia,Bacteroidales,Marinifilaceae,Sanguibacteroides,None,Bacteria,Firmicutes,Clostridia,Christensenellales,Christensenellaceae,Christensenellaceae_R-7_group,None,0.009737098344693282
Bacteria,Bacteroidetes,Bacteroidia,Bacteroidales,Marinifilaceae,Sanguibacteroides,None,Bacteria,Firmicutes,Clostridia,Christensenellales,Christensenellaceae,Christensenellaceae_R-7_group,bacterium_YE57,0.010710808179162609
Bacteria,Bacteroidetes,Bacteroidia,Bacteroidales,Marinifilaceae,Sanguibacteroides,None,Bacteria,Firmicutes,Clostridia,Christensenellales,Christensenellaceae,Christensenellaceae_R-7_group,metagenome,0.010710808179162609
Bacteria,Bacteroidetes,Bacteroidia,Bacteroidales,Marinifilaceae,Sanguibacteroides,None,Bacteria,Firmicutes,Clostridia,Christensenellales,Christensenellaceae,Christensenellaceae_R-7_group,uncultured_Firmicutes_bacterium,0.010710808179162609
Bacteria,Bacteroidetes,Bacteroidia,Bacteroidales,Marinifilaceae,Sanguibacteroides,None,Bacteria,Firmicutes,Clostridia,Christensenellales,Christensenellaceae,Christensenellaceae_R-7_group,uncultured_marine_bacterium,0.010710808179162609
Bacteria,Bacteroidetes,Bacteroidia,Bacteroidales,Marinifilaceae,Sanguibacteroides,None,Bacteria,Firmicutes,Clostridia,Christensenellales,Christensenellaceae,Christensenellaceae_R-7_group,uncultured_organism,0.010710808179162609
Bacteria,Bacteroidetes,Bacteroidia,Bacteroidales,Marinifilaceae,Sanguibacteroides,None,Bacteria,Firmicutes,Clostridia,Christensenellales,Christensenellaceae,None,None,0.008763388510223954
Bacteria,Bacteroidetes,Bacteroidia,Bacteroidales,Marinifilaceae,Sanguibacteroides,None,Bacteria,Firmicutes,Clostridia,Clostridia_vadinBB60_group,metagenome,None,None,0.008763388510223954
Bacteria,Bacteroidetes,Bacteroidia,Bacteroidales,Marinifilaceae,Sanguibacteroides,None,Bacteria,Firmicutes,Clostridia,Clostridia_vadinBB60_group,wastewater_metagenome,None,None,0.008763388510223954
Bacteria,Bacteroidetes,Bacteroidia,Bacteroidales,Marinifilaceae,Sanguibacteroides,None,Bacteria,Firmicutes,Clostridia,Clostridiales,Christensenellaceae,Christensenella,PAC001427,0.010710808179162609
Bacteria,Bacteroidetes,Bacteroidia,Bacteroidales,Marinifilaceae,Sanguibacteroides,None,Bacteria,Firmicutes,Clostridia,Clostridiales,Christensenellaceae,Christensenella,PAC002297,0.010710808179162609
Bacteria,Bacteroidetes,Bacteroidia,Bacteroidales,Marinifilaceae,Sanguibacteroides,None,Bacteria,Firmicutes,Clostridia,Clostridiales,Christensenellaceae,PAC001115,PAC001444,0.010710808179162609
Bacteria,Bacteroidetes,Bacteroidia,Bacteroidales,Marinifilaceae,Sanguibacteroides,None,Bacteria,Firmicutes,Clostridia,Clostridiales,Christensenellaceae,PAC001437,PAC001486,0.010710808179162609
Bacteria,Bacteroidetes,Bacteroidia,Bacteroidales,Marinifilaceae,Sanguibacteroides,None,Bacteria,Firmicutes,Clostridia,Clostridiales,Christensenellaceae,PAC001437,PAC002305,0.010710808179162609
Bacteria,Bacteroidetes,Bacteroidia,Bacteroidales,Marinifilaceae,Sanguibacteroides,None,Bacteria,Firmicutes,Clostridia,Clostridiales,Christensenellaceae,PAC002510,PAC002510,0.010710808179162609
Bacteria,Bacteroidetes,Bacteroidia,Bacteroidales,Marinifilaceae,Sanguibacteroides,None,Bacteria,Firmicutes,Clostridia,Clostridiales,Dehalobacterium,PAC002141,PAC002141,0.010710808179162609
Bacteria,Bacteroidetes,Bacteroidia,Bacteroidales,Marinifilaceae,Sanguibacteroides,None,Bacteria,Firmicutes,Clostridia,Clostridiales,Ruminococcaceae,PAC000742,PAC000742,0.010710808179162609
Bacteria,Bacteroidetes,Bacteroidia,Bacteroidales,Marinifilaceae,Sanguibacteroides,None,Bacteria,Firmicutes,Clostridia,Clostridiales,Ruminococcaceae,PAC001144,PAC001620,0.010710808179162609
Bacteria,Bacteroidetes,Bacteroidia,Bacteroidales,Marinifilaceae,Sanguibacteroides,None,Bacteria,Firmicutes,Clostridia,Clostridiales,Ruminococcaceae,PAC001313,PAC001649,0.010710808179162609
Bacteria,Bacteroidetes,Bacteroidia,Bacteroidales,Marinifilaceae,Sanguibacteroides,None,Bacteria,Firmicutes,Clostridia,Clostridiales,Ruminococcaceae,PAC002201,PAC002201,0.010710808179162609
Bacteria,Bacteroidetes,Bacteroidia,Bacteroidales,Marinifilaceae,Sanguibacteroides,None,Bacteria,Firmicutes,Clostridia,Eubacteriales,Eubacteriaceae,Eubacterium,None,0.009737098344693282
Bacteria,Bacteroidetes,Bacteroidia,Bacteroidales,Marinifilaceae,Sanguibacteroides,None,Bacteria,Firmicutes,Clostridia,Lachnospirales,Lachnospiraceae,Agathobacter,None,0.009737098344693282
Bacteria,Bacteroidetes,Bacteroidia,Bacteroidales,Marinifilaceae,Sanguibacteroides,None,Bacteria,Firmicutes,Clostridia,Lachnospirales,Lachnospiraceae,Anaerostipes,None,0.009737098344693282
Bacteria,Bacteroidetes,Bacteroidia,Bacteroidales,Marinifilaceae,Sanguibacteroides,None,Bacteria,Firmicutes,Clostridia,Lachnospirales,Lachnospiraceae,Blautia,None,0.009737098344693282
Bacteria,Bacteroidetes,Bacteroidia,Bacteroidales,Marinifilaceae,Sanguibacteroides,None,Bacteria,Firmicutes,Clostridia,Lachnospirales,Lachnospiraceae,Blautia,bacterium_mpn-isolate_group_20,0.010710808179162609
Bacteria,Bacteroidetes,Bacteroidia,Bacteroidales,Marinifilaceae,Sanguibacteroides,None,Bacteria,Firmicutes,Clostridia,Lachnospirales,Lachnospiraceae,Blautia,uncultured_Blautia_sp.,0.010710808179162609
Bacteria,Bacteroidetes,Bacteroidia,Bacteroidales,Marinifilaceae,Sanguibacteroides,None,Bacteria,Firmicutes,Clostridia,Lachnospirales,Lachnospiraceae,Coprococcus,None,0.009737098344693282
Bacteria,Bacteroidetes,Bacteroidia,Bacteroidales,Marinifilaceae,Sanguibacteroides,None,Bacteria,Firmicutes,Clostridia,Lachnospirales,Lachnospiraceae,Coprococcus,uncultured_Coprococcus_sp.,0.010710808179162609
Bacteria,Bacteroidetes,Bacteroidia,Bacteroidales,Marinifilaceae,Sanguibacteroides,None,Bacteria,Firmicutes,Clostridia,Lachnospirales,Lachnospiraceae,Dorea,None,0.009737098344693282
Bacteria,Bacteroidetes,Bacteroidia,Bacteroidales,Marinifilaceae,Sanguibacteroides,None,Bacteria,Firmicutes,Clostridia,Lachnospirales,Lachnospiraceae,Eisenbergiella,None,0.009737098344693282
Bacteria,Bacteroidetes,Bacteroidia,Bacteroidales,Marinifilaceae,Sanguibacteroides,None,Bacteria,Firmicutes,Clostridia,Lachnospirales,Lachnospiraceae,Frisingicoccus,None,0.009737098344693282
Bacteria,Bacteroidetes,Bacteroidia,Bacteroidales,Marinifilaceae,Sanguibacteroides,None,Bacteria,Firmicutes,Clostridia,Lachnospirales,Lachnospiraceae,Fusicatenibacter,uncultured_Lachnospiraceae_bacterium,0.010710808179162609
Bacteria,Bacteroidetes,Bacteroidia,Bacteroidales,Marinifilaceae,Sanguibacteroides,None,Bacteria,Firmicutes,Clostridia,Lachnospirales,Lachnospiraceae,GCA-900066575,None,0.009737098344693282
Bacteria,Bacteroidetes,Bacteroidia,Bacteroidales,Marinifilaceae,Sanguibacteroides,None,Bacteria,Firmicutes,Clostridia,Lachnospirales,Lachnospiraceae,GCA-900066575,metagenome,0.010710808179162609
Bacteria,Bacteroidetes,Bacteroidia,Bacteroidales,Marinifilaceae,Sanguibacteroides,None,Bacteria,Firmicutes,Clostridia,Lachnospirales,Lachnospiraceae,GCA-900066755,None,0.009737098344693282
Bacteria,Bacteroidetes,Bacteroidia,Bacteroidales,Marinifilaceae,Sanguibacteroides,None,Bacteria,Firmicutes,Clostridia,Lachnospirales,Lachnospiraceae,Hungatella,metagenome,0.010710808179162609
Bacteria,Bacteroidetes,Bacteroidia,Bacteroidales,Marinifilaceae,Sanguibacteroides,None,Bacteria,Firmicutes,Clostridia,Lachnospirales,Lachnospiraceae,Lachnoclostridium,Clostridium_symbiosum,0.010710808179162609
Bacteria,Bacteroidetes,Bacteroidia,Bacteroidales,Marinifilaceae,Sanguibacteroides,None,Bacteria,Firmicutes,Clostridia,Lachnospirales,Lachnospiraceae,Lachnoclostridium,None,0.009737098344693282
Bacteria,Bacteroidetes,Bacteroidia,Bacteroidales,Marinifilaceae,Sanguibacteroides,None,Bacteria,Firmicutes,Clostridia,Lachnospirales,Lachnospiraceae,Lachnoclostridium,uncultured_Lachnospiraceae_bacterium,0.010710808179162609
Bacteria,Bacteroidetes,Bacteroidia,Bacteroidales,Marinifilaceae,Sanguibacteroides,None,Bacteria,Firmicutes,Clostridia,Lachnospirales,Lachnospiraceae,Lachnospiraceae_ND3007_group,metagenome,0.010710808179162609
Bacteria,Bacteroidetes,Bacteroidia,Bacteroidales,Marinifilaceae,Sanguibacteroides,None,Bacteria,Firmicutes,Clostridia,Lachnospirales,Lachnospiraceae,Lachnospiraceae_NK4A136_group,None,0.009737098344693282
Bacteria,Bacteroidetes,Bacteroidia,Bacteroidales,Marinifilaceae,Sanguibacteroides,None,Bacteria,Firmicutes,Clostridia,Lachnospirales,Lachnospiraceae,Lachnospiraceae_NK4A136_group,uncultured_Lachnospiraceae_bacterium,0.010710808179162609
Bacteria,Bacteroidetes,Bacteroidia,Bacteroidales,Marinifilaceae,Sanguibacteroides,None,Bacteria,Firmicutes,Clostridia,Lachnospirales,Lachnospiraceae,Lachnospiraceae_NK4A136_group,uncultured_bacterium_Adhufec49.25,0.010710808179162609
Bacteria,Bacteroidetes,Bacteroidia,Bacteroidales,Marinifilaceae,Sanguibacteroides,None,Bacteria,Firmicutes,Clostridia,Lachnospirales,Lachnospiraceae,Lachnospiraceae_NK4B4_group,None,0.009737098344693282
Bacteria,Bacteroidetes,Bacteroidia,Bacteroidales,Marinifilaceae,Sanguibacteroides,None,Bacteria,Firmicutes,Clostridia,Lachnospirales,Lachnospiraceae,Lachnospiraceae_UCG-001,metagenome,0.010710808179162609
Bacteria,Bacteroidetes,Bacteroidia,Bacteroidales,Marinifilaceae,Sanguibacteroides,None,Bacteria,Firmicutes,Clostridia,Lachnospirales,Lachnospiraceae,Lachnospiraceae_UCG-004,None,0.009737098344693282
Bacteria,Bacteroidetes,Bacteroidia,Bacteroidales,Marinifilaceae,Sanguibacteroides,None,Bacteria,Firmicutes,Clostridia,Lachnospirales,Lachnospiraceae,Lachnospiraceae_UCG-008,metagenome,0.010710808179162609
Bacteria,Bacteroidetes,Bacteroidia,Bacteroidales,Marinifilaceae,Sanguibacteroides,None,Bacteria,Firmicutes,Clostridia,Lachnospirales,Lachnospiraceae,Lachnospiraceae_UCG-010,None,0.009737098344693282
Bacteria,Bacteroidetes,Bacteroidia,Bacteroidales,Marinifilaceae,Sanguibacteroides,None,Bacteria,Firmicutes,Clostridia,Lachnospirales,Lachnospiraceae,Marvinbryantia,None,0.009737098344693282
Bacteria,Bacteroidetes,Bacteroidia,Bacteroidales,Marinifilaceae,Sanguibacteroides,None,Bacteria,Firmicutes,Clostridia,Lachnospirales,Lachnospiraceae,Marvinbryantia,unidentified,0.010710808179162609
Bacteria,Bacteroidetes,Bacteroidia,Bacteroidales,Marinifilaceae,Sanguibacteroides,None,Bacteria,Firmicutes,Clostridia,Lachnospirales,Lachnospiraceae,Roseburia,None,0.009737098344693282
Bacteria,Bacteroidetes,Bacteroidia,Bacteroidales,Marinifilaceae,Sanguibacteroides,None,Bacteria,Firmicutes,Clostridia,Lachnospirales,Lachnospiraceae,Roseburia,gut_metagenome,0.010710808179162609
Bacteria,Bacteroidetes,Bacteroidia,Bacteroidales,Marinifilaceae,Sanguibacteroides,None,Bacteria,Firmicutes,Clostridia,Lachnospirales,Lachnospiraceae,Tuzzerella,None,0.009737098344693282
Bacteria,Bacteroidetes,Bacteroidia,Bacteroidales,Marinifilaceae,Sanguibacteroides,None,Bacteria,Firmicutes,Clostridia,Lachnospirales,Lachnospiraceae,Tyzzerella,None,0.009737098344693282
Bacteria,Bacteroidetes,Bacteroidia,Bacteroidales,Marinifilaceae,Sanguibacteroides,None,Bacteria,Firmicutes,Clostridia,Lachnospirales,Lachnospiraceae,Eubacterium_hallii_group,None,0.009737098344693282
Bacteria,Bacteroidetes,Bacteroidia,Bacteroidales,Marinifilaceae,Sanguibacteroides,None,Bacteria,Firmicutes,Clostridia,Lachnospirales,Lachnospiraceae,Eubacterium_ventriosum_group,metagenome,0.010710808179162609
Bacteria,Bacteroidetes,Bacteroidia,Bacteroidales,Marinifilaceae,Sanguibacteroides,None,Bacteria,Firmicutes,Clostridia,Lachnospirales,Lachnospiraceae,Ruminococcus_gauvreauii_group,uncultured_Lachnospiraceae_bacterium,0.010710808179162609
Bacteria,Bacteroidetes,Bacteroidia,Bacteroidales,Marinifilaceae,Sanguibacteroides,None,Bacteria,Firmicutes,Clostridia,Lachnospirales,Lachnospiraceae,Ruminococcus_gnavus_group,None,0.009737098344693282
Bacteria,Bacteroidetes,Bacteroidia,Bacteroidales,Marinifilaceae,Sanguibacteroides,None,Bacteria,Firmicutes,Clostridia,Lachnospirales,Lachnospiraceae,Ruminococcus_torques_group,Clostridiaceae_bacterium_LEMV78,0.010710808179162609
Bacteria,Bacteroidetes,Bacteroidia,Bacteroidales,Marinifilaceae,Sanguibacteroides,None,Bacteria,Firmicutes,Clostridia,Lachnospirales,Lachnospiraceae,Ruminococcus_torques_group,None,0.009737098344693282
Bacteria,Bacteroidetes,Bacteroidia,Bacteroidales,Marinifilaceae,Sanguibacteroides,None,Bacteria,Firmicutes,Clostridia,Lachnospirales,Lachnospiraceae,None,None,0.008763388510223954
Bacteria,Bacteroidetes,Bacteroidia,Bacteroidales,Marinifilaceae,Sanguibacteroides,None,Bacteria,Firmicutes,Clostridia,Lachnospirales,Lachnospiraceae,uncultured,None,0.009737098344693282
Bacteria,Bacteroidetes,Bacteroidia,Bacteroidales,Marinifilaceae,Sanguibacteroides,None,Bacteria,Firmicutes,Clostridia,Monoglobales,Monoglobaceae,Monoglobus,None,0.009737098344693282
Bacteria,Bacteroidetes,Bacteroidia,Bacteroidales,Marinifilaceae,Sanguibacteroides,None,Bacteria,Firmicutes,Clostridia,Oscillospirales,Butyricicoccaceae,Butyricicoccus,None,0.009737098344693282
Bacteria,Bacteroidetes,Bacteroidia,Bacteroidales,Marinifilaceae,Sanguibacteroides,None,Bacteria,Firmicutes,Clostridia,Oscillospirales,Hydrogenoanaerobacterium,None,None,0.008763388510223954
Bacteria,Bacteroidetes,Bacteroidia,Bacteroidales,Marinifilaceae,Sanguibacteroides,None,Bacteria,Firmicutes,Clostridia,Oscillospirales,Oscillospiraceae,Colidextribacter,None,0.009737098344693282
Bacteria,Bacteroidetes,Bacteroidia,Bacteroidales,Marinifilaceae,Sanguibacteroides,None,Bacteria,Firmicutes,Clostridia,Oscillospirales,Oscillospiraceae,Colidextribacter,metagenome,0.010710808179162609
Bacteria,Bacteroidetes,Bacteroidia,Bacteroidales,Marinifilaceae,Sanguibacteroides,None,Bacteria,Firmicutes,Clostridia,Oscillospirales,Oscillospiraceae,Flavonifractor,None,0.009737098344693282
Bacteria,Bacteroidetes,Bacteroidia,Bacteroidales,Marinifilaceae,Sanguibacteroides,None,Bacteria,Firmicutes,Clostridia,Oscillospirales,Oscillospiraceae,Intestinimonas,None,0.009737098344693282
Bacteria,Bacteroidetes,Bacteroidia,Bacteroidales,Marinifilaceae,Sanguibacteroides,None,Bacteria,Firmicutes,Clostridia,Oscillospirales,Oscillospiraceae,Intestinimonas,uncultured,0.010710808179162609
Bacteria,Bacteroidetes,Bacteroidia,Bacteroidales,Marinifilaceae,Sanguibacteroides,None,Bacteria,Firmicutes,Clostridia,Oscillospirales,Oscillospiraceae,NK4A214_group,None,0.009737098344693282
Bacteria,Bacteroidetes,Bacteroidia,Bacteroidales,Marinifilaceae,Sanguibacteroides,None,Bacteria,Firmicutes,Clostridia,Oscillospirales,Oscillospiraceae,Oscillibacter,None,0.009737098344693282
Bacteria,Bacteroidetes,Bacteroidia,Bacteroidales,Marinifilaceae,Sanguibacteroides,None,Bacteria,Firmicutes,Clostridia,Oscillospirales,Oscillospiraceae,Oscillibacter,metagenome,0.010710808179162609
Bacteria,Bacteroidetes,Bacteroidia,Bacteroidales,Marinifilaceae,Sanguibacteroides,None,Bacteria,Firmicutes,Clostridia,Oscillospirales,Oscillospiraceae,Oscillospira,None,0.009737098344693282
Bacteria,Bacteroidetes,Bacteroidia,Bacteroidales,Marinifilaceae,Sanguibacteroides,None,Bacteria,Firmicutes,Clostridia,Oscillospirales,Oscillospiraceae,UCG-002,None,0.009737098344693282
Bacteria,Bacteroidetes,Bacteroidia,Bacteroidales,Marinifilaceae,Sanguibacteroides,None,Bacteria,Firmicutes,Clostridia,Oscillospirales,Oscillospiraceae,UCG-003,None,0.009737098344693282
Bacteria,Bacteroidetes,Bacteroidia,Bacteroidales,Marinifilaceae,Sanguibacteroides,None,Bacteria,Firmicutes,Clostridia,Oscillospirales,Oscillospiraceae,UCG-005,None,0.009737098344693282
Bacteria,Bacteroidetes,Bacteroidia,Bacteroidales,Marinifilaceae,Sanguibacteroides,None,Bacteria,Firmicutes,Clostridia,Oscillospirales,Oscillospiraceae,UCG-005,metagenome,0.010710808179162609
Bacteria,Bacteroidetes,Bacteroidia,Bacteroidales,Marinifilaceae,Sanguibacteroides,None,Bacteria,Firmicutes,Clostridia,Oscillospirales,Oscillospiraceae,UCG-005,uncultured_Clostridiales_bacterium,0.010710808179162609
Bacteria,Bacteroidetes,Bacteroidia,Bacteroidales,Marinifilaceae,Sanguibacteroides,None,Bacteria,Firmicutes,Clostridia,Oscillospirales,Oscillospiraceae,UCG-005,uncultured_rumen_bacterium,0.010710808179162609
Bacteria,Bacteroidetes,Bacteroidia,Bacteroidales,Marinifilaceae,Sanguibacteroides,None,Bacteria,Firmicutes,Clostridia,Oscillospirales,Oscillospiraceae,None,None,0.008763388510223954
Bacteria,Bacteroidetes,Bacteroidia,Bacteroidales,Marinifilaceae,Sanguibacteroides,None,Bacteria,Firmicutes,Clostridia,Oscillospirales,Oscillospiraceae,uncultured,metagenome,0.010710808179162609
Bacteria,Bacteroidetes,Bacteroidia,Bacteroidales,Marinifilaceae,Sanguibacteroides,None,Bacteria,Firmicutes,Clostridia,Oscillospirales,Oscillospiraceae,uncultured,unidentified,0.010710808179162609
Bacteria,Bacteroidetes,Bacteroidia,Bacteroidales,Marinifilaceae,Sanguibacteroides,None,Bacteria,Firmicutes,Clostridia,Oscillospirales,Ruminococcaceae,Anaerofilum,uncultured_Firmicutes_bacterium,0.010710808179162609
Bacteria,Bacteroidetes,Bacteroidia,Bacteroidales,Marinifilaceae,Sanguibacteroides,None,Bacteria,Firmicutes,Clostridia,Oscillospirales,Ruminococcaceae,Anaerotruncus,Anaerotruncus_rubiinfantis,0.010710808179162609
Bacteria,Bacteroidetes,Bacteroidia,Bacteroidales,Marinifilaceae,Sanguibacteroides,None,Bacteria,Firmicutes,Clostridia,Oscillospirales,Ruminococcaceae,Anaerotruncus,Anaerotruncus_sp._NML_070203,0.010710808179162609
Bacteria,Bacteroidetes,Bacteroidia,Bacteroidales,Marinifilaceae,Sanguibacteroides,None,Bacteria,Firmicutes,Clostridia,Oscillospirales,Ruminococcaceae,Candidatus_Soleaferrea,Neobitarella_massiliensis,0.010710808179162609
Bacteria,Bacteroidetes,Bacteroidia,Bacteroidales,Marinifilaceae,Sanguibacteroides,None,Bacteria,Firmicutes,Clostridia,Oscillospirales,Ruminococcaceae,Candidatus_Soleaferrea,None,0.009737098344693282
Bacteria,Bacteroidetes,Bacteroidia,Bacteroidales,Marinifilaceae,Sanguibacteroides,None,Bacteria,Firmicutes,Clostridia,Oscillospirales,Ruminococcaceae,DTU089,None,0.009737098344693282
Bacteria,Bacteroidetes,Bacteroidia,Bacteroidales,Marinifilaceae,Sanguibacteroides,None,Bacteria,Firmicutes,Clostridia,Oscillospirales,Ruminococcaceae,Faecalibacterium,None,0.009737098344693282
Bacteria,Bacteroidetes,Bacteroidia,Bacteroidales,Marinifilaceae,Sanguibacteroides,None,Bacteria,Firmicutes,Clostridia,Oscillospirales,Ruminococcaceae,Fournierella,uncultured_organism,0.010710808179162609
Bacteria,Bacteroidetes,Bacteroidia,Bacteroidales,Marinifilaceae,Sanguibacteroides,None,Bacteria,Firmicutes,Clostridia,Oscillospirales,Ruminococcaceae,Incertae_Sedis,metagenome,0.010710808179162609
Bacteria,Bacteroidetes,Bacteroidia,Bacteroidales,Marinifilaceae,Sanguibacteroides,None,Bacteria,Firmicutes,Clostridia,Oscillospirales,Ruminococcaceae,Incertae_Sedis,None,0.009737098344693282
Bacteria,Bacteroidetes,Bacteroidia,Bacteroidales,Marinifilaceae,Sanguibacteroides,None,Bacteria,Firmicutes,Clostridia,Oscillospirales,Ruminococcaceae,Negativibacillus,None,0.009737098344693282
Bacteria,Bacteroidetes,Bacteroidia,Bacteroidales,Marinifilaceae,Sanguibacteroides,None,Bacteria,Firmicutes,Clostridia,Oscillospirales,Ruminococcaceae,Ruminococcus,Ruminococcus_champanellensis,0.010710808179162609
Bacteria,Bacteroidetes,Bacteroidia,Bacteroidales,Marinifilaceae,Sanguibacteroides,None,Bacteria,Firmicutes,Clostridia,Oscillospirales,Ruminococcaceae,Ruminococcus,None,0.009737098344693282
Bacteria,Bacteroidetes,Bacteroidia,Bacteroidales,Marinifilaceae,Sanguibacteroides,None,Bacteria,Firmicutes,Clostridia,Oscillospirales,Ruminococcaceae,Subdoligranulum,None,0.009737098344693282
Bacteria,Bacteroidetes,Bacteroidia,Bacteroidales,Marinifilaceae,Sanguibacteroides,None,Bacteria,Firmicutes,Clostridia,Oscillospirales,Ruminococcaceae,UBA1819,None,0.009737098344693282
Bacteria,Bacteroidetes,Bacteroidia,Bacteroidales,Marinifilaceae,Sanguibacteroides,None,Bacteria,Firmicutes,Clostridia,Oscillospirales,Ruminococcaceae,Eubacterium_siraeum_group,None,0.009737098344693282
Bacteria,Bacteroidetes,Bacteroidia,Bacteroidales,Marinifilaceae,Sanguibacteroides,None,Bacteria,Firmicutes,Clostridia,Oscillospirales,Ruminococcaceae,None,None,0.008763388510223954
Bacteria,Bacteroidetes,Bacteroidia,Bacteroidales,Marinifilaceae,Sanguibacteroides,None,Bacteria,Firmicutes,Clostridia,Oscillospirales,UCG-010,None,None,0.008763388510223954
Bacteria,Bacteroidetes,Bacteroidia,Bacteroidales,Marinifilaceae,Sanguibacteroides,None,Bacteria,Firmicutes,Clostridia,Oscillospirales,UCG-010,metagenome,None,0.009737098344693282
Bacteria,Bacteroidetes,Bacteroidia,Bacteroidales,Marinifilaceae,Sanguibacteroides,None,Bacteria,Firmicutes,Clostridia,Oscillospirales,UCG-010,uncultured_bacterium,None,0.009737098344693282
Bacteria,Bacteroidetes,Bacteroidia,Bacteroidales,Marinifilaceae,Sanguibacteroides,None,Bacteria,Firmicutes,Clostridia,Oscillospirales,UCG-010,uncultured_organism,None,0.009737098344693282
Bacteria,Bacteroidetes,Bacteroidia,Bacteroidales,Marinifilaceae,Sanguibacteroides,None,Bacteria,Firmicutes,Clostridia,Oscillospirales,Clostridium_methylpentosum_group,None,None,0.008763388510223954
Bacteria,Bacteroidetes,Bacteroidia,Bacteroidales,Marinifilaceae,Sanguibacteroides,None,Bacteria,Firmicutes,Clostridia,Oscillospirales,Eubacterium_coprostanoligenes_group,None,None,0.008763388510223954
Bacteria,Bacteroidetes,Bacteroidia,Bacteroidales,Marinifilaceae,Sanguibacteroides,None,Bacteria,Firmicutes,Clostridia,Oscillospirales,None,None,None,0.007789678675754625
Bacteria,Bacteroidetes,Bacteroidia,Bacteroidales,Marinifilaceae,Sanguibacteroides,None,Bacteria,Firmicutes,Clostridia,Peptococcales,Peptococcaceae,uncultured,None,0.009737098344693282
Bacteria,Bacteroidetes,Bacteroidia,Bacteroidales,Marinifilaceae,Sanguibacteroides,None,Bacteria,Firmicutes,Clostridia,Peptostreptococcales-Tissierellales,Anaerovoracaceae,Family_XIII_AD3011_group,metagenome,0.010710808179162609
Bacteria,Bacteroidetes,Bacteroidia,Bacteroidales,Marinifilaceae,Sanguibacteroides,None,Bacteria,Firmicutes,Clostridia,Peptostreptococcales-Tissierellales,Anaerovoracaceae,Family_XIII_AD3011_group,None,0.009737098344693282
Bacteria,Bacteroidetes,Bacteroidia,Bacteroidales,Marinifilaceae,Sanguibacteroides,None,Bacteria,Firmicutes,Clostridia,Peptostreptococcales-Tissierellales,Anaerovoracaceae,Family_XIII_AD3011_group,uncultured,0.010710808179162609
Bacteria,Bacteroidetes,Bacteroidia,Bacteroidales,Marinifilaceae,Sanguibacteroides,None,Bacteria,Firmicutes,Clostridia,Peptostreptococcales-Tissierellales,Anaerovoracaceae,Family_XIII_UCG-001,metagenome,0.010710808179162609
Bacteria,Bacteroidetes,Bacteroidia,Bacteroidales,Marinifilaceae,Sanguibacteroides,None,Bacteria,Firmicutes,Clostridia,Peptostreptococcales-Tissierellales,Anaerovoracaceae,Eubacterium_nodatum_group,None,0.009737098344693282
Bacteria,Bacteroidetes,Bacteroidia,Bacteroidales,Marinifilaceae,Sanguibacteroides,None,Bacteria,Firmicutes,Clostridia,Peptostreptococcales-Tissierellales,Anaerovoracaceae,None,None,0.008763388510223954
Bacteria,Bacteroidetes,Bacteroidia,Bacteroidales,Marinifilaceae,Sanguibacteroides,None,Bacteria,Firmicutes,Clostridia,Peptostreptococcales-Tissierellales,Parvimonas,None,None,0.008763388510223954
Bacteria,Bacteroidetes,Bacteroidia,Bacteroidales,Marinifilaceae,Sanguibacteroides,None,Bacteria,Firmicutes,Clostridia,None,None,None,None,0.006815968841285297
Bacteria,Bacteroidetes,Bacteroidia,Bacteroidales,Marinifilaceae,Sanguibacteroides,None,Bacteria,Firmicutes,Incertae_Sedis,DTU014,unidentified,None,None,0.008763388510223954
Bacteria,Bacteroidetes,Bacteroidia,Bacteroidales,Marinifilaceae,Sanguibacteroides,None,Bacteria,Firmicutes,Limnochordia,M55-D21,uncultured_compost_bacterium,None,None,0.008763388510223954
Bacteria,Bacteroidetes,Bacteroidia,Bacteroidales,Marinifilaceae,Sanguibacteroides,None,Bacteria,Firmicutes,Negativicutes,Acidaminococcales,Acidaminococcaceae,Phascolarctobacterium,None,0.009737098344693282
Bacteria,Bacteroidetes,Bacteroidia,Bacteroidales,Marinifilaceae,Sanguibacteroides,None,Bacteria,Firmicutes,None,None,None,None,None,0.005842259006815969
Bacteria,Bacteroidetes,Bacteroidia,Bacteroidales,Marinifilaceae,Sanguibacteroides,None,Bacteria,Firmicutes,uncultured,uncultured_Peptococcaceae_bacterium,None,None,None,0.007789678675754625
Bacteria,Bacteroidetes,Bacteroidia,Bacteroidales,Marinifilaceae,Sanguibacteroides,None,Bacteria,Proteobacteria,Alphaproteobacteria,Rhodospirillales,uncultured,None,None,0.008763388510223954
Bacteria,Bacteroidetes,Bacteroidia,Bacteroidales,Marinifilaceae,Sanguibacteroides,None,Bacteria,Proteobacteria,Gammaproteobacteria,Burkholderiales,Sutterellaceae,Sutterella,Sutterella_sp._252,0.010710808179162609
Bacteria,Bacteroidetes,Bacteroidia,Bacteroidales,Marinifilaceae,Sanguibacteroides,None,Bacteria,Proteobacteria,Gammaproteobacteria,Enterobacterales,Enterobacteriaceae,Escherichia-Shigella,None,0.009737098344693282
Bacteria,Bacteroidetes,Bacteroidia,Bacteroidales,Marinifilaceae,Sanguibacteroides,None,Bacteria,Proteobacteria,Gammaproteobacteria,Enterobacterales,Enterobacteriaceae,Klebsiella,None,0.009737098344693282
Bacteria,Bacteroidetes,Bacteroidia,Bacteroidales,Marinifilaceae,Sanguibacteroides,None,Bacteria,Proteobacteria,Gammaproteobacteria,Enterobacterales,Enterobacteriaceae,None,None,0.008763388510223954
Bacteria,Bacteroidetes,Bacteroidia,Bacteroidales,Marinifilaceae,Sanguibacteroides,None,Bacteria,Proteobacteria,Gammaproteobacteria,Pseudomonadales,Pseudomonadaceae,Pseudomonas,None,0.009737098344693282
Bacteria,Bacteroidetes,Bacteroidia,Bacteroidales,Marinifilaceae,Sanguibacteroides,None,Bacteria,Synergistota,Synergistia,Synergistales,Synergistaceae,Cloacibacillus,None,0.009737098344693282
Bacteria,Bacteroidetes,Bacteroidia,Bacteroidales,Marinifilaceae,Sanguibacteroides,None,Bacteria,Verrucomicrobiota,Verrucomicrobiae,Verrucomicrobiales,Akkermansiaceae,Akkermansia,None,0.009737098344693282
Bacteria,Bacteroidetes,Bacteroidia,Bacteroidales,Rikenellaceae,Alistipes,Alistipes_ihumii_AP11,Bacteria,Bacteroidetes,Bacteroidia,Bacteroidales,Rikenellaceae,Alistipes,Alistipes_sp._cv1,0.0019474196689386564
Bacteria,Bacteroidetes,Bacteroidia,Bacteroidales,Rikenellaceae,Alistipes,Alistipes_ihumii_AP11,Bacteria,Bacteroidetes,Bacteroidia,Bacteroidales,Rikenellaceae,Alistipes,Bacteroidetes_bacterium_Eg28,0.0019474196689386564
Bacteria,Bacteroidetes,Bacteroidia,Bacteroidales,Rikenellaceae,Alistipes,Alistipes_ihumii_AP11,Bacteria,Bacteroidetes,Bacteroidia,Bacteroidales,Rikenellaceae,Alistipes,None,0.0009737098344693282
Bacteria,Bacteroidetes,Bacteroidia,Bacteroidales,Rikenellaceae,Alistipes,Alistipes_ihumii_AP11,Bacteria,Bacteroidetes,Bacteroidia,Bacteroidales,Tannerellaceae,Parabacteroides,Parabacteroides_goldsteinii,0.005842259006815969
Bacteria,Bacteroidetes,Bacteroidia,Bacteroidales,Rikenellaceae,Alistipes,Alistipes_ihumii_AP11,Bacteria,Bacteroidetes,Bacteroidia,Bacteroidales,Tannerellaceae,Parabacteroides,None,0.004868549172346641
Bacteria,Bacteroidetes,Bacteroidia,Bacteroidales,Rikenellaceae,Alistipes,Alistipes_ihumii_AP11,Bacteria,Bacteroidetes,Bacteroidia,Flavobacteriales,Flavobacteriaceae,uncultured,metagenome,0.007789678675754625
Bacteria,Bacteroidetes,Bacteroidia,Bacteroidales,Rikenellaceae,Alistipes,Alistipes_ihumii_AP11,Bacteria,Cyanobacteria/Chloroplast,Cyanobacteria.XI,GpXI,None,None,None,0.008763388510223954
Bacteria,Bacteroidetes,Bacteroidia,Bacteroidales,Rikenellaceae,Alistipes,Alistipes_ihumii_AP11,Bacteria,Desulfobacterota,Desulfovibrionia,Desulfovibrionales,Desulfovibrionaceae,Desulfovibrio,None,0.010710808179162609
Bacteria,Bacteroidetes,Bacteroidia,Bacteroidales,Rikenellaceae,Alistipes,Alistipes_ihumii_AP11,Bacteria,Firmicutes,Bacilli,Erysipelotrichales,Erysipelatoclostridiaceae,Erysipelatoclostridium,Clostridium_spiroforme_DSM_1552,0.011684518013631937
Bacteria,Bacteroidetes,Bacteroidia,Bacteroidales,Rikenellaceae,Alistipes,Alistipes_ihumii_AP11,Bacteria,Firmicutes,Bacilli,Erysipelotrichales,Erysipelatoclostridiaceae,Erysipelatoclostridium,None,0.010710808179162609
Bacteria,Bacteroidetes,Bacteroidia,Bacteroidales,Rikenellaceae,Alistipes,Alistipes_ihumii_AP11,Bacteria,Firmicutes,Bacilli,Erysipelotrichales,Erysipelotrichaceae,Faecalitalea,None,0.010710808179162609
Bacteria,Bacteroidetes,Bacteroidia,Bacteroidales,Rikenellaceae,Alistipes,Alistipes_ihumii_AP11,Bacteria,Firmicutes,Bacilli,Erysipelotrichales,Erysipelotrichaceae,Holdemanella,None,0.010710808179162609
Bacteria,Bacteroidetes,Bacteroidia,Bacteroidales,Rikenellaceae,Alistipes,Alistipes_ihumii_AP11,Bacteria,Firmicutes,Bacilli,Erysipelotrichales,Erysipelotrichaceae,Holdemania,None,0.010710808179162609
Bacteria,Bacteroidetes,Bacteroidia,Bacteroidales,Rikenellaceae,Alistipes,Alistipes_ihumii_AP11,Bacteria,Firmicutes,Bacilli,Erysipelotrichales,Erysipelotrichaceae,Clostridium_innocuum_group,None,0.010710808179162609
Bacteria,Bacteroidetes,Bacteroidia,Bacteroidales,Rikenellaceae,Alistipes,Alistipes_ihumii_AP11,Bacteria,Firmicutes,Bacilli,Izemoplasmatales,human_gut_metagenome,None,None,0.009737098344693282
Bacteria,Bacteroidetes,Bacteroidia,Bacteroidales,Rikenellaceae,Alistipes,Alistipes_ihumii_AP11,Bacteria,Firmicutes,Bacilli,Lactobacillales,Lactobacillaceae,Lactobacillus,Lactobacillus_mucosae,0.011684518013631937
Bacteria,Bacteroidetes,Bacteroidia,Bacteroidales,Rikenellaceae,Alistipes,Alistipes_ihumii_AP11,Bacteria,Firmicutes,Bacilli,Lactobacillales,Streptococcaceae,Lactococcus,None,0.010710808179162609
Bacteria,Bacteroidetes,Bacteroidia,Bacteroidales,Rikenellaceae,Alistipes,Alistipes_ihumii_AP11,Bacteria,Firmicutes,Bacilli,Lactobacillales,Streptococcaceae,Streptococcus,Streptococcus_sp._oral_taxon_065,0.011684518013631937
Bacteria,Bacteroidetes,Bacteroidia,Bacteroidales,Rikenellaceae,Alistipes,Alistipes_ihumii_AP11,Bacteria,Firmicutes,Bacilli,Lactobacillales,Streptococcaceae,Streptococcus,None,0.010710808179162609
Bacteria,Bacteroidetes,Bacteroidia,Bacteroidales,Rikenellaceae,Alistipes,Alistipes_ihumii_AP11,Bacteria,Firmicutes,Clostridia,Christensenellales,Christensenellaceae,Christensenellaceae_R-7_group,Christensenella_sp._Marseille-P3954,0.011684518013631937
Bacteria,Bacteroidetes,Bacteroidia,Bacteroidales,Rikenellaceae,Alistipes,Alistipes_ihumii_AP11,Bacteria,Firmicutes,Clostridia,Christensenellales,Christensenellaceae,Christensenellaceae_R-7_group,Clostridiales_bacterium_Marseille-P2846,0.011684518013631937
Bacteria,Bacteroidetes,Bacteroidia,Bacteroidales,Rikenellaceae,Alistipes,Alistipes_ihumii_AP11,Bacteria,Firmicutes,Clostridia,Christensenellales,Christensenellaceae,Christensenellaceae_R-7_group,None,0.010710808179162609
Bacteria,Bacteroidetes,Bacteroidia,Bacteroidales,Rikenellaceae,Alistipes,Alistipes_ihumii_AP11,Bacteria,Firmicutes,Clostridia,Christensenellales,Christensenellaceae,Christensenellaceae_R-7_group,bacterium_YE57,0.011684518013631937
Bacteria,Bacteroidetes,Bacteroidia,Bacteroidales,Rikenellaceae,Alistipes,Alistipes_ihumii_AP11,Bacteria,Firmicutes,Clostridia,Christensenellales,Christensenellaceae,Christensenellaceae_R-7_group,metagenome,0.011684518013631937
Bacteria,Bacteroidetes,Bacteroidia,Bacteroidales,Rikenellaceae,Alistipes,Alistipes_ihumii_AP11,Bacteria,Firmicutes,Clostridia,Christensenellales,Christensenellaceae,Christensenellaceae_R-7_group,uncultured_Firmicutes_bacterium,0.011684518013631937
Bacteria,Bacteroidetes,Bacteroidia,Bacteroidales,Rikenellaceae,Alistipes,Alistipes_ihumii_AP11,Bacteria,Firmicutes,Clostridia,Christensenellales,Christensenellaceae,Christensenellaceae_R-7_group,uncultured_marine_bacterium,0.011684518013631937
Bacteria,Bacteroidetes,Bacteroidia,Bacteroidales,Rikenellaceae,Alistipes,Alistipes_ihumii_AP11,Bacteria,Firmicutes,Clostridia,Christensenellales,Christensenellaceae,Christensenellaceae_R-7_group,uncultured_organism,0.011684518013631937
Bacteria,Bacteroidetes,Bacteroidia,Bacteroidales,Rikenellaceae,Alistipes,Alistipes_ihumii_AP11,Bacteria,Firmicutes,Clostridia,Christensenellales,Christensenellaceae,None,None,0.009737098344693282
Bacteria,Bacteroidetes,Bacteroidia,Bacteroidales,Rikenellaceae,Alistipes,Alistipes_ihumii_AP11,Bacteria,Firmicutes,Clostridia,Clostridia_vadinBB60_group,metagenome,None,None,0.009737098344693282
Bacteria,Bacteroidetes,Bacteroidia,Bacteroidales,Rikenellaceae,Alistipes,Alistipes_ihumii_AP11,Bacteria,Firmicutes,Clostridia,Clostridia_vadinBB60_group,wastewater_metagenome,None,None,0.009737098344693282
Bacteria,Bacteroidetes,Bacteroidia,Bacteroidales,Rikenellaceae,Alistipes,Alistipes_ihumii_AP11,Bacteria,Firmicutes,Clostridia,Clostridiales,Christensenellaceae,Christensenella,PAC001427,0.011684518013631937
Bacteria,Bacteroidetes,Bacteroidia,Bacteroidales,Rikenellaceae,Alistipes,Alistipes_ihumii_AP11,Bacteria,Firmicutes,Clostridia,Clostridiales,Christensenellaceae,Christensenella,PAC002297,0.011684518013631937
Bacteria,Bacteroidetes,Bacteroidia,Bacteroidales,Rikenellaceae,Alistipes,Alistipes_ihumii_AP11,Bacteria,Firmicutes,Clostridia,Clostridiales,Christensenellaceae,PAC001115,PAC001444,0.011684518013631937
Bacteria,Bacteroidetes,Bacteroidia,Bacteroidales,Rikenellaceae,Alistipes,Alistipes_ihumii_AP11,Bacteria,Firmicutes,Clostridia,Clostridiales,Christensenellaceae,PAC001437,PAC001486,0.011684518013631937
Bacteria,Bacteroidetes,Bacteroidia,Bacteroidales,Rikenellaceae,Alistipes,Alistipes_ihumii_AP11,Bacteria,Firmicutes,Clostridia,Clostridiales,Christensenellaceae,PAC001437,PAC002305,0.011684518013631937
Bacteria,Bacteroidetes,Bacteroidia,Bacteroidales,Rikenellaceae,Alistipes,Alistipes_ihumii_AP11,Bacteria,Firmicutes,Clostridia,Clostridiales,Christensenellaceae,PAC002510,PAC002510,0.011684518013631937
Bacteria,Bacteroidetes,Bacteroidia,Bacteroidales,Rikenellaceae,Alistipes,Alistipes_ihumii_AP11,Bacteria,Firmicutes,Clostridia,Clostridiales,Dehalobacterium,PAC002141,PAC002141,0.011684518013631937
Bacteria,Bacteroidetes,Bacteroidia,Bacteroidales,Rikenellaceae,Alistipes,Alistipes_ihumii_AP11,Bacteria,Firmicutes,Clostridia,Clostridiales,Ruminococcaceae,PAC000742,PAC000742,0.011684518013631937
Bacteria,Bacteroidetes,Bacteroidia,Bacteroidales,Rikenellaceae,Alistipes,Alistipes_ihumii_AP11,Bacteria,Firmicutes,Clostridia,Clostridiales,Ruminococcaceae,PAC001144,PAC001620,0.011684518013631937
Bacteria,Bacteroidetes,Bacteroidia,Bacteroidales,Rikenellaceae,Alistipes,Alistipes_ihumii_AP11,Bacteria,Firmicutes,Clostridia,Clostridiales,Ruminococcaceae,PAC001313,PAC001649,0.011684518013631937
Bacteria,Bacteroidetes,Bacteroidia,Bacteroidales,Rikenellaceae,Alistipes,Alistipes_ihumii_AP11,Bacteria,Firmicutes,Clostridia,Clostridiales,Ruminococcaceae,PAC002201,PAC002201,0.011684518013631937
Bacteria,Bacteroidetes,Bacteroidia,Bacteroidales,Rikenellaceae,Alistipes,Alistipes_ihumii_AP11,Bacteria,Firmicutes,Clostridia,Eubacteriales,Eubacteriaceae,Eubacterium,None,0.010710808179162609
Bacteria,Bacteroidetes,Bacteroidia,Bacteroidales,Rikenellaceae,Alistipes,Alistipes_ihumii_AP11,Bacteria,Firmicutes,Clostridia,Lachnospirales,Lachnospiraceae,Agathobacter,None,0.010710808179162609
Bacteria,Bacteroidetes,Bacteroidia,Bacteroidales,Rikenellaceae,Alistipes,Alistipes_ihumii_AP11,Bacteria,Firmicutes,Clostridia,Lachnospirales,Lachnospiraceae,Anaerostipes,None,0.010710808179162609
Bacteria,Bacteroidetes,Bacteroidia,Bacteroidales,Rikenellaceae,Alistipes,Alistipes_ihumii_AP11,Bacteria,Firmicutes,Clostridia,Lachnospirales,Lachnospiraceae,Blautia,None,0.010710808179162609
Bacteria,Bacteroidetes,Bacteroidia,Bacteroidales,Rikenellaceae,Alistipes,Alistipes_ihumii_AP11,Bacteria,Firmicutes,Clostridia,Lachnospirales,Lachnospiraceae,Blautia,bacterium_mpn-isolate_group_20,0.011684518013631937
Bacteria,Bacteroidetes,Bacteroidia,Bacteroidales,Rikenellaceae,Alistipes,Alistipes_ihumii_AP11,Bacteria,Firmicutes,Clostridia,Lachnospirales,Lachnospiraceae,Blautia,uncultured_Blautia_sp.,0.011684518013631937
Bacteria,Bacteroidetes,Bacteroidia,Bacteroidales,Rikenellaceae,Alistipes,Alistipes_ihumii_AP11,Bacteria,Firmicutes,Clostridia,Lachnospirales,Lachnospiraceae,Coprococcus,None,0.010710808179162609
Bacteria,Bacteroidetes,Bacteroidia,Bacteroidales,Rikenellaceae,Alistipes,Alistipes_ihumii_AP11,Bacteria,Firmicutes,Clostridia,Lachnospirales,Lachnospiraceae,Coprococcus,uncultured_Coprococcus_sp.,0.011684518013631937
Bacteria,Bacteroidetes,Bacteroidia,Bacteroidales,Rikenellaceae,Alistipes,Alistipes_ihumii_AP11,Bacteria,Firmicutes,Clostridia,Lachnospirales,Lachnospiraceae,Dorea,None,0.010710808179162609
Bacteria,Bacteroidetes,Bacteroidia,Bacteroidales,Rikenellaceae,Alistipes,Alistipes_ihumii_AP11,Bacteria,Firmicutes,Clostridia,Lachnospirales,Lachnospiraceae,Eisenbergiella,None,0.010710808179162609
Bacteria,Bacteroidetes,Bacteroidia,Bacteroidales,Rikenellaceae,Alistipes,Alistipes_ihumii_AP11,Bacteria,Firmicutes,Clostridia,Lachnospirales,Lachnospiraceae,Frisingicoccus,None,0.010710808179162609
Bacteria,Bacteroidetes,Bacteroidia,Bacteroidales,Rikenellaceae,Alistipes,Alistipes_ihumii_AP11,Bacteria,Firmicutes,Clostridia,Lachnospirales,Lachnospiraceae,Fusicatenibacter,uncultured_Lachnospiraceae_bacterium,0.011684518013631937
Bacteria,Bacteroidetes,Bacteroidia,Bacteroidales,Rikenellaceae,Alistipes,Alistipes_ihumii_AP11,Bacteria,Firmicutes,Clostridia,Lachnospirales,Lachnospiraceae,GCA-900066575,None,0.010710808179162609
Bacteria,Bacteroidetes,Bacteroidia,Bacteroidales,Rikenellaceae,Alistipes,Alistipes_ihumii_AP11,Bacteria,Firmicutes,Clostridia,Lachnospirales,Lachnospiraceae,GCA-900066575,metagenome,0.011684518013631937
Bacteria,Bacteroidetes,Bacteroidia,Bacteroidales,Rikenellaceae,Alistipes,Alistipes_ihumii_AP11,Bacteria,Firmicutes,Clostridia,Lachnospirales,Lachnospiraceae,GCA-900066755,None,0.010710808179162609
Bacteria,Bacteroidetes,Bacteroidia,Bacteroidales,Rikenellaceae,Alistipes,Alistipes_ihumii_AP11,Bacteria,Firmicutes,Clostridia,Lachnospirales,Lachnospiraceae,Hungatella,metagenome,0.011684518013631937
Bacteria,Bacteroidetes,Bacteroidia,Bacteroidales,Rikenellaceae,Alistipes,Alistipes_ihumii_AP11,Bacteria,Firmicutes,Clostridia,Lachnospirales,Lachnospiraceae,Lachnoclostridium,Clostridium_symbiosum,0.011684518013631937
Bacteria,Bacteroidetes,Bacteroidia,Bacteroidales,Rikenellaceae,Alistipes,Alistipes_ihumii_AP11,Bacteria,Firmicutes,Clostridia,Lachnospirales,Lachnospiraceae,Lachnoclostridium,None,0.010710808179162609
Bacteria,Bacteroidetes,Bacteroidia,Bacteroidales,Rikenellaceae,Alistipes,Alistipes_ihumii_AP11,Bacteria,Firmicutes,Clostridia,Lachnospirales,Lachnospiraceae,Lachnoclostridium,uncultured_Lachnospiraceae_bacterium,0.011684518013631937
Bacteria,Bacteroidetes,Bacteroidia,Bacteroidales,Rikenellaceae,Alistipes,Alistipes_ihumii_AP11,Bacteria,Firmicutes,Clostridia,Lachnospirales,Lachnospiraceae,Lachnospiraceae_ND3007_group,metagenome,0.011684518013631937
Bacteria,Bacteroidetes,Bacteroidia,Bacteroidales,Rikenellaceae,Alistipes,Alistipes_ihumii_AP11,Bacteria,Firmicutes,Clostridia,Lachnospirales,Lachnospiraceae,Lachnospiraceae_NK4A136_group,None,0.010710808179162609
Bacteria,Bacteroidetes,Bacteroidia,Bacteroidales,Rikenellaceae,Alistipes,Alistipes_ihumii_AP11,Bacteria,Firmicutes,Clostridia,Lachnospirales,Lachnospiraceae,Lachnospiraceae_NK4A136_group,uncultured_Lachnospiraceae_bacterium,0.011684518013631937
Bacteria,Bacteroidetes,Bacteroidia,Bacteroidales,Rikenellaceae,Alistipes,Alistipes_ihumii_AP11,Bacteria,Firmicutes,Clostridia,Lachnospirales,Lachnospiraceae,Lachnospiraceae_NK4A136_group,uncultured_bacterium_Adhufec49.25,0.011684518013631937
Bacteria,Bacteroidetes,Bacteroidia,Bacteroidales,Rikenellaceae,Alistipes,Alistipes_ihumii_AP11,Bacteria,Firmicutes,Clostridia,Lachnospirales,Lachnospiraceae,Lachnospiraceae_NK4B4_group,None,0.010710808179162609
Bacteria,Bacteroidetes,Bacteroidia,Bacteroidales,Rikenellaceae,Alistipes,Alistipes_ihumii_AP11,Bacteria,Firmicutes,Clostridia,Lachnospirales,Lachnospiraceae,Lachnospiraceae_UCG-001,metagenome,0.011684518013631937
Bacteria,Bacteroidetes,Bacteroidia,Bacteroidales,Rikenellaceae,Alistipes,Alistipes_ihumii_AP11,Bacteria,Firmicutes,Clostridia,Lachnospirales,Lachnospiraceae,Lachnospiraceae_UCG-004,None,0.010710808179162609
Bacteria,Bacteroidetes,Bacteroidia,Bacteroidales,Rikenellaceae,Alistipes,Alistipes_ihumii_AP11,Bacteria,Firmicutes,Clostridia,Lachnospirales,Lachnospiraceae,Lachnospiraceae_UCG-008,metagenome,0.011684518013631937
Bacteria,Bacteroidetes,Bacteroidia,Bacteroidales,Rikenellaceae,Alistipes,Alistipes_ihumii_AP11,Bacteria,Firmicutes,Clostridia,Lachnospirales,Lachnospiraceae,Lachnospiraceae_UCG-010,None,0.010710808179162609
Bacteria,Bacteroidetes,Bacteroidia,Bacteroidales,Rikenellaceae,Alistipes,Alistipes_ihumii_AP11,Bacteria,Firmicutes,Clostridia,Lachnospirales,Lachnospiraceae,Marvinbryantia,None,0.010710808179162609
Bacteria,Bacteroidetes,Bacteroidia,Bacteroidales,Rikenellaceae,Alistipes,Alistipes_ihumii_AP11,Bacteria,Firmicutes,Clostridia,Lachnospirales,Lachnospiraceae,Marvinbryantia,unidentified,0.011684518013631937
Bacteria,Bacteroidetes,Bacteroidia,Bacteroidales,Rikenellaceae,Alistipes,Alistipes_ihumii_AP11,Bacteria,Firmicutes,Clostridia,Lachnospirales,Lachnospiraceae,Roseburia,None,0.010710808179162609
Bacteria,Bacteroidetes,Bacteroidia,Bacteroidales,Rikenellaceae,Alistipes,Alistipes_ihumii_AP11,Bacteria,Firmicutes,Clostridia,Lachnospirales,Lachnospiraceae,Roseburia,gut_metagenome,0.011684518013631937
Bacteria,Bacteroidetes,Bacteroidia,Bacteroidales,Rikenellaceae,Alistipes,Alistipes_ihumii_AP11,Bacteria,Firmicutes,Clostridia,Lachnospirales,Lachnospiraceae,Tuzzerella,None,0.010710808179162609
Bacteria,Bacteroidetes,Bacteroidia,Bacteroidales,Rikenellaceae,Alistipes,Alistipes_ihumii_AP11,Bacteria,Firmicutes,Clostridia,Lachnospirales,Lachnospiraceae,Tyzzerella,None,0.010710808179162609
Bacteria,Bacteroidetes,Bacteroidia,Bacteroidales,Rikenellaceae,Alistipes,Alistipes_ihumii_AP11,Bacteria,Firmicutes,Clostridia,Lachnospirales,Lachnospiraceae,Eubacterium_hallii_group,None,0.010710808179162609
Bacteria,Bacteroidetes,Bacteroidia,Bacteroidales,Rikenellaceae,Alistipes,Alistipes_ihumii_AP11,Bacteria,Firmicutes,Clostridia,Lachnospirales,Lachnospiraceae,Eubacterium_ventriosum_group,metagenome,0.011684518013631937
Bacteria,Bacteroidetes,Bacteroidia,Bacteroidales,Rikenellaceae,Alistipes,Alistipes_ihumii_AP11,Bacteria,Firmicutes,Clostridia,Lachnospirales,Lachnospiraceae,Ruminococcus_gauvreauii_group,uncultured_Lachnospiraceae_bacterium,0.011684518013631937
Bacteria,Bacteroidetes,Bacteroidia,Bacteroidales,Rikenellaceae,Alistipes,Alistipes_ihumii_AP11,Bacteria,Firmicutes,Clostridia,Lachnospirales,Lachnospiraceae,Ruminococcus_gnavus_group,None,0.010710808179162609
Bacteria,Bacteroidetes,Bacteroidia,Bacteroidales,Rikenellaceae,Alistipes,Alistipes_ihumii_AP11,Bacteria,Firmicutes,Clostridia,Lachnospirales,Lachnospiraceae,Ruminococcus_torques_group,Clostridiaceae_bacterium_LEMV78,0.011684518013631937
Bacteria,Bacteroidetes,Bacteroidia,Bacteroidales,Rikenellaceae,Alistipes,Alistipes_ihumii_AP11,Bacteria,Firmicutes,Clostridia,Lachnospirales,Lachnospiraceae,Ruminococcus_torques_group,None,0.010710808179162609
Bacteria,Bacteroidetes,Bacteroidia,Bacteroidales,Rikenellaceae,Alistipes,Alistipes_ihumii_AP11,Bacteria,Firmicutes,Clostridia,Lachnospirales,Lachnospiraceae,None,None,0.009737098344693282
Bacteria,Bacteroidetes,Bacteroidia,Bacteroidales,Rikenellaceae,Alistipes,Alistipes_ihumii_AP11,Bacteria,Firmicutes,Clostridia,Lachnospirales,Lachnospiraceae,uncultured,None,0.010710808179162609
Bacteria,Bacteroidetes,Bacteroidia,Bacteroidales,Rikenellaceae,Alistipes,Alistipes_ihumii_AP11,Bacteria,Firmicutes,Clostridia,Monoglobales,Monoglobaceae,Monoglobus,None,0.010710808179162609
Bacteria,Bacteroidetes,Bacteroidia,Bacteroidales,Rikenellaceae,Alistipes,Alistipes_ihumii_AP11,Bacteria,Firmicutes,Clostridia,Oscillospirales,Butyricicoccaceae,Butyricicoccus,None,0.010710808179162609
Bacteria,Bacteroidetes,Bacteroidia,Bacteroidales,Rikenellaceae,Alistipes,Alistipes_ihumii_AP11,Bacteria,Firmicutes,Clostridia,Oscillospirales,Hydrogenoanaerobacterium,None,None,0.009737098344693282
Bacteria,Bacteroidetes,Bacteroidia,Bacteroidales,Rikenellaceae,Alistipes,Alistipes_ihumii_AP11,Bacteria,Firmicutes,Clostridia,Oscillospirales,Oscillospiraceae,Colidextribacter,None,0.010710808179162609
Bacteria,Bacteroidetes,Bacteroidia,Bacteroidales,Rikenellaceae,Alistipes,Alistipes_ihumii_AP11,Bacteria,Firmicutes,Clostridia,Oscillospirales,Oscillospiraceae,Colidextribacter,metagenome,0.011684518013631937
Bacteria,Bacteroidetes,Bacteroidia,Bacteroidales,Rikenellaceae,Alistipes,Alistipes_ihumii_AP11,Bacteria,Firmicutes,Clostridia,Oscillospirales,Oscillospiraceae,Flavonifractor,None,0.010710808179162609
Bacteria,Bacteroidetes,Bacteroidia,Bacteroidales,Rikenellaceae,Alistipes,Alistipes_ihumii_AP11,Bacteria,Firmicutes,Clostridia,Oscillospirales,Oscillospiraceae,Intestinimonas,None,0.010710808179162609
Bacteria,Bacteroidetes,Bacteroidia,Bacteroidales,Rikenellaceae,Alistipes,Alistipes_ihumii_AP11,Bacteria,Firmicutes,Clostridia,Oscillospirales,Oscillospiraceae,Intestinimonas,uncultured,0.011684518013631937
Bacteria,Bacteroidetes,Bacteroidia,Bacteroidales,Rikenellaceae,Alistipes,Alistipes_ihumii_AP11,Bacteria,Firmicutes,Clostridia,Oscillospirales,Oscillospiraceae,NK4A214_group,None,0.010710808179162609
Bacteria,Bacteroidetes,Bacteroidia,Bacteroidales,Rikenellaceae,Alistipes,Alistipes_ihumii_AP11,Bacteria,Firmicutes,Clostridia,Oscillospirales,Oscillospiraceae,Oscillibacter,None,0.010710808179162609
Bacteria,Bacteroidetes,Bacteroidia,Bacteroidales,Rikenellaceae,Alistipes,Alistipes_ihumii_AP11,Bacteria,Firmicutes,Clostridia,Oscillospirales,Oscillospiraceae,Oscillibacter,metagenome,0.011684518013631937
Bacteria,Bacteroidetes,Bacteroidia,Bacteroidales,Rikenellaceae,Alistipes,Alistipes_ihumii_AP11,Bacteria,Firmicutes,Clostridia,Oscillospirales,Oscillospiraceae,Oscillospira,None,0.010710808179162609
Bacteria,Bacteroidetes,Bacteroidia,Bacteroidales,Rikenellaceae,Alistipes,Alistipes_ihumii_AP11,Bacteria,Firmicutes,Clostridia,Oscillospirales,Oscillospiraceae,UCG-002,None,0.010710808179162609
Bacteria,Bacteroidetes,Bacteroidia,Bacteroidales,Rikenellaceae,Alistipes,Alistipes_ihumii_AP11,Bacteria,Firmicutes,Clostridia,Oscillospirales,Oscillospiraceae,UCG-003,None,0.010710808179162609
Bacteria,Bacteroidetes,Bacteroidia,Bacteroidales,Rikenellaceae,Alistipes,Alistipes_ihumii_AP11,Bacteria,Firmicutes,Clostridia,Oscillospirales,Oscillospiraceae,UCG-005,None,0.010710808179162609
Bacteria,Bacteroidetes,Bacteroidia,Bacteroidales,Rikenellaceae,Alistipes,Alistipes_ihumii_AP11,Bacteria,Firmicutes,Clostridia,Oscillospirales,Oscillospiraceae,UCG-005,metagenome,0.011684518013631937
Bacteria,Bacteroidetes,Bacteroidia,Bacteroidales,Rikenellaceae,Alistipes,Alistipes_ihumii_AP11,Bacteria,Firmicutes,Clostridia,Oscillospirales,Oscillospiraceae,UCG-005,uncultured_Clostridiales_bacterium,0.011684518013631937
Bacteria,Bacteroidetes,Bacteroidia,Bacteroidales,Rikenellaceae,Alistipes,Alistipes_ihumii_AP11,Bacteria,Firmicutes,Clostridia,Oscillospirales,Oscillospiraceae,UCG-005,uncultured_rumen_bacterium,0.011684518013631937
Bacteria,Bacteroidetes,Bacteroidia,Bacteroidales,Rikenellaceae,Alistipes,Alistipes_ihumii_AP11,Bacteria,Firmicutes,Clostridia,Oscillospirales,Oscillospiraceae,None,None,0.009737098344693282
Bacteria,Bacteroidetes,Bacteroidia,Bacteroidales,Rikenellaceae,Alistipes,Alistipes_ihumii_AP11,Bacteria,Firmicutes,Clostridia,Oscillospirales,Oscillospiraceae,uncultured,metagenome,0.011684518013631937
Bacteria,Bacteroidetes,Bacteroidia,Bacteroidales,Rikenellaceae,Alistipes,Alistipes_ihumii_AP11,Bacteria,Firmicutes,Clostridia,Oscillospirales,Oscillospiraceae,uncultured,unidentified,0.011684518013631937
Bacteria,Bacteroidetes,Bacteroidia,Bacteroidales,Rikenellaceae,Alistipes,Alistipes_ihumii_AP11,Bacteria,Firmicutes,Clostridia,Oscillospirales,Ruminococcaceae,Anaerofilum,uncultured_Firmicutes_bacterium,0.011684518013631937
Bacteria,Bacteroidetes,Bacteroidia,Bacteroidales,Rikenellaceae,Alistipes,Alistipes_ihumii_AP11,Bacteria,Firmicutes,Clostridia,Oscillospirales,Ruminococcaceae,Anaerotruncus,Anaerotruncus_rubiinfantis,0.011684518013631937
Bacteria,Bacteroidetes,Bacteroidia,Bacteroidales,Rikenellaceae,Alistipes,Alistipes_ihumii_AP11,Bacteria,Firmicutes,Clostridia,Oscillospirales,Ruminococcaceae,Anaerotruncus,Anaerotruncus_sp._NML_070203,0.011684518013631937
Bacteria,Bacteroidetes,Bacteroidia,Bacteroidales,Rikenellaceae,Alistipes,Alistipes_ihumii_AP11,Bacteria,Firmicutes,Clostridia,Oscillospirales,Ruminococcaceae,Candidatus_Soleaferrea,Neobitarella_massiliensis,0.011684518013631937
Bacteria,Bacteroidetes,Bacteroidia,Bacteroidales,Rikenellaceae,Alistipes,Alistipes_ihumii_AP11,Bacteria,Firmicutes,Clostridia,Oscillospirales,Ruminococcaceae,Candidatus_Soleaferrea,None,0.010710808179162609
Bacteria,Bacteroidetes,Bacteroidia,Bacteroidales,Rikenellaceae,Alistipes,Alistipes_ihumii_AP11,Bacteria,Firmicutes,Clostridia,Oscillospirales,Ruminococcaceae,DTU089,None,0.010710808179162609
Bacteria,Bacteroidetes,Bacteroidia,Bacteroidales,Rikenellaceae,Alistipes,Alistipes_ihumii_AP11,Bacteria,Firmicutes,Clostridia,Oscillospirales,Ruminococcaceae,Faecalibacterium,None,0.010710808179162609
Bacteria,Bacteroidetes,Bacteroidia,Bacteroidales,Rikenellaceae,Alistipes,Alistipes_ihumii_AP11,Bacteria,Firmicutes,Clostridia,Oscillospirales,Ruminococcaceae,Fournierella,uncultured_organism,0.011684518013631937
Bacteria,Bacteroidetes,Bacteroidia,Bacteroidales,Rikenellaceae,Alistipes,Alistipes_ihumii_AP11,Bacteria,Firmicutes,Clostridia,Oscillospirales,Ruminococcaceae,Incertae_Sedis,metagenome,0.011684518013631937
Bacteria,Bacteroidetes,Bacteroidia,Bacteroidales,Rikenellaceae,Alistipes,Alistipes_ihumii_AP11,Bacteria,Firmicutes,Clostridia,Oscillospirales,Ruminococcaceae,Incertae_Sedis,None,0.010710808179162609
Bacteria,Bacteroidetes,Bacteroidia,Bacteroidales,Rikenellaceae,Alistipes,Alistipes_ihumii_AP11,Bacteria,Firmicutes,Clostridia,Oscillospirales,Ruminococcaceae,Negativibacillus,None,0.010710808179162609
Bacteria,Bacteroidetes,Bacteroidia,Bacteroidales,Rikenellaceae,Alistipes,Alistipes_ihumii_AP11,Bacteria,Firmicutes,Clostridia,Oscillospirales,Ruminococcaceae,Ruminococcus,Ruminococcus_champanellensis,0.011684518013631937
Bacteria,Bacteroidetes,Bacteroidia,Bacteroidales,Rikenellaceae,Alistipes,Alistipes_ihumii_AP11,Bacteria,Firmicutes,Clostridia,Oscillospirales,Ruminococcaceae,Ruminococcus,None,0.010710808179162609
Bacteria,Bacteroidetes,Bacteroidia,Bacteroidales,Rikenellaceae,Alistipes,Alistipes_ihumii_AP11,Bacteria,Firmicutes,Clostridia,Oscillospirales,Ruminococcaceae,Subdoligranulum,None,0.010710808179162609
Bacteria,Bacteroidetes,Bacteroidia,Bacteroidales,Rikenellaceae,Alistipes,Alistipes_ihumii_AP11,Bacteria,Firmicutes,Clostridia,Oscillospirales,Ruminococcaceae,UBA1819,None,0.010710808179162609
Bacteria,Bacteroidetes,Bacteroidia,Bacteroidales,Rikenellaceae,Alistipes,Alistipes_ihumii_AP11,Bacteria,Firmicutes,Clostridia,Oscillospirales,Ruminococcaceae,Eubacterium_siraeum_group,None,0.010710808179162609
Bacteria,Bacteroidetes,Bacteroidia,Bacteroidales,Rikenellaceae,Alistipes,Alistipes_ihumii_AP11,Bacteria,Firmicutes,Clostridia,Oscillospirales,Ruminococcaceae,None,None,0.009737098344693282
Bacteria,Bacteroidetes,Bacteroidia,Bacteroidales,Rikenellaceae,Alistipes,Alistipes_ihumii_AP11,Bacteria,Firmicutes,Clostridia,Oscillospirales,UCG-010,None,None,0.009737098344693282
Bacteria,Bacteroidetes,Bacteroidia,Bacteroidales,Rikenellaceae,Alistipes,Alistipes_ihumii_AP11,Bacteria,Firmicutes,Clostridia,Oscillospirales,UCG-010,metagenome,None,0.010710808179162609
Bacteria,Bacteroidetes,Bacteroidia,Bacteroidales,Rikenellaceae,Alistipes,Alistipes_ihumii_AP11,Bacteria,Firmicutes,Clostridia,Oscillospirales,UCG-010,uncultured_bacterium,None,0.010710808179162609
Bacteria,Bacteroidetes,Bacteroidia,Bacteroidales,Rikenellaceae,Alistipes,Alistipes_ihumii_AP11,Bacteria,Firmicutes,Clostridia,Oscillospirales,UCG-010,uncultured_organism,None,0.010710808179162609
Bacteria,Bacteroidetes,Bacteroidia,Bacteroidales,Rikenellaceae,Alistipes,Alistipes_ihumii_AP11,Bacteria,Firmicutes,Clostridia,Oscillospirales,Clostridium_methylpentosum_group,None,None,0.009737098344693282
Bacteria,Bacteroidetes,Bacteroidia,Bacteroidales,Rikenellaceae,Alistipes,Alistipes_ihumii_AP11,Bacteria,Firmicutes,Clostridia,Oscillospirales,Eubacterium_coprostanoligenes_group,None,None,0.009737098344693282
Bacteria,Bacteroidetes,Bacteroidia,Bacteroidales,Rikenellaceae,Alistipes,Alistipes_ihumii_AP11,Bacteria,Firmicutes,Clostridia,Oscillospirales,None,None,None,0.008763388510223954
Bacteria,Bacteroidetes,Bacteroidia,Bacteroidales,Rikenellaceae,Alistipes,Alistipes_ihumii_AP11,Bacteria,Firmicutes,Clostridia,Peptococcales,Peptococcaceae,uncultured,None,0.010710808179162609
Bacteria,Bacteroidetes,Bacteroidia,Bacteroidales,Rikenellaceae,Alistipes,Alistipes_ihumii_AP11,Bacteria,Firmicutes,Clostridia,Peptostreptococcales-Tissierellales,Anaerovoracaceae,Family_XIII_AD3011_group,metagenome,0.011684518013631937
Bacteria,Bacteroidetes,Bacteroidia,Bacteroidales,Rikenellaceae,Alistipes,Alistipes_ihumii_AP11,Bacteria,Firmicutes,Clostridia,Peptostreptococcales-Tissierellales,Anaerovoracaceae,Family_XIII_AD3011_group,None,0.010710808179162609
Bacteria,Bacteroidetes,Bacteroidia,Bacteroidales,Rikenellaceae,Alistipes,Alistipes_ihumii_AP11,Bacteria,Firmicutes,Clostridia,Peptostreptococcales-Tissierellales,Anaerovoracaceae,Family_XIII_AD3011_group,uncultured,0.011684518013631937
Bacteria,Bacteroidetes,Bacteroidia,Bacteroidales,Rikenellaceae,Alistipes,Alistipes_ihumii_AP11,Bacteria,Firmicutes,Clostridia,Peptostreptococcales-Tissierellales,Anaerovoracaceae,Family_XIII_UCG-001,metagenome,0.011684518013631937
Bacteria,Bacteroidetes,Bacteroidia,Bacteroidales,Rikenellaceae,Alistipes,Alistipes_ihumii_AP11,Bacteria,Firmicutes,Clostridia,Peptostreptococcales-Tissierellales,Anaerovoracaceae,Eubacterium_nodatum_group,None,0.010710808179162609
Bacteria,Bacteroidetes,Bacteroidia,Bacteroidales,Rikenellaceae,Alistipes,Alistipes_ihumii_AP11,Bacteria,Firmicutes,Clostridia,Peptostreptococcales-Tissierellales,Anaerovoracaceae,None,None,0.009737098344693282
Bacteria,Bacteroidetes,Bacteroidia,Bacteroidales,Rikenellaceae,Alistipes,Alistipes_ihumii_AP11,Bacteria,Firmicutes,Clostridia,Peptostreptococcales-Tissierellales,Parvimonas,None,None,0.009737098344693282
Bacteria,Bacteroidetes,Bacteroidia,Bacteroidales,Rikenellaceae,Alistipes,Alistipes_ihumii_AP11,Bacteria,Firmicutes,Clostridia,None,None,None,None,0.007789678675754625
Bacteria,Bacteroidetes,Bacteroidia,Bacteroidales,Rikenellaceae,Alistipes,Alistipes_ihumii_AP11,Bacteria,Firmicutes,Incertae_Sedis,DTU014,unidentified,None,None,0.009737098344693282
Bacteria,Bacteroidetes,Bacteroidia,Bacteroidales,Rikenellaceae,Alistipes,Alistipes_ihumii_AP11,Bacteria,Firmicutes,Limnochordia,M55-D21,uncultured_compost_bacterium,None,None,0.009737098344693282
Bacteria,Bacteroidetes,Bacteroidia,Bacteroidales,Rikenellaceae,Alistipes,Alistipes_ihumii_AP11,Bacteria,Firmicutes,Negativicutes,Acidaminococcales,Acidaminococcaceae,Phascolarctobacterium,None,0.010710808179162609
Bacteria,Bacteroidetes,Bacteroidia,Bacteroidales,Rikenellaceae,Alistipes,Alistipes_ihumii_AP11,Bacteria,Firmicutes,None,None,None,None,None,0.006815968841285297
Bacteria,Bacteroidetes,Bacteroidia,Bacteroidales,Rikenellaceae,Alistipes,Alistipes_ihumii_AP11,Bacteria,Firmicutes,uncultured,uncultured_Peptococcaceae_bacterium,None,None,None,0.008763388510223954
Bacteria,Bacteroidetes,Bacteroidia,Bacteroidales,Rikenellaceae,Alistipes,Alistipes_ihumii_AP11,Bacteria,Proteobacteria,Alphaproteobacteria,Rhodospirillales,uncultured,None,None,0.009737098344693282
Bacteria,Bacteroidetes,Bacteroidia,Bacteroidales,Rikenellaceae,Alistipes,Alistipes_ihumii_AP11,Bacteria,Proteobacteria,Gammaproteobacteria,Burkholderiales,Sutterellaceae,Sutterella,Sutterella_sp._252,0.011684518013631937
Bacteria,Bacteroidetes,Bacteroidia,Bacteroidales,Rikenellaceae,Alistipes,Alistipes_ihumii_AP11,Bacteria,Proteobacteria,Gammaproteobacteria,Enterobacterales,Enterobacteriaceae,Escherichia-Shigella,None,0.010710808179162609
Bacteria,Bacteroidetes,Bacteroidia,Bacteroidales,Rikenellaceae,Alistipes,Alistipes_ihumii_AP11,Bacteria,Proteobacteria,Gammaproteobacteria,Enterobacterales,Enterobacteriaceae,Klebsiella,None,0.010710808179162609
Bacteria,Bacteroidetes,Bacteroidia,Bacteroidales,Rikenellaceae,Alistipes,Alistipes_ihumii_AP11,Bacteria,Proteobacteria,Gammaproteobacteria,Enterobacterales,Enterobacteriaceae,None,None,0.009737098344693282
Bacteria,Bacteroidetes,Bacteroidia,Bacteroidales,Rikenellaceae,Alistipes,Alistipes_ihumii_AP11,Bacteria,Proteobacteria,Gammaproteobacteria,Pseudomonadales,Pseudomonadaceae,Pseudomonas,None,0.010710808179162609
Bacteria,Bacteroidetes,Bacteroidia,Bacteroidales,Rikenellaceae,Alistipes,Alistipes_ihumii_AP11,Bacteria,Synergistota,Synergistia,Synergistales,Synergistaceae,Cloacibacillus,None,0.010710808179162609
Bacteria,Bacteroidetes,Bacteroidia,Bacteroidales,Rikenellaceae,Alistipes,Alistipes_ihumii_AP11,Bacteria,Verrucomicrobiota,Verrucomicrobiae,Verrucomicrobiales,Akkermansiaceae,Akkermansia,None,0.010710808179162609
Bacteria,Bacteroidetes,Bacteroidia,Bacteroidales,Rikenellaceae,Alistipes,Alistipes_sp._cv1,Bacteria,Bacteroidetes,Bacteroidia,Bacteroidales,Rikenellaceae,Alistipes,Bacteroidetes_bacterium_Eg28,0.0019474196689386564
Bacteria,Bacteroidetes,Bacteroidia,Bacteroidales,Rikenellaceae,Alistipes,Alistipes_sp._cv1,Bacteria,Bacteroidetes,Bacteroidia,Bacteroidales,Rikenellaceae,Alistipes,None,0.0009737098344693282
Bacteria,Bacteroidetes,Bacteroidia,Bacteroidales,Rikenellaceae,Alistipes,Alistipes_sp._cv1,Bacteria,Bacteroidetes,Bacteroidia,Bacteroidales,Tannerellaceae,Parabacteroides,Parabacteroides_goldsteinii,0.005842259006815969
Bacteria,Bacteroidetes,Bacteroidia,Bacteroidales,Rikenellaceae,Alistipes,Alistipes_sp._cv1,Bacteria,Bacteroidetes,Bacteroidia,Bacteroidales,Tannerellaceae,Parabacteroides,None,0.004868549172346641
Bacteria,Bacteroidetes,Bacteroidia,Bacteroidales,Rikenellaceae,Alistipes,Alistipes_sp._cv1,Bacteria,Bacteroidetes,Bacteroidia,Flavobacteriales,Flavobacteriaceae,uncultured,metagenome,0.007789678675754625
Bacteria,Bacteroidetes,Bacteroidia,Bacteroidales,Rikenellaceae,Alistipes,Alistipes_sp._cv1,Bacteria,Cyanobacteria/Chloroplast,Cyanobacteria.XI,GpXI,None,None,None,0.008763388510223954
Bacteria,Bacteroidetes,Bacteroidia,Bacteroidales,Rikenellaceae,Alistipes,Alistipes_sp._cv1,Bacteria,Desulfobacterota,Desulfovibrionia,Desulfovibrionales,Desulfovibrionaceae,Desulfovibrio,None,0.010710808179162609
Bacteria,Bacteroidetes,Bacteroidia,Bacteroidales,Rikenellaceae,Alistipes,Alistipes_sp._cv1,Bacteria,Firmicutes,Bacilli,Erysipelotrichales,Erysipelatoclostridiaceae,Erysipelatoclostridium,Clostridium_spiroforme_DSM_1552,0.011684518013631937
Bacteria,Bacteroidetes,Bacteroidia,Bacteroidales,Rikenellaceae,Alistipes,Alistipes_sp._cv1,Bacteria,Firmicutes,Bacilli,Erysipelotrichales,Erysipelatoclostridiaceae,Erysipelatoclostridium,None,0.010710808179162609
Bacteria,Bacteroidetes,Bacteroidia,Bacteroidales,Rikenellaceae,Alistipes,Alistipes_sp._cv1,Bacteria,Firmicutes,Bacilli,Erysipelotrichales,Erysipelotrichaceae,Faecalitalea,None,0.010710808179162609
Bacteria,Bacteroidetes,Bacteroidia,Bacteroidales,Rikenellaceae,Alistipes,Alistipes_sp._cv1,Bacteria,Firmicutes,Bacilli,Erysipelotrichales,Erysipelotrichaceae,Holdemanella,None,0.010710808179162609
Bacteria,Bacteroidetes,Bacteroidia,Bacteroidales,Rikenellaceae,Alistipes,Alistipes_sp._cv1,Bacteria,Firmicutes,Bacilli,Erysipelotrichales,Erysipelotrichaceae,Holdemania,None,0.010710808179162609
Bacteria,Bacteroidetes,Bacteroidia,Bacteroidales,Rikenellaceae,Alistipes,Alistipes_sp._cv1,Bacteria,Firmicutes,Bacilli,Erysipelotrichales,Erysipelotrichaceae,Clostridium_innocuum_group,None,0.010710808179162609
Bacteria,Bacteroidetes,Bacteroidia,Bacteroidales,Rikenellaceae,Alistipes,Alistipes_sp._cv1,Bacteria,Firmicutes,Bacilli,Izemoplasmatales,human_gut_metagenome,None,None,0.009737098344693282
Bacteria,Bacteroidetes,Bacteroidia,Bacteroidales,Rikenellaceae,Alistipes,Alistipes_sp._cv1,Bacteria,Firmicutes,Bacilli,Lactobacillales,Lactobacillaceae,Lactobacillus,Lactobacillus_mucosae,0.011684518013631937
Bacteria,Bacteroidetes,Bacteroidia,Bacteroidales,Rikenellaceae,Alistipes,Alistipes_sp._cv1,Bacteria,Firmicutes,Bacilli,Lactobacillales,Streptococcaceae,Lactococcus,None,0.010710808179162609
Bacteria,Bacteroidetes,Bacteroidia,Bacteroidales,Rikenellaceae,Alistipes,Alistipes_sp._cv1,Bacteria,Firmicutes,Bacilli,Lactobacillales,Streptococcaceae,Streptococcus,Streptococcus_sp._oral_taxon_065,0.011684518013631937
Bacteria,Bacteroidetes,Bacteroidia,Bacteroidales,Rikenellaceae,Alistipes,Alistipes_sp._cv1,Bacteria,Firmicutes,Bacilli,Lactobacillales,Streptococcaceae,Streptococcus,None,0.010710808179162609
Bacteria,Bacteroidetes,Bacteroidia,Bacteroidales,Rikenellaceae,Alistipes,Alistipes_sp._cv1,Bacteria,Firmicutes,Clostridia,Christensenellales,Christensenellaceae,Christensenellaceae_R-7_group,Christensenella_sp._Marseille-P3954,0.011684518013631937
Bacteria,Bacteroidetes,Bacteroidia,Bacteroidales,Rikenellaceae,Alistipes,Alistipes_sp._cv1,Bacteria,Firmicutes,Clostridia,Christensenellales,Christensenellaceae,Christensenellaceae_R-7_group,Clostridiales_bacterium_Marseille-P2846,0.011684518013631937
Bacteria,Bacteroidetes,Bacteroidia,Bacteroidales,Rikenellaceae,Alistipes,Alistipes_sp._cv1,Bacteria,Firmicutes,Clostridia,Christensenellales,Christensenellaceae,Christensenellaceae_R-7_group,None,0.010710808179162609
Bacteria,Bacteroidetes,Bacteroidia,Bacteroidales,Rikenellaceae,Alistipes,Alistipes_sp._cv1,Bacteria,Firmicutes,Clostridia,Christensenellales,Christensenellaceae,Christensenellaceae_R-7_group,bacterium_YE57,0.011684518013631937
Bacteria,Bacteroidetes,Bacteroidia,Bacteroidales,Rikenellaceae,Alistipes,Alistipes_sp._cv1,Bacteria,Firmicutes,Clostridia,Christensenellales,Christensenellaceae,Christensenellaceae_R-7_group,metagenome,0.011684518013631937
Bacteria,Bacteroidetes,Bacteroidia,Bacteroidales,Rikenellaceae,Alistipes,Alistipes_sp._cv1,Bacteria,Firmicutes,Clostridia,Christensenellales,Christensenellaceae,Christensenellaceae_R-7_group,uncultured_Firmicutes_bacterium,0.011684518013631937
Bacteria,Bacteroidetes,Bacteroidia,Bacteroidales,Rikenellaceae,Alistipes,Alistipes_sp._cv1,Bacteria,Firmicutes,Clostridia,Christensenellales,Christensenellaceae,Christensenellaceae_R-7_group,uncultured_marine_bacterium,0.011684518013631937
Bacteria,Bacteroidetes,Bacteroidia,Bacteroidales,Rikenellaceae,Alistipes,Alistipes_sp._cv1,Bacteria,Firmicutes,Clostridia,Christensenellales,Christensenellaceae,Christensenellaceae_R-7_group,uncultured_organism,0.011684518013631937
Bacteria,Bacteroidetes,Bacteroidia,Bacteroidales,Rikenellaceae,Alistipes,Alistipes_sp._cv1,Bacteria,Firmicutes,Clostridia,Christensenellales,Christensenellaceae,None,None,0.009737098344693282
Bacteria,Bacteroidetes,Bacteroidia,Bacteroidales,Rikenellaceae,Alistipes,Alistipes_sp._cv1,Bacteria,Firmicutes,Clostridia,Clostridia_vadinBB60_group,metagenome,None,None,0.009737098344693282
Bacteria,Bacteroidetes,Bacteroidia,Bacteroidales,Rikenellaceae,Alistipes,Alistipes_sp._cv1,Bacteria,Firmicutes,Clostridia,Clostridia_vadinBB60_group,wastewater_metagenome,None,None,0.009737098344693282
Bacteria,Bacteroidetes,Bacteroidia,Bacteroidales,Rikenellaceae,Alistipes,Alistipes_sp._cv1,Bacteria,Firmicutes,Clostridia,Clostridiales,Christensenellaceae,Christensenella,PAC001427,0.011684518013631937
Bacteria,Bacteroidetes,Bacteroidia,Bacteroidales,Rikenellaceae,Alistipes,Alistipes_sp._cv1,Bacteria,Firmicutes,Clostridia,Clostridiales,Christensenellaceae,Christensenella,PAC002297,0.011684518013631937
Bacteria,Bacteroidetes,Bacteroidia,Bacteroidales,Rikenellaceae,Alistipes,Alistipes_sp._cv1,Bacteria,Firmicutes,Clostridia,Clostridiales,Christensenellaceae,PAC001115,PAC001444,0.011684518013631937
Bacteria,Bacteroidetes,Bacteroidia,Bacteroidales,Rikenellaceae,Alistipes,Alistipes_sp._cv1,Bacteria,Firmicutes,Clostridia,Clostridiales,Christensenellaceae,PAC001437,PAC001486,0.011684518013631937
Bacteria,Bacteroidetes,Bacteroidia,Bacteroidales,Rikenellaceae,Alistipes,Alistipes_sp._cv1,Bacteria,Firmicutes,Clostridia,Clostridiales,Christensenellaceae,PAC001437,PAC002305,0.011684518013631937
Bacteria,Bacteroidetes,Bacteroidia,Bacteroidales,Rikenellaceae,Alistipes,Alistipes_sp._cv1,Bacteria,Firmicutes,Clostridia,Clostridiales,Christensenellaceae,PAC002510,PAC002510,0.011684518013631937
Bacteria,Bacteroidetes,Bacteroidia,Bacteroidales,Rikenellaceae,Alistipes,Alistipes_sp._cv1,Bacteria,Firmicutes,Clostridia,Clostridiales,Dehalobacterium,PAC002141,PAC002141,0.011684518013631937
Bacteria,Bacteroidetes,Bacteroidia,Bacteroidales,Rikenellaceae,Alistipes,Alistipes_sp._cv1,Bacteria,Firmicutes,Clostridia,Clostridiales,Ruminococcaceae,PAC000742,PAC000742,0.011684518013631937
Bacteria,Bacteroidetes,Bacteroidia,Bacteroidales,Rikenellaceae,Alistipes,Alistipes_sp._cv1,Bacteria,Firmicutes,Clostridia,Clostridiales,Ruminococcaceae,PAC001144,PAC001620,0.011684518013631937
Bacteria,Bacteroidetes,Bacteroidia,Bacteroidales,Rikenellaceae,Alistipes,Alistipes_sp._cv1,Bacteria,Firmicutes,Clostridia,Clostridiales,Ruminococcaceae,PAC001313,PAC001649,0.011684518013631937
Bacteria,Bacteroidetes,Bacteroidia,Bacteroidales,Rikenellaceae,Alistipes,Alistipes_sp._cv1,Bacteria,Firmicutes,Clostridia,Clostridiales,Ruminococcaceae,PAC002201,PAC002201,0.011684518013631937
Bacteria,Bacteroidetes,Bacteroidia,Bacteroidales,Rikenellaceae,Alistipes,Alistipes_sp._cv1,Bacteria,Firmicutes,Clostridia,Eubacteriales,Eubacteriaceae,Eubacterium,None,0.010710808179162609
Bacteria,Bacteroidetes,Bacteroidia,Bacteroidales,Rikenellaceae,Alistipes,Alistipes_sp._cv1,Bacteria,Firmicutes,Clostridia,Lachnospirales,Lachnospiraceae,Agathobacter,None,0.010710808179162609
Bacteria,Bacteroidetes,Bacteroidia,Bacteroidales,Rikenellaceae,Alistipes,Alistipes_sp._cv1,Bacteria,Firmicutes,Clostridia,Lachnospirales,Lachnospiraceae,Anaerostipes,None,0.010710808179162609
Bacteria,Bacteroidetes,Bacteroidia,Bacteroidales,Rikenellaceae,Alistipes,Alistipes_sp._cv1,Bacteria,Firmicutes,Clostridia,Lachnospirales,Lachnospiraceae,Blautia,None,0.010710808179162609
Bacteria,Bacteroidetes,Bacteroidia,Bacteroidales,Rikenellaceae,Alistipes,Alistipes_sp._cv1,Bacteria,Firmicutes,Clostridia,Lachnospirales,Lachnospiraceae,Blautia,bacterium_mpn-isolate_group_20,0.011684518013631937
Bacteria,Bacteroidetes,Bacteroidia,Bacteroidales,Rikenellaceae,Alistipes,Alistipes_sp._cv1,Bacteria,Firmicutes,Clostridia,Lachnospirales,Lachnospiraceae,Blautia,uncultured_Blautia_sp.,0.011684518013631937
Bacteria,Bacteroidetes,Bacteroidia,Bacteroidales,Rikenellaceae,Alistipes,Alistipes_sp._cv1,Bacteria,Firmicutes,Clostridia,Lachnospirales,Lachnospiraceae,Coprococcus,None,0.010710808179162609
Bacteria,Bacteroidetes,Bacteroidia,Bacteroidales,Rikenellaceae,Alistipes,Alistipes_sp._cv1,Bacteria,Firmicutes,Clostridia,Lachnospirales,Lachnospiraceae,Coprococcus,uncultured_Coprococcus_sp.,0.011684518013631937
Bacteria,Bacteroidetes,Bacteroidia,Bacteroidales,Rikenellaceae,Alistipes,Alistipes_sp._cv1,Bacteria,Firmicutes,Clostridia,Lachnospirales,Lachnospiraceae,Dorea,None,0.010710808179162609
Bacteria,Bacteroidetes,Bacteroidia,Bacteroidales,Rikenellaceae,Alistipes,Alistipes_sp._cv1,Bacteria,Firmicutes,Clostridia,Lachnospirales,Lachnospiraceae,Eisenbergiella,None,0.010710808179162609
Bacteria,Bacteroidetes,Bacteroidia,Bacteroidales,Rikenellaceae,Alistipes,Alistipes_sp._cv1,Bacteria,Firmicutes,Clostridia,Lachnospirales,Lachnospiraceae,Frisingicoccus,None,0.010710808179162609
Bacteria,Bacteroidetes,Bacteroidia,Bacteroidales,Rikenellaceae,Alistipes,Alistipes_sp._cv1,Bacteria,Firmicutes,Clostridia,Lachnospirales,Lachnospiraceae,Fusicatenibacter,uncultured_Lachnospiraceae_bacterium,0.011684518013631937
Bacteria,Bacteroidetes,Bacteroidia,Bacteroidales,Rikenellaceae,Alistipes,Alistipes_sp._cv1,Bacteria,Firmicutes,Clostridia,Lachnospirales,Lachnospiraceae,GCA-900066575,None,0.010710808179162609
Bacteria,Bacteroidetes,Bacteroidia,Bacteroidales,Rikenellaceae,Alistipes,Alistipes_sp._cv1,Bacteria,Firmicutes,Clostridia,Lachnospirales,Lachnospiraceae,GCA-900066575,metagenome,0.011684518013631937
Bacteria,Bacteroidetes,Bacteroidia,Bacteroidales,Rikenellaceae,Alistipes,Alistipes_sp._cv1,Bacteria,Firmicutes,Clostridia,Lachnospirales,Lachnospiraceae,GCA-900066755,None,0.010710808179162609
Bacteria,Bacteroidetes,Bacteroidia,Bacteroidales,Rikenellaceae,Alistipes,Alistipes_sp._cv1,Bacteria,Firmicutes,Clostridia,Lachnospirales,Lachnospiraceae,Hungatella,metagenome,0.011684518013631937
Bacteria,Bacteroidetes,Bacteroidia,Bacteroidales,Rikenellaceae,Alistipes,Alistipes_sp._cv1,Bacteria,Firmicutes,Clostridia,Lachnospirales,Lachnospiraceae,Lachnoclostridium,Clostridium_symbiosum,0.011684518013631937
Bacteria,Bacteroidetes,Bacteroidia,Bacteroidales,Rikenellaceae,Alistipes,Alistipes_sp._cv1,Bacteria,Firmicutes,Clostridia,Lachnospirales,Lachnospiraceae,Lachnoclostridium,None,0.010710808179162609
Bacteria,Bacteroidetes,Bacteroidia,Bacteroidales,Rikenellaceae,Alistipes,Alistipes_sp._cv1,Bacteria,Firmicutes,Clostridia,Lachnospirales,Lachnospiraceae,Lachnoclostridium,uncultured_Lachnospiraceae_bacterium,0.011684518013631937
Bacteria,Bacteroidetes,Bacteroidia,Bacteroidales,Rikenellaceae,Alistipes,Alistipes_sp._cv1,Bacteria,Firmicutes,Clostridia,Lachnospirales,Lachnospiraceae,Lachnospiraceae_ND3007_group,metagenome,0.011684518013631937
Bacteria,Bacteroidetes,Bacteroidia,Bacteroidales,Rikenellaceae,Alistipes,Alistipes_sp._cv1,Bacteria,Firmicutes,Clostridia,Lachnospirales,Lachnospiraceae,Lachnospiraceae_NK4A136_group,None,0.010710808179162609
Bacteria,Bacteroidetes,Bacteroidia,Bacteroidales,Rikenellaceae,Alistipes,Alistipes_sp._cv1,Bacteria,Firmicutes,Clostridia,Lachnospirales,Lachnospiraceae,Lachnospiraceae_NK4A136_group,uncultured_Lachnospiraceae_bacterium,0.011684518013631937
Bacteria,Bacteroidetes,Bacteroidia,Bacteroidales,Rikenellaceae,Alistipes,Alistipes_sp._cv1,Bacteria,Firmicutes,Clostridia,Lachnospirales,Lachnospiraceae,Lachnospiraceae_NK4A136_group,uncultured_bacterium_Adhufec49.25,0.011684518013631937
Bacteria,Bacteroidetes,Bacteroidia,Bacteroidales,Rikenellaceae,Alistipes,Alistipes_sp._cv1,Bacteria,Firmicutes,Clostridia,Lachnospirales,Lachnospiraceae,Lachnospiraceae_NK4B4_group,None,0.010710808179162609
Bacteria,Bacteroidetes,Bacteroidia,Bacteroidales,Rikenellaceae,Alistipes,Alistipes_sp._cv1,Bacteria,Firmicutes,Clostridia,Lachnospirales,Lachnospiraceae,Lachnospiraceae_UCG-001,metagenome,0.011684518013631937
Bacteria,Bacteroidetes,Bacteroidia,Bacteroidales,Rikenellaceae,Alistipes,Alistipes_sp._cv1,Bacteria,Firmicutes,Clostridia,Lachnospirales,Lachnospiraceae,Lachnospiraceae_UCG-004,None,0.010710808179162609
Bacteria,Bacteroidetes,Bacteroidia,Bacteroidales,Rikenellaceae,Alistipes,Alistipes_sp._cv1,Bacteria,Firmicutes,Clostridia,Lachnospirales,Lachnospiraceae,Lachnospiraceae_UCG-008,metagenome,0.011684518013631937
Bacteria,Bacteroidetes,Bacteroidia,Bacteroidales,Rikenellaceae,Alistipes,Alistipes_sp._cv1,Bacteria,Firmicutes,Clostridia,Lachnospirales,Lachnospiraceae,Lachnospiraceae_UCG-010,None,0.010710808179162609
Bacteria,Bacteroidetes,Bacteroidia,Bacteroidales,Rikenellaceae,Alistipes,Alistipes_sp._cv1,Bacteria,Firmicutes,Clostridia,Lachnospirales,Lachnospiraceae,Marvinbryantia,None,0.010710808179162609
Bacteria,Bacteroidetes,Bacteroidia,Bacteroidales,Rikenellaceae,Alistipes,Alistipes_sp._cv1,Bacteria,Firmicutes,Clostridia,Lachnospirales,Lachnospiraceae,Marvinbryantia,unidentified,0.011684518013631937
Bacteria,Bacteroidetes,Bacteroidia,Bacteroidales,Rikenellaceae,Alistipes,Alistipes_sp._cv1,Bacteria,Firmicutes,Clostridia,Lachnospirales,Lachnospiraceae,Roseburia,None,0.010710808179162609
Bacteria,Bacteroidetes,Bacteroidia,Bacteroidales,Rikenellaceae,Alistipes,Alistipes_sp._cv1,Bacteria,Firmicutes,Clostridia,Lachnospirales,Lachnospiraceae,Roseburia,gut_metagenome,0.011684518013631937
Bacteria,Bacteroidetes,Bacteroidia,Bacteroidales,Rikenellaceae,Alistipes,Alistipes_sp._cv1,Bacteria,Firmicutes,Clostridia,Lachnospirales,Lachnospiraceae,Tuzzerella,None,0.010710808179162609
Bacteria,Bacteroidetes,Bacteroidia,Bacteroidales,Rikenellaceae,Alistipes,Alistipes_sp._cv1,Bacteria,Firmicutes,Clostridia,Lachnospirales,Lachnospiraceae,Tyzzerella,None,0.010710808179162609
Bacteria,Bacteroidetes,Bacteroidia,Bacteroidales,Rikenellaceae,Alistipes,Alistipes_sp._cv1,Bacteria,Firmicutes,Clostridia,Lachnospirales,Lachnospiraceae,Eubacterium_hallii_group,None,0.010710808179162609
Bacteria,Bacteroidetes,Bacteroidia,Bacteroidales,Rikenellaceae,Alistipes,Alistipes_sp._cv1,Bacteria,Firmicutes,Clostridia,Lachnospirales,Lachnospiraceae,Eubacterium_ventriosum_group,metagenome,0.011684518013631937
Bacteria,Bacteroidetes,Bacteroidia,Bacteroidales,Rikenellaceae,Alistipes,Alistipes_sp._cv1,Bacteria,Firmicutes,Clostridia,Lachnospirales,Lachnospiraceae,Ruminococcus_gauvreauii_group,uncultured_Lachnospiraceae_bacterium,0.011684518013631937
Bacteria,Bacteroidetes,Bacteroidia,Bacteroidales,Rikenellaceae,Alistipes,Alistipes_sp._cv1,Bacteria,Firmicutes,Clostridia,Lachnospirales,Lachnospiraceae,Ruminococcus_gnavus_group,None,0.010710808179162609
Bacteria,Bacteroidetes,Bacteroidia,Bacteroidales,Rikenellaceae,Alistipes,Alistipes_sp._cv1,Bacteria,Firmicutes,Clostridia,Lachnospirales,Lachnospiraceae,Ruminococcus_torques_group,Clostridiaceae_bacterium_LEMV78,0.011684518013631937
Bacteria,Bacteroidetes,Bacteroidia,Bacteroidales,Rikenellaceae,Alistipes,Alistipes_sp._cv1,Bacteria,Firmicutes,Clostridia,Lachnospirales,Lachnospiraceae,Ruminococcus_torques_group,None,0.010710808179162609
Bacteria,Bacteroidetes,Bacteroidia,Bacteroidales,Rikenellaceae,Alistipes,Alistipes_sp._cv1,Bacteria,Firmicutes,Clostridia,Lachnospirales,Lachnospiraceae,None,None,0.009737098344693282
Bacteria,Bacteroidetes,Bacteroidia,Bacteroidales,Rikenellaceae,Alistipes,Alistipes_sp._cv1,Bacteria,Firmicutes,Clostridia,Lachnospirales,Lachnospiraceae,uncultured,None,0.010710808179162609
Bacteria,Bacteroidetes,Bacteroidia,Bacteroidales,Rikenellaceae,Alistipes,Alistipes_sp._cv1,Bacteria,Firmicutes,Clostridia,Monoglobales,Monoglobaceae,Monoglobus,None,0.010710808179162609
Bacteria,Bacteroidetes,Bacteroidia,Bacteroidales,Rikenellaceae,Alistipes,Alistipes_sp._cv1,Bacteria,Firmicutes,Clostridia,Oscillospirales,Butyricicoccaceae,Butyricicoccus,None,0.010710808179162609
Bacteria,Bacteroidetes,Bacteroidia,Bacteroidales,Rikenellaceae,Alistipes,Alistipes_sp._cv1,Bacteria,Firmicutes,Clostridia,Oscillospirales,Hydrogenoanaerobacterium,None,None,0.009737098344693282
Bacteria,Bacteroidetes,Bacteroidia,Bacteroidales,Rikenellaceae,Alistipes,Alistipes_sp._cv1,Bacteria,Firmicutes,Clostridia,Oscillospirales,Oscillospiraceae,Colidextribacter,None,0.010710808179162609
Bacteria,Bacteroidetes,Bacteroidia,Bacteroidales,Rikenellaceae,Alistipes,Alistipes_sp._cv1,Bacteria,Firmicutes,Clostridia,Oscillospirales,Oscillospiraceae,Colidextribacter,metagenome,0.011684518013631937
Bacteria,Bacteroidetes,Bacteroidia,Bacteroidales,Rikenellaceae,Alistipes,Alistipes_sp._cv1,Bacteria,Firmicutes,Clostridia,Oscillospirales,Oscillospiraceae,Flavonifractor,None,0.010710808179162609
Bacteria,Bacteroidetes,Bacteroidia,Bacteroidales,Rikenellaceae,Alistipes,Alistipes_sp._cv1,Bacteria,Firmicutes,Clostridia,Oscillospirales,Oscillospiraceae,Intestinimonas,None,0.010710808179162609
Bacteria,Bacteroidetes,Bacteroidia,Bacteroidales,Rikenellaceae,Alistipes,Alistipes_sp._cv1,Bacteria,Firmicutes,Clostridia,Oscillospirales,Oscillospiraceae,Intestinimonas,uncultured,0.011684518013631937
Bacteria,Bacteroidetes,Bacteroidia,Bacteroidales,Rikenellaceae,Alistipes,Alistipes_sp._cv1,Bacteria,Firmicutes,Clostridia,Oscillospirales,Oscillospiraceae,NK4A214_group,None,0.010710808179162609
Bacteria,Bacteroidetes,Bacteroidia,Bacteroidales,Rikenellaceae,Alistipes,Alistipes_sp._cv1,Bacteria,Firmicutes,Clostridia,Oscillospirales,Oscillospiraceae,Oscillibacter,None,0.010710808179162609
Bacteria,Bacteroidetes,Bacteroidia,Bacteroidales,Rikenellaceae,Alistipes,Alistipes_sp._cv1,Bacteria,Firmicutes,Clostridia,Oscillospirales,Oscillospiraceae,Oscillibacter,metagenome,0.011684518013631937
Bacteria,Bacteroidetes,Bacteroidia,Bacteroidales,Rikenellaceae,Alistipes,Alistipes_sp._cv1,Bacteria,Firmicutes,Clostridia,Oscillospirales,Oscillospiraceae,Oscillospira,None,0.010710808179162609
Bacteria,Bacteroidetes,Bacteroidia,Bacteroidales,Rikenellaceae,Alistipes,Alistipes_sp._cv1,Bacteria,Firmicutes,Clostridia,Oscillospirales,Oscillospiraceae,UCG-002,None,0.010710808179162609
Bacteria,Bacteroidetes,Bacteroidia,Bacteroidales,Rikenellaceae,Alistipes,Alistipes_sp._cv1,Bacteria,Firmicutes,Clostridia,Oscillospirales,Oscillospiraceae,UCG-003,None,0.010710808179162609
Bacteria,Bacteroidetes,Bacteroidia,Bacteroidales,Rikenellaceae,Alistipes,Alistipes_sp._cv1,Bacteria,Firmicutes,Clostridia,Oscillospirales,Oscillospiraceae,UCG-005,None,0.010710808179162609
Bacteria,Bacteroidetes,Bacteroidia,Bacteroidales,Rikenellaceae,Alistipes,Alistipes_sp._cv1,Bacteria,Firmicutes,Clostridia,Oscillospirales,Oscillospiraceae,UCG-005,metagenome,0.011684518013631937
Bacteria,Bacteroidetes,Bacteroidia,Bacteroidales,Rikenellaceae,Alistipes,Alistipes_sp._cv1,Bacteria,Firmicutes,Clostridia,Oscillospirales,Oscillospiraceae,UCG-005,uncultured_Clostridiales_bacterium,0.011684518013631937
Bacteria,Bacteroidetes,Bacteroidia,Bacteroidales,Rikenellaceae,Alistipes,Alistipes_sp._cv1,Bacteria,Firmicutes,Clostridia,Oscillospirales,Oscillospiraceae,UCG-005,uncultured_rumen_bacterium,0.011684518013631937
Bacteria,Bacteroidetes,Bacteroidia,Bacteroidales,Rikenellaceae,Alistipes,Alistipes_sp._cv1,Bacteria,Firmicutes,Clostridia,Oscillospirales,Oscillospiraceae,None,None,0.009737098344693282
Bacteria,Bacteroidetes,Bacteroidia,Bacteroidales,Rikenellaceae,Alistipes,Alistipes_sp._cv1,Bacteria,Firmicutes,Clostridia,Oscillospirales,Oscillospiraceae,uncultured,metagenome,0.011684518013631937
Bacteria,Bacteroidetes,Bacteroidia,Bacteroidales,Rikenellaceae,Alistipes,Alistipes_sp._cv1,Bacteria,Firmicutes,Clostridia,Oscillospirales,Oscillospiraceae,uncultured,unidentified,0.011684518013631937
Bacteria,Bacteroidetes,Bacteroidia,Bacteroidales,Rikenellaceae,Alistipes,Alistipes_sp._cv1,Bacteria,Firmicutes,Clostridia,Oscillospirales,Ruminococcaceae,Anaerofilum,uncultured_Firmicutes_bacterium,0.011684518013631937
Bacteria,Bacteroidetes,Bacteroidia,Bacteroidales,Rikenellaceae,Alistipes,Alistipes_sp._cv1,Bacteria,Firmicutes,Clostridia,Oscillospirales,Ruminococcaceae,Anaerotruncus,Anaerotruncus_rubiinfantis,0.011684518013631937
Bacteria,Bacteroidetes,Bacteroidia,Bacteroidales,Rikenellaceae,Alistipes,Alistipes_sp._cv1,Bacteria,Firmicutes,Clostridia,Oscillospirales,Ruminococcaceae,Anaerotruncus,Anaerotruncus_sp._NML_070203,0.011684518013631937
Bacteria,Bacteroidetes,Bacteroidia,Bacteroidales,Rikenellaceae,Alistipes,Alistipes_sp._cv1,Bacteria,Firmicutes,Clostridia,Oscillospirales,Ruminococcaceae,Candidatus_Soleaferrea,Neobitarella_massiliensis,0.011684518013631937
Bacteria,Bacteroidetes,Bacteroidia,Bacteroidales,Rikenellaceae,Alistipes,Alistipes_sp._cv1,Bacteria,Firmicutes,Clostridia,Oscillospirales,Ruminococcaceae,Candidatus_Soleaferrea,None,0.010710808179162609
Bacteria,Bacteroidetes,Bacteroidia,Bacteroidales,Rikenellaceae,Alistipes,Alistipes_sp._cv1,Bacteria,Firmicutes,Clostridia,Oscillospirales,Ruminococcaceae,DTU089,None,0.010710808179162609
Bacteria,Bacteroidetes,Bacteroidia,Bacteroidales,Rikenellaceae,Alistipes,Alistipes_sp._cv1,Bacteria,Firmicutes,Clostridia,Oscillospirales,Ruminococcaceae,Faecalibacterium,None,0.010710808179162609
Bacteria,Bacteroidetes,Bacteroidia,Bacteroidales,Rikenellaceae,Alistipes,Alistipes_sp._cv1,Bacteria,Firmicutes,Clostridia,Oscillospirales,Ruminococcaceae,Fournierella,uncultured_organism,0.011684518013631937
Bacteria,Bacteroidetes,Bacteroidia,Bacteroidales,Rikenellaceae,Alistipes,Alistipes_sp._cv1,Bacteria,Firmicutes,Clostridia,Oscillospirales,Ruminococcaceae,Incertae_Sedis,metagenome,0.011684518013631937
Bacteria,Bacteroidetes,Bacteroidia,Bacteroidales,Rikenellaceae,Alistipes,Alistipes_sp._cv1,Bacteria,Firmicutes,Clostridia,Oscillospirales,Ruminococcaceae,Incertae_Sedis,None,0.010710808179162609
Bacteria,Bacteroidetes,Bacteroidia,Bacteroidales,Rikenellaceae,Alistipes,Alistipes_sp._cv1,Bacteria,Firmicutes,Clostridia,Oscillospirales,Ruminococcaceae,Negativibacillus,None,0.010710808179162609
Bacteria,Bacteroidetes,Bacteroidia,Bacteroidales,Rikenellaceae,Alistipes,Alistipes_sp._cv1,Bacteria,Firmicutes,Clostridia,Oscillospirales,Ruminococcaceae,Ruminococcus,Ruminococcus_champanellensis,0.011684518013631937
Bacteria,Bacteroidetes,Bacteroidia,Bacteroidales,Rikenellaceae,Alistipes,Alistipes_sp._cv1,Bacteria,Firmicutes,Clostridia,Oscillospirales,Ruminococcaceae,Ruminococcus,None,0.010710808179162609
Bacteria,Bacteroidetes,Bacteroidia,Bacteroidales,Rikenellaceae,Alistipes,Alistipes_sp._cv1,Bacteria,Firmicutes,Clostridia,Oscillospirales,Ruminococcaceae,Subdoligranulum,None,0.010710808179162609
Bacteria,Bacteroidetes,Bacteroidia,Bacteroidales,Rikenellaceae,Alistipes,Alistipes_sp._cv1,Bacteria,Firmicutes,Clostridia,Oscillospirales,Ruminococcaceae,UBA1819,None,0.010710808179162609
Bacteria,Bacteroidetes,Bacteroidia,Bacteroidales,Rikenellaceae,Alistipes,Alistipes_sp._cv1,Bacteria,Firmicutes,Clostridia,Oscillospirales,Ruminococcaceae,Eubacterium_siraeum_group,None,0.010710808179162609
Bacteria,Bacteroidetes,Bacteroidia,Bacteroidales,Rikenellaceae,Alistipes,Alistipes_sp._cv1,Bacteria,Firmicutes,Clostridia,Oscillospirales,Ruminococcaceae,None,None,0.009737098344693282
Bacteria,Bacteroidetes,Bacteroidia,Bacteroidales,Rikenellaceae,Alistipes,Alistipes_sp._cv1,Bacteria,Firmicutes,Clostridia,Oscillospirales,UCG-010,None,None,0.009737098344693282
Bacteria,Bacteroidetes,Bacteroidia,Bacteroidales,Rikenellaceae,Alistipes,Alistipes_sp._cv1,Bacteria,Firmicutes,Clostridia,Oscillospirales,UCG-010,metagenome,None,0.010710808179162609
Bacteria,Bacteroidetes,Bacteroidia,Bacteroidales,Rikenellaceae,Alistipes,Alistipes_sp._cv1,Bacteria,Firmicutes,Clostridia,Oscillospirales,UCG-010,uncultured_bacterium,None,0.010710808179162609
Bacteria,Bacteroidetes,Bacteroidia,Bacteroidales,Rikenellaceae,Alistipes,Alistipes_sp._cv1,Bacteria,Firmicutes,Clostridia,Oscillospirales,UCG-010,uncultured_organism,None,0.010710808179162609
Bacteria,Bacteroidetes,Bacteroidia,Bacteroidales,Rikenellaceae,Alistipes,Alistipes_sp._cv1,Bacteria,Firmicutes,Clostridia,Oscillospirales,Clostridium_methylpentosum_group,None,None,0.009737098344693282
Bacteria,Bacteroidetes,Bacteroidia,Bacteroidales,Rikenellaceae,Alistipes,Alistipes_sp._cv1,Bacteria,Firmicutes,Clostridia,Oscillospirales,Eubacterium_coprostanoligenes_group,None,None,0.009737098344693282
Bacteria,Bacteroidetes,Bacteroidia,Bacteroidales,Rikenellaceae,Alistipes,Alistipes_sp._cv1,Bacteria,Firmicutes,Clostridia,Oscillospirales,None,None,None,0.008763388510223954
Bacteria,Bacteroidetes,Bacteroidia,Bacteroidales,Rikenellaceae,Alistipes,Alistipes_sp._cv1,Bacteria,Firmicutes,Clostridia,Peptococcales,Peptococcaceae,uncultured,None,0.010710808179162609
Bacteria,Bacteroidetes,Bacteroidia,Bacteroidales,Rikenellaceae,Alistipes,Alistipes_sp._cv1,Bacteria,Firmicutes,Clostridia,Peptostreptococcales-Tissierellales,Anaerovoracaceae,Family_XIII_AD3011_group,metagenome,0.011684518013631937
Bacteria,Bacteroidetes,Bacteroidia,Bacteroidales,Rikenellaceae,Alistipes,Alistipes_sp._cv1,Bacteria,Firmicutes,Clostridia,Peptostreptococcales-Tissierellales,Anaerovoracaceae,Family_XIII_AD3011_group,None,0.010710808179162609
Bacteria,Bacteroidetes,Bacteroidia,Bacteroidales,Rikenellaceae,Alistipes,Alistipes_sp._cv1,Bacteria,Firmicutes,Clostridia,Peptostreptococcales-Tissierellales,Anaerovoracaceae,Family_XIII_AD3011_group,uncultured,0.011684518013631937
Bacteria,Bacteroidetes,Bacteroidia,Bacteroidales,Rikenellaceae,Alistipes,Alistipes_sp._cv1,Bacteria,Firmicutes,Clostridia,Peptostreptococcales-Tissierellales,Anaerovoracaceae,Family_XIII_UCG-001,metagenome,0.011684518013631937
Bacteria,Bacteroidetes,Bacteroidia,Bacteroidales,Rikenellaceae,Alistipes,Alistipes_sp._cv1,Bacteria,Firmicutes,Clostridia,Peptostreptococcales-Tissierellales,Anaerovoracaceae,Eubacterium_nodatum_group,None,0.010710808179162609
Bacteria,Bacteroidetes,Bacteroidia,Bacteroidales,Rikenellaceae,Alistipes,Alistipes_sp._cv1,Bacteria,Firmicutes,Clostridia,Peptostreptococcales-Tissierellales,Anaerovoracaceae,None,None,0.009737098344693282
Bacteria,Bacteroidetes,Bacteroidia,Bacteroidales,Rikenellaceae,Alistipes,Alistipes_sp._cv1,Bacteria,Firmicutes,Clostridia,Peptostreptococcales-Tissierellales,Parvimonas,None,None,0.009737098344693282
Bacteria,Bacteroidetes,Bacteroidia,Bacteroidales,Rikenellaceae,Alistipes,Alistipes_sp._cv1,Bacteria,Firmicutes,Clostridia,None,None,None,None,0.007789678675754625
Bacteria,Bacteroidetes,Bacteroidia,Bacteroidales,Rikenellaceae,Alistipes,Alistipes_sp._cv1,Bacteria,Firmicutes,Incertae_Sedis,DTU014,unidentified,None,None,0.009737098344693282
Bacteria,Bacteroidetes,Bacteroidia,Bacteroidales,Rikenellaceae,Alistipes,Alistipes_sp._cv1,Bacteria,Firmicutes,Limnochordia,M55-D21,uncultured_compost_bacterium,None,None,0.009737098344693282
Bacteria,Bacteroidetes,Bacteroidia,Bacteroidales,Rikenellaceae,Alistipes,Alistipes_sp._cv1,Bacteria,Firmicutes,Negativicutes,Acidaminococcales,Acidaminococcaceae,Phascolarctobacterium,None,0.010710808179162609
Bacteria,Bacteroidetes,Bacteroidia,Bacteroidales,Rikenellaceae,Alistipes,Alistipes_sp._cv1,Bacteria,Firmicutes,None,None,None,None,None,0.006815968841285297
Bacteria,Bacteroidetes,Bacteroidia,Bacteroidales,Rikenellaceae,Alistipes,Alistipes_sp._cv1,Bacteria,Firmicutes,uncultured,uncultured_Peptococcaceae_bacterium,None,None,None,0.008763388510223954
Bacteria,Bacteroidetes,Bacteroidia,Bacteroidales,Rikenellaceae,Alistipes,Alistipes_sp._cv1,Bacteria,Proteobacteria,Alphaproteobacteria,Rhodospirillales,uncultured,None,None,0.009737098344693282
Bacteria,Bacteroidetes,Bacteroidia,Bacteroidales,Rikenellaceae,Alistipes,Alistipes_sp._cv1,Bacteria,Proteobacteria,Gammaproteobacteria,Burkholderiales,Sutterellaceae,Sutterella,Sutterella_sp._252,0.011684518013631937
Bacteria,Bacteroidetes,Bacteroidia,Bacteroidales,Rikenellaceae,Alistipes,Alistipes_sp._cv1,Bacteria,Proteobacteria,Gammaproteobacteria,Enterobacterales,Enterobacteriaceae,Escherichia-Shigella,None,0.010710808179162609
Bacteria,Bacteroidetes,Bacteroidia,Bacteroidales,Rikenellaceae,Alistipes,Alistipes_sp._cv1,Bacteria,Proteobacteria,Gammaproteobacteria,Enterobacterales,Enterobacteriaceae,Klebsiella,None,0.010710808179162609
Bacteria,Bacteroidetes,Bacteroidia,Bacteroidales,Rikenellaceae,Alistipes,Alistipes_sp._cv1,Bacteria,Proteobacteria,Gammaproteobacteria,Enterobacterales,Enterobacteriaceae,None,None,0.009737098344693282
Bacteria,Bacteroidetes,Bacteroidia,Bacteroidales,Rikenellaceae,Alistipes,Alistipes_sp._cv1,Bacteria,Proteobacteria,Gammaproteobacteria,Pseudomonadales,Pseudomonadaceae,Pseudomonas,None,0.010710808179162609
Bacteria,Bacteroidetes,Bacteroidia,Bacteroidales,Rikenellaceae,Alistipes,Alistipes_sp._cv1,Bacteria,Synergistota,Synergistia,Synergistales,Synergistaceae,Cloacibacillus,None,0.010710808179162609
Bacteria,Bacteroidetes,Bacteroidia,Bacteroidales,Rikenellaceae,Alistipes,Alistipes_sp._cv1,Bacteria,Verrucomicrobiota,Verrucomicrobiae,Verrucomicrobiales,Akkermansiaceae,Akkermansia,None,0.010710808179162609
Bacteria,Bacteroidetes,Bacteroidia,Bacteroidales,Rikenellaceae,Alistipes,Bacteroidetes_bacterium_Eg28,Bacteria,Bacteroidetes,Bacteroidia,Bacteroidales,Rikenellaceae,Alistipes,None,0.0009737098344693282
Bacteria,Bacteroidetes,Bacteroidia,Bacteroidales,Rikenellaceae,Alistipes,Bacteroidetes_bacterium_Eg28,Bacteria,Bacteroidetes,Bacteroidia,Bacteroidales,Tannerellaceae,Parabacteroides,Parabacteroides_goldsteinii,0.005842259006815969
Bacteria,Bacteroidetes,Bacteroidia,Bacteroidales,Rikenellaceae,Alistipes,Bacteroidetes_bacterium_Eg28,Bacteria,Bacteroidetes,Bacteroidia,Bacteroidales,Tannerellaceae,Parabacteroides,None,0.004868549172346641
Bacteria,Bacteroidetes,Bacteroidia,Bacteroidales,Rikenellaceae,Alistipes,Bacteroidetes_bacterium_Eg28,Bacteria,Bacteroidetes,Bacteroidia,Flavobacteriales,Flavobacteriaceae,uncultured,metagenome,0.007789678675754625
Bacteria,Bacteroidetes,Bacteroidia,Bacteroidales,Rikenellaceae,Alistipes,Bacteroidetes_bacterium_Eg28,Bacteria,Cyanobacteria/Chloroplast,Cyanobacteria.XI,GpXI,None,None,None,0.008763388510223954
Bacteria,Bacteroidetes,Bacteroidia,Bacteroidales,Rikenellaceae,Alistipes,Bacteroidetes_bacterium_Eg28,Bacteria,Desulfobacterota,Desulfovibrionia,Desulfovibrionales,Desulfovibrionaceae,Desulfovibrio,None,0.010710808179162609
Bacteria,Bacteroidetes,Bacteroidia,Bacteroidales,Rikenellaceae,Alistipes,Bacteroidetes_bacterium_Eg28,Bacteria,Firmicutes,Bacilli,Erysipelotrichales,Erysipelatoclostridiaceae,Erysipelatoclostridium,Clostridium_spiroforme_DSM_1552,0.011684518013631937
Bacteria,Bacteroidetes,Bacteroidia,Bacteroidales,Rikenellaceae,Alistipes,Bacteroidetes_bacterium_Eg28,Bacteria,Firmicutes,Bacilli,Erysipelotrichales,Erysipelatoclostridiaceae,Erysipelatoclostridium,None,0.010710808179162609
Bacteria,Bacteroidetes,Bacteroidia,Bacteroidales,Rikenellaceae,Alistipes,Bacteroidetes_bacterium_Eg28,Bacteria,Firmicutes,Bacilli,Erysipelotrichales,Erysipelotrichaceae,Faecalitalea,None,0.010710808179162609
Bacteria,Bacteroidetes,Bacteroidia,Bacteroidales,Rikenellaceae,Alistipes,Bacteroidetes_bacterium_Eg28,Bacteria,Firmicutes,Bacilli,Erysipelotrichales,Erysipelotrichaceae,Holdemanella,None,0.010710808179162609
Bacteria,Bacteroidetes,Bacteroidia,Bacteroidales,Rikenellaceae,Alistipes,Bacteroidetes_bacterium_Eg28,Bacteria,Firmicutes,Bacilli,Erysipelotrichales,Erysipelotrichaceae,Holdemania,None,0.010710808179162609
Bacteria,Bacteroidetes,Bacteroidia,Bacteroidales,Rikenellaceae,Alistipes,Bacteroidetes_bacterium_Eg28,Bacteria,Firmicutes,Bacilli,Erysipelotrichales,Erysipelotrichaceae,Clostridium_innocuum_group,None,0.010710808179162609
Bacteria,Bacteroidetes,Bacteroidia,Bacteroidales,Rikenellaceae,Alistipes,Bacteroidetes_bacterium_Eg28,Bacteria,Firmicutes,Bacilli,Izemoplasmatales,human_gut_metagenome,None,None,0.009737098344693282
Bacteria,Bacteroidetes,Bacteroidia,Bacteroidales,Rikenellaceae,Alistipes,Bacteroidetes_bacterium_Eg28,Bacteria,Firmicutes,Bacilli,Lactobacillales,Lactobacillaceae,Lactobacillus,Lactobacillus_mucosae,0.011684518013631937
Bacteria,Bacteroidetes,Bacteroidia,Bacteroidales,Rikenellaceae,Alistipes,Bacteroidetes_bacterium_Eg28,Bacteria,Firmicutes,Bacilli,Lactobacillales,Streptococcaceae,Lactococcus,None,0.010710808179162609
Bacteria,Bacteroidetes,Bacteroidia,Bacteroidales,Rikenellaceae,Alistipes,Bacteroidetes_bacterium_Eg28,Bacteria,Firmicutes,Bacilli,Lactobacillales,Streptococcaceae,Streptococcus,Streptococcus_sp._oral_taxon_065,0.011684518013631937
Bacteria,Bacteroidetes,Bacteroidia,Bacteroidales,Rikenellaceae,Alistipes,Bacteroidetes_bacterium_Eg28,Bacteria,Firmicutes,Bacilli,Lactobacillales,Streptococcaceae,Streptococcus,None,0.010710808179162609
Bacteria,Bacteroidetes,Bacteroidia,Bacteroidales,Rikenellaceae,Alistipes,Bacteroidetes_bacterium_Eg28,Bacteria,Firmicutes,Clostridia,Christensenellales,Christensenellaceae,Christensenellaceae_R-7_group,Christensenella_sp._Marseille-P3954,0.011684518013631937
Bacteria,Bacteroidetes,Bacteroidia,Bacteroidales,Rikenellaceae,Alistipes,Bacteroidetes_bacterium_Eg28,Bacteria,Firmicutes,Clostridia,Christensenellales,Christensenellaceae,Christensenellaceae_R-7_group,Clostridiales_bacterium_Marseille-P2846,0.011684518013631937
Bacteria,Bacteroidetes,Bacteroidia,Bacteroidales,Rikenellaceae,Alistipes,Bacteroidetes_bacterium_Eg28,Bacteria,Firmicutes,Clostridia,Christensenellales,Christensenellaceae,Christensenellaceae_R-7_group,None,0.010710808179162609
Bacteria,Bacteroidetes,Bacteroidia,Bacteroidales,Rikenellaceae,Alistipes,Bacteroidetes_bacterium_Eg28,Bacteria,Firmicutes,Clostridia,Christensenellales,Christensenellaceae,Christensenellaceae_R-7_group,bacterium_YE57,0.011684518013631937
Bacteria,Bacteroidetes,Bacteroidia,Bacteroidales,Rikenellaceae,Alistipes,Bacteroidetes_bacterium_Eg28,Bacteria,Firmicutes,Clostridia,Christensenellales,Christensenellaceae,Christensenellaceae_R-7_group,metagenome,0.011684518013631937
Bacteria,Bacteroidetes,Bacteroidia,Bacteroidales,Rikenellaceae,Alistipes,Bacteroidetes_bacterium_Eg28,Bacteria,Firmicutes,Clostridia,Christensenellales,Christensenellaceae,Christensenellaceae_R-7_group,uncultured_Firmicutes_bacterium,0.011684518013631937
Bacteria,Bacteroidetes,Bacteroidia,Bacteroidales,Rikenellaceae,Alistipes,Bacteroidetes_bacterium_Eg28,Bacteria,Firmicutes,Clostridia,Christensenellales,Christensenellaceae,Christensenellaceae_R-7_group,uncultured_marine_bacterium,0.011684518013631937
Bacteria,Bacteroidetes,Bacteroidia,Bacteroidales,Rikenellaceae,Alistipes,Bacteroidetes_bacterium_Eg28,Bacteria,Firmicutes,Clostridia,Christensenellales,Christensenellaceae,Christensenellaceae_R-7_group,uncultured_organism,0.011684518013631937
Bacteria,Bacteroidetes,Bacteroidia,Bacteroidales,Rikenellaceae,Alistipes,Bacteroidetes_bacterium_Eg28,Bacteria,Firmicutes,Clostridia,Christensenellales,Christensenellaceae,None,None,0.009737098344693282
Bacteria,Bacteroidetes,Bacteroidia,Bacteroidales,Rikenellaceae,Alistipes,Bacteroidetes_bacterium_Eg28,Bacteria,Firmicutes,Clostridia,Clostridia_vadinBB60_group,metagenome,None,None,0.009737098344693282
Bacteria,Bacteroidetes,Bacteroidia,Bacteroidales,Rikenellaceae,Alistipes,Bacteroidetes_bacterium_Eg28,Bacteria,Firmicutes,Clostridia,Clostridia_vadinBB60_group,wastewater_metagenome,None,None,0.009737098344693282
Bacteria,Bacteroidetes,Bacteroidia,Bacteroidales,Rikenellaceae,Alistipes,Bacteroidetes_bacterium_Eg28,Bacteria,Firmicutes,Clostridia,Clostridiales,Christensenellaceae,Christensenella,PAC001427,0.011684518013631937
Bacteria,Bacteroidetes,Bacteroidia,Bacteroidales,Rikenellaceae,Alistipes,Bacteroidetes_bacterium_Eg28,Bacteria,Firmicutes,Clostridia,Clostridiales,Christensenellaceae,Christensenella,PAC002297,0.011684518013631937
Bacteria,Bacteroidetes,Bacteroidia,Bacteroidales,Rikenellaceae,Alistipes,Bacteroidetes_bacterium_Eg28,Bacteria,Firmicutes,Clostridia,Clostridiales,Christensenellaceae,PAC001115,PAC001444,0.011684518013631937
Bacteria,Bacteroidetes,Bacteroidia,Bacteroidales,Rikenellaceae,Alistipes,Bacteroidetes_bacterium_Eg28,Bacteria,Firmicutes,Clostridia,Clostridiales,Christensenellaceae,PAC001437,PAC001486,0.011684518013631937
Bacteria,Bacteroidetes,Bacteroidia,Bacteroidales,Rikenellaceae,Alistipes,Bacteroidetes_bacterium_Eg28,Bacteria,Firmicutes,Clostridia,Clostridiales,Christensenellaceae,PAC001437,PAC002305,0.011684518013631937
Bacteria,Bacteroidetes,Bacteroidia,Bacteroidales,Rikenellaceae,Alistipes,Bacteroidetes_bacterium_Eg28,Bacteria,Firmicutes,Clostridia,Clostridiales,Christensenellaceae,PAC002510,PAC002510,0.011684518013631937
Bacteria,Bacteroidetes,Bacteroidia,Bacteroidales,Rikenellaceae,Alistipes,Bacteroidetes_bacterium_Eg28,Bacteria,Firmicutes,Clostridia,Clostridiales,Dehalobacterium,PAC002141,PAC002141,0.011684518013631937
Bacteria,Bacteroidetes,Bacteroidia,Bacteroidales,Rikenellaceae,Alistipes,Bacteroidetes_bacterium_Eg28,Bacteria,Firmicutes,Clostridia,Clostridiales,Ruminococcaceae,PAC000742,PAC000742,0.011684518013631937
Bacteria,Bacteroidetes,Bacteroidia,Bacteroidales,Rikenellaceae,Alistipes,Bacteroidetes_bacterium_Eg28,Bacteria,Firmicutes,Clostridia,Clostridiales,Ruminococcaceae,PAC001144,PAC001620,0.011684518013631937
Bacteria,Bacteroidetes,Bacteroidia,Bacteroidales,Rikenellaceae,Alistipes,Bacteroidetes_bacterium_Eg28,Bacteria,Firmicutes,Clostridia,Clostridiales,Ruminococcaceae,PAC001313,PAC001649,0.011684518013631937
Bacteria,Bacteroidetes,Bacteroidia,Bacteroidales,Rikenellaceae,Alistipes,Bacteroidetes_bacterium_Eg28,Bacteria,Firmicutes,Clostridia,Clostridiales,Ruminococcaceae,PAC002201,PAC002201,0.011684518013631937
Bacteria,Bacteroidetes,Bacteroidia,Bacteroidales,Rikenellaceae,Alistipes,Bacteroidetes_bacterium_Eg28,Bacteria,Firmicutes,Clostridia,Eubacteriales,Eubacteriaceae,Eubacterium,None,0.010710808179162609
Bacteria,Bacteroidetes,Bacteroidia,Bacteroidales,Rikenellaceae,Alistipes,Bacteroidetes_bacterium_Eg28,Bacteria,Firmicutes,Clostridia,Lachnospirales,Lachnospiraceae,Agathobacter,None,0.010710808179162609
Bacteria,Bacteroidetes,Bacteroidia,Bacteroidales,Rikenellaceae,Alistipes,Bacteroidetes_bacterium_Eg28,Bacteria,Firmicutes,Clostridia,Lachnospirales,Lachnospiraceae,Anaerostipes,None,0.010710808179162609
Bacteria,Bacteroidetes,Bacteroidia,Bacteroidales,Rikenellaceae,Alistipes,Bacteroidetes_bacterium_Eg28,Bacteria,Firmicutes,Clostridia,Lachnospirales,Lachnospiraceae,Blautia,None,0.010710808179162609
Bacteria,Bacteroidetes,Bacteroidia,Bacteroidales,Rikenellaceae,Alistipes,Bacteroidetes_bacterium_Eg28,Bacteria,Firmicutes,Clostridia,Lachnospirales,Lachnospiraceae,Blautia,bacterium_mpn-isolate_group_20,0.011684518013631937
Bacteria,Bacteroidetes,Bacteroidia,Bacteroidales,Rikenellaceae,Alistipes,Bacteroidetes_bacterium_Eg28,Bacteria,Firmicutes,Clostridia,Lachnospirales,Lachnospiraceae,Blautia,uncultured_Blautia_sp.,0.011684518013631937
Bacteria,Bacteroidetes,Bacteroidia,Bacteroidales,Rikenellaceae,Alistipes,Bacteroidetes_bacterium_Eg28,Bacteria,Firmicutes,Clostridia,Lachnospirales,Lachnospiraceae,Coprococcus,None,0.010710808179162609
Bacteria,Bacteroidetes,Bacteroidia,Bacteroidales,Rikenellaceae,Alistipes,Bacteroidetes_bacterium_Eg28,Bacteria,Firmicutes,Clostridia,Lachnospirales,Lachnospiraceae,Coprococcus,uncultured_Coprococcus_sp.,0.011684518013631937
Bacteria,Bacteroidetes,Bacteroidia,Bacteroidales,Rikenellaceae,Alistipes,Bacteroidetes_bacterium_Eg28,Bacteria,Firmicutes,Clostridia,Lachnospirales,Lachnospiraceae,Dorea,None,0.010710808179162609
Bacteria,Bacteroidetes,Bacteroidia,Bacteroidales,Rikenellaceae,Alistipes,Bacteroidetes_bacterium_Eg28,Bacteria,Firmicutes,Clostridia,Lachnospirales,Lachnospiraceae,Eisenbergiella,None,0.010710808179162609
Bacteria,Bacteroidetes,Bacteroidia,Bacteroidales,Rikenellaceae,Alistipes,Bacteroidetes_bacterium_Eg28,Bacteria,Firmicutes,Clostridia,Lachnospirales,Lachnospiraceae,Frisingicoccus,None,0.010710808179162609
Bacteria,Bacteroidetes,Bacteroidia,Bacteroidales,Rikenellaceae,Alistipes,Bacteroidetes_bacterium_Eg28,Bacteria,Firmicutes,Clostridia,Lachnospirales,Lachnospiraceae,Fusicatenibacter,uncultured_Lachnospiraceae_bacterium,0.011684518013631937
Bacteria,Bacteroidetes,Bacteroidia,Bacteroidales,Rikenellaceae,Alistipes,Bacteroidetes_bacterium_Eg28,Bacteria,Firmicutes,Clostridia,Lachnospirales,Lachnospiraceae,GCA-900066575,None,0.010710808179162609
Bacteria,Bacteroidetes,Bacteroidia,Bacteroidales,Rikenellaceae,Alistipes,Bacteroidetes_bacterium_Eg28,Bacteria,Firmicutes,Clostridia,Lachnospirales,Lachnospiraceae,GCA-900066575,metagenome,0.011684518013631937
Bacteria,Bacteroidetes,Bacteroidia,Bacteroidales,Rikenellaceae,Alistipes,Bacteroidetes_bacterium_Eg28,Bacteria,Firmicutes,Clostridia,Lachnospirales,Lachnospiraceae,GCA-900066755,None,0.010710808179162609
Bacteria,Bacteroidetes,Bacteroidia,Bacteroidales,Rikenellaceae,Alistipes,Bacteroidetes_bacterium_Eg28,Bacteria,Firmicutes,Clostridia,Lachnospirales,Lachnospiraceae,Hungatella,metagenome,0.011684518013631937
Bacteria,Bacteroidetes,Bacteroidia,Bacteroidales,Rikenellaceae,Alistipes,Bacteroidetes_bacterium_Eg28,Bacteria,Firmicutes,Clostridia,Lachnospirales,Lachnospiraceae,Lachnoclostridium,Clostridium_symbiosum,0.011684518013631937
Bacteria,Bacteroidetes,Bacteroidia,Bacteroidales,Rikenellaceae,Alistipes,Bacteroidetes_bacterium_Eg28,Bacteria,Firmicutes,Clostridia,Lachnospirales,Lachnospiraceae,Lachnoclostridium,None,0.010710808179162609
Bacteria,Bacteroidetes,Bacteroidia,Bacteroidales,Rikenellaceae,Alistipes,Bacteroidetes_bacterium_Eg28,Bacteria,Firmicutes,Clostridia,Lachnospirales,Lachnospiraceae,Lachnoclostridium,uncultured_Lachnospiraceae_bacterium,0.011684518013631937
Bacteria,Bacteroidetes,Bacteroidia,Bacteroidales,Rikenellaceae,Alistipes,Bacteroidetes_bacterium_Eg28,Bacteria,Firmicutes,Clostridia,Lachnospirales,Lachnospiraceae,Lachnospiraceae_ND3007_group,metagenome,0.011684518013631937
Bacteria,Bacteroidetes,Bacteroidia,Bacteroidales,Rikenellaceae,Alistipes,Bacteroidetes_bacterium_Eg28,Bacteria,Firmicutes,Clostridia,Lachnospirales,Lachnospiraceae,Lachnospiraceae_NK4A136_group,None,0.010710808179162609
Bacteria,Bacteroidetes,Bacteroidia,Bacteroidales,Rikenellaceae,Alistipes,Bacteroidetes_bacterium_Eg28,Bacteria,Firmicutes,Clostridia,Lachnospirales,Lachnospiraceae,Lachnospiraceae_NK4A136_group,uncultured_Lachnospiraceae_bacterium,0.011684518013631937
Bacteria,Bacteroidetes,Bacteroidia,Bacteroidales,Rikenellaceae,Alistipes,Bacteroidetes_bacterium_Eg28,Bacteria,Firmicutes,Clostridia,Lachnospirales,Lachnospiraceae,Lachnospiraceae_NK4A136_group,uncultured_bacterium_Adhufec49.25,0.011684518013631937
Bacteria,Bacteroidetes,Bacteroidia,Bacteroidales,Rikenellaceae,Alistipes,Bacteroidetes_bacterium_Eg28,Bacteria,Firmicutes,Clostridia,Lachnospirales,Lachnospiraceae,Lachnospiraceae_NK4B4_group,None,0.010710808179162609
Bacteria,Bacteroidetes,Bacteroidia,Bacteroidales,Rikenellaceae,Alistipes,Bacteroidetes_bacterium_Eg28,Bacteria,Firmicutes,Clostridia,Lachnospirales,Lachnospiraceae,Lachnospiraceae_UCG-001,metagenome,0.011684518013631937
Bacteria,Bacteroidetes,Bacteroidia,Bacteroidales,Rikenellaceae,Alistipes,Bacteroidetes_bacterium_Eg28,Bacteria,Firmicutes,Clostridia,Lachnospirales,Lachnospiraceae,Lachnospiraceae_UCG-004,None,0.010710808179162609
Bacteria,Bacteroidetes,Bacteroidia,Bacteroidales,Rikenellaceae,Alistipes,Bacteroidetes_bacterium_Eg28,Bacteria,Firmicutes,Clostridia,Lachnospirales,Lachnospiraceae,Lachnospiraceae_UCG-008,metagenome,0.011684518013631937
Bacteria,Bacteroidetes,Bacteroidia,Bacteroidales,Rikenellaceae,Alistipes,Bacteroidetes_bacterium_Eg28,Bacteria,Firmicutes,Clostridia,Lachnospirales,Lachnospiraceae,Lachnospiraceae_UCG-010,None,0.010710808179162609
Bacteria,Bacteroidetes,Bacteroidia,Bacteroidales,Rikenellaceae,Alistipes,Bacteroidetes_bacterium_Eg28,Bacteria,Firmicutes,Clostridia,Lachnospirales,Lachnospiraceae,Marvinbryantia,None,0.010710808179162609
Bacteria,Bacteroidetes,Bacteroidia,Bacteroidales,Rikenellaceae,Alistipes,Bacteroidetes_bacterium_Eg28,Bacteria,Firmicutes,Clostridia,Lachnospirales,Lachnospiraceae,Marvinbryantia,unidentified,0.011684518013631937
Bacteria,Bacteroidetes,Bacteroidia,Bacteroidales,Rikenellaceae,Alistipes,Bacteroidetes_bacterium_Eg28,Bacteria,Firmicutes,Clostridia,Lachnospirales,Lachnospiraceae,Roseburia,None,0.010710808179162609
Bacteria,Bacteroidetes,Bacteroidia,Bacteroidales,Rikenellaceae,Alistipes,Bacteroidetes_bacterium_Eg28,Bacteria,Firmicutes,Clostridia,Lachnospirales,Lachnospiraceae,Roseburia,gut_metagenome,0.011684518013631937
Bacteria,Bacteroidetes,Bacteroidia,Bacteroidales,Rikenellaceae,Alistipes,Bacteroidetes_bacterium_Eg28,Bacteria,Firmicutes,Clostridia,Lachnospirales,Lachnospiraceae,Tuzzerella,None,0.010710808179162609
Bacteria,Bacteroidetes,Bacteroidia,Bacteroidales,Rikenellaceae,Alistipes,Bacteroidetes_bacterium_Eg28,Bacteria,Firmicutes,Clostridia,Lachnospirales,Lachnospiraceae,Tyzzerella,None,0.010710808179162609
Bacteria,Bacteroidetes,Bacteroidia,Bacteroidales,Rikenellaceae,Alistipes,Bacteroidetes_bacterium_Eg28,Bacteria,Firmicutes,Clostridia,Lachnospirales,Lachnospiraceae,Eubacterium_hallii_group,None,0.010710808179162609
Bacteria,Bacteroidetes,Bacteroidia,Bacteroidales,Rikenellaceae,Alistipes,Bacteroidetes_bacterium_Eg28,Bacteria,Firmicutes,Clostridia,Lachnospirales,Lachnospiraceae,Eubacterium_ventriosum_group,metagenome,0.011684518013631937
Bacteria,Bacteroidetes,Bacteroidia,Bacteroidales,Rikenellaceae,Alistipes,Bacteroidetes_bacterium_Eg28,Bacteria,Firmicutes,Clostridia,Lachnospirales,Lachnospiraceae,Ruminococcus_gauvreauii_group,uncultured_Lachnospiraceae_bacterium,0.011684518013631937
Bacteria,Bacteroidetes,Bacteroidia,Bacteroidales,Rikenellaceae,Alistipes,Bacteroidetes_bacterium_Eg28,Bacteria,Firmicutes,Clostridia,Lachnospirales,Lachnospiraceae,Ruminococcus_gnavus_group,None,0.010710808179162609
Bacteria,Bacteroidetes,Bacteroidia,Bacteroidales,Rikenellaceae,Alistipes,Bacteroidetes_bacterium_Eg28,Bacteria,Firmicutes,Clostridia,Lachnospirales,Lachnospiraceae,Ruminococcus_torques_group,Clostridiaceae_bacterium_LEMV78,0.011684518013631937
Bacteria,Bacteroidetes,Bacteroidia,Bacteroidales,Rikenellaceae,Alistipes,Bacteroidetes_bacterium_Eg28,Bacteria,Firmicutes,Clostridia,Lachnospirales,Lachnospiraceae,Ruminococcus_torques_group,None,0.010710808179162609
Bacteria,Bacteroidetes,Bacteroidia,Bacteroidales,Rikenellaceae,Alistipes,Bacteroidetes_bacterium_Eg28,Bacteria,Firmicutes,Clostridia,Lachnospirales,Lachnospiraceae,None,None,0.009737098344693282
Bacteria,Bacteroidetes,Bacteroidia,Bacteroidales,Rikenellaceae,Alistipes,Bacteroidetes_bacterium_Eg28,Bacteria,Firmicutes,Clostridia,Lachnospirales,Lachnospiraceae,uncultured,None,0.010710808179162609
Bacteria,Bacteroidetes,Bacteroidia,Bacteroidales,Rikenellaceae,Alistipes,Bacteroidetes_bacterium_Eg28,Bacteria,Firmicutes,Clostridia,Monoglobales,Monoglobaceae,Monoglobus,None,0.010710808179162609
Bacteria,Bacteroidetes,Bacteroidia,Bacteroidales,Rikenellaceae,Alistipes,Bacteroidetes_bacterium_Eg28,Bacteria,Firmicutes,Clostridia,Oscillospirales,Butyricicoccaceae,Butyricicoccus,None,0.010710808179162609
Bacteria,Bacteroidetes,Bacteroidia,Bacteroidales,Rikenellaceae,Alistipes,Bacteroidetes_bacterium_Eg28,Bacteria,Firmicutes,Clostridia,Oscillospirales,Hydrogenoanaerobacterium,None,None,0.009737098344693282
Bacteria,Bacteroidetes,Bacteroidia,Bacteroidales,Rikenellaceae,Alistipes,Bacteroidetes_bacterium_Eg28,Bacteria,Firmicutes,Clostridia,Oscillospirales,Oscillospiraceae,Colidextribacter,None,0.010710808179162609
Bacteria,Bacteroidetes,Bacteroidia,Bacteroidales,Rikenellaceae,Alistipes,Bacteroidetes_bacterium_Eg28,Bacteria,Firmicutes,Clostridia,Oscillospirales,Oscillospiraceae,Colidextribacter,metagenome,0.011684518013631937
Bacteria,Bacteroidetes,Bacteroidia,Bacteroidales,Rikenellaceae,Alistipes,Bacteroidetes_bacterium_Eg28,Bacteria,Firmicutes,Clostridia,Oscillospirales,Oscillospiraceae,Flavonifractor,None,0.010710808179162609
Bacteria,Bacteroidetes,Bacteroidia,Bacteroidales,Rikenellaceae,Alistipes,Bacteroidetes_bacterium_Eg28,Bacteria,Firmicutes,Clostridia,Oscillospirales,Oscillospiraceae,Intestinimonas,None,0.010710808179162609
Bacteria,Bacteroidetes,Bacteroidia,Bacteroidales,Rikenellaceae,Alistipes,Bacteroidetes_bacterium_Eg28,Bacteria,Firmicutes,Clostridia,Oscillospirales,Oscillospiraceae,Intestinimonas,uncultured,0.011684518013631937
Bacteria,Bacteroidetes,Bacteroidia,Bacteroidales,Rikenellaceae,Alistipes,Bacteroidetes_bacterium_Eg28,Bacteria,Firmicutes,Clostridia,Oscillospirales,Oscillospiraceae,NK4A214_group,None,0.010710808179162609
Bacteria,Bacteroidetes,Bacteroidia,Bacteroidales,Rikenellaceae,Alistipes,Bacteroidetes_bacterium_Eg28,Bacteria,Firmicutes,Clostridia,Oscillospirales,Oscillospiraceae,Oscillibacter,None,0.010710808179162609
Bacteria,Bacteroidetes,Bacteroidia,Bacteroidales,Rikenellaceae,Alistipes,Bacteroidetes_bacterium_Eg28,Bacteria,Firmicutes,Clostridia,Oscillospirales,Oscillospiraceae,Oscillibacter,metagenome,0.011684518013631937
Bacteria,Bacteroidetes,Bacteroidia,Bacteroidales,Rikenellaceae,Alistipes,Bacteroidetes_bacterium_Eg28,Bacteria,Firmicutes,Clostridia,Oscillospirales,Oscillospiraceae,Oscillospira,None,0.010710808179162609
Bacteria,Bacteroidetes,Bacteroidia,Bacteroidales,Rikenellaceae,Alistipes,Bacteroidetes_bacterium_Eg28,Bacteria,Firmicutes,Clostridia,Oscillospirales,Oscillospiraceae,UCG-002,None,0.010710808179162609
Bacteria,Bacteroidetes,Bacteroidia,Bacteroidales,Rikenellaceae,Alistipes,Bacteroidetes_bacterium_Eg28,Bacteria,Firmicutes,Clostridia,Oscillospirales,Oscillospiraceae,UCG-003,None,0.010710808179162609
Bacteria,Bacteroidetes,Bacteroidia,Bacteroidales,Rikenellaceae,Alistipes,Bacteroidetes_bacterium_Eg28,Bacteria,Firmicutes,Clostridia,Oscillospirales,Oscillospiraceae,UCG-005,None,0.010710808179162609
Bacteria,Bacteroidetes,Bacteroidia,Bacteroidales,Rikenellaceae,Alistipes,Bacteroidetes_bacterium_Eg28,Bacteria,Firmicutes,Clostridia,Oscillospirales,Oscillospiraceae,UCG-005,metagenome,0.011684518013631937
Bacteria,Bacteroidetes,Bacteroidia,Bacteroidales,Rikenellaceae,Alistipes,Bacteroidetes_bacterium_Eg28,Bacteria,Firmicutes,Clostridia,Oscillospirales,Oscillospiraceae,UCG-005,uncultured_Clostridiales_bacterium,0.011684518013631937
Bacteria,Bacteroidetes,Bacteroidia,Bacteroidales,Rikenellaceae,Alistipes,Bacteroidetes_bacterium_Eg28,Bacteria,Firmicutes,Clostridia,Oscillospirales,Oscillospiraceae,UCG-005,uncultured_rumen_bacterium,0.011684518013631937
Bacteria,Bacteroidetes,Bacteroidia,Bacteroidales,Rikenellaceae,Alistipes,Bacteroidetes_bacterium_Eg28,Bacteria,Firmicutes,Clostridia,Oscillospirales,Oscillospiraceae,None,None,0.009737098344693282
Bacteria,Bacteroidetes,Bacteroidia,Bacteroidales,Rikenellaceae,Alistipes,Bacteroidetes_bacterium_Eg28,Bacteria,Firmicutes,Clostridia,Oscillospirales,Oscillospiraceae,uncultured,metagenome,0.011684518013631937
Bacteria,Bacteroidetes,Bacteroidia,Bacteroidales,Rikenellaceae,Alistipes,Bacteroidetes_bacterium_Eg28,Bacteria,Firmicutes,Clostridia,Oscillospirales,Oscillospiraceae,uncultured,unidentified,0.011684518013631937
Bacteria,Bacteroidetes,Bacteroidia,Bacteroidales,Rikenellaceae,Alistipes,Bacteroidetes_bacterium_Eg28,Bacteria,Firmicutes,Clostridia,Oscillospirales,Ruminococcaceae,Anaerofilum,uncultured_Firmicutes_bacterium,0.011684518013631937
Bacteria,Bacteroidetes,Bacteroidia,Bacteroidales,Rikenellaceae,Alistipes,Bacteroidetes_bacterium_Eg28,Bacteria,Firmicutes,Clostridia,Oscillospirales,Ruminococcaceae,Anaerotruncus,Anaerotruncus_rubiinfantis,0.011684518013631937
Bacteria,Bacteroidetes,Bacteroidia,Bacteroidales,Rikenellaceae,Alistipes,Bacteroidetes_bacterium_Eg28,Bacteria,Firmicutes,Clostridia,Oscillospirales,Ruminococcaceae,Anaerotruncus,Anaerotruncus_sp._NML_070203,0.011684518013631937
Bacteria,Bacteroidetes,Bacteroidia,Bacteroidales,Rikenellaceae,Alistipes,Bacteroidetes_bacterium_Eg28,Bacteria,Firmicutes,Clostridia,Oscillospirales,Ruminococcaceae,Candidatus_Soleaferrea,Neobitarella_massiliensis,0.011684518013631937
Bacteria,Bacteroidetes,Bacteroidia,Bacteroidales,Rikenellaceae,Alistipes,Bacteroidetes_bacterium_Eg28,Bacteria,Firmicutes,Clostridia,Oscillospirales,Ruminococcaceae,Candidatus_Soleaferrea,None,0.010710808179162609
Bacteria,Bacteroidetes,Bacteroidia,Bacteroidales,Rikenellaceae,Alistipes,Bacteroidetes_bacterium_Eg28,Bacteria,Firmicutes,Clostridia,Oscillospirales,Ruminococcaceae,DTU089,None,0.010710808179162609
Bacteria,Bacteroidetes,Bacteroidia,Bacteroidales,Rikenellaceae,Alistipes,Bacteroidetes_bacterium_Eg28,Bacteria,Firmicutes,Clostridia,Oscillospirales,Ruminococcaceae,Faecalibacterium,None,0.010710808179162609
Bacteria,Bacteroidetes,Bacteroidia,Bacteroidales,Rikenellaceae,Alistipes,Bacteroidetes_bacterium_Eg28,Bacteria,Firmicutes,Clostridia,Oscillospirales,Ruminococcaceae,Fournierella,uncultured_organism,0.011684518013631937
Bacteria,Bacteroidetes,Bacteroidia,Bacteroidales,Rikenellaceae,Alistipes,Bacteroidetes_bacterium_Eg28,Bacteria,Firmicutes,Clostridia,Oscillospirales,Ruminococcaceae,Incertae_Sedis,metagenome,0.011684518013631937
Bacteria,Bacteroidetes,Bacteroidia,Bacteroidales,Rikenellaceae,Alistipes,Bacteroidetes_bacterium_Eg28,Bacteria,Firmicutes,Clostridia,Oscillospirales,Ruminococcaceae,Incertae_Sedis,None,0.010710808179162609
Bacteria,Bacteroidetes,Bacteroidia,Bacteroidales,Rikenellaceae,Alistipes,Bacteroidetes_bacterium_Eg28,Bacteria,Firmicutes,Clostridia,Oscillospirales,Ruminococcaceae,Negativibacillus,None,0.010710808179162609
Bacteria,Bacteroidetes,Bacteroidia,Bacteroidales,Rikenellaceae,Alistipes,Bacteroidetes_bacterium_Eg28,Bacteria,Firmicutes,Clostridia,Oscillospirales,Ruminococcaceae,Ruminococcus,Ruminococcus_champanellensis,0.011684518013631937
Bacteria,Bacteroidetes,Bacteroidia,Bacteroidales,Rikenellaceae,Alistipes,Bacteroidetes_bacterium_Eg28,Bacteria,Firmicutes,Clostridia,Oscillospirales,Ruminococcaceae,Ruminococcus,None,0.010710808179162609
Bacteria,Bacteroidetes,Bacteroidia,Bacteroidales,Rikenellaceae,Alistipes,Bacteroidetes_bacterium_Eg28,Bacteria,Firmicutes,Clostridia,Oscillospirales,Ruminococcaceae,Subdoligranulum,None,0.010710808179162609
Bacteria,Bacteroidetes,Bacteroidia,Bacteroidales,Rikenellaceae,Alistipes,Bacteroidetes_bacterium_Eg28,Bacteria,Firmicutes,Clostridia,Oscillospirales,Ruminococcaceae,UBA1819,None,0.010710808179162609
Bacteria,Bacteroidetes,Bacteroidia,Bacteroidales,Rikenellaceae,Alistipes,Bacteroidetes_bacterium_Eg28,Bacteria,Firmicutes,Clostridia,Oscillospirales,Ruminococcaceae,Eubacterium_siraeum_group,None,0.010710808179162609
Bacteria,Bacteroidetes,Bacteroidia,Bacteroidales,Rikenellaceae,Alistipes,Bacteroidetes_bacterium_Eg28,Bacteria,Firmicutes,Clostridia,Oscillospirales,Ruminococcaceae,None,None,0.009737098344693282
Bacteria,Bacteroidetes,Bacteroidia,Bacteroidales,Rikenellaceae,Alistipes,Bacteroidetes_bacterium_Eg28,Bacteria,Firmicutes,Clostridia,Oscillospirales,UCG-010,None,None,0.009737098344693282
Bacteria,Bacteroidetes,Bacteroidia,Bacteroidales,Rikenellaceae,Alistipes,Bacteroidetes_bacterium_Eg28,Bacteria,Firmicutes,Clostridia,Oscillospirales,UCG-010,metagenome,None,0.010710808179162609
Bacteria,Bacteroidetes,Bacteroidia,Bacteroidales,Rikenellaceae,Alistipes,Bacteroidetes_bacterium_Eg28,Bacteria,Firmicutes,Clostridia,Oscillospirales,UCG-010,uncultured_bacterium,None,0.010710808179162609
Bacteria,Bacteroidetes,Bacteroidia,Bacteroidales,Rikenellaceae,Alistipes,Bacteroidetes_bacterium_Eg28,Bacteria,Firmicutes,Clostridia,Oscillospirales,UCG-010,uncultured_organism,None,0.010710808179162609
Bacteria,Bacteroidetes,Bacteroidia,Bacteroidales,Rikenellaceae,Alistipes,Bacteroidetes_bacterium_Eg28,Bacteria,Firmicutes,Clostridia,Oscillospirales,Clostridium_methylpentosum_group,None,None,0.009737098344693282
Bacteria,Bacteroidetes,Bacteroidia,Bacteroidales,Rikenellaceae,Alistipes,Bacteroidetes_bacterium_Eg28,Bacteria,Firmicutes,Clostridia,Oscillospirales,Eubacterium_coprostanoligenes_group,None,None,0.009737098344693282
Bacteria,Bacteroidetes,Bacteroidia,Bacteroidales,Rikenellaceae,Alistipes,Bacteroidetes_bacterium_Eg28,Bacteria,Firmicutes,Clostridia,Oscillospirales,None,None,None,0.008763388510223954
Bacteria,Bacteroidetes,Bacteroidia,Bacteroidales,Rikenellaceae,Alistipes,Bacteroidetes_bacterium_Eg28,Bacteria,Firmicutes,Clostridia,Peptococcales,Peptococcaceae,uncultured,None,0.010710808179162609
Bacteria,Bacteroidetes,Bacteroidia,Bacteroidales,Rikenellaceae,Alistipes,Bacteroidetes_bacterium_Eg28,Bacteria,Firmicutes,Clostridia,Peptostreptococcales-Tissierellales,Anaerovoracaceae,Family_XIII_AD3011_group,metagenome,0.011684518013631937
Bacteria,Bacteroidetes,Bacteroidia,Bacteroidales,Rikenellaceae,Alistipes,Bacteroidetes_bacterium_Eg28,Bacteria,Firmicutes,Clostridia,Peptostreptococcales-Tissierellales,Anaerovoracaceae,Family_XIII_AD3011_group,None,0.010710808179162609
Bacteria,Bacteroidetes,Bacteroidia,Bacteroidales,Rikenellaceae,Alistipes,Bacteroidetes_bacterium_Eg28,Bacteria,Firmicutes,Clostridia,Peptostreptococcales-Tissierellales,Anaerovoracaceae,Family_XIII_AD3011_group,uncultured,0.011684518013631937
Bacteria,Bacteroidetes,Bacteroidia,Bacteroidales,Rikenellaceae,Alistipes,Bacteroidetes_bacterium_Eg28,Bacteria,Firmicutes,Clostridia,Peptostreptococcales-Tissierellales,Anaerovoracaceae,Family_XIII_UCG-001,metagenome,0.011684518013631937
Bacteria,Bacteroidetes,Bacteroidia,Bacteroidales,Rikenellaceae,Alistipes,Bacteroidetes_bacterium_Eg28,Bacteria,Firmicutes,Clostridia,Peptostreptococcales-Tissierellales,Anaerovoracaceae,Eubacterium_nodatum_group,None,0.010710808179162609
Bacteria,Bacteroidetes,Bacteroidia,Bacteroidales,Rikenellaceae,Alistipes,Bacteroidetes_bacterium_Eg28,Bacteria,Firmicutes,Clostridia,Peptostreptococcales-Tissierellales,Anaerovoracaceae,None,None,0.009737098344693282
Bacteria,Bacteroidetes,Bacteroidia,Bacteroidales,Rikenellaceae,Alistipes,Bacteroidetes_bacterium_Eg28,Bacteria,Firmicutes,Clostridia,Peptostreptococcales-Tissierellales,Parvimonas,None,None,0.009737098344693282
Bacteria,Bacteroidetes,Bacteroidia,Bacteroidales,Rikenellaceae,Alistipes,Bacteroidetes_bacterium_Eg28,Bacteria,Firmicutes,Clostridia,None,None,None,None,0.007789678675754625
Bacteria,Bacteroidetes,Bacteroidia,Bacteroidales,Rikenellaceae,Alistipes,Bacteroidetes_bacterium_Eg28,Bacteria,Firmicutes,Incertae_Sedis,DTU014,unidentified,None,None,0.009737098344693282
Bacteria,Bacteroidetes,Bacteroidia,Bacteroidales,Rikenellaceae,Alistipes,Bacteroidetes_bacterium_Eg28,Bacteria,Firmicutes,Limnochordia,M55-D21,uncultured_compost_bacterium,None,None,0.009737098344693282
Bacteria,Bacteroidetes,Bacteroidia,Bacteroidales,Rikenellaceae,Alistipes,Bacteroidetes_bacterium_Eg28,Bacteria,Firmicutes,Negativicutes,Acidaminococcales,Acidaminococcaceae,Phascolarctobacterium,None,0.010710808179162609
Bacteria,Bacteroidetes,Bacteroidia,Bacteroidales,Rikenellaceae,Alistipes,Bacteroidetes_bacterium_Eg28,Bacteria,Firmicutes,None,None,None,None,None,0.006815968841285297
Bacteria,Bacteroidetes,Bacteroidia,Bacteroidales,Rikenellaceae,Alistipes,Bacteroidetes_bacterium_Eg28,Bacteria,Firmicutes,uncultured,uncultured_Peptococcaceae_bacterium,None,None,None,0.008763388510223954
Bacteria,Bacteroidetes,Bacteroidia,Bacteroidales,Rikenellaceae,Alistipes,Bacteroidetes_bacterium_Eg28,Bacteria,Proteobacteria,Alphaproteobacteria,Rhodospirillales,uncultured,None,None,0.009737098344693282
Bacteria,Bacteroidetes,Bacteroidia,Bacteroidales,Rikenellaceae,Alistipes,Bacteroidetes_bacterium_Eg28,Bacteria,Proteobacteria,Gammaproteobacteria,Burkholderiales,Sutterellaceae,Sutterella,Sutterella_sp._252,0.011684518013631937
Bacteria,Bacteroidetes,Bacteroidia,Bacteroidales,Rikenellaceae,Alistipes,Bacteroidetes_bacterium_Eg28,Bacteria,Proteobacteria,Gammaproteobacteria,Enterobacterales,Enterobacteriaceae,Escherichia-Shigella,None,0.010710808179162609
Bacteria,Bacteroidetes,Bacteroidia,Bacteroidales,Rikenellaceae,Alistipes,Bacteroidetes_bacterium_Eg28,Bacteria,Proteobacteria,Gammaproteobacteria,Enterobacterales,Enterobacteriaceae,Klebsiella,None,0.010710808179162609
Bacteria,Bacteroidetes,Bacteroidia,Bacteroidales,Rikenellaceae,Alistipes,Bacteroidetes_bacterium_Eg28,Bacteria,Proteobacteria,Gammaproteobacteria,Enterobacterales,Enterobacteriaceae,None,None,0.009737098344693282
Bacteria,Bacteroidetes,Bacteroidia,Bacteroidales,Rikenellaceae,Alistipes,Bacteroidetes_bacterium_Eg28,Bacteria,Proteobacteria,Gammaproteobacteria,Pseudomonadales,Pseudomonadaceae,Pseudomonas,None,0.010710808179162609
Bacteria,Bacteroidetes,Bacteroidia,Bacteroidales,Rikenellaceae,Alistipes,Bacteroidetes_bacterium_Eg28,Bacteria,Synergistota,Synergistia,Synergistales,Synergistaceae,Cloacibacillus,None,0.010710808179162609
Bacteria,Bacteroidetes,Bacteroidia,Bacteroidales,Rikenellaceae,Alistipes,Bacteroidetes_bacterium_Eg28,Bacteria,Verrucomicrobiota,Verrucomicrobiae,Verrucomicrobiales,Akkermansiaceae,Akkermansia,None,0.010710808179162609
Bacteria,Bacteroidetes,Bacteroidia,Bacteroidales,Rikenellaceae,Alistipes,None,Bacteria,Bacteroidetes,Bacteroidia,Bacteroidales,Tannerellaceae,Parabacteroides,Parabacteroides_goldsteinii,0.004868549172346641
Bacteria,Bacteroidetes,Bacteroidia,Bacteroidales,Rikenellaceae,Alistipes,None,Bacteria,Bacteroidetes,Bacteroidia,Bacteroidales,Tannerellaceae,Parabacteroides,None,0.0038948393378773127
Bacteria,Bacteroidetes,Bacteroidia,Bacteroidales,Rikenellaceae,Alistipes,None,Bacteria,Bacteroidetes,Bacteroidia,Flavobacteriales,Flavobacteriaceae,uncultured,metagenome,0.006815968841285297
Bacteria,Bacteroidetes,Bacteroidia,Bacteroidales,Rikenellaceae,Alistipes,None,Bacteria,Cyanobacteria/Chloroplast,Cyanobacteria.XI,GpXI,None,None,None,0.007789678675754625
Bacteria,Bacteroidetes,Bacteroidia,Bacteroidales,Rikenellaceae,Alistipes,None,Bacteria,Desulfobacterota,Desulfovibrionia,Desulfovibrionales,Desulfovibrionaceae,Desulfovibrio,None,0.009737098344693282
Bacteria,Bacteroidetes,Bacteroidia,Bacteroidales,Rikenellaceae,Alistipes,None,Bacteria,Firmicutes,Bacilli,Erysipelotrichales,Erysipelatoclostridiaceae,Erysipelatoclostridium,Clostridium_spiroforme_DSM_1552,0.010710808179162609
Bacteria,Bacteroidetes,Bacteroidia,Bacteroidales,Rikenellaceae,Alistipes,None,Bacteria,Firmicutes,Bacilli,Erysipelotrichales,Erysipelatoclostridiaceae,Erysipelatoclostridium,None,0.009737098344693282
Bacteria,Bacteroidetes,Bacteroidia,Bacteroidales,Rikenellaceae,Alistipes,None,Bacteria,Firmicutes,Bacilli,Erysipelotrichales,Erysipelotrichaceae,Faecalitalea,None,0.009737098344693282
Bacteria,Bacteroidetes,Bacteroidia,Bacteroidales,Rikenellaceae,Alistipes,None,Bacteria,Firmicutes,Bacilli,Erysipelotrichales,Erysipelotrichaceae,Holdemanella,None,0.009737098344693282
Bacteria,Bacteroidetes,Bacteroidia,Bacteroidales,Rikenellaceae,Alistipes,None,Bacteria,Firmicutes,Bacilli,Erysipelotrichales,Erysipelotrichaceae,Holdemania,None,0.009737098344693282
Bacteria,Bacteroidetes,Bacteroidia,Bacteroidales,Rikenellaceae,Alistipes,None,Bacteria,Firmicutes,Bacilli,Erysipelotrichales,Erysipelotrichaceae,Clostridium_innocuum_group,None,0.009737098344693282
Bacteria,Bacteroidetes,Bacteroidia,Bacteroidales,Rikenellaceae,Alistipes,None,Bacteria,Firmicutes,Bacilli,Izemoplasmatales,human_gut_metagenome,None,None,0.008763388510223954
Bacteria,Bacteroidetes,Bacteroidia,Bacteroidales,Rikenellaceae,Alistipes,None,Bacteria,Firmicutes,Bacilli,Lactobacillales,Lactobacillaceae,Lactobacillus,Lactobacillus_mucosae,0.010710808179162609
Bacteria,Bacteroidetes,Bacteroidia,Bacteroidales,Rikenellaceae,Alistipes,None,Bacteria,Firmicutes,Bacilli,Lactobacillales,Streptococcaceae,Lactococcus,None,0.009737098344693282
Bacteria,Bacteroidetes,Bacteroidia,Bacteroidales,Rikenellaceae,Alistipes,None,Bacteria,Firmicutes,Bacilli,Lactobacillales,Streptococcaceae,Streptococcus,Streptococcus_sp._oral_taxon_065,0.010710808179162609
Bacteria,Bacteroidetes,Bacteroidia,Bacteroidales,Rikenellaceae,Alistipes,None,Bacteria,Firmicutes,Bacilli,Lactobacillales,Streptococcaceae,Streptococcus,None,0.009737098344693282
Bacteria,Bacteroidetes,Bacteroidia,Bacteroidales,Rikenellaceae,Alistipes,None,Bacteria,Firmicutes,Clostridia,Christensenellales,Christensenellaceae,Christensenellaceae_R-7_group,Christensenella_sp._Marseille-P3954,0.010710808179162609
Bacteria,Bacteroidetes,Bacteroidia,Bacteroidales,Rikenellaceae,Alistipes,None,Bacteria,Firmicutes,Clostridia,Christensenellales,Christensenellaceae,Christensenellaceae_R-7_group,Clostridiales_bacterium_Marseille-P2846,0.010710808179162609
Bacteria,Bacteroidetes,Bacteroidia,Bacteroidales,Rikenellaceae,Alistipes,None,Bacteria,Firmicutes,Clostridia,Christensenellales,Christensenellaceae,Christensenellaceae_R-7_group,None,0.009737098344693282
Bacteria,Bacteroidetes,Bacteroidia,Bacteroidales,Rikenellaceae,Alistipes,None,Bacteria,Firmicutes,Clostridia,Christensenellales,Christensenellaceae,Christensenellaceae_R-7_group,bacterium_YE57,0.010710808179162609
Bacteria,Bacteroidetes,Bacteroidia,Bacteroidales,Rikenellaceae,Alistipes,None,Bacteria,Firmicutes,Clostridia,Christensenellales,Christensenellaceae,Christensenellaceae_R-7_group,metagenome,0.010710808179162609
Bacteria,Bacteroidetes,Bacteroidia,Bacteroidales,Rikenellaceae,Alistipes,None,Bacteria,Firmicutes,Clostridia,Christensenellales,Christensenellaceae,Christensenellaceae_R-7_group,uncultured_Firmicutes_bacterium,0.010710808179162609
Bacteria,Bacteroidetes,Bacteroidia,Bacteroidales,Rikenellaceae,Alistipes,None,Bacteria,Firmicutes,Clostridia,Christensenellales,Christensenellaceae,Christensenellaceae_R-7_group,uncultured_marine_bacterium,0.010710808179162609
Bacteria,Bacteroidetes,Bacteroidia,Bacteroidales,Rikenellaceae,Alistipes,None,Bacteria,Firmicutes,Clostridia,Christensenellales,Christensenellaceae,Christensenellaceae_R-7_group,uncultured_organism,0.010710808179162609
Bacteria,Bacteroidetes,Bacteroidia,Bacteroidales,Rikenellaceae,Alistipes,None,Bacteria,Firmicutes,Clostridia,Christensenellales,Christensenellaceae,None,None,0.008763388510223954
Bacteria,Bacteroidetes,Bacteroidia,Bacteroidales,Rikenellaceae,Alistipes,None,Bacteria,Firmicutes,Clostridia,Clostridia_vadinBB60_group,metagenome,None,None,0.008763388510223954
Bacteria,Bacteroidetes,Bacteroidia,Bacteroidales,Rikenellaceae,Alistipes,None,Bacteria,Firmicutes,Clostridia,Clostridia_vadinBB60_group,wastewater_metagenome,None,None,0.008763388510223954
Bacteria,Bacteroidetes,Bacteroidia,Bacteroidales,Rikenellaceae,Alistipes,None,Bacteria,Firmicutes,Clostridia,Clostridiales,Christensenellaceae,Christensenella,PAC001427,0.010710808179162609
Bacteria,Bacteroidetes,Bacteroidia,Bacteroidales,Rikenellaceae,Alistipes,None,Bacteria,Firmicutes,Clostridia,Clostridiales,Christensenellaceae,Christensenella,PAC002297,0.010710808179162609
Bacteria,Bacteroidetes,Bacteroidia,Bacteroidales,Rikenellaceae,Alistipes,None,Bacteria,Firmicutes,Clostridia,Clostridiales,Christensenellaceae,PAC001115,PAC001444,0.010710808179162609
Bacteria,Bacteroidetes,Bacteroidia,Bacteroidales,Rikenellaceae,Alistipes,None,Bacteria,Firmicutes,Clostridia,Clostridiales,Christensenellaceae,PAC001437,PAC001486,0.010710808179162609
Bacteria,Bacteroidetes,Bacteroidia,Bacteroidales,Rikenellaceae,Alistipes,None,Bacteria,Firmicutes,Clostridia,Clostridiales,Christensenellaceae,PAC001437,PAC002305,0.010710808179162609
Bacteria,Bacteroidetes,Bacteroidia,Bacteroidales,Rikenellaceae,Alistipes,None,Bacteria,Firmicutes,Clostridia,Clostridiales,Christensenellaceae,PAC002510,PAC002510,0.010710808179162609
Bacteria,Bacteroidetes,Bacteroidia,Bacteroidales,Rikenellaceae,Alistipes,None,Bacteria,Firmicutes,Clostridia,Clostridiales,Dehalobacterium,PAC002141,PAC002141,0.010710808179162609
Bacteria,Bacteroidetes,Bacteroidia,Bacteroidales,Rikenellaceae,Alistipes,None,Bacteria,Firmicutes,Clostridia,Clostridiales,Ruminococcaceae,PAC000742,PAC000742,0.010710808179162609
Bacteria,Bacteroidetes,Bacteroidia,Bacteroidales,Rikenellaceae,Alistipes,None,Bacteria,Firmicutes,Clostridia,Clostridiales,Ruminococcaceae,PAC001144,PAC001620,0.010710808179162609
Bacteria,Bacteroidetes,Bacteroidia,Bacteroidales,Rikenellaceae,Alistipes,None,Bacteria,Firmicutes,Clostridia,Clostridiales,Ruminococcaceae,PAC001313,PAC001649,0.010710808179162609
Bacteria,Bacteroidetes,Bacteroidia,Bacteroidales,Rikenellaceae,Alistipes,None,Bacteria,Firmicutes,Clostridia,Clostridiales,Ruminococcaceae,PAC002201,PAC002201,0.010710808179162609
Bacteria,Bacteroidetes,Bacteroidia,Bacteroidales,Rikenellaceae,Alistipes,None,Bacteria,Firmicutes,Clostridia,Eubacteriales,Eubacteriaceae,Eubacterium,None,0.009737098344693282
Bacteria,Bacteroidetes,Bacteroidia,Bacteroidales,Rikenellaceae,Alistipes,None,Bacteria,Firmicutes,Clostridia,Lachnospirales,Lachnospiraceae,Agathobacter,None,0.009737098344693282
Bacteria,Bacteroidetes,Bacteroidia,Bacteroidales,Rikenellaceae,Alistipes,None,Bacteria,Firmicutes,Clostridia,Lachnospirales,Lachnospiraceae,Anaerostipes,None,0.009737098344693282
Bacteria,Bacteroidetes,Bacteroidia,Bacteroidales,Rikenellaceae,Alistipes,None,Bacteria,Firmicutes,Clostridia,Lachnospirales,Lachnospiraceae,Blautia,None,0.009737098344693282
Bacteria,Bacteroidetes,Bacteroidia,Bacteroidales,Rikenellaceae,Alistipes,None,Bacteria,Firmicutes,Clostridia,Lachnospirales,Lachnospiraceae,Blautia,bacterium_mpn-isolate_group_20,0.010710808179162609
Bacteria,Bacteroidetes,Bacteroidia,Bacteroidales,Rikenellaceae,Alistipes,None,Bacteria,Firmicutes,Clostridia,Lachnospirales,Lachnospiraceae,Blautia,uncultured_Blautia_sp.,0.010710808179162609
Bacteria,Bacteroidetes,Bacteroidia,Bacteroidales,Rikenellaceae,Alistipes,None,Bacteria,Firmicutes,Clostridia,Lachnospirales,Lachnospiraceae,Coprococcus,None,0.009737098344693282
Bacteria,Bacteroidetes,Bacteroidia,Bacteroidales,Rikenellaceae,Alistipes,None,Bacteria,Firmicutes,Clostridia,Lachnospirales,Lachnospiraceae,Coprococcus,uncultured_Coprococcus_sp.,0.010710808179162609
Bacteria,Bacteroidetes,Bacteroidia,Bacteroidales,Rikenellaceae,Alistipes,None,Bacteria,Firmicutes,Clostridia,Lachnospirales,Lachnospiraceae,Dorea,None,0.009737098344693282
Bacteria,Bacteroidetes,Bacteroidia,Bacteroidales,Rikenellaceae,Alistipes,None,Bacteria,Firmicutes,Clostridia,Lachnospirales,Lachnospiraceae,Eisenbergiella,None,0.009737098344693282
Bacteria,Bacteroidetes,Bacteroidia,Bacteroidales,Rikenellaceae,Alistipes,None,Bacteria,Firmicutes,Clostridia,Lachnospirales,Lachnospiraceae,Frisingicoccus,None,0.009737098344693282
Bacteria,Bacteroidetes,Bacteroidia,Bacteroidales,Rikenellaceae,Alistipes,None,Bacteria,Firmicutes,Clostridia,Lachnospirales,Lachnospiraceae,Fusicatenibacter,uncultured_Lachnospiraceae_bacterium,0.010710808179162609
Bacteria,Bacteroidetes,Bacteroidia,Bacteroidales,Rikenellaceae,Alistipes,None,Bacteria,Firmicutes,Clostridia,Lachnospirales,Lachnospiraceae,GCA-900066575,None,0.009737098344693282
Bacteria,Bacteroidetes,Bacteroidia,Bacteroidales,Rikenellaceae,Alistipes,None,Bacteria,Firmicutes,Clostridia,Lachnospirales,Lachnospiraceae,GCA-900066575,metagenome,0.010710808179162609
Bacteria,Bacteroidetes,Bacteroidia,Bacteroidales,Rikenellaceae,Alistipes,None,Bacteria,Firmicutes,Clostridia,Lachnospirales,Lachnospiraceae,GCA-900066755,None,0.009737098344693282
Bacteria,Bacteroidetes,Bacteroidia,Bacteroidales,Rikenellaceae,Alistipes,None,Bacteria,Firmicutes,Clostridia,Lachnospirales,Lachnospiraceae,Hungatella,metagenome,0.010710808179162609
Bacteria,Bacteroidetes,Bacteroidia,Bacteroidales,Rikenellaceae,Alistipes,None,Bacteria,Firmicutes,Clostridia,Lachnospirales,Lachnospiraceae,Lachnoclostridium,Clostridium_symbiosum,0.010710808179162609
Bacteria,Bacteroidetes,Bacteroidia,Bacteroidales,Rikenellaceae,Alistipes,None,Bacteria,Firmicutes,Clostridia,Lachnospirales,Lachnospiraceae,Lachnoclostridium,None,0.009737098344693282
Bacteria,Bacteroidetes,Bacteroidia,Bacteroidales,Rikenellaceae,Alistipes,None,Bacteria,Firmicutes,Clostridia,Lachnospirales,Lachnospiraceae,Lachnoclostridium,uncultured_Lachnospiraceae_bacterium,0.010710808179162609
Bacteria,Bacteroidetes,Bacteroidia,Bacteroidales,Rikenellaceae,Alistipes,None,Bacteria,Firmicutes,Clostridia,Lachnospirales,Lachnospiraceae,Lachnospiraceae_ND3007_group,metagenome,0.010710808179162609
Bacteria,Bacteroidetes,Bacteroidia,Bacteroidales,Rikenellaceae,Alistipes,None,Bacteria,Firmicutes,Clostridia,Lachnospirales,Lachnospiraceae,Lachnospiraceae_NK4A136_group,None,0.009737098344693282
Bacteria,Bacteroidetes,Bacteroidia,Bacteroidales,Rikenellaceae,Alistipes,None,Bacteria,Firmicutes,Clostridia,Lachnospirales,Lachnospiraceae,Lachnospiraceae_NK4A136_group,uncultured_Lachnospiraceae_bacterium,0.010710808179162609
Bacteria,Bacteroidetes,Bacteroidia,Bacteroidales,Rikenellaceae,Alistipes,None,Bacteria,Firmicutes,Clostridia,Lachnospirales,Lachnospiraceae,Lachnospiraceae_NK4A136_group,uncultured_bacterium_Adhufec49.25,0.010710808179162609
Bacteria,Bacteroidetes,Bacteroidia,Bacteroidales,Rikenellaceae,Alistipes,None,Bacteria,Firmicutes,Clostridia,Lachnospirales,Lachnospiraceae,Lachnospiraceae_NK4B4_group,None,0.009737098344693282
Bacteria,Bacteroidetes,Bacteroidia,Bacteroidales,Rikenellaceae,Alistipes,None,Bacteria,Firmicutes,Clostridia,Lachnospirales,Lachnospiraceae,Lachnospiraceae_UCG-001,metagenome,0.010710808179162609
Bacteria,Bacteroidetes,Bacteroidia,Bacteroidales,Rikenellaceae,Alistipes,None,Bacteria,Firmicutes,Clostridia,Lachnospirales,Lachnospiraceae,Lachnospiraceae_UCG-004,None,0.009737098344693282
Bacteria,Bacteroidetes,Bacteroidia,Bacteroidales,Rikenellaceae,Alistipes,None,Bacteria,Firmicutes,Clostridia,Lachnospirales,Lachnospiraceae,Lachnospiraceae_UCG-008,metagenome,0.010710808179162609
Bacteria,Bacteroidetes,Bacteroidia,Bacteroidales,Rikenellaceae,Alistipes,None,Bacteria,Firmicutes,Clostridia,Lachnospirales,Lachnospiraceae,Lachnospiraceae_UCG-010,None,0.009737098344693282
Bacteria,Bacteroidetes,Bacteroidia,Bacteroidales,Rikenellaceae,Alistipes,None,Bacteria,Firmicutes,Clostridia,Lachnospirales,Lachnospiraceae,Marvinbryantia,None,0.009737098344693282
Bacteria,Bacteroidetes,Bacteroidia,Bacteroidales,Rikenellaceae,Alistipes,None,Bacteria,Firmicutes,Clostridia,Lachnospirales,Lachnospiraceae,Marvinbryantia,unidentified,0.010710808179162609
Bacteria,Bacteroidetes,Bacteroidia,Bacteroidales,Rikenellaceae,Alistipes,None,Bacteria,Firmicutes,Clostridia,Lachnospirales,Lachnospiraceae,Roseburia,None,0.009737098344693282
Bacteria,Bacteroidetes,Bacteroidia,Bacteroidales,Rikenellaceae,Alistipes,None,Bacteria,Firmicutes,Clostridia,Lachnospirales,Lachnospiraceae,Roseburia,gut_metagenome,0.010710808179162609
Bacteria,Bacteroidetes,Bacteroidia,Bacteroidales,Rikenellaceae,Alistipes,None,Bacteria,Firmicutes,Clostridia,Lachnospirales,Lachnospiraceae,Tuzzerella,None,0.009737098344693282
Bacteria,Bacteroidetes,Bacteroidia,Bacteroidales,Rikenellaceae,Alistipes,None,Bacteria,Firmicutes,Clostridia,Lachnospirales,Lachnospiraceae,Tyzzerella,None,0.009737098344693282
Bacteria,Bacteroidetes,Bacteroidia,Bacteroidales,Rikenellaceae,Alistipes,None,Bacteria,Firmicutes,Clostridia,Lachnospirales,Lachnospiraceae,Eubacterium_hallii_group,None,0.009737098344693282
Bacteria,Bacteroidetes,Bacteroidia,Bacteroidales,Rikenellaceae,Alistipes,None,Bacteria,Firmicutes,Clostridia,Lachnospirales,Lachnospiraceae,Eubacterium_ventriosum_group,metagenome,0.010710808179162609
Bacteria,Bacteroidetes,Bacteroidia,Bacteroidales,Rikenellaceae,Alistipes,None,Bacteria,Firmicutes,Clostridia,Lachnospirales,Lachnospiraceae,Ruminococcus_gauvreauii_group,uncultured_Lachnospiraceae_bacterium,0.010710808179162609
Bacteria,Bacteroidetes,Bacteroidia,Bacteroidales,Rikenellaceae,Alistipes,None,Bacteria,Firmicutes,Clostridia,Lachnospirales,Lachnospiraceae,Ruminococcus_gnavus_group,None,0.009737098344693282
Bacteria,Bacteroidetes,Bacteroidia,Bacteroidales,Rikenellaceae,Alistipes,None,Bacteria,Firmicutes,Clostridia,Lachnospirales,Lachnospiraceae,Ruminococcus_torques_group,Clostridiaceae_bacterium_LEMV78,0.010710808179162609
Bacteria,Bacteroidetes,Bacteroidia,Bacteroidales,Rikenellaceae,Alistipes,None,Bacteria,Firmicutes,Clostridia,Lachnospirales,Lachnospiraceae,Ruminococcus_torques_group,None,0.009737098344693282
Bacteria,Bacteroidetes,Bacteroidia,Bacteroidales,Rikenellaceae,Alistipes,None,Bacteria,Firmicutes,Clostridia,Lachnospirales,Lachnospiraceae,None,None,0.008763388510223954
Bacteria,Bacteroidetes,Bacteroidia,Bacteroidales,Rikenellaceae,Alistipes,None,Bacteria,Firmicutes,Clostridia,Lachnospirales,Lachnospiraceae,uncultured,None,0.009737098344693282
Bacteria,Bacteroidetes,Bacteroidia,Bacteroidales,Rikenellaceae,Alistipes,None,Bacteria,Firmicutes,Clostridia,Monoglobales,Monoglobaceae,Monoglobus,None,0.009737098344693282
Bacteria,Bacteroidetes,Bacteroidia,Bacteroidales,Rikenellaceae,Alistipes,None,Bacteria,Firmicutes,Clostridia,Oscillospirales,Butyricicoccaceae,Butyricicoccus,None,0.009737098344693282
Bacteria,Bacteroidetes,Bacteroidia,Bacteroidales,Rikenellaceae,Alistipes,None,Bacteria,Firmicutes,Clostridia,Oscillospirales,Hydrogenoanaerobacterium,None,None,0.008763388510223954
Bacteria,Bacteroidetes,Bacteroidia,Bacteroidales,Rikenellaceae,Alistipes,None,Bacteria,Firmicutes,Clostridia,Oscillospirales,Oscillospiraceae,Colidextribacter,None,0.009737098344693282
Bacteria,Bacteroidetes,Bacteroidia,Bacteroidales,Rikenellaceae,Alistipes,None,Bacteria,Firmicutes,Clostridia,Oscillospirales,Oscillospiraceae,Colidextribacter,metagenome,0.010710808179162609
Bacteria,Bacteroidetes,Bacteroidia,Bacteroidales,Rikenellaceae,Alistipes,None,Bacteria,Firmicutes,Clostridia,Oscillospirales,Oscillospiraceae,Flavonifractor,None,0.009737098344693282
Bacteria,Bacteroidetes,Bacteroidia,Bacteroidales,Rikenellaceae,Alistipes,None,Bacteria,Firmicutes,Clostridia,Oscillospirales,Oscillospiraceae,Intestinimonas,None,0.009737098344693282
Bacteria,Bacteroidetes,Bacteroidia,Bacteroidales,Rikenellaceae,Alistipes,None,Bacteria,Firmicutes,Clostridia,Oscillospirales,Oscillospiraceae,Intestinimonas,uncultured,0.010710808179162609
Bacteria,Bacteroidetes,Bacteroidia,Bacteroidales,Rikenellaceae,Alistipes,None,Bacteria,Firmicutes,Clostridia,Oscillospirales,Oscillospiraceae,NK4A214_group,None,0.009737098344693282
Bacteria,Bacteroidetes,Bacteroidia,Bacteroidales,Rikenellaceae,Alistipes,None,Bacteria,Firmicutes,Clostridia,Oscillospirales,Oscillospiraceae,Oscillibacter,None,0.009737098344693282
Bacteria,Bacteroidetes,Bacteroidia,Bacteroidales,Rikenellaceae,Alistipes,None,Bacteria,Firmicutes,Clostridia,Oscillospirales,Oscillospiraceae,Oscillibacter,metagenome,0.010710808179162609
Bacteria,Bacteroidetes,Bacteroidia,Bacteroidales,Rikenellaceae,Alistipes,None,Bacteria,Firmicutes,Clostridia,Oscillospirales,Oscillospiraceae,Oscillospira,None,0.009737098344693282
Bacteria,Bacteroidetes,Bacteroidia,Bacteroidales,Rikenellaceae,Alistipes,None,Bacteria,Firmicutes,Clostridia,Oscillospirales,Oscillospiraceae,UCG-002,None,0.009737098344693282
Bacteria,Bacteroidetes,Bacteroidia,Bacteroidales,Rikenellaceae,Alistipes,None,Bacteria,Firmicutes,Clostridia,Oscillospirales,Oscillospiraceae,UCG-003,None,0.009737098344693282
Bacteria,Bacteroidetes,Bacteroidia,Bacteroidales,Rikenellaceae,Alistipes,None,Bacteria,Firmicutes,Clostridia,Oscillospirales,Oscillospiraceae,UCG-005,None,0.009737098344693282
Bacteria,Bacteroidetes,Bacteroidia,Bacteroidales,Rikenellaceae,Alistipes,None,Bacteria,Firmicutes,Clostridia,Oscillospirales,Oscillospiraceae,UCG-005,metagenome,0.010710808179162609
Bacteria,Bacteroidetes,Bacteroidia,Bacteroidales,Rikenellaceae,Alistipes,None,Bacteria,Firmicutes,Clostridia,Oscillospirales,Oscillospiraceae,UCG-005,uncultured_Clostridiales_bacterium,0.010710808179162609
Bacteria,Bacteroidetes,Bacteroidia,Bacteroidales,Rikenellaceae,Alistipes,None,Bacteria,Firmicutes,Clostridia,Oscillospirales,Oscillospiraceae,UCG-005,uncultured_rumen_bacterium,0.010710808179162609
Bacteria,Bacteroidetes,Bacteroidia,Bacteroidales,Rikenellaceae,Alistipes,None,Bacteria,Firmicutes,Clostridia,Oscillospirales,Oscillospiraceae,None,None,0.008763388510223954
Bacteria,Bacteroidetes,Bacteroidia,Bacteroidales,Rikenellaceae,Alistipes,None,Bacteria,Firmicutes,Clostridia,Oscillospirales,Oscillospiraceae,uncultured,metagenome,0.010710808179162609
Bacteria,Bacteroidetes,Bacteroidia,Bacteroidales,Rikenellaceae,Alistipes,None,Bacteria,Firmicutes,Clostridia,Oscillospirales,Oscillospiraceae,uncultured,unidentified,0.010710808179162609
Bacteria,Bacteroidetes,Bacteroidia,Bacteroidales,Rikenellaceae,Alistipes,None,Bacteria,Firmicutes,Clostridia,Oscillospirales,Ruminococcaceae,Anaerofilum,uncultured_Firmicutes_bacterium,0.010710808179162609
Bacteria,Bacteroidetes,Bacteroidia,Bacteroidales,Rikenellaceae,Alistipes,None,Bacteria,Firmicutes,Clostridia,Oscillospirales,Ruminococcaceae,Anaerotruncus,Anaerotruncus_rubiinfantis,0.010710808179162609
Bacteria,Bacteroidetes,Bacteroidia,Bacteroidales,Rikenellaceae,Alistipes,None,Bacteria,Firmicutes,Clostridia,Oscillospirales,Ruminococcaceae,Anaerotruncus,Anaerotruncus_sp._NML_070203,0.010710808179162609
Bacteria,Bacteroidetes,Bacteroidia,Bacteroidales,Rikenellaceae,Alistipes,None,Bacteria,Firmicutes,Clostridia,Oscillospirales,Ruminococcaceae,Candidatus_Soleaferrea,Neobitarella_massiliensis,0.010710808179162609
Bacteria,Bacteroidetes,Bacteroidia,Bacteroidales,Rikenellaceae,Alistipes,None,Bacteria,Firmicutes,Clostridia,Oscillospirales,Ruminococcaceae,Candidatus_Soleaferrea,None,0.009737098344693282
Bacteria,Bacteroidetes,Bacteroidia,Bacteroidales,Rikenellaceae,Alistipes,None,Bacteria,Firmicutes,Clostridia,Oscillospirales,Ruminococcaceae,DTU089,None,0.009737098344693282
Bacteria,Bacteroidetes,Bacteroidia,Bacteroidales,Rikenellaceae,Alistipes,None,Bacteria,Firmicutes,Clostridia,Oscillospirales,Ruminococcaceae,Faecalibacterium,None,0.009737098344693282
Bacteria,Bacteroidetes,Bacteroidia,Bacteroidales,Rikenellaceae,Alistipes,None,Bacteria,Firmicutes,Clostridia,Oscillospirales,Ruminococcaceae,Fournierella,uncultured_organism,0.010710808179162609
Bacteria,Bacteroidetes,Bacteroidia,Bacteroidales,Rikenellaceae,Alistipes,None,Bacteria,Firmicutes,Clostridia,Oscillospirales,Ruminococcaceae,Incertae_Sedis,metagenome,0.010710808179162609
Bacteria,Bacteroidetes,Bacteroidia,Bacteroidales,Rikenellaceae,Alistipes,None,Bacteria,Firmicutes,Clostridia,Oscillospirales,Ruminococcaceae,Incertae_Sedis,None,0.009737098344693282
Bacteria,Bacteroidetes,Bacteroidia,Bacteroidales,Rikenellaceae,Alistipes,None,Bacteria,Firmicutes,Clostridia,Oscillospirales,Ruminococcaceae,Negativibacillus,None,0.009737098344693282
Bacteria,Bacteroidetes,Bacteroidia,Bacteroidales,Rikenellaceae,Alistipes,None,Bacteria,Firmicutes,Clostridia,Oscillospirales,Ruminococcaceae,Ruminococcus,Ruminococcus_champanellensis,0.010710808179162609
Bacteria,Bacteroidetes,Bacteroidia,Bacteroidales,Rikenellaceae,Alistipes,None,Bacteria,Firmicutes,Clostridia,Oscillospirales,Ruminococcaceae,Ruminococcus,None,0.009737098344693282
Bacteria,Bacteroidetes,Bacteroidia,Bacteroidales,Rikenellaceae,Alistipes,None,Bacteria,Firmicutes,Clostridia,Oscillospirales,Ruminococcaceae,Subdoligranulum,None,0.009737098344693282
Bacteria,Bacteroidetes,Bacteroidia,Bacteroidales,Rikenellaceae,Alistipes,None,Bacteria,Firmicutes,Clostridia,Oscillospirales,Ruminococcaceae,UBA1819,None,0.009737098344693282
Bacteria,Bacteroidetes,Bacteroidia,Bacteroidales,Rikenellaceae,Alistipes,None,Bacteria,Firmicutes,Clostridia,Oscillospirales,Ruminococcaceae,Eubacterium_siraeum_group,None,0.009737098344693282
Bacteria,Bacteroidetes,Bacteroidia,Bacteroidales,Rikenellaceae,Alistipes,None,Bacteria,Firmicutes,Clostridia,Oscillospirales,Ruminococcaceae,None,None,0.008763388510223954
Bacteria,Bacteroidetes,Bacteroidia,Bacteroidales,Rikenellaceae,Alistipes,None,Bacteria,Firmicutes,Clostridia,Oscillospirales,UCG-010,None,None,0.008763388510223954
Bacteria,Bacteroidetes,Bacteroidia,Bacteroidales,Rikenellaceae,Alistipes,None,Bacteria,Firmicutes,Clostridia,Oscillospirales,UCG-010,metagenome,None,0.009737098344693282
Bacteria,Bacteroidetes,Bacteroidia,Bacteroidales,Rikenellaceae,Alistipes,None,Bacteria,Firmicutes,Clostridia,Oscillospirales,UCG-010,uncultured_bacterium,None,0.009737098344693282
Bacteria,Bacteroidetes,Bacteroidia,Bacteroidales,Rikenellaceae,Alistipes,None,Bacteria,Firmicutes,Clostridia,Oscillospirales,UCG-010,uncultured_organism,None,0.009737098344693282
Bacteria,Bacteroidetes,Bacteroidia,Bacteroidales,Rikenellaceae,Alistipes,None,Bacteria,Firmicutes,Clostridia,Oscillospirales,Clostridium_methylpentosum_group,None,None,0.008763388510223954
Bacteria,Bacteroidetes,Bacteroidia,Bacteroidales,Rikenellaceae,Alistipes,None,Bacteria,Firmicutes,Clostridia,Oscillospirales,Eubacterium_coprostanoligenes_group,None,None,0.008763388510223954
Bacteria,Bacteroidetes,Bacteroidia,Bacteroidales,Rikenellaceae,Alistipes,None,Bacteria,Firmicutes,Clostridia,Oscillospirales,None,None,None,0.007789678675754625
Bacteria,Bacteroidetes,Bacteroidia,Bacteroidales,Rikenellaceae,Alistipes,None,Bacteria,Firmicutes,Clostridia,Peptococcales,Peptococcaceae,uncultured,None,0.009737098344693282
Bacteria,Bacteroidetes,Bacteroidia,Bacteroidales,Rikenellaceae,Alistipes,None,Bacteria,Firmicutes,Clostridia,Peptostreptococcales-Tissierellales,Anaerovoracaceae,Family_XIII_AD3011_group,metagenome,0.010710808179162609
Bacteria,Bacteroidetes,Bacteroidia,Bacteroidales,Rikenellaceae,Alistipes,None,Bacteria,Firmicutes,Clostridia,Peptostreptococcales-Tissierellales,Anaerovoracaceae,Family_XIII_AD3011_group,None,0.009737098344693282
Bacteria,Bacteroidetes,Bacteroidia,Bacteroidales,Rikenellaceae,Alistipes,None,Bacteria,Firmicutes,Clostridia,Peptostreptococcales-Tissierellales,Anaerovoracaceae,Family_XIII_AD3011_group,uncultured,0.010710808179162609
Bacteria,Bacteroidetes,Bacteroidia,Bacteroidales,Rikenellaceae,Alistipes,None,Bacteria,Firmicutes,Clostridia,Peptostreptococcales-Tissierellales,Anaerovoracaceae,Family_XIII_UCG-001,metagenome,0.010710808179162609
Bacteria,Bacteroidetes,Bacteroidia,Bacteroidales,Rikenellaceae,Alistipes,None,Bacteria,Firmicutes,Clostridia,Peptostreptococcales-Tissierellales,Anaerovoracaceae,Eubacterium_nodatum_group,None,0.009737098344693282
Bacteria,Bacteroidetes,Bacteroidia,Bacteroidales,Rikenellaceae,Alistipes,None,Bacteria,Firmicutes,Clostridia,Peptostreptococcales-Tissierellales,Anaerovoracaceae,None,None,0.008763388510223954
Bacteria,Bacteroidetes,Bacteroidia,Bacteroidales,Rikenellaceae,Alistipes,None,Bacteria,Firmicutes,Clostridia,Peptostreptococcales-Tissierellales,Parvimonas,None,None,0.008763388510223954
Bacteria,Bacteroidetes,Bacteroidia,Bacteroidales,Rikenellaceae,Alistipes,None,Bacteria,Firmicutes,Clostridia,None,None,None,None,0.006815968841285297
Bacteria,Bacteroidetes,Bacteroidia,Bacteroidales,Rikenellaceae,Alistipes,None,Bacteria,Firmicutes,Incertae_Sedis,DTU014,unidentified,None,None,0.008763388510223954
Bacteria,Bacteroidetes,Bacteroidia,Bacteroidales,Rikenellaceae,Alistipes,None,Bacteria,Firmicutes,Limnochordia,M55-D21,uncultured_compost_bacterium,None,None,0.008763388510223954
Bacteria,Bacteroidetes,Bacteroidia,Bacteroidales,Rikenellaceae,Alistipes,None,Bacteria,Firmicutes,Negativicutes,Acidaminococcales,Acidaminococcaceae,Phascolarctobacterium,None,0.009737098344693282
Bacteria,Bacteroidetes,Bacteroidia,Bacteroidales,Rikenellaceae,Alistipes,None,Bacteria,Firmicutes,None,None,None,None,None,0.005842259006815969
Bacteria,Bacteroidetes,Bacteroidia,Bacteroidales,Rikenellaceae,Alistipes,None,Bacteria,Firmicutes,uncultured,uncultured_Peptococcaceae_bacterium,None,None,None,0.007789678675754625
Bacteria,Bacteroidetes,Bacteroidia,Bacteroidales,Rikenellaceae,Alistipes,None,Bacteria,Proteobacteria,Alphaproteobacteria,Rhodospirillales,uncultured,None,None,0.008763388510223954
Bacteria,Bacteroidetes,Bacteroidia,Bacteroidales,Rikenellaceae,Alistipes,None,Bacteria,Proteobacteria,Gammaproteobacteria,Burkholderiales,Sutterellaceae,Sutterella,Sutterella_sp._252,0.010710808179162609
Bacteria,Bacteroidetes,Bacteroidia,Bacteroidales,Rikenellaceae,Alistipes,None,Bacteria,Proteobacteria,Gammaproteobacteria,Enterobacterales,Enterobacteriaceae,Escherichia-Shigella,None,0.009737098344693282
Bacteria,Bacteroidetes,Bacteroidia,Bacteroidales,Rikenellaceae,Alistipes,None,Bacteria,Proteobacteria,Gammaproteobacteria,Enterobacterales,Enterobacteriaceae,Klebsiella,None,0.009737098344693282
Bacteria,Bacteroidetes,Bacteroidia,Bacteroidales,Rikenellaceae,Alistipes,None,Bacteria,Proteobacteria,Gammaproteobacteria,Enterobacterales,Enterobacteriaceae,None,None,0.008763388510223954
Bacteria,Bacteroidetes,Bacteroidia,Bacteroidales,Rikenellaceae,Alistipes,None,Bacteria,Proteobacteria,Gammaproteobacteria,Pseudomonadales,Pseudomonadaceae,Pseudomonas,None,0.009737098344693282
Bacteria,Bacteroidetes,Bacteroidia,Bacteroidales,Rikenellaceae,Alistipes,None,Bacteria,Synergistota,Synergistia,Synergistales,Synergistaceae,Cloacibacillus,None,0.009737098344693282
Bacteria,Bacteroidetes,Bacteroidia,Bacteroidales,Rikenellaceae,Alistipes,None,Bacteria,Verrucomicrobiota,Verrucomicrobiae,Verrucomicrobiales,Akkermansiaceae,Akkermansia,None,0.009737098344693282
Bacteria,Bacteroidetes,Bacteroidia,Bacteroidales,Tannerellaceae,Parabacteroides,Parabacteroides_goldsteinii,Bacteria,Bacteroidetes,Bacteroidia,Bacteroidales,Tannerellaceae,Parabacteroides,None,0.0009737098344693282
Bacteria,Bacteroidetes,Bacteroidia,Bacteroidales,Tannerellaceae,Parabacteroides,Parabacteroides_goldsteinii,Bacteria,Bacteroidetes,Bacteroidia,Flavobacteriales,Flavobacteriaceae,uncultured,metagenome,0.007789678675754625
Bacteria,Bacteroidetes,Bacteroidia,Bacteroidales,Tannerellaceae,Parabacteroides,Parabacteroides_goldsteinii,Bacteria,Cyanobacteria/Chloroplast,Cyanobacteria.XI,GpXI,None,None,None,0.008763388510223954
Bacteria,Bacteroidetes,Bacteroidia,Bacteroidales,Tannerellaceae,Parabacteroides,Parabacteroides_goldsteinii,Bacteria,Desulfobacterota,Desulfovibrionia,Desulfovibrionales,Desulfovibrionaceae,Desulfovibrio,None,0.010710808179162609
Bacteria,Bacteroidetes,Bacteroidia,Bacteroidales,Tannerellaceae,Parabacteroides,Parabacteroides_goldsteinii,Bacteria,Firmicutes,Bacilli,Erysipelotrichales,Erysipelatoclostridiaceae,Erysipelatoclostridium,Clostridium_spiroforme_DSM_1552,0.011684518013631937
Bacteria,Bacteroidetes,Bacteroidia,Bacteroidales,Tannerellaceae,Parabacteroides,Parabacteroides_goldsteinii,Bacteria,Firmicutes,Bacilli,Erysipelotrichales,Erysipelatoclostridiaceae,Erysipelatoclostridium,None,0.010710808179162609
Bacteria,Bacteroidetes,Bacteroidia,Bacteroidales,Tannerellaceae,Parabacteroides,Parabacteroides_goldsteinii,Bacteria,Firmicutes,Bacilli,Erysipelotrichales,Erysipelotrichaceae,Faecalitalea,None,0.010710808179162609
Bacteria,Bacteroidetes,Bacteroidia,Bacteroidales,Tannerellaceae,Parabacteroides,Parabacteroides_goldsteinii,Bacteria,Firmicutes,Bacilli,Erysipelotrichales,Erysipelotrichaceae,Holdemanella,None,0.010710808179162609
Bacteria,Bacteroidetes,Bacteroidia,Bacteroidales,Tannerellaceae,Parabacteroides,Parabacteroides_goldsteinii,Bacteria,Firmicutes,Bacilli,Erysipelotrichales,Erysipelotrichaceae,Holdemania,None,0.010710808179162609
Bacteria,Bacteroidetes,Bacteroidia,Bacteroidales,Tannerellaceae,Parabacteroides,Parabacteroides_goldsteinii,Bacteria,Firmicutes,Bacilli,Erysipelotrichales,Erysipelotrichaceae,Clostridium_innocuum_group,None,0.010710808179162609
Bacteria,Bacteroidetes,Bacteroidia,Bacteroidales,Tannerellaceae,Parabacteroides,Parabacteroides_goldsteinii,Bacteria,Firmicutes,Bacilli,Izemoplasmatales,human_gut_metagenome,None,None,0.009737098344693282
Bacteria,Bacteroidetes,Bacteroidia,Bacteroidales,Tannerellaceae,Parabacteroides,Parabacteroides_goldsteinii,Bacteria,Firmicutes,Bacilli,Lactobacillales,Lactobacillaceae,Lactobacillus,Lactobacillus_mucosae,0.011684518013631937
Bacteria,Bacteroidetes,Bacteroidia,Bacteroidales,Tannerellaceae,Parabacteroides,Parabacteroides_goldsteinii,Bacteria,Firmicutes,Bacilli,Lactobacillales,Streptococcaceae,Lactococcus,None,0.010710808179162609
Bacteria,Bacteroidetes,Bacteroidia,Bacteroidales,Tannerellaceae,Parabacteroides,Parabacteroides_goldsteinii,Bacteria,Firmicutes,Bacilli,Lactobacillales,Streptococcaceae,Streptococcus,Streptococcus_sp._oral_taxon_065,0.011684518013631937
Bacteria,Bacteroidetes,Bacteroidia,Bacteroidales,Tannerellaceae,Parabacteroides,Parabacteroides_goldsteinii,Bacteria,Firmicutes,Bacilli,Lactobacillales,Streptococcaceae,Streptococcus,None,0.010710808179162609
Bacteria,Bacteroidetes,Bacteroidia,Bacteroidales,Tannerellaceae,Parabacteroides,Parabacteroides_goldsteinii,Bacteria,Firmicutes,Clostridia,Christensenellales,Christensenellaceae,Christensenellaceae_R-7_group,Christensenella_sp._Marseille-P3954,0.011684518013631937
Bacteria,Bacteroidetes,Bacteroidia,Bacteroidales,Tannerellaceae,Parabacteroides,Parabacteroides_goldsteinii,Bacteria,Firmicutes,Clostridia,Christensenellales,Christensenellaceae,Christensenellaceae_R-7_group,Clostridiales_bacterium_Marseille-P2846,0.011684518013631937
Bacteria,Bacteroidetes,Bacteroidia,Bacteroidales,Tannerellaceae,Parabacteroides,Parabacteroides_goldsteinii,Bacteria,Firmicutes,Clostridia,Christensenellales,Christensenellaceae,Christensenellaceae_R-7_group,None,0.010710808179162609
Bacteria,Bacteroidetes,Bacteroidia,Bacteroidales,Tannerellaceae,Parabacteroides,Parabacteroides_goldsteinii,Bacteria,Firmicutes,Clostridia,Christensenellales,Christensenellaceae,Christensenellaceae_R-7_group,bacterium_YE57,0.011684518013631937
Bacteria,Bacteroidetes,Bacteroidia,Bacteroidales,Tannerellaceae,Parabacteroides,Parabacteroides_goldsteinii,Bacteria,Firmicutes,Clostridia,Christensenellales,Christensenellaceae,Christensenellaceae_R-7_group,metagenome,0.011684518013631937
Bacteria,Bacteroidetes,Bacteroidia,Bacteroidales,Tannerellaceae,Parabacteroides,Parabacteroides_goldsteinii,Bacteria,Firmicutes,Clostridia,Christensenellales,Christensenellaceae,Christensenellaceae_R-7_group,uncultured_Firmicutes_bacterium,0.011684518013631937
Bacteria,Bacteroidetes,Bacteroidia,Bacteroidales,Tannerellaceae,Parabacteroides,Parabacteroides_goldsteinii,Bacteria,Firmicutes,Clostridia,Christensenellales,Christensenellaceae,Christensenellaceae_R-7_group,uncultured_marine_bacterium,0.011684518013631937
Bacteria,Bacteroidetes,Bacteroidia,Bacteroidales,Tannerellaceae,Parabacteroides,Parabacteroides_goldsteinii,Bacteria,Firmicutes,Clostridia,Christensenellales,Christensenellaceae,Christensenellaceae_R-7_group,uncultured_organism,0.011684518013631937
Bacteria,Bacteroidetes,Bacteroidia,Bacteroidales,Tannerellaceae,Parabacteroides,Parabacteroides_goldsteinii,Bacteria,Firmicutes,Clostridia,Christensenellales,Christensenellaceae,None,None,0.009737098344693282
Bacteria,Bacteroidetes,Bacteroidia,Bacteroidales,Tannerellaceae,Parabacteroides,Parabacteroides_goldsteinii,Bacteria,Firmicutes,Clostridia,Clostridia_vadinBB60_group,metagenome,None,None,0.009737098344693282
Bacteria,Bacteroidetes,Bacteroidia,Bacteroidales,Tannerellaceae,Parabacteroides,Parabacteroides_goldsteinii,Bacteria,Firmicutes,Clostridia,Clostridia_vadinBB60_group,wastewater_metagenome,None,None,0.009737098344693282
Bacteria,Bacteroidetes,Bacteroidia,Bacteroidales,Tannerellaceae,Parabacteroides,Parabacteroides_goldsteinii,Bacteria,Firmicutes,Clostridia,Clostridiales,Christensenellaceae,Christensenella,PAC001427,0.011684518013631937
Bacteria,Bacteroidetes,Bacteroidia,Bacteroidales,Tannerellaceae,Parabacteroides,Parabacteroides_goldsteinii,Bacteria,Firmicutes,Clostridia,Clostridiales,Christensenellaceae,Christensenella,PAC002297,0.011684518013631937
Bacteria,Bacteroidetes,Bacteroidia,Bacteroidales,Tannerellaceae,Parabacteroides,Parabacteroides_goldsteinii,Bacteria,Firmicutes,Clostridia,Clostridiales,Christensenellaceae,PAC001115,PAC001444,0.011684518013631937
Bacteria,Bacteroidetes,Bacteroidia,Bacteroidales,Tannerellaceae,Parabacteroides,Parabacteroides_goldsteinii,Bacteria,Firmicutes,Clostridia,Clostridiales,Christensenellaceae,PAC001437,PAC001486,0.011684518013631937
Bacteria,Bacteroidetes,Bacteroidia,Bacteroidales,Tannerellaceae,Parabacteroides,Parabacteroides_goldsteinii,Bacteria,Firmicutes,Clostridia,Clostridiales,Christensenellaceae,PAC001437,PAC002305,0.011684518013631937
Bacteria,Bacteroidetes,Bacteroidia,Bacteroidales,Tannerellaceae,Parabacteroides,Parabacteroides_goldsteinii,Bacteria,Firmicutes,Clostridia,Clostridiales,Christensenellaceae,PAC002510,PAC002510,0.011684518013631937
Bacteria,Bacteroidetes,Bacteroidia,Bacteroidales,Tannerellaceae,Parabacteroides,Parabacteroides_goldsteinii,Bacteria,Firmicutes,Clostridia,Clostridiales,Dehalobacterium,PAC002141,PAC002141,0.011684518013631937
Bacteria,Bacteroidetes,Bacteroidia,Bacteroidales,Tannerellaceae,Parabacteroides,Parabacteroides_goldsteinii,Bacteria,Firmicutes,Clostridia,Clostridiales,Ruminococcaceae,PAC000742,PAC000742,0.011684518013631937
Bacteria,Bacteroidetes,Bacteroidia,Bacteroidales,Tannerellaceae,Parabacteroides,Parabacteroides_goldsteinii,Bacteria,Firmicutes,Clostridia,Clostridiales,Ruminococcaceae,PAC001144,PAC001620,0.011684518013631937
Bacteria,Bacteroidetes,Bacteroidia,Bacteroidales,Tannerellaceae,Parabacteroides,Parabacteroides_goldsteinii,Bacteria,Firmicutes,Clostridia,Clostridiales,Ruminococcaceae,PAC001313,PAC001649,0.011684518013631937
Bacteria,Bacteroidetes,Bacteroidia,Bacteroidales,Tannerellaceae,Parabacteroides,Parabacteroides_goldsteinii,Bacteria,Firmicutes,Clostridia,Clostridiales,Ruminococcaceae,PAC002201,PAC002201,0.011684518013631937
Bacteria,Bacteroidetes,Bacteroidia,Bacteroidales,Tannerellaceae,Parabacteroides,Parabacteroides_goldsteinii,Bacteria,Firmicutes,Clostridia,Eubacteriales,Eubacteriaceae,Eubacterium,None,0.010710808179162609
Bacteria,Bacteroidetes,Bacteroidia,Bacteroidales,Tannerellaceae,Parabacteroides,Parabacteroides_goldsteinii,Bacteria,Firmicutes,Clostridia,Lachnospirales,Lachnospiraceae,Agathobacter,None,0.010710808179162609
Bacteria,Bacteroidetes,Bacteroidia,Bacteroidales,Tannerellaceae,Parabacteroides,Parabacteroides_goldsteinii,Bacteria,Firmicutes,Clostridia,Lachnospirales,Lachnospiraceae,Anaerostipes,None,0.010710808179162609
Bacteria,Bacteroidetes,Bacteroidia,Bacteroidales,Tannerellaceae,Parabacteroides,Parabacteroides_goldsteinii,Bacteria,Firmicutes,Clostridia,Lachnospirales,Lachnospiraceae,Blautia,None,0.010710808179162609
Bacteria,Bacteroidetes,Bacteroidia,Bacteroidales,Tannerellaceae,Parabacteroides,Parabacteroides_goldsteinii,Bacteria,Firmicutes,Clostridia,Lachnospirales,Lachnospiraceae,Blautia,bacterium_mpn-isolate_group_20,0.011684518013631937
Bacteria,Bacteroidetes,Bacteroidia,Bacteroidales,Tannerellaceae,Parabacteroides,Parabacteroides_goldsteinii,Bacteria,Firmicutes,Clostridia,Lachnospirales,Lachnospiraceae,Blautia,uncultured_Blautia_sp.,0.011684518013631937
Bacteria,Bacteroidetes,Bacteroidia,Bacteroidales,Tannerellaceae,Parabacteroides,Parabacteroides_goldsteinii,Bacteria,Firmicutes,Clostridia,Lachnospirales,Lachnospiraceae,Coprococcus,None,0.010710808179162609
Bacteria,Bacteroidetes,Bacteroidia,Bacteroidales,Tannerellaceae,Parabacteroides,Parabacteroides_goldsteinii,Bacteria,Firmicutes,Clostridia,Lachnospirales,Lachnospiraceae,Coprococcus,uncultured_Coprococcus_sp.,0.011684518013631937
Bacteria,Bacteroidetes,Bacteroidia,Bacteroidales,Tannerellaceae,Parabacteroides,Parabacteroides_goldsteinii,Bacteria,Firmicutes,Clostridia,Lachnospirales,Lachnospiraceae,Dorea,None,0.010710808179162609
Bacteria,Bacteroidetes,Bacteroidia,Bacteroidales,Tannerellaceae,Parabacteroides,Parabacteroides_goldsteinii,Bacteria,Firmicutes,Clostridia,Lachnospirales,Lachnospiraceae,Eisenbergiella,None,0.010710808179162609
Bacteria,Bacteroidetes,Bacteroidia,Bacteroidales,Tannerellaceae,Parabacteroides,Parabacteroides_goldsteinii,Bacteria,Firmicutes,Clostridia,Lachnospirales,Lachnospiraceae,Frisingicoccus,None,0.010710808179162609
Bacteria,Bacteroidetes,Bacteroidia,Bacteroidales,Tannerellaceae,Parabacteroides,Parabacteroides_goldsteinii,Bacteria,Firmicutes,Clostridia,Lachnospirales,Lachnospiraceae,Fusicatenibacter,uncultured_Lachnospiraceae_bacterium,0.011684518013631937
Bacteria,Bacteroidetes,Bacteroidia,Bacteroidales,Tannerellaceae,Parabacteroides,Parabacteroides_goldsteinii,Bacteria,Firmicutes,Clostridia,Lachnospirales,Lachnospiraceae,GCA-900066575,None,0.010710808179162609
Bacteria,Bacteroidetes,Bacteroidia,Bacteroidales,Tannerellaceae,Parabacteroides,Parabacteroides_goldsteinii,Bacteria,Firmicutes,Clostridia,Lachnospirales,Lachnospiraceae,GCA-900066575,metagenome,0.011684518013631937
Bacteria,Bacteroidetes,Bacteroidia,Bacteroidales,Tannerellaceae,Parabacteroides,Parabacteroides_goldsteinii,Bacteria,Firmicutes,Clostridia,Lachnospirales,Lachnospiraceae,GCA-900066755,None,0.010710808179162609
Bacteria,Bacteroidetes,Bacteroidia,Bacteroidales,Tannerellaceae,Parabacteroides,Parabacteroides_goldsteinii,Bacteria,Firmicutes,Clostridia,Lachnospirales,Lachnospiraceae,Hungatella,metagenome,0.011684518013631937
Bacteria,Bacteroidetes,Bacteroidia,Bacteroidales,Tannerellaceae,Parabacteroides,Parabacteroides_goldsteinii,Bacteria,Firmicutes,Clostridia,Lachnospirales,Lachnospiraceae,Lachnoclostridium,Clostridium_symbiosum,0.011684518013631937
Bacteria,Bacteroidetes,Bacteroidia,Bacteroidales,Tannerellaceae,Parabacteroides,Parabacteroides_goldsteinii,Bacteria,Firmicutes,Clostridia,Lachnospirales,Lachnospiraceae,Lachnoclostridium,None,0.010710808179162609
Bacteria,Bacteroidetes,Bacteroidia,Bacteroidales,Tannerellaceae,Parabacteroides,Parabacteroides_goldsteinii,Bacteria,Firmicutes,Clostridia,Lachnospirales,Lachnospiraceae,Lachnoclostridium,uncultured_Lachnospiraceae_bacterium,0.011684518013631937
Bacteria,Bacteroidetes,Bacteroidia,Bacteroidales,Tannerellaceae,Parabacteroides,Parabacteroides_goldsteinii,Bacteria,Firmicutes,Clostridia,Lachnospirales,Lachnospiraceae,Lachnospiraceae_ND3007_group,metagenome,0.011684518013631937
Bacteria,Bacteroidetes,Bacteroidia,Bacteroidales,Tannerellaceae,Parabacteroides,Parabacteroides_goldsteinii,Bacteria,Firmicutes,Clostridia,Lachnospirales,Lachnospiraceae,Lachnospiraceae_NK4A136_group,None,0.010710808179162609
Bacteria,Bacteroidetes,Bacteroidia,Bacteroidales,Tannerellaceae,Parabacteroides,Parabacteroides_goldsteinii,Bacteria,Firmicutes,Clostridia,Lachnospirales,Lachnospiraceae,Lachnospiraceae_NK4A136_group,uncultured_Lachnospiraceae_bacterium,0.011684518013631937
Bacteria,Bacteroidetes,Bacteroidia,Bacteroidales,Tannerellaceae,Parabacteroides,Parabacteroides_goldsteinii,Bacteria,Firmicutes,Clostridia,Lachnospirales,Lachnospiraceae,Lachnospiraceae_NK4A136_group,uncultured_bacterium_Adhufec49.25,0.011684518013631937
Bacteria,Bacteroidetes,Bacteroidia,Bacteroidales,Tannerellaceae,Parabacteroides,Parabacteroides_goldsteinii,Bacteria,Firmicutes,Clostridia,Lachnospirales,Lachnospiraceae,Lachnospiraceae_NK4B4_group,None,0.010710808179162609
Bacteria,Bacteroidetes,Bacteroidia,Bacteroidales,Tannerellaceae,Parabacteroides,Parabacteroides_goldsteinii,Bacteria,Firmicutes,Clostridia,Lachnospirales,Lachnospiraceae,Lachnospiraceae_UCG-001,metagenome,0.011684518013631937
Bacteria,Bacteroidetes,Bacteroidia,Bacteroidales,Tannerellaceae,Parabacteroides,Parabacteroides_goldsteinii,Bacteria,Firmicutes,Clostridia,Lachnospirales,Lachnospiraceae,Lachnospiraceae_UCG-004,None,0.010710808179162609
Bacteria,Bacteroidetes,Bacteroidia,Bacteroidales,Tannerellaceae,Parabacteroides,Parabacteroides_goldsteinii,Bacteria,Firmicutes,Clostridia,Lachnospirales,Lachnospiraceae,Lachnospiraceae_UCG-008,metagenome,0.011684518013631937
Bacteria,Bacteroidetes,Bacteroidia,Bacteroidales,Tannerellaceae,Parabacteroides,Parabacteroides_goldsteinii,Bacteria,Firmicutes,Clostridia,Lachnospirales,Lachnospiraceae,Lachnospiraceae_UCG-010,None,0.010710808179162609
Bacteria,Bacteroidetes,Bacteroidia,Bacteroidales,Tannerellaceae,Parabacteroides,Parabacteroides_goldsteinii,Bacteria,Firmicutes,Clostridia,Lachnospirales,Lachnospiraceae,Marvinbryantia,None,0.010710808179162609
Bacteria,Bacteroidetes,Bacteroidia,Bacteroidales,Tannerellaceae,Parabacteroides,Parabacteroides_goldsteinii,Bacteria,Firmicutes,Clostridia,Lachnospirales,Lachnospiraceae,Marvinbryantia,unidentified,0.011684518013631937
Bacteria,Bacteroidetes,Bacteroidia,Bacteroidales,Tannerellaceae,Parabacteroides,Parabacteroides_goldsteinii,Bacteria,Firmicutes,Clostridia,Lachnospirales,Lachnospiraceae,Roseburia,None,0.010710808179162609
Bacteria,Bacteroidetes,Bacteroidia,Bacteroidales,Tannerellaceae,Parabacteroides,Parabacteroides_goldsteinii,Bacteria,Firmicutes,Clostridia,Lachnospirales,Lachnospiraceae,Roseburia,gut_metagenome,0.011684518013631937
Bacteria,Bacteroidetes,Bacteroidia,Bacteroidales,Tannerellaceae,Parabacteroides,Parabacteroides_goldsteinii,Bacteria,Firmicutes,Clostridia,Lachnospirales,Lachnospiraceae,Tuzzerella,None,0.010710808179162609
Bacteria,Bacteroidetes,Bacteroidia,Bacteroidales,Tannerellaceae,Parabacteroides,Parabacteroides_goldsteinii,Bacteria,Firmicutes,Clostridia,Lachnospirales,Lachnospiraceae,Tyzzerella,None,0.010710808179162609
Bacteria,Bacteroidetes,Bacteroidia,Bacteroidales,Tannerellaceae,Parabacteroides,Parabacteroides_goldsteinii,Bacteria,Firmicutes,Clostridia,Lachnospirales,Lachnospiraceae,Eubacterium_hallii_group,None,0.010710808179162609
Bacteria,Bacteroidetes,Bacteroidia,Bacteroidales,Tannerellaceae,Parabacteroides,Parabacteroides_goldsteinii,Bacteria,Firmicutes,Clostridia,Lachnospirales,Lachnospiraceae,Eubacterium_ventriosum_group,metagenome,0.011684518013631937
Bacteria,Bacteroidetes,Bacteroidia,Bacteroidales,Tannerellaceae,Parabacteroides,Parabacteroides_goldsteinii,Bacteria,Firmicutes,Clostridia,Lachnospirales,Lachnospiraceae,Ruminococcus_gauvreauii_group,uncultured_Lachnospiraceae_bacterium,0.011684518013631937
Bacteria,Bacteroidetes,Bacteroidia,Bacteroidales,Tannerellaceae,Parabacteroides,Parabacteroides_goldsteinii,Bacteria,Firmicutes,Clostridia,Lachnospirales,Lachnospiraceae,Ruminococcus_gnavus_group,None,0.010710808179162609
Bacteria,Bacteroidetes,Bacteroidia,Bacteroidales,Tannerellaceae,Parabacteroides,Parabacteroides_goldsteinii,Bacteria,Firmicutes,Clostridia,Lachnospirales,Lachnospiraceae,Ruminococcus_torques_group,Clostridiaceae_bacterium_LEMV78,0.011684518013631937
Bacteria,Bacteroidetes,Bacteroidia,Bacteroidales,Tannerellaceae,Parabacteroides,Parabacteroides_goldsteinii,Bacteria,Firmicutes,Clostridia,Lachnospirales,Lachnospiraceae,Ruminococcus_torques_group,None,0.010710808179162609
Bacteria,Bacteroidetes,Bacteroidia,Bacteroidales,Tannerellaceae,Parabacteroides,Parabacteroides_goldsteinii,Bacteria,Firmicutes,Clostridia,Lachnospirales,Lachnospiraceae,None,None,0.009737098344693282
Bacteria,Bacteroidetes,Bacteroidia,Bacteroidales,Tannerellaceae,Parabacteroides,Parabacteroides_goldsteinii,Bacteria,Firmicutes,Clostridia,Lachnospirales,Lachnospiraceae,uncultured,None,0.010710808179162609
Bacteria,Bacteroidetes,Bacteroidia,Bacteroidales,Tannerellaceae,Parabacteroides,Parabacteroides_goldsteinii,Bacteria,Firmicutes,Clostridia,Monoglobales,Monoglobaceae,Monoglobus,None,0.010710808179162609
Bacteria,Bacteroidetes,Bacteroidia,Bacteroidales,Tannerellaceae,Parabacteroides,Parabacteroides_goldsteinii,Bacteria,Firmicutes,Clostridia,Oscillospirales,Butyricicoccaceae,Butyricicoccus,None,0.010710808179162609
Bacteria,Bacteroidetes,Bacteroidia,Bacteroidales,Tannerellaceae,Parabacteroides,Parabacteroides_goldsteinii,Bacteria,Firmicutes,Clostridia,Oscillospirales,Hydrogenoanaerobacterium,None,None,0.009737098344693282
Bacteria,Bacteroidetes,Bacteroidia,Bacteroidales,Tannerellaceae,Parabacteroides,Parabacteroides_goldsteinii,Bacteria,Firmicutes,Clostridia,Oscillospirales,Oscillospiraceae,Colidextribacter,None,0.010710808179162609
Bacteria,Bacteroidetes,Bacteroidia,Bacteroidales,Tannerellaceae,Parabacteroides,Parabacteroides_goldsteinii,Bacteria,Firmicutes,Clostridia,Oscillospirales,Oscillospiraceae,Colidextribacter,metagenome,0.011684518013631937
Bacteria,Bacteroidetes,Bacteroidia,Bacteroidales,Tannerellaceae,Parabacteroides,Parabacteroides_goldsteinii,Bacteria,Firmicutes,Clostridia,Oscillospirales,Oscillospiraceae,Flavonifractor,None,0.010710808179162609
Bacteria,Bacteroidetes,Bacteroidia,Bacteroidales,Tannerellaceae,Parabacteroides,Parabacteroides_goldsteinii,Bacteria,Firmicutes,Clostridia,Oscillospirales,Oscillospiraceae,Intestinimonas,None,0.010710808179162609
Bacteria,Bacteroidetes,Bacteroidia,Bacteroidales,Tannerellaceae,Parabacteroides,Parabacteroides_goldsteinii,Bacteria,Firmicutes,Clostridia,Oscillospirales,Oscillospiraceae,Intestinimonas,uncultured,0.011684518013631937
Bacteria,Bacteroidetes,Bacteroidia,Bacteroidales,Tannerellaceae,Parabacteroides,Parabacteroides_goldsteinii,Bacteria,Firmicutes,Clostridia,Oscillospirales,Oscillospiraceae,NK4A214_group,None,0.010710808179162609
Bacteria,Bacteroidetes,Bacteroidia,Bacteroidales,Tannerellaceae,Parabacteroides,Parabacteroides_goldsteinii,Bacteria,Firmicutes,Clostridia,Oscillospirales,Oscillospiraceae,Oscillibacter,None,0.010710808179162609
Bacteria,Bacteroidetes,Bacteroidia,Bacteroidales,Tannerellaceae,Parabacteroides,Parabacteroides_goldsteinii,Bacteria,Firmicutes,Clostridia,Oscillospirales,Oscillospiraceae,Oscillibacter,metagenome,0.011684518013631937
Bacteria,Bacteroidetes,Bacteroidia,Bacteroidales,Tannerellaceae,Parabacteroides,Parabacteroides_goldsteinii,Bacteria,Firmicutes,Clostridia,Oscillospirales,Oscillospiraceae,Oscillospira,None,0.010710808179162609
Bacteria,Bacteroidetes,Bacteroidia,Bacteroidales,Tannerellaceae,Parabacteroides,Parabacteroides_goldsteinii,Bacteria,Firmicutes,Clostridia,Oscillospirales,Oscillospiraceae,UCG-002,None,0.010710808179162609
Bacteria,Bacteroidetes,Bacteroidia,Bacteroidales,Tannerellaceae,Parabacteroides,Parabacteroides_goldsteinii,Bacteria,Firmicutes,Clostridia,Oscillospirales,Oscillospiraceae,UCG-003,None,0.010710808179162609
Bacteria,Bacteroidetes,Bacteroidia,Bacteroidales,Tannerellaceae,Parabacteroides,Parabacteroides_goldsteinii,Bacteria,Firmicutes,Clostridia,Oscillospirales,Oscillospiraceae,UCG-005,None,0.010710808179162609
Bacteria,Bacteroidetes,Bacteroidia,Bacteroidales,Tannerellaceae,Parabacteroides,Parabacteroides_goldsteinii,Bacteria,Firmicutes,Clostridia,Oscillospirales,Oscillospiraceae,UCG-005,metagenome,0.011684518013631937
Bacteria,Bacteroidetes,Bacteroidia,Bacteroidales,Tannerellaceae,Parabacteroides,Parabacteroides_goldsteinii,Bacteria,Firmicutes,Clostridia,Oscillospirales,Oscillospiraceae,UCG-005,uncultured_Clostridiales_bacterium,0.011684518013631937
Bacteria,Bacteroidetes,Bacteroidia,Bacteroidales,Tannerellaceae,Parabacteroides,Parabacteroides_goldsteinii,Bacteria,Firmicutes,Clostridia,Oscillospirales,Oscillospiraceae,UCG-005,uncultured_rumen_bacterium,0.011684518013631937
Bacteria,Bacteroidetes,Bacteroidia,Bacteroidales,Tannerellaceae,Parabacteroides,Parabacteroides_goldsteinii,Bacteria,Firmicutes,Clostridia,Oscillospirales,Oscillospiraceae,None,None,0.009737098344693282
Bacteria,Bacteroidetes,Bacteroidia,Bacteroidales,Tannerellaceae,Parabacteroides,Parabacteroides_goldsteinii,Bacteria,Firmicutes,Clostridia,Oscillospirales,Oscillospiraceae,uncultured,metagenome,0.011684518013631937
Bacteria,Bacteroidetes,Bacteroidia,Bacteroidales,Tannerellaceae,Parabacteroides,Parabacteroides_goldsteinii,Bacteria,Firmicutes,Clostridia,Oscillospirales,Oscillospiraceae,uncultured,unidentified,0.011684518013631937
Bacteria,Bacteroidetes,Bacteroidia,Bacteroidales,Tannerellaceae,Parabacteroides,Parabacteroides_goldsteinii,Bacteria,Firmicutes,Clostridia,Oscillospirales,Ruminococcaceae,Anaerofilum,uncultured_Firmicutes_bacterium,0.011684518013631937
Bacteria,Bacteroidetes,Bacteroidia,Bacteroidales,Tannerellaceae,Parabacteroides,Parabacteroides_goldsteinii,Bacteria,Firmicutes,Clostridia,Oscillospirales,Ruminococcaceae,Anaerotruncus,Anaerotruncus_rubiinfantis,0.011684518013631937
Bacteria,Bacteroidetes,Bacteroidia,Bacteroidales,Tannerellaceae,Parabacteroides,Parabacteroides_goldsteinii,Bacteria,Firmicutes,Clostridia,Oscillospirales,Ruminococcaceae,Anaerotruncus,Anaerotruncus_sp._NML_070203,0.011684518013631937
Bacteria,Bacteroidetes,Bacteroidia,Bacteroidales,Tannerellaceae,Parabacteroides,Parabacteroides_goldsteinii,Bacteria,Firmicutes,Clostridia,Oscillospirales,Ruminococcaceae,Candidatus_Soleaferrea,Neobitarella_massiliensis,0.011684518013631937
Bacteria,Bacteroidetes,Bacteroidia,Bacteroidales,Tannerellaceae,Parabacteroides,Parabacteroides_goldsteinii,Bacteria,Firmicutes,Clostridia,Oscillospirales,Ruminococcaceae,Candidatus_Soleaferrea,None,0.010710808179162609
Bacteria,Bacteroidetes,Bacteroidia,Bacteroidales,Tannerellaceae,Parabacteroides,Parabacteroides_goldsteinii,Bacteria,Firmicutes,Clostridia,Oscillospirales,Ruminococcaceae,DTU089,None,0.010710808179162609
Bacteria,Bacteroidetes,Bacteroidia,Bacteroidales,Tannerellaceae,Parabacteroides,Parabacteroides_goldsteinii,Bacteria,Firmicutes,Clostridia,Oscillospirales,Ruminococcaceae,Faecalibacterium,None,0.010710808179162609
Bacteria,Bacteroidetes,Bacteroidia,Bacteroidales,Tannerellaceae,Parabacteroides,Parabacteroides_goldsteinii,Bacteria,Firmicutes,Clostridia,Oscillospirales,Ruminococcaceae,Fournierella,uncultured_organism,0.011684518013631937
Bacteria,Bacteroidetes,Bacteroidia,Bacteroidales,Tannerellaceae,Parabacteroides,Parabacteroides_goldsteinii,Bacteria,Firmicutes,Clostridia,Oscillospirales,Ruminococcaceae,Incertae_Sedis,metagenome,0.011684518013631937
Bacteria,Bacteroidetes,Bacteroidia,Bacteroidales,Tannerellaceae,Parabacteroides,Parabacteroides_goldsteinii,Bacteria,Firmicutes,Clostridia,Oscillospirales,Ruminococcaceae,Incertae_Sedis,None,0.010710808179162609
Bacteria,Bacteroidetes,Bacteroidia,Bacteroidales,Tannerellaceae,Parabacteroides,Parabacteroides_goldsteinii,Bacteria,Firmicutes,Clostridia,Oscillospirales,Ruminococcaceae,Negativibacillus,None,0.010710808179162609
Bacteria,Bacteroidetes,Bacteroidia,Bacteroidales,Tannerellaceae,Parabacteroides,Parabacteroides_goldsteinii,Bacteria,Firmicutes,Clostridia,Oscillospirales,Ruminococcaceae,Ruminococcus,Ruminococcus_champanellensis,0.011684518013631937
Bacteria,Bacteroidetes,Bacteroidia,Bacteroidales,Tannerellaceae,Parabacteroides,Parabacteroides_goldsteinii,Bacteria,Firmicutes,Clostridia,Oscillospirales,Ruminococcaceae,Ruminococcus,None,0.010710808179162609
Bacteria,Bacteroidetes,Bacteroidia,Bacteroidales,Tannerellaceae,Parabacteroides,Parabacteroides_goldsteinii,Bacteria,Firmicutes,Clostridia,Oscillospirales,Ruminococcaceae,Subdoligranulum,None,0.010710808179162609
Bacteria,Bacteroidetes,Bacteroidia,Bacteroidales,Tannerellaceae,Parabacteroides,Parabacteroides_goldsteinii,Bacteria,Firmicutes,Clostridia,Oscillospirales,Ruminococcaceae,UBA1819,None,0.010710808179162609
Bacteria,Bacteroidetes,Bacteroidia,Bacteroidales,Tannerellaceae,Parabacteroides,Parabacteroides_goldsteinii,Bacteria,Firmicutes,Clostridia,Oscillospirales,Ruminococcaceae,Eubacterium_siraeum_group,None,0.010710808179162609
Bacteria,Bacteroidetes,Bacteroidia,Bacteroidales,Tannerellaceae,Parabacteroides,Parabacteroides_goldsteinii,Bacteria,Firmicutes,Clostridia,Oscillospirales,Ruminococcaceae,None,None,0.009737098344693282
Bacteria,Bacteroidetes,Bacteroidia,Bacteroidales,Tannerellaceae,Parabacteroides,Parabacteroides_goldsteinii,Bacteria,Firmicutes,Clostridia,Oscillospirales,UCG-010,None,None,0.009737098344693282
Bacteria,Bacteroidetes,Bacteroidia,Bacteroidales,Tannerellaceae,Parabacteroides,Parabacteroides_goldsteinii,Bacteria,Firmicutes,Clostridia,Oscillospirales,UCG-010,metagenome,None,0.010710808179162609
Bacteria,Bacteroidetes,Bacteroidia,Bacteroidales,Tannerellaceae,Parabacteroides,Parabacteroides_goldsteinii,Bacteria,Firmicutes,Clostridia,Oscillospirales,UCG-010,uncultured_bacterium,None,0.010710808179162609
Bacteria,Bacteroidetes,Bacteroidia,Bacteroidales,Tannerellaceae,Parabacteroides,Parabacteroides_goldsteinii,Bacteria,Firmicutes,Clostridia,Oscillospirales,UCG-010,uncultured_organism,None,0.010710808179162609
Bacteria,Bacteroidetes,Bacteroidia,Bacteroidales,Tannerellaceae,Parabacteroides,Parabacteroides_goldsteinii,Bacteria,Firmicutes,Clostridia,Oscillospirales,Clostridium_methylpentosum_group,None,None,0.009737098344693282
Bacteria,Bacteroidetes,Bacteroidia,Bacteroidales,Tannerellaceae,Parabacteroides,Parabacteroides_goldsteinii,Bacteria,Firmicutes,Clostridia,Oscillospirales,Eubacterium_coprostanoligenes_group,None,None,0.009737098344693282
Bacteria,Bacteroidetes,Bacteroidia,Bacteroidales,Tannerellaceae,Parabacteroides,Parabacteroides_goldsteinii,Bacteria,Firmicutes,Clostridia,Oscillospirales,None,None,None,0.008763388510223954
Bacteria,Bacteroidetes,Bacteroidia,Bacteroidales,Tannerellaceae,Parabacteroides,Parabacteroides_goldsteinii,Bacteria,Firmicutes,Clostridia,Peptococcales,Peptococcaceae,uncultured,None,0.010710808179162609
Bacteria,Bacteroidetes,Bacteroidia,Bacteroidales,Tannerellaceae,Parabacteroides,Parabacteroides_goldsteinii,Bacteria,Firmicutes,Clostridia,Peptostreptococcales-Tissierellales,Anaerovoracaceae,Family_XIII_AD3011_group,metagenome,0.011684518013631937
Bacteria,Bacteroidetes,Bacteroidia,Bacteroidales,Tannerellaceae,Parabacteroides,Parabacteroides_goldsteinii,Bacteria,Firmicutes,Clostridia,Peptostreptococcales-Tissierellales,Anaerovoracaceae,Family_XIII_AD3011_group,None,0.010710808179162609
Bacteria,Bacteroidetes,Bacteroidia,Bacteroidales,Tannerellaceae,Parabacteroides,Parabacteroides_goldsteinii,Bacteria,Firmicutes,Clostridia,Peptostreptococcales-Tissierellales,Anaerovoracaceae,Family_XIII_AD3011_group,uncultured,0.011684518013631937
Bacteria,Bacteroidetes,Bacteroidia,Bacteroidales,Tannerellaceae,Parabacteroides,Parabacteroides_goldsteinii,Bacteria,Firmicutes,Clostridia,Peptostreptococcales-Tissierellales,Anaerovoracaceae,Family_XIII_UCG-001,metagenome,0.011684518013631937
Bacteria,Bacteroidetes,Bacteroidia,Bacteroidales,Tannerellaceae,Parabacteroides,Parabacteroides_goldsteinii,Bacteria,Firmicutes,Clostridia,Peptostreptococcales-Tissierellales,Anaerovoracaceae,Eubacterium_nodatum_group,None,0.010710808179162609
Bacteria,Bacteroidetes,Bacteroidia,Bacteroidales,Tannerellaceae,Parabacteroides,Parabacteroides_goldsteinii,Bacteria,Firmicutes,Clostridia,Peptostreptococcales-Tissierellales,Anaerovoracaceae,None,None,0.009737098344693282
Bacteria,Bacteroidetes,Bacteroidia,Bacteroidales,Tannerellaceae,Parabacteroides,Parabacteroides_goldsteinii,Bacteria,Firmicutes,Clostridia,Peptostreptococcales-Tissierellales,Parvimonas,None,None,0.009737098344693282
Bacteria,Bacteroidetes,Bacteroidia,Bacteroidales,Tannerellaceae,Parabacteroides,Parabacteroides_goldsteinii,Bacteria,Firmicutes,Clostridia,None,None,None,None,0.007789678675754625
Bacteria,Bacteroidetes,Bacteroidia,Bacteroidales,Tannerellaceae,Parabacteroides,Parabacteroides_goldsteinii,Bacteria,Firmicutes,Incertae_Sedis,DTU014,unidentified,None,None,0.009737098344693282
Bacteria,Bacteroidetes,Bacteroidia,Bacteroidales,Tannerellaceae,Parabacteroides,Parabacteroides_goldsteinii,Bacteria,Firmicutes,Limnochordia,M55-D21,uncultured_compost_bacterium,None,None,0.009737098344693282
Bacteria,Bacteroidetes,Bacteroidia,Bacteroidales,Tannerellaceae,Parabacteroides,Parabacteroides_goldsteinii,Bacteria,Firmicutes,Negativicutes,Acidaminococcales,Acidaminococcaceae,Phascolarctobacterium,None,0.010710808179162609
Bacteria,Bacteroidetes,Bacteroidia,Bacteroidales,Tannerellaceae,Parabacteroides,Parabacteroides_goldsteinii,Bacteria,Firmicutes,None,None,None,None,None,0.006815968841285297
Bacteria,Bacteroidetes,Bacteroidia,Bacteroidales,Tannerellaceae,Parabacteroides,Parabacteroides_goldsteinii,Bacteria,Firmicutes,uncultured,uncultured_Peptococcaceae_bacterium,None,None,None,0.008763388510223954
Bacteria,Bacteroidetes,Bacteroidia,Bacteroidales,Tannerellaceae,Parabacteroides,Parabacteroides_goldsteinii,Bacteria,Proteobacteria,Alphaproteobacteria,Rhodospirillales,uncultured,None,None,0.009737098344693282
Bacteria,Bacteroidetes,Bacteroidia,Bacteroidales,Tannerellaceae,Parabacteroides,Parabacteroides_goldsteinii,Bacteria,Proteobacteria,Gammaproteobacteria,Burkholderiales,Sutterellaceae,Sutterella,Sutterella_sp._252,0.011684518013631937
Bacteria,Bacteroidetes,Bacteroidia,Bacteroidales,Tannerellaceae,Parabacteroides,Parabacteroides_goldsteinii,Bacteria,Proteobacteria,Gammaproteobacteria,Enterobacterales,Enterobacteriaceae,Escherichia-Shigella,None,0.010710808179162609
Bacteria,Bacteroidetes,Bacteroidia,Bacteroidales,Tannerellaceae,Parabacteroides,Parabacteroides_goldsteinii,Bacteria,Proteobacteria,Gammaproteobacteria,Enterobacterales,Enterobacteriaceae,Klebsiella,None,0.010710808179162609
Bacteria,Bacteroidetes,Bacteroidia,Bacteroidales,Tannerellaceae,Parabacteroides,Parabacteroides_goldsteinii,Bacteria,Proteobacteria,Gammaproteobacteria,Enterobacterales,Enterobacteriaceae,None,None,0.009737098344693282
Bacteria,Bacteroidetes,Bacteroidia,Bacteroidales,Tannerellaceae,Parabacteroides,Parabacteroides_goldsteinii,Bacteria,Proteobacteria,Gammaproteobacteria,Pseudomonadales,Pseudomonadaceae,Pseudomonas,None,0.010710808179162609
Bacteria,Bacteroidetes,Bacteroidia,Bacteroidales,Tannerellaceae,Parabacteroides,Parabacteroides_goldsteinii,Bacteria,Synergistota,Synergistia,Synergistales,Synergistaceae,Cloacibacillus,None,0.010710808179162609
Bacteria,Bacteroidetes,Bacteroidia,Bacteroidales,Tannerellaceae,Parabacteroides,Parabacteroides_goldsteinii,Bacteria,Verrucomicrobiota,Verrucomicrobiae,Verrucomicrobiales,Akkermansiaceae,Akkermansia,None,0.010710808179162609
Bacteria,Bacteroidetes,Bacteroidia,Bacteroidales,Tannerellaceae,Parabacteroides,None,Bacteria,Bacteroidetes,Bacteroidia,Flavobacteriales,Flavobacteriaceae,uncultured,metagenome,0.006815968841285297
Bacteria,Bacteroidetes,Bacteroidia,Bacteroidales,Tannerellaceae,Parabacteroides,None,Bacteria,Cyanobacteria/Chloroplast,Cyanobacteria.XI,GpXI,None,None,None,0.007789678675754625
Bacteria,Bacteroidetes,Bacteroidia,Bacteroidales,Tannerellaceae,Parabacteroides,None,Bacteria,Desulfobacterota,Desulfovibrionia,Desulfovibrionales,Desulfovibrionaceae,Desulfovibrio,None,0.009737098344693282
Bacteria,Bacteroidetes,Bacteroidia,Bacteroidales,Tannerellaceae,Parabacteroides,None,Bacteria,Firmicutes,Bacilli,Erysipelotrichales,Erysipelatoclostridiaceae,Erysipelatoclostridium,Clostridium_spiroforme_DSM_1552,0.010710808179162609
Bacteria,Bacteroidetes,Bacteroidia,Bacteroidales,Tannerellaceae,Parabacteroides,None,Bacteria,Firmicutes,Bacilli,Erysipelotrichales,Erysipelatoclostridiaceae,Erysipelatoclostridium,None,0.009737098344693282
Bacteria,Bacteroidetes,Bacteroidia,Bacteroidales,Tannerellaceae,Parabacteroides,None,Bacteria,Firmicutes,Bacilli,Erysipelotrichales,Erysipelotrichaceae,Faecalitalea,None,0.009737098344693282
Bacteria,Bacteroidetes,Bacteroidia,Bacteroidales,Tannerellaceae,Parabacteroides,None,Bacteria,Firmicutes,Bacilli,Erysipelotrichales,Erysipelotrichaceae,Holdemanella,None,0.009737098344693282
Bacteria,Bacteroidetes,Bacteroidia,Bacteroidales,Tannerellaceae,Parabacteroides,None,Bacteria,Firmicutes,Bacilli,Erysipelotrichales,Erysipelotrichaceae,Holdemania,None,0.009737098344693282
Bacteria,Bacteroidetes,Bacteroidia,Bacteroidales,Tannerellaceae,Parabacteroides,None,Bacteria,Firmicutes,Bacilli,Erysipelotrichales,Erysipelotrichaceae,Clostridium_innocuum_group,None,0.009737098344693282
Bacteria,Bacteroidetes,Bacteroidia,Bacteroidales,Tannerellaceae,Parabacteroides,None,Bacteria,Firmicutes,Bacilli,Izemoplasmatales,human_gut_metagenome,None,None,0.008763388510223954
Bacteria,Bacteroidetes,Bacteroidia,Bacteroidales,Tannerellaceae,Parabacteroides,None,Bacteria,Firmicutes,Bacilli,Lactobacillales,Lactobacillaceae,Lactobacillus,Lactobacillus_mucosae,0.010710808179162609
Bacteria,Bacteroidetes,Bacteroidia,Bacteroidales,Tannerellaceae,Parabacteroides,None,Bacteria,Firmicutes,Bacilli,Lactobacillales,Streptococcaceae,Lactococcus,None,0.009737098344693282
Bacteria,Bacteroidetes,Bacteroidia,Bacteroidales,Tannerellaceae,Parabacteroides,None,Bacteria,Firmicutes,Bacilli,Lactobacillales,Streptococcaceae,Streptococcus,Streptococcus_sp._oral_taxon_065,0.010710808179162609
Bacteria,Bacteroidetes,Bacteroidia,Bacteroidales,Tannerellaceae,Parabacteroides,None,Bacteria,Firmicutes,Bacilli,Lactobacillales,Streptococcaceae,Streptococcus,None,0.009737098344693282
Bacteria,Bacteroidetes,Bacteroidia,Bacteroidales,Tannerellaceae,Parabacteroides,None,Bacteria,Firmicutes,Clostridia,Christensenellales,Christensenellaceae,Christensenellaceae_R-7_group,Christensenella_sp._Marseille-P3954,0.010710808179162609
Bacteria,Bacteroidetes,Bacteroidia,Bacteroidales,Tannerellaceae,Parabacteroides,None,Bacteria,Firmicutes,Clostridia,Christensenellales,Christensenellaceae,Christensenellaceae_R-7_group,Clostridiales_bacterium_Marseille-P2846,0.010710808179162609
Bacteria,Bacteroidetes,Bacteroidia,Bacteroidales,Tannerellaceae,Parabacteroides,None,Bacteria,Firmicutes,Clostridia,Christensenellales,Christensenellaceae,Christensenellaceae_R-7_group,None,0.009737098344693282
Bacteria,Bacteroidetes,Bacteroidia,Bacteroidales,Tannerellaceae,Parabacteroides,None,Bacteria,Firmicutes,Clostridia,Christensenellales,Christensenellaceae,Christensenellaceae_R-7_group,bacterium_YE57,0.010710808179162609
Bacteria,Bacteroidetes,Bacteroidia,Bacteroidales,Tannerellaceae,Parabacteroides,None,Bacteria,Firmicutes,Clostridia,Christensenellales,Christensenellaceae,Christensenellaceae_R-7_group,metagenome,0.010710808179162609
Bacteria,Bacteroidetes,Bacteroidia,Bacteroidales,Tannerellaceae,Parabacteroides,None,Bacteria,Firmicutes,Clostridia,Christensenellales,Christensenellaceae,Christensenellaceae_R-7_group,uncultured_Firmicutes_bacterium,0.010710808179162609
Bacteria,Bacteroidetes,Bacteroidia,Bacteroidales,Tannerellaceae,Parabacteroides,None,Bacteria,Firmicutes,Clostridia,Christensenellales,Christensenellaceae,Christensenellaceae_R-7_group,uncultured_marine_bacterium,0.010710808179162609
Bacteria,Bacteroidetes,Bacteroidia,Bacteroidales,Tannerellaceae,Parabacteroides,None,Bacteria,Firmicutes,Clostridia,Christensenellales,Christensenellaceae,Christensenellaceae_R-7_group,uncultured_organism,0.010710808179162609
Bacteria,Bacteroidetes,Bacteroidia,Bacteroidales,Tannerellaceae,Parabacteroides,None,Bacteria,Firmicutes,Clostridia,Christensenellales,Christensenellaceae,None,None,0.008763388510223954
Bacteria,Bacteroidetes,Bacteroidia,Bacteroidales,Tannerellaceae,Parabacteroides,None,Bacteria,Firmicutes,Clostridia,Clostridia_vadinBB60_group,metagenome,None,None,0.008763388510223954
Bacteria,Bacteroidetes,Bacteroidia,Bacteroidales,Tannerellaceae,Parabacteroides,None,Bacteria,Firmicutes,Clostridia,Clostridia_vadinBB60_group,wastewater_metagenome,None,None,0.008763388510223954
Bacteria,Bacteroidetes,Bacteroidia,Bacteroidales,Tannerellaceae,Parabacteroides,None,Bacteria,Firmicutes,Clostridia,Clostridiales,Christensenellaceae,Christensenella,PAC001427,0.010710808179162609
Bacteria,Bacteroidetes,Bacteroidia,Bacteroidales,Tannerellaceae,Parabacteroides,None,Bacteria,Firmicutes,Clostridia,Clostridiales,Christensenellaceae,Christensenella,PAC002297,0.010710808179162609
Bacteria,Bacteroidetes,Bacteroidia,Bacteroidales,Tannerellaceae,Parabacteroides,None,Bacteria,Firmicutes,Clostridia,Clostridiales,Christensenellaceae,PAC001115,PAC001444,0.010710808179162609
Bacteria,Bacteroidetes,Bacteroidia,Bacteroidales,Tannerellaceae,Parabacteroides,None,Bacteria,Firmicutes,Clostridia,Clostridiales,Christensenellaceae,PAC001437,PAC001486,0.010710808179162609
Bacteria,Bacteroidetes,Bacteroidia,Bacteroidales,Tannerellaceae,Parabacteroides,None,Bacteria,Firmicutes,Clostridia,Clostridiales,Christensenellaceae,PAC001437,PAC002305,0.010710808179162609
Bacteria,Bacteroidetes,Bacteroidia,Bacteroidales,Tannerellaceae,Parabacteroides,None,Bacteria,Firmicutes,Clostridia,Clostridiales,Christensenellaceae,PAC002510,PAC002510,0.010710808179162609
Bacteria,Bacteroidetes,Bacteroidia,Bacteroidales,Tannerellaceae,Parabacteroides,None,Bacteria,Firmicutes,Clostridia,Clostridiales,Dehalobacterium,PAC002141,PAC002141,0.010710808179162609
Bacteria,Bacteroidetes,Bacteroidia,Bacteroidales,Tannerellaceae,Parabacteroides,None,Bacteria,Firmicutes,Clostridia,Clostridiales,Ruminococcaceae,PAC000742,PAC000742,0.010710808179162609
Bacteria,Bacteroidetes,Bacteroidia,Bacteroidales,Tannerellaceae,Parabacteroides,None,Bacteria,Firmicutes,Clostridia,Clostridiales,Ruminococcaceae,PAC001144,PAC001620,0.010710808179162609
Bacteria,Bacteroidetes,Bacteroidia,Bacteroidales,Tannerellaceae,Parabacteroides,None,Bacteria,Firmicutes,Clostridia,Clostridiales,Ruminococcaceae,PAC001313,PAC001649,0.010710808179162609
Bacteria,Bacteroidetes,Bacteroidia,Bacteroidales,Tannerellaceae,Parabacteroides,None,Bacteria,Firmicutes,Clostridia,Clostridiales,Ruminococcaceae,PAC002201,PAC002201,0.010710808179162609
Bacteria,Bacteroidetes,Bacteroidia,Bacteroidales,Tannerellaceae,Parabacteroides,None,Bacteria,Firmicutes,Clostridia,Eubacteriales,Eubacteriaceae,Eubacterium,None,0.009737098344693282
Bacteria,Bacteroidetes,Bacteroidia,Bacteroidales,Tannerellaceae,Parabacteroides,None,Bacteria,Firmicutes,Clostridia,Lachnospirales,Lachnospiraceae,Agathobacter,None,0.009737098344693282
Bacteria,Bacteroidetes,Bacteroidia,Bacteroidales,Tannerellaceae,Parabacteroides,None,Bacteria,Firmicutes,Clostridia,Lachnospirales,Lachnospiraceae,Anaerostipes,None,0.009737098344693282
Bacteria,Bacteroidetes,Bacteroidia,Bacteroidales,Tannerellaceae,Parabacteroides,None,Bacteria,Firmicutes,Clostridia,Lachnospirales,Lachnospiraceae,Blautia,None,0.009737098344693282
Bacteria,Bacteroidetes,Bacteroidia,Bacteroidales,Tannerellaceae,Parabacteroides,None,Bacteria,Firmicutes,Clostridia,Lachnospirales,Lachnospiraceae,Blautia,bacterium_mpn-isolate_group_20,0.010710808179162609
Bacteria,Bacteroidetes,Bacteroidia,Bacteroidales,Tannerellaceae,Parabacteroides,None,Bacteria,Firmicutes,Clostridia,Lachnospirales,Lachnospiraceae,Blautia,uncultured_Blautia_sp.,0.010710808179162609
Bacteria,Bacteroidetes,Bacteroidia,Bacteroidales,Tannerellaceae,Parabacteroides,None,Bacteria,Firmicutes,Clostridia,Lachnospirales,Lachnospiraceae,Coprococcus,None,0.009737098344693282
Bacteria,Bacteroidetes,Bacteroidia,Bacteroidales,Tannerellaceae,Parabacteroides,None,Bacteria,Firmicutes,Clostridia,Lachnospirales,Lachnospiraceae,Coprococcus,uncultured_Coprococcus_sp.,0.010710808179162609
Bacteria,Bacteroidetes,Bacteroidia,Bacteroidales,Tannerellaceae,Parabacteroides,None,Bacteria,Firmicutes,Clostridia,Lachnospirales,Lachnospiraceae,Dorea,None,0.009737098344693282
Bacteria,Bacteroidetes,Bacteroidia,Bacteroidales,Tannerellaceae,Parabacteroides,None,Bacteria,Firmicutes,Clostridia,Lachnospirales,Lachnospiraceae,Eisenbergiella,None,0.009737098344693282
Bacteria,Bacteroidetes,Bacteroidia,Bacteroidales,Tannerellaceae,Parabacteroides,None,Bacteria,Firmicutes,Clostridia,Lachnospirales,Lachnospiraceae,Frisingicoccus,None,0.009737098344693282
Bacteria,Bacteroidetes,Bacteroidia,Bacteroidales,Tannerellaceae,Parabacteroides,None,Bacteria,Firmicutes,Clostridia,Lachnospirales,Lachnospiraceae,Fusicatenibacter,uncultured_Lachnospiraceae_bacterium,0.010710808179162609
Bacteria,Bacteroidetes,Bacteroidia,Bacteroidales,Tannerellaceae,Parabacteroides,None,Bacteria,Firmicutes,Clostridia,Lachnospirales,Lachnospiraceae,GCA-900066575,None,0.009737098344693282
Bacteria,Bacteroidetes,Bacteroidia,Bacteroidales,Tannerellaceae,Parabacteroides,None,Bacteria,Firmicutes,Clostridia,Lachnospirales,Lachnospiraceae,GCA-900066575,metagenome,0.010710808179162609
Bacteria,Bacteroidetes,Bacteroidia,Bacteroidales,Tannerellaceae,Parabacteroides,None,Bacteria,Firmicutes,Clostridia,Lachnospirales,Lachnospiraceae,GCA-900066755,None,0.009737098344693282
Bacteria,Bacteroidetes,Bacteroidia,Bacteroidales,Tannerellaceae,Parabacteroides,None,Bacteria,Firmicutes,Clostridia,Lachnospirales,Lachnospiraceae,Hungatella,metagenome,0.010710808179162609
Bacteria,Bacteroidetes,Bacteroidia,Bacteroidales,Tannerellaceae,Parabacteroides,None,Bacteria,Firmicutes,Clostridia,Lachnospirales,Lachnospiraceae,Lachnoclostridium,Clostridium_symbiosum,0.010710808179162609
Bacteria,Bacteroidetes,Bacteroidia,Bacteroidales,Tannerellaceae,Parabacteroides,None,Bacteria,Firmicutes,Clostridia,Lachnospirales,Lachnospiraceae,Lachnoclostridium,None,0.009737098344693282
Bacteria,Bacteroidetes,Bacteroidia,Bacteroidales,Tannerellaceae,Parabacteroides,None,Bacteria,Firmicutes,Clostridia,Lachnospirales,Lachnospiraceae,Lachnoclostridium,uncultured_Lachnospiraceae_bacterium,0.010710808179162609
Bacteria,Bacteroidetes,Bacteroidia,Bacteroidales,Tannerellaceae,Parabacteroides,None,Bacteria,Firmicutes,Clostridia,Lachnospirales,Lachnospiraceae,Lachnospiraceae_ND3007_group,metagenome,0.010710808179162609
Bacteria,Bacteroidetes,Bacteroidia,Bacteroidales,Tannerellaceae,Parabacteroides,None,Bacteria,Firmicutes,Clostridia,Lachnospirales,Lachnospiraceae,Lachnospiraceae_NK4A136_group,None,0.009737098344693282
Bacteria,Bacteroidetes,Bacteroidia,Bacteroidales,Tannerellaceae,Parabacteroides,None,Bacteria,Firmicutes,Clostridia,Lachnospirales,Lachnospiraceae,Lachnospiraceae_NK4A136_group,uncultured_Lachnospiraceae_bacterium,0.010710808179162609
Bacteria,Bacteroidetes,Bacteroidia,Bacteroidales,Tannerellaceae,Parabacteroides,None,Bacteria,Firmicutes,Clostridia,Lachnospirales,Lachnospiraceae,Lachnospiraceae_NK4A136_group,uncultured_bacterium_Adhufec49.25,0.010710808179162609
Bacteria,Bacteroidetes,Bacteroidia,Bacteroidales,Tannerellaceae,Parabacteroides,None,Bacteria,Firmicutes,Clostridia,Lachnospirales,Lachnospiraceae,Lachnospiraceae_NK4B4_group,None,0.009737098344693282
Bacteria,Bacteroidetes,Bacteroidia,Bacteroidales,Tannerellaceae,Parabacteroides,None,Bacteria,Firmicutes,Clostridia,Lachnospirales,Lachnospiraceae,Lachnospiraceae_UCG-001,metagenome,0.010710808179162609
Bacteria,Bacteroidetes,Bacteroidia,Bacteroidales,Tannerellaceae,Parabacteroides,None,Bacteria,Firmicutes,Clostridia,Lachnospirales,Lachnospiraceae,Lachnospiraceae_UCG-004,None,0.009737098344693282
Bacteria,Bacteroidetes,Bacteroidia,Bacteroidales,Tannerellaceae,Parabacteroides,None,Bacteria,Firmicutes,Clostridia,Lachnospirales,Lachnospiraceae,Lachnospiraceae_UCG-008,metagenome,0.010710808179162609
Bacteria,Bacteroidetes,Bacteroidia,Bacteroidales,Tannerellaceae,Parabacteroides,None,Bacteria,Firmicutes,Clostridia,Lachnospirales,Lachnospiraceae,Lachnospiraceae_UCG-010,None,0.009737098344693282
Bacteria,Bacteroidetes,Bacteroidia,Bacteroidales,Tannerellaceae,Parabacteroides,None,Bacteria,Firmicutes,Clostridia,Lachnospirales,Lachnospiraceae,Marvinbryantia,None,0.009737098344693282
Bacteria,Bacteroidetes,Bacteroidia,Bacteroidales,Tannerellaceae,Parabacteroides,None,Bacteria,Firmicutes,Clostridia,Lachnospirales,Lachnospiraceae,Marvinbryantia,unidentified,0.010710808179162609
Bacteria,Bacteroidetes,Bacteroidia,Bacteroidales,Tannerellaceae,Parabacteroides,None,Bacteria,Firmicutes,Clostridia,Lachnospirales,Lachnospiraceae,Roseburia,None,0.009737098344693282
Bacteria,Bacteroidetes,Bacteroidia,Bacteroidales,Tannerellaceae,Parabacteroides,None,Bacteria,Firmicutes,Clostridia,Lachnospirales,Lachnospiraceae,Roseburia,gut_metagenome,0.010710808179162609
Bacteria,Bacteroidetes,Bacteroidia,Bacteroidales,Tannerellaceae,Parabacteroides,None,Bacteria,Firmicutes,Clostridia,Lachnospirales,Lachnospiraceae,Tuzzerella,None,0.009737098344693282
Bacteria,Bacteroidetes,Bacteroidia,Bacteroidales,Tannerellaceae,Parabacteroides,None,Bacteria,Firmicutes,Clostridia,Lachnospirales,Lachnospiraceae,Tyzzerella,None,0.009737098344693282
Bacteria,Bacteroidetes,Bacteroidia,Bacteroidales,Tannerellaceae,Parabacteroides,None,Bacteria,Firmicutes,Clostridia,Lachnospirales,Lachnospiraceae,Eubacterium_hallii_group,None,0.009737098344693282
Bacteria,Bacteroidetes,Bacteroidia,Bacteroidales,Tannerellaceae,Parabacteroides,None,Bacteria,Firmicutes,Clostridia,Lachnospirales,Lachnospiraceae,Eubacterium_ventriosum_group,metagenome,0.010710808179162609
Bacteria,Bacteroidetes,Bacteroidia,Bacteroidales,Tannerellaceae,Parabacteroides,None,Bacteria,Firmicutes,Clostridia,Lachnospirales,Lachnospiraceae,Ruminococcus_gauvreauii_group,uncultured_Lachnospiraceae_bacterium,0.010710808179162609
Bacteria,Bacteroidetes,Bacteroidia,Bacteroidales,Tannerellaceae,Parabacteroides,None,Bacteria,Firmicutes,Clostridia,Lachnospirales,Lachnospiraceae,Ruminococcus_gnavus_group,None,0.009737098344693282
Bacteria,Bacteroidetes,Bacteroidia,Bacteroidales,Tannerellaceae,Parabacteroides,None,Bacteria,Firmicutes,Clostridia,Lachnospirales,Lachnospiraceae,Ruminococcus_torques_group,Clostridiaceae_bacterium_LEMV78,0.010710808179162609
Bacteria,Bacteroidetes,Bacteroidia,Bacteroidales,Tannerellaceae,Parabacteroides,None,Bacteria,Firmicutes,Clostridia,Lachnospirales,Lachnospiraceae,Ruminococcus_torques_group,None,0.009737098344693282
Bacteria,Bacteroidetes,Bacteroidia,Bacteroidales,Tannerellaceae,Parabacteroides,None,Bacteria,Firmicutes,Clostridia,Lachnospirales,Lachnospiraceae,None,None,0.008763388510223954
Bacteria,Bacteroidetes,Bacteroidia,Bacteroidales,Tannerellaceae,Parabacteroides,None,Bacteria,Firmicutes,Clostridia,Lachnospirales,Lachnospiraceae,uncultured,None,0.009737098344693282
Bacteria,Bacteroidetes,Bacteroidia,Bacteroidales,Tannerellaceae,Parabacteroides,None,Bacteria,Firmicutes,Clostridia,Monoglobales,Monoglobaceae,Monoglobus,None,0.009737098344693282
Bacteria,Bacteroidetes,Bacteroidia,Bacteroidales,Tannerellaceae,Parabacteroides,None,Bacteria,Firmicutes,Clostridia,Oscillospirales,Butyricicoccaceae,Butyricicoccus,None,0.009737098344693282
Bacteria,Bacteroidetes,Bacteroidia,Bacteroidales,Tannerellaceae,Parabacteroides,None,Bacteria,Firmicutes,Clostridia,Oscillospirales,Hydrogenoanaerobacterium,None,None,0.008763388510223954
Bacteria,Bacteroidetes,Bacteroidia,Bacteroidales,Tannerellaceae,Parabacteroides,None,Bacteria,Firmicutes,Clostridia,Oscillospirales,Oscillospiraceae,Colidextribacter,None,0.009737098344693282
Bacteria,Bacteroidetes,Bacteroidia,Bacteroidales,Tannerellaceae,Parabacteroides,None,Bacteria,Firmicutes,Clostridia,Oscillospirales,Oscillospiraceae,Colidextribacter,metagenome,0.010710808179162609
Bacteria,Bacteroidetes,Bacteroidia,Bacteroidales,Tannerellaceae,Parabacteroides,None,Bacteria,Firmicutes,Clostridia,Oscillospirales,Oscillospiraceae,Flavonifractor,None,0.009737098344693282
Bacteria,Bacteroidetes,Bacteroidia,Bacteroidales,Tannerellaceae,Parabacteroides,None,Bacteria,Firmicutes,Clostridia,Oscillospirales,Oscillospiraceae,Intestinimonas,None,0.009737098344693282
Bacteria,Bacteroidetes,Bacteroidia,Bacteroidales,Tannerellaceae,Parabacteroides,None,Bacteria,Firmicutes,Clostridia,Oscillospirales,Oscillospiraceae,Intestinimonas,uncultured,0.010710808179162609
Bacteria,Bacteroidetes,Bacteroidia,Bacteroidales,Tannerellaceae,Parabacteroides,None,Bacteria,Firmicutes,Clostridia,Oscillospirales,Oscillospiraceae,NK4A214_group,None,0.009737098344693282
Bacteria,Bacteroidetes,Bacteroidia,Bacteroidales,Tannerellaceae,Parabacteroides,None,Bacteria,Firmicutes,Clostridia,Oscillospirales,Oscillospiraceae,Oscillibacter,None,0.009737098344693282
Bacteria,Bacteroidetes,Bacteroidia,Bacteroidales,Tannerellaceae,Parabacteroides,None,Bacteria,Firmicutes,Clostridia,Oscillospirales,Oscillospiraceae,Oscillibacter,metagenome,0.010710808179162609
Bacteria,Bacteroidetes,Bacteroidia,Bacteroidales,Tannerellaceae,Parabacteroides,None,Bacteria,Firmicutes,Clostridia,Oscillospirales,Oscillospiraceae,Oscillospira,None,0.009737098344693282
Bacteria,Bacteroidetes,Bacteroidia,Bacteroidales,Tannerellaceae,Parabacteroides,None,Bacteria,Firmicutes,Clostridia,Oscillospirales,Oscillospiraceae,UCG-002,None,0.009737098344693282
Bacteria,Bacteroidetes,Bacteroidia,Bacteroidales,Tannerellaceae,Parabacteroides,None,Bacteria,Firmicutes,Clostridia,Oscillospirales,Oscillospiraceae,UCG-003,None,0.009737098344693282
Bacteria,Bacteroidetes,Bacteroidia,Bacteroidales,Tannerellaceae,Parabacteroides,None,Bacteria,Firmicutes,Clostridia,Oscillospirales,Oscillospiraceae,UCG-005,None,0.009737098344693282
Bacteria,Bacteroidetes,Bacteroidia,Bacteroidales,Tannerellaceae,Parabacteroides,None,Bacteria,Firmicutes,Clostridia,Oscillospirales,Oscillospiraceae,UCG-005,metagenome,0.010710808179162609
Bacteria,Bacteroidetes,Bacteroidia,Bacteroidales,Tannerellaceae,Parabacteroides,None,Bacteria,Firmicutes,Clostridia,Oscillospirales,Oscillospiraceae,UCG-005,uncultured_Clostridiales_bacterium,0.010710808179162609
Bacteria,Bacteroidetes,Bacteroidia,Bacteroidales,Tannerellaceae,Parabacteroides,None,Bacteria,Firmicutes,Clostridia,Oscillospirales,Oscillospiraceae,UCG-005,uncultured_rumen_bacterium,0.010710808179162609
Bacteria,Bacteroidetes,Bacteroidia,Bacteroidales,Tannerellaceae,Parabacteroides,None,Bacteria,Firmicutes,Clostridia,Oscillospirales,Oscillospiraceae,None,None,0.008763388510223954
Bacteria,Bacteroidetes,Bacteroidia,Bacteroidales,Tannerellaceae,Parabacteroides,None,Bacteria,Firmicutes,Clostridia,Oscillospirales,Oscillospiraceae,uncultured,metagenome,0.010710808179162609
Bacteria,Bacteroidetes,Bacteroidia,Bacteroidales,Tannerellaceae,Parabacteroides,None,Bacteria,Firmicutes,Clostridia,Oscillospirales,Oscillospiraceae,uncultured,unidentified,0.010710808179162609
Bacteria,Bacteroidetes,Bacteroidia,Bacteroidales,Tannerellaceae,Parabacteroides,None,Bacteria,Firmicutes,Clostridia,Oscillospirales,Ruminococcaceae,Anaerofilum,uncultured_Firmicutes_bacterium,0.010710808179162609
Bacteria,Bacteroidetes,Bacteroidia,Bacteroidales,Tannerellaceae,Parabacteroides,None,Bacteria,Firmicutes,Clostridia,Oscillospirales,Ruminococcaceae,Anaerotruncus,Anaerotruncus_rubiinfantis,0.010710808179162609
Bacteria,Bacteroidetes,Bacteroidia,Bacteroidales,Tannerellaceae,Parabacteroides,None,Bacteria,Firmicutes,Clostridia,Oscillospirales,Ruminococcaceae,Anaerotruncus,Anaerotruncus_sp._NML_070203,0.010710808179162609
Bacteria,Bacteroidetes,Bacteroidia,Bacteroidales,Tannerellaceae,Parabacteroides,None,Bacteria,Firmicutes,Clostridia,Oscillospirales,Ruminococcaceae,Candidatus_Soleaferrea,Neobitarella_massiliensis,0.010710808179162609
Bacteria,Bacteroidetes,Bacteroidia,Bacteroidales,Tannerellaceae,Parabacteroides,None,Bacteria,Firmicutes,Clostridia,Oscillospirales,Ruminococcaceae,Candidatus_Soleaferrea,None,0.009737098344693282
Bacteria,Bacteroidetes,Bacteroidia,Bacteroidales,Tannerellaceae,Parabacteroides,None,Bacteria,Firmicutes,Clostridia,Oscillospirales,Ruminococcaceae,DTU089,None,0.009737098344693282
Bacteria,Bacteroidetes,Bacteroidia,Bacteroidales,Tannerellaceae,Parabacteroides,None,Bacteria,Firmicutes,Clostridia,Oscillospirales,Ruminococcaceae,Faecalibacterium,None,0.009737098344693282
Bacteria,Bacteroidetes,Bacteroidia,Bacteroidales,Tannerellaceae,Parabacteroides,None,Bacteria,Firmicutes,Clostridia,Oscillospirales,Ruminococcaceae,Fournierella,uncultured_organism,0.010710808179162609
Bacteria,Bacteroidetes,Bacteroidia,Bacteroidales,Tannerellaceae,Parabacteroides,None,Bacteria,Firmicutes,Clostridia,Oscillospirales,Ruminococcaceae,Incertae_Sedis,metagenome,0.010710808179162609
Bacteria,Bacteroidetes,Bacteroidia,Bacteroidales,Tannerellaceae,Parabacteroides,None,Bacteria,Firmicutes,Clostridia,Oscillospirales,Ruminococcaceae,Incertae_Sedis,None,0.009737098344693282
Bacteria,Bacteroidetes,Bacteroidia,Bacteroidales,Tannerellaceae,Parabacteroides,None,Bacteria,Firmicutes,Clostridia,Oscillospirales,Ruminococcaceae,Negativibacillus,None,0.009737098344693282
Bacteria,Bacteroidetes,Bacteroidia,Bacteroidales,Tannerellaceae,Parabacteroides,None,Bacteria,Firmicutes,Clostridia,Oscillospirales,Ruminococcaceae,Ruminococcus,Ruminococcus_champanellensis,0.010710808179162609
Bacteria,Bacteroidetes,Bacteroidia,Bacteroidales,Tannerellaceae,Parabacteroides,None,Bacteria,Firmicutes,Clostridia,Oscillospirales,Ruminococcaceae,Ruminococcus,None,0.009737098344693282
Bacteria,Bacteroidetes,Bacteroidia,Bacteroidales,Tannerellaceae,Parabacteroides,None,Bacteria,Firmicutes,Clostridia,Oscillospirales,Ruminococcaceae,Subdoligranulum,None,0.009737098344693282
Bacteria,Bacteroidetes,Bacteroidia,Bacteroidales,Tannerellaceae,Parabacteroides,None,Bacteria,Firmicutes,Clostridia,Oscillospirales,Ruminococcaceae,UBA1819,None,0.009737098344693282
Bacteria,Bacteroidetes,Bacteroidia,Bacteroidales,Tannerellaceae,Parabacteroides,None,Bacteria,Firmicutes,Clostridia,Oscillospirales,Ruminococcaceae,Eubacterium_siraeum_group,None,0.009737098344693282
Bacteria,Bacteroidetes,Bacteroidia,Bacteroidales,Tannerellaceae,Parabacteroides,None,Bacteria,Firmicutes,Clostridia,Oscillospirales,Ruminococcaceae,None,None,0.008763388510223954
Bacteria,Bacteroidetes,Bacteroidia,Bacteroidales,Tannerellaceae,Parabacteroides,None,Bacteria,Firmicutes,Clostridia,Oscillospirales,UCG-010,None,None,0.008763388510223954
Bacteria,Bacteroidetes,Bacteroidia,Bacteroidales,Tannerellaceae,Parabacteroides,None,Bacteria,Firmicutes,Clostridia,Oscillospirales,UCG-010,metagenome,None,0.009737098344693282
Bacteria,Bacteroidetes,Bacteroidia,Bacteroidales,Tannerellaceae,Parabacteroides,None,Bacteria,Firmicutes,Clostridia,Oscillospirales,UCG-010,uncultured_bacterium,None,0.009737098344693282
Bacteria,Bacteroidetes,Bacteroidia,Bacteroidales,Tannerellaceae,Parabacteroides,None,Bacteria,Firmicutes,Clostridia,Oscillospirales,UCG-010,uncultured_organism,None,0.009737098344693282
Bacteria,Bacteroidetes,Bacteroidia,Bacteroidales,Tannerellaceae,Parabacteroides,None,Bacteria,Firmicutes,Clostridia,Oscillospirales,Clostridium_methylpentosum_group,None,None,0.008763388510223954
Bacteria,Bacteroidetes,Bacteroidia,Bacteroidales,Tannerellaceae,Parabacteroides,None,Bacteria,Firmicutes,Clostridia,Oscillospirales,Eubacterium_coprostanoligenes_group,None,None,0.008763388510223954
Bacteria,Bacteroidetes,Bacteroidia,Bacteroidales,Tannerellaceae,Parabacteroides,None,Bacteria,Firmicutes,Clostridia,Oscillospirales,None,None,None,0.007789678675754625
Bacteria,Bacteroidetes,Bacteroidia,Bacteroidales,Tannerellaceae,Parabacteroides,None,Bacteria,Firmicutes,Clostridia,Peptococcales,Peptococcaceae,uncultured,None,0.009737098344693282
Bacteria,Bacteroidetes,Bacteroidia,Bacteroidales,Tannerellaceae,Parabacteroides,None,Bacteria,Firmicutes,Clostridia,Peptostreptococcales-Tissierellales,Anaerovoracaceae,Family_XIII_AD3011_group,metagenome,0.010710808179162609
Bacteria,Bacteroidetes,Bacteroidia,Bacteroidales,Tannerellaceae,Parabacteroides,None,Bacteria,Firmicutes,Clostridia,Peptostreptococcales-Tissierellales,Anaerovoracaceae,Family_XIII_AD3011_group,None,0.009737098344693282
Bacteria,Bacteroidetes,Bacteroidia,Bacteroidales,Tannerellaceae,Parabacteroides,None,Bacteria,Firmicutes,Clostridia,Peptostreptococcales-Tissierellales,Anaerovoracaceae,Family_XIII_AD3011_group,uncultured,0.010710808179162609
Bacteria,Bacteroidetes,Bacteroidia,Bacteroidales,Tannerellaceae,Parabacteroides,None,Bacteria,Firmicutes,Clostridia,Peptostreptococcales-Tissierellales,Anaerovoracaceae,Family_XIII_UCG-001,metagenome,0.010710808179162609
Bacteria,Bacteroidetes,Bacteroidia,Bacteroidales,Tannerellaceae,Parabacteroides,None,Bacteria,Firmicutes,Clostridia,Peptostreptococcales-Tissierellales,Anaerovoracaceae,Eubacterium_nodatum_group,None,0.009737098344693282
Bacteria,Bacteroidetes,Bacteroidia,Bacteroidales,Tannerellaceae,Parabacteroides,None,Bacteria,Firmicutes,Clostridia,Peptostreptococcales-Tissierellales,Anaerovoracaceae,None,None,0.008763388510223954
Bacteria,Bacteroidetes,Bacteroidia,Bacteroidales,Tannerellaceae,Parabacteroides,None,Bacteria,Firmicutes,Clostridia,Peptostreptococcales-Tissierellales,Parvimonas,None,None,0.008763388510223954
Bacteria,Bacteroidetes,Bacteroidia,Bacteroidales,Tannerellaceae,Parabacteroides,None,Bacteria,Firmicutes,Clostridia,None,None,None,None,0.006815968841285297
Bacteria,Bacteroidetes,Bacteroidia,Bacteroidales,Tannerellaceae,Parabacteroides,None,Bacteria,Firmicutes,Incertae_Sedis,DTU014,unidentified,None,None,0.008763388510223954
Bacteria,Bacteroidetes,Bacteroidia,Bacteroidales,Tannerellaceae,Parabacteroides,None,Bacteria,Firmicutes,Limnochordia,M55-D21,uncultured_compost_bacterium,None,None,0.008763388510223954
Bacteria,Bacteroidetes,Bacteroidia,Bacteroidales,Tannerellaceae,Parabacteroides,None,Bacteria,Firmicutes,Negativicutes,Acidaminococcales,Acidaminococcaceae,Phascolarctobacterium,None,0.009737098344693282
Bacteria,Bacteroidetes,Bacteroidia,Bacteroidales,Tannerellaceae,Parabacteroides,None,Bacteria,Firmicutes,None,None,None,None,None,0.005842259006815969
Bacteria,Bacteroidetes,Bacteroidia,Bacteroidales,Tannerellaceae,Parabacteroides,None,Bacteria,Firmicutes,uncultured,uncultured_Peptococcaceae_bacterium,None,None,None,0.007789678675754625
Bacteria,Bacteroidetes,Bacteroidia,Bacteroidales,Tannerellaceae,Parabacteroides,None,Bacteria,Proteobacteria,Alphaproteobacteria,Rhodospirillales,uncultured,None,None,0.008763388510223954
Bacteria,Bacteroidetes,Bacteroidia,Bacteroidales,Tannerellaceae,Parabacteroides,None,Bacteria,Proteobacteria,Gammaproteobacteria,Burkholderiales,Sutterellaceae,Sutterella,Sutterella_sp._252,0.010710808179162609
Bacteria,Bacteroidetes,Bacteroidia,Bacteroidales,Tannerellaceae,Parabacteroides,None,Bacteria,Proteobacteria,Gammaproteobacteria,Enterobacterales,Enterobacteriaceae,Escherichia-Shigella,None,0.009737098344693282
Bacteria,Bacteroidetes,Bacteroidia,Bacteroidales,Tannerellaceae,Parabacteroides,None,Bacteria,Proteobacteria,Gammaproteobacteria,Enterobacterales,Enterobacteriaceae,Klebsiella,None,0.009737098344693282
Bacteria,Bacteroidetes,Bacteroidia,Bacteroidales,Tannerellaceae,Parabacteroides,None,Bacteria,Proteobacteria,Gammaproteobacteria,Enterobacterales,Enterobacteriaceae,None,None,0.008763388510223954
Bacteria,Bacteroidetes,Bacteroidia,Bacteroidales,Tannerellaceae,Parabacteroides,None,Bacteria,Proteobacteria,Gammaproteobacteria,Pseudomonadales,Pseudomonadaceae,Pseudomonas,None,0.009737098344693282
Bacteria,Bacteroidetes,Bacteroidia,Bacteroidales,Tannerellaceae,Parabacteroides,None,Bacteria,Synergistota,Synergistia,Synergistales,Synergistaceae,Cloacibacillus,None,0.009737098344693282
Bacteria,Bacteroidetes,Bacteroidia,Bacteroidales,Tannerellaceae,Parabacteroides,None,Bacteria,Verrucomicrobiota,Verrucomicrobiae,Verrucomicrobiales,Akkermansiaceae,Akkermansia,None,0.009737098344693282
Bacteria,Bacteroidetes,Bacteroidia,Flavobacteriales,Flavobacteriaceae,uncultured,metagenome,Bacteria,Cyanobacteria/Chloroplast,Cyanobacteria.XI,GpXI,None,None,None,0.008763388510223954
Bacteria,Bacteroidetes,Bacteroidia,Flavobacteriales,Flavobacteriaceae,uncultured,metagenome,Bacteria,Desulfobacterota,Desulfovibrionia,Desulfovibrionales,Desulfovibrionaceae,Desulfovibrio,None,0.010710808179162609
Bacteria,Bacteroidetes,Bacteroidia,Flavobacteriales,Flavobacteriaceae,uncultured,metagenome,Bacteria,Firmicutes,Bacilli,Erysipelotrichales,Erysipelatoclostridiaceae,Erysipelatoclostridium,Clostridium_spiroforme_DSM_1552,0.011684518013631937
Bacteria,Bacteroidetes,Bacteroidia,Flavobacteriales,Flavobacteriaceae,uncultured,metagenome,Bacteria,Firmicutes,Bacilli,Erysipelotrichales,Erysipelatoclostridiaceae,Erysipelatoclostridium,None,0.010710808179162609
Bacteria,Bacteroidetes,Bacteroidia,Flavobacteriales,Flavobacteriaceae,uncultured,metagenome,Bacteria,Firmicutes,Bacilli,Erysipelotrichales,Erysipelotrichaceae,Faecalitalea,None,0.010710808179162609
Bacteria,Bacteroidetes,Bacteroidia,Flavobacteriales,Flavobacteriaceae,uncultured,metagenome,Bacteria,Firmicutes,Bacilli,Erysipelotrichales,Erysipelotrichaceae,Holdemanella,None,0.010710808179162609
Bacteria,Bacteroidetes,Bacteroidia,Flavobacteriales,Flavobacteriaceae,uncultured,metagenome,Bacteria,Firmicutes,Bacilli,Erysipelotrichales,Erysipelotrichaceae,Holdemania,None,0.010710808179162609
Bacteria,Bacteroidetes,Bacteroidia,Flavobacteriales,Flavobacteriaceae,uncultured,metagenome,Bacteria,Firmicutes,Bacilli,Erysipelotrichales,Erysipelotrichaceae,Clostridium_innocuum_group,None,0.010710808179162609
Bacteria,Bacteroidetes,Bacteroidia,Flavobacteriales,Flavobacteriaceae,uncultured,metagenome,Bacteria,Firmicutes,Bacilli,Izemoplasmatales,human_gut_metagenome,None,None,0.009737098344693282
Bacteria,Bacteroidetes,Bacteroidia,Flavobacteriales,Flavobacteriaceae,uncultured,metagenome,Bacteria,Firmicutes,Bacilli,Lactobacillales,Lactobacillaceae,Lactobacillus,Lactobacillus_mucosae,0.011684518013631937
Bacteria,Bacteroidetes,Bacteroidia,Flavobacteriales,Flavobacteriaceae,uncultured,metagenome,Bacteria,Firmicutes,Bacilli,Lactobacillales,Streptococcaceae,Lactococcus,None,0.010710808179162609
Bacteria,Bacteroidetes,Bacteroidia,Flavobacteriales,Flavobacteriaceae,uncultured,metagenome,Bacteria,Firmicutes,Bacilli,Lactobacillales,Streptococcaceae,Streptococcus,Streptococcus_sp._oral_taxon_065,0.011684518013631937
Bacteria,Bacteroidetes,Bacteroidia,Flavobacteriales,Flavobacteriaceae,uncultured,metagenome,Bacteria,Firmicutes,Bacilli,Lactobacillales,Streptococcaceae,Streptococcus,None,0.010710808179162609
Bacteria,Bacteroidetes,Bacteroidia,Flavobacteriales,Flavobacteriaceae,uncultured,metagenome,Bacteria,Firmicutes,Clostridia,Christensenellales,Christensenellaceae,Christensenellaceae_R-7_group,Christensenella_sp._Marseille-P3954,0.011684518013631937
Bacteria,Bacteroidetes,Bacteroidia,Flavobacteriales,Flavobacteriaceae,uncultured,metagenome,Bacteria,Firmicutes,Clostridia,Christensenellales,Christensenellaceae,Christensenellaceae_R-7_group,Clostridiales_bacterium_Marseille-P2846,0.011684518013631937
Bacteria,Bacteroidetes,Bacteroidia,Flavobacteriales,Flavobacteriaceae,uncultured,metagenome,Bacteria,Firmicutes,Clostridia,Christensenellales,Christensenellaceae,Christensenellaceae_R-7_group,None,0.010710808179162609
Bacteria,Bacteroidetes,Bacteroidia,Flavobacteriales,Flavobacteriaceae,uncultured,metagenome,Bacteria,Firmicutes,Clostridia,Christensenellales,Christensenellaceae,Christensenellaceae_R-7_group,bacterium_YE57,0.011684518013631937
Bacteria,Bacteroidetes,Bacteroidia,Flavobacteriales,Flavobacteriaceae,uncultured,metagenome,Bacteria,Firmicutes,Clostridia,Christensenellales,Christensenellaceae,Christensenellaceae_R-7_group,metagenome,0.011684518013631937
Bacteria,Bacteroidetes,Bacteroidia,Flavobacteriales,Flavobacteriaceae,uncultured,metagenome,Bacteria,Firmicutes,Clostridia,Christensenellales,Christensenellaceae,Christensenellaceae_R-7_group,uncultured_Firmicutes_bacterium,0.011684518013631937
Bacteria,Bacteroidetes,Bacteroidia,Flavobacteriales,Flavobacteriaceae,uncultured,metagenome,Bacteria,Firmicutes,Clostridia,Christensenellales,Christensenellaceae,Christensenellaceae_R-7_group,uncultured_marine_bacterium,0.011684518013631937
Bacteria,Bacteroidetes,Bacteroidia,Flavobacteriales,Flavobacteriaceae,uncultured,metagenome,Bacteria,Firmicutes,Clostridia,Christensenellales,Christensenellaceae,Christensenellaceae_R-7_group,uncultured_organism,0.011684518013631937
Bacteria,Bacteroidetes,Bacteroidia,Flavobacteriales,Flavobacteriaceae,uncultured,metagenome,Bacteria,Firmicutes,Clostridia,Christensenellales,Christensenellaceae,None,None,0.009737098344693282
Bacteria,Bacteroidetes,Bacteroidia,Flavobacteriales,Flavobacteriaceae,uncultured,metagenome,Bacteria,Firmicutes,Clostridia,Clostridia_vadinBB60_group,metagenome,None,None,0.009737098344693282
Bacteria,Bacteroidetes,Bacteroidia,Flavobacteriales,Flavobacteriaceae,uncultured,metagenome,Bacteria,Firmicutes,Clostridia,Clostridia_vadinBB60_group,wastewater_metagenome,None,None,0.009737098344693282
Bacteria,Bacteroidetes,Bacteroidia,Flavobacteriales,Flavobacteriaceae,uncultured,metagenome,Bacteria,Firmicutes,Clostridia,Clostridiales,Christensenellaceae,Christensenella,PAC001427,0.011684518013631937
Bacteria,Bacteroidetes,Bacteroidia,Flavobacteriales,Flavobacteriaceae,uncultured,metagenome,Bacteria,Firmicutes,Clostridia,Clostridiales,Christensenellaceae,Christensenella,PAC002297,0.011684518013631937
Bacteria,Bacteroidetes,Bacteroidia,Flavobacteriales,Flavobacteriaceae,uncultured,metagenome,Bacteria,Firmicutes,Clostridia,Clostridiales,Christensenellaceae,PAC001115,PAC001444,0.011684518013631937
Bacteria,Bacteroidetes,Bacteroidia,Flavobacteriales,Flavobacteriaceae,uncultured,metagenome,Bacteria,Firmicutes,Clostridia,Clostridiales,Christensenellaceae,PAC001437,PAC001486,0.011684518013631937
Bacteria,Bacteroidetes,Bacteroidia,Flavobacteriales,Flavobacteriaceae,uncultured,metagenome,Bacteria,Firmicutes,Clostridia,Clostridiales,Christensenellaceae,PAC001437,PAC002305,0.011684518013631937
Bacteria,Bacteroidetes,Bacteroidia,Flavobacteriales,Flavobacteriaceae,uncultured,metagenome,Bacteria,Firmicutes,Clostridia,Clostridiales,Christensenellaceae,PAC002510,PAC002510,0.011684518013631937
Bacteria,Bacteroidetes,Bacteroidia,Flavobacteriales,Flavobacteriaceae,uncultured,metagenome,Bacteria,Firmicutes,Clostridia,Clostridiales,Dehalobacterium,PAC002141,PAC002141,0.011684518013631937
Bacteria,Bacteroidetes,Bacteroidia,Flavobacteriales,Flavobacteriaceae,uncultured,metagenome,Bacteria,Firmicutes,Clostridia,Clostridiales,Ruminococcaceae,PAC000742,PAC000742,0.011684518013631937
Bacteria,Bacteroidetes,Bacteroidia,Flavobacteriales,Flavobacteriaceae,uncultured,metagenome,Bacteria,Firmicutes,Clostridia,Clostridiales,Ruminococcaceae,PAC001144,PAC001620,0.011684518013631937
Bacteria,Bacteroidetes,Bacteroidia,Flavobacteriales,Flavobacteriaceae,uncultured,metagenome,Bacteria,Firmicutes,Clostridia,Clostridiales,Ruminococcaceae,PAC001313,PAC001649,0.011684518013631937
Bacteria,Bacteroidetes,Bacteroidia,Flavobacteriales,Flavobacteriaceae,uncultured,metagenome,Bacteria,Firmicutes,Clostridia,Clostridiales,Ruminococcaceae,PAC002201,PAC002201,0.011684518013631937
Bacteria,Bacteroidetes,Bacteroidia,Flavobacteriales,Flavobacteriaceae,uncultured,metagenome,Bacteria,Firmicutes,Clostridia,Eubacteriales,Eubacteriaceae,Eubacterium,None,0.010710808179162609
Bacteria,Bacteroidetes,Bacteroidia,Flavobacteriales,Flavobacteriaceae,uncultured,metagenome,Bacteria,Firmicutes,Clostridia,Lachnospirales,Lachnospiraceae,Agathobacter,None,0.010710808179162609
Bacteria,Bacteroidetes,Bacteroidia,Flavobacteriales,Flavobacteriaceae,uncultured,metagenome,Bacteria,Firmicutes,Clostridia,Lachnospirales,Lachnospiraceae,Anaerostipes,None,0.010710808179162609
Bacteria,Bacteroidetes,Bacteroidia,Flavobacteriales,Flavobacteriaceae,uncultured,metagenome,Bacteria,Firmicutes,Clostridia,Lachnospirales,Lachnospiraceae,Blautia,None,0.010710808179162609
Bacteria,Bacteroidetes,Bacteroidia,Flavobacteriales,Flavobacteriaceae,uncultured,metagenome,Bacteria,Firmicutes,Clostridia,Lachnospirales,Lachnospiraceae,Blautia,bacterium_mpn-isolate_group_20,0.011684518013631937
Bacteria,Bacteroidetes,Bacteroidia,Flavobacteriales,Flavobacteriaceae,uncultured,metagenome,Bacteria,Firmicutes,Clostridia,Lachnospirales,Lachnospiraceae,Blautia,uncultured_Blautia_sp.,0.011684518013631937
Bacteria,Bacteroidetes,Bacteroidia,Flavobacteriales,Flavobacteriaceae,uncultured,metagenome,Bacteria,Firmicutes,Clostridia,Lachnospirales,Lachnospiraceae,Coprococcus,None,0.010710808179162609
Bacteria,Bacteroidetes,Bacteroidia,Flavobacteriales,Flavobacteriaceae,uncultured,metagenome,Bacteria,Firmicutes,Clostridia,Lachnospirales,Lachnospiraceae,Coprococcus,uncultured_Coprococcus_sp.,0.011684518013631937
Bacteria,Bacteroidetes,Bacteroidia,Flavobacteriales,Flavobacteriaceae,uncultured,metagenome,Bacteria,Firmicutes,Clostridia,Lachnospirales,Lachnospiraceae,Dorea,None,0.010710808179162609
Bacteria,Bacteroidetes,Bacteroidia,Flavobacteriales,Flavobacteriaceae,uncultured,metagenome,Bacteria,Firmicutes,Clostridia,Lachnospirales,Lachnospiraceae,Eisenbergiella,None,0.010710808179162609
Bacteria,Bacteroidetes,Bacteroidia,Flavobacteriales,Flavobacteriaceae,uncultured,metagenome,Bacteria,Firmicutes,Clostridia,Lachnospirales,Lachnospiraceae,Frisingicoccus,None,0.010710808179162609
Bacteria,Bacteroidetes,Bacteroidia,Flavobacteriales,Flavobacteriaceae,uncultured,metagenome,Bacteria,Firmicutes,Clostridia,Lachnospirales,Lachnospiraceae,Fusicatenibacter,uncultured_Lachnospiraceae_bacterium,0.011684518013631937
Bacteria,Bacteroidetes,Bacteroidia,Flavobacteriales,Flavobacteriaceae,uncultured,metagenome,Bacteria,Firmicutes,Clostridia,Lachnospirales,Lachnospiraceae,GCA-900066575,None,0.010710808179162609
Bacteria,Bacteroidetes,Bacteroidia,Flavobacteriales,Flavobacteriaceae,uncultured,metagenome,Bacteria,Firmicutes,Clostridia,Lachnospirales,Lachnospiraceae,GCA-900066575,metagenome,0.011684518013631937
Bacteria,Bacteroidetes,Bacteroidia,Flavobacteriales,Flavobacteriaceae,uncultured,metagenome,Bacteria,Firmicutes,Clostridia,Lachnospirales,Lachnospiraceae,GCA-900066755,None,0.010710808179162609
Bacteria,Bacteroidetes,Bacteroidia,Flavobacteriales,Flavobacteriaceae,uncultured,metagenome,Bacteria,Firmicutes,Clostridia,Lachnospirales,Lachnospiraceae,Hungatella,metagenome,0.011684518013631937
Bacteria,Bacteroidetes,Bacteroidia,Flavobacteriales,Flavobacteriaceae,uncultured,metagenome,Bacteria,Firmicutes,Clostridia,Lachnospirales,Lachnospiraceae,Lachnoclostridium,Clostridium_symbiosum,0.011684518013631937
Bacteria,Bacteroidetes,Bacteroidia,Flavobacteriales,Flavobacteriaceae,uncultured,metagenome,Bacteria,Firmicutes,Clostridia,Lachnospirales,Lachnospiraceae,Lachnoclostridium,None,0.010710808179162609
Bacteria,Bacteroidetes,Bacteroidia,Flavobacteriales,Flavobacteriaceae,uncultured,metagenome,Bacteria,Firmicutes,Clostridia,Lachnospirales,Lachnospiraceae,Lachnoclostridium,uncultured_Lachnospiraceae_bacterium,0.011684518013631937
Bacteria,Bacteroidetes,Bacteroidia,Flavobacteriales,Flavobacteriaceae,uncultured,metagenome,Bacteria,Firmicutes,Clostridia,Lachnospirales,Lachnospiraceae,Lachnospiraceae_ND3007_group,metagenome,0.011684518013631937
Bacteria,Bacteroidetes,Bacteroidia,Flavobacteriales,Flavobacteriaceae,uncultured,metagenome,Bacteria,Firmicutes,Clostridia,Lachnospirales,Lachnospiraceae,Lachnospiraceae_NK4A136_group,None,0.010710808179162609
Bacteria,Bacteroidetes,Bacteroidia,Flavobacteriales,Flavobacteriaceae,uncultured,metagenome,Bacteria,Firmicutes,Clostridia,Lachnospirales,Lachnospiraceae,Lachnospiraceae_NK4A136_group,uncultured_Lachnospiraceae_bacterium,0.011684518013631937
Bacteria,Bacteroidetes,Bacteroidia,Flavobacteriales,Flavobacteriaceae,uncultured,metagenome,Bacteria,Firmicutes,Clostridia,Lachnospirales,Lachnospiraceae,Lachnospiraceae_NK4A136_group,uncultured_bacterium_Adhufec49.25,0.011684518013631937
Bacteria,Bacteroidetes,Bacteroidia,Flavobacteriales,Flavobacteriaceae,uncultured,metagenome,Bacteria,Firmicutes,Clostridia,Lachnospirales,Lachnospiraceae,Lachnospiraceae_NK4B4_group,None,0.010710808179162609
Bacteria,Bacteroidetes,Bacteroidia,Flavobacteriales,Flavobacteriaceae,uncultured,metagenome,Bacteria,Firmicutes,Clostridia,Lachnospirales,Lachnospiraceae,Lachnospiraceae_UCG-001,metagenome,0.011684518013631937
Bacteria,Bacteroidetes,Bacteroidia,Flavobacteriales,Flavobacteriaceae,uncultured,metagenome,Bacteria,Firmicutes,Clostridia,Lachnospirales,Lachnospiraceae,Lachnospiraceae_UCG-004,None,0.010710808179162609
Bacteria,Bacteroidetes,Bacteroidia,Flavobacteriales,Flavobacteriaceae,uncultured,metagenome,Bacteria,Firmicutes,Clostridia,Lachnospirales,Lachnospiraceae,Lachnospiraceae_UCG-008,metagenome,0.011684518013631937
Bacteria,Bacteroidetes,Bacteroidia,Flavobacteriales,Flavobacteriaceae,uncultured,metagenome,Bacteria,Firmicutes,Clostridia,Lachnospirales,Lachnospiraceae,Lachnospiraceae_UCG-010,None,0.010710808179162609
Bacteria,Bacteroidetes,Bacteroidia,Flavobacteriales,Flavobacteriaceae,uncultured,metagenome,Bacteria,Firmicutes,Clostridia,Lachnospirales,Lachnospiraceae,Marvinbryantia,None,0.010710808179162609
Bacteria,Bacteroidetes,Bacteroidia,Flavobacteriales,Flavobacteriaceae,uncultured,metagenome,Bacteria,Firmicutes,Clostridia,Lachnospirales,Lachnospiraceae,Marvinbryantia,unidentified,0.011684518013631937
Bacteria,Bacteroidetes,Bacteroidia,Flavobacteriales,Flavobacteriaceae,uncultured,metagenome,Bacteria,Firmicutes,Clostridia,Lachnospirales,Lachnospiraceae,Roseburia,None,0.010710808179162609
Bacteria,Bacteroidetes,Bacteroidia,Flavobacteriales,Flavobacteriaceae,uncultured,metagenome,Bacteria,Firmicutes,Clostridia,Lachnospirales,Lachnospiraceae,Roseburia,gut_metagenome,0.011684518013631937
Bacteria,Bacteroidetes,Bacteroidia,Flavobacteriales,Flavobacteriaceae,uncultured,metagenome,Bacteria,Firmicutes,Clostridia,Lachnospirales,Lachnospiraceae,Tuzzerella,None,0.010710808179162609
Bacteria,Bacteroidetes,Bacteroidia,Flavobacteriales,Flavobacteriaceae,uncultured,metagenome,Bacteria,Firmicutes,Clostridia,Lachnospirales,Lachnospiraceae,Tyzzerella,None,0.010710808179162609
Bacteria,Bacteroidetes,Bacteroidia,Flavobacteriales,Flavobacteriaceae,uncultured,metagenome,Bacteria,Firmicutes,Clostridia,Lachnospirales,Lachnospiraceae,Eubacterium_hallii_group,None,0.010710808179162609
Bacteria,Bacteroidetes,Bacteroidia,Flavobacteriales,Flavobacteriaceae,uncultured,metagenome,Bacteria,Firmicutes,Clostridia,Lachnospirales,Lachnospiraceae,Eubacterium_ventriosum_group,metagenome,0.011684518013631937
Bacteria,Bacteroidetes,Bacteroidia,Flavobacteriales,Flavobacteriaceae,uncultured,metagenome,Bacteria,Firmicutes,Clostridia,Lachnospirales,Lachnospiraceae,Ruminococcus_gauvreauii_group,uncultured_Lachnospiraceae_bacterium,0.011684518013631937
Bacteria,Bacteroidetes,Bacteroidia,Flavobacteriales,Flavobacteriaceae,uncultured,metagenome,Bacteria,Firmicutes,Clostridia,Lachnospirales,Lachnospiraceae,Ruminococcus_gnavus_group,None,0.010710808179162609
Bacteria,Bacteroidetes,Bacteroidia,Flavobacteriales,Flavobacteriaceae,uncultured,metagenome,Bacteria,Firmicutes,Clostridia,Lachnospirales,Lachnospiraceae,Ruminococcus_torques_group,Clostridiaceae_bacterium_LEMV78,0.011684518013631937
Bacteria,Bacteroidetes,Bacteroidia,Flavobacteriales,Flavobacteriaceae,uncultured,metagenome,Bacteria,Firmicutes,Clostridia,Lachnospirales,Lachnospiraceae,Ruminococcus_torques_group,None,0.010710808179162609
Bacteria,Bacteroidetes,Bacteroidia,Flavobacteriales,Flavobacteriaceae,uncultured,metagenome,Bacteria,Firmicutes,Clostridia,Lachnospirales,Lachnospiraceae,None,None,0.009737098344693282
Bacteria,Bacteroidetes,Bacteroidia,Flavobacteriales,Flavobacteriaceae,uncultured,metagenome,Bacteria,Firmicutes,Clostridia,Lachnospirales,Lachnospiraceae,uncultured,None,0.010710808179162609
Bacteria,Bacteroidetes,Bacteroidia,Flavobacteriales,Flavobacteriaceae,uncultured,metagenome,Bacteria,Firmicutes,Clostridia,Monoglobales,Monoglobaceae,Monoglobus,None,0.010710808179162609
Bacteria,Bacteroidetes,Bacteroidia,Flavobacteriales,Flavobacteriaceae,uncultured,metagenome,Bacteria,Firmicutes,Clostridia,Oscillospirales,Butyricicoccaceae,Butyricicoccus,None,0.010710808179162609
Bacteria,Bacteroidetes,Bacteroidia,Flavobacteriales,Flavobacteriaceae,uncultured,metagenome,Bacteria,Firmicutes,Clostridia,Oscillospirales,Hydrogenoanaerobacterium,None,None,0.009737098344693282
Bacteria,Bacteroidetes,Bacteroidia,Flavobacteriales,Flavobacteriaceae,uncultured,metagenome,Bacteria,Firmicutes,Clostridia,Oscillospirales,Oscillospiraceae,Colidextribacter,None,0.010710808179162609
Bacteria,Bacteroidetes,Bacteroidia,Flavobacteriales,Flavobacteriaceae,uncultured,metagenome,Bacteria,Firmicutes,Clostridia,Oscillospirales,Oscillospiraceae,Colidextribacter,metagenome,0.011684518013631937
Bacteria,Bacteroidetes,Bacteroidia,Flavobacteriales,Flavobacteriaceae,uncultured,metagenome,Bacteria,Firmicutes,Clostridia,Oscillospirales,Oscillospiraceae,Flavonifractor,None,0.010710808179162609
Bacteria,Bacteroidetes,Bacteroidia,Flavobacteriales,Flavobacteriaceae,uncultured,metagenome,Bacteria,Firmicutes,Clostridia,Oscillospirales,Oscillospiraceae,Intestinimonas,None,0.010710808179162609
Bacteria,Bacteroidetes,Bacteroidia,Flavobacteriales,Flavobacteriaceae,uncultured,metagenome,Bacteria,Firmicutes,Clostridia,Oscillospirales,Oscillospiraceae,Intestinimonas,uncultured,0.011684518013631937
Bacteria,Bacteroidetes,Bacteroidia,Flavobacteriales,Flavobacteriaceae,uncultured,metagenome,Bacteria,Firmicutes,Clostridia,Oscillospirales,Oscillospiraceae,NK4A214_group,None,0.010710808179162609
Bacteria,Bacteroidetes,Bacteroidia,Flavobacteriales,Flavobacteriaceae,uncultured,metagenome,Bacteria,Firmicutes,Clostridia,Oscillospirales,Oscillospiraceae,Oscillibacter,None,0.010710808179162609
Bacteria,Bacteroidetes,Bacteroidia,Flavobacteriales,Flavobacteriaceae,uncultured,metagenome,Bacteria,Firmicutes,Clostridia,Oscillospirales,Oscillospiraceae,Oscillibacter,metagenome,0.011684518013631937
Bacteria,Bacteroidetes,Bacteroidia,Flavobacteriales,Flavobacteriaceae,uncultured,metagenome,Bacteria,Firmicutes,Clostridia,Oscillospirales,Oscillospiraceae,Oscillospira,None,0.010710808179162609
Bacteria,Bacteroidetes,Bacteroidia,Flavobacteriales,Flavobacteriaceae,uncultured,metagenome,Bacteria,Firmicutes,Clostridia,Oscillospirales,Oscillospiraceae,UCG-002,None,0.010710808179162609
Bacteria,Bacteroidetes,Bacteroidia,Flavobacteriales,Flavobacteriaceae,uncultured,metagenome,Bacteria,Firmicutes,Clostridia,Oscillospirales,Oscillospiraceae,UCG-003,None,0.010710808179162609
Bacteria,Bacteroidetes,Bacteroidia,Flavobacteriales,Flavobacteriaceae,uncultured,metagenome,Bacteria,Firmicutes,Clostridia,Oscillospirales,Oscillospiraceae,UCG-005,None,0.010710808179162609
Bacteria,Bacteroidetes,Bacteroidia,Flavobacteriales,Flavobacteriaceae,uncultured,metagenome,Bacteria,Firmicutes,Clostridia,Oscillospirales,Oscillospiraceae,UCG-005,metagenome,0.011684518013631937
Bacteria,Bacteroidetes,Bacteroidia,Flavobacteriales,Flavobacteriaceae,uncultured,metagenome,Bacteria,Firmicutes,Clostridia,Oscillospirales,Oscillospiraceae,UCG-005,uncultured_Clostridiales_bacterium,0.011684518013631937
Bacteria,Bacteroidetes,Bacteroidia,Flavobacteriales,Flavobacteriaceae,uncultured,metagenome,Bacteria,Firmicutes,Clostridia,Oscillospirales,Oscillospiraceae,UCG-005,uncultured_rumen_bacterium,0.011684518013631937
Bacteria,Bacteroidetes,Bacteroidia,Flavobacteriales,Flavobacteriaceae,uncultured,metagenome,Bacteria,Firmicutes,Clostridia,Oscillospirales,Oscillospiraceae,None,None,0.009737098344693282
Bacteria,Bacteroidetes,Bacteroidia,Flavobacteriales,Flavobacteriaceae,uncultured,metagenome,Bacteria,Firmicutes,Clostridia,Oscillospirales,Oscillospiraceae,uncultured,metagenome,0.011684518013631937
Bacteria,Bacteroidetes,Bacteroidia,Flavobacteriales,Flavobacteriaceae,uncultured,metagenome,Bacteria,Firmicutes,Clostridia,Oscillospirales,Oscillospiraceae,uncultured,unidentified,0.011684518013631937
Bacteria,Bacteroidetes,Bacteroidia,Flavobacteriales,Flavobacteriaceae,uncultured,metagenome,Bacteria,Firmicutes,Clostridia,Oscillospirales,Ruminococcaceae,Anaerofilum,uncultured_Firmicutes_bacterium,0.011684518013631937
Bacteria,Bacteroidetes,Bacteroidia,Flavobacteriales,Flavobacteriaceae,uncultured,metagenome,Bacteria,Firmicutes,Clostridia,Oscillospirales,Ruminococcaceae,Anaerotruncus,Anaerotruncus_rubiinfantis,0.011684518013631937
Bacteria,Bacteroidetes,Bacteroidia,Flavobacteriales,Flavobacteriaceae,uncultured,metagenome,Bacteria,Firmicutes,Clostridia,Oscillospirales,Ruminococcaceae,Anaerotruncus,Anaerotruncus_sp._NML_070203,0.011684518013631937
Bacteria,Bacteroidetes,Bacteroidia,Flavobacteriales,Flavobacteriaceae,uncultured,metagenome,Bacteria,Firmicutes,Clostridia,Oscillospirales,Ruminococcaceae,Candidatus_Soleaferrea,Neobitarella_massiliensis,0.011684518013631937
Bacteria,Bacteroidetes,Bacteroidia,Flavobacteriales,Flavobacteriaceae,uncultured,metagenome,Bacteria,Firmicutes,Clostridia,Oscillospirales,Ruminococcaceae,Candidatus_Soleaferrea,None,0.010710808179162609
Bacteria,Bacteroidetes,Bacteroidia,Flavobacteriales,Flavobacteriaceae,uncultured,metagenome,Bacteria,Firmicutes,Clostridia,Oscillospirales,Ruminococcaceae,DTU089,None,0.010710808179162609
Bacteria,Bacteroidetes,Bacteroidia,Flavobacteriales,Flavobacteriaceae,uncultured,metagenome,Bacteria,Firmicutes,Clostridia,Oscillospirales,Ruminococcaceae,Faecalibacterium,None,0.010710808179162609
Bacteria,Bacteroidetes,Bacteroidia,Flavobacteriales,Flavobacteriaceae,uncultured,metagenome,Bacteria,Firmicutes,Clostridia,Oscillospirales,Ruminococcaceae,Fournierella,uncultured_organism,0.011684518013631937
Bacteria,Bacteroidetes,Bacteroidia,Flavobacteriales,Flavobacteriaceae,uncultured,metagenome,Bacteria,Firmicutes,Clostridia,Oscillospirales,Ruminococcaceae,Incertae_Sedis,metagenome,0.011684518013631937
Bacteria,Bacteroidetes,Bacteroidia,Flavobacteriales,Flavobacteriaceae,uncultured,metagenome,Bacteria,Firmicutes,Clostridia,Oscillospirales,Ruminococcaceae,Incertae_Sedis,None,0.010710808179162609
Bacteria,Bacteroidetes,Bacteroidia,Flavobacteriales,Flavobacteriaceae,uncultured,metagenome,Bacteria,Firmicutes,Clostridia,Oscillospirales,Ruminococcaceae,Negativibacillus,None,0.010710808179162609
Bacteria,Bacteroidetes,Bacteroidia,Flavobacteriales,Flavobacteriaceae,uncultured,metagenome,Bacteria,Firmicutes,Clostridia,Oscillospirales,Ruminococcaceae,Ruminococcus,Ruminococcus_champanellensis,0.011684518013631937
Bacteria,Bacteroidetes,Bacteroidia,Flavobacteriales,Flavobacteriaceae,uncultured,metagenome,Bacteria,Firmicutes,Clostridia,Oscillospirales,Ruminococcaceae,Ruminococcus,None,0.010710808179162609
Bacteria,Bacteroidetes,Bacteroidia,Flavobacteriales,Flavobacteriaceae,uncultured,metagenome,Bacteria,Firmicutes,Clostridia,Oscillospirales,Ruminococcaceae,Subdoligranulum,None,0.010710808179162609
Bacteria,Bacteroidetes,Bacteroidia,Flavobacteriales,Flavobacteriaceae,uncultured,metagenome,Bacteria,Firmicutes,Clostridia,Oscillospirales,Ruminococcaceae,UBA1819,None,0.010710808179162609
Bacteria,Bacteroidetes,Bacteroidia,Flavobacteriales,Flavobacteriaceae,uncultured,metagenome,Bacteria,Firmicutes,Clostridia,Oscillospirales,Ruminococcaceae,Eubacterium_siraeum_group,None,0.010710808179162609
Bacteria,Bacteroidetes,Bacteroidia,Flavobacteriales,Flavobacteriaceae,uncultured,metagenome,Bacteria,Firmicutes,Clostridia,Oscillospirales,Ruminococcaceae,None,None,0.009737098344693282
Bacteria,Bacteroidetes,Bacteroidia,Flavobacteriales,Flavobacteriaceae,uncultured,metagenome,Bacteria,Firmicutes,Clostridia,Oscillospirales,UCG-010,None,None,0.009737098344693282
Bacteria,Bacteroidetes,Bacteroidia,Flavobacteriales,Flavobacteriaceae,uncultured,metagenome,Bacteria,Firmicutes,Clostridia,Oscillospirales,UCG-010,metagenome,None,0.010710808179162609
Bacteria,Bacteroidetes,Bacteroidia,Flavobacteriales,Flavobacteriaceae,uncultured,metagenome,Bacteria,Firmicutes,Clostridia,Oscillospirales,UCG-010,uncultured_bacterium,None,0.010710808179162609
Bacteria,Bacteroidetes,Bacteroidia,Flavobacteriales,Flavobacteriaceae,uncultured,metagenome,Bacteria,Firmicutes,Clostridia,Oscillospirales,UCG-010,uncultured_organism,None,0.010710808179162609
Bacteria,Bacteroidetes,Bacteroidia,Flavobacteriales,Flavobacteriaceae,uncultured,metagenome,Bacteria,Firmicutes,Clostridia,Oscillospirales,Clostridium_methylpentosum_group,None,None,0.009737098344693282
Bacteria,Bacteroidetes,Bacteroidia,Flavobacteriales,Flavobacteriaceae,uncultured,metagenome,Bacteria,Firmicutes,Clostridia,Oscillospirales,Eubacterium_coprostanoligenes_group,None,None,0.009737098344693282
Bacteria,Bacteroidetes,Bacteroidia,Flavobacteriales,Flavobacteriaceae,uncultured,metagenome,Bacteria,Firmicutes,Clostridia,Oscillospirales,None,None,None,0.008763388510223954
Bacteria,Bacteroidetes,Bacteroidia,Flavobacteriales,Flavobacteriaceae,uncultured,metagenome,Bacteria,Firmicutes,Clostridia,Peptococcales,Peptococcaceae,uncultured,None,0.010710808179162609
Bacteria,Bacteroidetes,Bacteroidia,Flavobacteriales,Flavobacteriaceae,uncultured,metagenome,Bacteria,Firmicutes,Clostridia,Peptostreptococcales-Tissierellales,Anaerovoracaceae,Family_XIII_AD3011_group,metagenome,0.011684518013631937
Bacteria,Bacteroidetes,Bacteroidia,Flavobacteriales,Flavobacteriaceae,uncultured,metagenome,Bacteria,Firmicutes,Clostridia,Peptostreptococcales-Tissierellales,Anaerovoracaceae,Family_XIII_AD3011_group,None,0.010710808179162609
Bacteria,Bacteroidetes,Bacteroidia,Flavobacteriales,Flavobacteriaceae,uncultured,metagenome,Bacteria,Firmicutes,Clostridia,Peptostreptococcales-Tissierellales,Anaerovoracaceae,Family_XIII_AD3011_group,uncultured,0.011684518013631937
Bacteria,Bacteroidetes,Bacteroidia,Flavobacteriales,Flavobacteriaceae,uncultured,metagenome,Bacteria,Firmicutes,Clostridia,Peptostreptococcales-Tissierellales,Anaerovoracaceae,Family_XIII_UCG-001,metagenome,0.011684518013631937
Bacteria,Bacteroidetes,Bacteroidia,Flavobacteriales,Flavobacteriaceae,uncultured,metagenome,Bacteria,Firmicutes,Clostridia,Peptostreptococcales-Tissierellales,Anaerovoracaceae,Eubacterium_nodatum_group,None,0.010710808179162609
Bacteria,Bacteroidetes,Bacteroidia,Flavobacteriales,Flavobacteriaceae,uncultured,metagenome,Bacteria,Firmicutes,Clostridia,Peptostreptococcales-Tissierellales,Anaerovoracaceae,None,None,0.009737098344693282
Bacteria,Bacteroidetes,Bacteroidia,Flavobacteriales,Flavobacteriaceae,uncultured,metagenome,Bacteria,Firmicutes,Clostridia,Peptostreptococcales-Tissierellales,Parvimonas,None,None,0.009737098344693282
Bacteria,Bacteroidetes,Bacteroidia,Flavobacteriales,Flavobacteriaceae,uncultured,metagenome,Bacteria,Firmicutes,Clostridia,None,None,None,None,0.007789678675754625
Bacteria,Bacteroidetes,Bacteroidia,Flavobacteriales,Flavobacteriaceae,uncultured,metagenome,Bacteria,Firmicutes,Incertae_Sedis,DTU014,unidentified,None,None,0.009737098344693282
Bacteria,Bacteroidetes,Bacteroidia,Flavobacteriales,Flavobacteriaceae,uncultured,metagenome,Bacteria,Firmicutes,Limnochordia,M55-D21,uncultured_compost_bacterium,None,None,0.009737098344693282
Bacteria,Bacteroidetes,Bacteroidia,Flavobacteriales,Flavobacteriaceae,uncultured,metagenome,Bacteria,Firmicutes,Negativicutes,Acidaminococcales,Acidaminococcaceae,Phascolarctobacterium,None,0.010710808179162609
Bacteria,Bacteroidetes,Bacteroidia,Flavobacteriales,Flavobacteriaceae,uncultured,metagenome,Bacteria,Firmicutes,None,None,None,None,None,0.006815968841285297
Bacteria,Bacteroidetes,Bacteroidia,Flavobacteriales,Flavobacteriaceae,uncultured,metagenome,Bacteria,Firmicutes,uncultured,uncultured_Peptococcaceae_bacterium,None,None,None,0.008763388510223954
Bacteria,Bacteroidetes,Bacteroidia,Flavobacteriales,Flavobacteriaceae,uncultured,metagenome,Bacteria,Proteobacteria,Alphaproteobacteria,Rhodospirillales,uncultured,None,None,0.009737098344693282
Bacteria,Bacteroidetes,Bacteroidia,Flavobacteriales,Flavobacteriaceae,uncultured,metagenome,Bacteria,Proteobacteria,Gammaproteobacteria,Burkholderiales,Sutterellaceae,Sutterella,Sutterella_sp._252,0.011684518013631937
Bacteria,Bacteroidetes,Bacteroidia,Flavobacteriales,Flavobacteriaceae,uncultured,metagenome,Bacteria,Proteobacteria,Gammaproteobacteria,Enterobacterales,Enterobacteriaceae,Escherichia-Shigella,None,0.010710808179162609
Bacteria,Bacteroidetes,Bacteroidia,Flavobacteriales,Flavobacteriaceae,uncultured,metagenome,Bacteria,Proteobacteria,Gammaproteobacteria,Enterobacterales,Enterobacteriaceae,Klebsiella,None,0.010710808179162609
Bacteria,Bacteroidetes,Bacteroidia,Flavobacteriales,Flavobacteriaceae,uncultured,metagenome,Bacteria,Proteobacteria,Gammaproteobacteria,Enterobacterales,Enterobacteriaceae,None,None,0.009737098344693282
Bacteria,Bacteroidetes,Bacteroidia,Flavobacteriales,Flavobacteriaceae,uncultured,metagenome,Bacteria,Proteobacteria,Gammaproteobacteria,Pseudomonadales,Pseudomonadaceae,Pseudomonas,None,0.010710808179162609
Bacteria,Bacteroidetes,Bacteroidia,Flavobacteriales,Flavobacteriaceae,uncultured,metagenome,Bacteria,Synergistota,Synergistia,Synergistales,Synergistaceae,Cloacibacillus,None,0.010710808179162609
Bacteria,Bacteroidetes,Bacteroidia,Flavobacteriales,Flavobacteriaceae,uncultured,metagenome,Bacteria,Verrucomicrobiota,Verrucomicrobiae,Verrucomicrobiales,Akkermansiaceae,Akkermansia,None,0.010710808179162609
Bacteria,Cyanobacteria/Chloroplast,Cyanobacteria.XI,GpXI,None,None,None,Bacteria,Desulfobacterota,Desulfovibrionia,Desulfovibrionales,Desulfovibrionaceae,Desulfovibrio,None,0.007789678675754625
Bacteria,Cyanobacteria/Chloroplast,Cyanobacteria.XI,GpXI,None,None,None,Bacteria,Firmicutes,Bacilli,Erysipelotrichales,Erysipelatoclostridiaceae,Erysipelatoclostridium,Clostridium_spiroforme_DSM_1552,0.008763388510223954
Bacteria,Cyanobacteria/Chloroplast,Cyanobacteria.XI,GpXI,None,None,None,Bacteria,Firmicutes,Bacilli,Erysipelotrichales,Erysipelatoclostridiaceae,Erysipelatoclostridium,None,0.007789678675754625
Bacteria,Cyanobacteria/Chloroplast,Cyanobacteria.XI,GpXI,None,None,None,Bacteria,Firmicutes,Bacilli,Erysipelotrichales,Erysipelotrichaceae,Faecalitalea,None,0.007789678675754625
Bacteria,Cyanobacteria/Chloroplast,Cyanobacteria.XI,GpXI,None,None,None,Bacteria,Firmicutes,Bacilli,Erysipelotrichales,Erysipelotrichaceae,Holdemanella,None,0.007789678675754625
Bacteria,Cyanobacteria/Chloroplast,Cyanobacteria.XI,GpXI,None,None,None,Bacteria,Firmicutes,Bacilli,Erysipelotrichales,Erysipelotrichaceae,Holdemania,None,0.007789678675754625
Bacteria,Cyanobacteria/Chloroplast,Cyanobacteria.XI,GpXI,None,None,None,Bacteria,Firmicutes,Bacilli,Erysipelotrichales,Erysipelotrichaceae,Clostridium_innocuum_group,None,0.007789678675754625
Bacteria,Cyanobacteria/Chloroplast,Cyanobacteria.XI,GpXI,None,None,None,Bacteria,Firmicutes,Bacilli,Izemoplasmatales,human_gut_metagenome,None,None,0.006815968841285297
Bacteria,Cyanobacteria/Chloroplast,Cyanobacteria.XI,GpXI,None,None,None,Bacteria,Firmicutes,Bacilli,Lactobacillales,Lactobacillaceae,Lactobacillus,Lactobacillus_mucosae,0.008763388510223954
Bacteria,Cyanobacteria/Chloroplast,Cyanobacteria.XI,GpXI,None,None,None,Bacteria,Firmicutes,Bacilli,Lactobacillales,Streptococcaceae,Lactococcus,None,0.007789678675754625
Bacteria,Cyanobacteria/Chloroplast,Cyanobacteria.XI,GpXI,None,None,None,Bacteria,Firmicutes,Bacilli,Lactobacillales,Streptococcaceae,Streptococcus,Streptococcus_sp._oral_taxon_065,0.008763388510223954
Bacteria,Cyanobacteria/Chloroplast,Cyanobacteria.XI,GpXI,None,None,None,Bacteria,Firmicutes,Bacilli,Lactobacillales,Streptococcaceae,Streptococcus,None,0.007789678675754625
Bacteria,Cyanobacteria/Chloroplast,Cyanobacteria.XI,GpXI,None,None,None,Bacteria,Firmicutes,Clostridia,Christensenellales,Christensenellaceae,Christensenellaceae_R-7_group,Christensenella_sp._Marseille-P3954,0.008763388510223954
Bacteria,Cyanobacteria/Chloroplast,Cyanobacteria.XI,GpXI,None,None,None,Bacteria,Firmicutes,Clostridia,Christensenellales,Christensenellaceae,Christensenellaceae_R-7_group,Clostridiales_bacterium_Marseille-P2846,0.008763388510223954
Bacteria,Cyanobacteria/Chloroplast,Cyanobacteria.XI,GpXI,None,None,None,Bacteria,Firmicutes,Clostridia,Christensenellales,Christensenellaceae,Christensenellaceae_R-7_group,None,0.007789678675754625
Bacteria,Cyanobacteria/Chloroplast,Cyanobacteria.XI,GpXI,None,None,None,Bacteria,Firmicutes,Clostridia,Christensenellales,Christensenellaceae,Christensenellaceae_R-7_group,bacterium_YE57,0.008763388510223954
Bacteria,Cyanobacteria/Chloroplast,Cyanobacteria.XI,GpXI,None,None,None,Bacteria,Firmicutes,Clostridia,Christensenellales,Christensenellaceae,Christensenellaceae_R-7_group,metagenome,0.008763388510223954
Bacteria,Cyanobacteria/Chloroplast,Cyanobacteria.XI,GpXI,None,None,None,Bacteria,Firmicutes,Clostridia,Christensenellales,Christensenellaceae,Christensenellaceae_R-7_group,uncultured_Firmicutes_bacterium,0.008763388510223954
Bacteria,Cyanobacteria/Chloroplast,Cyanobacteria.XI,GpXI,None,None,None,Bacteria,Firmicutes,Clostridia,Christensenellales,Christensenellaceae,Christensenellaceae_R-7_group,uncultured_marine_bacterium,0.008763388510223954
Bacteria,Cyanobacteria/Chloroplast,Cyanobacteria.XI,GpXI,None,None,None,Bacteria,Firmicutes,Clostridia,Christensenellales,Christensenellaceae,Christensenellaceae_R-7_group,uncultured_organism,0.008763388510223954
Bacteria,Cyanobacteria/Chloroplast,Cyanobacteria.XI,GpXI,None,None,None,Bacteria,Firmicutes,Clostridia,Christensenellales,Christensenellaceae,None,None,0.006815968841285297
Bacteria,Cyanobacteria/Chloroplast,Cyanobacteria.XI,GpXI,None,None,None,Bacteria,Firmicutes,Clostridia,Clostridia_vadinBB60_group,metagenome,None,None,0.006815968841285297
Bacteria,Cyanobacteria/Chloroplast,Cyanobacteria.XI,GpXI,None,None,None,Bacteria,Firmicutes,Clostridia,Clostridia_vadinBB60_group,wastewater_metagenome,None,None,0.006815968841285297
Bacteria,Cyanobacteria/Chloroplast,Cyanobacteria.XI,GpXI,None,None,None,Bacteria,Firmicutes,Clostridia,Clostridiales,Christensenellaceae,Christensenella,PAC001427,0.008763388510223954
Bacteria,Cyanobacteria/Chloroplast,Cyanobacteria.XI,GpXI,None,None,None,Bacteria,Firmicutes,Clostridia,Clostridiales,Christensenellaceae,Christensenella,PAC002297,0.008763388510223954
Bacteria,Cyanobacteria/Chloroplast,Cyanobacteria.XI,GpXI,None,None,None,Bacteria,Firmicutes,Clostridia,Clostridiales,Christensenellaceae,PAC001115,PAC001444,0.008763388510223954
Bacteria,Cyanobacteria/Chloroplast,Cyanobacteria.XI,GpXI,None,None,None,Bacteria,Firmicutes,Clostridia,Clostridiales,Christensenellaceae,PAC001437,PAC001486,0.008763388510223954
Bacteria,Cyanobacteria/Chloroplast,Cyanobacteria.XI,GpXI,None,None,None,Bacteria,Firmicutes,Clostridia,Clostridiales,Christensenellaceae,PAC001437,PAC002305,0.008763388510223954
Bacteria,Cyanobacteria/Chloroplast,Cyanobacteria.XI,GpXI,None,None,None,Bacteria,Firmicutes,Clostridia,Clostridiales,Christensenellaceae,PAC002510,PAC002510,0.008763388510223954
Bacteria,Cyanobacteria/Chloroplast,Cyanobacteria.XI,GpXI,None,None,None,Bacteria,Firmicutes,Clostridia,Clostridiales,Dehalobacterium,PAC002141,PAC002141,0.008763388510223954
Bacteria,Cyanobacteria/Chloroplast,Cyanobacteria.XI,GpXI,None,None,None,Bacteria,Firmicutes,Clostridia,Clostridiales,Ruminococcaceae,PAC000742,PAC000742,0.008763388510223954
Bacteria,Cyanobacteria/Chloroplast,Cyanobacteria.XI,GpXI,None,None,None,Bacteria,Firmicutes,Clostridia,Clostridiales,Ruminococcaceae,PAC001144,PAC001620,0.008763388510223954
Bacteria,Cyanobacteria/Chloroplast,Cyanobacteria.XI,GpXI,None,None,None,Bacteria,Firmicutes,Clostridia,Clostridiales,Ruminococcaceae,PAC001313,PAC001649,0.008763388510223954
Bacteria,Cyanobacteria/Chloroplast,Cyanobacteria.XI,GpXI,None,None,None,Bacteria,Firmicutes,Clostridia,Clostridiales,Ruminococcaceae,PAC002201,PAC002201,0.008763388510223954
Bacteria,Cyanobacteria/Chloroplast,Cyanobacteria.XI,GpXI,None,None,None,Bacteria,Firmicutes,Clostridia,Eubacteriales,Eubacteriaceae,Eubacterium,None,0.007789678675754625
Bacteria,Cyanobacteria/Chloroplast,Cyanobacteria.XI,GpXI,None,None,None,Bacteria,Firmicutes,Clostridia,Lachnospirales,Lachnospiraceae,Agathobacter,None,0.007789678675754625
Bacteria,Cyanobacteria/Chloroplast,Cyanobacteria.XI,GpXI,None,None,None,Bacteria,Firmicutes,Clostridia,Lachnospirales,Lachnospiraceae,Anaerostipes,None,0.007789678675754625
Bacteria,Cyanobacteria/Chloroplast,Cyanobacteria.XI,GpXI,None,None,None,Bacteria,Firmicutes,Clostridia,Lachnospirales,Lachnospiraceae,Blautia,None,0.007789678675754625
Bacteria,Cyanobacteria/Chloroplast,Cyanobacteria.XI,GpXI,None,None,None,Bacteria,Firmicutes,Clostridia,Lachnospirales,Lachnospiraceae,Blautia,bacterium_mpn-isolate_group_20,0.008763388510223954
Bacteria,Cyanobacteria/Chloroplast,Cyanobacteria.XI,GpXI,None,None,None,Bacteria,Firmicutes,Clostridia,Lachnospirales,Lachnospiraceae,Blautia,uncultured_Blautia_sp.,0.008763388510223954
Bacteria,Cyanobacteria/Chloroplast,Cyanobacteria.XI,GpXI,None,None,None,Bacteria,Firmicutes,Clostridia,Lachnospirales,Lachnospiraceae,Coprococcus,None,0.007789678675754625
Bacteria,Cyanobacteria/Chloroplast,Cyanobacteria.XI,GpXI,None,None,None,Bacteria,Firmicutes,Clostridia,Lachnospirales,Lachnospiraceae,Coprococcus,uncultured_Coprococcus_sp.,0.008763388510223954
Bacteria,Cyanobacteria/Chloroplast,Cyanobacteria.XI,GpXI,None,None,None,Bacteria,Firmicutes,Clostridia,Lachnospirales,Lachnospiraceae,Dorea,None,0.007789678675754625
Bacteria,Cyanobacteria/Chloroplast,Cyanobacteria.XI,GpXI,None,None,None,Bacteria,Firmicutes,Clostridia,Lachnospirales,Lachnospiraceae,Eisenbergiella,None,0.007789678675754625
Bacteria,Cyanobacteria/Chloroplast,Cyanobacteria.XI,GpXI,None,None,None,Bacteria,Firmicutes,Clostridia,Lachnospirales,Lachnospiraceae,Frisingicoccus,None,0.007789678675754625
Bacteria,Cyanobacteria/Chloroplast,Cyanobacteria.XI,GpXI,None,None,None,Bacteria,Firmicutes,Clostridia,Lachnospirales,Lachnospiraceae,Fusicatenibacter,uncultured_Lachnospiraceae_bacterium,0.008763388510223954
Bacteria,Cyanobacteria/Chloroplast,Cyanobacteria.XI,GpXI,None,None,None,Bacteria,Firmicutes,Clostridia,Lachnospirales,Lachnospiraceae,GCA-900066575,None,0.007789678675754625
Bacteria,Cyanobacteria/Chloroplast,Cyanobacteria.XI,GpXI,None,None,None,Bacteria,Firmicutes,Clostridia,Lachnospirales,Lachnospiraceae,GCA-900066575,metagenome,0.008763388510223954
Bacteria,Cyanobacteria/Chloroplast,Cyanobacteria.XI,GpXI,None,None,None,Bacteria,Firmicutes,Clostridia,Lachnospirales,Lachnospiraceae,GCA-900066755,None,0.007789678675754625
Bacteria,Cyanobacteria/Chloroplast,Cyanobacteria.XI,GpXI,None,None,None,Bacteria,Firmicutes,Clostridia,Lachnospirales,Lachnospiraceae,Hungatella,metagenome,0.008763388510223954
Bacteria,Cyanobacteria/Chloroplast,Cyanobacteria.XI,GpXI,None,None,None,Bacteria,Firmicutes,Clostridia,Lachnospirales,Lachnospiraceae,Lachnoclostridium,Clostridium_symbiosum,0.008763388510223954
Bacteria,Cyanobacteria/Chloroplast,Cyanobacteria.XI,GpXI,None,None,None,Bacteria,Firmicutes,Clostridia,Lachnospirales,Lachnospiraceae,Lachnoclostridium,None,0.007789678675754625
Bacteria,Cyanobacteria/Chloroplast,Cyanobacteria.XI,GpXI,None,None,None,Bacteria,Firmicutes,Clostridia,Lachnospirales,Lachnospiraceae,Lachnoclostridium,uncultured_Lachnospiraceae_bacterium,0.008763388510223954
Bacteria,Cyanobacteria/Chloroplast,Cyanobacteria.XI,GpXI,None,None,None,Bacteria,Firmicutes,Clostridia,Lachnospirales,Lachnospiraceae,Lachnospiraceae_ND3007_group,metagenome,0.008763388510223954
Bacteria,Cyanobacteria/Chloroplast,Cyanobacteria.XI,GpXI,None,None,None,Bacteria,Firmicutes,Clostridia,Lachnospirales,Lachnospiraceae,Lachnospiraceae_NK4A136_group,None,0.007789678675754625
Bacteria,Cyanobacteria/Chloroplast,Cyanobacteria.XI,GpXI,None,None,None,Bacteria,Firmicutes,Clostridia,Lachnospirales,Lachnospiraceae,Lachnospiraceae_NK4A136_group,uncultured_Lachnospiraceae_bacterium,0.008763388510223954
Bacteria,Cyanobacteria/Chloroplast,Cyanobacteria.XI,GpXI,None,None,None,Bacteria,Firmicutes,Clostridia,Lachnospirales,Lachnospiraceae,Lachnospiraceae_NK4A136_group,uncultured_bacterium_Adhufec49.25,0.008763388510223954
Bacteria,Cyanobacteria/Chloroplast,Cyanobacteria.XI,GpXI,None,None,None,Bacteria,Firmicutes,Clostridia,Lachnospirales,Lachnospiraceae,Lachnospiraceae_NK4B4_group,None,0.007789678675754625
Bacteria,Cyanobacteria/Chloroplast,Cyanobacteria.XI,GpXI,None,None,None,Bacteria,Firmicutes,Clostridia,Lachnospirales,Lachnospiraceae,Lachnospiraceae_UCG-001,metagenome,0.008763388510223954
Bacteria,Cyanobacteria/Chloroplast,Cyanobacteria.XI,GpXI,None,None,None,Bacteria,Firmicutes,Clostridia,Lachnospirales,Lachnospiraceae,Lachnospiraceae_UCG-004,None,0.007789678675754625
Bacteria,Cyanobacteria/Chloroplast,Cyanobacteria.XI,GpXI,None,None,None,Bacteria,Firmicutes,Clostridia,Lachnospirales,Lachnospiraceae,Lachnospiraceae_UCG-008,metagenome,0.008763388510223954
Bacteria,Cyanobacteria/Chloroplast,Cyanobacteria.XI,GpXI,None,None,None,Bacteria,Firmicutes,Clostridia,Lachnospirales,Lachnospiraceae,Lachnospiraceae_UCG-010,None,0.007789678675754625
Bacteria,Cyanobacteria/Chloroplast,Cyanobacteria.XI,GpXI,None,None,None,Bacteria,Firmicutes,Clostridia,Lachnospirales,Lachnospiraceae,Marvinbryantia,None,0.007789678675754625
Bacteria,Cyanobacteria/Chloroplast,Cyanobacteria.XI,GpXI,None,None,None,Bacteria,Firmicutes,Clostridia,Lachnospirales,Lachnospiraceae,Marvinbryantia,unidentified,0.008763388510223954
Bacteria,Cyanobacteria/Chloroplast,Cyanobacteria.XI,GpXI,None,None,None,Bacteria,Firmicutes,Clostridia,Lachnospirales,Lachnospiraceae,Roseburia,None,0.007789678675754625
Bacteria,Cyanobacteria/Chloroplast,Cyanobacteria.XI,GpXI,None,None,None,Bacteria,Firmicutes,Clostridia,Lachnospirales,Lachnospiraceae,Roseburia,gut_metagenome,0.008763388510223954
Bacteria,Cyanobacteria/Chloroplast,Cyanobacteria.XI,GpXI,None,None,None,Bacteria,Firmicutes,Clostridia,Lachnospirales,Lachnospiraceae,Tuzzerella,None,0.007789678675754625
Bacteria,Cyanobacteria/Chloroplast,Cyanobacteria.XI,GpXI,None,None,None,Bacteria,Firmicutes,Clostridia,Lachnospirales,Lachnospiraceae,Tyzzerella,None,0.007789678675754625
Bacteria,Cyanobacteria/Chloroplast,Cyanobacteria.XI,GpXI,None,None,None,Bacteria,Firmicutes,Clostridia,Lachnospirales,Lachnospiraceae,Eubacterium_hallii_group,None,0.007789678675754625
Bacteria,Cyanobacteria/Chloroplast,Cyanobacteria.XI,GpXI,None,None,None,Bacteria,Firmicutes,Clostridia,Lachnospirales,Lachnospiraceae,Eubacterium_ventriosum_group,metagenome,0.008763388510223954
Bacteria,Cyanobacteria/Chloroplast,Cyanobacteria.XI,GpXI,None,None,None,Bacteria,Firmicutes,Clostridia,Lachnospirales,Lachnospiraceae,Ruminococcus_gauvreauii_group,uncultured_Lachnospiraceae_bacterium,0.008763388510223954
Bacteria,Cyanobacteria/Chloroplast,Cyanobacteria.XI,GpXI,None,None,None,Bacteria,Firmicutes,Clostridia,Lachnospirales,Lachnospiraceae,Ruminococcus_gnavus_group,None,0.007789678675754625
Bacteria,Cyanobacteria/Chloroplast,Cyanobacteria.XI,GpXI,None,None,None,Bacteria,Firmicutes,Clostridia,Lachnospirales,Lachnospiraceae,Ruminococcus_torques_group,Clostridiaceae_bacterium_LEMV78,0.008763388510223954
Bacteria,Cyanobacteria/Chloroplast,Cyanobacteria.XI,GpXI,None,None,None,Bacteria,Firmicutes,Clostridia,Lachnospirales,Lachnospiraceae,Ruminococcus_torques_group,None,0.007789678675754625
Bacteria,Cyanobacteria/Chloroplast,Cyanobacteria.XI,GpXI,None,None,None,Bacteria,Firmicutes,Clostridia,Lachnospirales,Lachnospiraceae,None,None,0.006815968841285297
Bacteria,Cyanobacteria/Chloroplast,Cyanobacteria.XI,GpXI,None,None,None,Bacteria,Firmicutes,Clostridia,Lachnospirales,Lachnospiraceae,uncultured,None,0.007789678675754625
Bacteria,Cyanobacteria/Chloroplast,Cyanobacteria.XI,GpXI,None,None,None,Bacteria,Firmicutes,Clostridia,Monoglobales,Monoglobaceae,Monoglobus,None,0.007789678675754625
Bacteria,Cyanobacteria/Chloroplast,Cyanobacteria.XI,GpXI,None,None,None,Bacteria,Firmicutes,Clostridia,Oscillospirales,Butyricicoccaceae,Butyricicoccus,None,0.007789678675754625
Bacteria,Cyanobacteria/Chloroplast,Cyanobacteria.XI,GpXI,None,None,None,Bacteria,Firmicutes,Clostridia,Oscillospirales,Hydrogenoanaerobacterium,None,None,0.006815968841285297
Bacteria,Cyanobacteria/Chloroplast,Cyanobacteria.XI,GpXI,None,None,None,Bacteria,Firmicutes,Clostridia,Oscillospirales,Oscillospiraceae,Colidextribacter,None,0.007789678675754625
Bacteria,Cyanobacteria/Chloroplast,Cyanobacteria.XI,GpXI,None,None,None,Bacteria,Firmicutes,Clostridia,Oscillospirales,Oscillospiraceae,Colidextribacter,metagenome,0.008763388510223954
Bacteria,Cyanobacteria/Chloroplast,Cyanobacteria.XI,GpXI,None,None,None,Bacteria,Firmicutes,Clostridia,Oscillospirales,Oscillospiraceae,Flavonifractor,None,0.007789678675754625
Bacteria,Cyanobacteria/Chloroplast,Cyanobacteria.XI,GpXI,None,None,None,Bacteria,Firmicutes,Clostridia,Oscillospirales,Oscillospiraceae,Intestinimonas,None,0.007789678675754625
Bacteria,Cyanobacteria/Chloroplast,Cyanobacteria.XI,GpXI,None,None,None,Bacteria,Firmicutes,Clostridia,Oscillospirales,Oscillospiraceae,Intestinimonas,uncultured,0.008763388510223954
Bacteria,Cyanobacteria/Chloroplast,Cyanobacteria.XI,GpXI,None,None,None,Bacteria,Firmicutes,Clostridia,Oscillospirales,Oscillospiraceae,NK4A214_group,None,0.007789678675754625
Bacteria,Cyanobacteria/Chloroplast,Cyanobacteria.XI,GpXI,None,None,None,Bacteria,Firmicutes,Clostridia,Oscillospirales,Oscillospiraceae,Oscillibacter,None,0.007789678675754625
Bacteria,Cyanobacteria/Chloroplast,Cyanobacteria.XI,GpXI,None,None,None,Bacteria,Firmicutes,Clostridia,Oscillospirales,Oscillospiraceae,Oscillibacter,metagenome,0.008763388510223954
Bacteria,Cyanobacteria/Chloroplast,Cyanobacteria.XI,GpXI,None,None,None,Bacteria,Firmicutes,Clostridia,Oscillospirales,Oscillospiraceae,Oscillospira,None,0.007789678675754625
Bacteria,Cyanobacteria/Chloroplast,Cyanobacteria.XI,GpXI,None,None,None,Bacteria,Firmicutes,Clostridia,Oscillospirales,Oscillospiraceae,UCG-002,None,0.007789678675754625
Bacteria,Cyanobacteria/Chloroplast,Cyanobacteria.XI,GpXI,None,None,None,Bacteria,Firmicutes,Clostridia,Oscillospirales,Oscillospiraceae,UCG-003,None,0.007789678675754625
Bacteria,Cyanobacteria/Chloroplast,Cyanobacteria.XI,GpXI,None,None,None,Bacteria,Firmicutes,Clostridia,Oscillospirales,Oscillospiraceae,UCG-005,None,0.007789678675754625
Bacteria,Cyanobacteria/Chloroplast,Cyanobacteria.XI,GpXI,None,None,None,Bacteria,Firmicutes,Clostridia,Oscillospirales,Oscillospiraceae,UCG-005,metagenome,0.008763388510223954
Bacteria,Cyanobacteria/Chloroplast,Cyanobacteria.XI,GpXI,None,None,None,Bacteria,Firmicutes,Clostridia,Oscillospirales,Oscillospiraceae,UCG-005,uncultured_Clostridiales_bacterium,0.008763388510223954
Bacteria,Cyanobacteria/Chloroplast,Cyanobacteria.XI,GpXI,None,None,None,Bacteria,Firmicutes,Clostridia,Oscillospirales,Oscillospiraceae,UCG-005,uncultured_rumen_bacterium,0.008763388510223954
Bacteria,Cyanobacteria/Chloroplast,Cyanobacteria.XI,GpXI,None,None,None,Bacteria,Firmicutes,Clostridia,Oscillospirales,Oscillospiraceae,None,None,0.006815968841285297
Bacteria,Cyanobacteria/Chloroplast,Cyanobacteria.XI,GpXI,None,None,None,Bacteria,Firmicutes,Clostridia,Oscillospirales,Oscillospiraceae,uncultured,metagenome,0.008763388510223954
Bacteria,Cyanobacteria/Chloroplast,Cyanobacteria.XI,GpXI,None,None,None,Bacteria,Firmicutes,Clostridia,Oscillospirales,Oscillospiraceae,uncultured,unidentified,0.008763388510223954
Bacteria,Cyanobacteria/Chloroplast,Cyanobacteria.XI,GpXI,None,None,None,Bacteria,Firmicutes,Clostridia,Oscillospirales,Ruminococcaceae,Anaerofilum,uncultured_Firmicutes_bacterium,0.008763388510223954
Bacteria,Cyanobacteria/Chloroplast,Cyanobacteria.XI,GpXI,None,None,None,Bacteria,Firmicutes,Clostridia,Oscillospirales,Ruminococcaceae,Anaerotruncus,Anaerotruncus_rubiinfantis,0.008763388510223954
Bacteria,Cyanobacteria/Chloroplast,Cyanobacteria.XI,GpXI,None,None,None,Bacteria,Firmicutes,Clostridia,Oscillospirales,Ruminococcaceae,Anaerotruncus,Anaerotruncus_sp._NML_070203,0.008763388510223954
Bacteria,Cyanobacteria/Chloroplast,Cyanobacteria.XI,GpXI,None,None,None,Bacteria,Firmicutes,Clostridia,Oscillospirales,Ruminococcaceae,Candidatus_Soleaferrea,Neobitarella_massiliensis,0.008763388510223954
Bacteria,Cyanobacteria/Chloroplast,Cyanobacteria.XI,GpXI,None,None,None,Bacteria,Firmicutes,Clostridia,Oscillospirales,Ruminococcaceae,Candidatus_Soleaferrea,None,0.007789678675754625
Bacteria,Cyanobacteria/Chloroplast,Cyanobacteria.XI,GpXI,None,None,None,Bacteria,Firmicutes,Clostridia,Oscillospirales,Ruminococcaceae,DTU089,None,0.007789678675754625
Bacteria,Cyanobacteria/Chloroplast,Cyanobacteria.XI,GpXI,None,None,None,Bacteria,Firmicutes,Clostridia,Oscillospirales,Ruminococcaceae,Faecalibacterium,None,0.007789678675754625
Bacteria,Cyanobacteria/Chloroplast,Cyanobacteria.XI,GpXI,None,None,None,Bacteria,Firmicutes,Clostridia,Oscillospirales,Ruminococcaceae,Fournierella,uncultured_organism,0.008763388510223954
Bacteria,Cyanobacteria/Chloroplast,Cyanobacteria.XI,GpXI,None,None,None,Bacteria,Firmicutes,Clostridia,Oscillospirales,Ruminococcaceae,Incertae_Sedis,metagenome,0.008763388510223954
Bacteria,Cyanobacteria/Chloroplast,Cyanobacteria.XI,GpXI,None,None,None,Bacteria,Firmicutes,Clostridia,Oscillospirales,Ruminococcaceae,Incertae_Sedis,None,0.007789678675754625
Bacteria,Cyanobacteria/Chloroplast,Cyanobacteria.XI,GpXI,None,None,None,Bacteria,Firmicutes,Clostridia,Oscillospirales,Ruminococcaceae,Negativibacillus,None,0.007789678675754625
Bacteria,Cyanobacteria/Chloroplast,Cyanobacteria.XI,GpXI,None,None,None,Bacteria,Firmicutes,Clostridia,Oscillospirales,Ruminococcaceae,Ruminococcus,Ruminococcus_champanellensis,0.008763388510223954
Bacteria,Cyanobacteria/Chloroplast,Cyanobacteria.XI,GpXI,None,None,None,Bacteria,Firmicutes,Clostridia,Oscillospirales,Ruminococcaceae,Ruminococcus,None,0.007789678675754625
Bacteria,Cyanobacteria/Chloroplast,Cyanobacteria.XI,GpXI,None,None,None,Bacteria,Firmicutes,Clostridia,Oscillospirales,Ruminococcaceae,Subdoligranulum,None,0.007789678675754625
Bacteria,Cyanobacteria/Chloroplast,Cyanobacteria.XI,GpXI,None,None,None,Bacteria,Firmicutes,Clostridia,Oscillospirales,Ruminococcaceae,UBA1819,None,0.007789678675754625
Bacteria,Cyanobacteria/Chloroplast,Cyanobacteria.XI,GpXI,None,None,None,Bacteria,Firmicutes,Clostridia,Oscillospirales,Ruminococcaceae,Eubacterium_siraeum_group,None,0.007789678675754625
Bacteria,Cyanobacteria/Chloroplast,Cyanobacteria.XI,GpXI,None,None,None,Bacteria,Firmicutes,Clostridia,Oscillospirales,Ruminococcaceae,None,None,0.006815968841285297
Bacteria,Cyanobacteria/Chloroplast,Cyanobacteria.XI,GpXI,None,None,None,Bacteria,Firmicutes,Clostridia,Oscillospirales,UCG-010,None,None,0.006815968841285297
Bacteria,Cyanobacteria/Chloroplast,Cyanobacteria.XI,GpXI,None,None,None,Bacteria,Firmicutes,Clostridia,Oscillospirales,UCG-010,metagenome,None,0.007789678675754625
Bacteria,Cyanobacteria/Chloroplast,Cyanobacteria.XI,GpXI,None,None,None,Bacteria,Firmicutes,Clostridia,Oscillospirales,UCG-010,uncultured_bacterium,None,0.007789678675754625
Bacteria,Cyanobacteria/Chloroplast,Cyanobacteria.XI,GpXI,None,None,None,Bacteria,Firmicutes,Clostridia,Oscillospirales,UCG-010,uncultured_organism,None,0.007789678675754625
Bacteria,Cyanobacteria/Chloroplast,Cyanobacteria.XI,GpXI,None,None,None,Bacteria,Firmicutes,Clostridia,Oscillospirales,Clostridium_methylpentosum_group,None,None,0.006815968841285297
Bacteria,Cyanobacteria/Chloroplast,Cyanobacteria.XI,GpXI,None,None,None,Bacteria,Firmicutes,Clostridia,Oscillospirales,Eubacterium_coprostanoligenes_group,None,None,0.006815968841285297
Bacteria,Cyanobacteria/Chloroplast,Cyanobacteria.XI,GpXI,None,None,None,Bacteria,Firmicutes,Clostridia,Oscillospirales,None,None,None,0.005842259006815969
Bacteria,Cyanobacteria/Chloroplast,Cyanobacteria.XI,GpXI,None,None,None,Bacteria,Firmicutes,Clostridia,Peptococcales,Peptococcaceae,uncultured,None,0.007789678675754625
Bacteria,Cyanobacteria/Chloroplast,Cyanobacteria.XI,GpXI,None,None,None,Bacteria,Firmicutes,Clostridia,Peptostreptococcales-Tissierellales,Anaerovoracaceae,Family_XIII_AD3011_group,metagenome,0.008763388510223954
Bacteria,Cyanobacteria/Chloroplast,Cyanobacteria.XI,GpXI,None,None,None,Bacteria,Firmicutes,Clostridia,Peptostreptococcales-Tissierellales,Anaerovoracaceae,Family_XIII_AD3011_group,None,0.007789678675754625
Bacteria,Cyanobacteria/Chloroplast,Cyanobacteria.XI,GpXI,None,None,None,Bacteria,Firmicutes,Clostridia,Peptostreptococcales-Tissierellales,Anaerovoracaceae,Family_XIII_AD3011_group,uncultured,0.008763388510223954
Bacteria,Cyanobacteria/Chloroplast,Cyanobacteria.XI,GpXI,None,None,None,Bacteria,Firmicutes,Clostridia,Peptostreptococcales-Tissierellales,Anaerovoracaceae,Family_XIII_UCG-001,metagenome,0.008763388510223954
Bacteria,Cyanobacteria/Chloroplast,Cyanobacteria.XI,GpXI,None,None,None,Bacteria,Firmicutes,Clostridia,Peptostreptococcales-Tissierellales,Anaerovoracaceae,Eubacterium_nodatum_group,None,0.007789678675754625
Bacteria,Cyanobacteria/Chloroplast,Cyanobacteria.XI,GpXI,None,None,None,Bacteria,Firmicutes,Clostridia,Peptostreptococcales-Tissierellales,Anaerovoracaceae,None,None,0.006815968841285297
Bacteria,Cyanobacteria/Chloroplast,Cyanobacteria.XI,GpXI,None,None,None,Bacteria,Firmicutes,Clostridia,Peptostreptococcales-Tissierellales,Parvimonas,None,None,0.006815968841285297
Bacteria,Cyanobacteria/Chloroplast,Cyanobacteria.XI,GpXI,None,None,None,Bacteria,Firmicutes,Clostridia,None,None,None,None,0.004868549172346641
Bacteria,Cyanobacteria/Chloroplast,Cyanobacteria.XI,GpXI,None,None,None,Bacteria,Firmicutes,Incertae_Sedis,DTU014,unidentified,None,None,0.006815968841285297
Bacteria,Cyanobacteria/Chloroplast,Cyanobacteria.XI,GpXI,None,None,None,Bacteria,Firmicutes,Limnochordia,M55-D21,uncultured_compost_bacterium,None,None,0.006815968841285297
Bacteria,Cyanobacteria/Chloroplast,Cyanobacteria.XI,GpXI,None,None,None,Bacteria,Firmicutes,Negativicutes,Acidaminococcales,Acidaminococcaceae,Phascolarctobacterium,None,0.007789678675754625
Bacteria,Cyanobacteria/Chloroplast,Cyanobacteria.XI,GpXI,None,None,None,Bacteria,Firmicutes,None,None,None,None,None,0.0038948393378773127
Bacteria,Cyanobacteria/Chloroplast,Cyanobacteria.XI,GpXI,None,None,None,Bacteria,Firmicutes,uncultured,uncultured_Peptococcaceae_bacterium,None,None,None,0.005842259006815969
Bacteria,Cyanobacteria/Chloroplast,Cyanobacteria.XI,GpXI,None,None,None,Bacteria,Proteobacteria,Alphaproteobacteria,Rhodospirillales,uncultured,None,None,0.006815968841285297
Bacteria,Cyanobacteria/Chloroplast,Cyanobacteria.XI,GpXI,None,None,None,Bacteria,Proteobacteria,Gammaproteobacteria,Burkholderiales,Sutterellaceae,Sutterella,Sutterella_sp._252,0.008763388510223954
Bacteria,Cyanobacteria/Chloroplast,Cyanobacteria.XI,GpXI,None,None,None,Bacteria,Proteobacteria,Gammaproteobacteria,Enterobacterales,Enterobacteriaceae,Escherichia-Shigella,None,0.007789678675754625
Bacteria,Cyanobacteria/Chloroplast,Cyanobacteria.XI,GpXI,None,None,None,Bacteria,Proteobacteria,Gammaproteobacteria,Enterobacterales,Enterobacteriaceae,Klebsiella,None,0.007789678675754625
Bacteria,Cyanobacteria/Chloroplast,Cyanobacteria.XI,GpXI,None,None,None,Bacteria,Proteobacteria,Gammaproteobacteria,Enterobacterales,Enterobacteriaceae,None,None,0.006815968841285297
Bacteria,Cyanobacteria/Chloroplast,Cyanobacteria.XI,GpXI,None,None,None,Bacteria,Proteobacteria,Gammaproteobacteria,Pseudomonadales,Pseudomonadaceae,Pseudomonas,None,0.007789678675754625
Bacteria,Cyanobacteria/Chloroplast,Cyanobacteria.XI,GpXI,None,None,None,Bacteria,Synergistota,Synergistia,Synergistales,Synergistaceae,Cloacibacillus,None,0.007789678675754625
Bacteria,Cyanobacteria/Chloroplast,Cyanobacteria.XI,GpXI,None,None,None,Bacteria,Verrucomicrobiota,Verrucomicrobiae,Verrucomicrobiales,Akkermansiaceae,Akkermansia,None,0.007789678675754625
Bacteria,Desulfobacterota,Desulfovibrionia,Desulfovibrionales,Desulfovibrionaceae,Desulfovibrio,None,Bacteria,Firmicutes,Bacilli,Erysipelotrichales,Erysipelatoclostridiaceae,Erysipelatoclostridium,Clostridium_spiroforme_DSM_1552,0.010710808179162609
Bacteria,Desulfobacterota,Desulfovibrionia,Desulfovibrionales,Desulfovibrionaceae,Desulfovibrio,None,Bacteria,Firmicutes,Bacilli,Erysipelotrichales,Erysipelatoclostridiaceae,Erysipelatoclostridium,None,0.009737098344693282
Bacteria,Desulfobacterota,Desulfovibrionia,Desulfovibrionales,Desulfovibrionaceae,Desulfovibrio,None,Bacteria,Firmicutes,Bacilli,Erysipelotrichales,Erysipelotrichaceae,Faecalitalea,None,0.009737098344693282
Bacteria,Desulfobacterota,Desulfovibrionia,Desulfovibrionales,Desulfovibrionaceae,Desulfovibrio,None,Bacteria,Firmicutes,Bacilli,Erysipelotrichales,Erysipelotrichaceae,Holdemanella,None,0.009737098344693282
Bacteria,Desulfobacterota,Desulfovibrionia,Desulfovibrionales,Desulfovibrionaceae,Desulfovibrio,None,Bacteria,Firmicutes,Bacilli,Erysipelotrichales,Erysipelotrichaceae,Holdemania,None,0.009737098344693282
Bacteria,Desulfobacterota,Desulfovibrionia,Desulfovibrionales,Desulfovibrionaceae,Desulfovibrio,None,Bacteria,Firmicutes,Bacilli,Erysipelotrichales,Erysipelotrichaceae,Clostridium_innocuum_group,None,0.009737098344693282
Bacteria,Desulfobacterota,Desulfovibrionia,Desulfovibrionales,Desulfovibrionaceae,Desulfovibrio,None,Bacteria,Firmicutes,Bacilli,Izemoplasmatales,human_gut_metagenome,None,None,0.008763388510223954
Bacteria,Desulfobacterota,Desulfovibrionia,Desulfovibrionales,Desulfovibrionaceae,Desulfovibrio,None,Bacteria,Firmicutes,Bacilli,Lactobacillales,Lactobacillaceae,Lactobacillus,Lactobacillus_mucosae,0.010710808179162609
Bacteria,Desulfobacterota,Desulfovibrionia,Desulfovibrionales,Desulfovibrionaceae,Desulfovibrio,None,Bacteria,Firmicutes,Bacilli,Lactobacillales,Streptococcaceae,Lactococcus,None,0.009737098344693282
Bacteria,Desulfobacterota,Desulfovibrionia,Desulfovibrionales,Desulfovibrionaceae,Desulfovibrio,None,Bacteria,Firmicutes,Bacilli,Lactobacillales,Streptococcaceae,Streptococcus,Streptococcus_sp._oral_taxon_065,0.010710808179162609
Bacteria,Desulfobacterota,Desulfovibrionia,Desulfovibrionales,Desulfovibrionaceae,Desulfovibrio,None,Bacteria,Firmicutes,Bacilli,Lactobacillales,Streptococcaceae,Streptococcus,None,0.009737098344693282
Bacteria,Desulfobacterota,Desulfovibrionia,Desulfovibrionales,Desulfovibrionaceae,Desulfovibrio,None,Bacteria,Firmicutes,Clostridia,Christensenellales,Christensenellaceae,Christensenellaceae_R-7_group,Christensenella_sp._Marseille-P3954,0.010710808179162609
Bacteria,Desulfobacterota,Desulfovibrionia,Desulfovibrionales,Desulfovibrionaceae,Desulfovibrio,None,Bacteria,Firmicutes,Clostridia,Christensenellales,Christensenellaceae,Christensenellaceae_R-7_group,Clostridiales_bacterium_Marseille-P2846,0.010710808179162609
Bacteria,Desulfobacterota,Desulfovibrionia,Desulfovibrionales,Desulfovibrionaceae,Desulfovibrio,None,Bacteria,Firmicutes,Clostridia,Christensenellales,Christensenellaceae,Christensenellaceae_R-7_group,None,0.009737098344693282
Bacteria,Desulfobacterota,Desulfovibrionia,Desulfovibrionales,Desulfovibrionaceae,Desulfovibrio,None,Bacteria,Firmicutes,Clostridia,Christensenellales,Christensenellaceae,Christensenellaceae_R-7_group,bacterium_YE57,0.010710808179162609
Bacteria,Desulfobacterota,Desulfovibrionia,Desulfovibrionales,Desulfovibrionaceae,Desulfovibrio,None,Bacteria,Firmicutes,Clostridia,Christensenellales,Christensenellaceae,Christensenellaceae_R-7_group,metagenome,0.010710808179162609
Bacteria,Desulfobacterota,Desulfovibrionia,Desulfovibrionales,Desulfovibrionaceae,Desulfovibrio,None,Bacteria,Firmicutes,Clostridia,Christensenellales,Christensenellaceae,Christensenellaceae_R-7_group,uncultured_Firmicutes_bacterium,0.010710808179162609
Bacteria,Desulfobacterota,Desulfovibrionia,Desulfovibrionales,Desulfovibrionaceae,Desulfovibrio,None,Bacteria,Firmicutes,Clostridia,Christensenellales,Christensenellaceae,Christensenellaceae_R-7_group,uncultured_marine_bacterium,0.010710808179162609
Bacteria,Desulfobacterota,Desulfovibrionia,Desulfovibrionales,Desulfovibrionaceae,Desulfovibrio,None,Bacteria,Firmicutes,Clostridia,Christensenellales,Christensenellaceae,Christensenellaceae_R-7_group,uncultured_organism,0.010710808179162609
Bacteria,Desulfobacterota,Desulfovibrionia,Desulfovibrionales,Desulfovibrionaceae,Desulfovibrio,None,Bacteria,Firmicutes,Clostridia,Christensenellales,Christensenellaceae,None,None,0.008763388510223954
Bacteria,Desulfobacterota,Desulfovibrionia,Desulfovibrionales,Desulfovibrionaceae,Desulfovibrio,None,Bacteria,Firmicutes,Clostridia,Clostridia_vadinBB60_group,metagenome,None,None,0.008763388510223954
Bacteria,Desulfobacterota,Desulfovibrionia,Desulfovibrionales,Desulfovibrionaceae,Desulfovibrio,None,Bacteria,Firmicutes,Clostridia,Clostridia_vadinBB60_group,wastewater_metagenome,None,None,0.008763388510223954
Bacteria,Desulfobacterota,Desulfovibrionia,Desulfovibrionales,Desulfovibrionaceae,Desulfovibrio,None,Bacteria,Firmicutes,Clostridia,Clostridiales,Christensenellaceae,Christensenella,PAC001427,0.010710808179162609
Bacteria,Desulfobacterota,Desulfovibrionia,Desulfovibrionales,Desulfovibrionaceae,Desulfovibrio,None,Bacteria,Firmicutes,Clostridia,Clostridiales,Christensenellaceae,Christensenella,PAC002297,0.010710808179162609
Bacteria,Desulfobacterota,Desulfovibrionia,Desulfovibrionales,Desulfovibrionaceae,Desulfovibrio,None,Bacteria,Firmicutes,Clostridia,Clostridiales,Christensenellaceae,PAC001115,PAC001444,0.010710808179162609
Bacteria,Desulfobacterota,Desulfovibrionia,Desulfovibrionales,Desulfovibrionaceae,Desulfovibrio,None,Bacteria,Firmicutes,Clostridia,Clostridiales,Christensenellaceae,PAC001437,PAC001486,0.010710808179162609
Bacteria,Desulfobacterota,Desulfovibrionia,Desulfovibrionales,Desulfovibrionaceae,Desulfovibrio,None,Bacteria,Firmicutes,Clostridia,Clostridiales,Christensenellaceae,PAC001437,PAC002305,0.010710808179162609
Bacteria,Desulfobacterota,Desulfovibrionia,Desulfovibrionales,Desulfovibrionaceae,Desulfovibrio,None,Bacteria,Firmicutes,Clostridia,Clostridiales,Christensenellaceae,PAC002510,PAC002510,0.010710808179162609
Bacteria,Desulfobacterota,Desulfovibrionia,Desulfovibrionales,Desulfovibrionaceae,Desulfovibrio,None,Bacteria,Firmicutes,Clostridia,Clostridiales,Dehalobacterium,PAC002141,PAC002141,0.010710808179162609
Bacteria,Desulfobacterota,Desulfovibrionia,Desulfovibrionales,Desulfovibrionaceae,Desulfovibrio,None,Bacteria,Firmicutes,Clostridia,Clostridiales,Ruminococcaceae,PAC000742,PAC000742,0.010710808179162609
Bacteria,Desulfobacterota,Desulfovibrionia,Desulfovibrionales,Desulfovibrionaceae,Desulfovibrio,None,Bacteria,Firmicutes,Clostridia,Clostridiales,Ruminococcaceae,PAC001144,PAC001620,0.010710808179162609
Bacteria,Desulfobacterota,Desulfovibrionia,Desulfovibrionales,Desulfovibrionaceae,Desulfovibrio,None,Bacteria,Firmicutes,Clostridia,Clostridiales,Ruminococcaceae,PAC001313,PAC001649,0.010710808179162609
Bacteria,Desulfobacterota,Desulfovibrionia,Desulfovibrionales,Desulfovibrionaceae,Desulfovibrio,None,Bacteria,Firmicutes,Clostridia,Clostridiales,Ruminococcaceae,PAC002201,PAC002201,0.010710808179162609
Bacteria,Desulfobacterota,Desulfovibrionia,Desulfovibrionales,Desulfovibrionaceae,Desulfovibrio,None,Bacteria,Firmicutes,Clostridia,Eubacteriales,Eubacteriaceae,Eubacterium,None,0.009737098344693282
Bacteria,Desulfobacterota,Desulfovibrionia,Desulfovibrionales,Desulfovibrionaceae,Desulfovibrio,None,Bacteria,Firmicutes,Clostridia,Lachnospirales,Lachnospiraceae,Agathobacter,None,0.009737098344693282
Bacteria,Desulfobacterota,Desulfovibrionia,Desulfovibrionales,Desulfovibrionaceae,Desulfovibrio,None,Bacteria,Firmicutes,Clostridia,Lachnospirales,Lachnospiraceae,Anaerostipes,None,0.009737098344693282
Bacteria,Desulfobacterota,Desulfovibrionia,Desulfovibrionales,Desulfovibrionaceae,Desulfovibrio,None,Bacteria,Firmicutes,Clostridia,Lachnospirales,Lachnospiraceae,Blautia,None,0.009737098344693282
Bacteria,Desulfobacterota,Desulfovibrionia,Desulfovibrionales,Desulfovibrionaceae,Desulfovibrio,None,Bacteria,Firmicutes,Clostridia,Lachnospirales,Lachnospiraceae,Blautia,bacterium_mpn-isolate_group_20,0.010710808179162609
Bacteria,Desulfobacterota,Desulfovibrionia,Desulfovibrionales,Desulfovibrionaceae,Desulfovibrio,None,Bacteria,Firmicutes,Clostridia,Lachnospirales,Lachnospiraceae,Blautia,uncultured_Blautia_sp.,0.010710808179162609
Bacteria,Desulfobacterota,Desulfovibrionia,Desulfovibrionales,Desulfovibrionaceae,Desulfovibrio,None,Bacteria,Firmicutes,Clostridia,Lachnospirales,Lachnospiraceae,Coprococcus,None,0.009737098344693282
Bacteria,Desulfobacterota,Desulfovibrionia,Desulfovibrionales,Desulfovibrionaceae,Desulfovibrio,None,Bacteria,Firmicutes,Clostridia,Lachnospirales,Lachnospiraceae,Coprococcus,uncultured_Coprococcus_sp.,0.010710808179162609
Bacteria,Desulfobacterota,Desulfovibrionia,Desulfovibrionales,Desulfovibrionaceae,Desulfovibrio,None,Bacteria,Firmicutes,Clostridia,Lachnospirales,Lachnospiraceae,Dorea,None,0.009737098344693282
Bacteria,Desulfobacterota,Desulfovibrionia,Desulfovibrionales,Desulfovibrionaceae,Desulfovibrio,None,Bacteria,Firmicutes,Clostridia,Lachnospirales,Lachnospiraceae,Eisenbergiella,None,0.009737098344693282
Bacteria,Desulfobacterota,Desulfovibrionia,Desulfovibrionales,Desulfovibrionaceae,Desulfovibrio,None,Bacteria,Firmicutes,Clostridia,Lachnospirales,Lachnospiraceae,Frisingicoccus,None,0.009737098344693282
Bacteria,Desulfobacterota,Desulfovibrionia,Desulfovibrionales,Desulfovibrionaceae,Desulfovibrio,None,Bacteria,Firmicutes,Clostridia,Lachnospirales,Lachnospiraceae,Fusicatenibacter,uncultured_Lachnospiraceae_bacterium,0.010710808179162609
Bacteria,Desulfobacterota,Desulfovibrionia,Desulfovibrionales,Desulfovibrionaceae,Desulfovibrio,None,Bacteria,Firmicutes,Clostridia,Lachnospirales,Lachnospiraceae,GCA-900066575,None,0.009737098344693282
Bacteria,Desulfobacterota,Desulfovibrionia,Desulfovibrionales,Desulfovibrionaceae,Desulfovibrio,None,Bacteria,Firmicutes,Clostridia,Lachnospirales,Lachnospiraceae,GCA-900066575,metagenome,0.010710808179162609
Bacteria,Desulfobacterota,Desulfovibrionia,Desulfovibrionales,Desulfovibrionaceae,Desulfovibrio,None,Bacteria,Firmicutes,Clostridia,Lachnospirales,Lachnospiraceae,GCA-900066755,None,0.009737098344693282
Bacteria,Desulfobacterota,Desulfovibrionia,Desulfovibrionales,Desulfovibrionaceae,Desulfovibrio,None,Bacteria,Firmicutes,Clostridia,Lachnospirales,Lachnospiraceae,Hungatella,metagenome,0.010710808179162609
Bacteria,Desulfobacterota,Desulfovibrionia,Desulfovibrionales,Desulfovibrionaceae,Desulfovibrio,None,Bacteria,Firmicutes,Clostridia,Lachnospirales,Lachnospiraceae,Lachnoclostridium,Clostridium_symbiosum,0.010710808179162609
Bacteria,Desulfobacterota,Desulfovibrionia,Desulfovibrionales,Desulfovibrionaceae,Desulfovibrio,None,Bacteria,Firmicutes,Clostridia,Lachnospirales,Lachnospiraceae,Lachnoclostridium,None,0.009737098344693282
Bacteria,Desulfobacterota,Desulfovibrionia,Desulfovibrionales,Desulfovibrionaceae,Desulfovibrio,None,Bacteria,Firmicutes,Clostridia,Lachnospirales,Lachnospiraceae,Lachnoclostridium,uncultured_Lachnospiraceae_bacterium,0.010710808179162609
Bacteria,Desulfobacterota,Desulfovibrionia,Desulfovibrionales,Desulfovibrionaceae,Desulfovibrio,None,Bacteria,Firmicutes,Clostridia,Lachnospirales,Lachnospiraceae,Lachnospiraceae_ND3007_group,metagenome,0.010710808179162609
Bacteria,Desulfobacterota,Desulfovibrionia,Desulfovibrionales,Desulfovibrionaceae,Desulfovibrio,None,Bacteria,Firmicutes,Clostridia,Lachnospirales,Lachnospiraceae,Lachnospiraceae_NK4A136_group,None,0.009737098344693282
Bacteria,Desulfobacterota,Desulfovibrionia,Desulfovibrionales,Desulfovibrionaceae,Desulfovibrio,None,Bacteria,Firmicutes,Clostridia,Lachnospirales,Lachnospiraceae,Lachnospiraceae_NK4A136_group,uncultured_Lachnospiraceae_bacterium,0.010710808179162609
Bacteria,Desulfobacterota,Desulfovibrionia,Desulfovibrionales,Desulfovibrionaceae,Desulfovibrio,None,Bacteria,Firmicutes,Clostridia,Lachnospirales,Lachnospiraceae,Lachnospiraceae_NK4A136_group,uncultured_bacterium_Adhufec49.25,0.010710808179162609
Bacteria,Desulfobacterota,Desulfovibrionia,Desulfovibrionales,Desulfovibrionaceae,Desulfovibrio,None,Bacteria,Firmicutes,Clostridia,Lachnospirales,Lachnospiraceae,Lachnospiraceae_NK4B4_group,None,0.009737098344693282
Bacteria,Desulfobacterota,Desulfovibrionia,Desulfovibrionales,Desulfovibrionaceae,Desulfovibrio,None,Bacteria,Firmicutes,Clostridia,Lachnospirales,Lachnospiraceae,Lachnospiraceae_UCG-001,metagenome,0.010710808179162609
Bacteria,Desulfobacterota,Desulfovibrionia,Desulfovibrionales,Desulfovibrionaceae,Desulfovibrio,None,Bacteria,Firmicutes,Clostridia,Lachnospirales,Lachnospiraceae,Lachnospiraceae_UCG-004,None,0.009737098344693282
Bacteria,Desulfobacterota,Desulfovibrionia,Desulfovibrionales,Desulfovibrionaceae,Desulfovibrio,None,Bacteria,Firmicutes,Clostridia,Lachnospirales,Lachnospiraceae,Lachnospiraceae_UCG-008,metagenome,0.010710808179162609
Bacteria,Desulfobacterota,Desulfovibrionia,Desulfovibrionales,Desulfovibrionaceae,Desulfovibrio,None,Bacteria,Firmicutes,Clostridia,Lachnospirales,Lachnospiraceae,Lachnospiraceae_UCG-010,None,0.009737098344693282
Bacteria,Desulfobacterota,Desulfovibrionia,Desulfovibrionales,Desulfovibrionaceae,Desulfovibrio,None,Bacteria,Firmicutes,Clostridia,Lachnospirales,Lachnospiraceae,Marvinbryantia,None,0.009737098344693282
Bacteria,Desulfobacterota,Desulfovibrionia,Desulfovibrionales,Desulfovibrionaceae,Desulfovibrio,None,Bacteria,Firmicutes,Clostridia,Lachnospirales,Lachnospiraceae,Marvinbryantia,unidentified,0.010710808179162609
Bacteria,Desulfobacterota,Desulfovibrionia,Desulfovibrionales,Desulfovibrionaceae,Desulfovibrio,None,Bacteria,Firmicutes,Clostridia,Lachnospirales,Lachnospiraceae,Roseburia,None,0.009737098344693282
Bacteria,Desulfobacterota,Desulfovibrionia,Desulfovibrionales,Desulfovibrionaceae,Desulfovibrio,None,Bacteria,Firmicutes,Clostridia,Lachnospirales,Lachnospiraceae,Roseburia,gut_metagenome,0.010710808179162609
Bacteria,Desulfobacterota,Desulfovibrionia,Desulfovibrionales,Desulfovibrionaceae,Desulfovibrio,None,Bacteria,Firmicutes,Clostridia,Lachnospirales,Lachnospiraceae,Tuzzerella,None,0.009737098344693282
Bacteria,Desulfobacterota,Desulfovibrionia,Desulfovibrionales,Desulfovibrionaceae,Desulfovibrio,None,Bacteria,Firmicutes,Clostridia,Lachnospirales,Lachnospiraceae,Tyzzerella,None,0.009737098344693282
Bacteria,Desulfobacterota,Desulfovibrionia,Desulfovibrionales,Desulfovibrionaceae,Desulfovibrio,None,Bacteria,Firmicutes,Clostridia,Lachnospirales,Lachnospiraceae,Eubacterium_hallii_group,None,0.009737098344693282
Bacteria,Desulfobacterota,Desulfovibrionia,Desulfovibrionales,Desulfovibrionaceae,Desulfovibrio,None,Bacteria,Firmicutes,Clostridia,Lachnospirales,Lachnospiraceae,Eubacterium_ventriosum_group,metagenome,0.010710808179162609
Bacteria,Desulfobacterota,Desulfovibrionia,Desulfovibrionales,Desulfovibrionaceae,Desulfovibrio,None,Bacteria,Firmicutes,Clostridia,Lachnospirales,Lachnospiraceae,Ruminococcus_gauvreauii_group,uncultured_Lachnospiraceae_bacterium,0.010710808179162609
Bacteria,Desulfobacterota,Desulfovibrionia,Desulfovibrionales,Desulfovibrionaceae,Desulfovibrio,None,Bacteria,Firmicutes,Clostridia,Lachnospirales,Lachnospiraceae,Ruminococcus_gnavus_group,None,0.009737098344693282
Bacteria,Desulfobacterota,Desulfovibrionia,Desulfovibrionales,Desulfovibrionaceae,Desulfovibrio,None,Bacteria,Firmicutes,Clostridia,Lachnospirales,Lachnospiraceae,Ruminococcus_torques_group,Clostridiaceae_bacterium_LEMV78,0.010710808179162609
Bacteria,Desulfobacterota,Desulfovibrionia,Desulfovibrionales,Desulfovibrionaceae,Desulfovibrio,None,Bacteria,Firmicutes,Clostridia,Lachnospirales,Lachnospiraceae,Ruminococcus_torques_group,None,0.009737098344693282
Bacteria,Desulfobacterota,Desulfovibrionia,Desulfovibrionales,Desulfovibrionaceae,Desulfovibrio,None,Bacteria,Firmicutes,Clostridia,Lachnospirales,Lachnospiraceae,None,None,0.008763388510223954
Bacteria,Desulfobacterota,Desulfovibrionia,Desulfovibrionales,Desulfovibrionaceae,Desulfovibrio,None,Bacteria,Firmicutes,Clostridia,Lachnospirales,Lachnospiraceae,uncultured,None,0.009737098344693282
Bacteria,Desulfobacterota,Desulfovibrionia,Desulfovibrionales,Desulfovibrionaceae,Desulfovibrio,None,Bacteria,Firmicutes,Clostridia,Monoglobales,Monoglobaceae,Monoglobus,None,0.009737098344693282
Bacteria,Desulfobacterota,Desulfovibrionia,Desulfovibrionales,Desulfovibrionaceae,Desulfovibrio,None,Bacteria,Firmicutes,Clostridia,Oscillospirales,Butyricicoccaceae,Butyricicoccus,None,0.009737098344693282
Bacteria,Desulfobacterota,Desulfovibrionia,Desulfovibrionales,Desulfovibrionaceae,Desulfovibrio,None,Bacteria,Firmicutes,Clostridia,Oscillospirales,Hydrogenoanaerobacterium,None,None,0.008763388510223954
Bacteria,Desulfobacterota,Desulfovibrionia,Desulfovibrionales,Desulfovibrionaceae,Desulfovibrio,None,Bacteria,Firmicutes,Clostridia,Oscillospirales,Oscillospiraceae,Colidextribacter,None,0.009737098344693282
Bacteria,Desulfobacterota,Desulfovibrionia,Desulfovibrionales,Desulfovibrionaceae,Desulfovibrio,None,Bacteria,Firmicutes,Clostridia,Oscillospirales,Oscillospiraceae,Colidextribacter,metagenome,0.010710808179162609
Bacteria,Desulfobacterota,Desulfovibrionia,Desulfovibrionales,Desulfovibrionaceae,Desulfovibrio,None,Bacteria,Firmicutes,Clostridia,Oscillospirales,Oscillospiraceae,Flavonifractor,None,0.009737098344693282
Bacteria,Desulfobacterota,Desulfovibrionia,Desulfovibrionales,Desulfovibrionaceae,Desulfovibrio,None,Bacteria,Firmicutes,Clostridia,Oscillospirales,Oscillospiraceae,Intestinimonas,None,0.009737098344693282
Bacteria,Desulfobacterota,Desulfovibrionia,Desulfovibrionales,Desulfovibrionaceae,Desulfovibrio,None,Bacteria,Firmicutes,Clostridia,Oscillospirales,Oscillospiraceae,Intestinimonas,uncultured,0.010710808179162609
Bacteria,Desulfobacterota,Desulfovibrionia,Desulfovibrionales,Desulfovibrionaceae,Desulfovibrio,None,Bacteria,Firmicutes,Clostridia,Oscillospirales,Oscillospiraceae,NK4A214_group,None,0.009737098344693282
Bacteria,Desulfobacterota,Desulfovibrionia,Desulfovibrionales,Desulfovibrionaceae,Desulfovibrio,None,Bacteria,Firmicutes,Clostridia,Oscillospirales,Oscillospiraceae,Oscillibacter,None,0.009737098344693282
Bacteria,Desulfobacterota,Desulfovibrionia,Desulfovibrionales,Desulfovibrionaceae,Desulfovibrio,None,Bacteria,Firmicutes,Clostridia,Oscillospirales,Oscillospiraceae,Oscillibacter,metagenome,0.010710808179162609
Bacteria,Desulfobacterota,Desulfovibrionia,Desulfovibrionales,Desulfovibrionaceae,Desulfovibrio,None,Bacteria,Firmicutes,Clostridia,Oscillospirales,Oscillospiraceae,Oscillospira,None,0.009737098344693282
Bacteria,Desulfobacterota,Desulfovibrionia,Desulfovibrionales,Desulfovibrionaceae,Desulfovibrio,None,Bacteria,Firmicutes,Clostridia,Oscillospirales,Oscillospiraceae,UCG-002,None,0.009737098344693282
Bacteria,Desulfobacterota,Desulfovibrionia,Desulfovibrionales,Desulfovibrionaceae,Desulfovibrio,None,Bacteria,Firmicutes,Clostridia,Oscillospirales,Oscillospiraceae,UCG-003,None,0.009737098344693282
Bacteria,Desulfobacterota,Desulfovibrionia,Desulfovibrionales,Desulfovibrionaceae,Desulfovibrio,None,Bacteria,Firmicutes,Clostridia,Oscillospirales,Oscillospiraceae,UCG-005,None,0.009737098344693282
Bacteria,Desulfobacterota,Desulfovibrionia,Desulfovibrionales,Desulfovibrionaceae,Desulfovibrio,None,Bacteria,Firmicutes,Clostridia,Oscillospirales,Oscillospiraceae,UCG-005,metagenome,0.010710808179162609
Bacteria,Desulfobacterota,Desulfovibrionia,Desulfovibrionales,Desulfovibrionaceae,Desulfovibrio,None,Bacteria,Firmicutes,Clostridia,Oscillospirales,Oscillospiraceae,UCG-005,uncultured_Clostridiales_bacterium,0.010710808179162609
Bacteria,Desulfobacterota,Desulfovibrionia,Desulfovibrionales,Desulfovibrionaceae,Desulfovibrio,None,Bacteria,Firmicutes,Clostridia,Oscillospirales,Oscillospiraceae,UCG-005,uncultured_rumen_bacterium,0.010710808179162609
Bacteria,Desulfobacterota,Desulfovibrionia,Desulfovibrionales,Desulfovibrionaceae,Desulfovibrio,None,Bacteria,Firmicutes,Clostridia,Oscillospirales,Oscillospiraceae,None,None,0.008763388510223954
Bacteria,Desulfobacterota,Desulfovibrionia,Desulfovibrionales,Desulfovibrionaceae,Desulfovibrio,None,Bacteria,Firmicutes,Clostridia,Oscillospirales,Oscillospiraceae,uncultured,metagenome,0.010710808179162609
Bacteria,Desulfobacterota,Desulfovibrionia,Desulfovibrionales,Desulfovibrionaceae,Desulfovibrio,None,Bacteria,Firmicutes,Clostridia,Oscillospirales,Oscillospiraceae,uncultured,unidentified,0.010710808179162609
Bacteria,Desulfobacterota,Desulfovibrionia,Desulfovibrionales,Desulfovibrionaceae,Desulfovibrio,None,Bacteria,Firmicutes,Clostridia,Oscillospirales,Ruminococcaceae,Anaerofilum,uncultured_Firmicutes_bacterium,0.010710808179162609
Bacteria,Desulfobacterota,Desulfovibrionia,Desulfovibrionales,Desulfovibrionaceae,Desulfovibrio,None,Bacteria,Firmicutes,Clostridia,Oscillospirales,Ruminococcaceae,Anaerotruncus,Anaerotruncus_rubiinfantis,0.010710808179162609
Bacteria,Desulfobacterota,Desulfovibrionia,Desulfovibrionales,Desulfovibrionaceae,Desulfovibrio,None,Bacteria,Firmicutes,Clostridia,Oscillospirales,Ruminococcaceae,Anaerotruncus,Anaerotruncus_sp._NML_070203,0.010710808179162609
Bacteria,Desulfobacterota,Desulfovibrionia,Desulfovibrionales,Desulfovibrionaceae,Desulfovibrio,None,Bacteria,Firmicutes,Clostridia,Oscillospirales,Ruminococcaceae,Candidatus_Soleaferrea,Neobitarella_massiliensis,0.010710808179162609
Bacteria,Desulfobacterota,Desulfovibrionia,Desulfovibrionales,Desulfovibrionaceae,Desulfovibrio,None,Bacteria,Firmicutes,Clostridia,Oscillospirales,Ruminococcaceae,Candidatus_Soleaferrea,None,0.009737098344693282
Bacteria,Desulfobacterota,Desulfovibrionia,Desulfovibrionales,Desulfovibrionaceae,Desulfovibrio,None,Bacteria,Firmicutes,Clostridia,Oscillospirales,Ruminococcaceae,DTU089,None,0.009737098344693282
Bacteria,Desulfobacterota,Desulfovibrionia,Desulfovibrionales,Desulfovibrionaceae,Desulfovibrio,None,Bacteria,Firmicutes,Clostridia,Oscillospirales,Ruminococcaceae,Faecalibacterium,None,0.009737098344693282
Bacteria,Desulfobacterota,Desulfovibrionia,Desulfovibrionales,Desulfovibrionaceae,Desulfovibrio,None,Bacteria,Firmicutes,Clostridia,Oscillospirales,Ruminococcaceae,Fournierella,uncultured_organism,0.010710808179162609
Bacteria,Desulfobacterota,Desulfovibrionia,Desulfovibrionales,Desulfovibrionaceae,Desulfovibrio,None,Bacteria,Firmicutes,Clostridia,Oscillospirales,Ruminococcaceae,Incertae_Sedis,metagenome,0.010710808179162609
Bacteria,Desulfobacterota,Desulfovibrionia,Desulfovibrionales,Desulfovibrionaceae,Desulfovibrio,None,Bacteria,Firmicutes,Clostridia,Oscillospirales,Ruminococcaceae,Incertae_Sedis,None,0.009737098344693282
Bacteria,Desulfobacterota,Desulfovibrionia,Desulfovibrionales,Desulfovibrionaceae,Desulfovibrio,None,Bacteria,Firmicutes,Clostridia,Oscillospirales,Ruminococcaceae,Negativibacillus,None,0.009737098344693282
Bacteria,Desulfobacterota,Desulfovibrionia,Desulfovibrionales,Desulfovibrionaceae,Desulfovibrio,None,Bacteria,Firmicutes,Clostridia,Oscillospirales,Ruminococcaceae,Ruminococcus,Ruminococcus_champanellensis,0.010710808179162609
Bacteria,Desulfobacterota,Desulfovibrionia,Desulfovibrionales,Desulfovibrionaceae,Desulfovibrio,None,Bacteria,Firmicutes,Clostridia,Oscillospirales,Ruminococcaceae,Ruminococcus,None,0.009737098344693282
Bacteria,Desulfobacterota,Desulfovibrionia,Desulfovibrionales,Desulfovibrionaceae,Desulfovibrio,None,Bacteria,Firmicutes,Clostridia,Oscillospirales,Ruminococcaceae,Subdoligranulum,None,0.009737098344693282
Bacteria,Desulfobacterota,Desulfovibrionia,Desulfovibrionales,Desulfovibrionaceae,Desulfovibrio,None,Bacteria,Firmicutes,Clostridia,Oscillospirales,Ruminococcaceae,UBA1819,None,0.009737098344693282
Bacteria,Desulfobacterota,Desulfovibrionia,Desulfovibrionales,Desulfovibrionaceae,Desulfovibrio,None,Bacteria,Firmicutes,Clostridia,Oscillospirales,Ruminococcaceae,Eubacterium_siraeum_group,None,0.009737098344693282
Bacteria,Desulfobacterota,Desulfovibrionia,Desulfovibrionales,Desulfovibrionaceae,Desulfovibrio,None,Bacteria,Firmicutes,Clostridia,Oscillospirales,Ruminococcaceae,None,None,0.008763388510223954
Bacteria,Desulfobacterota,Desulfovibrionia,Desulfovibrionales,Desulfovibrionaceae,Desulfovibrio,None,Bacteria,Firmicutes,Clostridia,Oscillospirales,UCG-010,None,None,0.008763388510223954
Bacteria,Desulfobacterota,Desulfovibrionia,Desulfovibrionales,Desulfovibrionaceae,Desulfovibrio,None,Bacteria,Firmicutes,Clostridia,Oscillospirales,UCG-010,metagenome,None,0.009737098344693282
Bacteria,Desulfobacterota,Desulfovibrionia,Desulfovibrionales,Desulfovibrionaceae,Desulfovibrio,None,Bacteria,Firmicutes,Clostridia,Oscillospirales,UCG-010,uncultured_bacterium,None,0.009737098344693282
Bacteria,Desulfobacterota,Desulfovibrionia,Desulfovibrionales,Desulfovibrionaceae,Desulfovibrio,None,Bacteria,Firmicutes,Clostridia,Oscillospirales,UCG-010,uncultured_organism,None,0.009737098344693282
Bacteria,Desulfobacterota,Desulfovibrionia,Desulfovibrionales,Desulfovibrionaceae,Desulfovibrio,None,Bacteria,Firmicutes,Clostridia,Oscillospirales,Clostridium_methylpentosum_group,None,None,0.008763388510223954
Bacteria,Desulfobacterota,Desulfovibrionia,Desulfovibrionales,Desulfovibrionaceae,Desulfovibrio,None,Bacteria,Firmicutes,Clostridia,Oscillospirales,Eubacterium_coprostanoligenes_group,None,None,0.008763388510223954
Bacteria,Desulfobacterota,Desulfovibrionia,Desulfovibrionales,Desulfovibrionaceae,Desulfovibrio,None,Bacteria,Firmicutes,Clostridia,Oscillospirales,None,None,None,0.007789678675754625
Bacteria,Desulfobacterota,Desulfovibrionia,Desulfovibrionales,Desulfovibrionaceae,Desulfovibrio,None,Bacteria,Firmicutes,Clostridia,Peptococcales,Peptococcaceae,uncultured,None,0.009737098344693282
Bacteria,Desulfobacterota,Desulfovibrionia,Desulfovibrionales,Desulfovibrionaceae,Desulfovibrio,None,Bacteria,Firmicutes,Clostridia,Peptostreptococcales-Tissierellales,Anaerovoracaceae,Family_XIII_AD3011_group,metagenome,0.010710808179162609
Bacteria,Desulfobacterota,Desulfovibrionia,Desulfovibrionales,Desulfovibrionaceae,Desulfovibrio,None,Bacteria,Firmicutes,Clostridia,Peptostreptococcales-Tissierellales,Anaerovoracaceae,Family_XIII_AD3011_group,None,0.009737098344693282
Bacteria,Desulfobacterota,Desulfovibrionia,Desulfovibrionales,Desulfovibrionaceae,Desulfovibrio,None,Bacteria,Firmicutes,Clostridia,Peptostreptococcales-Tissierellales,Anaerovoracaceae,Family_XIII_AD3011_group,uncultured,0.010710808179162609
Bacteria,Desulfobacterota,Desulfovibrionia,Desulfovibrionales,Desulfovibrionaceae,Desulfovibrio,None,Bacteria,Firmicutes,Clostridia,Peptostreptococcales-Tissierellales,Anaerovoracaceae,Family_XIII_UCG-001,metagenome,0.010710808179162609
Bacteria,Desulfobacterota,Desulfovibrionia,Desulfovibrionales,Desulfovibrionaceae,Desulfovibrio,None,Bacteria,Firmicutes,Clostridia,Peptostreptococcales-Tissierellales,Anaerovoracaceae,Eubacterium_nodatum_group,None,0.009737098344693282
Bacteria,Desulfobacterota,Desulfovibrionia,Desulfovibrionales,Desulfovibrionaceae,Desulfovibrio,None,Bacteria,Firmicutes,Clostridia,Peptostreptococcales-Tissierellales,Anaerovoracaceae,None,None,0.008763388510223954
Bacteria,Desulfobacterota,Desulfovibrionia,Desulfovibrionales,Desulfovibrionaceae,Desulfovibrio,None,Bacteria,Firmicutes,Clostridia,Peptostreptococcales-Tissierellales,Parvimonas,None,None,0.008763388510223954
Bacteria,Desulfobacterota,Desulfovibrionia,Desulfovibrionales,Desulfovibrionaceae,Desulfovibrio,None,Bacteria,Firmicutes,Clostridia,None,None,None,None,0.006815968841285297
Bacteria,Desulfobacterota,Desulfovibrionia,Desulfovibrionales,Desulfovibrionaceae,Desulfovibrio,None,Bacteria,Firmicutes,Incertae_Sedis,DTU014,unidentified,None,None,0.008763388510223954
Bacteria,Desulfobacterota,Desulfovibrionia,Desulfovibrionales,Desulfovibrionaceae,Desulfovibrio,None,Bacteria,Firmicutes,Limnochordia,M55-D21,uncultured_compost_bacterium,None,None,0.008763388510223954
Bacteria,Desulfobacterota,Desulfovibrionia,Desulfovibrionales,Desulfovibrionaceae,Desulfovibrio,None,Bacteria,Firmicutes,Negativicutes,Acidaminococcales,Acidaminococcaceae,Phascolarctobacterium,None,0.009737098344693282
Bacteria,Desulfobacterota,Desulfovibrionia,Desulfovibrionales,Desulfovibrionaceae,Desulfovibrio,None,Bacteria,Firmicutes,None,None,None,None,None,0.005842259006815969
Bacteria,Desulfobacterota,Desulfovibrionia,Desulfovibrionales,Desulfovibrionaceae,Desulfovibrio,None,Bacteria,Firmicutes,uncultured,uncultured_Peptococcaceae_bacterium,None,None,None,0.007789678675754625
Bacteria,Desulfobacterota,Desulfovibrionia,Desulfovibrionales,Desulfovibrionaceae,Desulfovibrio,None,Bacteria,Proteobacteria,Alphaproteobacteria,Rhodospirillales,uncultured,None,None,0.008763388510223954
Bacteria,Desulfobacterota,Desulfovibrionia,Desulfovibrionales,Desulfovibrionaceae,Desulfovibrio,None,Bacteria,Proteobacteria,Gammaproteobacteria,Burkholderiales,Sutterellaceae,Sutterella,Sutterella_sp._252,0.010710808179162609
Bacteria,Desulfobacterota,Desulfovibrionia,Desulfovibrionales,Desulfovibrionaceae,Desulfovibrio,None,Bacteria,Proteobacteria,Gammaproteobacteria,Enterobacterales,Enterobacteriaceae,Escherichia-Shigella,None,0.009737098344693282
Bacteria,Desulfobacterota,Desulfovibrionia,Desulfovibrionales,Desulfovibrionaceae,Desulfovibrio,None,Bacteria,Proteobacteria,Gammaproteobacteria,Enterobacterales,Enterobacteriaceae,Klebsiella,None,0.009737098344693282
Bacteria,Desulfobacterota,Desulfovibrionia,Desulfovibrionales,Desulfovibrionaceae,Desulfovibrio,None,Bacteria,Proteobacteria,Gammaproteobacteria,Enterobacterales,Enterobacteriaceae,None,None,0.008763388510223954
Bacteria,Desulfobacterota,Desulfovibrionia,Desulfovibrionales,Desulfovibrionaceae,Desulfovibrio,None,Bacteria,Proteobacteria,Gammaproteobacteria,Pseudomonadales,Pseudomonadaceae,Pseudomonas,None,0.009737098344693282
Bacteria,Desulfobacterota,Desulfovibrionia,Desulfovibrionales,Desulfovibrionaceae,Desulfovibrio,None,Bacteria,Synergistota,Synergistia,Synergistales,Synergistaceae,Cloacibacillus,None,0.009737098344693282
Bacteria,Desulfobacterota,Desulfovibrionia,Desulfovibrionales,Desulfovibrionaceae,Desulfovibrio,None,Bacteria,Verrucomicrobiota,Verrucomicrobiae,Verrucomicrobiales,Akkermansiaceae,Akkermansia,None,0.009737098344693282
Bacteria,Firmicutes,Bacilli,Erysipelotrichales,Erysipelatoclostridiaceae,Erysipelatoclostridium,Clostridium_spiroforme_DSM_1552,Bacteria,Firmicutes,Bacilli,Erysipelotrichales,Erysipelatoclostridiaceae,Erysipelatoclostridium,None,0.0009737098344693282
Bacteria,Firmicutes,Bacilli,Erysipelotrichales,Erysipelatoclostridiaceae,Erysipelatoclostridium,Clostridium_spiroforme_DSM_1552,Bacteria,Firmicutes,Bacilli,Erysipelotrichales,Erysipelotrichaceae,Faecalitalea,None,0.004868549172346641
Bacteria,Firmicutes,Bacilli,Erysipelotrichales,Erysipelatoclostridiaceae,Erysipelatoclostridium,Clostridium_spiroforme_DSM_1552,Bacteria,Firmicutes,Bacilli,Erysipelotrichales,Erysipelotrichaceae,Holdemanella,None,0.004868549172346641
Bacteria,Firmicutes,Bacilli,Erysipelotrichales,Erysipelatoclostridiaceae,Erysipelatoclostridium,Clostridium_spiroforme_DSM_1552,Bacteria,Firmicutes,Bacilli,Erysipelotrichales,Erysipelotrichaceae,Holdemania,None,0.004868549172346641
Bacteria,Firmicutes,Bacilli,Erysipelotrichales,Erysipelatoclostridiaceae,Erysipelatoclostridium,Clostridium_spiroforme_DSM_1552,Bacteria,Firmicutes,Bacilli,Erysipelotrichales,Erysipelotrichaceae,Clostridium_innocuum_group,None,0.004868549172346641
Bacteria,Firmicutes,Bacilli,Erysipelotrichales,Erysipelatoclostridiaceae,Erysipelatoclostridium,Clostridium_spiroforme_DSM_1552,Bacteria,Firmicutes,Bacilli,Izemoplasmatales,human_gut_metagenome,None,None,0.005842259006815969
Bacteria,Firmicutes,Bacilli,Erysipelotrichales,Erysipelatoclostridiaceae,Erysipelatoclostridium,Clostridium_spiroforme_DSM_1552,Bacteria,Firmicutes,Bacilli,Lactobacillales,Lactobacillaceae,Lactobacillus,Lactobacillus_mucosae,0.007789678675754625
Bacteria,Firmicutes,Bacilli,Erysipelotrichales,Erysipelatoclostridiaceae,Erysipelatoclostridium,Clostridium_spiroforme_DSM_1552,Bacteria,Firmicutes,Bacilli,Lactobacillales,Streptococcaceae,Lactococcus,None,0.006815968841285297
Bacteria,Firmicutes,Bacilli,Erysipelotrichales,Erysipelatoclostridiaceae,Erysipelatoclostridium,Clostridium_spiroforme_DSM_1552,Bacteria,Firmicutes,Bacilli,Lactobacillales,Streptococcaceae,Streptococcus,Streptococcus_sp._oral_taxon_065,0.007789678675754625
Bacteria,Firmicutes,Bacilli,Erysipelotrichales,Erysipelatoclostridiaceae,Erysipelatoclostridium,Clostridium_spiroforme_DSM_1552,Bacteria,Firmicutes,Bacilli,Lactobacillales,Streptococcaceae,Streptococcus,None,0.006815968841285297
Bacteria,Firmicutes,Bacilli,Erysipelotrichales,Erysipelatoclostridiaceae,Erysipelatoclostridium,Clostridium_spiroforme_DSM_1552,Bacteria,Firmicutes,Clostridia,Christensenellales,Christensenellaceae,Christensenellaceae_R-7_group,Christensenella_sp._Marseille-P3954,0.009737098344693282
Bacteria,Firmicutes,Bacilli,Erysipelotrichales,Erysipelatoclostridiaceae,Erysipelatoclostridium,Clostridium_spiroforme_DSM_1552,Bacteria,Firmicutes,Clostridia,Christensenellales,Christensenellaceae,Christensenellaceae_R-7_group,Clostridiales_bacterium_Marseille-P2846,0.009737098344693282
Bacteria,Firmicutes,Bacilli,Erysipelotrichales,Erysipelatoclostridiaceae,Erysipelatoclostridium,Clostridium_spiroforme_DSM_1552,Bacteria,Firmicutes,Clostridia,Christensenellales,Christensenellaceae,Christensenellaceae_R-7_group,None,0.008763388510223954
Bacteria,Firmicutes,Bacilli,Erysipelotrichales,Erysipelatoclostridiaceae,Erysipelatoclostridium,Clostridium_spiroforme_DSM_1552,Bacteria,Firmicutes,Clostridia,Christensenellales,Christensenellaceae,Christensenellaceae_R-7_group,bacterium_YE57,0.009737098344693282
Bacteria,Firmicutes,Bacilli,Erysipelotrichales,Erysipelatoclostridiaceae,Erysipelatoclostridium,Clostridium_spiroforme_DSM_1552,Bacteria,Firmicutes,Clostridia,Christensenellales,Christensenellaceae,Christensenellaceae_R-7_group,metagenome,0.009737098344693282
Bacteria,Firmicutes,Bacilli,Erysipelotrichales,Erysipelatoclostridiaceae,Erysipelatoclostridium,Clostridium_spiroforme_DSM_1552,Bacteria,Firmicutes,Clostridia,Christensenellales,Christensenellaceae,Christensenellaceae_R-7_group,uncultured_Firmicutes_bacterium,0.009737098344693282
Bacteria,Firmicutes,Bacilli,Erysipelotrichales,Erysipelatoclostridiaceae,Erysipelatoclostridium,Clostridium_spiroforme_DSM_1552,Bacteria,Firmicutes,Clostridia,Christensenellales,Christensenellaceae,Christensenellaceae_R-7_group,uncultured_marine_bacterium,0.009737098344693282
Bacteria,Firmicutes,Bacilli,Erysipelotrichales,Erysipelatoclostridiaceae,Erysipelatoclostridium,Clostridium_spiroforme_DSM_1552,Bacteria,Firmicutes,Clostridia,Christensenellales,Christensenellaceae,Christensenellaceae_R-7_group,uncultured_organism,0.009737098344693282
Bacteria,Firmicutes,Bacilli,Erysipelotrichales,Erysipelatoclostridiaceae,Erysipelatoclostridium,Clostridium_spiroforme_DSM_1552,Bacteria,Firmicutes,Clostridia,Christensenellales,Christensenellaceae,None,None,0.007789678675754625
Bacteria,Firmicutes,Bacilli,Erysipelotrichales,Erysipelatoclostridiaceae,Erysipelatoclostridium,Clostridium_spiroforme_DSM_1552,Bacteria,Firmicutes,Clostridia,Clostridia_vadinBB60_group,metagenome,None,None,0.007789678675754625
Bacteria,Firmicutes,Bacilli,Erysipelotrichales,Erysipelatoclostridiaceae,Erysipelatoclostridium,Clostridium_spiroforme_DSM_1552,Bacteria,Firmicutes,Clostridia,Clostridia_vadinBB60_group,wastewater_metagenome,None,None,0.007789678675754625
Bacteria,Firmicutes,Bacilli,Erysipelotrichales,Erysipelatoclostridiaceae,Erysipelatoclostridium,Clostridium_spiroforme_DSM_1552,Bacteria,Firmicutes,Clostridia,Clostridiales,Christensenellaceae,Christensenella,PAC001427,0.009737098344693282
Bacteria,Firmicutes,Bacilli,Erysipelotrichales,Erysipelatoclostridiaceae,Erysipelatoclostridium,Clostridium_spiroforme_DSM_1552,Bacteria,Firmicutes,Clostridia,Clostridiales,Christensenellaceae,Christensenella,PAC002297,0.009737098344693282
Bacteria,Firmicutes,Bacilli,Erysipelotrichales,Erysipelatoclostridiaceae,Erysipelatoclostridium,Clostridium_spiroforme_DSM_1552,Bacteria,Firmicutes,Clostridia,Clostridiales,Christensenellaceae,PAC001115,PAC001444,0.009737098344693282
Bacteria,Firmicutes,Bacilli,Erysipelotrichales,Erysipelatoclostridiaceae,Erysipelatoclostridium,Clostridium_spiroforme_DSM_1552,Bacteria,Firmicutes,Clostridia,Clostridiales,Christensenellaceae,PAC001437,PAC001486,0.009737098344693282
Bacteria,Firmicutes,Bacilli,Erysipelotrichales,Erysipelatoclostridiaceae,Erysipelatoclostridium,Clostridium_spiroforme_DSM_1552,Bacteria,Firmicutes,Clostridia,Clostridiales,Christensenellaceae,PAC001437,PAC002305,0.009737098344693282
Bacteria,Firmicutes,Bacilli,Erysipelotrichales,Erysipelatoclostridiaceae,Erysipelatoclostridium,Clostridium_spiroforme_DSM_1552,Bacteria,Firmicutes,Clostridia,Clostridiales,Christensenellaceae,PAC002510,PAC002510,0.009737098344693282
Bacteria,Firmicutes,Bacilli,Erysipelotrichales,Erysipelatoclostridiaceae,Erysipelatoclostridium,Clostridium_spiroforme_DSM_1552,Bacteria,Firmicutes,Clostridia,Clostridiales,Dehalobacterium,PAC002141,PAC002141,0.009737098344693282
Bacteria,Firmicutes,Bacilli,Erysipelotrichales,Erysipelatoclostridiaceae,Erysipelatoclostridium,Clostridium_spiroforme_DSM_1552,Bacteria,Firmicutes,Clostridia,Clostridiales,Ruminococcaceae,PAC000742,PAC000742,0.009737098344693282
Bacteria,Firmicutes,Bacilli,Erysipelotrichales,Erysipelatoclostridiaceae,Erysipelatoclostridium,Clostridium_spiroforme_DSM_1552,Bacteria,Firmicutes,Clostridia,Clostridiales,Ruminococcaceae,PAC001144,PAC001620,0.009737098344693282
Bacteria,Firmicutes,Bacilli,Erysipelotrichales,Erysipelatoclostridiaceae,Erysipelatoclostridium,Clostridium_spiroforme_DSM_1552,Bacteria,Firmicutes,Clostridia,Clostridiales,Ruminococcaceae,PAC001313,PAC001649,0.009737098344693282
Bacteria,Firmicutes,Bacilli,Erysipelotrichales,Erysipelatoclostridiaceae,Erysipelatoclostridium,Clostridium_spiroforme_DSM_1552,Bacteria,Firmicutes,Clostridia,Clostridiales,Ruminococcaceae,PAC002201,PAC002201,0.009737098344693282
Bacteria,Firmicutes,Bacilli,Erysipelotrichales,Erysipelatoclostridiaceae,Erysipelatoclostridium,Clostridium_spiroforme_DSM_1552,Bacteria,Firmicutes,Clostridia,Eubacteriales,Eubacteriaceae,Eubacterium,None,0.008763388510223954
Bacteria,Firmicutes,Bacilli,Erysipelotrichales,Erysipelatoclostridiaceae,Erysipelatoclostridium,Clostridium_spiroforme_DSM_1552,Bacteria,Firmicutes,Clostridia,Lachnospirales,Lachnospiraceae,Agathobacter,None,0.008763388510223954
Bacteria,Firmicutes,Bacilli,Erysipelotrichales,Erysipelatoclostridiaceae,Erysipelatoclostridium,Clostridium_spiroforme_DSM_1552,Bacteria,Firmicutes,Clostridia,Lachnospirales,Lachnospiraceae,Anaerostipes,None,0.008763388510223954
Bacteria,Firmicutes,Bacilli,Erysipelotrichales,Erysipelatoclostridiaceae,Erysipelatoclostridium,Clostridium_spiroforme_DSM_1552,Bacteria,Firmicutes,Clostridia,Lachnospirales,Lachnospiraceae,Blautia,None,0.008763388510223954
Bacteria,Firmicutes,Bacilli,Erysipelotrichales,Erysipelatoclostridiaceae,Erysipelatoclostridium,Clostridium_spiroforme_DSM_1552,Bacteria,Firmicutes,Clostridia,Lachnospirales,Lachnospiraceae,Blautia,bacterium_mpn-isolate_group_20,0.009737098344693282
Bacteria,Firmicutes,Bacilli,Erysipelotrichales,Erysipelatoclostridiaceae,Erysipelatoclostridium,Clostridium_spiroforme_DSM_1552,Bacteria,Firmicutes,Clostridia,Lachnospirales,Lachnospiraceae,Blautia,uncultured_Blautia_sp.,0.009737098344693282
Bacteria,Firmicutes,Bacilli,Erysipelotrichales,Erysipelatoclostridiaceae,Erysipelatoclostridium,Clostridium_spiroforme_DSM_1552,Bacteria,Firmicutes,Clostridia,Lachnospirales,Lachnospiraceae,Coprococcus,None,0.008763388510223954
Bacteria,Firmicutes,Bacilli,Erysipelotrichales,Erysipelatoclostridiaceae,Erysipelatoclostridium,Clostridium_spiroforme_DSM_1552,Bacteria,Firmicutes,Clostridia,Lachnospirales,Lachnospiraceae,Coprococcus,uncultured_Coprococcus_sp.,0.009737098344693282
Bacteria,Firmicutes,Bacilli,Erysipelotrichales,Erysipelatoclostridiaceae,Erysipelatoclostridium,Clostridium_spiroforme_DSM_1552,Bacteria,Firmicutes,Clostridia,Lachnospirales,Lachnospiraceae,Dorea,None,0.008763388510223954
Bacteria,Firmicutes,Bacilli,Erysipelotrichales,Erysipelatoclostridiaceae,Erysipelatoclostridium,Clostridium_spiroforme_DSM_1552,Bacteria,Firmicutes,Clostridia,Lachnospirales,Lachnospiraceae,Eisenbergiella,None,0.008763388510223954
Bacteria,Firmicutes,Bacilli,Erysipelotrichales,Erysipelatoclostridiaceae,Erysipelatoclostridium,Clostridium_spiroforme_DSM_1552,Bacteria,Firmicutes,Clostridia,Lachnospirales,Lachnospiraceae,Frisingicoccus,None,0.008763388510223954
Bacteria,Firmicutes,Bacilli,Erysipelotrichales,Erysipelatoclostridiaceae,Erysipelatoclostridium,Clostridium_spiroforme_DSM_1552,Bacteria,Firmicutes,Clostridia,Lachnospirales,Lachnospiraceae,Fusicatenibacter,uncultured_Lachnospiraceae_bacterium,0.009737098344693282
Bacteria,Firmicutes,Bacilli,Erysipelotrichales,Erysipelatoclostridiaceae,Erysipelatoclostridium,Clostridium_spiroforme_DSM_1552,Bacteria,Firmicutes,Clostridia,Lachnospirales,Lachnospiraceae,GCA-900066575,None,0.008763388510223954
Bacteria,Firmicutes,Bacilli,Erysipelotrichales,Erysipelatoclostridiaceae,Erysipelatoclostridium,Clostridium_spiroforme_DSM_1552,Bacteria,Firmicutes,Clostridia,Lachnospirales,Lachnospiraceae,GCA-900066575,metagenome,0.009737098344693282
Bacteria,Firmicutes,Bacilli,Erysipelotrichales,Erysipelatoclostridiaceae,Erysipelatoclostridium,Clostridium_spiroforme_DSM_1552,Bacteria,Firmicutes,Clostridia,Lachnospirales,Lachnospiraceae,GCA-900066755,None,0.008763388510223954
Bacteria,Firmicutes,Bacilli,Erysipelotrichales,Erysipelatoclostridiaceae,Erysipelatoclostridium,Clostridium_spiroforme_DSM_1552,Bacteria,Firmicutes,Clostridia,Lachnospirales,Lachnospiraceae,Hungatella,metagenome,0.009737098344693282
Bacteria,Firmicutes,Bacilli,Erysipelotrichales,Erysipelatoclostridiaceae,Erysipelatoclostridium,Clostridium_spiroforme_DSM_1552,Bacteria,Firmicutes,Clostridia,Lachnospirales,Lachnospiraceae,Lachnoclostridium,Clostridium_symbiosum,0.009737098344693282
Bacteria,Firmicutes,Bacilli,Erysipelotrichales,Erysipelatoclostridiaceae,Erysipelatoclostridium,Clostridium_spiroforme_DSM_1552,Bacteria,Firmicutes,Clostridia,Lachnospirales,Lachnospiraceae,Lachnoclostridium,None,0.008763388510223954
Bacteria,Firmicutes,Bacilli,Erysipelotrichales,Erysipelatoclostridiaceae,Erysipelatoclostridium,Clostridium_spiroforme_DSM_1552,Bacteria,Firmicutes,Clostridia,Lachnospirales,Lachnospiraceae,Lachnoclostridium,uncultured_Lachnospiraceae_bacterium,0.009737098344693282
Bacteria,Firmicutes,Bacilli,Erysipelotrichales,Erysipelatoclostridiaceae,Erysipelatoclostridium,Clostridium_spiroforme_DSM_1552,Bacteria,Firmicutes,Clostridia,Lachnospirales,Lachnospiraceae,Lachnospiraceae_ND3007_group,metagenome,0.009737098344693282
Bacteria,Firmicutes,Bacilli,Erysipelotrichales,Erysipelatoclostridiaceae,Erysipelatoclostridium,Clostridium_spiroforme_DSM_1552,Bacteria,Firmicutes,Clostridia,Lachnospirales,Lachnospiraceae,Lachnospiraceae_NK4A136_group,None,0.008763388510223954
Bacteria,Firmicutes,Bacilli,Erysipelotrichales,Erysipelatoclostridiaceae,Erysipelatoclostridium,Clostridium_spiroforme_DSM_1552,Bacteria,Firmicutes,Clostridia,Lachnospirales,Lachnospiraceae,Lachnospiraceae_NK4A136_group,uncultured_Lachnospiraceae_bacterium,0.009737098344693282
Bacteria,Firmicutes,Bacilli,Erysipelotrichales,Erysipelatoclostridiaceae,Erysipelatoclostridium,Clostridium_spiroforme_DSM_1552,Bacteria,Firmicutes,Clostridia,Lachnospirales,Lachnospiraceae,Lachnospiraceae_NK4A136_group,uncultured_bacterium_Adhufec49.25,0.009737098344693282
Bacteria,Firmicutes,Bacilli,Erysipelotrichales,Erysipelatoclostridiaceae,Erysipelatoclostridium,Clostridium_spiroforme_DSM_1552,Bacteria,Firmicutes,Clostridia,Lachnospirales,Lachnospiraceae,Lachnospiraceae_NK4B4_group,None,0.008763388510223954
Bacteria,Firmicutes,Bacilli,Erysipelotrichales,Erysipelatoclostridiaceae,Erysipelatoclostridium,Clostridium_spiroforme_DSM_1552,Bacteria,Firmicutes,Clostridia,Lachnospirales,Lachnospiraceae,Lachnospiraceae_UCG-001,metagenome,0.009737098344693282
Bacteria,Firmicutes,Bacilli,Erysipelotrichales,Erysipelatoclostridiaceae,Erysipelatoclostridium,Clostridium_spiroforme_DSM_1552,Bacteria,Firmicutes,Clostridia,Lachnospirales,Lachnospiraceae,Lachnospiraceae_UCG-004,None,0.008763388510223954
Bacteria,Firmicutes,Bacilli,Erysipelotrichales,Erysipelatoclostridiaceae,Erysipelatoclostridium,Clostridium_spiroforme_DSM_1552,Bacteria,Firmicutes,Clostridia,Lachnospirales,Lachnospiraceae,Lachnospiraceae_UCG-008,metagenome,0.009737098344693282
Bacteria,Firmicutes,Bacilli,Erysipelotrichales,Erysipelatoclostridiaceae,Erysipelatoclostridium,Clostridium_spiroforme_DSM_1552,Bacteria,Firmicutes,Clostridia,Lachnospirales,Lachnospiraceae,Lachnospiraceae_UCG-010,None,0.008763388510223954
Bacteria,Firmicutes,Bacilli,Erysipelotrichales,Erysipelatoclostridiaceae,Erysipelatoclostridium,Clostridium_spiroforme_DSM_1552,Bacteria,Firmicutes,Clostridia,Lachnospirales,Lachnospiraceae,Marvinbryantia,None,0.008763388510223954
Bacteria,Firmicutes,Bacilli,Erysipelotrichales,Erysipelatoclostridiaceae,Erysipelatoclostridium,Clostridium_spiroforme_DSM_1552,Bacteria,Firmicutes,Clostridia,Lachnospirales,Lachnospiraceae,Marvinbryantia,unidentified,0.009737098344693282
Bacteria,Firmicutes,Bacilli,Erysipelotrichales,Erysipelatoclostridiaceae,Erysipelatoclostridium,Clostridium_spiroforme_DSM_1552,Bacteria,Firmicutes,Clostridia,Lachnospirales,Lachnospiraceae,Roseburia,None,0.008763388510223954
Bacteria,Firmicutes,Bacilli,Erysipelotrichales,Erysipelatoclostridiaceae,Erysipelatoclostridium,Clostridium_spiroforme_DSM_1552,Bacteria,Firmicutes,Clostridia,Lachnospirales,Lachnospiraceae,Roseburia,gut_metagenome,0.009737098344693282
Bacteria,Firmicutes,Bacilli,Erysipelotrichales,Erysipelatoclostridiaceae,Erysipelatoclostridium,Clostridium_spiroforme_DSM_1552,Bacteria,Firmicutes,Clostridia,Lachnospirales,Lachnospiraceae,Tuzzerella,None,0.008763388510223954
Bacteria,Firmicutes,Bacilli,Erysipelotrichales,Erysipelatoclostridiaceae,Erysipelatoclostridium,Clostridium_spiroforme_DSM_1552,Bacteria,Firmicutes,Clostridia,Lachnospirales,Lachnospiraceae,Tyzzerella,None,0.008763388510223954
Bacteria,Firmicutes,Bacilli,Erysipelotrichales,Erysipelatoclostridiaceae,Erysipelatoclostridium,Clostridium_spiroforme_DSM_1552,Bacteria,Firmicutes,Clostridia,Lachnospirales,Lachnospiraceae,Eubacterium_hallii_group,None,0.008763388510223954
Bacteria,Firmicutes,Bacilli,Erysipelotrichales,Erysipelatoclostridiaceae,Erysipelatoclostridium,Clostridium_spiroforme_DSM_1552,Bacteria,Firmicutes,Clostridia,Lachnospirales,Lachnospiraceae,Eubacterium_ventriosum_group,metagenome,0.009737098344693282
Bacteria,Firmicutes,Bacilli,Erysipelotrichales,Erysipelatoclostridiaceae,Erysipelatoclostridium,Clostridium_spiroforme_DSM_1552,Bacteria,Firmicutes,Clostridia,Lachnospirales,Lachnospiraceae,Ruminococcus_gauvreauii_group,uncultured_Lachnospiraceae_bacterium,0.009737098344693282
Bacteria,Firmicutes,Bacilli,Erysipelotrichales,Erysipelatoclostridiaceae,Erysipelatoclostridium,Clostridium_spiroforme_DSM_1552,Bacteria,Firmicutes,Clostridia,Lachnospirales,Lachnospiraceae,Ruminococcus_gnavus_group,None,0.008763388510223954
Bacteria,Firmicutes,Bacilli,Erysipelotrichales,Erysipelatoclostridiaceae,Erysipelatoclostridium,Clostridium_spiroforme_DSM_1552,Bacteria,Firmicutes,Clostridia,Lachnospirales,Lachnospiraceae,Ruminococcus_torques_group,Clostridiaceae_bacterium_LEMV78,0.009737098344693282
Bacteria,Firmicutes,Bacilli,Erysipelotrichales,Erysipelatoclostridiaceae,Erysipelatoclostridium,Clostridium_spiroforme_DSM_1552,Bacteria,Firmicutes,Clostridia,Lachnospirales,Lachnospiraceae,Ruminococcus_torques_group,None,0.008763388510223954
Bacteria,Firmicutes,Bacilli,Erysipelotrichales,Erysipelatoclostridiaceae,Erysipelatoclostridium,Clostridium_spiroforme_DSM_1552,Bacteria,Firmicutes,Clostridia,Lachnospirales,Lachnospiraceae,None,None,0.007789678675754625
Bacteria,Firmicutes,Bacilli,Erysipelotrichales,Erysipelatoclostridiaceae,Erysipelatoclostridium,Clostridium_spiroforme_DSM_1552,Bacteria,Firmicutes,Clostridia,Lachnospirales,Lachnospiraceae,uncultured,None,0.008763388510223954
Bacteria,Firmicutes,Bacilli,Erysipelotrichales,Erysipelatoclostridiaceae,Erysipelatoclostridium,Clostridium_spiroforme_DSM_1552,Bacteria,Firmicutes,Clostridia,Monoglobales,Monoglobaceae,Monoglobus,None,0.008763388510223954
Bacteria,Firmicutes,Bacilli,Erysipelotrichales,Erysipelatoclostridiaceae,Erysipelatoclostridium,Clostridium_spiroforme_DSM_1552,Bacteria,Firmicutes,Clostridia,Oscillospirales,Butyricicoccaceae,Butyricicoccus,None,0.008763388510223954
Bacteria,Firmicutes,Bacilli,Erysipelotrichales,Erysipelatoclostridiaceae,Erysipelatoclostridium,Clostridium_spiroforme_DSM_1552,Bacteria,Firmicutes,Clostridia,Oscillospirales,Hydrogenoanaerobacterium,None,None,0.007789678675754625
Bacteria,Firmicutes,Bacilli,Erysipelotrichales,Erysipelatoclostridiaceae,Erysipelatoclostridium,Clostridium_spiroforme_DSM_1552,Bacteria,Firmicutes,Clostridia,Oscillospirales,Oscillospiraceae,Colidextribacter,None,0.008763388510223954
Bacteria,Firmicutes,Bacilli,Erysipelotrichales,Erysipelatoclostridiaceae,Erysipelatoclostridium,Clostridium_spiroforme_DSM_1552,Bacteria,Firmicutes,Clostridia,Oscillospirales,Oscillospiraceae,Colidextribacter,metagenome,0.009737098344693282
Bacteria,Firmicutes,Bacilli,Erysipelotrichales,Erysipelatoclostridiaceae,Erysipelatoclostridium,Clostridium_spiroforme_DSM_1552,Bacteria,Firmicutes,Clostridia,Oscillospirales,Oscillospiraceae,Flavonifractor,None,0.008763388510223954
Bacteria,Firmicutes,Bacilli,Erysipelotrichales,Erysipelatoclostridiaceae,Erysipelatoclostridium,Clostridium_spiroforme_DSM_1552,Bacteria,Firmicutes,Clostridia,Oscillospirales,Oscillospiraceae,Intestinimonas,None,0.008763388510223954
Bacteria,Firmicutes,Bacilli,Erysipelotrichales,Erysipelatoclostridiaceae,Erysipelatoclostridium,Clostridium_spiroforme_DSM_1552,Bacteria,Firmicutes,Clostridia,Oscillospirales,Oscillospiraceae,Intestinimonas,uncultured,0.009737098344693282
Bacteria,Firmicutes,Bacilli,Erysipelotrichales,Erysipelatoclostridiaceae,Erysipelatoclostridium,Clostridium_spiroforme_DSM_1552,Bacteria,Firmicutes,Clostridia,Oscillospirales,Oscillospiraceae,NK4A214_group,None,0.008763388510223954
Bacteria,Firmicutes,Bacilli,Erysipelotrichales,Erysipelatoclostridiaceae,Erysipelatoclostridium,Clostridium_spiroforme_DSM_1552,Bacteria,Firmicutes,Clostridia,Oscillospirales,Oscillospiraceae,Oscillibacter,None,0.008763388510223954
Bacteria,Firmicutes,Bacilli,Erysipelotrichales,Erysipelatoclostridiaceae,Erysipelatoclostridium,Clostridium_spiroforme_DSM_1552,Bacteria,Firmicutes,Clostridia,Oscillospirales,Oscillospiraceae,Oscillibacter,metagenome,0.009737098344693282
Bacteria,Firmicutes,Bacilli,Erysipelotrichales,Erysipelatoclostridiaceae,Erysipelatoclostridium,Clostridium_spiroforme_DSM_1552,Bacteria,Firmicutes,Clostridia,Oscillospirales,Oscillospiraceae,Oscillospira,None,0.008763388510223954
Bacteria,Firmicutes,Bacilli,Erysipelotrichales,Erysipelatoclostridiaceae,Erysipelatoclostridium,Clostridium_spiroforme_DSM_1552,Bacteria,Firmicutes,Clostridia,Oscillospirales,Oscillospiraceae,UCG-002,None,0.008763388510223954
Bacteria,Firmicutes,Bacilli,Erysipelotrichales,Erysipelatoclostridiaceae,Erysipelatoclostridium,Clostridium_spiroforme_DSM_1552,Bacteria,Firmicutes,Clostridia,Oscillospirales,Oscillospiraceae,UCG-003,None,0.008763388510223954
Bacteria,Firmicutes,Bacilli,Erysipelotrichales,Erysipelatoclostridiaceae,Erysipelatoclostridium,Clostridium_spiroforme_DSM_1552,Bacteria,Firmicutes,Clostridia,Oscillospirales,Oscillospiraceae,UCG-005,None,0.008763388510223954
Bacteria,Firmicutes,Bacilli,Erysipelotrichales,Erysipelatoclostridiaceae,Erysipelatoclostridium,Clostridium_spiroforme_DSM_1552,Bacteria,Firmicutes,Clostridia,Oscillospirales,Oscillospiraceae,UCG-005,metagenome,0.009737098344693282
Bacteria,Firmicutes,Bacilli,Erysipelotrichales,Erysipelatoclostridiaceae,Erysipelatoclostridium,Clostridium_spiroforme_DSM_1552,Bacteria,Firmicutes,Clostridia,Oscillospirales,Oscillospiraceae,UCG-005,uncultured_Clostridiales_bacterium,0.009737098344693282
Bacteria,Firmicutes,Bacilli,Erysipelotrichales,Erysipelatoclostridiaceae,Erysipelatoclostridium,Clostridium_spiroforme_DSM_1552,Bacteria,Firmicutes,Clostridia,Oscillospirales,Oscillospiraceae,UCG-005,uncultured_rumen_bacterium,0.009737098344693282
Bacteria,Firmicutes,Bacilli,Erysipelotrichales,Erysipelatoclostridiaceae,Erysipelatoclostridium,Clostridium_spiroforme_DSM_1552,Bacteria,Firmicutes,Clostridia,Oscillospirales,Oscillospiraceae,None,None,0.007789678675754625
Bacteria,Firmicutes,Bacilli,Erysipelotrichales,Erysipelatoclostridiaceae,Erysipelatoclostridium,Clostridium_spiroforme_DSM_1552,Bacteria,Firmicutes,Clostridia,Oscillospirales,Oscillospiraceae,uncultured,metagenome,0.009737098344693282
Bacteria,Firmicutes,Bacilli,Erysipelotrichales,Erysipelatoclostridiaceae,Erysipelatoclostridium,Clostridium_spiroforme_DSM_1552,Bacteria,Firmicutes,Clostridia,Oscillospirales,Oscillospiraceae,uncultured,unidentified,0.009737098344693282
Bacteria,Firmicutes,Bacilli,Erysipelotrichales,Erysipelatoclostridiaceae,Erysipelatoclostridium,Clostridium_spiroforme_DSM_1552,Bacteria,Firmicutes,Clostridia,Oscillospirales,Ruminococcaceae,Anaerofilum,uncultured_Firmicutes_bacterium,0.009737098344693282
Bacteria,Firmicutes,Bacilli,Erysipelotrichales,Erysipelatoclostridiaceae,Erysipelatoclostridium,Clostridium_spiroforme_DSM_1552,Bacteria,Firmicutes,Clostridia,Oscillospirales,Ruminococcaceae,Anaerotruncus,Anaerotruncus_rubiinfantis,0.009737098344693282
Bacteria,Firmicutes,Bacilli,Erysipelotrichales,Erysipelatoclostridiaceae,Erysipelatoclostridium,Clostridium_spiroforme_DSM_1552,Bacteria,Firmicutes,Clostridia,Oscillospirales,Ruminococcaceae,Anaerotruncus,Anaerotruncus_sp._NML_070203,0.009737098344693282
Bacteria,Firmicutes,Bacilli,Erysipelotrichales,Erysipelatoclostridiaceae,Erysipelatoclostridium,Clostridium_spiroforme_DSM_1552,Bacteria,Firmicutes,Clostridia,Oscillospirales,Ruminococcaceae,Candidatus_Soleaferrea,Neobitarella_massiliensis,0.009737098344693282
Bacteria,Firmicutes,Bacilli,Erysipelotrichales,Erysipelatoclostridiaceae,Erysipelatoclostridium,Clostridium_spiroforme_DSM_1552,Bacteria,Firmicutes,Clostridia,Oscillospirales,Ruminococcaceae,Candidatus_Soleaferrea,None,0.008763388510223954
Bacteria,Firmicutes,Bacilli,Erysipelotrichales,Erysipelatoclostridiaceae,Erysipelatoclostridium,Clostridium_spiroforme_DSM_1552,Bacteria,Firmicutes,Clostridia,Oscillospirales,Ruminococcaceae,DTU089,None,0.008763388510223954
Bacteria,Firmicutes,Bacilli,Erysipelotrichales,Erysipelatoclostridiaceae,Erysipelatoclostridium,Clostridium_spiroforme_DSM_1552,Bacteria,Firmicutes,Clostridia,Oscillospirales,Ruminococcaceae,Faecalibacterium,None,0.008763388510223954
Bacteria,Firmicutes,Bacilli,Erysipelotrichales,Erysipelatoclostridiaceae,Erysipelatoclostridium,Clostridium_spiroforme_DSM_1552,Bacteria,Firmicutes,Clostridia,Oscillospirales,Ruminococcaceae,Fournierella,uncultured_organism,0.009737098344693282
Bacteria,Firmicutes,Bacilli,Erysipelotrichales,Erysipelatoclostridiaceae,Erysipelatoclostridium,Clostridium_spiroforme_DSM_1552,Bacteria,Firmicutes,Clostridia,Oscillospirales,Ruminococcaceae,Incertae_Sedis,metagenome,0.009737098344693282
Bacteria,Firmicutes,Bacilli,Erysipelotrichales,Erysipelatoclostridiaceae,Erysipelatoclostridium,Clostridium_spiroforme_DSM_1552,Bacteria,Firmicutes,Clostridia,Oscillospirales,Ruminococcaceae,Incertae_Sedis,None,0.008763388510223954
Bacteria,Firmicutes,Bacilli,Erysipelotrichales,Erysipelatoclostridiaceae,Erysipelatoclostridium,Clostridium_spiroforme_DSM_1552,Bacteria,Firmicutes,Clostridia,Oscillospirales,Ruminococcaceae,Negativibacillus,None,0.008763388510223954
Bacteria,Firmicutes,Bacilli,Erysipelotrichales,Erysipelatoclostridiaceae,Erysipelatoclostridium,Clostridium_spiroforme_DSM_1552,Bacteria,Firmicutes,Clostridia,Oscillospirales,Ruminococcaceae,Ruminococcus,Ruminococcus_champanellensis,0.009737098344693282
Bacteria,Firmicutes,Bacilli,Erysipelotrichales,Erysipelatoclostridiaceae,Erysipelatoclostridium,Clostridium_spiroforme_DSM_1552,Bacteria,Firmicutes,Clostridia,Oscillospirales,Ruminococcaceae,Ruminococcus,None,0.008763388510223954
Bacteria,Firmicutes,Bacilli,Erysipelotrichales,Erysipelatoclostridiaceae,Erysipelatoclostridium,Clostridium_spiroforme_DSM_1552,Bacteria,Firmicutes,Clostridia,Oscillospirales,Ruminococcaceae,Subdoligranulum,None,0.008763388510223954
Bacteria,Firmicutes,Bacilli,Erysipelotrichales,Erysipelatoclostridiaceae,Erysipelatoclostridium,Clostridium_spiroforme_DSM_1552,Bacteria,Firmicutes,Clostridia,Oscillospirales,Ruminococcaceae,UBA1819,None,0.008763388510223954
Bacteria,Firmicutes,Bacilli,Erysipelotrichales,Erysipelatoclostridiaceae,Erysipelatoclostridium,Clostridium_spiroforme_DSM_1552,Bacteria,Firmicutes,Clostridia,Oscillospirales,Ruminococcaceae,Eubacterium_siraeum_group,None,0.008763388510223954
Bacteria,Firmicutes,Bacilli,Erysipelotrichales,Erysipelatoclostridiaceae,Erysipelatoclostridium,Clostridium_spiroforme_DSM_1552,Bacteria,Firmicutes,Clostridia,Oscillospirales,Ruminococcaceae,None,None,0.007789678675754625
Bacteria,Firmicutes,Bacilli,Erysipelotrichales,Erysipelatoclostridiaceae,Erysipelatoclostridium,Clostridium_spiroforme_DSM_1552,Bacteria,Firmicutes,Clostridia,Oscillospirales,UCG-010,None,None,0.007789678675754625
Bacteria,Firmicutes,Bacilli,Erysipelotrichales,Erysipelatoclostridiaceae,Erysipelatoclostridium,Clostridium_spiroforme_DSM_1552,Bacteria,Firmicutes,Clostridia,Oscillospirales,UCG-010,metagenome,None,0.008763388510223954
Bacteria,Firmicutes,Bacilli,Erysipelotrichales,Erysipelatoclostridiaceae,Erysipelatoclostridium,Clostridium_spiroforme_DSM_1552,Bacteria,Firmicutes,Clostridia,Oscillospirales,UCG-010,uncultured_bacterium,None,0.008763388510223954
Bacteria,Firmicutes,Bacilli,Erysipelotrichales,Erysipelatoclostridiaceae,Erysipelatoclostridium,Clostridium_spiroforme_DSM_1552,Bacteria,Firmicutes,Clostridia,Oscillospirales,UCG-010,uncultured_organism,None,0.008763388510223954
Bacteria,Firmicutes,Bacilli,Erysipelotrichales,Erysipelatoclostridiaceae,Erysipelatoclostridium,Clostridium_spiroforme_DSM_1552,Bacteria,Firmicutes,Clostridia,Oscillospirales,Clostridium_methylpentosum_group,None,None,0.007789678675754625
Bacteria,Firmicutes,Bacilli,Erysipelotrichales,Erysipelatoclostridiaceae,Erysipelatoclostridium,Clostridium_spiroforme_DSM_1552,Bacteria,Firmicutes,Clostridia,Oscillospirales,Eubacterium_coprostanoligenes_group,None,None,0.007789678675754625
Bacteria,Firmicutes,Bacilli,Erysipelotrichales,Erysipelatoclostridiaceae,Erysipelatoclostridium,Clostridium_spiroforme_DSM_1552,Bacteria,Firmicutes,Clostridia,Oscillospirales,None,None,None,0.006815968841285297
Bacteria,Firmicutes,Bacilli,Erysipelotrichales,Erysipelatoclostridiaceae,Erysipelatoclostridium,Clostridium_spiroforme_DSM_1552,Bacteria,Firmicutes,Clostridia,Peptococcales,Peptococcaceae,uncultured,None,0.008763388510223954
Bacteria,Firmicutes,Bacilli,Erysipelotrichales,Erysipelatoclostridiaceae,Erysipelatoclostridium,Clostridium_spiroforme_DSM_1552,Bacteria,Firmicutes,Clostridia,Peptostreptococcales-Tissierellales,Anaerovoracaceae,Family_XIII_AD3011_group,metagenome,0.009737098344693282
Bacteria,Firmicutes,Bacilli,Erysipelotrichales,Erysipelatoclostridiaceae,Erysipelatoclostridium,Clostridium_spiroforme_DSM_1552,Bacteria,Firmicutes,Clostridia,Peptostreptococcales-Tissierellales,Anaerovoracaceae,Family_XIII_AD3011_group,None,0.008763388510223954
Bacteria,Firmicutes,Bacilli,Erysipelotrichales,Erysipelatoclostridiaceae,Erysipelatoclostridium,Clostridium_spiroforme_DSM_1552,Bacteria,Firmicutes,Clostridia,Peptostreptococcales-Tissierellales,Anaerovoracaceae,Family_XIII_AD3011_group,uncultured,0.009737098344693282
Bacteria,Firmicutes,Bacilli,Erysipelotrichales,Erysipelatoclostridiaceae,Erysipelatoclostridium,Clostridium_spiroforme_DSM_1552,Bacteria,Firmicutes,Clostridia,Peptostreptococcales-Tissierellales,Anaerovoracaceae,Family_XIII_UCG-001,metagenome,0.009737098344693282
Bacteria,Firmicutes,Bacilli,Erysipelotrichales,Erysipelatoclostridiaceae,Erysipelatoclostridium,Clostridium_spiroforme_DSM_1552,Bacteria,Firmicutes,Clostridia,Peptostreptococcales-Tissierellales,Anaerovoracaceae,Eubacterium_nodatum_group,None,0.008763388510223954
Bacteria,Firmicutes,Bacilli,Erysipelotrichales,Erysipelatoclostridiaceae,Erysipelatoclostridium,Clostridium_spiroforme_DSM_1552,Bacteria,Firmicutes,Clostridia,Peptostreptococcales-Tissierellales,Anaerovoracaceae,None,None,0.007789678675754625
Bacteria,Firmicutes,Bacilli,Erysipelotrichales,Erysipelatoclostridiaceae,Erysipelatoclostridium,Clostridium_spiroforme_DSM_1552,Bacteria,Firmicutes,Clostridia,Peptostreptococcales-Tissierellales,Parvimonas,None,None,0.007789678675754625
Bacteria,Firmicutes,Bacilli,Erysipelotrichales,Erysipelatoclostridiaceae,Erysipelatoclostridium,Clostridium_spiroforme_DSM_1552,Bacteria,Firmicutes,Clostridia,None,None,None,None,0.005842259006815969
Bacteria,Firmicutes,Bacilli,Erysipelotrichales,Erysipelatoclostridiaceae,Erysipelatoclostridium,Clostridium_spiroforme_DSM_1552,Bacteria,Firmicutes,Incertae_Sedis,DTU014,unidentified,None,None,0.007789678675754625
Bacteria,Firmicutes,Bacilli,Erysipelotrichales,Erysipelatoclostridiaceae,Erysipelatoclostridium,Clostridium_spiroforme_DSM_1552,Bacteria,Firmicutes,Limnochordia,M55-D21,uncultured_compost_bacterium,None,None,0.007789678675754625
Bacteria,Firmicutes,Bacilli,Erysipelotrichales,Erysipelatoclostridiaceae,Erysipelatoclostridium,Clostridium_spiroforme_DSM_1552,Bacteria,Firmicutes,Negativicutes,Acidaminococcales,Acidaminococcaceae,Phascolarctobacterium,None,0.008763388510223954
Bacteria,Firmicutes,Bacilli,Erysipelotrichales,Erysipelatoclostridiaceae,Erysipelatoclostridium,Clostridium_spiroforme_DSM_1552,Bacteria,Firmicutes,None,None,None,None,None,0.004868549172346641
Bacteria,Firmicutes,Bacilli,Erysipelotrichales,Erysipelatoclostridiaceae,Erysipelatoclostridium,Clostridium_spiroforme_DSM_1552,Bacteria,Firmicutes,uncultured,uncultured_Peptococcaceae_bacterium,None,None,None,0.006815968841285297
Bacteria,Firmicutes,Bacilli,Erysipelotrichales,Erysipelatoclostridiaceae,Erysipelatoclostridium,Clostridium_spiroforme_DSM_1552,Bacteria,Proteobacteria,Alphaproteobacteria,Rhodospirillales,uncultured,None,None,0.009737098344693282
Bacteria,Firmicutes,Bacilli,Erysipelotrichales,Erysipelatoclostridiaceae,Erysipelatoclostridium,Clostridium_spiroforme_DSM_1552,Bacteria,Proteobacteria,Gammaproteobacteria,Burkholderiales,Sutterellaceae,Sutterella,Sutterella_sp._252,0.011684518013631937
Bacteria,Firmicutes,Bacilli,Erysipelotrichales,Erysipelatoclostridiaceae,Erysipelatoclostridium,Clostridium_spiroforme_DSM_1552,Bacteria,Proteobacteria,Gammaproteobacteria,Enterobacterales,Enterobacteriaceae,Escherichia-Shigella,None,0.010710808179162609
Bacteria,Firmicutes,Bacilli,Erysipelotrichales,Erysipelatoclostridiaceae,Erysipelatoclostridium,Clostridium_spiroforme_DSM_1552,Bacteria,Proteobacteria,Gammaproteobacteria,Enterobacterales,Enterobacteriaceae,Klebsiella,None,0.010710808179162609
Bacteria,Firmicutes,Bacilli,Erysipelotrichales,Erysipelatoclostridiaceae,Erysipelatoclostridium,Clostridium_spiroforme_DSM_1552,Bacteria,Proteobacteria,Gammaproteobacteria,Enterobacterales,Enterobacteriaceae,None,None,0.009737098344693282
Bacteria,Firmicutes,Bacilli,Erysipelotrichales,Erysipelatoclostridiaceae,Erysipelatoclostridium,Clostridium_spiroforme_DSM_1552,Bacteria,Proteobacteria,Gammaproteobacteria,Pseudomonadales,Pseudomonadaceae,Pseudomonas,None,0.010710808179162609
Bacteria,Firmicutes,Bacilli,Erysipelotrichales,Erysipelatoclostridiaceae,Erysipelatoclostridium,Clostridium_spiroforme_DSM_1552,Bacteria,Synergistota,Synergistia,Synergistales,Synergistaceae,Cloacibacillus,None,0.010710808179162609
Bacteria,Firmicutes,Bacilli,Erysipelotrichales,Erysipelatoclostridiaceae,Erysipelatoclostridium,Clostridium_spiroforme_DSM_1552,Bacteria,Verrucomicrobiota,Verrucomicrobiae,Verrucomicrobiales,Akkermansiaceae,Akkermansia,None,0.010710808179162609
Bacteria,Firmicutes,Bacilli,Erysipelotrichales,Erysipelatoclostridiaceae,Erysipelatoclostridium,None,Bacteria,Firmicutes,Bacilli,Erysipelotrichales,Erysipelotrichaceae,Faecalitalea,None,0.0038948393378773127
Bacteria,Firmicutes,Bacilli,Erysipelotrichales,Erysipelatoclostridiaceae,Erysipelatoclostridium,None,Bacteria,Firmicutes,Bacilli,Erysipelotrichales,Erysipelotrichaceae,Holdemanella,None,0.0038948393378773127
Bacteria,Firmicutes,Bacilli,Erysipelotrichales,Erysipelatoclostridiaceae,Erysipelatoclostridium,None,Bacteria,Firmicutes,Bacilli,Erysipelotrichales,Erysipelotrichaceae,Holdemania,None,0.0038948393378773127
Bacteria,Firmicutes,Bacilli,Erysipelotrichales,Erysipelatoclostridiaceae,Erysipelatoclostridium,None,Bacteria,Firmicutes,Bacilli,Erysipelotrichales,Erysipelotrichaceae,Clostridium_innocuum_group,None,0.0038948393378773127
Bacteria,Firmicutes,Bacilli,Erysipelotrichales,Erysipelatoclostridiaceae,Erysipelatoclostridium,None,Bacteria,Firmicutes,Bacilli,Izemoplasmatales,human_gut_metagenome,None,None,0.004868549172346641
Bacteria,Firmicutes,Bacilli,Erysipelotrichales,Erysipelatoclostridiaceae,Erysipelatoclostridium,None,Bacteria,Firmicutes,Bacilli,Lactobacillales,Lactobacillaceae,Lactobacillus,Lactobacillus_mucosae,0.006815968841285297
Bacteria,Firmicutes,Bacilli,Erysipelotrichales,Erysipelatoclostridiaceae,Erysipelatoclostridium,None,Bacteria,Firmicutes,Bacilli,Lactobacillales,Streptococcaceae,Lactococcus,None,0.005842259006815969
Bacteria,Firmicutes,Bacilli,Erysipelotrichales,Erysipelatoclostridiaceae,Erysipelatoclostridium,None,Bacteria,Firmicutes,Bacilli,Lactobacillales,Streptococcaceae,Streptococcus,Streptococcus_sp._oral_taxon_065,0.006815968841285297
Bacteria,Firmicutes,Bacilli,Erysipelotrichales,Erysipelatoclostridiaceae,Erysipelatoclostridium,None,Bacteria,Firmicutes,Bacilli,Lactobacillales,Streptococcaceae,Streptococcus,None,0.005842259006815969
Bacteria,Firmicutes,Bacilli,Erysipelotrichales,Erysipelatoclostridiaceae,Erysipelatoclostridium,None,Bacteria,Firmicutes,Clostridia,Christensenellales,Christensenellaceae,Christensenellaceae_R-7_group,Christensenella_sp._Marseille-P3954,0.008763388510223954
Bacteria,Firmicutes,Bacilli,Erysipelotrichales,Erysipelatoclostridiaceae,Erysipelatoclostridium,None,Bacteria,Firmicutes,Clostridia,Christensenellales,Christensenellaceae,Christensenellaceae_R-7_group,Clostridiales_bacterium_Marseille-P2846,0.008763388510223954
Bacteria,Firmicutes,Bacilli,Erysipelotrichales,Erysipelatoclostridiaceae,Erysipelatoclostridium,None,Bacteria,Firmicutes,Clostridia,Christensenellales,Christensenellaceae,Christensenellaceae_R-7_group,None,0.007789678675754625
Bacteria,Firmicutes,Bacilli,Erysipelotrichales,Erysipelatoclostridiaceae,Erysipelatoclostridium,None,Bacteria,Firmicutes,Clostridia,Christensenellales,Christensenellaceae,Christensenellaceae_R-7_group,bacterium_YE57,0.008763388510223954
Bacteria,Firmicutes,Bacilli,Erysipelotrichales,Erysipelatoclostridiaceae,Erysipelatoclostridium,None,Bacteria,Firmicutes,Clostridia,Christensenellales,Christensenellaceae,Christensenellaceae_R-7_group,metagenome,0.008763388510223954
Bacteria,Firmicutes,Bacilli,Erysipelotrichales,Erysipelatoclostridiaceae,Erysipelatoclostridium,None,Bacteria,Firmicutes,Clostridia,Christensenellales,Christensenellaceae,Christensenellaceae_R-7_group,uncultured_Firmicutes_bacterium,0.008763388510223954
Bacteria,Firmicutes,Bacilli,Erysipelotrichales,Erysipelatoclostridiaceae,Erysipelatoclostridium,None,Bacteria,Firmicutes,Clostridia,Christensenellales,Christensenellaceae,Christensenellaceae_R-7_group,uncultured_marine_bacterium,0.008763388510223954
Bacteria,Firmicutes,Bacilli,Erysipelotrichales,Erysipelatoclostridiaceae,Erysipelatoclostridium,None,Bacteria,Firmicutes,Clostridia,Christensenellales,Christensenellaceae,Christensenellaceae_R-7_group,uncultured_organism,0.008763388510223954
Bacteria,Firmicutes,Bacilli,Erysipelotrichales,Erysipelatoclostridiaceae,Erysipelatoclostridium,None,Bacteria,Firmicutes,Clostridia,Christensenellales,Christensenellaceae,None,None,0.006815968841285297
Bacteria,Firmicutes,Bacilli,Erysipelotrichales,Erysipelatoclostridiaceae,Erysipelatoclostridium,None,Bacteria,Firmicutes,Clostridia,Clostridia_vadinBB60_group,metagenome,None,None,0.006815968841285297
Bacteria,Firmicutes,Bacilli,Erysipelotrichales,Erysipelatoclostridiaceae,Erysipelatoclostridium,None,Bacteria,Firmicutes,Clostridia,Clostridia_vadinBB60_group,wastewater_metagenome,None,None,0.006815968841285297
Bacteria,Firmicutes,Bacilli,Erysipelotrichales,Erysipelatoclostridiaceae,Erysipelatoclostridium,None,Bacteria,Firmicutes,Clostridia,Clostridiales,Christensenellaceae,Christensenella,PAC001427,0.008763388510223954
Bacteria,Firmicutes,Bacilli,Erysipelotrichales,Erysipelatoclostridiaceae,Erysipelatoclostridium,None,Bacteria,Firmicutes,Clostridia,Clostridiales,Christensenellaceae,Christensenella,PAC002297,0.008763388510223954
Bacteria,Firmicutes,Bacilli,Erysipelotrichales,Erysipelatoclostridiaceae,Erysipelatoclostridium,None,Bacteria,Firmicutes,Clostridia,Clostridiales,Christensenellaceae,PAC001115,PAC001444,0.008763388510223954
Bacteria,Firmicutes,Bacilli,Erysipelotrichales,Erysipelatoclostridiaceae,Erysipelatoclostridium,None,Bacteria,Firmicutes,Clostridia,Clostridiales,Christensenellaceae,PAC001437,PAC001486,0.008763388510223954
Bacteria,Firmicutes,Bacilli,Erysipelotrichales,Erysipelatoclostridiaceae,Erysipelatoclostridium,None,Bacteria,Firmicutes,Clostridia,Clostridiales,Christensenellaceae,PAC001437,PAC002305,0.008763388510223954
Bacteria,Firmicutes,Bacilli,Erysipelotrichales,Erysipelatoclostridiaceae,Erysipelatoclostridium,None,Bacteria,Firmicutes,Clostridia,Clostridiales,Christensenellaceae,PAC002510,PAC002510,0.008763388510223954
Bacteria,Firmicutes,Bacilli,Erysipelotrichales,Erysipelatoclostridiaceae,Erysipelatoclostridium,None,Bacteria,Firmicutes,Clostridia,Clostridiales,Dehalobacterium,PAC002141,PAC002141,0.008763388510223954
Bacteria,Firmicutes,Bacilli,Erysipelotrichales,Erysipelatoclostridiaceae,Erysipelatoclostridium,None,Bacteria,Firmicutes,Clostridia,Clostridiales,Ruminococcaceae,PAC000742,PAC000742,0.008763388510223954
Bacteria,Firmicutes,Bacilli,Erysipelotrichales,Erysipelatoclostridiaceae,Erysipelatoclostridium,None,Bacteria,Firmicutes,Clostridia,Clostridiales,Ruminococcaceae,PAC001144,PAC001620,0.008763388510223954
Bacteria,Firmicutes,Bacilli,Erysipelotrichales,Erysipelatoclostridiaceae,Erysipelatoclostridium,None,Bacteria,Firmicutes,Clostridia,Clostridiales,Ruminococcaceae,PAC001313,PAC001649,0.008763388510223954
Bacteria,Firmicutes,Bacilli,Erysipelotrichales,Erysipelatoclostridiaceae,Erysipelatoclostridium,None,Bacteria,Firmicutes,Clostridia,Clostridiales,Ruminococcaceae,PAC002201,PAC002201,0.008763388510223954
Bacteria,Firmicutes,Bacilli,Erysipelotrichales,Erysipelatoclostridiaceae,Erysipelatoclostridium,None,Bacteria,Firmicutes,Clostridia,Eubacteriales,Eubacteriaceae,Eubacterium,None,0.007789678675754625
Bacteria,Firmicutes,Bacilli,Erysipelotrichales,Erysipelatoclostridiaceae,Erysipelatoclostridium,None,Bacteria,Firmicutes,Clostridia,Lachnospirales,Lachnospiraceae,Agathobacter,None,0.007789678675754625
Bacteria,Firmicutes,Bacilli,Erysipelotrichales,Erysipelatoclostridiaceae,Erysipelatoclostridium,None,Bacteria,Firmicutes,Clostridia,Lachnospirales,Lachnospiraceae,Anaerostipes,None,0.007789678675754625
Bacteria,Firmicutes,Bacilli,Erysipelotrichales,Erysipelatoclostridiaceae,Erysipelatoclostridium,None,Bacteria,Firmicutes,Clostridia,Lachnospirales,Lachnospiraceae,Blautia,None,0.007789678675754625
Bacteria,Firmicutes,Bacilli,Erysipelotrichales,Erysipelatoclostridiaceae,Erysipelatoclostridium,None,Bacteria,Firmicutes,Clostridia,Lachnospirales,Lachnospiraceae,Blautia,bacterium_mpn-isolate_group_20,0.008763388510223954
Bacteria,Firmicutes,Bacilli,Erysipelotrichales,Erysipelatoclostridiaceae,Erysipelatoclostridium,None,Bacteria,Firmicutes,Clostridia,Lachnospirales,Lachnospiraceae,Blautia,uncultured_Blautia_sp.,0.008763388510223954
Bacteria,Firmicutes,Bacilli,Erysipelotrichales,Erysipelatoclostridiaceae,Erysipelatoclostridium,None,Bacteria,Firmicutes,Clostridia,Lachnospirales,Lachnospiraceae,Coprococcus,None,0.007789678675754625
Bacteria,Firmicutes,Bacilli,Erysipelotrichales,Erysipelatoclostridiaceae,Erysipelatoclostridium,None,Bacteria,Firmicutes,Clostridia,Lachnospirales,Lachnospiraceae,Coprococcus,uncultured_Coprococcus_sp.,0.008763388510223954
Bacteria,Firmicutes,Bacilli,Erysipelotrichales,Erysipelatoclostridiaceae,Erysipelatoclostridium,None,Bacteria,Firmicutes,Clostridia,Lachnospirales,Lachnospiraceae,Dorea,None,0.007789678675754625
Bacteria,Firmicutes,Bacilli,Erysipelotrichales,Erysipelatoclostridiaceae,Erysipelatoclostridium,None,Bacteria,Firmicutes,Clostridia,Lachnospirales,Lachnospiraceae,Eisenbergiella,None,0.007789678675754625
Bacteria,Firmicutes,Bacilli,Erysipelotrichales,Erysipelatoclostridiaceae,Erysipelatoclostridium,None,Bacteria,Firmicutes,Clostridia,Lachnospirales,Lachnospiraceae,Frisingicoccus,None,0.007789678675754625
Bacteria,Firmicutes,Bacilli,Erysipelotrichales,Erysipelatoclostridiaceae,Erysipelatoclostridium,None,Bacteria,Firmicutes,Clostridia,Lachnospirales,Lachnospiraceae,Fusicatenibacter,uncultured_Lachnospiraceae_bacterium,0.008763388510223954
Bacteria,Firmicutes,Bacilli,Erysipelotrichales,Erysipelatoclostridiaceae,Erysipelatoclostridium,None,Bacteria,Firmicutes,Clostridia,Lachnospirales,Lachnospiraceae,GCA-900066575,None,0.007789678675754625
Bacteria,Firmicutes,Bacilli,Erysipelotrichales,Erysipelatoclostridiaceae,Erysipelatoclostridium,None,Bacteria,Firmicutes,Clostridia,Lachnospirales,Lachnospiraceae,GCA-900066575,metagenome,0.008763388510223954
Bacteria,Firmicutes,Bacilli,Erysipelotrichales,Erysipelatoclostridiaceae,Erysipelatoclostridium,None,Bacteria,Firmicutes,Clostridia,Lachnospirales,Lachnospiraceae,GCA-900066755,None,0.007789678675754625
Bacteria,Firmicutes,Bacilli,Erysipelotrichales,Erysipelatoclostridiaceae,Erysipelatoclostridium,None,Bacteria,Firmicutes,Clostridia,Lachnospirales,Lachnospiraceae,Hungatella,metagenome,0.008763388510223954
Bacteria,Firmicutes,Bacilli,Erysipelotrichales,Erysipelatoclostridiaceae,Erysipelatoclostridium,None,Bacteria,Firmicutes,Clostridia,Lachnospirales,Lachnospiraceae,Lachnoclostridium,Clostridium_symbiosum,0.008763388510223954
Bacteria,Firmicutes,Bacilli,Erysipelotrichales,Erysipelatoclostridiaceae,Erysipelatoclostridium,None,Bacteria,Firmicutes,Clostridia,Lachnospirales,Lachnospiraceae,Lachnoclostridium,None,0.007789678675754625
Bacteria,Firmicutes,Bacilli,Erysipelotrichales,Erysipelatoclostridiaceae,Erysipelatoclostridium,None,Bacteria,Firmicutes,Clostridia,Lachnospirales,Lachnospiraceae,Lachnoclostridium,uncultured_Lachnospiraceae_bacterium,0.008763388510223954
Bacteria,Firmicutes,Bacilli,Erysipelotrichales,Erysipelatoclostridiaceae,Erysipelatoclostridium,None,Bacteria,Firmicutes,Clostridia,Lachnospirales,Lachnospiraceae,Lachnospiraceae_ND3007_group,metagenome,0.008763388510223954
Bacteria,Firmicutes,Bacilli,Erysipelotrichales,Erysipelatoclostridiaceae,Erysipelatoclostridium,None,Bacteria,Firmicutes,Clostridia,Lachnospirales,Lachnospiraceae,Lachnospiraceae_NK4A136_group,None,0.007789678675754625
Bacteria,Firmicutes,Bacilli,Erysipelotrichales,Erysipelatoclostridiaceae,Erysipelatoclostridium,None,Bacteria,Firmicutes,Clostridia,Lachnospirales,Lachnospiraceae,Lachnospiraceae_NK4A136_group,uncultured_Lachnospiraceae_bacterium,0.008763388510223954
Bacteria,Firmicutes,Bacilli,Erysipelotrichales,Erysipelatoclostridiaceae,Erysipelatoclostridium,None,Bacteria,Firmicutes,Clostridia,Lachnospirales,Lachnospiraceae,Lachnospiraceae_NK4A136_group,uncultured_bacterium_Adhufec49.25,0.008763388510223954
Bacteria,Firmicutes,Bacilli,Erysipelotrichales,Erysipelatoclostridiaceae,Erysipelatoclostridium,None,Bacteria,Firmicutes,Clostridia,Lachnospirales,Lachnospiraceae,Lachnospiraceae_NK4B4_group,None,0.007789678675754625
Bacteria,Firmicutes,Bacilli,Erysipelotrichales,Erysipelatoclostridiaceae,Erysipelatoclostridium,None,Bacteria,Firmicutes,Clostridia,Lachnospirales,Lachnospiraceae,Lachnospiraceae_UCG-001,metagenome,0.008763388510223954
Bacteria,Firmicutes,Bacilli,Erysipelotrichales,Erysipelatoclostridiaceae,Erysipelatoclostridium,None,Bacteria,Firmicutes,Clostridia,Lachnospirales,Lachnospiraceae,Lachnospiraceae_UCG-004,None,0.007789678675754625
Bacteria,Firmicutes,Bacilli,Erysipelotrichales,Erysipelatoclostridiaceae,Erysipelatoclostridium,None,Bacteria,Firmicutes,Clostridia,Lachnospirales,Lachnospiraceae,Lachnospiraceae_UCG-008,metagenome,0.008763388510223954
Bacteria,Firmicutes,Bacilli,Erysipelotrichales,Erysipelatoclostridiaceae,Erysipelatoclostridium,None,Bacteria,Firmicutes,Clostridia,Lachnospirales,Lachnospiraceae,Lachnospiraceae_UCG-010,None,0.007789678675754625
Bacteria,Firmicutes,Bacilli,Erysipelotrichales,Erysipelatoclostridiaceae,Erysipelatoclostridium,None,Bacteria,Firmicutes,Clostridia,Lachnospirales,Lachnospiraceae,Marvinbryantia,None,0.007789678675754625
Bacteria,Firmicutes,Bacilli,Erysipelotrichales,Erysipelatoclostridiaceae,Erysipelatoclostridium,None,Bacteria,Firmicutes,Clostridia,Lachnospirales,Lachnospiraceae,Marvinbryantia,unidentified,0.008763388510223954
Bacteria,Firmicutes,Bacilli,Erysipelotrichales,Erysipelatoclostridiaceae,Erysipelatoclostridium,None,Bacteria,Firmicutes,Clostridia,Lachnospirales,Lachnospiraceae,Roseburia,None,0.007789678675754625
Bacteria,Firmicutes,Bacilli,Erysipelotrichales,Erysipelatoclostridiaceae,Erysipelatoclostridium,None,Bacteria,Firmicutes,Clostridia,Lachnospirales,Lachnospiraceae,Roseburia,gut_metagenome,0.008763388510223954
Bacteria,Firmicutes,Bacilli,Erysipelotrichales,Erysipelatoclostridiaceae,Erysipelatoclostridium,None,Bacteria,Firmicutes,Clostridia,Lachnospirales,Lachnospiraceae,Tuzzerella,None,0.007789678675754625
Bacteria,Firmicutes,Bacilli,Erysipelotrichales,Erysipelatoclostridiaceae,Erysipelatoclostridium,None,Bacteria,Firmicutes,Clostridia,Lachnospirales,Lachnospiraceae,Tyzzerella,None,0.007789678675754625
Bacteria,Firmicutes,Bacilli,Erysipelotrichales,Erysipelatoclostridiaceae,Erysipelatoclostridium,None,Bacteria,Firmicutes,Clostridia,Lachnospirales,Lachnospiraceae,Eubacterium_hallii_group,None,0.007789678675754625
Bacteria,Firmicutes,Bacilli,Erysipelotrichales,Erysipelatoclostridiaceae,Erysipelatoclostridium,None,Bacteria,Firmicutes,Clostridia,Lachnospirales,Lachnospiraceae,Eubacterium_ventriosum_group,metagenome,0.008763388510223954
Bacteria,Firmicutes,Bacilli,Erysipelotrichales,Erysipelatoclostridiaceae,Erysipelatoclostridium,None,Bacteria,Firmicutes,Clostridia,Lachnospirales,Lachnospiraceae,Ruminococcus_gauvreauii_group,uncultured_Lachnospiraceae_bacterium,0.008763388510223954
Bacteria,Firmicutes,Bacilli,Erysipelotrichales,Erysipelatoclostridiaceae,Erysipelatoclostridium,None,Bacteria,Firmicutes,Clostridia,Lachnospirales,Lachnospiraceae,Ruminococcus_gnavus_group,None,0.007789678675754625
Bacteria,Firmicutes,Bacilli,Erysipelotrichales,Erysipelatoclostridiaceae,Erysipelatoclostridium,None,Bacteria,Firmicutes,Clostridia,Lachnospirales,Lachnospiraceae,Ruminococcus_torques_group,Clostridiaceae_bacterium_LEMV78,0.008763388510223954
Bacteria,Firmicutes,Bacilli,Erysipelotrichales,Erysipelatoclostridiaceae,Erysipelatoclostridium,None,Bacteria,Firmicutes,Clostridia,Lachnospirales,Lachnospiraceae,Ruminococcus_torques_group,None,0.007789678675754625
Bacteria,Firmicutes,Bacilli,Erysipelotrichales,Erysipelatoclostridiaceae,Erysipelatoclostridium,None,Bacteria,Firmicutes,Clostridia,Lachnospirales,Lachnospiraceae,None,None,0.006815968841285297
Bacteria,Firmicutes,Bacilli,Erysipelotrichales,Erysipelatoclostridiaceae,Erysipelatoclostridium,None,Bacteria,Firmicutes,Clostridia,Lachnospirales,Lachnospiraceae,uncultured,None,0.007789678675754625
Bacteria,Firmicutes,Bacilli,Erysipelotrichales,Erysipelatoclostridiaceae,Erysipelatoclostridium,None,Bacteria,Firmicutes,Clostridia,Monoglobales,Monoglobaceae,Monoglobus,None,0.007789678675754625
Bacteria,Firmicutes,Bacilli,Erysipelotrichales,Erysipelatoclostridiaceae,Erysipelatoclostridium,None,Bacteria,Firmicutes,Clostridia,Oscillospirales,Butyricicoccaceae,Butyricicoccus,None,0.007789678675754625
Bacteria,Firmicutes,Bacilli,Erysipelotrichales,Erysipelatoclostridiaceae,Erysipelatoclostridium,None,Bacteria,Firmicutes,Clostridia,Oscillospirales,Hydrogenoanaerobacterium,None,None,0.006815968841285297
Bacteria,Firmicutes,Bacilli,Erysipelotrichales,Erysipelatoclostridiaceae,Erysipelatoclostridium,None,Bacteria,Firmicutes,Clostridia,Oscillospirales,Oscillospiraceae,Colidextribacter,None,0.007789678675754625
Bacteria,Firmicutes,Bacilli,Erysipelotrichales,Erysipelatoclostridiaceae,Erysipelatoclostridium,None,Bacteria,Firmicutes,Clostridia,Oscillospirales,Oscillospiraceae,Colidextribacter,metagenome,0.008763388510223954
Bacteria,Firmicutes,Bacilli,Erysipelotrichales,Erysipelatoclostridiaceae,Erysipelatoclostridium,None,Bacteria,Firmicutes,Clostridia,Oscillospirales,Oscillospiraceae,Flavonifractor,None,0.007789678675754625
Bacteria,Firmicutes,Bacilli,Erysipelotrichales,Erysipelatoclostridiaceae,Erysipelatoclostridium,None,Bacteria,Firmicutes,Clostridia,Oscillospirales,Oscillospiraceae,Intestinimonas,None,0.007789678675754625
Bacteria,Firmicutes,Bacilli,Erysipelotrichales,Erysipelatoclostridiaceae,Erysipelatoclostridium,None,Bacteria,Firmicutes,Clostridia,Oscillospirales,Oscillospiraceae,Intestinimonas,uncultured,0.008763388510223954
Bacteria,Firmicutes,Bacilli,Erysipelotrichales,Erysipelatoclostridiaceae,Erysipelatoclostridium,None,Bacteria,Firmicutes,Clostridia,Oscillospirales,Oscillospiraceae,NK4A214_group,None,0.007789678675754625
Bacteria,Firmicutes,Bacilli,Erysipelotrichales,Erysipelatoclostridiaceae,Erysipelatoclostridium,None,Bacteria,Firmicutes,Clostridia,Oscillospirales,Oscillospiraceae,Oscillibacter,None,0.007789678675754625
Bacteria,Firmicutes,Bacilli,Erysipelotrichales,Erysipelatoclostridiaceae,Erysipelatoclostridium,None,Bacteria,Firmicutes,Clostridia,Oscillospirales,Oscillospiraceae,Oscillibacter,metagenome,0.008763388510223954
Bacteria,Firmicutes,Bacilli,Erysipelotrichales,Erysipelatoclostridiaceae,Erysipelatoclostridium,None,Bacteria,Firmicutes,Clostridia,Oscillospirales,Oscillospiraceae,Oscillospira,None,0.007789678675754625
Bacteria,Firmicutes,Bacilli,Erysipelotrichales,Erysipelatoclostridiaceae,Erysipelatoclostridium,None,Bacteria,Firmicutes,Clostridia,Oscillospirales,Oscillospiraceae,UCG-002,None,0.007789678675754625
Bacteria,Firmicutes,Bacilli,Erysipelotrichales,Erysipelatoclostridiaceae,Erysipelatoclostridium,None,Bacteria,Firmicutes,Clostridia,Oscillospirales,Oscillospiraceae,UCG-003,None,0.007789678675754625
Bacteria,Firmicutes,Bacilli,Erysipelotrichales,Erysipelatoclostridiaceae,Erysipelatoclostridium,None,Bacteria,Firmicutes,Clostridia,Oscillospirales,Oscillospiraceae,UCG-005,None,0.007789678675754625
Bacteria,Firmicutes,Bacilli,Erysipelotrichales,Erysipelatoclostridiaceae,Erysipelatoclostridium,None,Bacteria,Firmicutes,Clostridia,Oscillospirales,Oscillospiraceae,UCG-005,metagenome,0.008763388510223954
Bacteria,Firmicutes,Bacilli,Erysipelotrichales,Erysipelatoclostridiaceae,Erysipelatoclostridium,None,Bacteria,Firmicutes,Clostridia,Oscillospirales,Oscillospiraceae,UCG-005,uncultured_Clostridiales_bacterium,0.008763388510223954
Bacteria,Firmicutes,Bacilli,Erysipelotrichales,Erysipelatoclostridiaceae,Erysipelatoclostridium,None,Bacteria,Firmicutes,Clostridia,Oscillospirales,Oscillospiraceae,UCG-005,uncultured_rumen_bacterium,0.008763388510223954
Bacteria,Firmicutes,Bacilli,Erysipelotrichales,Erysipelatoclostridiaceae,Erysipelatoclostridium,None,Bacteria,Firmicutes,Clostridia,Oscillospirales,Oscillospiraceae,None,None,0.006815968841285297
Bacteria,Firmicutes,Bacilli,Erysipelotrichales,Erysipelatoclostridiaceae,Erysipelatoclostridium,None,Bacteria,Firmicutes,Clostridia,Oscillospirales,Oscillospiraceae,uncultured,metagenome,0.008763388510223954
Bacteria,Firmicutes,Bacilli,Erysipelotrichales,Erysipelatoclostridiaceae,Erysipelatoclostridium,None,Bacteria,Firmicutes,Clostridia,Oscillospirales,Oscillospiraceae,uncultured,unidentified,0.008763388510223954
Bacteria,Firmicutes,Bacilli,Erysipelotrichales,Erysipelatoclostridiaceae,Erysipelatoclostridium,None,Bacteria,Firmicutes,Clostridia,Oscillospirales,Ruminococcaceae,Anaerofilum,uncultured_Firmicutes_bacterium,0.008763388510223954
Bacteria,Firmicutes,Bacilli,Erysipelotrichales,Erysipelatoclostridiaceae,Erysipelatoclostridium,None,Bacteria,Firmicutes,Clostridia,Oscillospirales,Ruminococcaceae,Anaerotruncus,Anaerotruncus_rubiinfantis,0.008763388510223954
Bacteria,Firmicutes,Bacilli,Erysipelotrichales,Erysipelatoclostridiaceae,Erysipelatoclostridium,None,Bacteria,Firmicutes,Clostridia,Oscillospirales,Ruminococcaceae,Anaerotruncus,Anaerotruncus_sp._NML_070203,0.008763388510223954
Bacteria,Firmicutes,Bacilli,Erysipelotrichales,Erysipelatoclostridiaceae,Erysipelatoclostridium,None,Bacteria,Firmicutes,Clostridia,Oscillospirales,Ruminococcaceae,Candidatus_Soleaferrea,Neobitarella_massiliensis,0.008763388510223954
Bacteria,Firmicutes,Bacilli,Erysipelotrichales,Erysipelatoclostridiaceae,Erysipelatoclostridium,None,Bacteria,Firmicutes,Clostridia,Oscillospirales,Ruminococcaceae,Candidatus_Soleaferrea,None,0.007789678675754625
Bacteria,Firmicutes,Bacilli,Erysipelotrichales,Erysipelatoclostridiaceae,Erysipelatoclostridium,None,Bacteria,Firmicutes,Clostridia,Oscillospirales,Ruminococcaceae,DTU089,None,0.007789678675754625
Bacteria,Firmicutes,Bacilli,Erysipelotrichales,Erysipelatoclostridiaceae,Erysipelatoclostridium,None,Bacteria,Firmicutes,Clostridia,Oscillospirales,Ruminococcaceae,Faecalibacterium,None,0.007789678675754625
Bacteria,Firmicutes,Bacilli,Erysipelotrichales,Erysipelatoclostridiaceae,Erysipelatoclostridium,None,Bacteria,Firmicutes,Clostridia,Oscillospirales,Ruminococcaceae,Fournierella,uncultured_organism,0.008763388510223954
Bacteria,Firmicutes,Bacilli,Erysipelotrichales,Erysipelatoclostridiaceae,Erysipelatoclostridium,None,Bacteria,Firmicutes,Clostridia,Oscillospirales,Ruminococcaceae,Incertae_Sedis,metagenome,0.008763388510223954
Bacteria,Firmicutes,Bacilli,Erysipelotrichales,Erysipelatoclostridiaceae,Erysipelatoclostridium,None,Bacteria,Firmicutes,Clostridia,Oscillospirales,Ruminococcaceae,Incertae_Sedis,None,0.007789678675754625
Bacteria,Firmicutes,Bacilli,Erysipelotrichales,Erysipelatoclostridiaceae,Erysipelatoclostridium,None,Bacteria,Firmicutes,Clostridia,Oscillospirales,Ruminococcaceae,Negativibacillus,None,0.007789678675754625
Bacteria,Firmicutes,Bacilli,Erysipelotrichales,Erysipelatoclostridiaceae,Erysipelatoclostridium,None,Bacteria,Firmicutes,Clostridia,Oscillospirales,Ruminococcaceae,Ruminococcus,Ruminococcus_champanellensis,0.008763388510223954
Bacteria,Firmicutes,Bacilli,Erysipelotrichales,Erysipelatoclostridiaceae,Erysipelatoclostridium,None,Bacteria,Firmicutes,Clostridia,Oscillospirales,Ruminococcaceae,Ruminococcus,None,0.007789678675754625
Bacteria,Firmicutes,Bacilli,Erysipelotrichales,Erysipelatoclostridiaceae,Erysipelatoclostridium,None,Bacteria,Firmicutes,Clostridia,Oscillospirales,Ruminococcaceae,Subdoligranulum,None,0.007789678675754625
Bacteria,Firmicutes,Bacilli,Erysipelotrichales,Erysipelatoclostridiaceae,Erysipelatoclostridium,None,Bacteria,Firmicutes,Clostridia,Oscillospirales,Ruminococcaceae,UBA1819,None,0.007789678675754625
Bacteria,Firmicutes,Bacilli,Erysipelotrichales,Erysipelatoclostridiaceae,Erysipelatoclostridium,None,Bacteria,Firmicutes,Clostridia,Oscillospirales,Ruminococcaceae,Eubacterium_siraeum_group,None,0.007789678675754625
Bacteria,Firmicutes,Bacilli,Erysipelotrichales,Erysipelatoclostridiaceae,Erysipelatoclostridium,None,Bacteria,Firmicutes,Clostridia,Oscillospirales,Ruminococcaceae,None,None,0.006815968841285297
Bacteria,Firmicutes,Bacilli,Erysipelotrichales,Erysipelatoclostridiaceae,Erysipelatoclostridium,None,Bacteria,Firmicutes,Clostridia,Oscillospirales,UCG-010,None,None,0.006815968841285297
Bacteria,Firmicutes,Bacilli,Erysipelotrichales,Erysipelatoclostridiaceae,Erysipelatoclostridium,None,Bacteria,Firmicutes,Clostridia,Oscillospirales,UCG-010,metagenome,None,0.007789678675754625
Bacteria,Firmicutes,Bacilli,Erysipelotrichales,Erysipelatoclostridiaceae,Erysipelatoclostridium,None,Bacteria,Firmicutes,Clostridia,Oscillospirales,UCG-010,uncultured_bacterium,None,0.007789678675754625
Bacteria,Firmicutes,Bacilli,Erysipelotrichales,Erysipelatoclostridiaceae,Erysipelatoclostridium,None,Bacteria,Firmicutes,Clostridia,Oscillospirales,UCG-010,uncultured_organism,None,0.007789678675754625
Bacteria,Firmicutes,Bacilli,Erysipelotrichales,Erysipelatoclostridiaceae,Erysipelatoclostridium,None,Bacteria,Firmicutes,Clostridia,Oscillospirales,Clostridium_methylpentosum_group,None,None,0.006815968841285297
Bacteria,Firmicutes,Bacilli,Erysipelotrichales,Erysipelatoclostridiaceae,Erysipelatoclostridium,None,Bacteria,Firmicutes,Clostridia,Oscillospirales,Eubacterium_coprostanoligenes_group,None,None,0.006815968841285297
Bacteria,Firmicutes,Bacilli,Erysipelotrichales,Erysipelatoclostridiaceae,Erysipelatoclostridium,None,Bacteria,Firmicutes,Clostridia,Oscillospirales,None,None,None,0.005842259006815969
Bacteria,Firmicutes,Bacilli,Erysipelotrichales,Erysipelatoclostridiaceae,Erysipelatoclostridium,None,Bacteria,Firmicutes,Clostridia,Peptococcales,Peptococcaceae,uncultured,None,0.007789678675754625
Bacteria,Firmicutes,Bacilli,Erysipelotrichales,Erysipelatoclostridiaceae,Erysipelatoclostridium,None,Bacteria,Firmicutes,Clostridia,Peptostreptococcales-Tissierellales,Anaerovoracaceae,Family_XIII_AD3011_group,metagenome,0.008763388510223954
Bacteria,Firmicutes,Bacilli,Erysipelotrichales,Erysipelatoclostridiaceae,Erysipelatoclostridium,None,Bacteria,Firmicutes,Clostridia,Peptostreptococcales-Tissierellales,Anaerovoracaceae,Family_XIII_AD3011_group,None,0.007789678675754625
Bacteria,Firmicutes,Bacilli,Erysipelotrichales,Erysipelatoclostridiaceae,Erysipelatoclostridium,None,Bacteria,Firmicutes,Clostridia,Peptostreptococcales-Tissierellales,Anaerovoracaceae,Family_XIII_AD3011_group,uncultured,0.008763388510223954
Bacteria,Firmicutes,Bacilli,Erysipelotrichales,Erysipelatoclostridiaceae,Erysipelatoclostridium,None,Bacteria,Firmicutes,Clostridia,Peptostreptococcales-Tissierellales,Anaerovoracaceae,Family_XIII_UCG-001,metagenome,0.008763388510223954
Bacteria,Firmicutes,Bacilli,Erysipelotrichales,Erysipelatoclostridiaceae,Erysipelatoclostridium,None,Bacteria,Firmicutes,Clostridia,Peptostreptococcales-Tissierellales,Anaerovoracaceae,Eubacterium_nodatum_group,None,0.007789678675754625
Bacteria,Firmicutes,Bacilli,Erysipelotrichales,Erysipelatoclostridiaceae,Erysipelatoclostridium,None,Bacteria,Firmicutes,Clostridia,Peptostreptococcales-Tissierellales,Anaerovoracaceae,None,None,0.006815968841285297
Bacteria,Firmicutes,Bacilli,Erysipelotrichales,Erysipelatoclostridiaceae,Erysipelatoclostridium,None,Bacteria,Firmicutes,Clostridia,Peptostreptococcales-Tissierellales,Parvimonas,None,None,0.006815968841285297
Bacteria,Firmicutes,Bacilli,Erysipelotrichales,Erysipelatoclostridiaceae,Erysipelatoclostridium,None,Bacteria,Firmicutes,Clostridia,None,None,None,None,0.004868549172346641
Bacteria,Firmicutes,Bacilli,Erysipelotrichales,Erysipelatoclostridiaceae,Erysipelatoclostridium,None,Bacteria,Firmicutes,Incertae_Sedis,DTU014,unidentified,None,None,0.006815968841285297
Bacteria,Firmicutes,Bacilli,Erysipelotrichales,Erysipelatoclostridiaceae,Erysipelatoclostridium,None,Bacteria,Firmicutes,Limnochordia,M55-D21,uncultured_compost_bacterium,None,None,0.006815968841285297
Bacteria,Firmicutes,Bacilli,Erysipelotrichales,Erysipelatoclostridiaceae,Erysipelatoclostridium,None,Bacteria,Firmicutes,Negativicutes,Acidaminococcales,Acidaminococcaceae,Phascolarctobacterium,None,0.007789678675754625
Bacteria,Firmicutes,Bacilli,Erysipelotrichales,Erysipelatoclostridiaceae,Erysipelatoclostridium,None,Bacteria,Firmicutes,None,None,None,None,None,0.0038948393378773127
Bacteria,Firmicutes,Bacilli,Erysipelotrichales,Erysipelatoclostridiaceae,Erysipelatoclostridium,None,Bacteria,Firmicutes,uncultured,uncultured_Peptococcaceae_bacterium,None,None,None,0.005842259006815969
Bacteria,Firmicutes,Bacilli,Erysipelotrichales,Erysipelatoclostridiaceae,Erysipelatoclostridium,None,Bacteria,Proteobacteria,Alphaproteobacteria,Rhodospirillales,uncultured,None,None,0.008763388510223954
Bacteria,Firmicutes,Bacilli,Erysipelotrichales,Erysipelatoclostridiaceae,Erysipelatoclostridium,None,Bacteria,Proteobacteria,Gammaproteobacteria,Burkholderiales,Sutterellaceae,Sutterella,Sutterella_sp._252,0.010710808179162609
Bacteria,Firmicutes,Bacilli,Erysipelotrichales,Erysipelatoclostridiaceae,Erysipelatoclostridium,None,Bacteria,Proteobacteria,Gammaproteobacteria,Enterobacterales,Enterobacteriaceae,Escherichia-Shigella,None,0.009737098344693282
Bacteria,Firmicutes,Bacilli,Erysipelotrichales,Erysipelatoclostridiaceae,Erysipelatoclostridium,None,Bacteria,Proteobacteria,Gammaproteobacteria,Enterobacterales,Enterobacteriaceae,Klebsiella,None,0.009737098344693282
Bacteria,Firmicutes,Bacilli,Erysipelotrichales,Erysipelatoclostridiaceae,Erysipelatoclostridium,None,Bacteria,Proteobacteria,Gammaproteobacteria,Enterobacterales,Enterobacteriaceae,None,None,0.008763388510223954
Bacteria,Firmicutes,Bacilli,Erysipelotrichales,Erysipelatoclostridiaceae,Erysipelatoclostridium,None,Bacteria,Proteobacteria,Gammaproteobacteria,Pseudomonadales,Pseudomonadaceae,Pseudomonas,None,0.009737098344693282
Bacteria,Firmicutes,Bacilli,Erysipelotrichales,Erysipelatoclostridiaceae,Erysipelatoclostridium,None,Bacteria,Synergistota,Synergistia,Synergistales,Synergistaceae,Cloacibacillus,None,0.009737098344693282
Bacteria,Firmicutes,Bacilli,Erysipelotrichales,Erysipelatoclostridiaceae,Erysipelatoclostridium,None,Bacteria,Verrucomicrobiota,Verrucomicrobiae,Verrucomicrobiales,Akkermansiaceae,Akkermansia,None,0.009737098344693282
Bacteria,Firmicutes,Bacilli,Erysipelotrichales,Erysipelotrichaceae,Faecalitalea,None,Bacteria,Firmicutes,Bacilli,Erysipelotrichales,Erysipelotrichaceae,Holdemanella,None,0.0019474196689386564
Bacteria,Firmicutes,Bacilli,Erysipelotrichales,Erysipelotrichaceae,Faecalitalea,None,Bacteria,Firmicutes,Bacilli,Erysipelotrichales,Erysipelotrichaceae,Holdemania,None,0.0019474196689386564
Bacteria,Firmicutes,Bacilli,Erysipelotrichales,Erysipelotrichaceae,Faecalitalea,None,Bacteria,Firmicutes,Bacilli,Erysipelotrichales,Erysipelotrichaceae,Clostridium_innocuum_group,None,0.0019474196689386564
Bacteria,Firmicutes,Bacilli,Erysipelotrichales,Erysipelotrichaceae,Faecalitalea,None,Bacteria,Firmicutes,Bacilli,Izemoplasmatales,human_gut_metagenome,None,None,0.004868549172346641
Bacteria,Firmicutes,Bacilli,Erysipelotrichales,Erysipelotrichaceae,Faecalitalea,None,Bacteria,Firmicutes,Bacilli,Lactobacillales,Lactobacillaceae,Lactobacillus,Lactobacillus_mucosae,0.006815968841285297
Bacteria,Firmicutes,Bacilli,Erysipelotrichales,Erysipelotrichaceae,Faecalitalea,None,Bacteria,Firmicutes,Bacilli,Lactobacillales,Streptococcaceae,Lactococcus,None,0.005842259006815969
Bacteria,Firmicutes,Bacilli,Erysipelotrichales,Erysipelotrichaceae,Faecalitalea,None,Bacteria,Firmicutes,Bacilli,Lactobacillales,Streptococcaceae,Streptococcus,Streptococcus_sp._oral_taxon_065,0.006815968841285297
Bacteria,Firmicutes,Bacilli,Erysipelotrichales,Erysipelotrichaceae,Faecalitalea,None,Bacteria,Firmicutes,Bacilli,Lactobacillales,Streptococcaceae,Streptococcus,None,0.005842259006815969
Bacteria,Firmicutes,Bacilli,Erysipelotrichales,Erysipelotrichaceae,Faecalitalea,None,Bacteria,Firmicutes,Clostridia,Christensenellales,Christensenellaceae,Christensenellaceae_R-7_group,Christensenella_sp._Marseille-P3954,0.008763388510223954
Bacteria,Firmicutes,Bacilli,Erysipelotrichales,Erysipelotrichaceae,Faecalitalea,None,Bacteria,Firmicutes,Clostridia,Christensenellales,Christensenellaceae,Christensenellaceae_R-7_group,Clostridiales_bacterium_Marseille-P2846,0.008763388510223954
Bacteria,Firmicutes,Bacilli,Erysipelotrichales,Erysipelotrichaceae,Faecalitalea,None,Bacteria,Firmicutes,Clostridia,Christensenellales,Christensenellaceae,Christensenellaceae_R-7_group,None,0.007789678675754625
Bacteria,Firmicutes,Bacilli,Erysipelotrichales,Erysipelotrichaceae,Faecalitalea,None,Bacteria,Firmicutes,Clostridia,Christensenellales,Christensenellaceae,Christensenellaceae_R-7_group,bacterium_YE57,0.008763388510223954
Bacteria,Firmicutes,Bacilli,Erysipelotrichales,Erysipelotrichaceae,Faecalitalea,None,Bacteria,Firmicutes,Clostridia,Christensenellales,Christensenellaceae,Christensenellaceae_R-7_group,metagenome,0.008763388510223954
Bacteria,Firmicutes,Bacilli,Erysipelotrichales,Erysipelotrichaceae,Faecalitalea,None,Bacteria,Firmicutes,Clostridia,Christensenellales,Christensenellaceae,Christensenellaceae_R-7_group,uncultured_Firmicutes_bacterium,0.008763388510223954
Bacteria,Firmicutes,Bacilli,Erysipelotrichales,Erysipelotrichaceae,Faecalitalea,None,Bacteria,Firmicutes,Clostridia,Christensenellales,Christensenellaceae,Christensenellaceae_R-7_group,uncultured_marine_bacterium,0.008763388510223954
Bacteria,Firmicutes,Bacilli,Erysipelotrichales,Erysipelotrichaceae,Faecalitalea,None,Bacteria,Firmicutes,Clostridia,Christensenellales,Christensenellaceae,Christensenellaceae_R-7_group,uncultured_organism,0.008763388510223954
Bacteria,Firmicutes,Bacilli,Erysipelotrichales,Erysipelotrichaceae,Faecalitalea,None,Bacteria,Firmicutes,Clostridia,Christensenellales,Christensenellaceae,None,None,0.006815968841285297
Bacteria,Firmicutes,Bacilli,Erysipelotrichales,Erysipelotrichaceae,Faecalitalea,None,Bacteria,Firmicutes,Clostridia,Clostridia_vadinBB60_group,metagenome,None,None,0.006815968841285297
Bacteria,Firmicutes,Bacilli,Erysipelotrichales,Erysipelotrichaceae,Faecalitalea,None,Bacteria,Firmicutes,Clostridia,Clostridia_vadinBB60_group,wastewater_metagenome,None,None,0.006815968841285297
Bacteria,Firmicutes,Bacilli,Erysipelotrichales,Erysipelotrichaceae,Faecalitalea,None,Bacteria,Firmicutes,Clostridia,Clostridiales,Christensenellaceae,Christensenella,PAC001427,0.008763388510223954
Bacteria,Firmicutes,Bacilli,Erysipelotrichales,Erysipelotrichaceae,Faecalitalea,None,Bacteria,Firmicutes,Clostridia,Clostridiales,Christensenellaceae,Christensenella,PAC002297,0.008763388510223954
Bacteria,Firmicutes,Bacilli,Erysipelotrichales,Erysipelotrichaceae,Faecalitalea,None,Bacteria,Firmicutes,Clostridia,Clostridiales,Christensenellaceae,PAC001115,PAC001444,0.008763388510223954
Bacteria,Firmicutes,Bacilli,Erysipelotrichales,Erysipelotrichaceae,Faecalitalea,None,Bacteria,Firmicutes,Clostridia,Clostridiales,Christensenellaceae,PAC001437,PAC001486,0.008763388510223954
Bacteria,Firmicutes,Bacilli,Erysipelotrichales,Erysipelotrichaceae,Faecalitalea,None,Bacteria,Firmicutes,Clostridia,Clostridiales,Christensenellaceae,PAC001437,PAC002305,0.008763388510223954
Bacteria,Firmicutes,Bacilli,Erysipelotrichales,Erysipelotrichaceae,Faecalitalea,None,Bacteria,Firmicutes,Clostridia,Clostridiales,Christensenellaceae,PAC002510,PAC002510,0.008763388510223954
Bacteria,Firmicutes,Bacilli,Erysipelotrichales,Erysipelotrichaceae,Faecalitalea,None,Bacteria,Firmicutes,Clostridia,Clostridiales,Dehalobacterium,PAC002141,PAC002141,0.008763388510223954
Bacteria,Firmicutes,Bacilli,Erysipelotrichales,Erysipelotrichaceae,Faecalitalea,None,Bacteria,Firmicutes,Clostridia,Clostridiales,Ruminococcaceae,PAC000742,PAC000742,0.008763388510223954
Bacteria,Firmicutes,Bacilli,Erysipelotrichales,Erysipelotrichaceae,Faecalitalea,None,Bacteria,Firmicutes,Clostridia,Clostridiales,Ruminococcaceae,PAC001144,PAC001620,0.008763388510223954
Bacteria,Firmicutes,Bacilli,Erysipelotrichales,Erysipelotrichaceae,Faecalitalea,None,Bacteria,Firmicutes,Clostridia,Clostridiales,Ruminococcaceae,PAC001313,PAC001649,0.008763388510223954
Bacteria,Firmicutes,Bacilli,Erysipelotrichales,Erysipelotrichaceae,Faecalitalea,None,Bacteria,Firmicutes,Clostridia,Clostridiales,Ruminococcaceae,PAC002201,PAC002201,0.008763388510223954
Bacteria,Firmicutes,Bacilli,Erysipelotrichales,Erysipelotrichaceae,Faecalitalea,None,Bacteria,Firmicutes,Clostridia,Eubacteriales,Eubacteriaceae,Eubacterium,None,0.007789678675754625
Bacteria,Firmicutes,Bacilli,Erysipelotrichales,Erysipelotrichaceae,Faecalitalea,None,Bacteria,Firmicutes,Clostridia,Lachnospirales,Lachnospiraceae,Agathobacter,None,0.007789678675754625
Bacteria,Firmicutes,Bacilli,Erysipelotrichales,Erysipelotrichaceae,Faecalitalea,None,Bacteria,Firmicutes,Clostridia,Lachnospirales,Lachnospiraceae,Anaerostipes,None,0.007789678675754625
Bacteria,Firmicutes,Bacilli,Erysipelotrichales,Erysipelotrichaceae,Faecalitalea,None,Bacteria,Firmicutes,Clostridia,Lachnospirales,Lachnospiraceae,Blautia,None,0.007789678675754625
Bacteria,Firmicutes,Bacilli,Erysipelotrichales,Erysipelotrichaceae,Faecalitalea,None,Bacteria,Firmicutes,Clostridia,Lachnospirales,Lachnospiraceae,Blautia,bacterium_mpn-isolate_group_20,0.008763388510223954
Bacteria,Firmicutes,Bacilli,Erysipelotrichales,Erysipelotrichaceae,Faecalitalea,None,Bacteria,Firmicutes,Clostridia,Lachnospirales,Lachnospiraceae,Blautia,uncultured_Blautia_sp.,0.008763388510223954
Bacteria,Firmicutes,Bacilli,Erysipelotrichales,Erysipelotrichaceae,Faecalitalea,None,Bacteria,Firmicutes,Clostridia,Lachnospirales,Lachnospiraceae,Coprococcus,None,0.007789678675754625
Bacteria,Firmicutes,Bacilli,Erysipelotrichales,Erysipelotrichaceae,Faecalitalea,None,Bacteria,Firmicutes,Clostridia,Lachnospirales,Lachnospiraceae,Coprococcus,uncultured_Coprococcus_sp.,0.008763388510223954
Bacteria,Firmicutes,Bacilli,Erysipelotrichales,Erysipelotrichaceae,Faecalitalea,None,Bacteria,Firmicutes,Clostridia,Lachnospirales,Lachnospiraceae,Dorea,None,0.007789678675754625
Bacteria,Firmicutes,Bacilli,Erysipelotrichales,Erysipelotrichaceae,Faecalitalea,None,Bacteria,Firmicutes,Clostridia,Lachnospirales,Lachnospiraceae,Eisenbergiella,None,0.007789678675754625
Bacteria,Firmicutes,Bacilli,Erysipelotrichales,Erysipelotrichaceae,Faecalitalea,None,Bacteria,Firmicutes,Clostridia,Lachnospirales,Lachnospiraceae,Frisingicoccus,None,0.007789678675754625
Bacteria,Firmicutes,Bacilli,Erysipelotrichales,Erysipelotrichaceae,Faecalitalea,None,Bacteria,Firmicutes,Clostridia,Lachnospirales,Lachnospiraceae,Fusicatenibacter,uncultured_Lachnospiraceae_bacterium,0.008763388510223954
Bacteria,Firmicutes,Bacilli,Erysipelotrichales,Erysipelotrichaceae,Faecalitalea,None,Bacteria,Firmicutes,Clostridia,Lachnospirales,Lachnospiraceae,GCA-900066575,None,0.007789678675754625
Bacteria,Firmicutes,Bacilli,Erysipelotrichales,Erysipelotrichaceae,Faecalitalea,None,Bacteria,Firmicutes,Clostridia,Lachnospirales,Lachnospiraceae,GCA-900066575,metagenome,0.008763388510223954
Bacteria,Firmicutes,Bacilli,Erysipelotrichales,Erysipelotrichaceae,Faecalitalea,None,Bacteria,Firmicutes,Clostridia,Lachnospirales,Lachnospiraceae,GCA-900066755,None,0.007789678675754625
Bacteria,Firmicutes,Bacilli,Erysipelotrichales,Erysipelotrichaceae,Faecalitalea,None,Bacteria,Firmicutes,Clostridia,Lachnospirales,Lachnospiraceae,Hungatella,metagenome,0.008763388510223954
Bacteria,Firmicutes,Bacilli,Erysipelotrichales,Erysipelotrichaceae,Faecalitalea,None,Bacteria,Firmicutes,Clostridia,Lachnospirales,Lachnospiraceae,Lachnoclostridium,Clostridium_symbiosum,0.008763388510223954
Bacteria,Firmicutes,Bacilli,Erysipelotrichales,Erysipelotrichaceae,Faecalitalea,None,Bacteria,Firmicutes,Clostridia,Lachnospirales,Lachnospiraceae,Lachnoclostridium,None,0.007789678675754625
Bacteria,Firmicutes,Bacilli,Erysipelotrichales,Erysipelotrichaceae,Faecalitalea,None,Bacteria,Firmicutes,Clostridia,Lachnospirales,Lachnospiraceae,Lachnoclostridium,uncultured_Lachnospiraceae_bacterium,0.008763388510223954
Bacteria,Firmicutes,Bacilli,Erysipelotrichales,Erysipelotrichaceae,Faecalitalea,None,Bacteria,Firmicutes,Clostridia,Lachnospirales,Lachnospiraceae,Lachnospiraceae_ND3007_group,metagenome,0.008763388510223954
Bacteria,Firmicutes,Bacilli,Erysipelotrichales,Erysipelotrichaceae,Faecalitalea,None,Bacteria,Firmicutes,Clostridia,Lachnospirales,Lachnospiraceae,Lachnospiraceae_NK4A136_group,None,0.007789678675754625
Bacteria,Firmicutes,Bacilli,Erysipelotrichales,Erysipelotrichaceae,Faecalitalea,None,Bacteria,Firmicutes,Clostridia,Lachnospirales,Lachnospiraceae,Lachnospiraceae_NK4A136_group,uncultured_Lachnospiraceae_bacterium,0.008763388510223954
Bacteria,Firmicutes,Bacilli,Erysipelotrichales,Erysipelotrichaceae,Faecalitalea,None,Bacteria,Firmicutes,Clostridia,Lachnospirales,Lachnospiraceae,Lachnospiraceae_NK4A136_group,uncultured_bacterium_Adhufec49.25,0.008763388510223954
Bacteria,Firmicutes,Bacilli,Erysipelotrichales,Erysipelotrichaceae,Faecalitalea,None,Bacteria,Firmicutes,Clostridia,Lachnospirales,Lachnospiraceae,Lachnospiraceae_NK4B4_group,None,0.007789678675754625
Bacteria,Firmicutes,Bacilli,Erysipelotrichales,Erysipelotrichaceae,Faecalitalea,None,Bacteria,Firmicutes,Clostridia,Lachnospirales,Lachnospiraceae,Lachnospiraceae_UCG-001,metagenome,0.008763388510223954
Bacteria,Firmicutes,Bacilli,Erysipelotrichales,Erysipelotrichaceae,Faecalitalea,None,Bacteria,Firmicutes,Clostridia,Lachnospirales,Lachnospiraceae,Lachnospiraceae_UCG-004,None,0.007789678675754625
Bacteria,Firmicutes,Bacilli,Erysipelotrichales,Erysipelotrichaceae,Faecalitalea,None,Bacteria,Firmicutes,Clostridia,Lachnospirales,Lachnospiraceae,Lachnospiraceae_UCG-008,metagenome,0.008763388510223954
Bacteria,Firmicutes,Bacilli,Erysipelotrichales,Erysipelotrichaceae,Faecalitalea,None,Bacteria,Firmicutes,Clostridia,Lachnospirales,Lachnospiraceae,Lachnospiraceae_UCG-010,None,0.007789678675754625
Bacteria,Firmicutes,Bacilli,Erysipelotrichales,Erysipelotrichaceae,Faecalitalea,None,Bacteria,Firmicutes,Clostridia,Lachnospirales,Lachnospiraceae,Marvinbryantia,None,0.007789678675754625
Bacteria,Firmicutes,Bacilli,Erysipelotrichales,Erysipelotrichaceae,Faecalitalea,None,Bacteria,Firmicutes,Clostridia,Lachnospirales,Lachnospiraceae,Marvinbryantia,unidentified,0.008763388510223954
Bacteria,Firmicutes,Bacilli,Erysipelotrichales,Erysipelotrichaceae,Faecalitalea,None,Bacteria,Firmicutes,Clostridia,Lachnospirales,Lachnospiraceae,Roseburia,None,0.007789678675754625
Bacteria,Firmicutes,Bacilli,Erysipelotrichales,Erysipelotrichaceae,Faecalitalea,None,Bacteria,Firmicutes,Clostridia,Lachnospirales,Lachnospiraceae,Roseburia,gut_metagenome,0.008763388510223954
Bacteria,Firmicutes,Bacilli,Erysipelotrichales,Erysipelotrichaceae,Faecalitalea,None,Bacteria,Firmicutes,Clostridia,Lachnospirales,Lachnospiraceae,Tuzzerella,None,0.007789678675754625
Bacteria,Firmicutes,Bacilli,Erysipelotrichales,Erysipelotrichaceae,Faecalitalea,None,Bacteria,Firmicutes,Clostridia,Lachnospirales,Lachnospiraceae,Tyzzerella,None,0.007789678675754625
Bacteria,Firmicutes,Bacilli,Erysipelotrichales,Erysipelotrichaceae,Faecalitalea,None,Bacteria,Firmicutes,Clostridia,Lachnospirales,Lachnospiraceae,Eubacterium_hallii_group,None,0.007789678675754625
Bacteria,Firmicutes,Bacilli,Erysipelotrichales,Erysipelotrichaceae,Faecalitalea,None,Bacteria,Firmicutes,Clostridia,Lachnospirales,Lachnospiraceae,Eubacterium_ventriosum_group,metagenome,0.008763388510223954
Bacteria,Firmicutes,Bacilli,Erysipelotrichales,Erysipelotrichaceae,Faecalitalea,None,Bacteria,Firmicutes,Clostridia,Lachnospirales,Lachnospiraceae,Ruminococcus_gauvreauii_group,uncultured_Lachnospiraceae_bacterium,0.008763388510223954
Bacteria,Firmicutes,Bacilli,Erysipelotrichales,Erysipelotrichaceae,Faecalitalea,None,Bacteria,Firmicutes,Clostridia,Lachnospirales,Lachnospiraceae,Ruminococcus_gnavus_group,None,0.007789678675754625
Bacteria,Firmicutes,Bacilli,Erysipelotrichales,Erysipelotrichaceae,Faecalitalea,None,Bacteria,Firmicutes,Clostridia,Lachnospirales,Lachnospiraceae,Ruminococcus_torques_group,Clostridiaceae_bacterium_LEMV78,0.008763388510223954
Bacteria,Firmicutes,Bacilli,Erysipelotrichales,Erysipelotrichaceae,Faecalitalea,None,Bacteria,Firmicutes,Clostridia,Lachnospirales,Lachnospiraceae,Ruminococcus_torques_group,None,0.007789678675754625
Bacteria,Firmicutes,Bacilli,Erysipelotrichales,Erysipelotrichaceae,Faecalitalea,None,Bacteria,Firmicutes,Clostridia,Lachnospirales,Lachnospiraceae,None,None,0.006815968841285297
Bacteria,Firmicutes,Bacilli,Erysipelotrichales,Erysipelotrichaceae,Faecalitalea,None,Bacteria,Firmicutes,Clostridia,Lachnospirales,Lachnospiraceae,uncultured,None,0.007789678675754625
Bacteria,Firmicutes,Bacilli,Erysipelotrichales,Erysipelotrichaceae,Faecalitalea,None,Bacteria,Firmicutes,Clostridia,Monoglobales,Monoglobaceae,Monoglobus,None,0.007789678675754625
Bacteria,Firmicutes,Bacilli,Erysipelotrichales,Erysipelotrichaceae,Faecalitalea,None,Bacteria,Firmicutes,Clostridia,Oscillospirales,Butyricicoccaceae,Butyricicoccus,None,0.007789678675754625
Bacteria,Firmicutes,Bacilli,Erysipelotrichales,Erysipelotrichaceae,Faecalitalea,None,Bacteria,Firmicutes,Clostridia,Oscillospirales,Hydrogenoanaerobacterium,None,None,0.006815968841285297
Bacteria,Firmicutes,Bacilli,Erysipelotrichales,Erysipelotrichaceae,Faecalitalea,None,Bacteria,Firmicutes,Clostridia,Oscillospirales,Oscillospiraceae,Colidextribacter,None,0.007789678675754625
Bacteria,Firmicutes,Bacilli,Erysipelotrichales,Erysipelotrichaceae,Faecalitalea,None,Bacteria,Firmicutes,Clostridia,Oscillospirales,Oscillospiraceae,Colidextribacter,metagenome,0.008763388510223954
Bacteria,Firmicutes,Bacilli,Erysipelotrichales,Erysipelotrichaceae,Faecalitalea,None,Bacteria,Firmicutes,Clostridia,Oscillospirales,Oscillospiraceae,Flavonifractor,None,0.007789678675754625
Bacteria,Firmicutes,Bacilli,Erysipelotrichales,Erysipelotrichaceae,Faecalitalea,None,Bacteria,Firmicutes,Clostridia,Oscillospirales,Oscillospiraceae,Intestinimonas,None,0.007789678675754625
Bacteria,Firmicutes,Bacilli,Erysipelotrichales,Erysipelotrichaceae,Faecalitalea,None,Bacteria,Firmicutes,Clostridia,Oscillospirales,Oscillospiraceae,Intestinimonas,uncultured,0.008763388510223954
Bacteria,Firmicutes,Bacilli,Erysipelotrichales,Erysipelotrichaceae,Faecalitalea,None,Bacteria,Firmicutes,Clostridia,Oscillospirales,Oscillospiraceae,NK4A214_group,None,0.007789678675754625
Bacteria,Firmicutes,Bacilli,Erysipelotrichales,Erysipelotrichaceae,Faecalitalea,None,Bacteria,Firmicutes,Clostridia,Oscillospirales,Oscillospiraceae,Oscillibacter,None,0.007789678675754625
Bacteria,Firmicutes,Bacilli,Erysipelotrichales,Erysipelotrichaceae,Faecalitalea,None,Bacteria,Firmicutes,Clostridia,Oscillospirales,Oscillospiraceae,Oscillibacter,metagenome,0.008763388510223954
Bacteria,Firmicutes,Bacilli,Erysipelotrichales,Erysipelotrichaceae,Faecalitalea,None,Bacteria,Firmicutes,Clostridia,Oscillospirales,Oscillospiraceae,Oscillospira,None,0.007789678675754625
Bacteria,Firmicutes,Bacilli,Erysipelotrichales,Erysipelotrichaceae,Faecalitalea,None,Bacteria,Firmicutes,Clostridia,Oscillospirales,Oscillospiraceae,UCG-002,None,0.007789678675754625
Bacteria,Firmicutes,Bacilli,Erysipelotrichales,Erysipelotrichaceae,Faecalitalea,None,Bacteria,Firmicutes,Clostridia,Oscillospirales,Oscillospiraceae,UCG-003,None,0.007789678675754625
Bacteria,Firmicutes,Bacilli,Erysipelotrichales,Erysipelotrichaceae,Faecalitalea,None,Bacteria,Firmicutes,Clostridia,Oscillospirales,Oscillospiraceae,UCG-005,None,0.007789678675754625
Bacteria,Firmicutes,Bacilli,Erysipelotrichales,Erysipelotrichaceae,Faecalitalea,None,Bacteria,Firmicutes,Clostridia,Oscillospirales,Oscillospiraceae,UCG-005,metagenome,0.008763388510223954
Bacteria,Firmicutes,Bacilli,Erysipelotrichales,Erysipelotrichaceae,Faecalitalea,None,Bacteria,Firmicutes,Clostridia,Oscillospirales,Oscillospiraceae,UCG-005,uncultured_Clostridiales_bacterium,0.008763388510223954
Bacteria,Firmicutes,Bacilli,Erysipelotrichales,Erysipelotrichaceae,Faecalitalea,None,Bacteria,Firmicutes,Clostridia,Oscillospirales,Oscillospiraceae,UCG-005,uncultured_rumen_bacterium,0.008763388510223954
Bacteria,Firmicutes,Bacilli,Erysipelotrichales,Erysipelotrichaceae,Faecalitalea,None,Bacteria,Firmicutes,Clostridia,Oscillospirales,Oscillospiraceae,None,None,0.006815968841285297
Bacteria,Firmicutes,Bacilli,Erysipelotrichales,Erysipelotrichaceae,Faecalitalea,None,Bacteria,Firmicutes,Clostridia,Oscillospirales,Oscillospiraceae,uncultured,metagenome,0.008763388510223954
Bacteria,Firmicutes,Bacilli,Erysipelotrichales,Erysipelotrichaceae,Faecalitalea,None,Bacteria,Firmicutes,Clostridia,Oscillospirales,Oscillospiraceae,uncultured,unidentified,0.008763388510223954
Bacteria,Firmicutes,Bacilli,Erysipelotrichales,Erysipelotrichaceae,Faecalitalea,None,Bacteria,Firmicutes,Clostridia,Oscillospirales,Ruminococcaceae,Anaerofilum,uncultured_Firmicutes_bacterium,0.008763388510223954
Bacteria,Firmicutes,Bacilli,Erysipelotrichales,Erysipelotrichaceae,Faecalitalea,None,Bacteria,Firmicutes,Clostridia,Oscillospirales,Ruminococcaceae,Anaerotruncus,Anaerotruncus_rubiinfantis,0.008763388510223954
Bacteria,Firmicutes,Bacilli,Erysipelotrichales,Erysipelotrichaceae,Faecalitalea,None,Bacteria,Firmicutes,Clostridia,Oscillospirales,Ruminococcaceae,Anaerotruncus,Anaerotruncus_sp._NML_070203,0.008763388510223954
Bacteria,Firmicutes,Bacilli,Erysipelotrichales,Erysipelotrichaceae,Faecalitalea,None,Bacteria,Firmicutes,Clostridia,Oscillospirales,Ruminococcaceae,Candidatus_Soleaferrea,Neobitarella_massiliensis,0.008763388510223954
Bacteria,Firmicutes,Bacilli,Erysipelotrichales,Erysipelotrichaceae,Faecalitalea,None,Bacteria,Firmicutes,Clostridia,Oscillospirales,Ruminococcaceae,Candidatus_Soleaferrea,None,0.007789678675754625
Bacteria,Firmicutes,Bacilli,Erysipelotrichales,Erysipelotrichaceae,Faecalitalea,None,Bacteria,Firmicutes,Clostridia,Oscillospirales,Ruminococcaceae,DTU089,None,0.007789678675754625
Bacteria,Firmicutes,Bacilli,Erysipelotrichales,Erysipelotrichaceae,Faecalitalea,None,Bacteria,Firmicutes,Clostridia,Oscillospirales,Ruminococcaceae,Faecalibacterium,None,0.007789678675754625
Bacteria,Firmicutes,Bacilli,Erysipelotrichales,Erysipelotrichaceae,Faecalitalea,None,Bacteria,Firmicutes,Clostridia,Oscillospirales,Ruminococcaceae,Fournierella,uncultured_organism,0.008763388510223954
Bacteria,Firmicutes,Bacilli,Erysipelotrichales,Erysipelotrichaceae,Faecalitalea,None,Bacteria,Firmicutes,Clostridia,Oscillospirales,Ruminococcaceae,Incertae_Sedis,metagenome,0.008763388510223954
Bacteria,Firmicutes,Bacilli,Erysipelotrichales,Erysipelotrichaceae,Faecalitalea,None,Bacteria,Firmicutes,Clostridia,Oscillospirales,Ruminococcaceae,Incertae_Sedis,None,0.007789678675754625
Bacteria,Firmicutes,Bacilli,Erysipelotrichales,Erysipelotrichaceae,Faecalitalea,None,Bacteria,Firmicutes,Clostridia,Oscillospirales,Ruminococcaceae,Negativibacillus,None,0.007789678675754625
Bacteria,Firmicutes,Bacilli,Erysipelotrichales,Erysipelotrichaceae,Faecalitalea,None,Bacteria,Firmicutes,Clostridia,Oscillospirales,Ruminococcaceae,Ruminococcus,Ruminococcus_champanellensis,0.008763388510223954
Bacteria,Firmicutes,Bacilli,Erysipelotrichales,Erysipelotrichaceae,Faecalitalea,None,Bacteria,Firmicutes,Clostridia,Oscillospirales,Ruminococcaceae,Ruminococcus,None,0.007789678675754625
Bacteria,Firmicutes,Bacilli,Erysipelotrichales,Erysipelotrichaceae,Faecalitalea,None,Bacteria,Firmicutes,Clostridia,Oscillospirales,Ruminococcaceae,Subdoligranulum,None,0.007789678675754625
Bacteria,Firmicutes,Bacilli,Erysipelotrichales,Erysipelotrichaceae,Faecalitalea,None,Bacteria,Firmicutes,Clostridia,Oscillospirales,Ruminococcaceae,UBA1819,None,0.007789678675754625
Bacteria,Firmicutes,Bacilli,Erysipelotrichales,Erysipelotrichaceae,Faecalitalea,None,Bacteria,Firmicutes,Clostridia,Oscillospirales,Ruminococcaceae,Eubacterium_siraeum_group,None,0.007789678675754625
Bacteria,Firmicutes,Bacilli,Erysipelotrichales,Erysipelotrichaceae,Faecalitalea,None,Bacteria,Firmicutes,Clostridia,Oscillospirales,Ruminococcaceae,None,None,0.006815968841285297
Bacteria,Firmicutes,Bacilli,Erysipelotrichales,Erysipelotrichaceae,Faecalitalea,None,Bacteria,Firmicutes,Clostridia,Oscillospirales,UCG-010,None,None,0.006815968841285297
Bacteria,Firmicutes,Bacilli,Erysipelotrichales,Erysipelotrichaceae,Faecalitalea,None,Bacteria,Firmicutes,Clostridia,Oscillospirales,UCG-010,metagenome,None,0.007789678675754625
Bacteria,Firmicutes,Bacilli,Erysipelotrichales,Erysipelotrichaceae,Faecalitalea,None,Bacteria,Firmicutes,Clostridia,Oscillospirales,UCG-010,uncultured_bacterium,None,0.007789678675754625
Bacteria,Firmicutes,Bacilli,Erysipelotrichales,Erysipelotrichaceae,Faecalitalea,None,Bacteria,Firmicutes,Clostridia,Oscillospirales,UCG-010,uncultured_organism,None,0.007789678675754625
Bacteria,Firmicutes,Bacilli,Erysipelotrichales,Erysipelotrichaceae,Faecalitalea,None,Bacteria,Firmicutes,Clostridia,Oscillospirales,Clostridium_methylpentosum_group,None,None,0.006815968841285297
Bacteria,Firmicutes,Bacilli,Erysipelotrichales,Erysipelotrichaceae,Faecalitalea,None,Bacteria,Firmicutes,Clostridia,Oscillospirales,Eubacterium_coprostanoligenes_group,None,None,0.006815968841285297
Bacteria,Firmicutes,Bacilli,Erysipelotrichales,Erysipelotrichaceae,Faecalitalea,None,Bacteria,Firmicutes,Clostridia,Oscillospirales,None,None,None,0.005842259006815969
Bacteria,Firmicutes,Bacilli,Erysipelotrichales,Erysipelotrichaceae,Faecalitalea,None,Bacteria,Firmicutes,Clostridia,Peptococcales,Peptococcaceae,uncultured,None,0.007789678675754625
Bacteria,Firmicutes,Bacilli,Erysipelotrichales,Erysipelotrichaceae,Faecalitalea,None,Bacteria,Firmicutes,Clostridia,Peptostreptococcales-Tissierellales,Anaerovoracaceae,Family_XIII_AD3011_group,metagenome,0.008763388510223954
Bacteria,Firmicutes,Bacilli,Erysipelotrichales,Erysipelotrichaceae,Faecalitalea,None,Bacteria,Firmicutes,Clostridia,Peptostreptococcales-Tissierellales,Anaerovoracaceae,Family_XIII_AD3011_group,None,0.007789678675754625
Bacteria,Firmicutes,Bacilli,Erysipelotrichales,Erysipelotrichaceae,Faecalitalea,None,Bacteria,Firmicutes,Clostridia,Peptostreptococcales-Tissierellales,Anaerovoracaceae,Family_XIII_AD3011_group,uncultured,0.008763388510223954
Bacteria,Firmicutes,Bacilli,Erysipelotrichales,Erysipelotrichaceae,Faecalitalea,None,Bacteria,Firmicutes,Clostridia,Peptostreptococcales-Tissierellales,Anaerovoracaceae,Family_XIII_UCG-001,metagenome,0.008763388510223954
Bacteria,Firmicutes,Bacilli,Erysipelotrichales,Erysipelotrichaceae,Faecalitalea,None,Bacteria,Firmicutes,Clostridia,Peptostreptococcales-Tissierellales,Anaerovoracaceae,Eubacterium_nodatum_group,None,0.007789678675754625
Bacteria,Firmicutes,Bacilli,Erysipelotrichales,Erysipelotrichaceae,Faecalitalea,None,Bacteria,Firmicutes,Clostridia,Peptostreptococcales-Tissierellales,Anaerovoracaceae,None,None,0.006815968841285297
Bacteria,Firmicutes,Bacilli,Erysipelotrichales,Erysipelotrichaceae,Faecalitalea,None,Bacteria,Firmicutes,Clostridia,Peptostreptococcales-Tissierellales,Parvimonas,None,None,0.006815968841285297
Bacteria,Firmicutes,Bacilli,Erysipelotrichales,Erysipelotrichaceae,Faecalitalea,None,Bacteria,Firmicutes,Clostridia,None,None,None,None,0.004868549172346641
Bacteria,Firmicutes,Bacilli,Erysipelotrichales,Erysipelotrichaceae,Faecalitalea,None,Bacteria,Firmicutes,Incertae_Sedis,DTU014,unidentified,None,None,0.006815968841285297
Bacteria,Firmicutes,Bacilli,Erysipelotrichales,Erysipelotrichaceae,Faecalitalea,None,Bacteria,Firmicutes,Limnochordia,M55-D21,uncultured_compost_bacterium,None,None,0.006815968841285297
Bacteria,Firmicutes,Bacilli,Erysipelotrichales,Erysipelotrichaceae,Faecalitalea,None,Bacteria,Firmicutes,Negativicutes,Acidaminococcales,Acidaminococcaceae,Phascolarctobacterium,None,0.007789678675754625
Bacteria,Firmicutes,Bacilli,Erysipelotrichales,Erysipelotrichaceae,Faecalitalea,None,Bacteria,Firmicutes,None,None,None,None,None,0.0038948393378773127
Bacteria,Firmicutes,Bacilli,Erysipelotrichales,Erysipelotrichaceae,Faecalitalea,None,Bacteria,Firmicutes,uncultured,uncultured_Peptococcaceae_bacterium,None,None,None,0.005842259006815969
Bacteria,Firmicutes,Bacilli,Erysipelotrichales,Erysipelotrichaceae,Faecalitalea,None,Bacteria,Proteobacteria,Alphaproteobacteria,Rhodospirillales,uncultured,None,None,0.008763388510223954
Bacteria,Firmicutes,Bacilli,Erysipelotrichales,Erysipelotrichaceae,Faecalitalea,None,Bacteria,Proteobacteria,Gammaproteobacteria,Burkholderiales,Sutterellaceae,Sutterella,Sutterella_sp._252,0.010710808179162609
Bacteria,Firmicutes,Bacilli,Erysipelotrichales,Erysipelotrichaceae,Faecalitalea,None,Bacteria,Proteobacteria,Gammaproteobacteria,Enterobacterales,Enterobacteriaceae,Escherichia-Shigella,None,0.009737098344693282
Bacteria,Firmicutes,Bacilli,Erysipelotrichales,Erysipelotrichaceae,Faecalitalea,None,Bacteria,Proteobacteria,Gammaproteobacteria,Enterobacterales,Enterobacteriaceae,Klebsiella,None,0.009737098344693282
Bacteria,Firmicutes,Bacilli,Erysipelotrichales,Erysipelotrichaceae,Faecalitalea,None,Bacteria,Proteobacteria,Gammaproteobacteria,Enterobacterales,Enterobacteriaceae,None,None,0.008763388510223954
Bacteria,Firmicutes,Bacilli,Erysipelotrichales,Erysipelotrichaceae,Faecalitalea,None,Bacteria,Proteobacteria,Gammaproteobacteria,Pseudomonadales,Pseudomonadaceae,Pseudomonas,None,0.009737098344693282
Bacteria,Firmicutes,Bacilli,Erysipelotrichales,Erysipelotrichaceae,Faecalitalea,None,Bacteria,Synergistota,Synergistia,Synergistales,Synergistaceae,Cloacibacillus,None,0.009737098344693282
Bacteria,Firmicutes,Bacilli,Erysipelotrichales,Erysipelotrichaceae,Faecalitalea,None,Bacteria,Verrucomicrobiota,Verrucomicrobiae,Verrucomicrobiales,Akkermansiaceae,Akkermansia,None,0.009737098344693282
Bacteria,Firmicutes,Bacilli,Erysipelotrichales,Erysipelotrichaceae,Holdemanella,None,Bacteria,Firmicutes,Bacilli,Erysipelotrichales,Erysipelotrichaceae,Holdemania,None,0.0019474196689386564
Bacteria,Firmicutes,Bacilli,Erysipelotrichales,Erysipelotrichaceae,Holdemanella,None,Bacteria,Firmicutes,Bacilli,Erysipelotrichales,Erysipelotrichaceae,Clostridium_innocuum_group,None,0.0019474196689386564
Bacteria,Firmicutes,Bacilli,Erysipelotrichales,Erysipelotrichaceae,Holdemanella,None,Bacteria,Firmicutes,Bacilli,Izemoplasmatales,human_gut_metagenome,None,None,0.004868549172346641
Bacteria,Firmicutes,Bacilli,Erysipelotrichales,Erysipelotrichaceae,Holdemanella,None,Bacteria,Firmicutes,Bacilli,Lactobacillales,Lactobacillaceae,Lactobacillus,Lactobacillus_mucosae,0.006815968841285297
Bacteria,Firmicutes,Bacilli,Erysipelotrichales,Erysipelotrichaceae,Holdemanella,None,Bacteria,Firmicutes,Bacilli,Lactobacillales,Streptococcaceae,Lactococcus,None,0.005842259006815969
Bacteria,Firmicutes,Bacilli,Erysipelotrichales,Erysipelotrichaceae,Holdemanella,None,Bacteria,Firmicutes,Bacilli,Lactobacillales,Streptococcaceae,Streptococcus,Streptococcus_sp._oral_taxon_065,0.006815968841285297
Bacteria,Firmicutes,Bacilli,Erysipelotrichales,Erysipelotrichaceae,Holdemanella,None,Bacteria,Firmicutes,Bacilli,Lactobacillales,Streptococcaceae,Streptococcus,None,0.005842259006815969
Bacteria,Firmicutes,Bacilli,Erysipelotrichales,Erysipelotrichaceae,Holdemanella,None,Bacteria,Firmicutes,Clostridia,Christensenellales,Christensenellaceae,Christensenellaceae_R-7_group,Christensenella_sp._Marseille-P3954,0.008763388510223954
Bacteria,Firmicutes,Bacilli,Erysipelotrichales,Erysipelotrichaceae,Holdemanella,None,Bacteria,Firmicutes,Clostridia,Christensenellales,Christensenellaceae,Christensenellaceae_R-7_group,Clostridiales_bacterium_Marseille-P2846,0.008763388510223954
Bacteria,Firmicutes,Bacilli,Erysipelotrichales,Erysipelotrichaceae,Holdemanella,None,Bacteria,Firmicutes,Clostridia,Christensenellales,Christensenellaceae,Christensenellaceae_R-7_group,None,0.007789678675754625
Bacteria,Firmicutes,Bacilli,Erysipelotrichales,Erysipelotrichaceae,Holdemanella,None,Bacteria,Firmicutes,Clostridia,Christensenellales,Christensenellaceae,Christensenellaceae_R-7_group,bacterium_YE57,0.008763388510223954
Bacteria,Firmicutes,Bacilli,Erysipelotrichales,Erysipelotrichaceae,Holdemanella,None,Bacteria,Firmicutes,Clostridia,Christensenellales,Christensenellaceae,Christensenellaceae_R-7_group,metagenome,0.008763388510223954
Bacteria,Firmicutes,Bacilli,Erysipelotrichales,Erysipelotrichaceae,Holdemanella,None,Bacteria,Firmicutes,Clostridia,Christensenellales,Christensenellaceae,Christensenellaceae_R-7_group,uncultured_Firmicutes_bacterium,0.008763388510223954
Bacteria,Firmicutes,Bacilli,Erysipelotrichales,Erysipelotrichaceae,Holdemanella,None,Bacteria,Firmicutes,Clostridia,Christensenellales,Christensenellaceae,Christensenellaceae_R-7_group,uncultured_marine_bacterium,0.008763388510223954
Bacteria,Firmicutes,Bacilli,Erysipelotrichales,Erysipelotrichaceae,Holdemanella,None,Bacteria,Firmicutes,Clostridia,Christensenellales,Christensenellaceae,Christensenellaceae_R-7_group,uncultured_organism,0.008763388510223954
Bacteria,Firmicutes,Bacilli,Erysipelotrichales,Erysipelotrichaceae,Holdemanella,None,Bacteria,Firmicutes,Clostridia,Christensenellales,Christensenellaceae,None,None,0.006815968841285297
Bacteria,Firmicutes,Bacilli,Erysipelotrichales,Erysipelotrichaceae,Holdemanella,None,Bacteria,Firmicutes,Clostridia,Clostridia_vadinBB60_group,metagenome,None,None,0.006815968841285297
Bacteria,Firmicutes,Bacilli,Erysipelotrichales,Erysipelotrichaceae,Holdemanella,None,Bacteria,Firmicutes,Clostridia,Clostridia_vadinBB60_group,wastewater_metagenome,None,None,0.006815968841285297
Bacteria,Firmicutes,Bacilli,Erysipelotrichales,Erysipelotrichaceae,Holdemanella,None,Bacteria,Firmicutes,Clostridia,Clostridiales,Christensenellaceae,Christensenella,PAC001427,0.008763388510223954
Bacteria,Firmicutes,Bacilli,Erysipelotrichales,Erysipelotrichaceae,Holdemanella,None,Bacteria,Firmicutes,Clostridia,Clostridiales,Christensenellaceae,Christensenella,PAC002297,0.008763388510223954
Bacteria,Firmicutes,Bacilli,Erysipelotrichales,Erysipelotrichaceae,Holdemanella,None,Bacteria,Firmicutes,Clostridia,Clostridiales,Christensenellaceae,PAC001115,PAC001444,0.008763388510223954
Bacteria,Firmicutes,Bacilli,Erysipelotrichales,Erysipelotrichaceae,Holdemanella,None,Bacteria,Firmicutes,Clostridia,Clostridiales,Christensenellaceae,PAC001437,PAC001486,0.008763388510223954
Bacteria,Firmicutes,Bacilli,Erysipelotrichales,Erysipelotrichaceae,Holdemanella,None,Bacteria,Firmicutes,Clostridia,Clostridiales,Christensenellaceae,PAC001437,PAC002305,0.008763388510223954
Bacteria,Firmicutes,Bacilli,Erysipelotrichales,Erysipelotrichaceae,Holdemanella,None,Bacteria,Firmicutes,Clostridia,Clostridiales,Christensenellaceae,PAC002510,PAC002510,0.008763388510223954
Bacteria,Firmicutes,Bacilli,Erysipelotrichales,Erysipelotrichaceae,Holdemanella,None,Bacteria,Firmicutes,Clostridia,Clostridiales,Dehalobacterium,PAC002141,PAC002141,0.008763388510223954
Bacteria,Firmicutes,Bacilli,Erysipelotrichales,Erysipelotrichaceae,Holdemanella,None,Bacteria,Firmicutes,Clostridia,Clostridiales,Ruminococcaceae,PAC000742,PAC000742,0.008763388510223954
Bacteria,Firmicutes,Bacilli,Erysipelotrichales,Erysipelotrichaceae,Holdemanella,None,Bacteria,Firmicutes,Clostridia,Clostridiales,Ruminococcaceae,PAC001144,PAC001620,0.008763388510223954
Bacteria,Firmicutes,Bacilli,Erysipelotrichales,Erysipelotrichaceae,Holdemanella,None,Bacteria,Firmicutes,Clostridia,Clostridiales,Ruminococcaceae,PAC001313,PAC001649,0.008763388510223954
Bacteria,Firmicutes,Bacilli,Erysipelotrichales,Erysipelotrichaceae,Holdemanella,None,Bacteria,Firmicutes,Clostridia,Clostridiales,Ruminococcaceae,PAC002201,PAC002201,0.008763388510223954
Bacteria,Firmicutes,Bacilli,Erysipelotrichales,Erysipelotrichaceae,Holdemanella,None,Bacteria,Firmicutes,Clostridia,Eubacteriales,Eubacteriaceae,Eubacterium,None,0.007789678675754625
Bacteria,Firmicutes,Bacilli,Erysipelotrichales,Erysipelotrichaceae,Holdemanella,None,Bacteria,Firmicutes,Clostridia,Lachnospirales,Lachnospiraceae,Agathobacter,None,0.007789678675754625
Bacteria,Firmicutes,Bacilli,Erysipelotrichales,Erysipelotrichaceae,Holdemanella,None,Bacteria,Firmicutes,Clostridia,Lachnospirales,Lachnospiraceae,Anaerostipes,None,0.007789678675754625
Bacteria,Firmicutes,Bacilli,Erysipelotrichales,Erysipelotrichaceae,Holdemanella,None,Bacteria,Firmicutes,Clostridia,Lachnospirales,Lachnospiraceae,Blautia,None,0.007789678675754625
Bacteria,Firmicutes,Bacilli,Erysipelotrichales,Erysipelotrichaceae,Holdemanella,None,Bacteria,Firmicutes,Clostridia,Lachnospirales,Lachnospiraceae,Blautia,bacterium_mpn-isolate_group_20,0.008763388510223954
Bacteria,Firmicutes,Bacilli,Erysipelotrichales,Erysipelotrichaceae,Holdemanella,None,Bacteria,Firmicutes,Clostridia,Lachnospirales,Lachnospiraceae,Blautia,uncultured_Blautia_sp.,0.008763388510223954
Bacteria,Firmicutes,Bacilli,Erysipelotrichales,Erysipelotrichaceae,Holdemanella,None,Bacteria,Firmicutes,Clostridia,Lachnospirales,Lachnospiraceae,Coprococcus,None,0.007789678675754625
Bacteria,Firmicutes,Bacilli,Erysipelotrichales,Erysipelotrichaceae,Holdemanella,None,Bacteria,Firmicutes,Clostridia,Lachnospirales,Lachnospiraceae,Coprococcus,uncultured_Coprococcus_sp.,0.008763388510223954
Bacteria,Firmicutes,Bacilli,Erysipelotrichales,Erysipelotrichaceae,Holdemanella,None,Bacteria,Firmicutes,Clostridia,Lachnospirales,Lachnospiraceae,Dorea,None,0.007789678675754625
Bacteria,Firmicutes,Bacilli,Erysipelotrichales,Erysipelotrichaceae,Holdemanella,None,Bacteria,Firmicutes,Clostridia,Lachnospirales,Lachnospiraceae,Eisenbergiella,None,0.007789678675754625
Bacteria,Firmicutes,Bacilli,Erysipelotrichales,Erysipelotrichaceae,Holdemanella,None,Bacteria,Firmicutes,Clostridia,Lachnospirales,Lachnospiraceae,Frisingicoccus,None,0.007789678675754625
Bacteria,Firmicutes,Bacilli,Erysipelotrichales,Erysipelotrichaceae,Holdemanella,None,Bacteria,Firmicutes,Clostridia,Lachnospirales,Lachnospiraceae,Fusicatenibacter,uncultured_Lachnospiraceae_bacterium,0.008763388510223954
Bacteria,Firmicutes,Bacilli,Erysipelotrichales,Erysipelotrichaceae,Holdemanella,None,Bacteria,Firmicutes,Clostridia,Lachnospirales,Lachnospiraceae,GCA-900066575,None,0.007789678675754625
Bacteria,Firmicutes,Bacilli,Erysipelotrichales,Erysipelotrichaceae,Holdemanella,None,Bacteria,Firmicutes,Clostridia,Lachnospirales,Lachnospiraceae,GCA-900066575,metagenome,0.008763388510223954
Bacteria,Firmicutes,Bacilli,Erysipelotrichales,Erysipelotrichaceae,Holdemanella,None,Bacteria,Firmicutes,Clostridia,Lachnospirales,Lachnospiraceae,GCA-900066755,None,0.007789678675754625
Bacteria,Firmicutes,Bacilli,Erysipelotrichales,Erysipelotrichaceae,Holdemanella,None,Bacteria,Firmicutes,Clostridia,Lachnospirales,Lachnospiraceae,Hungatella,metagenome,0.008763388510223954
Bacteria,Firmicutes,Bacilli,Erysipelotrichales,Erysipelotrichaceae,Holdemanella,None,Bacteria,Firmicutes,Clostridia,Lachnospirales,Lachnospiraceae,Lachnoclostridium,Clostridium_symbiosum,0.008763388510223954
Bacteria,Firmicutes,Bacilli,Erysipelotrichales,Erysipelotrichaceae,Holdemanella,None,Bacteria,Firmicutes,Clostridia,Lachnospirales,Lachnospiraceae,Lachnoclostridium,None,0.007789678675754625
Bacteria,Firmicutes,Bacilli,Erysipelotrichales,Erysipelotrichaceae,Holdemanella,None,Bacteria,Firmicutes,Clostridia,Lachnospirales,Lachnospiraceae,Lachnoclostridium,uncultured_Lachnospiraceae_bacterium,0.008763388510223954
Bacteria,Firmicutes,Bacilli,Erysipelotrichales,Erysipelotrichaceae,Holdemanella,None,Bacteria,Firmicutes,Clostridia,Lachnospirales,Lachnospiraceae,Lachnospiraceae_ND3007_group,metagenome,0.008763388510223954
Bacteria,Firmicutes,Bacilli,Erysipelotrichales,Erysipelotrichaceae,Holdemanella,None,Bacteria,Firmicutes,Clostridia,Lachnospirales,Lachnospiraceae,Lachnospiraceae_NK4A136_group,None,0.007789678675754625
Bacteria,Firmicutes,Bacilli,Erysipelotrichales,Erysipelotrichaceae,Holdemanella,None,Bacteria,Firmicutes,Clostridia,Lachnospirales,Lachnospiraceae,Lachnospiraceae_NK4A136_group,uncultured_Lachnospiraceae_bacterium,0.008763388510223954
Bacteria,Firmicutes,Bacilli,Erysipelotrichales,Erysipelotrichaceae,Holdemanella,None,Bacteria,Firmicutes,Clostridia,Lachnospirales,Lachnospiraceae,Lachnospiraceae_NK4A136_group,uncultured_bacterium_Adhufec49.25,0.008763388510223954
Bacteria,Firmicutes,Bacilli,Erysipelotrichales,Erysipelotrichaceae,Holdemanella,None,Bacteria,Firmicutes,Clostridia,Lachnospirales,Lachnospiraceae,Lachnospiraceae_NK4B4_group,None,0.007789678675754625
Bacteria,Firmicutes,Bacilli,Erysipelotrichales,Erysipelotrichaceae,Holdemanella,None,Bacteria,Firmicutes,Clostridia,Lachnospirales,Lachnospiraceae,Lachnospiraceae_UCG-001,metagenome,0.008763388510223954
Bacteria,Firmicutes,Bacilli,Erysipelotrichales,Erysipelotrichaceae,Holdemanella,None,Bacteria,Firmicutes,Clostridia,Lachnospirales,Lachnospiraceae,Lachnospiraceae_UCG-004,None,0.007789678675754625
Bacteria,Firmicutes,Bacilli,Erysipelotrichales,Erysipelotrichaceae,Holdemanella,None,Bacteria,Firmicutes,Clostridia,Lachnospirales,Lachnospiraceae,Lachnospiraceae_UCG-008,metagenome,0.008763388510223954
Bacteria,Firmicutes,Bacilli,Erysipelotrichales,Erysipelotrichaceae,Holdemanella,None,Bacteria,Firmicutes,Clostridia,Lachnospirales,Lachnospiraceae,Lachnospiraceae_UCG-010,None,0.007789678675754625
Bacteria,Firmicutes,Bacilli,Erysipelotrichales,Erysipelotrichaceae,Holdemanella,None,Bacteria,Firmicutes,Clostridia,Lachnospirales,Lachnospiraceae,Marvinbryantia,None,0.007789678675754625
Bacteria,Firmicutes,Bacilli,Erysipelotrichales,Erysipelotrichaceae,Holdemanella,None,Bacteria,Firmicutes,Clostridia,Lachnospirales,Lachnospiraceae,Marvinbryantia,unidentified,0.008763388510223954
Bacteria,Firmicutes,Bacilli,Erysipelotrichales,Erysipelotrichaceae,Holdemanella,None,Bacteria,Firmicutes,Clostridia,Lachnospirales,Lachnospiraceae,Roseburia,None,0.007789678675754625
Bacteria,Firmicutes,Bacilli,Erysipelotrichales,Erysipelotrichaceae,Holdemanella,None,Bacteria,Firmicutes,Clostridia,Lachnospirales,Lachnospiraceae,Roseburia,gut_metagenome,0.008763388510223954
Bacteria,Firmicutes,Bacilli,Erysipelotrichales,Erysipelotrichaceae,Holdemanella,None,Bacteria,Firmicutes,Clostridia,Lachnospirales,Lachnospiraceae,Tuzzerella,None,0.007789678675754625
Bacteria,Firmicutes,Bacilli,Erysipelotrichales,Erysipelotrichaceae,Holdemanella,None,Bacteria,Firmicutes,Clostridia,Lachnospirales,Lachnospiraceae,Tyzzerella,None,0.007789678675754625
Bacteria,Firmicutes,Bacilli,Erysipelotrichales,Erysipelotrichaceae,Holdemanella,None,Bacteria,Firmicutes,Clostridia,Lachnospirales,Lachnospiraceae,Eubacterium_hallii_group,None,0.007789678675754625
Bacteria,Firmicutes,Bacilli,Erysipelotrichales,Erysipelotrichaceae,Holdemanella,None,Bacteria,Firmicutes,Clostridia,Lachnospirales,Lachnospiraceae,Eubacterium_ventriosum_group,metagenome,0.008763388510223954
Bacteria,Firmicutes,Bacilli,Erysipelotrichales,Erysipelotrichaceae,Holdemanella,None,Bacteria,Firmicutes,Clostridia,Lachnospirales,Lachnospiraceae,Ruminococcus_gauvreauii_group,uncultured_Lachnospiraceae_bacterium,0.008763388510223954
Bacteria,Firmicutes,Bacilli,Erysipelotrichales,Erysipelotrichaceae,Holdemanella,None,Bacteria,Firmicutes,Clostridia,Lachnospirales,Lachnospiraceae,Ruminococcus_gnavus_group,None,0.007789678675754625
Bacteria,Firmicutes,Bacilli,Erysipelotrichales,Erysipelotrichaceae,Holdemanella,None,Bacteria,Firmicutes,Clostridia,Lachnospirales,Lachnospiraceae,Ruminococcus_torques_group,Clostridiaceae_bacterium_LEMV78,0.008763388510223954
Bacteria,Firmicutes,Bacilli,Erysipelotrichales,Erysipelotrichaceae,Holdemanella,None,Bacteria,Firmicutes,Clostridia,Lachnospirales,Lachnospiraceae,Ruminococcus_torques_group,None,0.007789678675754625
Bacteria,Firmicutes,Bacilli,Erysipelotrichales,Erysipelotrichaceae,Holdemanella,None,Bacteria,Firmicutes,Clostridia,Lachnospirales,Lachnospiraceae,None,None,0.006815968841285297
Bacteria,Firmicutes,Bacilli,Erysipelotrichales,Erysipelotrichaceae,Holdemanella,None,Bacteria,Firmicutes,Clostridia,Lachnospirales,Lachnospiraceae,uncultured,None,0.007789678675754625
Bacteria,Firmicutes,Bacilli,Erysipelotrichales,Erysipelotrichaceae,Holdemanella,None,Bacteria,Firmicutes,Clostridia,Monoglobales,Monoglobaceae,Monoglobus,None,0.007789678675754625
Bacteria,Firmicutes,Bacilli,Erysipelotrichales,Erysipelotrichaceae,Holdemanella,None,Bacteria,Firmicutes,Clostridia,Oscillospirales,Butyricicoccaceae,Butyricicoccus,None,0.007789678675754625
Bacteria,Firmicutes,Bacilli,Erysipelotrichales,Erysipelotrichaceae,Holdemanella,None,Bacteria,Firmicutes,Clostridia,Oscillospirales,Hydrogenoanaerobacterium,None,None,0.006815968841285297
Bacteria,Firmicutes,Bacilli,Erysipelotrichales,Erysipelotrichaceae,Holdemanella,None,Bacteria,Firmicutes,Clostridia,Oscillospirales,Oscillospiraceae,Colidextribacter,None,0.007789678675754625
Bacteria,Firmicutes,Bacilli,Erysipelotrichales,Erysipelotrichaceae,Holdemanella,None,Bacteria,Firmicutes,Clostridia,Oscillospirales,Oscillospiraceae,Colidextribacter,metagenome,0.008763388510223954
Bacteria,Firmicutes,Bacilli,Erysipelotrichales,Erysipelotrichaceae,Holdemanella,None,Bacteria,Firmicutes,Clostridia,Oscillospirales,Oscillospiraceae,Flavonifractor,None,0.007789678675754625
Bacteria,Firmicutes,Bacilli,Erysipelotrichales,Erysipelotrichaceae,Holdemanella,None,Bacteria,Firmicutes,Clostridia,Oscillospirales,Oscillospiraceae,Intestinimonas,None,0.007789678675754625
Bacteria,Firmicutes,Bacilli,Erysipelotrichales,Erysipelotrichaceae,Holdemanella,None,Bacteria,Firmicutes,Clostridia,Oscillospirales,Oscillospiraceae,Intestinimonas,uncultured,0.008763388510223954
Bacteria,Firmicutes,Bacilli,Erysipelotrichales,Erysipelotrichaceae,Holdemanella,None,Bacteria,Firmicutes,Clostridia,Oscillospirales,Oscillospiraceae,NK4A214_group,None,0.007789678675754625
Bacteria,Firmicutes,Bacilli,Erysipelotrichales,Erysipelotrichaceae,Holdemanella,None,Bacteria,Firmicutes,Clostridia,Oscillospirales,Oscillospiraceae,Oscillibacter,None,0.007789678675754625
Bacteria,Firmicutes,Bacilli,Erysipelotrichales,Erysipelotrichaceae,Holdemanella,None,Bacteria,Firmicutes,Clostridia,Oscillospirales,Oscillospiraceae,Oscillibacter,metagenome,0.008763388510223954
Bacteria,Firmicutes,Bacilli,Erysipelotrichales,Erysipelotrichaceae,Holdemanella,None,Bacteria,Firmicutes,Clostridia,Oscillospirales,Oscillospiraceae,Oscillospira,None,0.007789678675754625
Bacteria,Firmicutes,Bacilli,Erysipelotrichales,Erysipelotrichaceae,Holdemanella,None,Bacteria,Firmicutes,Clostridia,Oscillospirales,Oscillospiraceae,UCG-002,None,0.007789678675754625
Bacteria,Firmicutes,Bacilli,Erysipelotrichales,Erysipelotrichaceae,Holdemanella,None,Bacteria,Firmicutes,Clostridia,Oscillospirales,Oscillospiraceae,UCG-003,None,0.007789678675754625
Bacteria,Firmicutes,Bacilli,Erysipelotrichales,Erysipelotrichaceae,Holdemanella,None,Bacteria,Firmicutes,Clostridia,Oscillospirales,Oscillospiraceae,UCG-005,None,0.007789678675754625
Bacteria,Firmicutes,Bacilli,Erysipelotrichales,Erysipelotrichaceae,Holdemanella,None,Bacteria,Firmicutes,Clostridia,Oscillospirales,Oscillospiraceae,UCG-005,metagenome,0.008763388510223954
Bacteria,Firmicutes,Bacilli,Erysipelotrichales,Erysipelotrichaceae,Holdemanella,None,Bacteria,Firmicutes,Clostridia,Oscillospirales,Oscillospiraceae,UCG-005,uncultured_Clostridiales_bacterium,0.008763388510223954
Bacteria,Firmicutes,Bacilli,Erysipelotrichales,Erysipelotrichaceae,Holdemanella,None,Bacteria,Firmicutes,Clostridia,Oscillospirales,Oscillospiraceae,UCG-005,uncultured_rumen_bacterium,0.008763388510223954
Bacteria,Firmicutes,Bacilli,Erysipelotrichales,Erysipelotrichaceae,Holdemanella,None,Bacteria,Firmicutes,Clostridia,Oscillospirales,Oscillospiraceae,None,None,0.006815968841285297
Bacteria,Firmicutes,Bacilli,Erysipelotrichales,Erysipelotrichaceae,Holdemanella,None,Bacteria,Firmicutes,Clostridia,Oscillospirales,Oscillospiraceae,uncultured,metagenome,0.008763388510223954
Bacteria,Firmicutes,Bacilli,Erysipelotrichales,Erysipelotrichaceae,Holdemanella,None,Bacteria,Firmicutes,Clostridia,Oscillospirales,Oscillospiraceae,uncultured,unidentified,0.008763388510223954
Bacteria,Firmicutes,Bacilli,Erysipelotrichales,Erysipelotrichaceae,Holdemanella,None,Bacteria,Firmicutes,Clostridia,Oscillospirales,Ruminococcaceae,Anaerofilum,uncultured_Firmicutes_bacterium,0.008763388510223954
Bacteria,Firmicutes,Bacilli,Erysipelotrichales,Erysipelotrichaceae,Holdemanella,None,Bacteria,Firmicutes,Clostridia,Oscillospirales,Ruminococcaceae,Anaerotruncus,Anaerotruncus_rubiinfantis,0.008763388510223954
Bacteria,Firmicutes,Bacilli,Erysipelotrichales,Erysipelotrichaceae,Holdemanella,None,Bacteria,Firmicutes,Clostridia,Oscillospirales,Ruminococcaceae,Anaerotruncus,Anaerotruncus_sp._NML_070203,0.008763388510223954
Bacteria,Firmicutes,Bacilli,Erysipelotrichales,Erysipelotrichaceae,Holdemanella,None,Bacteria,Firmicutes,Clostridia,Oscillospirales,Ruminococcaceae,Candidatus_Soleaferrea,Neobitarella_massiliensis,0.008763388510223954
Bacteria,Firmicutes,Bacilli,Erysipelotrichales,Erysipelotrichaceae,Holdemanella,None,Bacteria,Firmicutes,Clostridia,Oscillospirales,Ruminococcaceae,Candidatus_Soleaferrea,None,0.007789678675754625
Bacteria,Firmicutes,Bacilli,Erysipelotrichales,Erysipelotrichaceae,Holdemanella,None,Bacteria,Firmicutes,Clostridia,Oscillospirales,Ruminococcaceae,DTU089,None,0.007789678675754625
Bacteria,Firmicutes,Bacilli,Erysipelotrichales,Erysipelotrichaceae,Holdemanella,None,Bacteria,Firmicutes,Clostridia,Oscillospirales,Ruminococcaceae,Faecalibacterium,None,0.007789678675754625
Bacteria,Firmicutes,Bacilli,Erysipelotrichales,Erysipelotrichaceae,Holdemanella,None,Bacteria,Firmicutes,Clostridia,Oscillospirales,Ruminococcaceae,Fournierella,uncultured_organism,0.008763388510223954
Bacteria,Firmicutes,Bacilli,Erysipelotrichales,Erysipelotrichaceae,Holdemanella,None,Bacteria,Firmicutes,Clostridia,Oscillospirales,Ruminococcaceae,Incertae_Sedis,metagenome,0.008763388510223954
Bacteria,Firmicutes,Bacilli,Erysipelotrichales,Erysipelotrichaceae,Holdemanella,None,Bacteria,Firmicutes,Clostridia,Oscillospirales,Ruminococcaceae,Incertae_Sedis,None,0.007789678675754625
Bacteria,Firmicutes,Bacilli,Erysipelotrichales,Erysipelotrichaceae,Holdemanella,None,Bacteria,Firmicutes,Clostridia,Oscillospirales,Ruminococcaceae,Negativibacillus,None,0.007789678675754625
Bacteria,Firmicutes,Bacilli,Erysipelotrichales,Erysipelotrichaceae,Holdemanella,None,Bacteria,Firmicutes,Clostridia,Oscillospirales,Ruminococcaceae,Ruminococcus,Ruminococcus_champanellensis,0.008763388510223954
Bacteria,Firmicutes,Bacilli,Erysipelotrichales,Erysipelotrichaceae,Holdemanella,None,Bacteria,Firmicutes,Clostridia,Oscillospirales,Ruminococcaceae,Ruminococcus,None,0.007789678675754625
Bacteria,Firmicutes,Bacilli,Erysipelotrichales,Erysipelotrichaceae,Holdemanella,None,Bacteria,Firmicutes,Clostridia,Oscillospirales,Ruminococcaceae,Subdoligranulum,None,0.007789678675754625
Bacteria,Firmicutes,Bacilli,Erysipelotrichales,Erysipelotrichaceae,Holdemanella,None,Bacteria,Firmicutes,Clostridia,Oscillospirales,Ruminococcaceae,UBA1819,None,0.007789678675754625
Bacteria,Firmicutes,Bacilli,Erysipelotrichales,Erysipelotrichaceae,Holdemanella,None,Bacteria,Firmicutes,Clostridia,Oscillospirales,Ruminococcaceae,Eubacterium_siraeum_group,None,0.007789678675754625
Bacteria,Firmicutes,Bacilli,Erysipelotrichales,Erysipelotrichaceae,Holdemanella,None,Bacteria,Firmicutes,Clostridia,Oscillospirales,Ruminococcaceae,None,None,0.006815968841285297
Bacteria,Firmicutes,Bacilli,Erysipelotrichales,Erysipelotrichaceae,Holdemanella,None,Bacteria,Firmicutes,Clostridia,Oscillospirales,UCG-010,None,None,0.006815968841285297
Bacteria,Firmicutes,Bacilli,Erysipelotrichales,Erysipelotrichaceae,Holdemanella,None,Bacteria,Firmicutes,Clostridia,Oscillospirales,UCG-010,metagenome,None,0.007789678675754625
Bacteria,Firmicutes,Bacilli,Erysipelotrichales,Erysipelotrichaceae,Holdemanella,None,Bacteria,Firmicutes,Clostridia,Oscillospirales,UCG-010,uncultured_bacterium,None,0.007789678675754625
Bacteria,Firmicutes,Bacilli,Erysipelotrichales,Erysipelotrichaceae,Holdemanella,None,Bacteria,Firmicutes,Clostridia,Oscillospirales,UCG-010,uncultured_organism,None,0.007789678675754625
Bacteria,Firmicutes,Bacilli,Erysipelotrichales,Erysipelotrichaceae,Holdemanella,None,Bacteria,Firmicutes,Clostridia,Oscillospirales,Clostridium_methylpentosum_group,None,None,0.006815968841285297
Bacteria,Firmicutes,Bacilli,Erysipelotrichales,Erysipelotrichaceae,Holdemanella,None,Bacteria,Firmicutes,Clostridia,Oscillospirales,Eubacterium_coprostanoligenes_group,None,None,0.006815968841285297
Bacteria,Firmicutes,Bacilli,Erysipelotrichales,Erysipelotrichaceae,Holdemanella,None,Bacteria,Firmicutes,Clostridia,Oscillospirales,None,None,None,0.005842259006815969
Bacteria,Firmicutes,Bacilli,Erysipelotrichales,Erysipelotrichaceae,Holdemanella,None,Bacteria,Firmicutes,Clostridia,Peptococcales,Peptococcaceae,uncultured,None,0.007789678675754625
Bacteria,Firmicutes,Bacilli,Erysipelotrichales,Erysipelotrichaceae,Holdemanella,None,Bacteria,Firmicutes,Clostridia,Peptostreptococcales-Tissierellales,Anaerovoracaceae,Family_XIII_AD3011_group,metagenome,0.008763388510223954
Bacteria,Firmicutes,Bacilli,Erysipelotrichales,Erysipelotrichaceae,Holdemanella,None,Bacteria,Firmicutes,Clostridia,Peptostreptococcales-Tissierellales,Anaerovoracaceae,Family_XIII_AD3011_group,None,0.007789678675754625
Bacteria,Firmicutes,Bacilli,Erysipelotrichales,Erysipelotrichaceae,Holdemanella,None,Bacteria,Firmicutes,Clostridia,Peptostreptococcales-Tissierellales,Anaerovoracaceae,Family_XIII_AD3011_group,uncultured,0.008763388510223954
Bacteria,Firmicutes,Bacilli,Erysipelotrichales,Erysipelotrichaceae,Holdemanella,None,Bacteria,Firmicutes,Clostridia,Peptostreptococcales-Tissierellales,Anaerovoracaceae,Family_XIII_UCG-001,metagenome,0.008763388510223954
Bacteria,Firmicutes,Bacilli,Erysipelotrichales,Erysipelotrichaceae,Holdemanella,None,Bacteria,Firmicutes,Clostridia,Peptostreptococcales-Tissierellales,Anaerovoracaceae,Eubacterium_nodatum_group,None,0.007789678675754625
Bacteria,Firmicutes,Bacilli,Erysipelotrichales,Erysipelotrichaceae,Holdemanella,None,Bacteria,Firmicutes,Clostridia,Peptostreptococcales-Tissierellales,Anaerovoracaceae,None,None,0.006815968841285297
Bacteria,Firmicutes,Bacilli,Erysipelotrichales,Erysipelotrichaceae,Holdemanella,None,Bacteria,Firmicutes,Clostridia,Peptostreptococcales-Tissierellales,Parvimonas,None,None,0.006815968841285297
Bacteria,Firmicutes,Bacilli,Erysipelotrichales,Erysipelotrichaceae,Holdemanella,None,Bacteria,Firmicutes,Clostridia,None,None,None,None,0.004868549172346641
Bacteria,Firmicutes,Bacilli,Erysipelotrichales,Erysipelotrichaceae,Holdemanella,None,Bacteria,Firmicutes,Incertae_Sedis,DTU014,unidentified,None,None,0.006815968841285297
Bacteria,Firmicutes,Bacilli,Erysipelotrichales,Erysipelotrichaceae,Holdemanella,None,Bacteria,Firmicutes,Limnochordia,M55-D21,uncultured_compost_bacterium,None,None,0.006815968841285297
Bacteria,Firmicutes,Bacilli,Erysipelotrichales,Erysipelotrichaceae,Holdemanella,None,Bacteria,Firmicutes,Negativicutes,Acidaminococcales,Acidaminococcaceae,Phascolarctobacterium,None,0.007789678675754625
Bacteria,Firmicutes,Bacilli,Erysipelotrichales,Erysipelotrichaceae,Holdemanella,None,Bacteria,Firmicutes,None,None,None,None,None,0.0038948393378773127
Bacteria,Firmicutes,Bacilli,Erysipelotrichales,Erysipelotrichaceae,Holdemanella,None,Bacteria,Firmicutes,uncultured,uncultured_Peptococcaceae_bacterium,None,None,None,0.005842259006815969
Bacteria,Firmicutes,Bacilli,Erysipelotrichales,Erysipelotrichaceae,Holdemanella,None,Bacteria,Proteobacteria,Alphaproteobacteria,Rhodospirillales,uncultured,None,None,0.008763388510223954
Bacteria,Firmicutes,Bacilli,Erysipelotrichales,Erysipelotrichaceae,Holdemanella,None,Bacteria,Proteobacteria,Gammaproteobacteria,Burkholderiales,Sutterellaceae,Sutterella,Sutterella_sp._252,0.010710808179162609
Bacteria,Firmicutes,Bacilli,Erysipelotrichales,Erysipelotrichaceae,Holdemanella,None,Bacteria,Proteobacteria,Gammaproteobacteria,Enterobacterales,Enterobacteriaceae,Escherichia-Shigella,None,0.009737098344693282
Bacteria,Firmicutes,Bacilli,Erysipelotrichales,Erysipelotrichaceae,Holdemanella,None,Bacteria,Proteobacteria,Gammaproteobacteria,Enterobacterales,Enterobacteriaceae,Klebsiella,None,0.009737098344693282
Bacteria,Firmicutes,Bacilli,Erysipelotrichales,Erysipelotrichaceae,Holdemanella,None,Bacteria,Proteobacteria,Gammaproteobacteria,Enterobacterales,Enterobacteriaceae,None,None,0.008763388510223954
Bacteria,Firmicutes,Bacilli,Erysipelotrichales,Erysipelotrichaceae,Holdemanella,None,Bacteria,Proteobacteria,Gammaproteobacteria,Pseudomonadales,Pseudomonadaceae,Pseudomonas,None,0.009737098344693282
Bacteria,Firmicutes,Bacilli,Erysipelotrichales,Erysipelotrichaceae,Holdemanella,None,Bacteria,Synergistota,Synergistia,Synergistales,Synergistaceae,Cloacibacillus,None,0.009737098344693282
Bacteria,Firmicutes,Bacilli,Erysipelotrichales,Erysipelotrichaceae,Holdemanella,None,Bacteria,Verrucomicrobiota,Verrucomicrobiae,Verrucomicrobiales,Akkermansiaceae,Akkermansia,None,0.009737098344693282
Bacteria,Firmicutes,Bacilli,Erysipelotrichales,Erysipelotrichaceae,Holdemania,None,Bacteria,Firmicutes,Bacilli,Erysipelotrichales,Erysipelotrichaceae,Clostridium_innocuum_group,None,0.0019474196689386564
Bacteria,Firmicutes,Bacilli,Erysipelotrichales,Erysipelotrichaceae,Holdemania,None,Bacteria,Firmicutes,Bacilli,Izemoplasmatales,human_gut_metagenome,None,None,0.004868549172346641
Bacteria,Firmicutes,Bacilli,Erysipelotrichales,Erysipelotrichaceae,Holdemania,None,Bacteria,Firmicutes,Bacilli,Lactobacillales,Lactobacillaceae,Lactobacillus,Lactobacillus_mucosae,0.006815968841285297
Bacteria,Firmicutes,Bacilli,Erysipelotrichales,Erysipelotrichaceae,Holdemania,None,Bacteria,Firmicutes,Bacilli,Lactobacillales,Streptococcaceae,Lactococcus,None,0.005842259006815969
Bacteria,Firmicutes,Bacilli,Erysipelotrichales,Erysipelotrichaceae,Holdemania,None,Bacteria,Firmicutes,Bacilli,Lactobacillales,Streptococcaceae,Streptococcus,Streptococcus_sp._oral_taxon_065,0.006815968841285297
Bacteria,Firmicutes,Bacilli,Erysipelotrichales,Erysipelotrichaceae,Holdemania,None,Bacteria,Firmicutes,Bacilli,Lactobacillales,Streptococcaceae,Streptococcus,None,0.005842259006815969
Bacteria,Firmicutes,Bacilli,Erysipelotrichales,Erysipelotrichaceae,Holdemania,None,Bacteria,Firmicutes,Clostridia,Christensenellales,Christensenellaceae,Christensenellaceae_R-7_group,Christensenella_sp._Marseille-P3954,0.008763388510223954
Bacteria,Firmicutes,Bacilli,Erysipelotrichales,Erysipelotrichaceae,Holdemania,None,Bacteria,Firmicutes,Clostridia,Christensenellales,Christensenellaceae,Christensenellaceae_R-7_group,Clostridiales_bacterium_Marseille-P2846,0.008763388510223954
Bacteria,Firmicutes,Bacilli,Erysipelotrichales,Erysipelotrichaceae,Holdemania,None,Bacteria,Firmicutes,Clostridia,Christensenellales,Christensenellaceae,Christensenellaceae_R-7_group,None,0.007789678675754625
Bacteria,Firmicutes,Bacilli,Erysipelotrichales,Erysipelotrichaceae,Holdemania,None,Bacteria,Firmicutes,Clostridia,Christensenellales,Christensenellaceae,Christensenellaceae_R-7_group,bacterium_YE57,0.008763388510223954
Bacteria,Firmicutes,Bacilli,Erysipelotrichales,Erysipelotrichaceae,Holdemania,None,Bacteria,Firmicutes,Clostridia,Christensenellales,Christensenellaceae,Christensenellaceae_R-7_group,metagenome,0.008763388510223954
Bacteria,Firmicutes,Bacilli,Erysipelotrichales,Erysipelotrichaceae,Holdemania,None,Bacteria,Firmicutes,Clostridia,Christensenellales,Christensenellaceae,Christensenellaceae_R-7_group,uncultured_Firmicutes_bacterium,0.008763388510223954
Bacteria,Firmicutes,Bacilli,Erysipelotrichales,Erysipelotrichaceae,Holdemania,None,Bacteria,Firmicutes,Clostridia,Christensenellales,Christensenellaceae,Christensenellaceae_R-7_group,uncultured_marine_bacterium,0.008763388510223954
Bacteria,Firmicutes,Bacilli,Erysipelotrichales,Erysipelotrichaceae,Holdemania,None,Bacteria,Firmicutes,Clostridia,Christensenellales,Christensenellaceae,Christensenellaceae_R-7_group,uncultured_organism,0.008763388510223954
Bacteria,Firmicutes,Bacilli,Erysipelotrichales,Erysipelotrichaceae,Holdemania,None,Bacteria,Firmicutes,Clostridia,Christensenellales,Christensenellaceae,None,None,0.006815968841285297
Bacteria,Firmicutes,Bacilli,Erysipelotrichales,Erysipelotrichaceae,Holdemania,None,Bacteria,Firmicutes,Clostridia,Clostridia_vadinBB60_group,metagenome,None,None,0.006815968841285297
Bacteria,Firmicutes,Bacilli,Erysipelotrichales,Erysipelotrichaceae,Holdemania,None,Bacteria,Firmicutes,Clostridia,Clostridia_vadinBB60_group,wastewater_metagenome,None,None,0.006815968841285297
Bacteria,Firmicutes,Bacilli,Erysipelotrichales,Erysipelotrichaceae,Holdemania,None,Bacteria,Firmicutes,Clostridia,Clostridiales,Christensenellaceae,Christensenella,PAC001427,0.008763388510223954
Bacteria,Firmicutes,Bacilli,Erysipelotrichales,Erysipelotrichaceae,Holdemania,None,Bacteria,Firmicutes,Clostridia,Clostridiales,Christensenellaceae,Christensenella,PAC002297,0.008763388510223954
Bacteria,Firmicutes,Bacilli,Erysipelotrichales,Erysipelotrichaceae,Holdemania,None,Bacteria,Firmicutes,Clostridia,Clostridiales,Christensenellaceae,PAC001115,PAC001444,0.008763388510223954
Bacteria,Firmicutes,Bacilli,Erysipelotrichales,Erysipelotrichaceae,Holdemania,None,Bacteria,Firmicutes,Clostridia,Clostridiales,Christensenellaceae,PAC001437,PAC001486,0.008763388510223954
Bacteria,Firmicutes,Bacilli,Erysipelotrichales,Erysipelotrichaceae,Holdemania,None,Bacteria,Firmicutes,Clostridia,Clostridiales,Christensenellaceae,PAC001437,PAC002305,0.008763388510223954
Bacteria,Firmicutes,Bacilli,Erysipelotrichales,Erysipelotrichaceae,Holdemania,None,Bacteria,Firmicutes,Clostridia,Clostridiales,Christensenellaceae,PAC002510,PAC002510,0.008763388510223954
Bacteria,Firmicutes,Bacilli,Erysipelotrichales,Erysipelotrichaceae,Holdemania,None,Bacteria,Firmicutes,Clostridia,Clostridiales,Dehalobacterium,PAC002141,PAC002141,0.008763388510223954
Bacteria,Firmicutes,Bacilli,Erysipelotrichales,Erysipelotrichaceae,Holdemania,None,Bacteria,Firmicutes,Clostridia,Clostridiales,Ruminococcaceae,PAC000742,PAC000742,0.008763388510223954
Bacteria,Firmicutes,Bacilli,Erysipelotrichales,Erysipelotrichaceae,Holdemania,None,Bacteria,Firmicutes,Clostridia,Clostridiales,Ruminococcaceae,PAC001144,PAC001620,0.008763388510223954
Bacteria,Firmicutes,Bacilli,Erysipelotrichales,Erysipelotrichaceae,Holdemania,None,Bacteria,Firmicutes,Clostridia,Clostridiales,Ruminococcaceae,PAC001313,PAC001649,0.008763388510223954
Bacteria,Firmicutes,Bacilli,Erysipelotrichales,Erysipelotrichaceae,Holdemania,None,Bacteria,Firmicutes,Clostridia,Clostridiales,Ruminococcaceae,PAC002201,PAC002201,0.008763388510223954
Bacteria,Firmicutes,Bacilli,Erysipelotrichales,Erysipelotrichaceae,Holdemania,None,Bacteria,Firmicutes,Clostridia,Eubacteriales,Eubacteriaceae,Eubacterium,None,0.007789678675754625
Bacteria,Firmicutes,Bacilli,Erysipelotrichales,Erysipelotrichaceae,Holdemania,None,Bacteria,Firmicutes,Clostridia,Lachnospirales,Lachnospiraceae,Agathobacter,None,0.007789678675754625
Bacteria,Firmicutes,Bacilli,Erysipelotrichales,Erysipelotrichaceae,Holdemania,None,Bacteria,Firmicutes,Clostridia,Lachnospirales,Lachnospiraceae,Anaerostipes,None,0.007789678675754625
Bacteria,Firmicutes,Bacilli,Erysipelotrichales,Erysipelotrichaceae,Holdemania,None,Bacteria,Firmicutes,Clostridia,Lachnospirales,Lachnospiraceae,Blautia,None,0.007789678675754625
Bacteria,Firmicutes,Bacilli,Erysipelotrichales,Erysipelotrichaceae,Holdemania,None,Bacteria,Firmicutes,Clostridia,Lachnospirales,Lachnospiraceae,Blautia,bacterium_mpn-isolate_group_20,0.008763388510223954
Bacteria,Firmicutes,Bacilli,Erysipelotrichales,Erysipelotrichaceae,Holdemania,None,Bacteria,Firmicutes,Clostridia,Lachnospirales,Lachnospiraceae,Blautia,uncultured_Blautia_sp.,0.008763388510223954
Bacteria,Firmicutes,Bacilli,Erysipelotrichales,Erysipelotrichaceae,Holdemania,None,Bacteria,Firmicutes,Clostridia,Lachnospirales,Lachnospiraceae,Coprococcus,None,0.007789678675754625
Bacteria,Firmicutes,Bacilli,Erysipelotrichales,Erysipelotrichaceae,Holdemania,None,Bacteria,Firmicutes,Clostridia,Lachnospirales,Lachnospiraceae,Coprococcus,uncultured_Coprococcus_sp.,0.008763388510223954
Bacteria,Firmicutes,Bacilli,Erysipelotrichales,Erysipelotrichaceae,Holdemania,None,Bacteria,Firmicutes,Clostridia,Lachnospirales,Lachnospiraceae,Dorea,None,0.007789678675754625
Bacteria,Firmicutes,Bacilli,Erysipelotrichales,Erysipelotrichaceae,Holdemania,None,Bacteria,Firmicutes,Clostridia,Lachnospirales,Lachnospiraceae,Eisenbergiella,None,0.007789678675754625
Bacteria,Firmicutes,Bacilli,Erysipelotrichales,Erysipelotrichaceae,Holdemania,None,Bacteria,Firmicutes,Clostridia,Lachnospirales,Lachnospiraceae,Frisingicoccus,None,0.007789678675754625
Bacteria,Firmicutes,Bacilli,Erysipelotrichales,Erysipelotrichaceae,Holdemania,None,Bacteria,Firmicutes,Clostridia,Lachnospirales,Lachnospiraceae,Fusicatenibacter,uncultured_Lachnospiraceae_bacterium,0.008763388510223954
Bacteria,Firmicutes,Bacilli,Erysipelotrichales,Erysipelotrichaceae,Holdemania,None,Bacteria,Firmicutes,Clostridia,Lachnospirales,Lachnospiraceae,GCA-900066575,None,0.007789678675754625
Bacteria,Firmicutes,Bacilli,Erysipelotrichales,Erysipelotrichaceae,Holdemania,None,Bacteria,Firmicutes,Clostridia,Lachnospirales,Lachnospiraceae,GCA-900066575,metagenome,0.008763388510223954
Bacteria,Firmicutes,Bacilli,Erysipelotrichales,Erysipelotrichaceae,Holdemania,None,Bacteria,Firmicutes,Clostridia,Lachnospirales,Lachnospiraceae,GCA-900066755,None,0.007789678675754625
Bacteria,Firmicutes,Bacilli,Erysipelotrichales,Erysipelotrichaceae,Holdemania,None,Bacteria,Firmicutes,Clostridia,Lachnospirales,Lachnospiraceae,Hungatella,metagenome,0.008763388510223954
Bacteria,Firmicutes,Bacilli,Erysipelotrichales,Erysipelotrichaceae,Holdemania,None,Bacteria,Firmicutes,Clostridia,Lachnospirales,Lachnospiraceae,Lachnoclostridium,Clostridium_symbiosum,0.008763388510223954
Bacteria,Firmicutes,Bacilli,Erysipelotrichales,Erysipelotrichaceae,Holdemania,None,Bacteria,Firmicutes,Clostridia,Lachnospirales,Lachnospiraceae,Lachnoclostridium,None,0.007789678675754625
Bacteria,Firmicutes,Bacilli,Erysipelotrichales,Erysipelotrichaceae,Holdemania,None,Bacteria,Firmicutes,Clostridia,Lachnospirales,Lachnospiraceae,Lachnoclostridium,uncultured_Lachnospiraceae_bacterium,0.008763388510223954
Bacteria,Firmicutes,Bacilli,Erysipelotrichales,Erysipelotrichaceae,Holdemania,None,Bacteria,Firmicutes,Clostridia,Lachnospirales,Lachnospiraceae,Lachnospiraceae_ND3007_group,metagenome,0.008763388510223954
Bacteria,Firmicutes,Bacilli,Erysipelotrichales,Erysipelotrichaceae,Holdemania,None,Bacteria,Firmicutes,Clostridia,Lachnospirales,Lachnospiraceae,Lachnospiraceae_NK4A136_group,None,0.007789678675754625
Bacteria,Firmicutes,Bacilli,Erysipelotrichales,Erysipelotrichaceae,Holdemania,None,Bacteria,Firmicutes,Clostridia,Lachnospirales,Lachnospiraceae,Lachnospiraceae_NK4A136_group,uncultured_Lachnospiraceae_bacterium,0.008763388510223954
Bacteria,Firmicutes,Bacilli,Erysipelotrichales,Erysipelotrichaceae,Holdemania,None,Bacteria,Firmicutes,Clostridia,Lachnospirales,Lachnospiraceae,Lachnospiraceae_NK4A136_group,uncultured_bacterium_Adhufec49.25,0.008763388510223954
Bacteria,Firmicutes,Bacilli,Erysipelotrichales,Erysipelotrichaceae,Holdemania,None,Bacteria,Firmicutes,Clostridia,Lachnospirales,Lachnospiraceae,Lachnospiraceae_NK4B4_group,None,0.007789678675754625
Bacteria,Firmicutes,Bacilli,Erysipelotrichales,Erysipelotrichaceae,Holdemania,None,Bacteria,Firmicutes,Clostridia,Lachnospirales,Lachnospiraceae,Lachnospiraceae_UCG-001,metagenome,0.008763388510223954
Bacteria,Firmicutes,Bacilli,Erysipelotrichales,Erysipelotrichaceae,Holdemania,None,Bacteria,Firmicutes,Clostridia,Lachnospirales,Lachnospiraceae,Lachnospiraceae_UCG-004,None,0.007789678675754625
Bacteria,Firmicutes,Bacilli,Erysipelotrichales,Erysipelotrichaceae,Holdemania,None,Bacteria,Firmicutes,Clostridia,Lachnospirales,Lachnospiraceae,Lachnospiraceae_UCG-008,metagenome,0.008763388510223954
Bacteria,Firmicutes,Bacilli,Erysipelotrichales,Erysipelotrichaceae,Holdemania,None,Bacteria,Firmicutes,Clostridia,Lachnospirales,Lachnospiraceae,Lachnospiraceae_UCG-010,None,0.007789678675754625
Bacteria,Firmicutes,Bacilli,Erysipelotrichales,Erysipelotrichaceae,Holdemania,None,Bacteria,Firmicutes,Clostridia,Lachnospirales,Lachnospiraceae,Marvinbryantia,None,0.007789678675754625
Bacteria,Firmicutes,Bacilli,Erysipelotrichales,Erysipelotrichaceae,Holdemania,None,Bacteria,Firmicutes,Clostridia,Lachnospirales,Lachnospiraceae,Marvinbryantia,unidentified,0.008763388510223954
Bacteria,Firmicutes,Bacilli,Erysipelotrichales,Erysipelotrichaceae,Holdemania,None,Bacteria,Firmicutes,Clostridia,Lachnospirales,Lachnospiraceae,Roseburia,None,0.007789678675754625
Bacteria,Firmicutes,Bacilli,Erysipelotrichales,Erysipelotrichaceae,Holdemania,None,Bacteria,Firmicutes,Clostridia,Lachnospirales,Lachnospiraceae,Roseburia,gut_metagenome,0.008763388510223954
Bacteria,Firmicutes,Bacilli,Erysipelotrichales,Erysipelotrichaceae,Holdemania,None,Bacteria,Firmicutes,Clostridia,Lachnospirales,Lachnospiraceae,Tuzzerella,None,0.007789678675754625
Bacteria,Firmicutes,Bacilli,Erysipelotrichales,Erysipelotrichaceae,Holdemania,None,Bacteria,Firmicutes,Clostridia,Lachnospirales,Lachnospiraceae,Tyzzerella,None,0.007789678675754625
Bacteria,Firmicutes,Bacilli,Erysipelotrichales,Erysipelotrichaceae,Holdemania,None,Bacteria,Firmicutes,Clostridia,Lachnospirales,Lachnospiraceae,Eubacterium_hallii_group,None,0.007789678675754625
Bacteria,Firmicutes,Bacilli,Erysipelotrichales,Erysipelotrichaceae,Holdemania,None,Bacteria,Firmicutes,Clostridia,Lachnospirales,Lachnospiraceae,Eubacterium_ventriosum_group,metagenome,0.008763388510223954
Bacteria,Firmicutes,Bacilli,Erysipelotrichales,Erysipelotrichaceae,Holdemania,None,Bacteria,Firmicutes,Clostridia,Lachnospirales,Lachnospiraceae,Ruminococcus_gauvreauii_group,uncultured_Lachnospiraceae_bacterium,0.008763388510223954
Bacteria,Firmicutes,Bacilli,Erysipelotrichales,Erysipelotrichaceae,Holdemania,None,Bacteria,Firmicutes,Clostridia,Lachnospirales,Lachnospiraceae,Ruminococcus_gnavus_group,None,0.007789678675754625
Bacteria,Firmicutes,Bacilli,Erysipelotrichales,Erysipelotrichaceae,Holdemania,None,Bacteria,Firmicutes,Clostridia,Lachnospirales,Lachnospiraceae,Ruminococcus_torques_group,Clostridiaceae_bacterium_LEMV78,0.008763388510223954
Bacteria,Firmicutes,Bacilli,Erysipelotrichales,Erysipelotrichaceae,Holdemania,None,Bacteria,Firmicutes,Clostridia,Lachnospirales,Lachnospiraceae,Ruminococcus_torques_group,None,0.007789678675754625
Bacteria,Firmicutes,Bacilli,Erysipelotrichales,Erysipelotrichaceae,Holdemania,None,Bacteria,Firmicutes,Clostridia,Lachnospirales,Lachnospiraceae,None,None,0.006815968841285297
Bacteria,Firmicutes,Bacilli,Erysipelotrichales,Erysipelotrichaceae,Holdemania,None,Bacteria,Firmicutes,Clostridia,Lachnospirales,Lachnospiraceae,uncultured,None,0.007789678675754625
Bacteria,Firmicutes,Bacilli,Erysipelotrichales,Erysipelotrichaceae,Holdemania,None,Bacteria,Firmicutes,Clostridia,Monoglobales,Monoglobaceae,Monoglobus,None,0.007789678675754625
Bacteria,Firmicutes,Bacilli,Erysipelotrichales,Erysipelotrichaceae,Holdemania,None,Bacteria,Firmicutes,Clostridia,Oscillospirales,Butyricicoccaceae,Butyricicoccus,None,0.007789678675754625
Bacteria,Firmicutes,Bacilli,Erysipelotrichales,Erysipelotrichaceae,Holdemania,None,Bacteria,Firmicutes,Clostridia,Oscillospirales,Hydrogenoanaerobacterium,None,None,0.006815968841285297
Bacteria,Firmicutes,Bacilli,Erysipelotrichales,Erysipelotrichaceae,Holdemania,None,Bacteria,Firmicutes,Clostridia,Oscillospirales,Oscillospiraceae,Colidextribacter,None,0.007789678675754625
Bacteria,Firmicutes,Bacilli,Erysipelotrichales,Erysipelotrichaceae,Holdemania,None,Bacteria,Firmicutes,Clostridia,Oscillospirales,Oscillospiraceae,Colidextribacter,metagenome,0.008763388510223954
Bacteria,Firmicutes,Bacilli,Erysipelotrichales,Erysipelotrichaceae,Holdemania,None,Bacteria,Firmicutes,Clostridia,Oscillospirales,Oscillospiraceae,Flavonifractor,None,0.007789678675754625
Bacteria,Firmicutes,Bacilli,Erysipelotrichales,Erysipelotrichaceae,Holdemania,None,Bacteria,Firmicutes,Clostridia,Oscillospirales,Oscillospiraceae,Intestinimonas,None,0.007789678675754625
Bacteria,Firmicutes,Bacilli,Erysipelotrichales,Erysipelotrichaceae,Holdemania,None,Bacteria,Firmicutes,Clostridia,Oscillospirales,Oscillospiraceae,Intestinimonas,uncultured,0.008763388510223954
Bacteria,Firmicutes,Bacilli,Erysipelotrichales,Erysipelotrichaceae,Holdemania,None,Bacteria,Firmicutes,Clostridia,Oscillospirales,Oscillospiraceae,NK4A214_group,None,0.007789678675754625
Bacteria,Firmicutes,Bacilli,Erysipelotrichales,Erysipelotrichaceae,Holdemania,None,Bacteria,Firmicutes,Clostridia,Oscillospirales,Oscillospiraceae,Oscillibacter,None,0.007789678675754625
Bacteria,Firmicutes,Bacilli,Erysipelotrichales,Erysipelotrichaceae,Holdemania,None,Bacteria,Firmicutes,Clostridia,Oscillospirales,Oscillospiraceae,Oscillibacter,metagenome,0.008763388510223954
Bacteria,Firmicutes,Bacilli,Erysipelotrichales,Erysipelotrichaceae,Holdemania,None,Bacteria,Firmicutes,Clostridia,Oscillospirales,Oscillospiraceae,Oscillospira,None,0.007789678675754625
Bacteria,Firmicutes,Bacilli,Erysipelotrichales,Erysipelotrichaceae,Holdemania,None,Bacteria,Firmicutes,Clostridia,Oscillospirales,Oscillospiraceae,UCG-002,None,0.007789678675754625
Bacteria,Firmicutes,Bacilli,Erysipelotrichales,Erysipelotrichaceae,Holdemania,None,Bacteria,Firmicutes,Clostridia,Oscillospirales,Oscillospiraceae,UCG-003,None,0.007789678675754625
Bacteria,Firmicutes,Bacilli,Erysipelotrichales,Erysipelotrichaceae,Holdemania,None,Bacteria,Firmicutes,Clostridia,Oscillospirales,Oscillospiraceae,UCG-005,None,0.007789678675754625
Bacteria,Firmicutes,Bacilli,Erysipelotrichales,Erysipelotrichaceae,Holdemania,None,Bacteria,Firmicutes,Clostridia,Oscillospirales,Oscillospiraceae,UCG-005,metagenome,0.008763388510223954
Bacteria,Firmicutes,Bacilli,Erysipelotrichales,Erysipelotrichaceae,Holdemania,None,Bacteria,Firmicutes,Clostridia,Oscillospirales,Oscillospiraceae,UCG-005,uncultured_Clostridiales_bacterium,0.008763388510223954
Bacteria,Firmicutes,Bacilli,Erysipelotrichales,Erysipelotrichaceae,Holdemania,None,Bacteria,Firmicutes,Clostridia,Oscillospirales,Oscillospiraceae,UCG-005,uncultured_rumen_bacterium,0.008763388510223954
Bacteria,Firmicutes,Bacilli,Erysipelotrichales,Erysipelotrichaceae,Holdemania,None,Bacteria,Firmicutes,Clostridia,Oscillospirales,Oscillospiraceae,None,None,0.006815968841285297
Bacteria,Firmicutes,Bacilli,Erysipelotrichales,Erysipelotrichaceae,Holdemania,None,Bacteria,Firmicutes,Clostridia,Oscillospirales,Oscillospiraceae,uncultured,metagenome,0.008763388510223954
Bacteria,Firmicutes,Bacilli,Erysipelotrichales,Erysipelotrichaceae,Holdemania,None,Bacteria,Firmicutes,Clostridia,Oscillospirales,Oscillospiraceae,uncultured,unidentified,0.008763388510223954
Bacteria,Firmicutes,Bacilli,Erysipelotrichales,Erysipelotrichaceae,Holdemania,None,Bacteria,Firmicutes,Clostridia,Oscillospirales,Ruminococcaceae,Anaerofilum,uncultured_Firmicutes_bacterium,0.008763388510223954
Bacteria,Firmicutes,Bacilli,Erysipelotrichales,Erysipelotrichaceae,Holdemania,None,Bacteria,Firmicutes,Clostridia,Oscillospirales,Ruminococcaceae,Anaerotruncus,Anaerotruncus_rubiinfantis,0.008763388510223954
Bacteria,Firmicutes,Bacilli,Erysipelotrichales,Erysipelotrichaceae,Holdemania,None,Bacteria,Firmicutes,Clostridia,Oscillospirales,Ruminococcaceae,Anaerotruncus,Anaerotruncus_sp._NML_070203,0.008763388510223954
Bacteria,Firmicutes,Bacilli,Erysipelotrichales,Erysipelotrichaceae,Holdemania,None,Bacteria,Firmicutes,Clostridia,Oscillospirales,Ruminococcaceae,Candidatus_Soleaferrea,Neobitarella_massiliensis,0.008763388510223954
Bacteria,Firmicutes,Bacilli,Erysipelotrichales,Erysipelotrichaceae,Holdemania,None,Bacteria,Firmicutes,Clostridia,Oscillospirales,Ruminococcaceae,Candidatus_Soleaferrea,None,0.007789678675754625
Bacteria,Firmicutes,Bacilli,Erysipelotrichales,Erysipelotrichaceae,Holdemania,None,Bacteria,Firmicutes,Clostridia,Oscillospirales,Ruminococcaceae,DTU089,None,0.007789678675754625
Bacteria,Firmicutes,Bacilli,Erysipelotrichales,Erysipelotrichaceae,Holdemania,None,Bacteria,Firmicutes,Clostridia,Oscillospirales,Ruminococcaceae,Faecalibacterium,None,0.007789678675754625
Bacteria,Firmicutes,Bacilli,Erysipelotrichales,Erysipelotrichaceae,Holdemania,None,Bacteria,Firmicutes,Clostridia,Oscillospirales,Ruminococcaceae,Fournierella,uncultured_organism,0.008763388510223954
Bacteria,Firmicutes,Bacilli,Erysipelotrichales,Erysipelotrichaceae,Holdemania,None,Bacteria,Firmicutes,Clostridia,Oscillospirales,Ruminococcaceae,Incertae_Sedis,metagenome,0.008763388510223954
Bacteria,Firmicutes,Bacilli,Erysipelotrichales,Erysipelotrichaceae,Holdemania,None,Bacteria,Firmicutes,Clostridia,Oscillospirales,Ruminococcaceae,Incertae_Sedis,None,0.007789678675754625
Bacteria,Firmicutes,Bacilli,Erysipelotrichales,Erysipelotrichaceae,Holdemania,None,Bacteria,Firmicutes,Clostridia,Oscillospirales,Ruminococcaceae,Negativibacillus,None,0.007789678675754625
Bacteria,Firmicutes,Bacilli,Erysipelotrichales,Erysipelotrichaceae,Holdemania,None,Bacteria,Firmicutes,Clostridia,Oscillospirales,Ruminococcaceae,Ruminococcus,Ruminococcus_champanellensis,0.008763388510223954
Bacteria,Firmicutes,Bacilli,Erysipelotrichales,Erysipelotrichaceae,Holdemania,None,Bacteria,Firmicutes,Clostridia,Oscillospirales,Ruminococcaceae,Ruminococcus,None,0.007789678675754625
Bacteria,Firmicutes,Bacilli,Erysipelotrichales,Erysipelotrichaceae,Holdemania,None,Bacteria,Firmicutes,Clostridia,Oscillospirales,Ruminococcaceae,Subdoligranulum,None,0.007789678675754625
Bacteria,Firmicutes,Bacilli,Erysipelotrichales,Erysipelotrichaceae,Holdemania,None,Bacteria,Firmicutes,Clostridia,Oscillospirales,Ruminococcaceae,UBA1819,None,0.007789678675754625
Bacteria,Firmicutes,Bacilli,Erysipelotrichales,Erysipelotrichaceae,Holdemania,None,Bacteria,Firmicutes,Clostridia,Oscillospirales,Ruminococcaceae,Eubacterium_siraeum_group,None,0.007789678675754625
Bacteria,Firmicutes,Bacilli,Erysipelotrichales,Erysipelotrichaceae,Holdemania,None,Bacteria,Firmicutes,Clostridia,Oscillospirales,Ruminococcaceae,None,None,0.006815968841285297
Bacteria,Firmicutes,Bacilli,Erysipelotrichales,Erysipelotrichaceae,Holdemania,None,Bacteria,Firmicutes,Clostridia,Oscillospirales,UCG-010,None,None,0.006815968841285297
Bacteria,Firmicutes,Bacilli,Erysipelotrichales,Erysipelotrichaceae,Holdemania,None,Bacteria,Firmicutes,Clostridia,Oscillospirales,UCG-010,metagenome,None,0.007789678675754625
Bacteria,Firmicutes,Bacilli,Erysipelotrichales,Erysipelotrichaceae,Holdemania,None,Bacteria,Firmicutes,Clostridia,Oscillospirales,UCG-010,uncultured_bacterium,None,0.007789678675754625
Bacteria,Firmicutes,Bacilli,Erysipelotrichales,Erysipelotrichaceae,Holdemania,None,Bacteria,Firmicutes,Clostridia,Oscillospirales,UCG-010,uncultured_organism,None,0.007789678675754625
Bacteria,Firmicutes,Bacilli,Erysipelotrichales,Erysipelotrichaceae,Holdemania,None,Bacteria,Firmicutes,Clostridia,Oscillospirales,Clostridium_methylpentosum_group,None,None,0.006815968841285297
Bacteria,Firmicutes,Bacilli,Erysipelotrichales,Erysipelotrichaceae,Holdemania,None,Bacteria,Firmicutes,Clostridia,Oscillospirales,Eubacterium_coprostanoligenes_group,None,None,0.006815968841285297
Bacteria,Firmicutes,Bacilli,Erysipelotrichales,Erysipelotrichaceae,Holdemania,None,Bacteria,Firmicutes,Clostridia,Oscillospirales,None,None,None,0.005842259006815969
Bacteria,Firmicutes,Bacilli,Erysipelotrichales,Erysipelotrichaceae,Holdemania,None,Bacteria,Firmicutes,Clostridia,Peptococcales,Peptococcaceae,uncultured,None,0.007789678675754625
Bacteria,Firmicutes,Bacilli,Erysipelotrichales,Erysipelotrichaceae,Holdemania,None,Bacteria,Firmicutes,Clostridia,Peptostreptococcales-Tissierellales,Anaerovoracaceae,Family_XIII_AD3011_group,metagenome,0.008763388510223954
Bacteria,Firmicutes,Bacilli,Erysipelotrichales,Erysipelotrichaceae,Holdemania,None,Bacteria,Firmicutes,Clostridia,Peptostreptococcales-Tissierellales,Anaerovoracaceae,Family_XIII_AD3011_group,None,0.007789678675754625
Bacteria,Firmicutes,Bacilli,Erysipelotrichales,Erysipelotrichaceae,Holdemania,None,Bacteria,Firmicutes,Clostridia,Peptostreptococcales-Tissierellales,Anaerovoracaceae,Family_XIII_AD3011_group,uncultured,0.008763388510223954
Bacteria,Firmicutes,Bacilli,Erysipelotrichales,Erysipelotrichaceae,Holdemania,None,Bacteria,Firmicutes,Clostridia,Peptostreptococcales-Tissierellales,Anaerovoracaceae,Family_XIII_UCG-001,metagenome,0.008763388510223954
Bacteria,Firmicutes,Bacilli,Erysipelotrichales,Erysipelotrichaceae,Holdemania,None,Bacteria,Firmicutes,Clostridia,Peptostreptococcales-Tissierellales,Anaerovoracaceae,Eubacterium_nodatum_group,None,0.007789678675754625
Bacteria,Firmicutes,Bacilli,Erysipelotrichales,Erysipelotrichaceae,Holdemania,None,Bacteria,Firmicutes,Clostridia,Peptostreptococcales-Tissierellales,Anaerovoracaceae,None,None,0.006815968841285297
Bacteria,Firmicutes,Bacilli,Erysipelotrichales,Erysipelotrichaceae,Holdemania,None,Bacteria,Firmicutes,Clostridia,Peptostreptococcales-Tissierellales,Parvimonas,None,None,0.006815968841285297
Bacteria,Firmicutes,Bacilli,Erysipelotrichales,Erysipelotrichaceae,Holdemania,None,Bacteria,Firmicutes,Clostridia,None,None,None,None,0.004868549172346641
Bacteria,Firmicutes,Bacilli,Erysipelotrichales,Erysipelotrichaceae,Holdemania,None,Bacteria,Firmicutes,Incertae_Sedis,DTU014,unidentified,None,None,0.006815968841285297
Bacteria,Firmicutes,Bacilli,Erysipelotrichales,Erysipelotrichaceae,Holdemania,None,Bacteria,Firmicutes,Limnochordia,M55-D21,uncultured_compost_bacterium,None,None,0.006815968841285297
Bacteria,Firmicutes,Bacilli,Erysipelotrichales,Erysipelotrichaceae,Holdemania,None,Bacteria,Firmicutes,Negativicutes,Acidaminococcales,Acidaminococcaceae,Phascolarctobacterium,None,0.007789678675754625
Bacteria,Firmicutes,Bacilli,Erysipelotrichales,Erysipelotrichaceae,Holdemania,None,Bacteria,Firmicutes,None,None,None,None,None,0.0038948393378773127
Bacteria,Firmicutes,Bacilli,Erysipelotrichales,Erysipelotrichaceae,Holdemania,None,Bacteria,Firmicutes,uncultured,uncultured_Peptococcaceae_bacterium,None,None,None,0.005842259006815969
Bacteria,Firmicutes,Bacilli,Erysipelotrichales,Erysipelotrichaceae,Holdemania,None,Bacteria,Proteobacteria,Alphaproteobacteria,Rhodospirillales,uncultured,None,None,0.008763388510223954
Bacteria,Firmicutes,Bacilli,Erysipelotrichales,Erysipelotrichaceae,Holdemania,None,Bacteria,Proteobacteria,Gammaproteobacteria,Burkholderiales,Sutterellaceae,Sutterella,Sutterella_sp._252,0.010710808179162609
Bacteria,Firmicutes,Bacilli,Erysipelotrichales,Erysipelotrichaceae,Holdemania,None,Bacteria,Proteobacteria,Gammaproteobacteria,Enterobacterales,Enterobacteriaceae,Escherichia-Shigella,None,0.009737098344693282
Bacteria,Firmicutes,Bacilli,Erysipelotrichales,Erysipelotrichaceae,Holdemania,None,Bacteria,Proteobacteria,Gammaproteobacteria,Enterobacterales,Enterobacteriaceae,Klebsiella,None,0.009737098344693282
Bacteria,Firmicutes,Bacilli,Erysipelotrichales,Erysipelotrichaceae,Holdemania,None,Bacteria,Proteobacteria,Gammaproteobacteria,Enterobacterales,Enterobacteriaceae,None,None,0.008763388510223954
Bacteria,Firmicutes,Bacilli,Erysipelotrichales,Erysipelotrichaceae,Holdemania,None,Bacteria,Proteobacteria,Gammaproteobacteria,Pseudomonadales,Pseudomonadaceae,Pseudomonas,None,0.009737098344693282
Bacteria,Firmicutes,Bacilli,Erysipelotrichales,Erysipelotrichaceae,Holdemania,None,Bacteria,Synergistota,Synergistia,Synergistales,Synergistaceae,Cloacibacillus,None,0.009737098344693282
Bacteria,Firmicutes,Bacilli,Erysipelotrichales,Erysipelotrichaceae,Holdemania,None,Bacteria,Verrucomicrobiota,Verrucomicrobiae,Verrucomicrobiales,Akkermansiaceae,Akkermansia,None,0.009737098344693282
Bacteria,Firmicutes,Bacilli,Erysipelotrichales,Erysipelotrichaceae,Clostridium_innocuum_group,None,Bacteria,Firmicutes,Bacilli,Izemoplasmatales,human_gut_metagenome,None,None,0.004868549172346641
Bacteria,Firmicutes,Bacilli,Erysipelotrichales,Erysipelotrichaceae,Clostridium_innocuum_group,None,Bacteria,Firmicutes,Bacilli,Lactobacillales,Lactobacillaceae,Lactobacillus,Lactobacillus_mucosae,0.006815968841285297
Bacteria,Firmicutes,Bacilli,Erysipelotrichales,Erysipelotrichaceae,Clostridium_innocuum_group,None,Bacteria,Firmicutes,Bacilli,Lactobacillales,Streptococcaceae,Lactococcus,None,0.005842259006815969
Bacteria,Firmicutes,Bacilli,Erysipelotrichales,Erysipelotrichaceae,Clostridium_innocuum_group,None,Bacteria,Firmicutes,Bacilli,Lactobacillales,Streptococcaceae,Streptococcus,Streptococcus_sp._oral_taxon_065,0.006815968841285297
Bacteria,Firmicutes,Bacilli,Erysipelotrichales,Erysipelotrichaceae,Clostridium_innocuum_group,None,Bacteria,Firmicutes,Bacilli,Lactobacillales,Streptococcaceae,Streptococcus,None,0.005842259006815969
Bacteria,Firmicutes,Bacilli,Erysipelotrichales,Erysipelotrichaceae,Clostridium_innocuum_group,None,Bacteria,Firmicutes,Clostridia,Christensenellales,Christensenellaceae,Christensenellaceae_R-7_group,Christensenella_sp._Marseille-P3954,0.008763388510223954
Bacteria,Firmicutes,Bacilli,Erysipelotrichales,Erysipelotrichaceae,Clostridium_innocuum_group,None,Bacteria,Firmicutes,Clostridia,Christensenellales,Christensenellaceae,Christensenellaceae_R-7_group,Clostridiales_bacterium_Marseille-P2846,0.008763388510223954
Bacteria,Firmicutes,Bacilli,Erysipelotrichales,Erysipelotrichaceae,Clostridium_innocuum_group,None,Bacteria,Firmicutes,Clostridia,Christensenellales,Christensenellaceae,Christensenellaceae_R-7_group,None,0.007789678675754625
Bacteria,Firmicutes,Bacilli,Erysipelotrichales,Erysipelotrichaceae,Clostridium_innocuum_group,None,Bacteria,Firmicutes,Clostridia,Christensenellales,Christensenellaceae,Christensenellaceae_R-7_group,bacterium_YE57,0.008763388510223954
Bacteria,Firmicutes,Bacilli,Erysipelotrichales,Erysipelotrichaceae,Clostridium_innocuum_group,None,Bacteria,Firmicutes,Clostridia,Christensenellales,Christensenellaceae,Christensenellaceae_R-7_group,metagenome,0.008763388510223954
Bacteria,Firmicutes,Bacilli,Erysipelotrichales,Erysipelotrichaceae,Clostridium_innocuum_group,None,Bacteria,Firmicutes,Clostridia,Christensenellales,Christensenellaceae,Christensenellaceae_R-7_group,uncultured_Firmicutes_bacterium,0.008763388510223954
Bacteria,Firmicutes,Bacilli,Erysipelotrichales,Erysipelotrichaceae,Clostridium_innocuum_group,None,Bacteria,Firmicutes,Clostridia,Christensenellales,Christensenellaceae,Christensenellaceae_R-7_group,uncultured_marine_bacterium,0.008763388510223954
Bacteria,Firmicutes,Bacilli,Erysipelotrichales,Erysipelotrichaceae,Clostridium_innocuum_group,None,Bacteria,Firmicutes,Clostridia,Christensenellales,Christensenellaceae,Christensenellaceae_R-7_group,uncultured_organism,0.008763388510223954
Bacteria,Firmicutes,Bacilli,Erysipelotrichales,Erysipelotrichaceae,Clostridium_innocuum_group,None,Bacteria,Firmicutes,Clostridia,Christensenellales,Christensenellaceae,None,None,0.006815968841285297
Bacteria,Firmicutes,Bacilli,Erysipelotrichales,Erysipelotrichaceae,Clostridium_innocuum_group,None,Bacteria,Firmicutes,Clostridia,Clostridia_vadinBB60_group,metagenome,None,None,0.006815968841285297
Bacteria,Firmicutes,Bacilli,Erysipelotrichales,Erysipelotrichaceae,Clostridium_innocuum_group,None,Bacteria,Firmicutes,Clostridia,Clostridia_vadinBB60_group,wastewater_metagenome,None,None,0.006815968841285297
Bacteria,Firmicutes,Bacilli,Erysipelotrichales,Erysipelotrichaceae,Clostridium_innocuum_group,None,Bacteria,Firmicutes,Clostridia,Clostridiales,Christensenellaceae,Christensenella,PAC001427,0.008763388510223954
Bacteria,Firmicutes,Bacilli,Erysipelotrichales,Erysipelotrichaceae,Clostridium_innocuum_group,None,Bacteria,Firmicutes,Clostridia,Clostridiales,Christensenellaceae,Christensenella,PAC002297,0.008763388510223954
Bacteria,Firmicutes,Bacilli,Erysipelotrichales,Erysipelotrichaceae,Clostridium_innocuum_group,None,Bacteria,Firmicutes,Clostridia,Clostridiales,Christensenellaceae,PAC001115,PAC001444,0.008763388510223954
Bacteria,Firmicutes,Bacilli,Erysipelotrichales,Erysipelotrichaceae,Clostridium_innocuum_group,None,Bacteria,Firmicutes,Clostridia,Clostridiales,Christensenellaceae,PAC001437,PAC001486,0.008763388510223954
Bacteria,Firmicutes,Bacilli,Erysipelotrichales,Erysipelotrichaceae,Clostridium_innocuum_group,None,Bacteria,Firmicutes,Clostridia,Clostridiales,Christensenellaceae,PAC001437,PAC002305,0.008763388510223954
Bacteria,Firmicutes,Bacilli,Erysipelotrichales,Erysipelotrichaceae,Clostridium_innocuum_group,None,Bacteria,Firmicutes,Clostridia,Clostridiales,Christensenellaceae,PAC002510,PAC002510,0.008763388510223954
Bacteria,Firmicutes,Bacilli,Erysipelotrichales,Erysipelotrichaceae,Clostridium_innocuum_group,None,Bacteria,Firmicutes,Clostridia,Clostridiales,Dehalobacterium,PAC002141,PAC002141,0.008763388510223954
Bacteria,Firmicutes,Bacilli,Erysipelotrichales,Erysipelotrichaceae,Clostridium_innocuum_group,None,Bacteria,Firmicutes,Clostridia,Clostridiales,Ruminococcaceae,PAC000742,PAC000742,0.008763388510223954
Bacteria,Firmicutes,Bacilli,Erysipelotrichales,Erysipelotrichaceae,Clostridium_innocuum_group,None,Bacteria,Firmicutes,Clostridia,Clostridiales,Ruminococcaceae,PAC001144,PAC001620,0.008763388510223954
Bacteria,Firmicutes,Bacilli,Erysipelotrichales,Erysipelotrichaceae,Clostridium_innocuum_group,None,Bacteria,Firmicutes,Clostridia,Clostridiales,Ruminococcaceae,PAC001313,PAC001649,0.008763388510223954
Bacteria,Firmicutes,Bacilli,Erysipelotrichales,Erysipelotrichaceae,Clostridium_innocuum_group,None,Bacteria,Firmicutes,Clostridia,Clostridiales,Ruminococcaceae,PAC002201,PAC002201,0.008763388510223954
Bacteria,Firmicutes,Bacilli,Erysipelotrichales,Erysipelotrichaceae,Clostridium_innocuum_group,None,Bacteria,Firmicutes,Clostridia,Eubacteriales,Eubacteriaceae,Eubacterium,None,0.007789678675754625
Bacteria,Firmicutes,Bacilli,Erysipelotrichales,Erysipelotrichaceae,Clostridium_innocuum_group,None,Bacteria,Firmicutes,Clostridia,Lachnospirales,Lachnospiraceae,Agathobacter,None,0.007789678675754625
Bacteria,Firmicutes,Bacilli,Erysipelotrichales,Erysipelotrichaceae,Clostridium_innocuum_group,None,Bacteria,Firmicutes,Clostridia,Lachnospirales,Lachnospiraceae,Anaerostipes,None,0.007789678675754625
Bacteria,Firmicutes,Bacilli,Erysipelotrichales,Erysipelotrichaceae,Clostridium_innocuum_group,None,Bacteria,Firmicutes,Clostridia,Lachnospirales,Lachnospiraceae,Blautia,None,0.007789678675754625
Bacteria,Firmicutes,Bacilli,Erysipelotrichales,Erysipelotrichaceae,Clostridium_innocuum_group,None,Bacteria,Firmicutes,Clostridia,Lachnospirales,Lachnospiraceae,Blautia,bacterium_mpn-isolate_group_20,0.008763388510223954
Bacteria,Firmicutes,Bacilli,Erysipelotrichales,Erysipelotrichaceae,Clostridium_innocuum_group,None,Bacteria,Firmicutes,Clostridia,Lachnospirales,Lachnospiraceae,Blautia,uncultured_Blautia_sp.,0.008763388510223954
Bacteria,Firmicutes,Bacilli,Erysipelotrichales,Erysipelotrichaceae,Clostridium_innocuum_group,None,Bacteria,Firmicutes,Clostridia,Lachnospirales,Lachnospiraceae,Coprococcus,None,0.007789678675754625
Bacteria,Firmicutes,Bacilli,Erysipelotrichales,Erysipelotrichaceae,Clostridium_innocuum_group,None,Bacteria,Firmicutes,Clostridia,Lachnospirales,Lachnospiraceae,Coprococcus,uncultured_Coprococcus_sp.,0.008763388510223954
Bacteria,Firmicutes,Bacilli,Erysipelotrichales,Erysipelotrichaceae,Clostridium_innocuum_group,None,Bacteria,Firmicutes,Clostridia,Lachnospirales,Lachnospiraceae,Dorea,None,0.007789678675754625
Bacteria,Firmicutes,Bacilli,Erysipelotrichales,Erysipelotrichaceae,Clostridium_innocuum_group,None,Bacteria,Firmicutes,Clostridia,Lachnospirales,Lachnospiraceae,Eisenbergiella,None,0.007789678675754625
Bacteria,Firmicutes,Bacilli,Erysipelotrichales,Erysipelotrichaceae,Clostridium_innocuum_group,None,Bacteria,Firmicutes,Clostridia,Lachnospirales,Lachnospiraceae,Frisingicoccus,None,0.007789678675754625
Bacteria,Firmicutes,Bacilli,Erysipelotrichales,Erysipelotrichaceae,Clostridium_innocuum_group,None,Bacteria,Firmicutes,Clostridia,Lachnospirales,Lachnospiraceae,Fusicatenibacter,uncultured_Lachnospiraceae_bacterium,0.008763388510223954
Bacteria,Firmicutes,Bacilli,Erysipelotrichales,Erysipelotrichaceae,Clostridium_innocuum_group,None,Bacteria,Firmicutes,Clostridia,Lachnospirales,Lachnospiraceae,GCA-900066575,None,0.007789678675754625
Bacteria,Firmicutes,Bacilli,Erysipelotrichales,Erysipelotrichaceae,Clostridium_innocuum_group,None,Bacteria,Firmicutes,Clostridia,Lachnospirales,Lachnospiraceae,GCA-900066575,metagenome,0.008763388510223954
Bacteria,Firmicutes,Bacilli,Erysipelotrichales,Erysipelotrichaceae,Clostridium_innocuum_group,None,Bacteria,Firmicutes,Clostridia,Lachnospirales,Lachnospiraceae,GCA-900066755,None,0.007789678675754625
Bacteria,Firmicutes,Bacilli,Erysipelotrichales,Erysipelotrichaceae,Clostridium_innocuum_group,None,Bacteria,Firmicutes,Clostridia,Lachnospirales,Lachnospiraceae,Hungatella,metagenome,0.008763388510223954
Bacteria,Firmicutes,Bacilli,Erysipelotrichales,Erysipelotrichaceae,Clostridium_innocuum_group,None,Bacteria,Firmicutes,Clostridia,Lachnospirales,Lachnospiraceae,Lachnoclostridium,Clostridium_symbiosum,0.008763388510223954
Bacteria,Firmicutes,Bacilli,Erysipelotrichales,Erysipelotrichaceae,Clostridium_innocuum_group,None,Bacteria,Firmicutes,Clostridia,Lachnospirales,Lachnospiraceae,Lachnoclostridium,None,0.007789678675754625
Bacteria,Firmicutes,Bacilli,Erysipelotrichales,Erysipelotrichaceae,Clostridium_innocuum_group,None,Bacteria,Firmicutes,Clostridia,Lachnospirales,Lachnospiraceae,Lachnoclostridium,uncultured_Lachnospiraceae_bacterium,0.008763388510223954
Bacteria,Firmicutes,Bacilli,Erysipelotrichales,Erysipelotrichaceae,Clostridium_innocuum_group,None,Bacteria,Firmicutes,Clostridia,Lachnospirales,Lachnospiraceae,Lachnospiraceae_ND3007_group,metagenome,0.008763388510223954
Bacteria,Firmicutes,Bacilli,Erysipelotrichales,Erysipelotrichaceae,Clostridium_innocuum_group,None,Bacteria,Firmicutes,Clostridia,Lachnospirales,Lachnospiraceae,Lachnospiraceae_NK4A136_group,None,0.007789678675754625
Bacteria,Firmicutes,Bacilli,Erysipelotrichales,Erysipelotrichaceae,Clostridium_innocuum_group,None,Bacteria,Firmicutes,Clostridia,Lachnospirales,Lachnospiraceae,Lachnospiraceae_NK4A136_group,uncultured_Lachnospiraceae_bacterium,0.008763388510223954
Bacteria,Firmicutes,Bacilli,Erysipelotrichales,Erysipelotrichaceae,Clostridium_innocuum_group,None,Bacteria,Firmicutes,Clostridia,Lachnospirales,Lachnospiraceae,Lachnospiraceae_NK4A136_group,uncultured_bacterium_Adhufec49.25,0.008763388510223954
Bacteria,Firmicutes,Bacilli,Erysipelotrichales,Erysipelotrichaceae,Clostridium_innocuum_group,None,Bacteria,Firmicutes,Clostridia,Lachnospirales,Lachnospiraceae,Lachnospiraceae_NK4B4_group,None,0.007789678675754625
Bacteria,Firmicutes,Bacilli,Erysipelotrichales,Erysipelotrichaceae,Clostridium_innocuum_group,None,Bacteria,Firmicutes,Clostridia,Lachnospirales,Lachnospiraceae,Lachnospiraceae_UCG-001,metagenome,0.008763388510223954
Bacteria,Firmicutes,Bacilli,Erysipelotrichales,Erysipelotrichaceae,Clostridium_innocuum_group,None,Bacteria,Firmicutes,Clostridia,Lachnospirales,Lachnospiraceae,Lachnospiraceae_UCG-004,None,0.007789678675754625
Bacteria,Firmicutes,Bacilli,Erysipelotrichales,Erysipelotrichaceae,Clostridium_innocuum_group,None,Bacteria,Firmicutes,Clostridia,Lachnospirales,Lachnospiraceae,Lachnospiraceae_UCG-008,metagenome,0.008763388510223954
Bacteria,Firmicutes,Bacilli,Erysipelotrichales,Erysipelotrichaceae,Clostridium_innocuum_group,None,Bacteria,Firmicutes,Clostridia,Lachnospirales,Lachnospiraceae,Lachnospiraceae_UCG-010,None,0.007789678675754625
Bacteria,Firmicutes,Bacilli,Erysipelotrichales,Erysipelotrichaceae,Clostridium_innocuum_group,None,Bacteria,Firmicutes,Clostridia,Lachnospirales,Lachnospiraceae,Marvinbryantia,None,0.007789678675754625
Bacteria,Firmicutes,Bacilli,Erysipelotrichales,Erysipelotrichaceae,Clostridium_innocuum_group,None,Bacteria,Firmicutes,Clostridia,Lachnospirales,Lachnospiraceae,Marvinbryantia,unidentified,0.008763388510223954
Bacteria,Firmicutes,Bacilli,Erysipelotrichales,Erysipelotrichaceae,Clostridium_innocuum_group,None,Bacteria,Firmicutes,Clostridia,Lachnospirales,Lachnospiraceae,Roseburia,None,0.007789678675754625
Bacteria,Firmicutes,Bacilli,Erysipelotrichales,Erysipelotrichaceae,Clostridium_innocuum_group,None,Bacteria,Firmicutes,Clostridia,Lachnospirales,Lachnospiraceae,Roseburia,gut_metagenome,0.008763388510223954
Bacteria,Firmicutes,Bacilli,Erysipelotrichales,Erysipelotrichaceae,Clostridium_innocuum_group,None,Bacteria,Firmicutes,Clostridia,Lachnospirales,Lachnospiraceae,Tuzzerella,None,0.007789678675754625
Bacteria,Firmicutes,Bacilli,Erysipelotrichales,Erysipelotrichaceae,Clostridium_innocuum_group,None,Bacteria,Firmicutes,Clostridia,Lachnospirales,Lachnospiraceae,Tyzzerella,None,0.007789678675754625
Bacteria,Firmicutes,Bacilli,Erysipelotrichales,Erysipelotrichaceae,Clostridium_innocuum_group,None,Bacteria,Firmicutes,Clostridia,Lachnospirales,Lachnospiraceae,Eubacterium_hallii_group,None,0.007789678675754625
Bacteria,Firmicutes,Bacilli,Erysipelotrichales,Erysipelotrichaceae,Clostridium_innocuum_group,None,Bacteria,Firmicutes,Clostridia,Lachnospirales,Lachnospiraceae,Eubacterium_ventriosum_group,metagenome,0.008763388510223954
Bacteria,Firmicutes,Bacilli,Erysipelotrichales,Erysipelotrichaceae,Clostridium_innocuum_group,None,Bacteria,Firmicutes,Clostridia,Lachnospirales,Lachnospiraceae,Ruminococcus_gauvreauii_group,uncultured_Lachnospiraceae_bacterium,0.008763388510223954
Bacteria,Firmicutes,Bacilli,Erysipelotrichales,Erysipelotrichaceae,Clostridium_innocuum_group,None,Bacteria,Firmicutes,Clostridia,Lachnospirales,Lachnospiraceae,Ruminococcus_gnavus_group,None,0.007789678675754625
Bacteria,Firmicutes,Bacilli,Erysipelotrichales,Erysipelotrichaceae,Clostridium_innocuum_group,None,Bacteria,Firmicutes,Clostridia,Lachnospirales,Lachnospiraceae,Ruminococcus_torques_group,Clostridiaceae_bacterium_LEMV78,0.008763388510223954
Bacteria,Firmicutes,Bacilli,Erysipelotrichales,Erysipelotrichaceae,Clostridium_innocuum_group,None,Bacteria,Firmicutes,Clostridia,Lachnospirales,Lachnospiraceae,Ruminococcus_torques_group,None,0.007789678675754625
Bacteria,Firmicutes,Bacilli,Erysipelotrichales,Erysipelotrichaceae,Clostridium_innocuum_group,None,Bacteria,Firmicutes,Clostridia,Lachnospirales,Lachnospiraceae,None,None,0.006815968841285297
Bacteria,Firmicutes,Bacilli,Erysipelotrichales,Erysipelotrichaceae,Clostridium_innocuum_group,None,Bacteria,Firmicutes,Clostridia,Lachnospirales,Lachnospiraceae,uncultured,None,0.007789678675754625
Bacteria,Firmicutes,Bacilli,Erysipelotrichales,Erysipelotrichaceae,Clostridium_innocuum_group,None,Bacteria,Firmicutes,Clostridia,Monoglobales,Monoglobaceae,Monoglobus,None,0.007789678675754625
Bacteria,Firmicutes,Bacilli,Erysipelotrichales,Erysipelotrichaceae,Clostridium_innocuum_group,None,Bacteria,Firmicutes,Clostridia,Oscillospirales,Butyricicoccaceae,Butyricicoccus,None,0.007789678675754625
Bacteria,Firmicutes,Bacilli,Erysipelotrichales,Erysipelotrichaceae,Clostridium_innocuum_group,None,Bacteria,Firmicutes,Clostridia,Oscillospirales,Hydrogenoanaerobacterium,None,None,0.006815968841285297
Bacteria,Firmicutes,Bacilli,Erysipelotrichales,Erysipelotrichaceae,Clostridium_innocuum_group,None,Bacteria,Firmicutes,Clostridia,Oscillospirales,Oscillospiraceae,Colidextribacter,None,0.007789678675754625
Bacteria,Firmicutes,Bacilli,Erysipelotrichales,Erysipelotrichaceae,Clostridium_innocuum_group,None,Bacteria,Firmicutes,Clostridia,Oscillospirales,Oscillospiraceae,Colidextribacter,metagenome,0.008763388510223954
Bacteria,Firmicutes,Bacilli,Erysipelotrichales,Erysipelotrichaceae,Clostridium_innocuum_group,None,Bacteria,Firmicutes,Clostridia,Oscillospirales,Oscillospiraceae,Flavonifractor,None,0.007789678675754625
Bacteria,Firmicutes,Bacilli,Erysipelotrichales,Erysipelotrichaceae,Clostridium_innocuum_group,None,Bacteria,Firmicutes,Clostridia,Oscillospirales,Oscillospiraceae,Intestinimonas,None,0.007789678675754625
Bacteria,Firmicutes,Bacilli,Erysipelotrichales,Erysipelotrichaceae,Clostridium_innocuum_group,None,Bacteria,Firmicutes,Clostridia,Oscillospirales,Oscillospiraceae,Intestinimonas,uncultured,0.008763388510223954
Bacteria,Firmicutes,Bacilli,Erysipelotrichales,Erysipelotrichaceae,Clostridium_innocuum_group,None,Bacteria,Firmicutes,Clostridia,Oscillospirales,Oscillospiraceae,NK4A214_group,None,0.007789678675754625
Bacteria,Firmicutes,Bacilli,Erysipelotrichales,Erysipelotrichaceae,Clostridium_innocuum_group,None,Bacteria,Firmicutes,Clostridia,Oscillospirales,Oscillospiraceae,Oscillibacter,None,0.007789678675754625
Bacteria,Firmicutes,Bacilli,Erysipelotrichales,Erysipelotrichaceae,Clostridium_innocuum_group,None,Bacteria,Firmicutes,Clostridia,Oscillospirales,Oscillospiraceae,Oscillibacter,metagenome,0.008763388510223954
Bacteria,Firmicutes,Bacilli,Erysipelotrichales,Erysipelotrichaceae,Clostridium_innocuum_group,None,Bacteria,Firmicutes,Clostridia,Oscillospirales,Oscillospiraceae,Oscillospira,None,0.007789678675754625
Bacteria,Firmicutes,Bacilli,Erysipelotrichales,Erysipelotrichaceae,Clostridium_innocuum_group,None,Bacteria,Firmicutes,Clostridia,Oscillospirales,Oscillospiraceae,UCG-002,None,0.007789678675754625
Bacteria,Firmicutes,Bacilli,Erysipelotrichales,Erysipelotrichaceae,Clostridium_innocuum_group,None,Bacteria,Firmicutes,Clostridia,Oscillospirales,Oscillospiraceae,UCG-003,None,0.007789678675754625
Bacteria,Firmicutes,Bacilli,Erysipelotrichales,Erysipelotrichaceae,Clostridium_innocuum_group,None,Bacteria,Firmicutes,Clostridia,Oscillospirales,Oscillospiraceae,UCG-005,None,0.007789678675754625
Bacteria,Firmicutes,Bacilli,Erysipelotrichales,Erysipelotrichaceae,Clostridium_innocuum_group,None,Bacteria,Firmicutes,Clostridia,Oscillospirales,Oscillospiraceae,UCG-005,metagenome,0.008763388510223954
Bacteria,Firmicutes,Bacilli,Erysipelotrichales,Erysipelotrichaceae,Clostridium_innocuum_group,None,Bacteria,Firmicutes,Clostridia,Oscillospirales,Oscillospiraceae,UCG-005,uncultured_Clostridiales_bacterium,0.008763388510223954
Bacteria,Firmicutes,Bacilli,Erysipelotrichales,Erysipelotrichaceae,Clostridium_innocuum_group,None,Bacteria,Firmicutes,Clostridia,Oscillospirales,Oscillospiraceae,UCG-005,uncultured_rumen_bacterium,0.008763388510223954
Bacteria,Firmicutes,Bacilli,Erysipelotrichales,Erysipelotrichaceae,Clostridium_innocuum_group,None,Bacteria,Firmicutes,Clostridia,Oscillospirales,Oscillospiraceae,None,None,0.006815968841285297
Bacteria,Firmicutes,Bacilli,Erysipelotrichales,Erysipelotrichaceae,Clostridium_innocuum_group,None,Bacteria,Firmicutes,Clostridia,Oscillospirales,Oscillospiraceae,uncultured,metagenome,0.008763388510223954
Bacteria,Firmicutes,Bacilli,Erysipelotrichales,Erysipelotrichaceae,Clostridium_innocuum_group,None,Bacteria,Firmicutes,Clostridia,Oscillospirales,Oscillospiraceae,uncultured,unidentified,0.008763388510223954
Bacteria,Firmicutes,Bacilli,Erysipelotrichales,Erysipelotrichaceae,Clostridium_innocuum_group,None,Bacteria,Firmicutes,Clostridia,Oscillospirales,Ruminococcaceae,Anaerofilum,uncultured_Firmicutes_bacterium,0.008763388510223954
Bacteria,Firmicutes,Bacilli,Erysipelotrichales,Erysipelotrichaceae,Clostridium_innocuum_group,None,Bacteria,Firmicutes,Clostridia,Oscillospirales,Ruminococcaceae,Anaerotruncus,Anaerotruncus_rubiinfantis,0.008763388510223954
Bacteria,Firmicutes,Bacilli,Erysipelotrichales,Erysipelotrichaceae,Clostridium_innocuum_group,None,Bacteria,Firmicutes,Clostridia,Oscillospirales,Ruminococcaceae,Anaerotruncus,Anaerotruncus_sp._NML_070203,0.008763388510223954
Bacteria,Firmicutes,Bacilli,Erysipelotrichales,Erysipelotrichaceae,Clostridium_innocuum_group,None,Bacteria,Firmicutes,Clostridia,Oscillospirales,Ruminococcaceae,Candidatus_Soleaferrea,Neobitarella_massiliensis,0.008763388510223954
Bacteria,Firmicutes,Bacilli,Erysipelotrichales,Erysipelotrichaceae,Clostridium_innocuum_group,None,Bacteria,Firmicutes,Clostridia,Oscillospirales,Ruminococcaceae,Candidatus_Soleaferrea,None,0.007789678675754625
Bacteria,Firmicutes,Bacilli,Erysipelotrichales,Erysipelotrichaceae,Clostridium_innocuum_group,None,Bacteria,Firmicutes,Clostridia,Oscillospirales,Ruminococcaceae,DTU089,None,0.007789678675754625
Bacteria,Firmicutes,Bacilli,Erysipelotrichales,Erysipelotrichaceae,Clostridium_innocuum_group,None,Bacteria,Firmicutes,Clostridia,Oscillospirales,Ruminococcaceae,Faecalibacterium,None,0.007789678675754625
Bacteria,Firmicutes,Bacilli,Erysipelotrichales,Erysipelotrichaceae,Clostridium_innocuum_group,None,Bacteria,Firmicutes,Clostridia,Oscillospirales,Ruminococcaceae,Fournierella,uncultured_organism,0.008763388510223954
Bacteria,Firmicutes,Bacilli,Erysipelotrichales,Erysipelotrichaceae,Clostridium_innocuum_group,None,Bacteria,Firmicutes,Clostridia,Oscillospirales,Ruminococcaceae,Incertae_Sedis,metagenome,0.008763388510223954
Bacteria,Firmicutes,Bacilli,Erysipelotrichales,Erysipelotrichaceae,Clostridium_innocuum_group,None,Bacteria,Firmicutes,Clostridia,Oscillospirales,Ruminococcaceae,Incertae_Sedis,None,0.007789678675754625
Bacteria,Firmicutes,Bacilli,Erysipelotrichales,Erysipelotrichaceae,Clostridium_innocuum_group,None,Bacteria,Firmicutes,Clostridia,Oscillospirales,Ruminococcaceae,Negativibacillus,None,0.007789678675754625
Bacteria,Firmicutes,Bacilli,Erysipelotrichales,Erysipelotrichaceae,Clostridium_innocuum_group,None,Bacteria,Firmicutes,Clostridia,Oscillospirales,Ruminococcaceae,Ruminococcus,Ruminococcus_champanellensis,0.008763388510223954
Bacteria,Firmicutes,Bacilli,Erysipelotrichales,Erysipelotrichaceae,Clostridium_innocuum_group,None,Bacteria,Firmicutes,Clostridia,Oscillospirales,Ruminococcaceae,Ruminococcus,None,0.007789678675754625
Bacteria,Firmicutes,Bacilli,Erysipelotrichales,Erysipelotrichaceae,Clostridium_innocuum_group,None,Bacteria,Firmicutes,Clostridia,Oscillospirales,Ruminococcaceae,Subdoligranulum,None,0.007789678675754625
Bacteria,Firmicutes,Bacilli,Erysipelotrichales,Erysipelotrichaceae,Clostridium_innocuum_group,None,Bacteria,Firmicutes,Clostridia,Oscillospirales,Ruminococcaceae,UBA1819,None,0.007789678675754625
Bacteria,Firmicutes,Bacilli,Erysipelotrichales,Erysipelotrichaceae,Clostridium_innocuum_group,None,Bacteria,Firmicutes,Clostridia,Oscillospirales,Ruminococcaceae,Eubacterium_siraeum_group,None,0.007789678675754625
Bacteria,Firmicutes,Bacilli,Erysipelotrichales,Erysipelotrichaceae,Clostridium_innocuum_group,None,Bacteria,Firmicutes,Clostridia,Oscillospirales,Ruminococcaceae,None,None,0.006815968841285297
Bacteria,Firmicutes,Bacilli,Erysipelotrichales,Erysipelotrichaceae,Clostridium_innocuum_group,None,Bacteria,Firmicutes,Clostridia,Oscillospirales,UCG-010,None,None,0.006815968841285297
Bacteria,Firmicutes,Bacilli,Erysipelotrichales,Erysipelotrichaceae,Clostridium_innocuum_group,None,Bacteria,Firmicutes,Clostridia,Oscillospirales,UCG-010,metagenome,None,0.007789678675754625
Bacteria,Firmicutes,Bacilli,Erysipelotrichales,Erysipelotrichaceae,Clostridium_innocuum_group,None,Bacteria,Firmicutes,Clostridia,Oscillospirales,UCG-010,uncultured_bacterium,None,0.007789678675754625
Bacteria,Firmicutes,Bacilli,Erysipelotrichales,Erysipelotrichaceae,Clostridium_innocuum_group,None,Bacteria,Firmicutes,Clostridia,Oscillospirales,UCG-010,uncultured_organism,None,0.007789678675754625
Bacteria,Firmicutes,Bacilli,Erysipelotrichales,Erysipelotrichaceae,Clostridium_innocuum_group,None,Bacteria,Firmicutes,Clostridia,Oscillospirales,Clostridium_methylpentosum_group,None,None,0.006815968841285297
Bacteria,Firmicutes,Bacilli,Erysipelotrichales,Erysipelotrichaceae,Clostridium_innocuum_group,None,Bacteria,Firmicutes,Clostridia,Oscillospirales,Eubacterium_coprostanoligenes_group,None,None,0.006815968841285297
Bacteria,Firmicutes,Bacilli,Erysipelotrichales,Erysipelotrichaceae,Clostridium_innocuum_group,None,Bacteria,Firmicutes,Clostridia,Oscillospirales,None,None,None,0.005842259006815969
Bacteria,Firmicutes,Bacilli,Erysipelotrichales,Erysipelotrichaceae,Clostridium_innocuum_group,None,Bacteria,Firmicutes,Clostridia,Peptococcales,Peptococcaceae,uncultured,None,0.007789678675754625
Bacteria,Firmicutes,Bacilli,Erysipelotrichales,Erysipelotrichaceae,Clostridium_innocuum_group,None,Bacteria,Firmicutes,Clostridia,Peptostreptococcales-Tissierellales,Anaerovoracaceae,Family_XIII_AD3011_group,metagenome,0.008763388510223954
Bacteria,Firmicutes,Bacilli,Erysipelotrichales,Erysipelotrichaceae,Clostridium_innocuum_group,None,Bacteria,Firmicutes,Clostridia,Peptostreptococcales-Tissierellales,Anaerovoracaceae,Family_XIII_AD3011_group,None,0.007789678675754625
Bacteria,Firmicutes,Bacilli,Erysipelotrichales,Erysipelotrichaceae,Clostridium_innocuum_group,None,Bacteria,Firmicutes,Clostridia,Peptostreptococcales-Tissierellales,Anaerovoracaceae,Family_XIII_AD3011_group,uncultured,0.008763388510223954
Bacteria,Firmicutes,Bacilli,Erysipelotrichales,Erysipelotrichaceae,Clostridium_innocuum_group,None,Bacteria,Firmicutes,Clostridia,Peptostreptococcales-Tissierellales,Anaerovoracaceae,Family_XIII_UCG-001,metagenome,0.008763388510223954
Bacteria,Firmicutes,Bacilli,Erysipelotrichales,Erysipelotrichaceae,Clostridium_innocuum_group,None,Bacteria,Firmicutes,Clostridia,Peptostreptococcales-Tissierellales,Anaerovoracaceae,Eubacterium_nodatum_group,None,0.007789678675754625
Bacteria,Firmicutes,Bacilli,Erysipelotrichales,Erysipelotrichaceae,Clostridium_innocuum_group,None,Bacteria,Firmicutes,Clostridia,Peptostreptococcales-Tissierellales,Anaerovoracaceae,None,None,0.006815968841285297
Bacteria,Firmicutes,Bacilli,Erysipelotrichales,Erysipelotrichaceae,Clostridium_innocuum_group,None,Bacteria,Firmicutes,Clostridia,Peptostreptococcales-Tissierellales,Parvimonas,None,None,0.006815968841285297
Bacteria,Firmicutes,Bacilli,Erysipelotrichales,Erysipelotrichaceae,Clostridium_innocuum_group,None,Bacteria,Firmicutes,Clostridia,None,None,None,None,0.004868549172346641
Bacteria,Firmicutes,Bacilli,Erysipelotrichales,Erysipelotrichaceae,Clostridium_innocuum_group,None,Bacteria,Firmicutes,Incertae_Sedis,DTU014,unidentified,None,None,0.006815968841285297
Bacteria,Firmicutes,Bacilli,Erysipelotrichales,Erysipelotrichaceae,Clostridium_innocuum_group,None,Bacteria,Firmicutes,Limnochordia,M55-D21,uncultured_compost_bacterium,None,None,0.006815968841285297
Bacteria,Firmicutes,Bacilli,Erysipelotrichales,Erysipelotrichaceae,Clostridium_innocuum_group,None,Bacteria,Firmicutes,Negativicutes,Acidaminococcales,Acidaminococcaceae,Phascolarctobacterium,None,0.007789678675754625
Bacteria,Firmicutes,Bacilli,Erysipelotrichales,Erysipelotrichaceae,Clostridium_innocuum_group,None,Bacteria,Firmicutes,None,None,None,None,None,0.0038948393378773127
Bacteria,Firmicutes,Bacilli,Erysipelotrichales,Erysipelotrichaceae,Clostridium_innocuum_group,None,Bacteria,Firmicutes,uncultured,uncultured_Peptococcaceae_bacterium,None,None,None,0.005842259006815969
Bacteria,Firmicutes,Bacilli,Erysipelotrichales,Erysipelotrichaceae,Clostridium_innocuum_group,None,Bacteria,Proteobacteria,Alphaproteobacteria,Rhodospirillales,uncultured,None,None,0.008763388510223954
Bacteria,Firmicutes,Bacilli,Erysipelotrichales,Erysipelotrichaceae,Clostridium_innocuum_group,None,Bacteria,Proteobacteria,Gammaproteobacteria,Burkholderiales,Sutterellaceae,Sutterella,Sutterella_sp._252,0.010710808179162609
Bacteria,Firmicutes,Bacilli,Erysipelotrichales,Erysipelotrichaceae,Clostridium_innocuum_group,None,Bacteria,Proteobacteria,Gammaproteobacteria,Enterobacterales,Enterobacteriaceae,Escherichia-Shigella,None,0.009737098344693282
Bacteria,Firmicutes,Bacilli,Erysipelotrichales,Erysipelotrichaceae,Clostridium_innocuum_group,None,Bacteria,Proteobacteria,Gammaproteobacteria,Enterobacterales,Enterobacteriaceae,Klebsiella,None,0.009737098344693282
Bacteria,Firmicutes,Bacilli,Erysipelotrichales,Erysipelotrichaceae,Clostridium_innocuum_group,None,Bacteria,Proteobacteria,Gammaproteobacteria,Enterobacterales,Enterobacteriaceae,None,None,0.008763388510223954
Bacteria,Firmicutes,Bacilli,Erysipelotrichales,Erysipelotrichaceae,Clostridium_innocuum_group,None,Bacteria,Proteobacteria,Gammaproteobacteria,Pseudomonadales,Pseudomonadaceae,Pseudomonas,None,0.009737098344693282
Bacteria,Firmicutes,Bacilli,Erysipelotrichales,Erysipelotrichaceae,Clostridium_innocuum_group,None,Bacteria,Synergistota,Synergistia,Synergistales,Synergistaceae,Cloacibacillus,None,0.009737098344693282
Bacteria,Firmicutes,Bacilli,Erysipelotrichales,Erysipelotrichaceae,Clostridium_innocuum_group,None,Bacteria,Verrucomicrobiota,Verrucomicrobiae,Verrucomicrobiales,Akkermansiaceae,Akkermansia,None,0.009737098344693282
Bacteria,Firmicutes,Bacilli,Izemoplasmatales,human_gut_metagenome,None,None,Bacteria,Firmicutes,Bacilli,Lactobacillales,Lactobacillaceae,Lactobacillus,Lactobacillus_mucosae,0.005842259006815969
Bacteria,Firmicutes,Bacilli,Izemoplasmatales,human_gut_metagenome,None,None,Bacteria,Firmicutes,Bacilli,Lactobacillales,Streptococcaceae,Lactococcus,None,0.004868549172346641
Bacteria,Firmicutes,Bacilli,Izemoplasmatales,human_gut_metagenome,None,None,Bacteria,Firmicutes,Bacilli,Lactobacillales,Streptococcaceae,Streptococcus,Streptococcus_sp._oral_taxon_065,0.005842259006815969
Bacteria,Firmicutes,Bacilli,Izemoplasmatales,human_gut_metagenome,None,None,Bacteria,Firmicutes,Bacilli,Lactobacillales,Streptococcaceae,Streptococcus,None,0.004868549172346641
Bacteria,Firmicutes,Bacilli,Izemoplasmatales,human_gut_metagenome,None,None,Bacteria,Firmicutes,Clostridia,Christensenellales,Christensenellaceae,Christensenellaceae_R-7_group,Christensenella_sp._Marseille-P3954,0.007789678675754625
Bacteria,Firmicutes,Bacilli,Izemoplasmatales,human_gut_metagenome,None,None,Bacteria,Firmicutes,Clostridia,Christensenellales,Christensenellaceae,Christensenellaceae_R-7_group,Clostridiales_bacterium_Marseille-P2846,0.007789678675754625
Bacteria,Firmicutes,Bacilli,Izemoplasmatales,human_gut_metagenome,None,None,Bacteria,Firmicutes,Clostridia,Christensenellales,Christensenellaceae,Christensenellaceae_R-7_group,None,0.006815968841285297
Bacteria,Firmicutes,Bacilli,Izemoplasmatales,human_gut_metagenome,None,None,Bacteria,Firmicutes,Clostridia,Christensenellales,Christensenellaceae,Christensenellaceae_R-7_group,bacterium_YE57,0.007789678675754625
Bacteria,Firmicutes,Bacilli,Izemoplasmatales,human_gut_metagenome,None,None,Bacteria,Firmicutes,Clostridia,Christensenellales,Christensenellaceae,Christensenellaceae_R-7_group,metagenome,0.007789678675754625
Bacteria,Firmicutes,Bacilli,Izemoplasmatales,human_gut_metagenome,None,None,Bacteria,Firmicutes,Clostridia,Christensenellales,Christensenellaceae,Christensenellaceae_R-7_group,uncultured_Firmicutes_bacterium,0.007789678675754625
Bacteria,Firmicutes,Bacilli,Izemoplasmatales,human_gut_metagenome,None,None,Bacteria,Firmicutes,Clostridia,Christensenellales,Christensenellaceae,Christensenellaceae_R-7_group,uncultured_marine_bacterium,0.007789678675754625
Bacteria,Firmicutes,Bacilli,Izemoplasmatales,human_gut_metagenome,None,None,Bacteria,Firmicutes,Clostridia,Christensenellales,Christensenellaceae,Christensenellaceae_R-7_group,uncultured_organism,0.007789678675754625
Bacteria,Firmicutes,Bacilli,Izemoplasmatales,human_gut_metagenome,None,None,Bacteria,Firmicutes,Clostridia,Christensenellales,Christensenellaceae,None,None,0.005842259006815969
Bacteria,Firmicutes,Bacilli,Izemoplasmatales,human_gut_metagenome,None,None,Bacteria,Firmicutes,Clostridia,Clostridia_vadinBB60_group,metagenome,None,None,0.005842259006815969
Bacteria,Firmicutes,Bacilli,Izemoplasmatales,human_gut_metagenome,None,None,Bacteria,Firmicutes,Clostridia,Clostridia_vadinBB60_group,wastewater_metagenome,None,None,0.005842259006815969
Bacteria,Firmicutes,Bacilli,Izemoplasmatales,human_gut_metagenome,None,None,Bacteria,Firmicutes,Clostridia,Clostridiales,Christensenellaceae,Christensenella,PAC001427,0.007789678675754625
Bacteria,Firmicutes,Bacilli,Izemoplasmatales,human_gut_metagenome,None,None,Bacteria,Firmicutes,Clostridia,Clostridiales,Christensenellaceae,Christensenella,PAC002297,0.007789678675754625
Bacteria,Firmicutes,Bacilli,Izemoplasmatales,human_gut_metagenome,None,None,Bacteria,Firmicutes,Clostridia,Clostridiales,Christensenellaceae,PAC001115,PAC001444,0.007789678675754625
Bacteria,Firmicutes,Bacilli,Izemoplasmatales,human_gut_metagenome,None,None,Bacteria,Firmicutes,Clostridia,Clostridiales,Christensenellaceae,PAC001437,PAC001486,0.007789678675754625
Bacteria,Firmicutes,Bacilli,Izemoplasmatales,human_gut_metagenome,None,None,Bacteria,Firmicutes,Clostridia,Clostridiales,Christensenellaceae,PAC001437,PAC002305,0.007789678675754625
Bacteria,Firmicutes,Bacilli,Izemoplasmatales,human_gut_metagenome,None,None,Bacteria,Firmicutes,Clostridia,Clostridiales,Christensenellaceae,PAC002510,PAC002510,0.007789678675754625
Bacteria,Firmicutes,Bacilli,Izemoplasmatales,human_gut_metagenome,None,None,Bacteria,Firmicutes,Clostridia,Clostridiales,Dehalobacterium,PAC002141,PAC002141,0.007789678675754625
Bacteria,Firmicutes,Bacilli,Izemoplasmatales,human_gut_metagenome,None,None,Bacteria,Firmicutes,Clostridia,Clostridiales,Ruminococcaceae,PAC000742,PAC000742,0.007789678675754625
Bacteria,Firmicutes,Bacilli,Izemoplasmatales,human_gut_metagenome,None,None,Bacteria,Firmicutes,Clostridia,Clostridiales,Ruminococcaceae,PAC001144,PAC001620,0.007789678675754625
Bacteria,Firmicutes,Bacilli,Izemoplasmatales,human_gut_metagenome,None,None,Bacteria,Firmicutes,Clostridia,Clostridiales,Ruminococcaceae,PAC001313,PAC001649,0.007789678675754625
Bacteria,Firmicutes,Bacilli,Izemoplasmatales,human_gut_metagenome,None,None,Bacteria,Firmicutes,Clostridia,Clostridiales,Ruminococcaceae,PAC002201,PAC002201,0.007789678675754625
Bacteria,Firmicutes,Bacilli,Izemoplasmatales,human_gut_metagenome,None,None,Bacteria,Firmicutes,Clostridia,Eubacteriales,Eubacteriaceae,Eubacterium,None,0.006815968841285297
Bacteria,Firmicutes,Bacilli,Izemoplasmatales,human_gut_metagenome,None,None,Bacteria,Firmicutes,Clostridia,Lachnospirales,Lachnospiraceae,Agathobacter,None,0.006815968841285297
Bacteria,Firmicutes,Bacilli,Izemoplasmatales,human_gut_metagenome,None,None,Bacteria,Firmicutes,Clostridia,Lachnospirales,Lachnospiraceae,Anaerostipes,None,0.006815968841285297
Bacteria,Firmicutes,Bacilli,Izemoplasmatales,human_gut_metagenome,None,None,Bacteria,Firmicutes,Clostridia,Lachnospirales,Lachnospiraceae,Blautia,None,0.006815968841285297
Bacteria,Firmicutes,Bacilli,Izemoplasmatales,human_gut_metagenome,None,None,Bacteria,Firmicutes,Clostridia,Lachnospirales,Lachnospiraceae,Blautia,bacterium_mpn-isolate_group_20,0.007789678675754625
Bacteria,Firmicutes,Bacilli,Izemoplasmatales,human_gut_metagenome,None,None,Bacteria,Firmicutes,Clostridia,Lachnospirales,Lachnospiraceae,Blautia,uncultured_Blautia_sp.,0.007789678675754625
Bacteria,Firmicutes,Bacilli,Izemoplasmatales,human_gut_metagenome,None,None,Bacteria,Firmicutes,Clostridia,Lachnospirales,Lachnospiraceae,Coprococcus,None,0.006815968841285297
Bacteria,Firmicutes,Bacilli,Izemoplasmatales,human_gut_metagenome,None,None,Bacteria,Firmicutes,Clostridia,Lachnospirales,Lachnospiraceae,Coprococcus,uncultured_Coprococcus_sp.,0.007789678675754625
Bacteria,Firmicutes,Bacilli,Izemoplasmatales,human_gut_metagenome,None,None,Bacteria,Firmicutes,Clostridia,Lachnospirales,Lachnospiraceae,Dorea,None,0.006815968841285297
Bacteria,Firmicutes,Bacilli,Izemoplasmatales,human_gut_metagenome,None,None,Bacteria,Firmicutes,Clostridia,Lachnospirales,Lachnospiraceae,Eisenbergiella,None,0.006815968841285297
Bacteria,Firmicutes,Bacilli,Izemoplasmatales,human_gut_metagenome,None,None,Bacteria,Firmicutes,Clostridia,Lachnospirales,Lachnospiraceae,Frisingicoccus,None,0.006815968841285297
Bacteria,Firmicutes,Bacilli,Izemoplasmatales,human_gut_metagenome,None,None,Bacteria,Firmicutes,Clostridia,Lachnospirales,Lachnospiraceae,Fusicatenibacter,uncultured_Lachnospiraceae_bacterium,0.007789678675754625
Bacteria,Firmicutes,Bacilli,Izemoplasmatales,human_gut_metagenome,None,None,Bacteria,Firmicutes,Clostridia,Lachnospirales,Lachnospiraceae,GCA-900066575,None,0.006815968841285297
Bacteria,Firmicutes,Bacilli,Izemoplasmatales,human_gut_metagenome,None,None,Bacteria,Firmicutes,Clostridia,Lachnospirales,Lachnospiraceae,GCA-900066575,metagenome,0.007789678675754625
Bacteria,Firmicutes,Bacilli,Izemoplasmatales,human_gut_metagenome,None,None,Bacteria,Firmicutes,Clostridia,Lachnospirales,Lachnospiraceae,GCA-900066755,None,0.006815968841285297
Bacteria,Firmicutes,Bacilli,Izemoplasmatales,human_gut_metagenome,None,None,Bacteria,Firmicutes,Clostridia,Lachnospirales,Lachnospiraceae,Hungatella,metagenome,0.007789678675754625
Bacteria,Firmicutes,Bacilli,Izemoplasmatales,human_gut_metagenome,None,None,Bacteria,Firmicutes,Clostridia,Lachnospirales,Lachnospiraceae,Lachnoclostridium,Clostridium_symbiosum,0.007789678675754625
Bacteria,Firmicutes,Bacilli,Izemoplasmatales,human_gut_metagenome,None,None,Bacteria,Firmicutes,Clostridia,Lachnospirales,Lachnospiraceae,Lachnoclostridium,None,0.006815968841285297
Bacteria,Firmicutes,Bacilli,Izemoplasmatales,human_gut_metagenome,None,None,Bacteria,Firmicutes,Clostridia,Lachnospirales,Lachnospiraceae,Lachnoclostridium,uncultured_Lachnospiraceae_bacterium,0.007789678675754625
Bacteria,Firmicutes,Bacilli,Izemoplasmatales,human_gut_metagenome,None,None,Bacteria,Firmicutes,Clostridia,Lachnospirales,Lachnospiraceae,Lachnospiraceae_ND3007_group,metagenome,0.007789678675754625
Bacteria,Firmicutes,Bacilli,Izemoplasmatales,human_gut_metagenome,None,None,Bacteria,Firmicutes,Clostridia,Lachnospirales,Lachnospiraceae,Lachnospiraceae_NK4A136_group,None,0.006815968841285297
Bacteria,Firmicutes,Bacilli,Izemoplasmatales,human_gut_metagenome,None,None,Bacteria,Firmicutes,Clostridia,Lachnospirales,Lachnospiraceae,Lachnospiraceae_NK4A136_group,uncultured_Lachnospiraceae_bacterium,0.007789678675754625
Bacteria,Firmicutes,Bacilli,Izemoplasmatales,human_gut_metagenome,None,None,Bacteria,Firmicutes,Clostridia,Lachnospirales,Lachnospiraceae,Lachnospiraceae_NK4A136_group,uncultured_bacterium_Adhufec49.25,0.007789678675754625
Bacteria,Firmicutes,Bacilli,Izemoplasmatales,human_gut_metagenome,None,None,Bacteria,Firmicutes,Clostridia,Lachnospirales,Lachnospiraceae,Lachnospiraceae_NK4B4_group,None,0.006815968841285297
Bacteria,Firmicutes,Bacilli,Izemoplasmatales,human_gut_metagenome,None,None,Bacteria,Firmicutes,Clostridia,Lachnospirales,Lachnospiraceae,Lachnospiraceae_UCG-001,metagenome,0.007789678675754625
Bacteria,Firmicutes,Bacilli,Izemoplasmatales,human_gut_metagenome,None,None,Bacteria,Firmicutes,Clostridia,Lachnospirales,Lachnospiraceae,Lachnospiraceae_UCG-004,None,0.006815968841285297
Bacteria,Firmicutes,Bacilli,Izemoplasmatales,human_gut_metagenome,None,None,Bacteria,Firmicutes,Clostridia,Lachnospirales,Lachnospiraceae,Lachnospiraceae_UCG-008,metagenome,0.007789678675754625
Bacteria,Firmicutes,Bacilli,Izemoplasmatales,human_gut_metagenome,None,None,Bacteria,Firmicutes,Clostridia,Lachnospirales,Lachnospiraceae,Lachnospiraceae_UCG-010,None,0.006815968841285297
Bacteria,Firmicutes,Bacilli,Izemoplasmatales,human_gut_metagenome,None,None,Bacteria,Firmicutes,Clostridia,Lachnospirales,Lachnospiraceae,Marvinbryantia,None,0.006815968841285297
Bacteria,Firmicutes,Bacilli,Izemoplasmatales,human_gut_metagenome,None,None,Bacteria,Firmicutes,Clostridia,Lachnospirales,Lachnospiraceae,Marvinbryantia,unidentified,0.007789678675754625
Bacteria,Firmicutes,Bacilli,Izemoplasmatales,human_gut_metagenome,None,None,Bacteria,Firmicutes,Clostridia,Lachnospirales,Lachnospiraceae,Roseburia,None,0.006815968841285297
Bacteria,Firmicutes,Bacilli,Izemoplasmatales,human_gut_metagenome,None,None,Bacteria,Firmicutes,Clostridia,Lachnospirales,Lachnospiraceae,Roseburia,gut_metagenome,0.007789678675754625
Bacteria,Firmicutes,Bacilli,Izemoplasmatales,human_gut_metagenome,None,None,Bacteria,Firmicutes,Clostridia,Lachnospirales,Lachnospiraceae,Tuzzerella,None,0.006815968841285297
Bacteria,Firmicutes,Bacilli,Izemoplasmatales,human_gut_metagenome,None,None,Bacteria,Firmicutes,Clostridia,Lachnospirales,Lachnospiraceae,Tyzzerella,None,0.006815968841285297
Bacteria,Firmicutes,Bacilli,Izemoplasmatales,human_gut_metagenome,None,None,Bacteria,Firmicutes,Clostridia,Lachnospirales,Lachnospiraceae,Eubacterium_hallii_group,None,0.006815968841285297
Bacteria,Firmicutes,Bacilli,Izemoplasmatales,human_gut_metagenome,None,None,Bacteria,Firmicutes,Clostridia,Lachnospirales,Lachnospiraceae,Eubacterium_ventriosum_group,metagenome,0.007789678675754625
Bacteria,Firmicutes,Bacilli,Izemoplasmatales,human_gut_metagenome,None,None,Bacteria,Firmicutes,Clostridia,Lachnospirales,Lachnospiraceae,Ruminococcus_gauvreauii_group,uncultured_Lachnospiraceae_bacterium,0.007789678675754625
Bacteria,Firmicutes,Bacilli,Izemoplasmatales,human_gut_metagenome,None,None,Bacteria,Firmicutes,Clostridia,Lachnospirales,Lachnospiraceae,Ruminococcus_gnavus_group,None,0.006815968841285297
Bacteria,Firmicutes,Bacilli,Izemoplasmatales,human_gut_metagenome,None,None,Bacteria,Firmicutes,Clostridia,Lachnospirales,Lachnospiraceae,Ruminococcus_torques_group,Clostridiaceae_bacterium_LEMV78,0.007789678675754625
Bacteria,Firmicutes,Bacilli,Izemoplasmatales,human_gut_metagenome,None,None,Bacteria,Firmicutes,Clostridia,Lachnospirales,Lachnospiraceae,Ruminococcus_torques_group,None,0.006815968841285297
Bacteria,Firmicutes,Bacilli,Izemoplasmatales,human_gut_metagenome,None,None,Bacteria,Firmicutes,Clostridia,Lachnospirales,Lachnospiraceae,None,None,0.005842259006815969
Bacteria,Firmicutes,Bacilli,Izemoplasmatales,human_gut_metagenome,None,None,Bacteria,Firmicutes,Clostridia,Lachnospirales,Lachnospiraceae,uncultured,None,0.006815968841285297
Bacteria,Firmicutes,Bacilli,Izemoplasmatales,human_gut_metagenome,None,None,Bacteria,Firmicutes,Clostridia,Monoglobales,Monoglobaceae,Monoglobus,None,0.006815968841285297
Bacteria,Firmicutes,Bacilli,Izemoplasmatales,human_gut_metagenome,None,None,Bacteria,Firmicutes,Clostridia,Oscillospirales,Butyricicoccaceae,Butyricicoccus,None,0.006815968841285297
Bacteria,Firmicutes,Bacilli,Izemoplasmatales,human_gut_metagenome,None,None,Bacteria,Firmicutes,Clostridia,Oscillospirales,Hydrogenoanaerobacterium,None,None,0.005842259006815969
Bacteria,Firmicutes,Bacilli,Izemoplasmatales,human_gut_metagenome,None,None,Bacteria,Firmicutes,Clostridia,Oscillospirales,Oscillospiraceae,Colidextribacter,None,0.006815968841285297
Bacteria,Firmicutes,Bacilli,Izemoplasmatales,human_gut_metagenome,None,None,Bacteria,Firmicutes,Clostridia,Oscillospirales,Oscillospiraceae,Colidextribacter,metagenome,0.007789678675754625
Bacteria,Firmicutes,Bacilli,Izemoplasmatales,human_gut_metagenome,None,None,Bacteria,Firmicutes,Clostridia,Oscillospirales,Oscillospiraceae,Flavonifractor,None,0.006815968841285297
Bacteria,Firmicutes,Bacilli,Izemoplasmatales,human_gut_metagenome,None,None,Bacteria,Firmicutes,Clostridia,Oscillospirales,Oscillospiraceae,Intestinimonas,None,0.006815968841285297
Bacteria,Firmicutes,Bacilli,Izemoplasmatales,human_gut_metagenome,None,None,Bacteria,Firmicutes,Clostridia,Oscillospirales,Oscillospiraceae,Intestinimonas,uncultured,0.007789678675754625
Bacteria,Firmicutes,Bacilli,Izemoplasmatales,human_gut_metagenome,None,None,Bacteria,Firmicutes,Clostridia,Oscillospirales,Oscillospiraceae,NK4A214_group,None,0.006815968841285297
Bacteria,Firmicutes,Bacilli,Izemoplasmatales,human_gut_metagenome,None,None,Bacteria,Firmicutes,Clostridia,Oscillospirales,Oscillospiraceae,Oscillibacter,None,0.006815968841285297
Bacteria,Firmicutes,Bacilli,Izemoplasmatales,human_gut_metagenome,None,None,Bacteria,Firmicutes,Clostridia,Oscillospirales,Oscillospiraceae,Oscillibacter,metagenome,0.007789678675754625
Bacteria,Firmicutes,Bacilli,Izemoplasmatales,human_gut_metagenome,None,None,Bacteria,Firmicutes,Clostridia,Oscillospirales,Oscillospiraceae,Oscillospira,None,0.006815968841285297
Bacteria,Firmicutes,Bacilli,Izemoplasmatales,human_gut_metagenome,None,None,Bacteria,Firmicutes,Clostridia,Oscillospirales,Oscillospiraceae,UCG-002,None,0.006815968841285297
Bacteria,Firmicutes,Bacilli,Izemoplasmatales,human_gut_metagenome,None,None,Bacteria,Firmicutes,Clostridia,Oscillospirales,Oscillospiraceae,UCG-003,None,0.006815968841285297
Bacteria,Firmicutes,Bacilli,Izemoplasmatales,human_gut_metagenome,None,None,Bacteria,Firmicutes,Clostridia,Oscillospirales,Oscillospiraceae,UCG-005,None,0.006815968841285297
Bacteria,Firmicutes,Bacilli,Izemoplasmatales,human_gut_metagenome,None,None,Bacteria,Firmicutes,Clostridia,Oscillospirales,Oscillospiraceae,UCG-005,metagenome,0.007789678675754625
Bacteria,Firmicutes,Bacilli,Izemoplasmatales,human_gut_metagenome,None,None,Bacteria,Firmicutes,Clostridia,Oscillospirales,Oscillospiraceae,UCG-005,uncultured_Clostridiales_bacterium,0.007789678675754625
Bacteria,Firmicutes,Bacilli,Izemoplasmatales,human_gut_metagenome,None,None,Bacteria,Firmicutes,Clostridia,Oscillospirales,Oscillospiraceae,UCG-005,uncultured_rumen_bacterium,0.007789678675754625
Bacteria,Firmicutes,Bacilli,Izemoplasmatales,human_gut_metagenome,None,None,Bacteria,Firmicutes,Clostridia,Oscillospirales,Oscillospiraceae,None,None,0.005842259006815969
Bacteria,Firmicutes,Bacilli,Izemoplasmatales,human_gut_metagenome,None,None,Bacteria,Firmicutes,Clostridia,Oscillospirales,Oscillospiraceae,uncultured,metagenome,0.007789678675754625
Bacteria,Firmicutes,Bacilli,Izemoplasmatales,human_gut_metagenome,None,None,Bacteria,Firmicutes,Clostridia,Oscillospirales,Oscillospiraceae,uncultured,unidentified,0.007789678675754625
Bacteria,Firmicutes,Bacilli,Izemoplasmatales,human_gut_metagenome,None,None,Bacteria,Firmicutes,Clostridia,Oscillospirales,Ruminococcaceae,Anaerofilum,uncultured_Firmicutes_bacterium,0.007789678675754625
Bacteria,Firmicutes,Bacilli,Izemoplasmatales,human_gut_metagenome,None,None,Bacteria,Firmicutes,Clostridia,Oscillospirales,Ruminococcaceae,Anaerotruncus,Anaerotruncus_rubiinfantis,0.007789678675754625
Bacteria,Firmicutes,Bacilli,Izemoplasmatales,human_gut_metagenome,None,None,Bacteria,Firmicutes,Clostridia,Oscillospirales,Ruminococcaceae,Anaerotruncus,Anaerotruncus_sp._NML_070203,0.007789678675754625
Bacteria,Firmicutes,Bacilli,Izemoplasmatales,human_gut_metagenome,None,None,Bacteria,Firmicutes,Clostridia,Oscillospirales,Ruminococcaceae,Candidatus_Soleaferrea,Neobitarella_massiliensis,0.007789678675754625
Bacteria,Firmicutes,Bacilli,Izemoplasmatales,human_gut_metagenome,None,None,Bacteria,Firmicutes,Clostridia,Oscillospirales,Ruminococcaceae,Candidatus_Soleaferrea,None,0.006815968841285297
Bacteria,Firmicutes,Bacilli,Izemoplasmatales,human_gut_metagenome,None,None,Bacteria,Firmicutes,Clostridia,Oscillospirales,Ruminococcaceae,DTU089,None,0.006815968841285297
Bacteria,Firmicutes,Bacilli,Izemoplasmatales,human_gut_metagenome,None,None,Bacteria,Firmicutes,Clostridia,Oscillospirales,Ruminococcaceae,Faecalibacterium,None,0.006815968841285297
Bacteria,Firmicutes,Bacilli,Izemoplasmatales,human_gut_metagenome,None,None,Bacteria,Firmicutes,Clostridia,Oscillospirales,Ruminococcaceae,Fournierella,uncultured_organism,0.007789678675754625
Bacteria,Firmicutes,Bacilli,Izemoplasmatales,human_gut_metagenome,None,None,Bacteria,Firmicutes,Clostridia,Oscillospirales,Ruminococcaceae,Incertae_Sedis,metagenome,0.007789678675754625
Bacteria,Firmicutes,Bacilli,Izemoplasmatales,human_gut_metagenome,None,None,Bacteria,Firmicutes,Clostridia,Oscillospirales,Ruminococcaceae,Incertae_Sedis,None,0.006815968841285297
Bacteria,Firmicutes,Bacilli,Izemoplasmatales,human_gut_metagenome,None,None,Bacteria,Firmicutes,Clostridia,Oscillospirales,Ruminococcaceae,Negativibacillus,None,0.006815968841285297
Bacteria,Firmicutes,Bacilli,Izemoplasmatales,human_gut_metagenome,None,None,Bacteria,Firmicutes,Clostridia,Oscillospirales,Ruminococcaceae,Ruminococcus,Ruminococcus_champanellensis,0.007789678675754625
Bacteria,Firmicutes,Bacilli,Izemoplasmatales,human_gut_metagenome,None,None,Bacteria,Firmicutes,Clostridia,Oscillospirales,Ruminococcaceae,Ruminococcus,None,0.006815968841285297
Bacteria,Firmicutes,Bacilli,Izemoplasmatales,human_gut_metagenome,None,None,Bacteria,Firmicutes,Clostridia,Oscillospirales,Ruminococcaceae,Subdoligranulum,None,0.006815968841285297
Bacteria,Firmicutes,Bacilli,Izemoplasmatales,human_gut_metagenome,None,None,Bacteria,Firmicutes,Clostridia,Oscillospirales,Ruminococcaceae,UBA1819,None,0.006815968841285297
Bacteria,Firmicutes,Bacilli,Izemoplasmatales,human_gut_metagenome,None,None,Bacteria,Firmicutes,Clostridia,Oscillospirales,Ruminococcaceae,Eubacterium_siraeum_group,None,0.006815968841285297
Bacteria,Firmicutes,Bacilli,Izemoplasmatales,human_gut_metagenome,None,None,Bacteria,Firmicutes,Clostridia,Oscillospirales,Ruminococcaceae,None,None,0.005842259006815969
Bacteria,Firmicutes,Bacilli,Izemoplasmatales,human_gut_metagenome,None,None,Bacteria,Firmicutes,Clostridia,Oscillospirales,UCG-010,None,None,0.005842259006815969
Bacteria,Firmicutes,Bacilli,Izemoplasmatales,human_gut_metagenome,None,None,Bacteria,Firmicutes,Clostridia,Oscillospirales,UCG-010,metagenome,None,0.006815968841285297
Bacteria,Firmicutes,Bacilli,Izemoplasmatales,human_gut_metagenome,None,None,Bacteria,Firmicutes,Clostridia,Oscillospirales,UCG-010,uncultured_bacterium,None,0.006815968841285297
Bacteria,Firmicutes,Bacilli,Izemoplasmatales,human_gut_metagenome,None,None,Bacteria,Firmicutes,Clostridia,Oscillospirales,UCG-010,uncultured_organism,None,0.006815968841285297
Bacteria,Firmicutes,Bacilli,Izemoplasmatales,human_gut_metagenome,None,None,Bacteria,Firmicutes,Clostridia,Oscillospirales,Clostridium_methylpentosum_group,None,None,0.005842259006815969
Bacteria,Firmicutes,Bacilli,Izemoplasmatales,human_gut_metagenome,None,None,Bacteria,Firmicutes,Clostridia,Oscillospirales,Eubacterium_coprostanoligenes_group,None,None,0.005842259006815969
Bacteria,Firmicutes,Bacilli,Izemoplasmatales,human_gut_metagenome,None,None,Bacteria,Firmicutes,Clostridia,Oscillospirales,None,None,None,0.004868549172346641
Bacteria,Firmicutes,Bacilli,Izemoplasmatales,human_gut_metagenome,None,None,Bacteria,Firmicutes,Clostridia,Peptococcales,Peptococcaceae,uncultured,None,0.006815968841285297
Bacteria,Firmicutes,Bacilli,Izemoplasmatales,human_gut_metagenome,None,None,Bacteria,Firmicutes,Clostridia,Peptostreptococcales-Tissierellales,Anaerovoracaceae,Family_XIII_AD3011_group,metagenome,0.007789678675754625
Bacteria,Firmicutes,Bacilli,Izemoplasmatales,human_gut_metagenome,None,None,Bacteria,Firmicutes,Clostridia,Peptostreptococcales-Tissierellales,Anaerovoracaceae,Family_XIII_AD3011_group,None,0.006815968841285297
Bacteria,Firmicutes,Bacilli,Izemoplasmatales,human_gut_metagenome,None,None,Bacteria,Firmicutes,Clostridia,Peptostreptococcales-Tissierellales,Anaerovoracaceae,Family_XIII_AD3011_group,uncultured,0.007789678675754625
Bacteria,Firmicutes,Bacilli,Izemoplasmatales,human_gut_metagenome,None,None,Bacteria,Firmicutes,Clostridia,Peptostreptococcales-Tissierellales,Anaerovoracaceae,Family_XIII_UCG-001,metagenome,0.007789678675754625
Bacteria,Firmicutes,Bacilli,Izemoplasmatales,human_gut_metagenome,None,None,Bacteria,Firmicutes,Clostridia,Peptostreptococcales-Tissierellales,Anaerovoracaceae,Eubacterium_nodatum_group,None,0.006815968841285297
Bacteria,Firmicutes,Bacilli,Izemoplasmatales,human_gut_metagenome,None,None,Bacteria,Firmicutes,Clostridia,Peptostreptococcales-Tissierellales,Anaerovoracaceae,None,None,0.005842259006815969
Bacteria,Firmicutes,Bacilli,Izemoplasmatales,human_gut_metagenome,None,None,Bacteria,Firmicutes,Clostridia,Peptostreptococcales-Tissierellales,Parvimonas,None,None,0.005842259006815969
Bacteria,Firmicutes,Bacilli,Izemoplasmatales,human_gut_metagenome,None,None,Bacteria,Firmicutes,Clostridia,None,None,None,None,0.0038948393378773127
Bacteria,Firmicutes,Bacilli,Izemoplasmatales,human_gut_metagenome,None,None,Bacteria,Firmicutes,Incertae_Sedis,DTU014,unidentified,None,None,0.005842259006815969
Bacteria,Firmicutes,Bacilli,Izemoplasmatales,human_gut_metagenome,None,None,Bacteria,Firmicutes,Limnochordia,M55-D21,uncultured_compost_bacterium,None,None,0.005842259006815969
Bacteria,Firmicutes,Bacilli,Izemoplasmatales,human_gut_metagenome,None,None,Bacteria,Firmicutes,Negativicutes,Acidaminococcales,Acidaminococcaceae,Phascolarctobacterium,None,0.006815968841285297
Bacteria,Firmicutes,Bacilli,Izemoplasmatales,human_gut_metagenome,None,None,Bacteria,Firmicutes,None,None,None,None,None,0.0029211295034079843
Bacteria,Firmicutes,Bacilli,Izemoplasmatales,human_gut_metagenome,None,None,Bacteria,Firmicutes,uncultured,uncultured_Peptococcaceae_bacterium,None,None,None,0.004868549172346641
Bacteria,Firmicutes,Bacilli,Izemoplasmatales,human_gut_metagenome,None,None,Bacteria,Proteobacteria,Alphaproteobacteria,Rhodospirillales,uncultured,None,None,0.007789678675754625
Bacteria,Firmicutes,Bacilli,Izemoplasmatales,human_gut_metagenome,None,None,Bacteria,Proteobacteria,Gammaproteobacteria,Burkholderiales,Sutterellaceae,Sutterella,Sutterella_sp._252,0.009737098344693282
Bacteria,Firmicutes,Bacilli,Izemoplasmatales,human_gut_metagenome,None,None,Bacteria,Proteobacteria,Gammaproteobacteria,Enterobacterales,Enterobacteriaceae,Escherichia-Shigella,None,0.008763388510223954
Bacteria,Firmicutes,Bacilli,Izemoplasmatales,human_gut_metagenome,None,None,Bacteria,Proteobacteria,Gammaproteobacteria,Enterobacterales,Enterobacteriaceae,Klebsiella,None,0.008763388510223954
Bacteria,Firmicutes,Bacilli,Izemoplasmatales,human_gut_metagenome,None,None,Bacteria,Proteobacteria,Gammaproteobacteria,Enterobacterales,Enterobacteriaceae,None,None,0.007789678675754625
Bacteria,Firmicutes,Bacilli,Izemoplasmatales,human_gut_metagenome,None,None,Bacteria,Proteobacteria,Gammaproteobacteria,Pseudomonadales,Pseudomonadaceae,Pseudomonas,None,0.008763388510223954
Bacteria,Firmicutes,Bacilli,Izemoplasmatales,human_gut_metagenome,None,None,Bacteria,Synergistota,Synergistia,Synergistales,Synergistaceae,Cloacibacillus,None,0.008763388510223954
Bacteria,Firmicutes,Bacilli,Izemoplasmatales,human_gut_metagenome,None,None,Bacteria,Verrucomicrobiota,Verrucomicrobiae,Verrucomicrobiales,Akkermansiaceae,Akkermansia,None,0.008763388510223954
Bacteria,Firmicutes,Bacilli,Lactobacillales,Lactobacillaceae,Lactobacillus,Lactobacillus_mucosae,Bacteria,Firmicutes,Bacilli,Lactobacillales,Streptococcaceae,Lactococcus,None,0.004868549172346641
Bacteria,Firmicutes,Bacilli,Lactobacillales,Lactobacillaceae,Lactobacillus,Lactobacillus_mucosae,Bacteria,Firmicutes,Bacilli,Lactobacillales,Streptococcaceae,Streptococcus,Streptococcus_sp._oral_taxon_065,0.005842259006815969
Bacteria,Firmicutes,Bacilli,Lactobacillales,Lactobacillaceae,Lactobacillus,Lactobacillus_mucosae,Bacteria,Firmicutes,Bacilli,Lactobacillales,Streptococcaceae,Streptococcus,None,0.004868549172346641
Bacteria,Firmicutes,Bacilli,Lactobacillales,Lactobacillaceae,Lactobacillus,Lactobacillus_mucosae,Bacteria,Firmicutes,Clostridia,Christensenellales,Christensenellaceae,Christensenellaceae_R-7_group,Christensenella_sp._Marseille-P3954,0.009737098344693282
Bacteria,Firmicutes,Bacilli,Lactobacillales,Lactobacillaceae,Lactobacillus,Lactobacillus_mucosae,Bacteria,Firmicutes,Clostridia,Christensenellales,Christensenellaceae,Christensenellaceae_R-7_group,Clostridiales_bacterium_Marseille-P2846,0.009737098344693282
Bacteria,Firmicutes,Bacilli,Lactobacillales,Lactobacillaceae,Lactobacillus,Lactobacillus_mucosae,Bacteria,Firmicutes,Clostridia,Christensenellales,Christensenellaceae,Christensenellaceae_R-7_group,None,0.008763388510223954
Bacteria,Firmicutes,Bacilli,Lactobacillales,Lactobacillaceae,Lactobacillus,Lactobacillus_mucosae,Bacteria,Firmicutes,Clostridia,Christensenellales,Christensenellaceae,Christensenellaceae_R-7_group,bacterium_YE57,0.009737098344693282
Bacteria,Firmicutes,Bacilli,Lactobacillales,Lactobacillaceae,Lactobacillus,Lactobacillus_mucosae,Bacteria,Firmicutes,Clostridia,Christensenellales,Christensenellaceae,Christensenellaceae_R-7_group,metagenome,0.009737098344693282
Bacteria,Firmicutes,Bacilli,Lactobacillales,Lactobacillaceae,Lactobacillus,Lactobacillus_mucosae,Bacteria,Firmicutes,Clostridia,Christensenellales,Christensenellaceae,Christensenellaceae_R-7_group,uncultured_Firmicutes_bacterium,0.009737098344693282
Bacteria,Firmicutes,Bacilli,Lactobacillales,Lactobacillaceae,Lactobacillus,Lactobacillus_mucosae,Bacteria,Firmicutes,Clostridia,Christensenellales,Christensenellaceae,Christensenellaceae_R-7_group,uncultured_marine_bacterium,0.009737098344693282
Bacteria,Firmicutes,Bacilli,Lactobacillales,Lactobacillaceae,Lactobacillus,Lactobacillus_mucosae,Bacteria,Firmicutes,Clostridia,Christensenellales,Christensenellaceae,Christensenellaceae_R-7_group,uncultured_organism,0.009737098344693282
Bacteria,Firmicutes,Bacilli,Lactobacillales,Lactobacillaceae,Lactobacillus,Lactobacillus_mucosae,Bacteria,Firmicutes,Clostridia,Christensenellales,Christensenellaceae,None,None,0.007789678675754625
Bacteria,Firmicutes,Bacilli,Lactobacillales,Lactobacillaceae,Lactobacillus,Lactobacillus_mucosae,Bacteria,Firmicutes,Clostridia,Clostridia_vadinBB60_group,metagenome,None,None,0.007789678675754625
Bacteria,Firmicutes,Bacilli,Lactobacillales,Lactobacillaceae,Lactobacillus,Lactobacillus_mucosae,Bacteria,Firmicutes,Clostridia,Clostridia_vadinBB60_group,wastewater_metagenome,None,None,0.007789678675754625
Bacteria,Firmicutes,Bacilli,Lactobacillales,Lactobacillaceae,Lactobacillus,Lactobacillus_mucosae,Bacteria,Firmicutes,Clostridia,Clostridiales,Christensenellaceae,Christensenella,PAC001427,0.009737098344693282
Bacteria,Firmicutes,Bacilli,Lactobacillales,Lactobacillaceae,Lactobacillus,Lactobacillus_mucosae,Bacteria,Firmicutes,Clostridia,Clostridiales,Christensenellaceae,Christensenella,PAC002297,0.009737098344693282
Bacteria,Firmicutes,Bacilli,Lactobacillales,Lactobacillaceae,Lactobacillus,Lactobacillus_mucosae,Bacteria,Firmicutes,Clostridia,Clostridiales,Christensenellaceae,PAC001115,PAC001444,0.009737098344693282
Bacteria,Firmicutes,Bacilli,Lactobacillales,Lactobacillaceae,Lactobacillus,Lactobacillus_mucosae,Bacteria,Firmicutes,Clostridia,Clostridiales,Christensenellaceae,PAC001437,PAC001486,0.009737098344693282
Bacteria,Firmicutes,Bacilli,Lactobacillales,Lactobacillaceae,Lactobacillus,Lactobacillus_mucosae,Bacteria,Firmicutes,Clostridia,Clostridiales,Christensenellaceae,PAC001437,PAC002305,0.009737098344693282
Bacteria,Firmicutes,Bacilli,Lactobacillales,Lactobacillaceae,Lactobacillus,Lactobacillus_mucosae,Bacteria,Firmicutes,Clostridia,Clostridiales,Christensenellaceae,PAC002510,PAC002510,0.009737098344693282
Bacteria,Firmicutes,Bacilli,Lactobacillales,Lactobacillaceae,Lactobacillus,Lactobacillus_mucosae,Bacteria,Firmicutes,Clostridia,Clostridiales,Dehalobacterium,PAC002141,PAC002141,0.009737098344693282
Bacteria,Firmicutes,Bacilli,Lactobacillales,Lactobacillaceae,Lactobacillus,Lactobacillus_mucosae,Bacteria,Firmicutes,Clostridia,Clostridiales,Ruminococcaceae,PAC000742,PAC000742,0.009737098344693282
Bacteria,Firmicutes,Bacilli,Lactobacillales,Lactobacillaceae,Lactobacillus,Lactobacillus_mucosae,Bacteria,Firmicutes,Clostridia,Clostridiales,Ruminococcaceae,PAC001144,PAC001620,0.009737098344693282
Bacteria,Firmicutes,Bacilli,Lactobacillales,Lactobacillaceae,Lactobacillus,Lactobacillus_mucosae,Bacteria,Firmicutes,Clostridia,Clostridiales,Ruminococcaceae,PAC001313,PAC001649,0.009737098344693282
Bacteria,Firmicutes,Bacilli,Lactobacillales,Lactobacillaceae,Lactobacillus,Lactobacillus_mucosae,Bacteria,Firmicutes,Clostridia,Clostridiales,Ruminococcaceae,PAC002201,PAC002201,0.009737098344693282
Bacteria,Firmicutes,Bacilli,Lactobacillales,Lactobacillaceae,Lactobacillus,Lactobacillus_mucosae,Bacteria,Firmicutes,Clostridia,Eubacteriales,Eubacteriaceae,Eubacterium,None,0.008763388510223954
Bacteria,Firmicutes,Bacilli,Lactobacillales,Lactobacillaceae,Lactobacillus,Lactobacillus_mucosae,Bacteria,Firmicutes,Clostridia,Lachnospirales,Lachnospiraceae,Agathobacter,None,0.008763388510223954
Bacteria,Firmicutes,Bacilli,Lactobacillales,Lactobacillaceae,Lactobacillus,Lactobacillus_mucosae,Bacteria,Firmicutes,Clostridia,Lachnospirales,Lachnospiraceae,Anaerostipes,None,0.008763388510223954
Bacteria,Firmicutes,Bacilli,Lactobacillales,Lactobacillaceae,Lactobacillus,Lactobacillus_mucosae,Bacteria,Firmicutes,Clostridia,Lachnospirales,Lachnospiraceae,Blautia,None,0.008763388510223954
Bacteria,Firmicutes,Bacilli,Lactobacillales,Lactobacillaceae,Lactobacillus,Lactobacillus_mucosae,Bacteria,Firmicutes,Clostridia,Lachnospirales,Lachnospiraceae,Blautia,bacterium_mpn-isolate_group_20,0.009737098344693282
Bacteria,Firmicutes,Bacilli,Lactobacillales,Lactobacillaceae,Lactobacillus,Lactobacillus_mucosae,Bacteria,Firmicutes,Clostridia,Lachnospirales,Lachnospiraceae,Blautia,uncultured_Blautia_sp.,0.009737098344693282
Bacteria,Firmicutes,Bacilli,Lactobacillales,Lactobacillaceae,Lactobacillus,Lactobacillus_mucosae,Bacteria,Firmicutes,Clostridia,Lachnospirales,Lachnospiraceae,Coprococcus,None,0.008763388510223954
Bacteria,Firmicutes,Bacilli,Lactobacillales,Lactobacillaceae,Lactobacillus,Lactobacillus_mucosae,Bacteria,Firmicutes,Clostridia,Lachnospirales,Lachnospiraceae,Coprococcus,uncultured_Coprococcus_sp.,0.009737098344693282
Bacteria,Firmicutes,Bacilli,Lactobacillales,Lactobacillaceae,Lactobacillus,Lactobacillus_mucosae,Bacteria,Firmicutes,Clostridia,Lachnospirales,Lachnospiraceae,Dorea,None,0.008763388510223954
Bacteria,Firmicutes,Bacilli,Lactobacillales,Lactobacillaceae,Lactobacillus,Lactobacillus_mucosae,Bacteria,Firmicutes,Clostridia,Lachnospirales,Lachnospiraceae,Eisenbergiella,None,0.008763388510223954
Bacteria,Firmicutes,Bacilli,Lactobacillales,Lactobacillaceae,Lactobacillus,Lactobacillus_mucosae,Bacteria,Firmicutes,Clostridia,Lachnospirales,Lachnospiraceae,Frisingicoccus,None,0.008763388510223954
Bacteria,Firmicutes,Bacilli,Lactobacillales,Lactobacillaceae,Lactobacillus,Lactobacillus_mucosae,Bacteria,Firmicutes,Clostridia,Lachnospirales,Lachnospiraceae,Fusicatenibacter,uncultured_Lachnospiraceae_bacterium,0.009737098344693282
Bacteria,Firmicutes,Bacilli,Lactobacillales,Lactobacillaceae,Lactobacillus,Lactobacillus_mucosae,Bacteria,Firmicutes,Clostridia,Lachnospirales,Lachnospiraceae,GCA-900066575,None,0.008763388510223954
Bacteria,Firmicutes,Bacilli,Lactobacillales,Lactobacillaceae,Lactobacillus,Lactobacillus_mucosae,Bacteria,Firmicutes,Clostridia,Lachnospirales,Lachnospiraceae,GCA-900066575,metagenome,0.009737098344693282
Bacteria,Firmicutes,Bacilli,Lactobacillales,Lactobacillaceae,Lactobacillus,Lactobacillus_mucosae,Bacteria,Firmicutes,Clostridia,Lachnospirales,Lachnospiraceae,GCA-900066755,None,0.008763388510223954
Bacteria,Firmicutes,Bacilli,Lactobacillales,Lactobacillaceae,Lactobacillus,Lactobacillus_mucosae,Bacteria,Firmicutes,Clostridia,Lachnospirales,Lachnospiraceae,Hungatella,metagenome,0.009737098344693282
Bacteria,Firmicutes,Bacilli,Lactobacillales,Lactobacillaceae,Lactobacillus,Lactobacillus_mucosae,Bacteria,Firmicutes,Clostridia,Lachnospirales,Lachnospiraceae,Lachnoclostridium,Clostridium_symbiosum,0.009737098344693282
Bacteria,Firmicutes,Bacilli,Lactobacillales,Lactobacillaceae,Lactobacillus,Lactobacillus_mucosae,Bacteria,Firmicutes,Clostridia,Lachnospirales,Lachnospiraceae,Lachnoclostridium,None,0.008763388510223954
Bacteria,Firmicutes,Bacilli,Lactobacillales,Lactobacillaceae,Lactobacillus,Lactobacillus_mucosae,Bacteria,Firmicutes,Clostridia,Lachnospirales,Lachnospiraceae,Lachnoclostridium,uncultured_Lachnospiraceae_bacterium,0.009737098344693282
Bacteria,Firmicutes,Bacilli,Lactobacillales,Lactobacillaceae,Lactobacillus,Lactobacillus_mucosae,Bacteria,Firmicutes,Clostridia,Lachnospirales,Lachnospiraceae,Lachnospiraceae_ND3007_group,metagenome,0.009737098344693282
Bacteria,Firmicutes,Bacilli,Lactobacillales,Lactobacillaceae,Lactobacillus,Lactobacillus_mucosae,Bacteria,Firmicutes,Clostridia,Lachnospirales,Lachnospiraceae,Lachnospiraceae_NK4A136_group,None,0.008763388510223954
Bacteria,Firmicutes,Bacilli,Lactobacillales,Lactobacillaceae,Lactobacillus,Lactobacillus_mucosae,Bacteria,Firmicutes,Clostridia,Lachnospirales,Lachnospiraceae,Lachnospiraceae_NK4A136_group,uncultured_Lachnospiraceae_bacterium,0.009737098344693282
Bacteria,Firmicutes,Bacilli,Lactobacillales,Lactobacillaceae,Lactobacillus,Lactobacillus_mucosae,Bacteria,Firmicutes,Clostridia,Lachnospirales,Lachnospiraceae,Lachnospiraceae_NK4A136_group,uncultured_bacterium_Adhufec49.25,0.009737098344693282
Bacteria,Firmicutes,Bacilli,Lactobacillales,Lactobacillaceae,Lactobacillus,Lactobacillus_mucosae,Bacteria,Firmicutes,Clostridia,Lachnospirales,Lachnospiraceae,Lachnospiraceae_NK4B4_group,None,0.008763388510223954
Bacteria,Firmicutes,Bacilli,Lactobacillales,Lactobacillaceae,Lactobacillus,Lactobacillus_mucosae,Bacteria,Firmicutes,Clostridia,Lachnospirales,Lachnospiraceae,Lachnospiraceae_UCG-001,metagenome,0.009737098344693282
Bacteria,Firmicutes,Bacilli,Lactobacillales,Lactobacillaceae,Lactobacillus,Lactobacillus_mucosae,Bacteria,Firmicutes,Clostridia,Lachnospirales,Lachnospiraceae,Lachnospiraceae_UCG-004,None,0.008763388510223954
Bacteria,Firmicutes,Bacilli,Lactobacillales,Lactobacillaceae,Lactobacillus,Lactobacillus_mucosae,Bacteria,Firmicutes,Clostridia,Lachnospirales,Lachnospiraceae,Lachnospiraceae_UCG-008,metagenome,0.009737098344693282
Bacteria,Firmicutes,Bacilli,Lactobacillales,Lactobacillaceae,Lactobacillus,Lactobacillus_mucosae,Bacteria,Firmicutes,Clostridia,Lachnospirales,Lachnospiraceae,Lachnospiraceae_UCG-010,None,0.008763388510223954
Bacteria,Firmicutes,Bacilli,Lactobacillales,Lactobacillaceae,Lactobacillus,Lactobacillus_mucosae,Bacteria,Firmicutes,Clostridia,Lachnospirales,Lachnospiraceae,Marvinbryantia,None,0.008763388510223954
Bacteria,Firmicutes,Bacilli,Lactobacillales,Lactobacillaceae,Lactobacillus,Lactobacillus_mucosae,Bacteria,Firmicutes,Clostridia,Lachnospirales,Lachnospiraceae,Marvinbryantia,unidentified,0.009737098344693282
Bacteria,Firmicutes,Bacilli,Lactobacillales,Lactobacillaceae,Lactobacillus,Lactobacillus_mucosae,Bacteria,Firmicutes,Clostridia,Lachnospirales,Lachnospiraceae,Roseburia,None,0.008763388510223954
Bacteria,Firmicutes,Bacilli,Lactobacillales,Lactobacillaceae,Lactobacillus,Lactobacillus_mucosae,Bacteria,Firmicutes,Clostridia,Lachnospirales,Lachnospiraceae,Roseburia,gut_metagenome,0.009737098344693282
Bacteria,Firmicutes,Bacilli,Lactobacillales,Lactobacillaceae,Lactobacillus,Lactobacillus_mucosae,Bacteria,Firmicutes,Clostridia,Lachnospirales,Lachnospiraceae,Tuzzerella,None,0.008763388510223954
Bacteria,Firmicutes,Bacilli,Lactobacillales,Lactobacillaceae,Lactobacillus,Lactobacillus_mucosae,Bacteria,Firmicutes,Clostridia,Lachnospirales,Lachnospiraceae,Tyzzerella,None,0.008763388510223954
Bacteria,Firmicutes,Bacilli,Lactobacillales,Lactobacillaceae,Lactobacillus,Lactobacillus_mucosae,Bacteria,Firmicutes,Clostridia,Lachnospirales,Lachnospiraceae,Eubacterium_hallii_group,None,0.008763388510223954
Bacteria,Firmicutes,Bacilli,Lactobacillales,Lactobacillaceae,Lactobacillus,Lactobacillus_mucosae,Bacteria,Firmicutes,Clostridia,Lachnospirales,Lachnospiraceae,Eubacterium_ventriosum_group,metagenome,0.009737098344693282
Bacteria,Firmicutes,Bacilli,Lactobacillales,Lactobacillaceae,Lactobacillus,Lactobacillus_mucosae,Bacteria,Firmicutes,Clostridia,Lachnospirales,Lachnospiraceae,Ruminococcus_gauvreauii_group,uncultured_Lachnospiraceae_bacterium,0.009737098344693282
Bacteria,Firmicutes,Bacilli,Lactobacillales,Lactobacillaceae,Lactobacillus,Lactobacillus_mucosae,Bacteria,Firmicutes,Clostridia,Lachnospirales,Lachnospiraceae,Ruminococcus_gnavus_group,None,0.008763388510223954
Bacteria,Firmicutes,Bacilli,Lactobacillales,Lactobacillaceae,Lactobacillus,Lactobacillus_mucosae,Bacteria,Firmicutes,Clostridia,Lachnospirales,Lachnospiraceae,Ruminococcus_torques_group,Clostridiaceae_bacterium_LEMV78,0.009737098344693282
Bacteria,Firmicutes,Bacilli,Lactobacillales,Lactobacillaceae,Lactobacillus,Lactobacillus_mucosae,Bacteria,Firmicutes,Clostridia,Lachnospirales,Lachnospiraceae,Ruminococcus_torques_group,None,0.008763388510223954
Bacteria,Firmicutes,Bacilli,Lactobacillales,Lactobacillaceae,Lactobacillus,Lactobacillus_mucosae,Bacteria,Firmicutes,Clostridia,Lachnospirales,Lachnospiraceae,None,None,0.007789678675754625
Bacteria,Firmicutes,Bacilli,Lactobacillales,Lactobacillaceae,Lactobacillus,Lactobacillus_mucosae,Bacteria,Firmicutes,Clostridia,Lachnospirales,Lachnospiraceae,uncultured,None,0.008763388510223954
Bacteria,Firmicutes,Bacilli,Lactobacillales,Lactobacillaceae,Lactobacillus,Lactobacillus_mucosae,Bacteria,Firmicutes,Clostridia,Monoglobales,Monoglobaceae,Monoglobus,None,0.008763388510223954
Bacteria,Firmicutes,Bacilli,Lactobacillales,Lactobacillaceae,Lactobacillus,Lactobacillus_mucosae,Bacteria,Firmicutes,Clostridia,Oscillospirales,Butyricicoccaceae,Butyricicoccus,None,0.008763388510223954
Bacteria,Firmicutes,Bacilli,Lactobacillales,Lactobacillaceae,Lactobacillus,Lactobacillus_mucosae,Bacteria,Firmicutes,Clostridia,Oscillospirales,Hydrogenoanaerobacterium,None,None,0.007789678675754625
Bacteria,Firmicutes,Bacilli,Lactobacillales,Lactobacillaceae,Lactobacillus,Lactobacillus_mucosae,Bacteria,Firmicutes,Clostridia,Oscillospirales,Oscillospiraceae,Colidextribacter,None,0.008763388510223954
Bacteria,Firmicutes,Bacilli,Lactobacillales,Lactobacillaceae,Lactobacillus,Lactobacillus_mucosae,Bacteria,Firmicutes,Clostridia,Oscillospirales,Oscillospiraceae,Colidextribacter,metagenome,0.009737098344693282
Bacteria,Firmicutes,Bacilli,Lactobacillales,Lactobacillaceae,Lactobacillus,Lactobacillus_mucosae,Bacteria,Firmicutes,Clostridia,Oscillospirales,Oscillospiraceae,Flavonifractor,None,0.008763388510223954
Bacteria,Firmicutes,Bacilli,Lactobacillales,Lactobacillaceae,Lactobacillus,Lactobacillus_mucosae,Bacteria,Firmicutes,Clostridia,Oscillospirales,Oscillospiraceae,Intestinimonas,None,0.008763388510223954
Bacteria,Firmicutes,Bacilli,Lactobacillales,Lactobacillaceae,Lactobacillus,Lactobacillus_mucosae,Bacteria,Firmicutes,Clostridia,Oscillospirales,Oscillospiraceae,Intestinimonas,uncultured,0.009737098344693282
Bacteria,Firmicutes,Bacilli,Lactobacillales,Lactobacillaceae,Lactobacillus,Lactobacillus_mucosae,Bacteria,Firmicutes,Clostridia,Oscillospirales,Oscillospiraceae,NK4A214_group,None,0.008763388510223954
Bacteria,Firmicutes,Bacilli,Lactobacillales,Lactobacillaceae,Lactobacillus,Lactobacillus_mucosae,Bacteria,Firmicutes,Clostridia,Oscillospirales,Oscillospiraceae,Oscillibacter,None,0.008763388510223954
Bacteria,Firmicutes,Bacilli,Lactobacillales,Lactobacillaceae,Lactobacillus,Lactobacillus_mucosae,Bacteria,Firmicutes,Clostridia,Oscillospirales,Oscillospiraceae,Oscillibacter,metagenome,0.009737098344693282
Bacteria,Firmicutes,Bacilli,Lactobacillales,Lactobacillaceae,Lactobacillus,Lactobacillus_mucosae,Bacteria,Firmicutes,Clostridia,Oscillospirales,Oscillospiraceae,Oscillospira,None,0.008763388510223954
Bacteria,Firmicutes,Bacilli,Lactobacillales,Lactobacillaceae,Lactobacillus,Lactobacillus_mucosae,Bacteria,Firmicutes,Clostridia,Oscillospirales,Oscillospiraceae,UCG-002,None,0.008763388510223954
Bacteria,Firmicutes,Bacilli,Lactobacillales,Lactobacillaceae,Lactobacillus,Lactobacillus_mucosae,Bacteria,Firmicutes,Clostridia,Oscillospirales,Oscillospiraceae,UCG-003,None,0.008763388510223954
Bacteria,Firmicutes,Bacilli,Lactobacillales,Lactobacillaceae,Lactobacillus,Lactobacillus_mucosae,Bacteria,Firmicutes,Clostridia,Oscillospirales,Oscillospiraceae,UCG-005,None,0.008763388510223954
Bacteria,Firmicutes,Bacilli,Lactobacillales,Lactobacillaceae,Lactobacillus,Lactobacillus_mucosae,Bacteria,Firmicutes,Clostridia,Oscillospirales,Oscillospiraceae,UCG-005,metagenome,0.009737098344693282
Bacteria,Firmicutes,Bacilli,Lactobacillales,Lactobacillaceae,Lactobacillus,Lactobacillus_mucosae,Bacteria,Firmicutes,Clostridia,Oscillospirales,Oscillospiraceae,UCG-005,uncultured_Clostridiales_bacterium,0.009737098344693282
Bacteria,Firmicutes,Bacilli,Lactobacillales,Lactobacillaceae,Lactobacillus,Lactobacillus_mucosae,Bacteria,Firmicutes,Clostridia,Oscillospirales,Oscillospiraceae,UCG-005,uncultured_rumen_bacterium,0.009737098344693282
Bacteria,Firmicutes,Bacilli,Lactobacillales,Lactobacillaceae,Lactobacillus,Lactobacillus_mucosae,Bacteria,Firmicutes,Clostridia,Oscillospirales,Oscillospiraceae,None,None,0.007789678675754625
Bacteria,Firmicutes,Bacilli,Lactobacillales,Lactobacillaceae,Lactobacillus,Lactobacillus_mucosae,Bacteria,Firmicutes,Clostridia,Oscillospirales,Oscillospiraceae,uncultured,metagenome,0.009737098344693282
Bacteria,Firmicutes,Bacilli,Lactobacillales,Lactobacillaceae,Lactobacillus,Lactobacillus_mucosae,Bacteria,Firmicutes,Clostridia,Oscillospirales,Oscillospiraceae,uncultured,unidentified,0.009737098344693282
Bacteria,Firmicutes,Bacilli,Lactobacillales,Lactobacillaceae,Lactobacillus,Lactobacillus_mucosae,Bacteria,Firmicutes,Clostridia,Oscillospirales,Ruminococcaceae,Anaerofilum,uncultured_Firmicutes_bacterium,0.009737098344693282
Bacteria,Firmicutes,Bacilli,Lactobacillales,Lactobacillaceae,Lactobacillus,Lactobacillus_mucosae,Bacteria,Firmicutes,Clostridia,Oscillospirales,Ruminococcaceae,Anaerotruncus,Anaerotruncus_rubiinfantis,0.009737098344693282
Bacteria,Firmicutes,Bacilli,Lactobacillales,Lactobacillaceae,Lactobacillus,Lactobacillus_mucosae,Bacteria,Firmicutes,Clostridia,Oscillospirales,Ruminococcaceae,Anaerotruncus,Anaerotruncus_sp._NML_070203,0.009737098344693282
Bacteria,Firmicutes,Bacilli,Lactobacillales,Lactobacillaceae,Lactobacillus,Lactobacillus_mucosae,Bacteria,Firmicutes,Clostridia,Oscillospirales,Ruminococcaceae,Candidatus_Soleaferrea,Neobitarella_massiliensis,0.009737098344693282
Bacteria,Firmicutes,Bacilli,Lactobacillales,Lactobacillaceae,Lactobacillus,Lactobacillus_mucosae,Bacteria,Firmicutes,Clostridia,Oscillospirales,Ruminococcaceae,Candidatus_Soleaferrea,None,0.008763388510223954
Bacteria,Firmicutes,Bacilli,Lactobacillales,Lactobacillaceae,Lactobacillus,Lactobacillus_mucosae,Bacteria,Firmicutes,Clostridia,Oscillospirales,Ruminococcaceae,DTU089,None,0.008763388510223954
Bacteria,Firmicutes,Bacilli,Lactobacillales,Lactobacillaceae,Lactobacillus,Lactobacillus_mucosae,Bacteria,Firmicutes,Clostridia,Oscillospirales,Ruminococcaceae,Faecalibacterium,None,0.008763388510223954
Bacteria,Firmicutes,Bacilli,Lactobacillales,Lactobacillaceae,Lactobacillus,Lactobacillus_mucosae,Bacteria,Firmicutes,Clostridia,Oscillospirales,Ruminococcaceae,Fournierella,uncultured_organism,0.009737098344693282
Bacteria,Firmicutes,Bacilli,Lactobacillales,Lactobacillaceae,Lactobacillus,Lactobacillus_mucosae,Bacteria,Firmicutes,Clostridia,Oscillospirales,Ruminococcaceae,Incertae_Sedis,metagenome,0.009737098344693282
Bacteria,Firmicutes,Bacilli,Lactobacillales,Lactobacillaceae,Lactobacillus,Lactobacillus_mucosae,Bacteria,Firmicutes,Clostridia,Oscillospirales,Ruminococcaceae,Incertae_Sedis,None,0.008763388510223954
Bacteria,Firmicutes,Bacilli,Lactobacillales,Lactobacillaceae,Lactobacillus,Lactobacillus_mucosae,Bacteria,Firmicutes,Clostridia,Oscillospirales,Ruminococcaceae,Negativibacillus,None,0.008763388510223954
Bacteria,Firmicutes,Bacilli,Lactobacillales,Lactobacillaceae,Lactobacillus,Lactobacillus_mucosae,Bacteria,Firmicutes,Clostridia,Oscillospirales,Ruminococcaceae,Ruminococcus,Ruminococcus_champanellensis,0.009737098344693282
Bacteria,Firmicutes,Bacilli,Lactobacillales,Lactobacillaceae,Lactobacillus,Lactobacillus_mucosae,Bacteria,Firmicutes,Clostridia,Oscillospirales,Ruminococcaceae,Ruminococcus,None,0.008763388510223954
Bacteria,Firmicutes,Bacilli,Lactobacillales,Lactobacillaceae,Lactobacillus,Lactobacillus_mucosae,Bacteria,Firmicutes,Clostridia,Oscillospirales,Ruminococcaceae,Subdoligranulum,None,0.008763388510223954
Bacteria,Firmicutes,Bacilli,Lactobacillales,Lactobacillaceae,Lactobacillus,Lactobacillus_mucosae,Bacteria,Firmicutes,Clostridia,Oscillospirales,Ruminococcaceae,UBA1819,None,0.008763388510223954
Bacteria,Firmicutes,Bacilli,Lactobacillales,Lactobacillaceae,Lactobacillus,Lactobacillus_mucosae,Bacteria,Firmicutes,Clostridia,Oscillospirales,Ruminococcaceae,Eubacterium_siraeum_group,None,0.008763388510223954
Bacteria,Firmicutes,Bacilli,Lactobacillales,Lactobacillaceae,Lactobacillus,Lactobacillus_mucosae,Bacteria,Firmicutes,Clostridia,Oscillospirales,Ruminococcaceae,None,None,0.007789678675754625
Bacteria,Firmicutes,Bacilli,Lactobacillales,Lactobacillaceae,Lactobacillus,Lactobacillus_mucosae,Bacteria,Firmicutes,Clostridia,Oscillospirales,UCG-010,None,None,0.007789678675754625
Bacteria,Firmicutes,Bacilli,Lactobacillales,Lactobacillaceae,Lactobacillus,Lactobacillus_mucosae,Bacteria,Firmicutes,Clostridia,Oscillospirales,UCG-010,metagenome,None,0.008763388510223954
Bacteria,Firmicutes,Bacilli,Lactobacillales,Lactobacillaceae,Lactobacillus,Lactobacillus_mucosae,Bacteria,Firmicutes,Clostridia,Oscillospirales,UCG-010,uncultured_bacterium,None,0.008763388510223954
Bacteria,Firmicutes,Bacilli,Lactobacillales,Lactobacillaceae,Lactobacillus,Lactobacillus_mucosae,Bacteria,Firmicutes,Clostridia,Oscillospirales,UCG-010,uncultured_organism,None,0.008763388510223954
Bacteria,Firmicutes,Bacilli,Lactobacillales,Lactobacillaceae,Lactobacillus,Lactobacillus_mucosae,Bacteria,Firmicutes,Clostridia,Oscillospirales,Clostridium_methylpentosum_group,None,None,0.007789678675754625
Bacteria,Firmicutes,Bacilli,Lactobacillales,Lactobacillaceae,Lactobacillus,Lactobacillus_mucosae,Bacteria,Firmicutes,Clostridia,Oscillospirales,Eubacterium_coprostanoligenes_group,None,None,0.007789678675754625
Bacteria,Firmicutes,Bacilli,Lactobacillales,Lactobacillaceae,Lactobacillus,Lactobacillus_mucosae,Bacteria,Firmicutes,Clostridia,Oscillospirales,None,None,None,0.006815968841285297
Bacteria,Firmicutes,Bacilli,Lactobacillales,Lactobacillaceae,Lactobacillus,Lactobacillus_mucosae,Bacteria,Firmicutes,Clostridia,Peptococcales,Peptococcaceae,uncultured,None,0.008763388510223954
Bacteria,Firmicutes,Bacilli,Lactobacillales,Lactobacillaceae,Lactobacillus,Lactobacillus_mucosae,Bacteria,Firmicutes,Clostridia,Peptostreptococcales-Tissierellales,Anaerovoracaceae,Family_XIII_AD3011_group,metagenome,0.009737098344693282
Bacteria,Firmicutes,Bacilli,Lactobacillales,Lactobacillaceae,Lactobacillus,Lactobacillus_mucosae,Bacteria,Firmicutes,Clostridia,Peptostreptococcales-Tissierellales,Anaerovoracaceae,Family_XIII_AD3011_group,None,0.008763388510223954
Bacteria,Firmicutes,Bacilli,Lactobacillales,Lactobacillaceae,Lactobacillus,Lactobacillus_mucosae,Bacteria,Firmicutes,Clostridia,Peptostreptococcales-Tissierellales,Anaerovoracaceae,Family_XIII_AD3011_group,uncultured,0.009737098344693282
Bacteria,Firmicutes,Bacilli,Lactobacillales,Lactobacillaceae,Lactobacillus,Lactobacillus_mucosae,Bacteria,Firmicutes,Clostridia,Peptostreptococcales-Tissierellales,Anaerovoracaceae,Family_XIII_UCG-001,metagenome,0.009737098344693282
Bacteria,Firmicutes,Bacilli,Lactobacillales,Lactobacillaceae,Lactobacillus,Lactobacillus_mucosae,Bacteria,Firmicutes,Clostridia,Peptostreptococcales-Tissierellales,Anaerovoracaceae,Eubacterium_nodatum_group,None,0.008763388510223954
Bacteria,Firmicutes,Bacilli,Lactobacillales,Lactobacillaceae,Lactobacillus,Lactobacillus_mucosae,Bacteria,Firmicutes,Clostridia,Peptostreptococcales-Tissierellales,Anaerovoracaceae,None,None,0.007789678675754625
Bacteria,Firmicutes,Bacilli,Lactobacillales,Lactobacillaceae,Lactobacillus,Lactobacillus_mucosae,Bacteria,Firmicutes,Clostridia,Peptostreptococcales-Tissierellales,Parvimonas,None,None,0.007789678675754625
Bacteria,Firmicutes,Bacilli,Lactobacillales,Lactobacillaceae,Lactobacillus,Lactobacillus_mucosae,Bacteria,Firmicutes,Clostridia,None,None,None,None,0.005842259006815969
Bacteria,Firmicutes,Bacilli,Lactobacillales,Lactobacillaceae,Lactobacillus,Lactobacillus_mucosae,Bacteria,Firmicutes,Incertae_Sedis,DTU014,unidentified,None,None,0.007789678675754625
Bacteria,Firmicutes,Bacilli,Lactobacillales,Lactobacillaceae,Lactobacillus,Lactobacillus_mucosae,Bacteria,Firmicutes,Limnochordia,M55-D21,uncultured_compost_bacterium,None,None,0.007789678675754625
Bacteria,Firmicutes,Bacilli,Lactobacillales,Lactobacillaceae,Lactobacillus,Lactobacillus_mucosae,Bacteria,Firmicutes,Negativicutes,Acidaminococcales,Acidaminococcaceae,Phascolarctobacterium,None,0.008763388510223954
Bacteria,Firmicutes,Bacilli,Lactobacillales,Lactobacillaceae,Lactobacillus,Lactobacillus_mucosae,Bacteria,Firmicutes,None,None,None,None,None,0.004868549172346641
Bacteria,Firmicutes,Bacilli,Lactobacillales,Lactobacillaceae,Lactobacillus,Lactobacillus_mucosae,Bacteria,Firmicutes,uncultured,uncultured_Peptococcaceae_bacterium,None,None,None,0.006815968841285297
Bacteria,Firmicutes,Bacilli,Lactobacillales,Lactobacillaceae,Lactobacillus,Lactobacillus_mucosae,Bacteria,Proteobacteria,Alphaproteobacteria,Rhodospirillales,uncultured,None,None,0.009737098344693282
Bacteria,Firmicutes,Bacilli,Lactobacillales,Lactobacillaceae,Lactobacillus,Lactobacillus_mucosae,Bacteria,Proteobacteria,Gammaproteobacteria,Burkholderiales,Sutterellaceae,Sutterella,Sutterella_sp._252,0.011684518013631937
Bacteria,Firmicutes,Bacilli,Lactobacillales,Lactobacillaceae,Lactobacillus,Lactobacillus_mucosae,Bacteria,Proteobacteria,Gammaproteobacteria,Enterobacterales,Enterobacteriaceae,Escherichia-Shigella,None,0.010710808179162609
Bacteria,Firmicutes,Bacilli,Lactobacillales,Lactobacillaceae,Lactobacillus,Lactobacillus_mucosae,Bacteria,Proteobacteria,Gammaproteobacteria,Enterobacterales,Enterobacteriaceae,Klebsiella,None,0.010710808179162609
Bacteria,Firmicutes,Bacilli,Lactobacillales,Lactobacillaceae,Lactobacillus,Lactobacillus_mucosae,Bacteria,Proteobacteria,Gammaproteobacteria,Enterobacterales,Enterobacteriaceae,None,None,0.009737098344693282
Bacteria,Firmicutes,Bacilli,Lactobacillales,Lactobacillaceae,Lactobacillus,Lactobacillus_mucosae,Bacteria,Proteobacteria,Gammaproteobacteria,Pseudomonadales,Pseudomonadaceae,Pseudomonas,None,0.010710808179162609
Bacteria,Firmicutes,Bacilli,Lactobacillales,Lactobacillaceae,Lactobacillus,Lactobacillus_mucosae,Bacteria,Synergistota,Synergistia,Synergistales,Synergistaceae,Cloacibacillus,None,0.010710808179162609
Bacteria,Firmicutes,Bacilli,Lactobacillales,Lactobacillaceae,Lactobacillus,Lactobacillus_mucosae,Bacteria,Verrucomicrobiota,Verrucomicrobiae,Verrucomicrobiales,Akkermansiaceae,Akkermansia,None,0.010710808179162609
Bacteria,Firmicutes,Bacilli,Lactobacillales,Streptococcaceae,Lactococcus,None,Bacteria,Firmicutes,Bacilli,Lactobacillales,Streptococcaceae,Streptococcus,Streptococcus_sp._oral_taxon_065,0.0029211295034079843
Bacteria,Firmicutes,Bacilli,Lactobacillales,Streptococcaceae,Lactococcus,None,Bacteria,Firmicutes,Bacilli,Lactobacillales,Streptococcaceae,Streptococcus,None,0.0019474196689386564
Bacteria,Firmicutes,Bacilli,Lactobacillales,Streptococcaceae,Lactococcus,None,Bacteria,Firmicutes,Clostridia,Christensenellales,Christensenellaceae,Christensenellaceae_R-7_group,Christensenella_sp._Marseille-P3954,0.008763388510223954
Bacteria,Firmicutes,Bacilli,Lactobacillales,Streptococcaceae,Lactococcus,None,Bacteria,Firmicutes,Clostridia,Christensenellales,Christensenellaceae,Christensenellaceae_R-7_group,Clostridiales_bacterium_Marseille-P2846,0.008763388510223954
Bacteria,Firmicutes,Bacilli,Lactobacillales,Streptococcaceae,Lactococcus,None,Bacteria,Firmicutes,Clostridia,Christensenellales,Christensenellaceae,Christensenellaceae_R-7_group,None,0.007789678675754625
Bacteria,Firmicutes,Bacilli,Lactobacillales,Streptococcaceae,Lactococcus,None,Bacteria,Firmicutes,Clostridia,Christensenellales,Christensenellaceae,Christensenellaceae_R-7_group,bacterium_YE57,0.008763388510223954
Bacteria,Firmicutes,Bacilli,Lactobacillales,Streptococcaceae,Lactococcus,None,Bacteria,Firmicutes,Clostridia,Christensenellales,Christensenellaceae,Christensenellaceae_R-7_group,metagenome,0.008763388510223954
Bacteria,Firmicutes,Bacilli,Lactobacillales,Streptococcaceae,Lactococcus,None,Bacteria,Firmicutes,Clostridia,Christensenellales,Christensenellaceae,Christensenellaceae_R-7_group,uncultured_Firmicutes_bacterium,0.008763388510223954
Bacteria,Firmicutes,Bacilli,Lactobacillales,Streptococcaceae,Lactococcus,None,Bacteria,Firmicutes,Clostridia,Christensenellales,Christensenellaceae,Christensenellaceae_R-7_group,uncultured_marine_bacterium,0.008763388510223954
Bacteria,Firmicutes,Bacilli,Lactobacillales,Streptococcaceae,Lactococcus,None,Bacteria,Firmicutes,Clostridia,Christensenellales,Christensenellaceae,Christensenellaceae_R-7_group,uncultured_organism,0.008763388510223954
Bacteria,Firmicutes,Bacilli,Lactobacillales,Streptococcaceae,Lactococcus,None,Bacteria,Firmicutes,Clostridia,Christensenellales,Christensenellaceae,None,None,0.006815968841285297
Bacteria,Firmicutes,Bacilli,Lactobacillales,Streptococcaceae,Lactococcus,None,Bacteria,Firmicutes,Clostridia,Clostridia_vadinBB60_group,metagenome,None,None,0.006815968841285297
Bacteria,Firmicutes,Bacilli,Lactobacillales,Streptococcaceae,Lactococcus,None,Bacteria,Firmicutes,Clostridia,Clostridia_vadinBB60_group,wastewater_metagenome,None,None,0.006815968841285297
Bacteria,Firmicutes,Bacilli,Lactobacillales,Streptococcaceae,Lactococcus,None,Bacteria,Firmicutes,Clostridia,Clostridiales,Christensenellaceae,Christensenella,PAC001427,0.008763388510223954
Bacteria,Firmicutes,Bacilli,Lactobacillales,Streptococcaceae,Lactococcus,None,Bacteria,Firmicutes,Clostridia,Clostridiales,Christensenellaceae,Christensenella,PAC002297,0.008763388510223954
Bacteria,Firmicutes,Bacilli,Lactobacillales,Streptococcaceae,Lactococcus,None,Bacteria,Firmicutes,Clostridia,Clostridiales,Christensenellaceae,PAC001115,PAC001444,0.008763388510223954
Bacteria,Firmicutes,Bacilli,Lactobacillales,Streptococcaceae,Lactococcus,None,Bacteria,Firmicutes,Clostridia,Clostridiales,Christensenellaceae,PAC001437,PAC001486,0.008763388510223954
Bacteria,Firmicutes,Bacilli,Lactobacillales,Streptococcaceae,Lactococcus,None,Bacteria,Firmicutes,Clostridia,Clostridiales,Christensenellaceae,PAC001437,PAC002305,0.008763388510223954
Bacteria,Firmicutes,Bacilli,Lactobacillales,Streptococcaceae,Lactococcus,None,Bacteria,Firmicutes,Clostridia,Clostridiales,Christensenellaceae,PAC002510,PAC002510,0.008763388510223954
Bacteria,Firmicutes,Bacilli,Lactobacillales,Streptococcaceae,Lactococcus,None,Bacteria,Firmicutes,Clostridia,Clostridiales,Dehalobacterium,PAC002141,PAC002141,0.008763388510223954
Bacteria,Firmicutes,Bacilli,Lactobacillales,Streptococcaceae,Lactococcus,None,Bacteria,Firmicutes,Clostridia,Clostridiales,Ruminococcaceae,PAC000742,PAC000742,0.008763388510223954
Bacteria,Firmicutes,Bacilli,Lactobacillales,Streptococcaceae,Lactococcus,None,Bacteria,Firmicutes,Clostridia,Clostridiales,Ruminococcaceae,PAC001144,PAC001620,0.008763388510223954
Bacteria,Firmicutes,Bacilli,Lactobacillales,Streptococcaceae,Lactococcus,None,Bacteria,Firmicutes,Clostridia,Clostridiales,Ruminococcaceae,PAC001313,PAC001649,0.008763388510223954
Bacteria,Firmicutes,Bacilli,Lactobacillales,Streptococcaceae,Lactococcus,None,Bacteria,Firmicutes,Clostridia,Clostridiales,Ruminococcaceae,PAC002201,PAC002201,0.008763388510223954
Bacteria,Firmicutes,Bacilli,Lactobacillales,Streptococcaceae,Lactococcus,None,Bacteria,Firmicutes,Clostridia,Eubacteriales,Eubacteriaceae,Eubacterium,None,0.007789678675754625
Bacteria,Firmicutes,Bacilli,Lactobacillales,Streptococcaceae,Lactococcus,None,Bacteria,Firmicutes,Clostridia,Lachnospirales,Lachnospiraceae,Agathobacter,None,0.007789678675754625
Bacteria,Firmicutes,Bacilli,Lactobacillales,Streptococcaceae,Lactococcus,None,Bacteria,Firmicutes,Clostridia,Lachnospirales,Lachnospiraceae,Anaerostipes,None,0.007789678675754625
Bacteria,Firmicutes,Bacilli,Lactobacillales,Streptococcaceae,Lactococcus,None,Bacteria,Firmicutes,Clostridia,Lachnospirales,Lachnospiraceae,Blautia,None,0.007789678675754625
Bacteria,Firmicutes,Bacilli,Lactobacillales,Streptococcaceae,Lactococcus,None,Bacteria,Firmicutes,Clostridia,Lachnospirales,Lachnospiraceae,Blautia,bacterium_mpn-isolate_group_20,0.008763388510223954
Bacteria,Firmicutes,Bacilli,Lactobacillales,Streptococcaceae,Lactococcus,None,Bacteria,Firmicutes,Clostridia,Lachnospirales,Lachnospiraceae,Blautia,uncultured_Blautia_sp.,0.008763388510223954
Bacteria,Firmicutes,Bacilli,Lactobacillales,Streptococcaceae,Lactococcus,None,Bacteria,Firmicutes,Clostridia,Lachnospirales,Lachnospiraceae,Coprococcus,None,0.007789678675754625
Bacteria,Firmicutes,Bacilli,Lactobacillales,Streptococcaceae,Lactococcus,None,Bacteria,Firmicutes,Clostridia,Lachnospirales,Lachnospiraceae,Coprococcus,uncultured_Coprococcus_sp.,0.008763388510223954
Bacteria,Firmicutes,Bacilli,Lactobacillales,Streptococcaceae,Lactococcus,None,Bacteria,Firmicutes,Clostridia,Lachnospirales,Lachnospiraceae,Dorea,None,0.007789678675754625
Bacteria,Firmicutes,Bacilli,Lactobacillales,Streptococcaceae,Lactococcus,None,Bacteria,Firmicutes,Clostridia,Lachnospirales,Lachnospiraceae,Eisenbergiella,None,0.007789678675754625
Bacteria,Firmicutes,Bacilli,Lactobacillales,Streptococcaceae,Lactococcus,None,Bacteria,Firmicutes,Clostridia,Lachnospirales,Lachnospiraceae,Frisingicoccus,None,0.007789678675754625
Bacteria,Firmicutes,Bacilli,Lactobacillales,Streptococcaceae,Lactococcus,None,Bacteria,Firmicutes,Clostridia,Lachnospirales,Lachnospiraceae,Fusicatenibacter,uncultured_Lachnospiraceae_bacterium,0.008763388510223954
Bacteria,Firmicutes,Bacilli,Lactobacillales,Streptococcaceae,Lactococcus,None,Bacteria,Firmicutes,Clostridia,Lachnospirales,Lachnospiraceae,GCA-900066575,None,0.007789678675754625
Bacteria,Firmicutes,Bacilli,Lactobacillales,Streptococcaceae,Lactococcus,None,Bacteria,Firmicutes,Clostridia,Lachnospirales,Lachnospiraceae,GCA-900066575,metagenome,0.008763388510223954
Bacteria,Firmicutes,Bacilli,Lactobacillales,Streptococcaceae,Lactococcus,None,Bacteria,Firmicutes,Clostridia,Lachnospirales,Lachnospiraceae,GCA-900066755,None,0.007789678675754625
Bacteria,Firmicutes,Bacilli,Lactobacillales,Streptococcaceae,Lactococcus,None,Bacteria,Firmicutes,Clostridia,Lachnospirales,Lachnospiraceae,Hungatella,metagenome,0.008763388510223954
Bacteria,Firmicutes,Bacilli,Lactobacillales,Streptococcaceae,Lactococcus,None,Bacteria,Firmicutes,Clostridia,Lachnospirales,Lachnospiraceae,Lachnoclostridium,Clostridium_symbiosum,0.008763388510223954
Bacteria,Firmicutes,Bacilli,Lactobacillales,Streptococcaceae,Lactococcus,None,Bacteria,Firmicutes,Clostridia,Lachnospirales,Lachnospiraceae,Lachnoclostridium,None,0.007789678675754625
Bacteria,Firmicutes,Bacilli,Lactobacillales,Streptococcaceae,Lactococcus,None,Bacteria,Firmicutes,Clostridia,Lachnospirales,Lachnospiraceae,Lachnoclostridium,uncultured_Lachnospiraceae_bacterium,0.008763388510223954
Bacteria,Firmicutes,Bacilli,Lactobacillales,Streptococcaceae,Lactococcus,None,Bacteria,Firmicutes,Clostridia,Lachnospirales,Lachnospiraceae,Lachnospiraceae_ND3007_group,metagenome,0.008763388510223954
Bacteria,Firmicutes,Bacilli,Lactobacillales,Streptococcaceae,Lactococcus,None,Bacteria,Firmicutes,Clostridia,Lachnospirales,Lachnospiraceae,Lachnospiraceae_NK4A136_group,None,0.007789678675754625
Bacteria,Firmicutes,Bacilli,Lactobacillales,Streptococcaceae,Lactococcus,None,Bacteria,Firmicutes,Clostridia,Lachnospirales,Lachnospiraceae,Lachnospiraceae_NK4A136_group,uncultured_Lachnospiraceae_bacterium,0.008763388510223954
Bacteria,Firmicutes,Bacilli,Lactobacillales,Streptococcaceae,Lactococcus,None,Bacteria,Firmicutes,Clostridia,Lachnospirales,Lachnospiraceae,Lachnospiraceae_NK4A136_group,uncultured_bacterium_Adhufec49.25,0.008763388510223954
Bacteria,Firmicutes,Bacilli,Lactobacillales,Streptococcaceae,Lactococcus,None,Bacteria,Firmicutes,Clostridia,Lachnospirales,Lachnospiraceae,Lachnospiraceae_NK4B4_group,None,0.007789678675754625
Bacteria,Firmicutes,Bacilli,Lactobacillales,Streptococcaceae,Lactococcus,None,Bacteria,Firmicutes,Clostridia,Lachnospirales,Lachnospiraceae,Lachnospiraceae_UCG-001,metagenome,0.008763388510223954
Bacteria,Firmicutes,Bacilli,Lactobacillales,Streptococcaceae,Lactococcus,None,Bacteria,Firmicutes,Clostridia,Lachnospirales,Lachnospiraceae,Lachnospiraceae_UCG-004,None,0.007789678675754625
Bacteria,Firmicutes,Bacilli,Lactobacillales,Streptococcaceae,Lactococcus,None,Bacteria,Firmicutes,Clostridia,Lachnospirales,Lachnospiraceae,Lachnospiraceae_UCG-008,metagenome,0.008763388510223954
Bacteria,Firmicutes,Bacilli,Lactobacillales,Streptococcaceae,Lactococcus,None,Bacteria,Firmicutes,Clostridia,Lachnospirales,Lachnospiraceae,Lachnospiraceae_UCG-010,None,0.007789678675754625
Bacteria,Firmicutes,Bacilli,Lactobacillales,Streptococcaceae,Lactococcus,None,Bacteria,Firmicutes,Clostridia,Lachnospirales,Lachnospiraceae,Marvinbryantia,None,0.007789678675754625
Bacteria,Firmicutes,Bacilli,Lactobacillales,Streptococcaceae,Lactococcus,None,Bacteria,Firmicutes,Clostridia,Lachnospirales,Lachnospiraceae,Marvinbryantia,unidentified,0.008763388510223954
Bacteria,Firmicutes,Bacilli,Lactobacillales,Streptococcaceae,Lactococcus,None,Bacteria,Firmicutes,Clostridia,Lachnospirales,Lachnospiraceae,Roseburia,None,0.007789678675754625
Bacteria,Firmicutes,Bacilli,Lactobacillales,Streptococcaceae,Lactococcus,None,Bacteria,Firmicutes,Clostridia,Lachnospirales,Lachnospiraceae,Roseburia,gut_metagenome,0.008763388510223954
Bacteria,Firmicutes,Bacilli,Lactobacillales,Streptococcaceae,Lactococcus,None,Bacteria,Firmicutes,Clostridia,Lachnospirales,Lachnospiraceae,Tuzzerella,None,0.007789678675754625
Bacteria,Firmicutes,Bacilli,Lactobacillales,Streptococcaceae,Lactococcus,None,Bacteria,Firmicutes,Clostridia,Lachnospirales,Lachnospiraceae,Tyzzerella,None,0.007789678675754625
Bacteria,Firmicutes,Bacilli,Lactobacillales,Streptococcaceae,Lactococcus,None,Bacteria,Firmicutes,Clostridia,Lachnospirales,Lachnospiraceae,Eubacterium_hallii_group,None,0.007789678675754625
Bacteria,Firmicutes,Bacilli,Lactobacillales,Streptococcaceae,Lactococcus,None,Bacteria,Firmicutes,Clostridia,Lachnospirales,Lachnospiraceae,Eubacterium_ventriosum_group,metagenome,0.008763388510223954
Bacteria,Firmicutes,Bacilli,Lactobacillales,Streptococcaceae,Lactococcus,None,Bacteria,Firmicutes,Clostridia,Lachnospirales,Lachnospiraceae,Ruminococcus_gauvreauii_group,uncultured_Lachnospiraceae_bacterium,0.008763388510223954
Bacteria,Firmicutes,Bacilli,Lactobacillales,Streptococcaceae,Lactococcus,None,Bacteria,Firmicutes,Clostridia,Lachnospirales,Lachnospiraceae,Ruminococcus_gnavus_group,None,0.007789678675754625
Bacteria,Firmicutes,Bacilli,Lactobacillales,Streptococcaceae,Lactococcus,None,Bacteria,Firmicutes,Clostridia,Lachnospirales,Lachnospiraceae,Ruminococcus_torques_group,Clostridiaceae_bacterium_LEMV78,0.008763388510223954
Bacteria,Firmicutes,Bacilli,Lactobacillales,Streptococcaceae,Lactococcus,None,Bacteria,Firmicutes,Clostridia,Lachnospirales,Lachnospiraceae,Ruminococcus_torques_group,None,0.007789678675754625
Bacteria,Firmicutes,Bacilli,Lactobacillales,Streptococcaceae,Lactococcus,None,Bacteria,Firmicutes,Clostridia,Lachnospirales,Lachnospiraceae,None,None,0.006815968841285297
Bacteria,Firmicutes,Bacilli,Lactobacillales,Streptococcaceae,Lactococcus,None,Bacteria,Firmicutes,Clostridia,Lachnospirales,Lachnospiraceae,uncultured,None,0.007789678675754625
Bacteria,Firmicutes,Bacilli,Lactobacillales,Streptococcaceae,Lactococcus,None,Bacteria,Firmicutes,Clostridia,Monoglobales,Monoglobaceae,Monoglobus,None,0.007789678675754625
Bacteria,Firmicutes,Bacilli,Lactobacillales,Streptococcaceae,Lactococcus,None,Bacteria,Firmicutes,Clostridia,Oscillospirales,Butyricicoccaceae,Butyricicoccus,None,0.007789678675754625
Bacteria,Firmicutes,Bacilli,Lactobacillales,Streptococcaceae,Lactococcus,None,Bacteria,Firmicutes,Clostridia,Oscillospirales,Hydrogenoanaerobacterium,None,None,0.006815968841285297
Bacteria,Firmicutes,Bacilli,Lactobacillales,Streptococcaceae,Lactococcus,None,Bacteria,Firmicutes,Clostridia,Oscillospirales,Oscillospiraceae,Colidextribacter,None,0.007789678675754625
Bacteria,Firmicutes,Bacilli,Lactobacillales,Streptococcaceae,Lactococcus,None,Bacteria,Firmicutes,Clostridia,Oscillospirales,Oscillospiraceae,Colidextribacter,metagenome,0.008763388510223954
Bacteria,Firmicutes,Bacilli,Lactobacillales,Streptococcaceae,Lactococcus,None,Bacteria,Firmicutes,Clostridia,Oscillospirales,Oscillospiraceae,Flavonifractor,None,0.007789678675754625
Bacteria,Firmicutes,Bacilli,Lactobacillales,Streptococcaceae,Lactococcus,None,Bacteria,Firmicutes,Clostridia,Oscillospirales,Oscillospiraceae,Intestinimonas,None,0.007789678675754625
Bacteria,Firmicutes,Bacilli,Lactobacillales,Streptococcaceae,Lactococcus,None,Bacteria,Firmicutes,Clostridia,Oscillospirales,Oscillospiraceae,Intestinimonas,uncultured,0.008763388510223954
Bacteria,Firmicutes,Bacilli,Lactobacillales,Streptococcaceae,Lactococcus,None,Bacteria,Firmicutes,Clostridia,Oscillospirales,Oscillospiraceae,NK4A214_group,None,0.007789678675754625
Bacteria,Firmicutes,Bacilli,Lactobacillales,Streptococcaceae,Lactococcus,None,Bacteria,Firmicutes,Clostridia,Oscillospirales,Oscillospiraceae,Oscillibacter,None,0.007789678675754625
Bacteria,Firmicutes,Bacilli,Lactobacillales,Streptococcaceae,Lactococcus,None,Bacteria,Firmicutes,Clostridia,Oscillospirales,Oscillospiraceae,Oscillibacter,metagenome,0.008763388510223954
Bacteria,Firmicutes,Bacilli,Lactobacillales,Streptococcaceae,Lactococcus,None,Bacteria,Firmicutes,Clostridia,Oscillospirales,Oscillospiraceae,Oscillospira,None,0.007789678675754625
Bacteria,Firmicutes,Bacilli,Lactobacillales,Streptococcaceae,Lactococcus,None,Bacteria,Firmicutes,Clostridia,Oscillospirales,Oscillospiraceae,UCG-002,None,0.007789678675754625
Bacteria,Firmicutes,Bacilli,Lactobacillales,Streptococcaceae,Lactococcus,None,Bacteria,Firmicutes,Clostridia,Oscillospirales,Oscillospiraceae,UCG-003,None,0.007789678675754625
Bacteria,Firmicutes,Bacilli,Lactobacillales,Streptococcaceae,Lactococcus,None,Bacteria,Firmicutes,Clostridia,Oscillospirales,Oscillospiraceae,UCG-005,None,0.007789678675754625
Bacteria,Firmicutes,Bacilli,Lactobacillales,Streptococcaceae,Lactococcus,None,Bacteria,Firmicutes,Clostridia,Oscillospirales,Oscillospiraceae,UCG-005,metagenome,0.008763388510223954
Bacteria,Firmicutes,Bacilli,Lactobacillales,Streptococcaceae,Lactococcus,None,Bacteria,Firmicutes,Clostridia,Oscillospirales,Oscillospiraceae,UCG-005,uncultured_Clostridiales_bacterium,0.008763388510223954
Bacteria,Firmicutes,Bacilli,Lactobacillales,Streptococcaceae,Lactococcus,None,Bacteria,Firmicutes,Clostridia,Oscillospirales,Oscillospiraceae,UCG-005,uncultured_rumen_bacterium,0.008763388510223954
Bacteria,Firmicutes,Bacilli,Lactobacillales,Streptococcaceae,Lactococcus,None,Bacteria,Firmicutes,Clostridia,Oscillospirales,Oscillospiraceae,None,None,0.006815968841285297
Bacteria,Firmicutes,Bacilli,Lactobacillales,Streptococcaceae,Lactococcus,None,Bacteria,Firmicutes,Clostridia,Oscillospirales,Oscillospiraceae,uncultured,metagenome,0.008763388510223954
Bacteria,Firmicutes,Bacilli,Lactobacillales,Streptococcaceae,Lactococcus,None,Bacteria,Firmicutes,Clostridia,Oscillospirales,Oscillospiraceae,uncultured,unidentified,0.008763388510223954
Bacteria,Firmicutes,Bacilli,Lactobacillales,Streptococcaceae,Lactococcus,None,Bacteria,Firmicutes,Clostridia,Oscillospirales,Ruminococcaceae,Anaerofilum,uncultured_Firmicutes_bacterium,0.008763388510223954
Bacteria,Firmicutes,Bacilli,Lactobacillales,Streptococcaceae,Lactococcus,None,Bacteria,Firmicutes,Clostridia,Oscillospirales,Ruminococcaceae,Anaerotruncus,Anaerotruncus_rubiinfantis,0.008763388510223954
Bacteria,Firmicutes,Bacilli,Lactobacillales,Streptococcaceae,Lactococcus,None,Bacteria,Firmicutes,Clostridia,Oscillospirales,Ruminococcaceae,Anaerotruncus,Anaerotruncus_sp._NML_070203,0.008763388510223954
Bacteria,Firmicutes,Bacilli,Lactobacillales,Streptococcaceae,Lactococcus,None,Bacteria,Firmicutes,Clostridia,Oscillospirales,Ruminococcaceae,Candidatus_Soleaferrea,Neobitarella_massiliensis,0.008763388510223954
Bacteria,Firmicutes,Bacilli,Lactobacillales,Streptococcaceae,Lactococcus,None,Bacteria,Firmicutes,Clostridia,Oscillospirales,Ruminococcaceae,Candidatus_Soleaferrea,None,0.007789678675754625
Bacteria,Firmicutes,Bacilli,Lactobacillales,Streptococcaceae,Lactococcus,None,Bacteria,Firmicutes,Clostridia,Oscillospirales,Ruminococcaceae,DTU089,None,0.007789678675754625
Bacteria,Firmicutes,Bacilli,Lactobacillales,Streptococcaceae,Lactococcus,None,Bacteria,Firmicutes,Clostridia,Oscillospirales,Ruminococcaceae,Faecalibacterium,None,0.007789678675754625
Bacteria,Firmicutes,Bacilli,Lactobacillales,Streptococcaceae,Lactococcus,None,Bacteria,Firmicutes,Clostridia,Oscillospirales,Ruminococcaceae,Fournierella,uncultured_organism,0.008763388510223954
Bacteria,Firmicutes,Bacilli,Lactobacillales,Streptococcaceae,Lactococcus,None,Bacteria,Firmicutes,Clostridia,Oscillospirales,Ruminococcaceae,Incertae_Sedis,metagenome,0.008763388510223954
Bacteria,Firmicutes,Bacilli,Lactobacillales,Streptococcaceae,Lactococcus,None,Bacteria,Firmicutes,Clostridia,Oscillospirales,Ruminococcaceae,Incertae_Sedis,None,0.007789678675754625
Bacteria,Firmicutes,Bacilli,Lactobacillales,Streptococcaceae,Lactococcus,None,Bacteria,Firmicutes,Clostridia,Oscillospirales,Ruminococcaceae,Negativibacillus,None,0.007789678675754625
Bacteria,Firmicutes,Bacilli,Lactobacillales,Streptococcaceae,Lactococcus,None,Bacteria,Firmicutes,Clostridia,Oscillospirales,Ruminococcaceae,Ruminococcus,Ruminococcus_champanellensis,0.008763388510223954
Bacteria,Firmicutes,Bacilli,Lactobacillales,Streptococcaceae,Lactococcus,None,Bacteria,Firmicutes,Clostridia,Oscillospirales,Ruminococcaceae,Ruminococcus,None,0.007789678675754625
Bacteria,Firmicutes,Bacilli,Lactobacillales,Streptococcaceae,Lactococcus,None,Bacteria,Firmicutes,Clostridia,Oscillospirales,Ruminococcaceae,Subdoligranulum,None,0.007789678675754625
Bacteria,Firmicutes,Bacilli,Lactobacillales,Streptococcaceae,Lactococcus,None,Bacteria,Firmicutes,Clostridia,Oscillospirales,Ruminococcaceae,UBA1819,None,0.007789678675754625
Bacteria,Firmicutes,Bacilli,Lactobacillales,Streptococcaceae,Lactococcus,None,Bacteria,Firmicutes,Clostridia,Oscillospirales,Ruminococcaceae,Eubacterium_siraeum_group,None,0.007789678675754625
Bacteria,Firmicutes,Bacilli,Lactobacillales,Streptococcaceae,Lactococcus,None,Bacteria,Firmicutes,Clostridia,Oscillospirales,Ruminococcaceae,None,None,0.006815968841285297
Bacteria,Firmicutes,Bacilli,Lactobacillales,Streptococcaceae,Lactococcus,None,Bacteria,Firmicutes,Clostridia,Oscillospirales,UCG-010,None,None,0.006815968841285297
Bacteria,Firmicutes,Bacilli,Lactobacillales,Streptococcaceae,Lactococcus,None,Bacteria,Firmicutes,Clostridia,Oscillospirales,UCG-010,metagenome,None,0.007789678675754625
Bacteria,Firmicutes,Bacilli,Lactobacillales,Streptococcaceae,Lactococcus,None,Bacteria,Firmicutes,Clostridia,Oscillospirales,UCG-010,uncultured_bacterium,None,0.007789678675754625
Bacteria,Firmicutes,Bacilli,Lactobacillales,Streptococcaceae,Lactococcus,None,Bacteria,Firmicutes,Clostridia,Oscillospirales,UCG-010,uncultured_organism,None,0.007789678675754625
Bacteria,Firmicutes,Bacilli,Lactobacillales,Streptococcaceae,Lactococcus,None,Bacteria,Firmicutes,Clostridia,Oscillospirales,Clostridium_methylpentosum_group,None,None,0.006815968841285297
Bacteria,Firmicutes,Bacilli,Lactobacillales,Streptococcaceae,Lactococcus,None,Bacteria,Firmicutes,Clostridia,Oscillospirales,Eubacterium_coprostanoligenes_group,None,None,0.006815968841285297
Bacteria,Firmicutes,Bacilli,Lactobacillales,Streptococcaceae,Lactococcus,None,Bacteria,Firmicutes,Clostridia,Oscillospirales,None,None,None,0.005842259006815969
Bacteria,Firmicutes,Bacilli,Lactobacillales,Streptococcaceae,Lactococcus,None,Bacteria,Firmicutes,Clostridia,Peptococcales,Peptococcaceae,uncultured,None,0.007789678675754625
Bacteria,Firmicutes,Bacilli,Lactobacillales,Streptococcaceae,Lactococcus,None,Bacteria,Firmicutes,Clostridia,Peptostreptococcales-Tissierellales,Anaerovoracaceae,Family_XIII_AD3011_group,metagenome,0.008763388510223954
Bacteria,Firmicutes,Bacilli,Lactobacillales,Streptococcaceae,Lactococcus,None,Bacteria,Firmicutes,Clostridia,Peptostreptococcales-Tissierellales,Anaerovoracaceae,Family_XIII_AD3011_group,None,0.007789678675754625
Bacteria,Firmicutes,Bacilli,Lactobacillales,Streptococcaceae,Lactococcus,None,Bacteria,Firmicutes,Clostridia,Peptostreptococcales-Tissierellales,Anaerovoracaceae,Family_XIII_AD3011_group,uncultured,0.008763388510223954
Bacteria,Firmicutes,Bacilli,Lactobacillales,Streptococcaceae,Lactococcus,None,Bacteria,Firmicutes,Clostridia,Peptostreptococcales-Tissierellales,Anaerovoracaceae,Family_XIII_UCG-001,metagenome,0.008763388510223954
Bacteria,Firmicutes,Bacilli,Lactobacillales,Streptococcaceae,Lactococcus,None,Bacteria,Firmicutes,Clostridia,Peptostreptococcales-Tissierellales,Anaerovoracaceae,Eubacterium_nodatum_group,None,0.007789678675754625
Bacteria,Firmicutes,Bacilli,Lactobacillales,Streptococcaceae,Lactococcus,None,Bacteria,Firmicutes,Clostridia,Peptostreptococcales-Tissierellales,Anaerovoracaceae,None,None,0.006815968841285297
Bacteria,Firmicutes,Bacilli,Lactobacillales,Streptococcaceae,Lactococcus,None,Bacteria,Firmicutes,Clostridia,Peptostreptococcales-Tissierellales,Parvimonas,None,None,0.006815968841285297
Bacteria,Firmicutes,Bacilli,Lactobacillales,Streptococcaceae,Lactococcus,None,Bacteria,Firmicutes,Clostridia,None,None,None,None,0.004868549172346641
Bacteria,Firmicutes,Bacilli,Lactobacillales,Streptococcaceae,Lactococcus,None,Bacteria,Firmicutes,Incertae_Sedis,DTU014,unidentified,None,None,0.006815968841285297
Bacteria,Firmicutes,Bacilli,Lactobacillales,Streptococcaceae,Lactococcus,None,Bacteria,Firmicutes,Limnochordia,M55-D21,uncultured_compost_bacterium,None,None,0.006815968841285297
Bacteria,Firmicutes,Bacilli,Lactobacillales,Streptococcaceae,Lactococcus,None,Bacteria,Firmicutes,Negativicutes,Acidaminococcales,Acidaminococcaceae,Phascolarctobacterium,None,0.007789678675754625
Bacteria,Firmicutes,Bacilli,Lactobacillales,Streptococcaceae,Lactococcus,None,Bacteria,Firmicutes,None,None,None,None,None,0.0038948393378773127
Bacteria,Firmicutes,Bacilli,Lactobacillales,Streptococcaceae,Lactococcus,None,Bacteria,Firmicutes,uncultured,uncultured_Peptococcaceae_bacterium,None,None,None,0.005842259006815969
Bacteria,Firmicutes,Bacilli,Lactobacillales,Streptococcaceae,Lactococcus,None,Bacteria,Proteobacteria,Alphaproteobacteria,Rhodospirillales,uncultured,None,None,0.008763388510223954
Bacteria,Firmicutes,Bacilli,Lactobacillales,Streptococcaceae,Lactococcus,None,Bacteria,Proteobacteria,Gammaproteobacteria,Burkholderiales,Sutterellaceae,Sutterella,Sutterella_sp._252,0.010710808179162609
Bacteria,Firmicutes,Bacilli,Lactobacillales,Streptococcaceae,Lactococcus,None,Bacteria,Proteobacteria,Gammaproteobacteria,Enterobacterales,Enterobacteriaceae,Escherichia-Shigella,None,0.009737098344693282
Bacteria,Firmicutes,Bacilli,Lactobacillales,Streptococcaceae,Lactococcus,None,Bacteria,Proteobacteria,Gammaproteobacteria,Enterobacterales,Enterobacteriaceae,Klebsiella,None,0.009737098344693282
Bacteria,Firmicutes,Bacilli,Lactobacillales,Streptococcaceae,Lactococcus,None,Bacteria,Proteobacteria,Gammaproteobacteria,Enterobacterales,Enterobacteriaceae,None,None,0.008763388510223954
Bacteria,Firmicutes,Bacilli,Lactobacillales,Streptococcaceae,Lactococcus,None,Bacteria,Proteobacteria,Gammaproteobacteria,Pseudomonadales,Pseudomonadaceae,Pseudomonas,None,0.009737098344693282
Bacteria,Firmicutes,Bacilli,Lactobacillales,Streptococcaceae,Lactococcus,None,Bacteria,Synergistota,Synergistia,Synergistales,Synergistaceae,Cloacibacillus,None,0.009737098344693282
Bacteria,Firmicutes,Bacilli,Lactobacillales,Streptococcaceae,Lactococcus,None,Bacteria,Verrucomicrobiota,Verrucomicrobiae,Verrucomicrobiales,Akkermansiaceae,Akkermansia,None,0.009737098344693282
Bacteria,Firmicutes,Bacilli,Lactobacillales,Streptococcaceae,Streptococcus,Streptococcus_sp._oral_taxon_065,Bacteria,Firmicutes,Bacilli,Lactobacillales,Streptococcaceae,Streptococcus,None,0.0009737098344693282
Bacteria,Firmicutes,Bacilli,Lactobacillales,Streptococcaceae,Streptococcus,Streptococcus_sp._oral_taxon_065,Bacteria,Firmicutes,Clostridia,Christensenellales,Christensenellaceae,Christensenellaceae_R-7_group,Christensenella_sp._Marseille-P3954,0.009737098344693282
Bacteria,Firmicutes,Bacilli,Lactobacillales,Streptococcaceae,Streptococcus,Streptococcus_sp._oral_taxon_065,Bacteria,Firmicutes,Clostridia,Christensenellales,Christensenellaceae,Christensenellaceae_R-7_group,Clostridiales_bacterium_Marseille-P2846,0.009737098344693282
Bacteria,Firmicutes,Bacilli,Lactobacillales,Streptococcaceae,Streptococcus,Streptococcus_sp._oral_taxon_065,Bacteria,Firmicutes,Clostridia,Christensenellales,Christensenellaceae,Christensenellaceae_R-7_group,None,0.008763388510223954
Bacteria,Firmicutes,Bacilli,Lactobacillales,Streptococcaceae,Streptococcus,Streptococcus_sp._oral_taxon_065,Bacteria,Firmicutes,Clostridia,Christensenellales,Christensenellaceae,Christensenellaceae_R-7_group,bacterium_YE57,0.009737098344693282
Bacteria,Firmicutes,Bacilli,Lactobacillales,Streptococcaceae,Streptococcus,Streptococcus_sp._oral_taxon_065,Bacteria,Firmicutes,Clostridia,Christensenellales,Christensenellaceae,Christensenellaceae_R-7_group,metagenome,0.009737098344693282
Bacteria,Firmicutes,Bacilli,Lactobacillales,Streptococcaceae,Streptococcus,Streptococcus_sp._oral_taxon_065,Bacteria,Firmicutes,Clostridia,Christensenellales,Christensenellaceae,Christensenellaceae_R-7_group,uncultured_Firmicutes_bacterium,0.009737098344693282
Bacteria,Firmicutes,Bacilli,Lactobacillales,Streptococcaceae,Streptococcus,Streptococcus_sp._oral_taxon_065,Bacteria,Firmicutes,Clostridia,Christensenellales,Christensenellaceae,Christensenellaceae_R-7_group,uncultured_marine_bacterium,0.009737098344693282
Bacteria,Firmicutes,Bacilli,Lactobacillales,Streptococcaceae,Streptococcus,Streptococcus_sp._oral_taxon_065,Bacteria,Firmicutes,Clostridia,Christensenellales,Christensenellaceae,Christensenellaceae_R-7_group,uncultured_organism,0.009737098344693282
Bacteria,Firmicutes,Bacilli,Lactobacillales,Streptococcaceae,Streptococcus,Streptococcus_sp._oral_taxon_065,Bacteria,Firmicutes,Clostridia,Christensenellales,Christensenellaceae,None,None,0.007789678675754625
Bacteria,Firmicutes,Bacilli,Lactobacillales,Streptococcaceae,Streptococcus,Streptococcus_sp._oral_taxon_065,Bacteria,Firmicutes,Clostridia,Clostridia_vadinBB60_group,metagenome,None,None,0.007789678675754625
Bacteria,Firmicutes,Bacilli,Lactobacillales,Streptococcaceae,Streptococcus,Streptococcus_sp._oral_taxon_065,Bacteria,Firmicutes,Clostridia,Clostridia_vadinBB60_group,wastewater_metagenome,None,None,0.007789678675754625
Bacteria,Firmicutes,Bacilli,Lactobacillales,Streptococcaceae,Streptococcus,Streptococcus_sp._oral_taxon_065,Bacteria,Firmicutes,Clostridia,Clostridiales,Christensenellaceae,Christensenella,PAC001427,0.009737098344693282
Bacteria,Firmicutes,Bacilli,Lactobacillales,Streptococcaceae,Streptococcus,Streptococcus_sp._oral_taxon_065,Bacteria,Firmicutes,Clostridia,Clostridiales,Christensenellaceae,Christensenella,PAC002297,0.009737098344693282
Bacteria,Firmicutes,Bacilli,Lactobacillales,Streptococcaceae,Streptococcus,Streptococcus_sp._oral_taxon_065,Bacteria,Firmicutes,Clostridia,Clostridiales,Christensenellaceae,PAC001115,PAC001444,0.009737098344693282
Bacteria,Firmicutes,Bacilli,Lactobacillales,Streptococcaceae,Streptococcus,Streptococcus_sp._oral_taxon_065,Bacteria,Firmicutes,Clostridia,Clostridiales,Christensenellaceae,PAC001437,PAC001486,0.009737098344693282
Bacteria,Firmicutes,Bacilli,Lactobacillales,Streptococcaceae,Streptococcus,Streptococcus_sp._oral_taxon_065,Bacteria,Firmicutes,Clostridia,Clostridiales,Christensenellaceae,PAC001437,PAC002305,0.009737098344693282
Bacteria,Firmicutes,Bacilli,Lactobacillales,Streptococcaceae,Streptococcus,Streptococcus_sp._oral_taxon_065,Bacteria,Firmicutes,Clostridia,Clostridiales,Christensenellaceae,PAC002510,PAC002510,0.009737098344693282
Bacteria,Firmicutes,Bacilli,Lactobacillales,Streptococcaceae,Streptococcus,Streptococcus_sp._oral_taxon_065,Bacteria,Firmicutes,Clostridia,Clostridiales,Dehalobacterium,PAC002141,PAC002141,0.009737098344693282
Bacteria,Firmicutes,Bacilli,Lactobacillales,Streptococcaceae,Streptococcus,Streptococcus_sp._oral_taxon_065,Bacteria,Firmicutes,Clostridia,Clostridiales,Ruminococcaceae,PAC000742,PAC000742,0.009737098344693282
Bacteria,Firmicutes,Bacilli,Lactobacillales,Streptococcaceae,Streptococcus,Streptococcus_sp._oral_taxon_065,Bacteria,Firmicutes,Clostridia,Clostridiales,Ruminococcaceae,PAC001144,PAC001620,0.009737098344693282
Bacteria,Firmicutes,Bacilli,Lactobacillales,Streptococcaceae,Streptococcus,Streptococcus_sp._oral_taxon_065,Bacteria,Firmicutes,Clostridia,Clostridiales,Ruminococcaceae,PAC001313,PAC001649,0.009737098344693282
Bacteria,Firmicutes,Bacilli,Lactobacillales,Streptococcaceae,Streptococcus,Streptococcus_sp._oral_taxon_065,Bacteria,Firmicutes,Clostridia,Clostridiales,Ruminococcaceae,PAC002201,PAC002201,0.009737098344693282
Bacteria,Firmicutes,Bacilli,Lactobacillales,Streptococcaceae,Streptococcus,Streptococcus_sp._oral_taxon_065,Bacteria,Firmicutes,Clostridia,Eubacteriales,Eubacteriaceae,Eubacterium,None,0.008763388510223954
Bacteria,Firmicutes,Bacilli,Lactobacillales,Streptococcaceae,Streptococcus,Streptococcus_sp._oral_taxon_065,Bacteria,Firmicutes,Clostridia,Lachnospirales,Lachnospiraceae,Agathobacter,None,0.008763388510223954
Bacteria,Firmicutes,Bacilli,Lactobacillales,Streptococcaceae,Streptococcus,Streptococcus_sp._oral_taxon_065,Bacteria,Firmicutes,Clostridia,Lachnospirales,Lachnospiraceae,Anaerostipes,None,0.008763388510223954
Bacteria,Firmicutes,Bacilli,Lactobacillales,Streptococcaceae,Streptococcus,Streptococcus_sp._oral_taxon_065,Bacteria,Firmicutes,Clostridia,Lachnospirales,Lachnospiraceae,Blautia,None,0.008763388510223954
Bacteria,Firmicutes,Bacilli,Lactobacillales,Streptococcaceae,Streptococcus,Streptococcus_sp._oral_taxon_065,Bacteria,Firmicutes,Clostridia,Lachnospirales,Lachnospiraceae,Blautia,bacterium_mpn-isolate_group_20,0.009737098344693282
Bacteria,Firmicutes,Bacilli,Lactobacillales,Streptococcaceae,Streptococcus,Streptococcus_sp._oral_taxon_065,Bacteria,Firmicutes,Clostridia,Lachnospirales,Lachnospiraceae,Blautia,uncultured_Blautia_sp.,0.009737098344693282
Bacteria,Firmicutes,Bacilli,Lactobacillales,Streptococcaceae,Streptococcus,Streptococcus_sp._oral_taxon_065,Bacteria,Firmicutes,Clostridia,Lachnospirales,Lachnospiraceae,Coprococcus,None,0.008763388510223954
Bacteria,Firmicutes,Bacilli,Lactobacillales,Streptococcaceae,Streptococcus,Streptococcus_sp._oral_taxon_065,Bacteria,Firmicutes,Clostridia,Lachnospirales,Lachnospiraceae,Coprococcus,uncultured_Coprococcus_sp.,0.009737098344693282
Bacteria,Firmicutes,Bacilli,Lactobacillales,Streptococcaceae,Streptococcus,Streptococcus_sp._oral_taxon_065,Bacteria,Firmicutes,Clostridia,Lachnospirales,Lachnospiraceae,Dorea,None,0.008763388510223954
Bacteria,Firmicutes,Bacilli,Lactobacillales,Streptococcaceae,Streptococcus,Streptococcus_sp._oral_taxon_065,Bacteria,Firmicutes,Clostridia,Lachnospirales,Lachnospiraceae,Eisenbergiella,None,0.008763388510223954
Bacteria,Firmicutes,Bacilli,Lactobacillales,Streptococcaceae,Streptococcus,Streptococcus_sp._oral_taxon_065,Bacteria,Firmicutes,Clostridia,Lachnospirales,Lachnospiraceae,Frisingicoccus,None,0.008763388510223954
Bacteria,Firmicutes,Bacilli,Lactobacillales,Streptococcaceae,Streptococcus,Streptococcus_sp._oral_taxon_065,Bacteria,Firmicutes,Clostridia,Lachnospirales,Lachnospiraceae,Fusicatenibacter,uncultured_Lachnospiraceae_bacterium,0.009737098344693282
Bacteria,Firmicutes,Bacilli,Lactobacillales,Streptococcaceae,Streptococcus,Streptococcus_sp._oral_taxon_065,Bacteria,Firmicutes,Clostridia,Lachnospirales,Lachnospiraceae,GCA-900066575,None,0.008763388510223954
Bacteria,Firmicutes,Bacilli,Lactobacillales,Streptococcaceae,Streptococcus,Streptococcus_sp._oral_taxon_065,Bacteria,Firmicutes,Clostridia,Lachnospirales,Lachnospiraceae,GCA-900066575,metagenome,0.009737098344693282
Bacteria,Firmicutes,Bacilli,Lactobacillales,Streptococcaceae,Streptococcus,Streptococcus_sp._oral_taxon_065,Bacteria,Firmicutes,Clostridia,Lachnospirales,Lachnospiraceae,GCA-900066755,None,0.008763388510223954
Bacteria,Firmicutes,Bacilli,Lactobacillales,Streptococcaceae,Streptococcus,Streptococcus_sp._oral_taxon_065,Bacteria,Firmicutes,Clostridia,Lachnospirales,Lachnospiraceae,Hungatella,metagenome,0.009737098344693282
Bacteria,Firmicutes,Bacilli,Lactobacillales,Streptococcaceae,Streptococcus,Streptococcus_sp._oral_taxon_065,Bacteria,Firmicutes,Clostridia,Lachnospirales,Lachnospiraceae,Lachnoclostridium,Clostridium_symbiosum,0.009737098344693282
Bacteria,Firmicutes,Bacilli,Lactobacillales,Streptococcaceae,Streptococcus,Streptococcus_sp._oral_taxon_065,Bacteria,Firmicutes,Clostridia,Lachnospirales,Lachnospiraceae,Lachnoclostridium,None,0.008763388510223954
Bacteria,Firmicutes,Bacilli,Lactobacillales,Streptococcaceae,Streptococcus,Streptococcus_sp._oral_taxon_065,Bacteria,Firmicutes,Clostridia,Lachnospirales,Lachnospiraceae,Lachnoclostridium,uncultured_Lachnospiraceae_bacterium,0.009737098344693282
Bacteria,Firmicutes,Bacilli,Lactobacillales,Streptococcaceae,Streptococcus,Streptococcus_sp._oral_taxon_065,Bacteria,Firmicutes,Clostridia,Lachnospirales,Lachnospiraceae,Lachnospiraceae_ND3007_group,metagenome,0.009737098344693282
Bacteria,Firmicutes,Bacilli,Lactobacillales,Streptococcaceae,Streptococcus,Streptococcus_sp._oral_taxon_065,Bacteria,Firmicutes,Clostridia,Lachnospirales,Lachnospiraceae,Lachnospiraceae_NK4A136_group,None,0.008763388510223954
Bacteria,Firmicutes,Bacilli,Lactobacillales,Streptococcaceae,Streptococcus,Streptococcus_sp._oral_taxon_065,Bacteria,Firmicutes,Clostridia,Lachnospirales,Lachnospiraceae,Lachnospiraceae_NK4A136_group,uncultured_Lachnospiraceae_bacterium,0.009737098344693282
Bacteria,Firmicutes,Bacilli,Lactobacillales,Streptococcaceae,Streptococcus,Streptococcus_sp._oral_taxon_065,Bacteria,Firmicutes,Clostridia,Lachnospirales,Lachnospiraceae,Lachnospiraceae_NK4A136_group,uncultured_bacterium_Adhufec49.25,0.009737098344693282
Bacteria,Firmicutes,Bacilli,Lactobacillales,Streptococcaceae,Streptococcus,Streptococcus_sp._oral_taxon_065,Bacteria,Firmicutes,Clostridia,Lachnospirales,Lachnospiraceae,Lachnospiraceae_NK4B4_group,None,0.008763388510223954
Bacteria,Firmicutes,Bacilli,Lactobacillales,Streptococcaceae,Streptococcus,Streptococcus_sp._oral_taxon_065,Bacteria,Firmicutes,Clostridia,Lachnospirales,Lachnospiraceae,Lachnospiraceae_UCG-001,metagenome,0.009737098344693282
Bacteria,Firmicutes,Bacilli,Lactobacillales,Streptococcaceae,Streptococcus,Streptococcus_sp._oral_taxon_065,Bacteria,Firmicutes,Clostridia,Lachnospirales,Lachnospiraceae,Lachnospiraceae_UCG-004,None,0.008763388510223954
Bacteria,Firmicutes,Bacilli,Lactobacillales,Streptococcaceae,Streptococcus,Streptococcus_sp._oral_taxon_065,Bacteria,Firmicutes,Clostridia,Lachnospirales,Lachnospiraceae,Lachnospiraceae_UCG-008,metagenome,0.009737098344693282
Bacteria,Firmicutes,Bacilli,Lactobacillales,Streptococcaceae,Streptococcus,Streptococcus_sp._oral_taxon_065,Bacteria,Firmicutes,Clostridia,Lachnospirales,Lachnospiraceae,Lachnospiraceae_UCG-010,None,0.008763388510223954
Bacteria,Firmicutes,Bacilli,Lactobacillales,Streptococcaceae,Streptococcus,Streptococcus_sp._oral_taxon_065,Bacteria,Firmicutes,Clostridia,Lachnospirales,Lachnospiraceae,Marvinbryantia,None,0.008763388510223954
Bacteria,Firmicutes,Bacilli,Lactobacillales,Streptococcaceae,Streptococcus,Streptococcus_sp._oral_taxon_065,Bacteria,Firmicutes,Clostridia,Lachnospirales,Lachnospiraceae,Marvinbryantia,unidentified,0.009737098344693282
Bacteria,Firmicutes,Bacilli,Lactobacillales,Streptococcaceae,Streptococcus,Streptococcus_sp._oral_taxon_065,Bacteria,Firmicutes,Clostridia,Lachnospirales,Lachnospiraceae,Roseburia,None,0.008763388510223954
Bacteria,Firmicutes,Bacilli,Lactobacillales,Streptococcaceae,Streptococcus,Streptococcus_sp._oral_taxon_065,Bacteria,Firmicutes,Clostridia,Lachnospirales,Lachnospiraceae,Roseburia,gut_metagenome,0.009737098344693282
Bacteria,Firmicutes,Bacilli,Lactobacillales,Streptococcaceae,Streptococcus,Streptococcus_sp._oral_taxon_065,Bacteria,Firmicutes,Clostridia,Lachnospirales,Lachnospiraceae,Tuzzerella,None,0.008763388510223954
Bacteria,Firmicutes,Bacilli,Lactobacillales,Streptococcaceae,Streptococcus,Streptococcus_sp._oral_taxon_065,Bacteria,Firmicutes,Clostridia,Lachnospirales,Lachnospiraceae,Tyzzerella,None,0.008763388510223954
Bacteria,Firmicutes,Bacilli,Lactobacillales,Streptococcaceae,Streptococcus,Streptococcus_sp._oral_taxon_065,Bacteria,Firmicutes,Clostridia,Lachnospirales,Lachnospiraceae,Eubacterium_hallii_group,None,0.008763388510223954
Bacteria,Firmicutes,Bacilli,Lactobacillales,Streptococcaceae,Streptococcus,Streptococcus_sp._oral_taxon_065,Bacteria,Firmicutes,Clostridia,Lachnospirales,Lachnospiraceae,Eubacterium_ventriosum_group,metagenome,0.009737098344693282
Bacteria,Firmicutes,Bacilli,Lactobacillales,Streptococcaceae,Streptococcus,Streptococcus_sp._oral_taxon_065,Bacteria,Firmicutes,Clostridia,Lachnospirales,Lachnospiraceae,Ruminococcus_gauvreauii_group,uncultured_Lachnospiraceae_bacterium,0.009737098344693282
Bacteria,Firmicutes,Bacilli,Lactobacillales,Streptococcaceae,Streptococcus,Streptococcus_sp._oral_taxon_065,Bacteria,Firmicutes,Clostridia,Lachnospirales,Lachnospiraceae,Ruminococcus_gnavus_group,None,0.008763388510223954
Bacteria,Firmicutes,Bacilli,Lactobacillales,Streptococcaceae,Streptococcus,Streptococcus_sp._oral_taxon_065,Bacteria,Firmicutes,Clostridia,Lachnospirales,Lachnospiraceae,Ruminococcus_torques_group,Clostridiaceae_bacterium_LEMV78,0.009737098344693282
Bacteria,Firmicutes,Bacilli,Lactobacillales,Streptococcaceae,Streptococcus,Streptococcus_sp._oral_taxon_065,Bacteria,Firmicutes,Clostridia,Lachnospirales,Lachnospiraceae,Ruminococcus_torques_group,None,0.008763388510223954
Bacteria,Firmicutes,Bacilli,Lactobacillales,Streptococcaceae,Streptococcus,Streptococcus_sp._oral_taxon_065,Bacteria,Firmicutes,Clostridia,Lachnospirales,Lachnospiraceae,None,None,0.007789678675754625
Bacteria,Firmicutes,Bacilli,Lactobacillales,Streptococcaceae,Streptococcus,Streptococcus_sp._oral_taxon_065,Bacteria,Firmicutes,Clostridia,Lachnospirales,Lachnospiraceae,uncultured,None,0.008763388510223954
Bacteria,Firmicutes,Bacilli,Lactobacillales,Streptococcaceae,Streptococcus,Streptococcus_sp._oral_taxon_065,Bacteria,Firmicutes,Clostridia,Monoglobales,Monoglobaceae,Monoglobus,None,0.008763388510223954
Bacteria,Firmicutes,Bacilli,Lactobacillales,Streptococcaceae,Streptococcus,Streptococcus_sp._oral_taxon_065,Bacteria,Firmicutes,Clostridia,Oscillospirales,Butyricicoccaceae,Butyricicoccus,None,0.008763388510223954
Bacteria,Firmicutes,Bacilli,Lactobacillales,Streptococcaceae,Streptococcus,Streptococcus_sp._oral_taxon_065,Bacteria,Firmicutes,Clostridia,Oscillospirales,Hydrogenoanaerobacterium,None,None,0.007789678675754625
Bacteria,Firmicutes,Bacilli,Lactobacillales,Streptococcaceae,Streptococcus,Streptococcus_sp._oral_taxon_065,Bacteria,Firmicutes,Clostridia,Oscillospirales,Oscillospiraceae,Colidextribacter,None,0.008763388510223954
Bacteria,Firmicutes,Bacilli,Lactobacillales,Streptococcaceae,Streptococcus,Streptococcus_sp._oral_taxon_065,Bacteria,Firmicutes,Clostridia,Oscillospirales,Oscillospiraceae,Colidextribacter,metagenome,0.009737098344693282
Bacteria,Firmicutes,Bacilli,Lactobacillales,Streptococcaceae,Streptococcus,Streptococcus_sp._oral_taxon_065,Bacteria,Firmicutes,Clostridia,Oscillospirales,Oscillospiraceae,Flavonifractor,None,0.008763388510223954
Bacteria,Firmicutes,Bacilli,Lactobacillales,Streptococcaceae,Streptococcus,Streptococcus_sp._oral_taxon_065,Bacteria,Firmicutes,Clostridia,Oscillospirales,Oscillospiraceae,Intestinimonas,None,0.008763388510223954
Bacteria,Firmicutes,Bacilli,Lactobacillales,Streptococcaceae,Streptococcus,Streptococcus_sp._oral_taxon_065,Bacteria,Firmicutes,Clostridia,Oscillospirales,Oscillospiraceae,Intestinimonas,uncultured,0.009737098344693282
Bacteria,Firmicutes,Bacilli,Lactobacillales,Streptococcaceae,Streptococcus,Streptococcus_sp._oral_taxon_065,Bacteria,Firmicutes,Clostridia,Oscillospirales,Oscillospiraceae,NK4A214_group,None,0.008763388510223954
Bacteria,Firmicutes,Bacilli,Lactobacillales,Streptococcaceae,Streptococcus,Streptococcus_sp._oral_taxon_065,Bacteria,Firmicutes,Clostridia,Oscillospirales,Oscillospiraceae,Oscillibacter,None,0.008763388510223954
Bacteria,Firmicutes,Bacilli,Lactobacillales,Streptococcaceae,Streptococcus,Streptococcus_sp._oral_taxon_065,Bacteria,Firmicutes,Clostridia,Oscillospirales,Oscillospiraceae,Oscillibacter,metagenome,0.009737098344693282
Bacteria,Firmicutes,Bacilli,Lactobacillales,Streptococcaceae,Streptococcus,Streptococcus_sp._oral_taxon_065,Bacteria,Firmicutes,Clostridia,Oscillospirales,Oscillospiraceae,Oscillospira,None,0.008763388510223954
Bacteria,Firmicutes,Bacilli,Lactobacillales,Streptococcaceae,Streptococcus,Streptococcus_sp._oral_taxon_065,Bacteria,Firmicutes,Clostridia,Oscillospirales,Oscillospiraceae,UCG-002,None,0.008763388510223954
Bacteria,Firmicutes,Bacilli,Lactobacillales,Streptococcaceae,Streptococcus,Streptococcus_sp._oral_taxon_065,Bacteria,Firmicutes,Clostridia,Oscillospirales,Oscillospiraceae,UCG-003,None,0.008763388510223954
Bacteria,Firmicutes,Bacilli,Lactobacillales,Streptococcaceae,Streptococcus,Streptococcus_sp._oral_taxon_065,Bacteria,Firmicutes,Clostridia,Oscillospirales,Oscillospiraceae,UCG-005,None,0.008763388510223954
Bacteria,Firmicutes,Bacilli,Lactobacillales,Streptococcaceae,Streptococcus,Streptococcus_sp._oral_taxon_065,Bacteria,Firmicutes,Clostridia,Oscillospirales,Oscillospiraceae,UCG-005,metagenome,0.009737098344693282
Bacteria,Firmicutes,Bacilli,Lactobacillales,Streptococcaceae,Streptococcus,Streptococcus_sp._oral_taxon_065,Bacteria,Firmicutes,Clostridia,Oscillospirales,Oscillospiraceae,UCG-005,uncultured_Clostridiales_bacterium,0.009737098344693282
Bacteria,Firmicutes,Bacilli,Lactobacillales,Streptococcaceae,Streptococcus,Streptococcus_sp._oral_taxon_065,Bacteria,Firmicutes,Clostridia,Oscillospirales,Oscillospiraceae,UCG-005,uncultured_rumen_bacterium,0.009737098344693282
Bacteria,Firmicutes,Bacilli,Lactobacillales,Streptococcaceae,Streptococcus,Streptococcus_sp._oral_taxon_065,Bacteria,Firmicutes,Clostridia,Oscillospirales,Oscillospiraceae,None,None,0.007789678675754625
Bacteria,Firmicutes,Bacilli,Lactobacillales,Streptococcaceae,Streptococcus,Streptococcus_sp._oral_taxon_065,Bacteria,Firmicutes,Clostridia,Oscillospirales,Oscillospiraceae,uncultured,metagenome,0.009737098344693282
Bacteria,Firmicutes,Bacilli,Lactobacillales,Streptococcaceae,Streptococcus,Streptococcus_sp._oral_taxon_065,Bacteria,Firmicutes,Clostridia,Oscillospirales,Oscillospiraceae,uncultured,unidentified,0.009737098344693282
Bacteria,Firmicutes,Bacilli,Lactobacillales,Streptococcaceae,Streptococcus,Streptococcus_sp._oral_taxon_065,Bacteria,Firmicutes,Clostridia,Oscillospirales,Ruminococcaceae,Anaerofilum,uncultured_Firmicutes_bacterium,0.009737098344693282
Bacteria,Firmicutes,Bacilli,Lactobacillales,Streptococcaceae,Streptococcus,Streptococcus_sp._oral_taxon_065,Bacteria,Firmicutes,Clostridia,Oscillospirales,Ruminococcaceae,Anaerotruncus,Anaerotruncus_rubiinfantis,0.009737098344693282
Bacteria,Firmicutes,Bacilli,Lactobacillales,Streptococcaceae,Streptococcus,Streptococcus_sp._oral_taxon_065,Bacteria,Firmicutes,Clostridia,Oscillospirales,Ruminococcaceae,Anaerotruncus,Anaerotruncus_sp._NML_070203,0.009737098344693282
Bacteria,Firmicutes,Bacilli,Lactobacillales,Streptococcaceae,Streptococcus,Streptococcus_sp._oral_taxon_065,Bacteria,Firmicutes,Clostridia,Oscillospirales,Ruminococcaceae,Candidatus_Soleaferrea,Neobitarella_massiliensis,0.009737098344693282
Bacteria,Firmicutes,Bacilli,Lactobacillales,Streptococcaceae,Streptococcus,Streptococcus_sp._oral_taxon_065,Bacteria,Firmicutes,Clostridia,Oscillospirales,Ruminococcaceae,Candidatus_Soleaferrea,None,0.008763388510223954
Bacteria,Firmicutes,Bacilli,Lactobacillales,Streptococcaceae,Streptococcus,Streptococcus_sp._oral_taxon_065,Bacteria,Firmicutes,Clostridia,Oscillospirales,Ruminococcaceae,DTU089,None,0.008763388510223954
Bacteria,Firmicutes,Bacilli,Lactobacillales,Streptococcaceae,Streptococcus,Streptococcus_sp._oral_taxon_065,Bacteria,Firmicutes,Clostridia,Oscillospirales,Ruminococcaceae,Faecalibacterium,None,0.008763388510223954
Bacteria,Firmicutes,Bacilli,Lactobacillales,Streptococcaceae,Streptococcus,Streptococcus_sp._oral_taxon_065,Bacteria,Firmicutes,Clostridia,Oscillospirales,Ruminococcaceae,Fournierella,uncultured_organism,0.009737098344693282
Bacteria,Firmicutes,Bacilli,Lactobacillales,Streptococcaceae,Streptococcus,Streptococcus_sp._oral_taxon_065,Bacteria,Firmicutes,Clostridia,Oscillospirales,Ruminococcaceae,Incertae_Sedis,metagenome,0.009737098344693282
Bacteria,Firmicutes,Bacilli,Lactobacillales,Streptococcaceae,Streptococcus,Streptococcus_sp._oral_taxon_065,Bacteria,Firmicutes,Clostridia,Oscillospirales,Ruminococcaceae,Incertae_Sedis,None,0.008763388510223954
Bacteria,Firmicutes,Bacilli,Lactobacillales,Streptococcaceae,Streptococcus,Streptococcus_sp._oral_taxon_065,Bacteria,Firmicutes,Clostridia,Oscillospirales,Ruminococcaceae,Negativibacillus,None,0.008763388510223954
Bacteria,Firmicutes,Bacilli,Lactobacillales,Streptococcaceae,Streptococcus,Streptococcus_sp._oral_taxon_065,Bacteria,Firmicutes,Clostridia,Oscillospirales,Ruminococcaceae,Ruminococcus,Ruminococcus_champanellensis,0.009737098344693282
Bacteria,Firmicutes,Bacilli,Lactobacillales,Streptococcaceae,Streptococcus,Streptococcus_sp._oral_taxon_065,Bacteria,Firmicutes,Clostridia,Oscillospirales,Ruminococcaceae,Ruminococcus,None,0.008763388510223954
Bacteria,Firmicutes,Bacilli,Lactobacillales,Streptococcaceae,Streptococcus,Streptococcus_sp._oral_taxon_065,Bacteria,Firmicutes,Clostridia,Oscillospirales,Ruminococcaceae,Subdoligranulum,None,0.008763388510223954
Bacteria,Firmicutes,Bacilli,Lactobacillales,Streptococcaceae,Streptococcus,Streptococcus_sp._oral_taxon_065,Bacteria,Firmicutes,Clostridia,Oscillospirales,Ruminococcaceae,UBA1819,None,0.008763388510223954
Bacteria,Firmicutes,Bacilli,Lactobacillales,Streptococcaceae,Streptococcus,Streptococcus_sp._oral_taxon_065,Bacteria,Firmicutes,Clostridia,Oscillospirales,Ruminococcaceae,Eubacterium_siraeum_group,None,0.008763388510223954
Bacteria,Firmicutes,Bacilli,Lactobacillales,Streptococcaceae,Streptococcus,Streptococcus_sp._oral_taxon_065,Bacteria,Firmicutes,Clostridia,Oscillospirales,Ruminococcaceae,None,None,0.007789678675754625
Bacteria,Firmicutes,Bacilli,Lactobacillales,Streptococcaceae,Streptococcus,Streptococcus_sp._oral_taxon_065,Bacteria,Firmicutes,Clostridia,Oscillospirales,UCG-010,None,None,0.007789678675754625
Bacteria,Firmicutes,Bacilli,Lactobacillales,Streptococcaceae,Streptococcus,Streptococcus_sp._oral_taxon_065,Bacteria,Firmicutes,Clostridia,Oscillospirales,UCG-010,metagenome,None,0.008763388510223954
Bacteria,Firmicutes,Bacilli,Lactobacillales,Streptococcaceae,Streptococcus,Streptococcus_sp._oral_taxon_065,Bacteria,Firmicutes,Clostridia,Oscillospirales,UCG-010,uncultured_bacterium,None,0.008763388510223954
Bacteria,Firmicutes,Bacilli,Lactobacillales,Streptococcaceae,Streptococcus,Streptococcus_sp._oral_taxon_065,Bacteria,Firmicutes,Clostridia,Oscillospirales,UCG-010,uncultured_organism,None,0.008763388510223954
Bacteria,Firmicutes,Bacilli,Lactobacillales,Streptococcaceae,Streptococcus,Streptococcus_sp._oral_taxon_065,Bacteria,Firmicutes,Clostridia,Oscillospirales,Clostridium_methylpentosum_group,None,None,0.007789678675754625
Bacteria,Firmicutes,Bacilli,Lactobacillales,Streptococcaceae,Streptococcus,Streptococcus_sp._oral_taxon_065,Bacteria,Firmicutes,Clostridia,Oscillospirales,Eubacterium_coprostanoligenes_group,None,None,0.007789678675754625
Bacteria,Firmicutes,Bacilli,Lactobacillales,Streptococcaceae,Streptococcus,Streptococcus_sp._oral_taxon_065,Bacteria,Firmicutes,Clostridia,Oscillospirales,None,None,None,0.006815968841285297
Bacteria,Firmicutes,Bacilli,Lactobacillales,Streptococcaceae,Streptococcus,Streptococcus_sp._oral_taxon_065,Bacteria,Firmicutes,Clostridia,Peptococcales,Peptococcaceae,uncultured,None,0.008763388510223954
Bacteria,Firmicutes,Bacilli,Lactobacillales,Streptococcaceae,Streptococcus,Streptococcus_sp._oral_taxon_065,Bacteria,Firmicutes,Clostridia,Peptostreptococcales-Tissierellales,Anaerovoracaceae,Family_XIII_AD3011_group,metagenome,0.009737098344693282
Bacteria,Firmicutes,Bacilli,Lactobacillales,Streptococcaceae,Streptococcus,Streptococcus_sp._oral_taxon_065,Bacteria,Firmicutes,Clostridia,Peptostreptococcales-Tissierellales,Anaerovoracaceae,Family_XIII_AD3011_group,None,0.008763388510223954
Bacteria,Firmicutes,Bacilli,Lactobacillales,Streptococcaceae,Streptococcus,Streptococcus_sp._oral_taxon_065,Bacteria,Firmicutes,Clostridia,Peptostreptococcales-Tissierellales,Anaerovoracaceae,Family_XIII_AD3011_group,uncultured,0.009737098344693282
Bacteria,Firmicutes,Bacilli,Lactobacillales,Streptococcaceae,Streptococcus,Streptococcus_sp._oral_taxon_065,Bacteria,Firmicutes,Clostridia,Peptostreptococcales-Tissierellales,Anaerovoracaceae,Family_XIII_UCG-001,metagenome,0.009737098344693282
Bacteria,Firmicutes,Bacilli,Lactobacillales,Streptococcaceae,Streptococcus,Streptococcus_sp._oral_taxon_065,Bacteria,Firmicutes,Clostridia,Peptostreptococcales-Tissierellales,Anaerovoracaceae,Eubacterium_nodatum_group,None,0.008763388510223954
Bacteria,Firmicutes,Bacilli,Lactobacillales,Streptococcaceae,Streptococcus,Streptococcus_sp._oral_taxon_065,Bacteria,Firmicutes,Clostridia,Peptostreptococcales-Tissierellales,Anaerovoracaceae,None,None,0.007789678675754625
Bacteria,Firmicutes,Bacilli,Lactobacillales,Streptococcaceae,Streptococcus,Streptococcus_sp._oral_taxon_065,Bacteria,Firmicutes,Clostridia,Peptostreptococcales-Tissierellales,Parvimonas,None,None,0.007789678675754625
Bacteria,Firmicutes,Bacilli,Lactobacillales,Streptococcaceae,Streptococcus,Streptococcus_sp._oral_taxon_065,Bacteria,Firmicutes,Clostridia,None,None,None,None,0.005842259006815969
Bacteria,Firmicutes,Bacilli,Lactobacillales,Streptococcaceae,Streptococcus,Streptococcus_sp._oral_taxon_065,Bacteria,Firmicutes,Incertae_Sedis,DTU014,unidentified,None,None,0.007789678675754625
Bacteria,Firmicutes,Bacilli,Lactobacillales,Streptococcaceae,Streptococcus,Streptococcus_sp._oral_taxon_065,Bacteria,Firmicutes,Limnochordia,M55-D21,uncultured_compost_bacterium,None,None,0.007789678675754625
Bacteria,Firmicutes,Bacilli,Lactobacillales,Streptococcaceae,Streptococcus,Streptococcus_sp._oral_taxon_065,Bacteria,Firmicutes,Negativicutes,Acidaminococcales,Acidaminococcaceae,Phascolarctobacterium,None,0.008763388510223954
Bacteria,Firmicutes,Bacilli,Lactobacillales,Streptococcaceae,Streptococcus,Streptococcus_sp._oral_taxon_065,Bacteria,Firmicutes,None,None,None,None,None,0.004868549172346641
Bacteria,Firmicutes,Bacilli,Lactobacillales,Streptococcaceae,Streptococcus,Streptococcus_sp._oral_taxon_065,Bacteria,Firmicutes,uncultured,uncultured_Peptococcaceae_bacterium,None,None,None,0.006815968841285297
Bacteria,Firmicutes,Bacilli,Lactobacillales,Streptococcaceae,Streptococcus,Streptococcus_sp._oral_taxon_065,Bacteria,Proteobacteria,Alphaproteobacteria,Rhodospirillales,uncultured,None,None,0.009737098344693282
Bacteria,Firmicutes,Bacilli,Lactobacillales,Streptococcaceae,Streptococcus,Streptococcus_sp._oral_taxon_065,Bacteria,Proteobacteria,Gammaproteobacteria,Burkholderiales,Sutterellaceae,Sutterella,Sutterella_sp._252,0.011684518013631937
Bacteria,Firmicutes,Bacilli,Lactobacillales,Streptococcaceae,Streptococcus,Streptococcus_sp._oral_taxon_065,Bacteria,Proteobacteria,Gammaproteobacteria,Enterobacterales,Enterobacteriaceae,Escherichia-Shigella,None,0.010710808179162609
Bacteria,Firmicutes,Bacilli,Lactobacillales,Streptococcaceae,Streptococcus,Streptococcus_sp._oral_taxon_065,Bacteria,Proteobacteria,Gammaproteobacteria,Enterobacterales,Enterobacteriaceae,Klebsiella,None,0.010710808179162609
Bacteria,Firmicutes,Bacilli,Lactobacillales,Streptococcaceae,Streptococcus,Streptococcus_sp._oral_taxon_065,Bacteria,Proteobacteria,Gammaproteobacteria,Enterobacterales,Enterobacteriaceae,None,None,0.009737098344693282
Bacteria,Firmicutes,Bacilli,Lactobacillales,Streptococcaceae,Streptococcus,Streptococcus_sp._oral_taxon_065,Bacteria,Proteobacteria,Gammaproteobacteria,Pseudomonadales,Pseudomonadaceae,Pseudomonas,None,0.010710808179162609
Bacteria,Firmicutes,Bacilli,Lactobacillales,Streptococcaceae,Streptococcus,Streptococcus_sp._oral_taxon_065,Bacteria,Synergistota,Synergistia,Synergistales,Synergistaceae,Cloacibacillus,None,0.010710808179162609
Bacteria,Firmicutes,Bacilli,Lactobacillales,Streptococcaceae,Streptococcus,Streptococcus_sp._oral_taxon_065,Bacteria,Verrucomicrobiota,Verrucomicrobiae,Verrucomicrobiales,Akkermansiaceae,Akkermansia,None,0.010710808179162609
Bacteria,Firmicutes,Bacilli,Lactobacillales,Streptococcaceae,Streptococcus,None,Bacteria,Firmicutes,Clostridia,Christensenellales,Christensenellaceae,Christensenellaceae_R-7_group,Christensenella_sp._Marseille-P3954,0.008763388510223954
Bacteria,Firmicutes,Bacilli,Lactobacillales,Streptococcaceae,Streptococcus,None,Bacteria,Firmicutes,Clostridia,Christensenellales,Christensenellaceae,Christensenellaceae_R-7_group,Clostridiales_bacterium_Marseille-P2846,0.008763388510223954
Bacteria,Firmicutes,Bacilli,Lactobacillales,Streptococcaceae,Streptococcus,None,Bacteria,Firmicutes,Clostridia,Christensenellales,Christensenellaceae,Christensenellaceae_R-7_group,None,0.007789678675754625
Bacteria,Firmicutes,Bacilli,Lactobacillales,Streptococcaceae,Streptococcus,None,Bacteria,Firmicutes,Clostridia,Christensenellales,Christensenellaceae,Christensenellaceae_R-7_group,bacterium_YE57,0.008763388510223954
Bacteria,Firmicutes,Bacilli,Lactobacillales,Streptococcaceae,Streptococcus,None,Bacteria,Firmicutes,Clostridia,Christensenellales,Christensenellaceae,Christensenellaceae_R-7_group,metagenome,0.008763388510223954
Bacteria,Firmicutes,Bacilli,Lactobacillales,Streptococcaceae,Streptococcus,None,Bacteria,Firmicutes,Clostridia,Christensenellales,Christensenellaceae,Christensenellaceae_R-7_group,uncultured_Firmicutes_bacterium,0.008763388510223954
Bacteria,Firmicutes,Bacilli,Lactobacillales,Streptococcaceae,Streptococcus,None,Bacteria,Firmicutes,Clostridia,Christensenellales,Christensenellaceae,Christensenellaceae_R-7_group,uncultured_marine_bacterium,0.008763388510223954
Bacteria,Firmicutes,Bacilli,Lactobacillales,Streptococcaceae,Streptococcus,None,Bacteria,Firmicutes,Clostridia,Christensenellales,Christensenellaceae,Christensenellaceae_R-7_group,uncultured_organism,0.008763388510223954
Bacteria,Firmicutes,Bacilli,Lactobacillales,Streptococcaceae,Streptococcus,None,Bacteria,Firmicutes,Clostridia,Christensenellales,Christensenellaceae,None,None,0.006815968841285297
Bacteria,Firmicutes,Bacilli,Lactobacillales,Streptococcaceae,Streptococcus,None,Bacteria,Firmicutes,Clostridia,Clostridia_vadinBB60_group,metagenome,None,None,0.006815968841285297
Bacteria,Firmicutes,Bacilli,Lactobacillales,Streptococcaceae,Streptococcus,None,Bacteria,Firmicutes,Clostridia,Clostridia_vadinBB60_group,wastewater_metagenome,None,None,0.006815968841285297
Bacteria,Firmicutes,Bacilli,Lactobacillales,Streptococcaceae,Streptococcus,None,Bacteria,Firmicutes,Clostridia,Clostridiales,Christensenellaceae,Christensenella,PAC001427,0.008763388510223954
Bacteria,Firmicutes,Bacilli,Lactobacillales,Streptococcaceae,Streptococcus,None,Bacteria,Firmicutes,Clostridia,Clostridiales,Christensenellaceae,Christensenella,PAC002297,0.008763388510223954
Bacteria,Firmicutes,Bacilli,Lactobacillales,Streptococcaceae,Streptococcus,None,Bacteria,Firmicutes,Clostridia,Clostridiales,Christensenellaceae,PAC001115,PAC001444,0.008763388510223954
Bacteria,Firmicutes,Bacilli,Lactobacillales,Streptococcaceae,Streptococcus,None,Bacteria,Firmicutes,Clostridia,Clostridiales,Christensenellaceae,PAC001437,PAC001486,0.008763388510223954
Bacteria,Firmicutes,Bacilli,Lactobacillales,Streptococcaceae,Streptococcus,None,Bacteria,Firmicutes,Clostridia,Clostridiales,Christensenellaceae,PAC001437,PAC002305,0.008763388510223954
Bacteria,Firmicutes,Bacilli,Lactobacillales,Streptococcaceae,Streptococcus,None,Bacteria,Firmicutes,Clostridia,Clostridiales,Christensenellaceae,PAC002510,PAC002510,0.008763388510223954
Bacteria,Firmicutes,Bacilli,Lactobacillales,Streptococcaceae,Streptococcus,None,Bacteria,Firmicutes,Clostridia,Clostridiales,Dehalobacterium,PAC002141,PAC002141,0.008763388510223954
Bacteria,Firmicutes,Bacilli,Lactobacillales,Streptococcaceae,Streptococcus,None,Bacteria,Firmicutes,Clostridia,Clostridiales,Ruminococcaceae,PAC000742,PAC000742,0.008763388510223954
Bacteria,Firmicutes,Bacilli,Lactobacillales,Streptococcaceae,Streptococcus,None,Bacteria,Firmicutes,Clostridia,Clostridiales,Ruminococcaceae,PAC001144,PAC001620,0.008763388510223954
Bacteria,Firmicutes,Bacilli,Lactobacillales,Streptococcaceae,Streptococcus,None,Bacteria,Firmicutes,Clostridia,Clostridiales,Ruminococcaceae,PAC001313,PAC001649,0.008763388510223954
Bacteria,Firmicutes,Bacilli,Lactobacillales,Streptococcaceae,Streptococcus,None,Bacteria,Firmicutes,Clostridia,Clostridiales,Ruminococcaceae,PAC002201,PAC002201,0.008763388510223954
Bacteria,Firmicutes,Bacilli,Lactobacillales,Streptococcaceae,Streptococcus,None,Bacteria,Firmicutes,Clostridia,Eubacteriales,Eubacteriaceae,Eubacterium,None,0.007789678675754625
Bacteria,Firmicutes,Bacilli,Lactobacillales,Streptococcaceae,Streptococcus,None,Bacteria,Firmicutes,Clostridia,Lachnospirales,Lachnospiraceae,Agathobacter,None,0.007789678675754625
Bacteria,Firmicutes,Bacilli,Lactobacillales,Streptococcaceae,Streptococcus,None,Bacteria,Firmicutes,Clostridia,Lachnospirales,Lachnospiraceae,Anaerostipes,None,0.007789678675754625
Bacteria,Firmicutes,Bacilli,Lactobacillales,Streptococcaceae,Streptococcus,None,Bacteria,Firmicutes,Clostridia,Lachnospirales,Lachnospiraceae,Blautia,None,0.007789678675754625
Bacteria,Firmicutes,Bacilli,Lactobacillales,Streptococcaceae,Streptococcus,None,Bacteria,Firmicutes,Clostridia,Lachnospirales,Lachnospiraceae,Blautia,bacterium_mpn-isolate_group_20,0.008763388510223954
Bacteria,Firmicutes,Bacilli,Lactobacillales,Streptococcaceae,Streptococcus,None,Bacteria,Firmicutes,Clostridia,Lachnospirales,Lachnospiraceae,Blautia,uncultured_Blautia_sp.,0.008763388510223954
Bacteria,Firmicutes,Bacilli,Lactobacillales,Streptococcaceae,Streptococcus,None,Bacteria,Firmicutes,Clostridia,Lachnospirales,Lachnospiraceae,Coprococcus,None,0.007789678675754625
Bacteria,Firmicutes,Bacilli,Lactobacillales,Streptococcaceae,Streptococcus,None,Bacteria,Firmicutes,Clostridia,Lachnospirales,Lachnospiraceae,Coprococcus,uncultured_Coprococcus_sp.,0.008763388510223954
Bacteria,Firmicutes,Bacilli,Lactobacillales,Streptococcaceae,Streptococcus,None,Bacteria,Firmicutes,Clostridia,Lachnospirales,Lachnospiraceae,Dorea,None,0.007789678675754625
Bacteria,Firmicutes,Bacilli,Lactobacillales,Streptococcaceae,Streptococcus,None,Bacteria,Firmicutes,Clostridia,Lachnospirales,Lachnospiraceae,Eisenbergiella,None,0.007789678675754625
Bacteria,Firmicutes,Bacilli,Lactobacillales,Streptococcaceae,Streptococcus,None,Bacteria,Firmicutes,Clostridia,Lachnospirales,Lachnospiraceae,Frisingicoccus,None,0.007789678675754625
Bacteria,Firmicutes,Bacilli,Lactobacillales,Streptococcaceae,Streptococcus,None,Bacteria,Firmicutes,Clostridia,Lachnospirales,Lachnospiraceae,Fusicatenibacter,uncultured_Lachnospiraceae_bacterium,0.008763388510223954
Bacteria,Firmicutes,Bacilli,Lactobacillales,Streptococcaceae,Streptococcus,None,Bacteria,Firmicutes,Clostridia,Lachnospirales,Lachnospiraceae,GCA-900066575,None,0.007789678675754625
Bacteria,Firmicutes,Bacilli,Lactobacillales,Streptococcaceae,Streptococcus,None,Bacteria,Firmicutes,Clostridia,Lachnospirales,Lachnospiraceae,GCA-900066575,metagenome,0.008763388510223954
Bacteria,Firmicutes,Bacilli,Lactobacillales,Streptococcaceae,Streptococcus,None,Bacteria,Firmicutes,Clostridia,Lachnospirales,Lachnospiraceae,GCA-900066755,None,0.007789678675754625
Bacteria,Firmicutes,Bacilli,Lactobacillales,Streptococcaceae,Streptococcus,None,Bacteria,Firmicutes,Clostridia,Lachnospirales,Lachnospiraceae,Hungatella,metagenome,0.008763388510223954
Bacteria,Firmicutes,Bacilli,Lactobacillales,Streptococcaceae,Streptococcus,None,Bacteria,Firmicutes,Clostridia,Lachnospirales,Lachnospiraceae,Lachnoclostridium,Clostridium_symbiosum,0.008763388510223954
Bacteria,Firmicutes,Bacilli,Lactobacillales,Streptococcaceae,Streptococcus,None,Bacteria,Firmicutes,Clostridia,Lachnospirales,Lachnospiraceae,Lachnoclostridium,None,0.007789678675754625
Bacteria,Firmicutes,Bacilli,Lactobacillales,Streptococcaceae,Streptococcus,None,Bacteria,Firmicutes,Clostridia,Lachnospirales,Lachnospiraceae,Lachnoclostridium,uncultured_Lachnospiraceae_bacterium,0.008763388510223954
Bacteria,Firmicutes,Bacilli,Lactobacillales,Streptococcaceae,Streptococcus,None,Bacteria,Firmicutes,Clostridia,Lachnospirales,Lachnospiraceae,Lachnospiraceae_ND3007_group,metagenome,0.008763388510223954
Bacteria,Firmicutes,Bacilli,Lactobacillales,Streptococcaceae,Streptococcus,None,Bacteria,Firmicutes,Clostridia,Lachnospirales,Lachnospiraceae,Lachnospiraceae_NK4A136_group,None,0.007789678675754625
Bacteria,Firmicutes,Bacilli,Lactobacillales,Streptococcaceae,Streptococcus,None,Bacteria,Firmicutes,Clostridia,Lachnospirales,Lachnospiraceae,Lachnospiraceae_NK4A136_group,uncultured_Lachnospiraceae_bacterium,0.008763388510223954
Bacteria,Firmicutes,Bacilli,Lactobacillales,Streptococcaceae,Streptococcus,None,Bacteria,Firmicutes,Clostridia,Lachnospirales,Lachnospiraceae,Lachnospiraceae_NK4A136_group,uncultured_bacterium_Adhufec49.25,0.008763388510223954
Bacteria,Firmicutes,Bacilli,Lactobacillales,Streptococcaceae,Streptococcus,None,Bacteria,Firmicutes,Clostridia,Lachnospirales,Lachnospiraceae,Lachnospiraceae_NK4B4_group,None,0.007789678675754625
Bacteria,Firmicutes,Bacilli,Lactobacillales,Streptococcaceae,Streptococcus,None,Bacteria,Firmicutes,Clostridia,Lachnospirales,Lachnospiraceae,Lachnospiraceae_UCG-001,metagenome,0.008763388510223954
Bacteria,Firmicutes,Bacilli,Lactobacillales,Streptococcaceae,Streptococcus,None,Bacteria,Firmicutes,Clostridia,Lachnospirales,Lachnospiraceae,Lachnospiraceae_UCG-004,None,0.007789678675754625
Bacteria,Firmicutes,Bacilli,Lactobacillales,Streptococcaceae,Streptococcus,None,Bacteria,Firmicutes,Clostridia,Lachnospirales,Lachnospiraceae,Lachnospiraceae_UCG-008,metagenome,0.008763388510223954
Bacteria,Firmicutes,Bacilli,Lactobacillales,Streptococcaceae,Streptococcus,None,Bacteria,Firmicutes,Clostridia,Lachnospirales,Lachnospiraceae,Lachnospiraceae_UCG-010,None,0.007789678675754625
Bacteria,Firmicutes,Bacilli,Lactobacillales,Streptococcaceae,Streptococcus,None,Bacteria,Firmicutes,Clostridia,Lachnospirales,Lachnospiraceae,Marvinbryantia,None,0.007789678675754625
Bacteria,Firmicutes,Bacilli,Lactobacillales,Streptococcaceae,Streptococcus,None,Bacteria,Firmicutes,Clostridia,Lachnospirales,Lachnospiraceae,Marvinbryantia,unidentified,0.008763388510223954
Bacteria,Firmicutes,Bacilli,Lactobacillales,Streptococcaceae,Streptococcus,None,Bacteria,Firmicutes,Clostridia,Lachnospirales,Lachnospiraceae,Roseburia,None,0.007789678675754625
Bacteria,Firmicutes,Bacilli,Lactobacillales,Streptococcaceae,Streptococcus,None,Bacteria,Firmicutes,Clostridia,Lachnospirales,Lachnospiraceae,Roseburia,gut_metagenome,0.008763388510223954
Bacteria,Firmicutes,Bacilli,Lactobacillales,Streptococcaceae,Streptococcus,None,Bacteria,Firmicutes,Clostridia,Lachnospirales,Lachnospiraceae,Tuzzerella,None,0.007789678675754625
Bacteria,Firmicutes,Bacilli,Lactobacillales,Streptococcaceae,Streptococcus,None,Bacteria,Firmicutes,Clostridia,Lachnospirales,Lachnospiraceae,Tyzzerella,None,0.007789678675754625
Bacteria,Firmicutes,Bacilli,Lactobacillales,Streptococcaceae,Streptococcus,None,Bacteria,Firmicutes,Clostridia,Lachnospirales,Lachnospiraceae,Eubacterium_hallii_group,None,0.007789678675754625
Bacteria,Firmicutes,Bacilli,Lactobacillales,Streptococcaceae,Streptococcus,None,Bacteria,Firmicutes,Clostridia,Lachnospirales,Lachnospiraceae,Eubacterium_ventriosum_group,metagenome,0.008763388510223954
Bacteria,Firmicutes,Bacilli,Lactobacillales,Streptococcaceae,Streptococcus,None,Bacteria,Firmicutes,Clostridia,Lachnospirales,Lachnospiraceae,Ruminococcus_gauvreauii_group,uncultured_Lachnospiraceae_bacterium,0.008763388510223954
Bacteria,Firmicutes,Bacilli,Lactobacillales,Streptococcaceae,Streptococcus,None,Bacteria,Firmicutes,Clostridia,Lachnospirales,Lachnospiraceae,Ruminococcus_gnavus_group,None,0.007789678675754625
Bacteria,Firmicutes,Bacilli,Lactobacillales,Streptococcaceae,Streptococcus,None,Bacteria,Firmicutes,Clostridia,Lachnospirales,Lachnospiraceae,Ruminococcus_torques_group,Clostridiaceae_bacterium_LEMV78,0.008763388510223954
Bacteria,Firmicutes,Bacilli,Lactobacillales,Streptococcaceae,Streptococcus,None,Bacteria,Firmicutes,Clostridia,Lachnospirales,Lachnospiraceae,Ruminococcus_torques_group,None,0.007789678675754625
Bacteria,Firmicutes,Bacilli,Lactobacillales,Streptococcaceae,Streptococcus,None,Bacteria,Firmicutes,Clostridia,Lachnospirales,Lachnospiraceae,None,None,0.006815968841285297
Bacteria,Firmicutes,Bacilli,Lactobacillales,Streptococcaceae,Streptococcus,None,Bacteria,Firmicutes,Clostridia,Lachnospirales,Lachnospiraceae,uncultured,None,0.007789678675754625
Bacteria,Firmicutes,Bacilli,Lactobacillales,Streptococcaceae,Streptococcus,None,Bacteria,Firmicutes,Clostridia,Monoglobales,Monoglobaceae,Monoglobus,None,0.007789678675754625
Bacteria,Firmicutes,Bacilli,Lactobacillales,Streptococcaceae,Streptococcus,None,Bacteria,Firmicutes,Clostridia,Oscillospirales,Butyricicoccaceae,Butyricicoccus,None,0.007789678675754625
Bacteria,Firmicutes,Bacilli,Lactobacillales,Streptococcaceae,Streptococcus,None,Bacteria,Firmicutes,Clostridia,Oscillospirales,Hydrogenoanaerobacterium,None,None,0.006815968841285297
Bacteria,Firmicutes,Bacilli,Lactobacillales,Streptococcaceae,Streptococcus,None,Bacteria,Firmicutes,Clostridia,Oscillospirales,Oscillospiraceae,Colidextribacter,None,0.007789678675754625
Bacteria,Firmicutes,Bacilli,Lactobacillales,Streptococcaceae,Streptococcus,None,Bacteria,Firmicutes,Clostridia,Oscillospirales,Oscillospiraceae,Colidextribacter,metagenome,0.008763388510223954
Bacteria,Firmicutes,Bacilli,Lactobacillales,Streptococcaceae,Streptococcus,None,Bacteria,Firmicutes,Clostridia,Oscillospirales,Oscillospiraceae,Flavonifractor,None,0.007789678675754625
Bacteria,Firmicutes,Bacilli,Lactobacillales,Streptococcaceae,Streptococcus,None,Bacteria,Firmicutes,Clostridia,Oscillospirales,Oscillospiraceae,Intestinimonas,None,0.007789678675754625
Bacteria,Firmicutes,Bacilli,Lactobacillales,Streptococcaceae,Streptococcus,None,Bacteria,Firmicutes,Clostridia,Oscillospirales,Oscillospiraceae,Intestinimonas,uncultured,0.008763388510223954
Bacteria,Firmicutes,Bacilli,Lactobacillales,Streptococcaceae,Streptococcus,None,Bacteria,Firmicutes,Clostridia,Oscillospirales,Oscillospiraceae,NK4A214_group,None,0.007789678675754625
Bacteria,Firmicutes,Bacilli,Lactobacillales,Streptococcaceae,Streptococcus,None,Bacteria,Firmicutes,Clostridia,Oscillospirales,Oscillospiraceae,Oscillibacter,None,0.007789678675754625
Bacteria,Firmicutes,Bacilli,Lactobacillales,Streptococcaceae,Streptococcus,None,Bacteria,Firmicutes,Clostridia,Oscillospirales,Oscillospiraceae,Oscillibacter,metagenome,0.008763388510223954
Bacteria,Firmicutes,Bacilli,Lactobacillales,Streptococcaceae,Streptococcus,None,Bacteria,Firmicutes,Clostridia,Oscillospirales,Oscillospiraceae,Oscillospira,None,0.007789678675754625
Bacteria,Firmicutes,Bacilli,Lactobacillales,Streptococcaceae,Streptococcus,None,Bacteria,Firmicutes,Clostridia,Oscillospirales,Oscillospiraceae,UCG-002,None,0.007789678675754625
Bacteria,Firmicutes,Bacilli,Lactobacillales,Streptococcaceae,Streptococcus,None,Bacteria,Firmicutes,Clostridia,Oscillospirales,Oscillospiraceae,UCG-003,None,0.007789678675754625
Bacteria,Firmicutes,Bacilli,Lactobacillales,Streptococcaceae,Streptococcus,None,Bacteria,Firmicutes,Clostridia,Oscillospirales,Oscillospiraceae,UCG-005,None,0.007789678675754625
Bacteria,Firmicutes,Bacilli,Lactobacillales,Streptococcaceae,Streptococcus,None,Bacteria,Firmicutes,Clostridia,Oscillospirales,Oscillospiraceae,UCG-005,metagenome,0.008763388510223954
Bacteria,Firmicutes,Bacilli,Lactobacillales,Streptococcaceae,Streptococcus,None,Bacteria,Firmicutes,Clostridia,Oscillospirales,Oscillospiraceae,UCG-005,uncultured_Clostridiales_bacterium,0.008763388510223954
Bacteria,Firmicutes,Bacilli,Lactobacillales,Streptococcaceae,Streptococcus,None,Bacteria,Firmicutes,Clostridia,Oscillospirales,Oscillospiraceae,UCG-005,uncultured_rumen_bacterium,0.008763388510223954
Bacteria,Firmicutes,Bacilli,Lactobacillales,Streptococcaceae,Streptococcus,None,Bacteria,Firmicutes,Clostridia,Oscillospirales,Oscillospiraceae,None,None,0.006815968841285297
Bacteria,Firmicutes,Bacilli,Lactobacillales,Streptococcaceae,Streptococcus,None,Bacteria,Firmicutes,Clostridia,Oscillospirales,Oscillospiraceae,uncultured,metagenome,0.008763388510223954
Bacteria,Firmicutes,Bacilli,Lactobacillales,Streptococcaceae,Streptococcus,None,Bacteria,Firmicutes,Clostridia,Oscillospirales,Oscillospiraceae,uncultured,unidentified,0.008763388510223954
Bacteria,Firmicutes,Bacilli,Lactobacillales,Streptococcaceae,Streptococcus,None,Bacteria,Firmicutes,Clostridia,Oscillospirales,Ruminococcaceae,Anaerofilum,uncultured_Firmicutes_bacterium,0.008763388510223954
Bacteria,Firmicutes,Bacilli,Lactobacillales,Streptococcaceae,Streptococcus,None,Bacteria,Firmicutes,Clostridia,Oscillospirales,Ruminococcaceae,Anaerotruncus,Anaerotruncus_rubiinfantis,0.008763388510223954
Bacteria,Firmicutes,Bacilli,Lactobacillales,Streptococcaceae,Streptococcus,None,Bacteria,Firmicutes,Clostridia,Oscillospirales,Ruminococcaceae,Anaerotruncus,Anaerotruncus_sp._NML_070203,0.008763388510223954
Bacteria,Firmicutes,Bacilli,Lactobacillales,Streptococcaceae,Streptococcus,None,Bacteria,Firmicutes,Clostridia,Oscillospirales,Ruminococcaceae,Candidatus_Soleaferrea,Neobitarella_massiliensis,0.008763388510223954
Bacteria,Firmicutes,Bacilli,Lactobacillales,Streptococcaceae,Streptococcus,None,Bacteria,Firmicutes,Clostridia,Oscillospirales,Ruminococcaceae,Candidatus_Soleaferrea,None,0.007789678675754625
Bacteria,Firmicutes,Bacilli,Lactobacillales,Streptococcaceae,Streptococcus,None,Bacteria,Firmicutes,Clostridia,Oscillospirales,Ruminococcaceae,DTU089,None,0.007789678675754625
Bacteria,Firmicutes,Bacilli,Lactobacillales,Streptococcaceae,Streptococcus,None,Bacteria,Firmicutes,Clostridia,Oscillospirales,Ruminococcaceae,Faecalibacterium,None,0.007789678675754625
Bacteria,Firmicutes,Bacilli,Lactobacillales,Streptococcaceae,Streptococcus,None,Bacteria,Firmicutes,Clostridia,Oscillospirales,Ruminococcaceae,Fournierella,uncultured_organism,0.008763388510223954
Bacteria,Firmicutes,Bacilli,Lactobacillales,Streptococcaceae,Streptococcus,None,Bacteria,Firmicutes,Clostridia,Oscillospirales,Ruminococcaceae,Incertae_Sedis,metagenome,0.008763388510223954
Bacteria,Firmicutes,Bacilli,Lactobacillales,Streptococcaceae,Streptococcus,None,Bacteria,Firmicutes,Clostridia,Oscillospirales,Ruminococcaceae,Incertae_Sedis,None,0.007789678675754625
Bacteria,Firmicutes,Bacilli,Lactobacillales,Streptococcaceae,Streptococcus,None,Bacteria,Firmicutes,Clostridia,Oscillospirales,Ruminococcaceae,Negativibacillus,None,0.007789678675754625
Bacteria,Firmicutes,Bacilli,Lactobacillales,Streptococcaceae,Streptococcus,None,Bacteria,Firmicutes,Clostridia,Oscillospirales,Ruminococcaceae,Ruminococcus,Ruminococcus_champanellensis,0.008763388510223954
Bacteria,Firmicutes,Bacilli,Lactobacillales,Streptococcaceae,Streptococcus,None,Bacteria,Firmicutes,Clostridia,Oscillospirales,Ruminococcaceae,Ruminococcus,None,0.007789678675754625
Bacteria,Firmicutes,Bacilli,Lactobacillales,Streptococcaceae,Streptococcus,None,Bacteria,Firmicutes,Clostridia,Oscillospirales,Ruminococcaceae,Subdoligranulum,None,0.007789678675754625
Bacteria,Firmicutes,Bacilli,Lactobacillales,Streptococcaceae,Streptococcus,None,Bacteria,Firmicutes,Clostridia,Oscillospirales,Ruminococcaceae,UBA1819,None,0.007789678675754625
Bacteria,Firmicutes,Bacilli,Lactobacillales,Streptococcaceae,Streptococcus,None,Bacteria,Firmicutes,Clostridia,Oscillospirales,Ruminococcaceae,Eubacterium_siraeum_group,None,0.007789678675754625
Bacteria,Firmicutes,Bacilli,Lactobacillales,Streptococcaceae,Streptococcus,None,Bacteria,Firmicutes,Clostridia,Oscillospirales,Ruminococcaceae,None,None,0.006815968841285297
Bacteria,Firmicutes,Bacilli,Lactobacillales,Streptococcaceae,Streptococcus,None,Bacteria,Firmicutes,Clostridia,Oscillospirales,UCG-010,None,None,0.006815968841285297
Bacteria,Firmicutes,Bacilli,Lactobacillales,Streptococcaceae,Streptococcus,None,Bacteria,Firmicutes,Clostridia,Oscillospirales,UCG-010,metagenome,None,0.007789678675754625
Bacteria,Firmicutes,Bacilli,Lactobacillales,Streptococcaceae,Streptococcus,None,Bacteria,Firmicutes,Clostridia,Oscillospirales,UCG-010,uncultured_bacterium,None,0.007789678675754625
Bacteria,Firmicutes,Bacilli,Lactobacillales,Streptococcaceae,Streptococcus,None,Bacteria,Firmicutes,Clostridia,Oscillospirales,UCG-010,uncultured_organism,None,0.007789678675754625
Bacteria,Firmicutes,Bacilli,Lactobacillales,Streptococcaceae,Streptococcus,None,Bacteria,Firmicutes,Clostridia,Oscillospirales,Clostridium_methylpentosum_group,None,None,0.006815968841285297
Bacteria,Firmicutes,Bacilli,Lactobacillales,Streptococcaceae,Streptococcus,None,Bacteria,Firmicutes,Clostridia,Oscillospirales,Eubacterium_coprostanoligenes_group,None,None,0.006815968841285297
Bacteria,Firmicutes,Bacilli,Lactobacillales,Streptococcaceae,Streptococcus,None,Bacteria,Firmicutes,Clostridia,Oscillospirales,None,None,None,0.005842259006815969
Bacteria,Firmicutes,Bacilli,Lactobacillales,Streptococcaceae,Streptococcus,None,Bacteria,Firmicutes,Clostridia,Peptococcales,Peptococcaceae,uncultured,None,0.007789678675754625
Bacteria,Firmicutes,Bacilli,Lactobacillales,Streptococcaceae,Streptococcus,None,Bacteria,Firmicutes,Clostridia,Peptostreptococcales-Tissierellales,Anaerovoracaceae,Family_XIII_AD3011_group,metagenome,0.008763388510223954
Bacteria,Firmicutes,Bacilli,Lactobacillales,Streptococcaceae,Streptococcus,None,Bacteria,Firmicutes,Clostridia,Peptostreptococcales-Tissierellales,Anaerovoracaceae,Family_XIII_AD3011_group,None,0.007789678675754625
Bacteria,Firmicutes,Bacilli,Lactobacillales,Streptococcaceae,Streptococcus,None,Bacteria,Firmicutes,Clostridia,Peptostreptococcales-Tissierellales,Anaerovoracaceae,Family_XIII_AD3011_group,uncultured,0.008763388510223954
Bacteria,Firmicutes,Bacilli,Lactobacillales,Streptococcaceae,Streptococcus,None,Bacteria,Firmicutes,Clostridia,Peptostreptococcales-Tissierellales,Anaerovoracaceae,Family_XIII_UCG-001,metagenome,0.008763388510223954
Bacteria,Firmicutes,Bacilli,Lactobacillales,Streptococcaceae,Streptococcus,None,Bacteria,Firmicutes,Clostridia,Peptostreptococcales-Tissierellales,Anaerovoracaceae,Eubacterium_nodatum_group,None,0.007789678675754625
Bacteria,Firmicutes,Bacilli,Lactobacillales,Streptococcaceae,Streptococcus,None,Bacteria,Firmicutes,Clostridia,Peptostreptococcales-Tissierellales,Anaerovoracaceae,None,None,0.006815968841285297
Bacteria,Firmicutes,Bacilli,Lactobacillales,Streptococcaceae,Streptococcus,None,Bacteria,Firmicutes,Clostridia,Peptostreptococcales-Tissierellales,Parvimonas,None,None,0.006815968841285297
Bacteria,Firmicutes,Bacilli,Lactobacillales,Streptococcaceae,Streptococcus,None,Bacteria,Firmicutes,Clostridia,None,None,None,None,0.004868549172346641
Bacteria,Firmicutes,Bacilli,Lactobacillales,Streptococcaceae,Streptococcus,None,Bacteria,Firmicutes,Incertae_Sedis,DTU014,unidentified,None,None,0.006815968841285297
Bacteria,Firmicutes,Bacilli,Lactobacillales,Streptococcaceae,Streptococcus,None,Bacteria,Firmicutes,Limnochordia,M55-D21,uncultured_compost_bacterium,None,None,0.006815968841285297
Bacteria,Firmicutes,Bacilli,Lactobacillales,Streptococcaceae,Streptococcus,None,Bacteria,Firmicutes,Negativicutes,Acidaminococcales,Acidaminococcaceae,Phascolarctobacterium,None,0.007789678675754625
Bacteria,Firmicutes,Bacilli,Lactobacillales,Streptococcaceae,Streptococcus,None,Bacteria,Firmicutes,None,None,None,None,None,0.0038948393378773127
Bacteria,Firmicutes,Bacilli,Lactobacillales,Streptococcaceae,Streptococcus,None,Bacteria,Firmicutes,uncultured,uncultured_Peptococcaceae_bacterium,None,None,None,0.005842259006815969
Bacteria,Firmicutes,Bacilli,Lactobacillales,Streptococcaceae,Streptococcus,None,Bacteria,Proteobacteria,Alphaproteobacteria,Rhodospirillales,uncultured,None,None,0.008763388510223954
Bacteria,Firmicutes,Bacilli,Lactobacillales,Streptococcaceae,Streptococcus,None,Bacteria,Proteobacteria,Gammaproteobacteria,Burkholderiales,Sutterellaceae,Sutterella,Sutterella_sp._252,0.010710808179162609
Bacteria,Firmicutes,Bacilli,Lactobacillales,Streptococcaceae,Streptococcus,None,Bacteria,Proteobacteria,Gammaproteobacteria,Enterobacterales,Enterobacteriaceae,Escherichia-Shigella,None,0.009737098344693282
Bacteria,Firmicutes,Bacilli,Lactobacillales,Streptococcaceae,Streptococcus,None,Bacteria,Proteobacteria,Gammaproteobacteria,Enterobacterales,Enterobacteriaceae,Klebsiella,None,0.009737098344693282
Bacteria,Firmicutes,Bacilli,Lactobacillales,Streptococcaceae,Streptococcus,None,Bacteria,Proteobacteria,Gammaproteobacteria,Enterobacterales,Enterobacteriaceae,None,None,0.008763388510223954
Bacteria,Firmicutes,Bacilli,Lactobacillales,Streptococcaceae,Streptococcus,None,Bacteria,Proteobacteria,Gammaproteobacteria,Pseudomonadales,Pseudomonadaceae,Pseudomonas,None,0.009737098344693282
Bacteria,Firmicutes,Bacilli,Lactobacillales,Streptococcaceae,Streptococcus,None,Bacteria,Synergistota,Synergistia,Synergistales,Synergistaceae,Cloacibacillus,None,0.009737098344693282
Bacteria,Firmicutes,Bacilli,Lactobacillales,Streptococcaceae,Streptococcus,None,Bacteria,Verrucomicrobiota,Verrucomicrobiae,Verrucomicrobiales,Akkermansiaceae,Akkermansia,None,0.009737098344693282
Bacteria,Firmicutes,Clostridia,Christensenellales,Christensenellaceae,Christensenellaceae_R-7_group,Christensenella_sp._Marseille-P3954,Bacteria,Firmicutes,Clostridia,Christensenellales,Christensenellaceae,Christensenellaceae_R-7_group,Clostridiales_bacterium_Marseille-P2846,0.0019474196689386564
Bacteria,Firmicutes,Clostridia,Christensenellales,Christensenellaceae,Christensenellaceae_R-7_group,Christensenella_sp._Marseille-P3954,Bacteria,Firmicutes,Clostridia,Christensenellales,Christensenellaceae,Christensenellaceae_R-7_group,None,0.0009737098344693282
Bacteria,Firmicutes,Clostridia,Christensenellales,Christensenellaceae,Christensenellaceae_R-7_group,Christensenella_sp._Marseille-P3954,Bacteria,Firmicutes,Clostridia,Christensenellales,Christensenellaceae,Christensenellaceae_R-7_group,bacterium_YE57,0.0019474196689386564
Bacteria,Firmicutes,Clostridia,Christensenellales,Christensenellaceae,Christensenellaceae_R-7_group,Christensenella_sp._Marseille-P3954,Bacteria,Firmicutes,Clostridia,Christensenellales,Christensenellaceae,Christensenellaceae_R-7_group,metagenome,0.0019474196689386564
Bacteria,Firmicutes,Clostridia,Christensenellales,Christensenellaceae,Christensenellaceae_R-7_group,Christensenella_sp._Marseille-P3954,Bacteria,Firmicutes,Clostridia,Christensenellales,Christensenellaceae,Christensenellaceae_R-7_group,uncultured_Firmicutes_bacterium,0.0019474196689386564
Bacteria,Firmicutes,Clostridia,Christensenellales,Christensenellaceae,Christensenellaceae_R-7_group,Christensenella_sp._Marseille-P3954,Bacteria,Firmicutes,Clostridia,Christensenellales,Christensenellaceae,Christensenellaceae_R-7_group,uncultured_marine_bacterium,0.0019474196689386564
Bacteria,Firmicutes,Clostridia,Christensenellales,Christensenellaceae,Christensenellaceae_R-7_group,Christensenella_sp._Marseille-P3954,Bacteria,Firmicutes,Clostridia,Christensenellales,Christensenellaceae,Christensenellaceae_R-7_group,uncultured_organism,0.0019474196689386564
Bacteria,Firmicutes,Clostridia,Christensenellales,Christensenellaceae,Christensenellaceae_R-7_group,Christensenella_sp._Marseille-P3954,Bacteria,Firmicutes,Clostridia,Christensenellales,Christensenellaceae,None,None,0.0029211295034079843
Bacteria,Firmicutes,Clostridia,Christensenellales,Christensenellaceae,Christensenellaceae_R-7_group,Christensenella_sp._Marseille-P3954,Bacteria,Firmicutes,Clostridia,Clostridia_vadinBB60_group,metagenome,None,None,0.005842259006815969
Bacteria,Firmicutes,Clostridia,Christensenellales,Christensenellaceae,Christensenellaceae_R-7_group,Christensenella_sp._Marseille-P3954,Bacteria,Firmicutes,Clostridia,Clostridia_vadinBB60_group,wastewater_metagenome,None,None,0.005842259006815969
Bacteria,Firmicutes,Clostridia,Christensenellales,Christensenellaceae,Christensenellaceae_R-7_group,Christensenella_sp._Marseille-P3954,Bacteria,Firmicutes,Clostridia,Clostridiales,Christensenellaceae,Christensenella,PAC001427,0.007789678675754625
Bacteria,Firmicutes,Clostridia,Christensenellales,Christensenellaceae,Christensenellaceae_R-7_group,Christensenella_sp._Marseille-P3954,Bacteria,Firmicutes,Clostridia,Clostridiales,Christensenellaceae,Christensenella,PAC002297,0.007789678675754625
Bacteria,Firmicutes,Clostridia,Christensenellales,Christensenellaceae,Christensenellaceae_R-7_group,Christensenella_sp._Marseille-P3954,Bacteria,Firmicutes,Clostridia,Clostridiales,Christensenellaceae,PAC001115,PAC001444,0.007789678675754625
Bacteria,Firmicutes,Clostridia,Christensenellales,Christensenellaceae,Christensenellaceae_R-7_group,Christensenella_sp._Marseille-P3954,Bacteria,Firmicutes,Clostridia,Clostridiales,Christensenellaceae,PAC001437,PAC001486,0.007789678675754625
Bacteria,Firmicutes,Clostridia,Christensenellales,Christensenellaceae,Christensenellaceae_R-7_group,Christensenella_sp._Marseille-P3954,Bacteria,Firmicutes,Clostridia,Clostridiales,Christensenellaceae,PAC001437,PAC002305,0.007789678675754625
Bacteria,Firmicutes,Clostridia,Christensenellales,Christensenellaceae,Christensenellaceae_R-7_group,Christensenella_sp._Marseille-P3954,Bacteria,Firmicutes,Clostridia,Clostridiales,Christensenellaceae,PAC002510,PAC002510,0.007789678675754625
Bacteria,Firmicutes,Clostridia,Christensenellales,Christensenellaceae,Christensenellaceae_R-7_group,Christensenella_sp._Marseille-P3954,Bacteria,Firmicutes,Clostridia,Clostridiales,Dehalobacterium,PAC002141,PAC002141,0.007789678675754625
Bacteria,Firmicutes,Clostridia,Christensenellales,Christensenellaceae,Christensenellaceae_R-7_group,Christensenella_sp._Marseille-P3954,Bacteria,Firmicutes,Clostridia,Clostridiales,Ruminococcaceae,PAC000742,PAC000742,0.007789678675754625
Bacteria,Firmicutes,Clostridia,Christensenellales,Christensenellaceae,Christensenellaceae_R-7_group,Christensenella_sp._Marseille-P3954,Bacteria,Firmicutes,Clostridia,Clostridiales,Ruminococcaceae,PAC001144,PAC001620,0.007789678675754625
Bacteria,Firmicutes,Clostridia,Christensenellales,Christensenellaceae,Christensenellaceae_R-7_group,Christensenella_sp._Marseille-P3954,Bacteria,Firmicutes,Clostridia,Clostridiales,Ruminococcaceae,PAC001313,PAC001649,0.007789678675754625
Bacteria,Firmicutes,Clostridia,Christensenellales,Christensenellaceae,Christensenellaceae_R-7_group,Christensenella_sp._Marseille-P3954,Bacteria,Firmicutes,Clostridia,Clostridiales,Ruminococcaceae,PAC002201,PAC002201,0.007789678675754625
Bacteria,Firmicutes,Clostridia,Christensenellales,Christensenellaceae,Christensenellaceae_R-7_group,Christensenella_sp._Marseille-P3954,Bacteria,Firmicutes,Clostridia,Eubacteriales,Eubacteriaceae,Eubacterium,None,0.006815968841285297
Bacteria,Firmicutes,Clostridia,Christensenellales,Christensenellaceae,Christensenellaceae_R-7_group,Christensenella_sp._Marseille-P3954,Bacteria,Firmicutes,Clostridia,Lachnospirales,Lachnospiraceae,Agathobacter,None,0.006815968841285297
Bacteria,Firmicutes,Clostridia,Christensenellales,Christensenellaceae,Christensenellaceae_R-7_group,Christensenella_sp._Marseille-P3954,Bacteria,Firmicutes,Clostridia,Lachnospirales,Lachnospiraceae,Anaerostipes,None,0.006815968841285297
Bacteria,Firmicutes,Clostridia,Christensenellales,Christensenellaceae,Christensenellaceae_R-7_group,Christensenella_sp._Marseille-P3954,Bacteria,Firmicutes,Clostridia,Lachnospirales,Lachnospiraceae,Blautia,None,0.006815968841285297
Bacteria,Firmicutes,Clostridia,Christensenellales,Christensenellaceae,Christensenellaceae_R-7_group,Christensenella_sp._Marseille-P3954,Bacteria,Firmicutes,Clostridia,Lachnospirales,Lachnospiraceae,Blautia,bacterium_mpn-isolate_group_20,0.007789678675754625
Bacteria,Firmicutes,Clostridia,Christensenellales,Christensenellaceae,Christensenellaceae_R-7_group,Christensenella_sp._Marseille-P3954,Bacteria,Firmicutes,Clostridia,Lachnospirales,Lachnospiraceae,Blautia,uncultured_Blautia_sp.,0.007789678675754625
Bacteria,Firmicutes,Clostridia,Christensenellales,Christensenellaceae,Christensenellaceae_R-7_group,Christensenella_sp._Marseille-P3954,Bacteria,Firmicutes,Clostridia,Lachnospirales,Lachnospiraceae,Coprococcus,None,0.006815968841285297
Bacteria,Firmicutes,Clostridia,Christensenellales,Christensenellaceae,Christensenellaceae_R-7_group,Christensenella_sp._Marseille-P3954,Bacteria,Firmicutes,Clostridia,Lachnospirales,Lachnospiraceae,Coprococcus,uncultured_Coprococcus_sp.,0.007789678675754625
Bacteria,Firmicutes,Clostridia,Christensenellales,Christensenellaceae,Christensenellaceae_R-7_group,Christensenella_sp._Marseille-P3954,Bacteria,Firmicutes,Clostridia,Lachnospirales,Lachnospiraceae,Dorea,None,0.006815968841285297
Bacteria,Firmicutes,Clostridia,Christensenellales,Christensenellaceae,Christensenellaceae_R-7_group,Christensenella_sp._Marseille-P3954,Bacteria,Firmicutes,Clostridia,Lachnospirales,Lachnospiraceae,Eisenbergiella,None,0.006815968841285297
Bacteria,Firmicutes,Clostridia,Christensenellales,Christensenellaceae,Christensenellaceae_R-7_group,Christensenella_sp._Marseille-P3954,Bacteria,Firmicutes,Clostridia,Lachnospirales,Lachnospiraceae,Frisingicoccus,None,0.006815968841285297
Bacteria,Firmicutes,Clostridia,Christensenellales,Christensenellaceae,Christensenellaceae_R-7_group,Christensenella_sp._Marseille-P3954,Bacteria,Firmicutes,Clostridia,Lachnospirales,Lachnospiraceae,Fusicatenibacter,uncultured_Lachnospiraceae_bacterium,0.007789678675754625
Bacteria,Firmicutes,Clostridia,Christensenellales,Christensenellaceae,Christensenellaceae_R-7_group,Christensenella_sp._Marseille-P3954,Bacteria,Firmicutes,Clostridia,Lachnospirales,Lachnospiraceae,GCA-900066575,None,0.006815968841285297
Bacteria,Firmicutes,Clostridia,Christensenellales,Christensenellaceae,Christensenellaceae_R-7_group,Christensenella_sp._Marseille-P3954,Bacteria,Firmicutes,Clostridia,Lachnospirales,Lachnospiraceae,GCA-900066575,metagenome,0.007789678675754625
Bacteria,Firmicutes,Clostridia,Christensenellales,Christensenellaceae,Christensenellaceae_R-7_group,Christensenella_sp._Marseille-P3954,Bacteria,Firmicutes,Clostridia,Lachnospirales,Lachnospiraceae,GCA-900066755,None,0.006815968841285297
Bacteria,Firmicutes,Clostridia,Christensenellales,Christensenellaceae,Christensenellaceae_R-7_group,Christensenella_sp._Marseille-P3954,Bacteria,Firmicutes,Clostridia,Lachnospirales,Lachnospiraceae,Hungatella,metagenome,0.007789678675754625
Bacteria,Firmicutes,Clostridia,Christensenellales,Christensenellaceae,Christensenellaceae_R-7_group,Christensenella_sp._Marseille-P3954,Bacteria,Firmicutes,Clostridia,Lachnospirales,Lachnospiraceae,Lachnoclostridium,Clostridium_symbiosum,0.007789678675754625
Bacteria,Firmicutes,Clostridia,Christensenellales,Christensenellaceae,Christensenellaceae_R-7_group,Christensenella_sp._Marseille-P3954,Bacteria,Firmicutes,Clostridia,Lachnospirales,Lachnospiraceae,Lachnoclostridium,None,0.006815968841285297
Bacteria,Firmicutes,Clostridia,Christensenellales,Christensenellaceae,Christensenellaceae_R-7_group,Christensenella_sp._Marseille-P3954,Bacteria,Firmicutes,Clostridia,Lachnospirales,Lachnospiraceae,Lachnoclostridium,uncultured_Lachnospiraceae_bacterium,0.007789678675754625
Bacteria,Firmicutes,Clostridia,Christensenellales,Christensenellaceae,Christensenellaceae_R-7_group,Christensenella_sp._Marseille-P3954,Bacteria,Firmicutes,Clostridia,Lachnospirales,Lachnospiraceae,Lachnospiraceae_ND3007_group,metagenome,0.007789678675754625
Bacteria,Firmicutes,Clostridia,Christensenellales,Christensenellaceae,Christensenellaceae_R-7_group,Christensenella_sp._Marseille-P3954,Bacteria,Firmicutes,Clostridia,Lachnospirales,Lachnospiraceae,Lachnospiraceae_NK4A136_group,None,0.006815968841285297
Bacteria,Firmicutes,Clostridia,Christensenellales,Christensenellaceae,Christensenellaceae_R-7_group,Christensenella_sp._Marseille-P3954,Bacteria,Firmicutes,Clostridia,Lachnospirales,Lachnospiraceae,Lachnospiraceae_NK4A136_group,uncultured_Lachnospiraceae_bacterium,0.007789678675754625
Bacteria,Firmicutes,Clostridia,Christensenellales,Christensenellaceae,Christensenellaceae_R-7_group,Christensenella_sp._Marseille-P3954,Bacteria,Firmicutes,Clostridia,Lachnospirales,Lachnospiraceae,Lachnospiraceae_NK4A136_group,uncultured_bacterium_Adhufec49.25,0.007789678675754625
Bacteria,Firmicutes,Clostridia,Christensenellales,Christensenellaceae,Christensenellaceae_R-7_group,Christensenella_sp._Marseille-P3954,Bacteria,Firmicutes,Clostridia,Lachnospirales,Lachnospiraceae,Lachnospiraceae_NK4B4_group,None,0.006815968841285297
Bacteria,Firmicutes,Clostridia,Christensenellales,Christensenellaceae,Christensenellaceae_R-7_group,Christensenella_sp._Marseille-P3954,Bacteria,Firmicutes,Clostridia,Lachnospirales,Lachnospiraceae,Lachnospiraceae_UCG-001,metagenome,0.007789678675754625
Bacteria,Firmicutes,Clostridia,Christensenellales,Christensenellaceae,Christensenellaceae_R-7_group,Christensenella_sp._Marseille-P3954,Bacteria,Firmicutes,Clostridia,Lachnospirales,Lachnospiraceae,Lachnospiraceae_UCG-004,None,0.006815968841285297
Bacteria,Firmicutes,Clostridia,Christensenellales,Christensenellaceae,Christensenellaceae_R-7_group,Christensenella_sp._Marseille-P3954,Bacteria,Firmicutes,Clostridia,Lachnospirales,Lachnospiraceae,Lachnospiraceae_UCG-008,metagenome,0.007789678675754625
Bacteria,Firmicutes,Clostridia,Christensenellales,Christensenellaceae,Christensenellaceae_R-7_group,Christensenella_sp._Marseille-P3954,Bacteria,Firmicutes,Clostridia,Lachnospirales,Lachnospiraceae,Lachnospiraceae_UCG-010,None,0.006815968841285297
Bacteria,Firmicutes,Clostridia,Christensenellales,Christensenellaceae,Christensenellaceae_R-7_group,Christensenella_sp._Marseille-P3954,Bacteria,Firmicutes,Clostridia,Lachnospirales,Lachnospiraceae,Marvinbryantia,None,0.006815968841285297
Bacteria,Firmicutes,Clostridia,Christensenellales,Christensenellaceae,Christensenellaceae_R-7_group,Christensenella_sp._Marseille-P3954,Bacteria,Firmicutes,Clostridia,Lachnospirales,Lachnospiraceae,Marvinbryantia,unidentified,0.007789678675754625
Bacteria,Firmicutes,Clostridia,Christensenellales,Christensenellaceae,Christensenellaceae_R-7_group,Christensenella_sp._Marseille-P3954,Bacteria,Firmicutes,Clostridia,Lachnospirales,Lachnospiraceae,Roseburia,None,0.006815968841285297
Bacteria,Firmicutes,Clostridia,Christensenellales,Christensenellaceae,Christensenellaceae_R-7_group,Christensenella_sp._Marseille-P3954,Bacteria,Firmicutes,Clostridia,Lachnospirales,Lachnospiraceae,Roseburia,gut_metagenome,0.007789678675754625
Bacteria,Firmicutes,Clostridia,Christensenellales,Christensenellaceae,Christensenellaceae_R-7_group,Christensenella_sp._Marseille-P3954,Bacteria,Firmicutes,Clostridia,Lachnospirales,Lachnospiraceae,Tuzzerella,None,0.006815968841285297
Bacteria,Firmicutes,Clostridia,Christensenellales,Christensenellaceae,Christensenellaceae_R-7_group,Christensenella_sp._Marseille-P3954,Bacteria,Firmicutes,Clostridia,Lachnospirales,Lachnospiraceae,Tyzzerella,None,0.006815968841285297
Bacteria,Firmicutes,Clostridia,Christensenellales,Christensenellaceae,Christensenellaceae_R-7_group,Christensenella_sp._Marseille-P3954,Bacteria,Firmicutes,Clostridia,Lachnospirales,Lachnospiraceae,Eubacterium_hallii_group,None,0.006815968841285297
Bacteria,Firmicutes,Clostridia,Christensenellales,Christensenellaceae,Christensenellaceae_R-7_group,Christensenella_sp._Marseille-P3954,Bacteria,Firmicutes,Clostridia,Lachnospirales,Lachnospiraceae,Eubacterium_ventriosum_group,metagenome,0.007789678675754625
Bacteria,Firmicutes,Clostridia,Christensenellales,Christensenellaceae,Christensenellaceae_R-7_group,Christensenella_sp._Marseille-P3954,Bacteria,Firmicutes,Clostridia,Lachnospirales,Lachnospiraceae,Ruminococcus_gauvreauii_group,uncultured_Lachnospiraceae_bacterium,0.007789678675754625
Bacteria,Firmicutes,Clostridia,Christensenellales,Christensenellaceae,Christensenellaceae_R-7_group,Christensenella_sp._Marseille-P3954,Bacteria,Firmicutes,Clostridia,Lachnospirales,Lachnospiraceae,Ruminococcus_gnavus_group,None,0.006815968841285297
Bacteria,Firmicutes,Clostridia,Christensenellales,Christensenellaceae,Christensenellaceae_R-7_group,Christensenella_sp._Marseille-P3954,Bacteria,Firmicutes,Clostridia,Lachnospirales,Lachnospiraceae,Ruminococcus_torques_group,Clostridiaceae_bacterium_LEMV78,0.007789678675754625
Bacteria,Firmicutes,Clostridia,Christensenellales,Christensenellaceae,Christensenellaceae_R-7_group,Christensenella_sp._Marseille-P3954,Bacteria,Firmicutes,Clostridia,Lachnospirales,Lachnospiraceae,Ruminococcus_torques_group,None,0.006815968841285297
Bacteria,Firmicutes,Clostridia,Christensenellales,Christensenellaceae,Christensenellaceae_R-7_group,Christensenella_sp._Marseille-P3954,Bacteria,Firmicutes,Clostridia,Lachnospirales,Lachnospiraceae,None,None,0.005842259006815969
Bacteria,Firmicutes,Clostridia,Christensenellales,Christensenellaceae,Christensenellaceae_R-7_group,Christensenella_sp._Marseille-P3954,Bacteria,Firmicutes,Clostridia,Lachnospirales,Lachnospiraceae,uncultured,None,0.006815968841285297
Bacteria,Firmicutes,Clostridia,Christensenellales,Christensenellaceae,Christensenellaceae_R-7_group,Christensenella_sp._Marseille-P3954,Bacteria,Firmicutes,Clostridia,Monoglobales,Monoglobaceae,Monoglobus,None,0.006815968841285297
Bacteria,Firmicutes,Clostridia,Christensenellales,Christensenellaceae,Christensenellaceae_R-7_group,Christensenella_sp._Marseille-P3954,Bacteria,Firmicutes,Clostridia,Oscillospirales,Butyricicoccaceae,Butyricicoccus,None,0.006815968841285297
Bacteria,Firmicutes,Clostridia,Christensenellales,Christensenellaceae,Christensenellaceae_R-7_group,Christensenella_sp._Marseille-P3954,Bacteria,Firmicutes,Clostridia,Oscillospirales,Hydrogenoanaerobacterium,None,None,0.005842259006815969
Bacteria,Firmicutes,Clostridia,Christensenellales,Christensenellaceae,Christensenellaceae_R-7_group,Christensenella_sp._Marseille-P3954,Bacteria,Firmicutes,Clostridia,Oscillospirales,Oscillospiraceae,Colidextribacter,None,0.006815968841285297
Bacteria,Firmicutes,Clostridia,Christensenellales,Christensenellaceae,Christensenellaceae_R-7_group,Christensenella_sp._Marseille-P3954,Bacteria,Firmicutes,Clostridia,Oscillospirales,Oscillospiraceae,Colidextribacter,metagenome,0.007789678675754625
Bacteria,Firmicutes,Clostridia,Christensenellales,Christensenellaceae,Christensenellaceae_R-7_group,Christensenella_sp._Marseille-P3954,Bacteria,Firmicutes,Clostridia,Oscillospirales,Oscillospiraceae,Flavonifractor,None,0.006815968841285297
Bacteria,Firmicutes,Clostridia,Christensenellales,Christensenellaceae,Christensenellaceae_R-7_group,Christensenella_sp._Marseille-P3954,Bacteria,Firmicutes,Clostridia,Oscillospirales,Oscillospiraceae,Intestinimonas,None,0.006815968841285297
Bacteria,Firmicutes,Clostridia,Christensenellales,Christensenellaceae,Christensenellaceae_R-7_group,Christensenella_sp._Marseille-P3954,Bacteria,Firmicutes,Clostridia,Oscillospirales,Oscillospiraceae,Intestinimonas,uncultured,0.007789678675754625
Bacteria,Firmicutes,Clostridia,Christensenellales,Christensenellaceae,Christensenellaceae_R-7_group,Christensenella_sp._Marseille-P3954,Bacteria,Firmicutes,Clostridia,Oscillospirales,Oscillospiraceae,NK4A214_group,None,0.006815968841285297
Bacteria,Firmicutes,Clostridia,Christensenellales,Christensenellaceae,Christensenellaceae_R-7_group,Christensenella_sp._Marseille-P3954,Bacteria,Firmicutes,Clostridia,Oscillospirales,Oscillospiraceae,Oscillibacter,None,0.006815968841285297
Bacteria,Firmicutes,Clostridia,Christensenellales,Christensenellaceae,Christensenellaceae_R-7_group,Christensenella_sp._Marseille-P3954,Bacteria,Firmicutes,Clostridia,Oscillospirales,Oscillospiraceae,Oscillibacter,metagenome,0.007789678675754625
Bacteria,Firmicutes,Clostridia,Christensenellales,Christensenellaceae,Christensenellaceae_R-7_group,Christensenella_sp._Marseille-P3954,Bacteria,Firmicutes,Clostridia,Oscillospirales,Oscillospiraceae,Oscillospira,None,0.006815968841285297
Bacteria,Firmicutes,Clostridia,Christensenellales,Christensenellaceae,Christensenellaceae_R-7_group,Christensenella_sp._Marseille-P3954,Bacteria,Firmicutes,Clostridia,Oscillospirales,Oscillospiraceae,UCG-002,None,0.006815968841285297
Bacteria,Firmicutes,Clostridia,Christensenellales,Christensenellaceae,Christensenellaceae_R-7_group,Christensenella_sp._Marseille-P3954,Bacteria,Firmicutes,Clostridia,Oscillospirales,Oscillospiraceae,UCG-003,None,0.006815968841285297
Bacteria,Firmicutes,Clostridia,Christensenellales,Christensenellaceae,Christensenellaceae_R-7_group,Christensenella_sp._Marseille-P3954,Bacteria,Firmicutes,Clostridia,Oscillospirales,Oscillospiraceae,UCG-005,None,0.006815968841285297
Bacteria,Firmicutes,Clostridia,Christensenellales,Christensenellaceae,Christensenellaceae_R-7_group,Christensenella_sp._Marseille-P3954,Bacteria,Firmicutes,Clostridia,Oscillospirales,Oscillospiraceae,UCG-005,metagenome,0.007789678675754625
Bacteria,Firmicutes,Clostridia,Christensenellales,Christensenellaceae,Christensenellaceae_R-7_group,Christensenella_sp._Marseille-P3954,Bacteria,Firmicutes,Clostridia,Oscillospirales,Oscillospiraceae,UCG-005,uncultured_Clostridiales_bacterium,0.007789678675754625
Bacteria,Firmicutes,Clostridia,Christensenellales,Christensenellaceae,Christensenellaceae_R-7_group,Christensenella_sp._Marseille-P3954,Bacteria,Firmicutes,Clostridia,Oscillospirales,Oscillospiraceae,UCG-005,uncultured_rumen_bacterium,0.007789678675754625
Bacteria,Firmicutes,Clostridia,Christensenellales,Christensenellaceae,Christensenellaceae_R-7_group,Christensenella_sp._Marseille-P3954,Bacteria,Firmicutes,Clostridia,Oscillospirales,Oscillospiraceae,None,None,0.005842259006815969
Bacteria,Firmicutes,Clostridia,Christensenellales,Christensenellaceae,Christensenellaceae_R-7_group,Christensenella_sp._Marseille-P3954,Bacteria,Firmicutes,Clostridia,Oscillospirales,Oscillospiraceae,uncultured,metagenome,0.007789678675754625
Bacteria,Firmicutes,Clostridia,Christensenellales,Christensenellaceae,Christensenellaceae_R-7_group,Christensenella_sp._Marseille-P3954,Bacteria,Firmicutes,Clostridia,Oscillospirales,Oscillospiraceae,uncultured,unidentified,0.007789678675754625
Bacteria,Firmicutes,Clostridia,Christensenellales,Christensenellaceae,Christensenellaceae_R-7_group,Christensenella_sp._Marseille-P3954,Bacteria,Firmicutes,Clostridia,Oscillospirales,Ruminococcaceae,Anaerofilum,uncultured_Firmicutes_bacterium,0.007789678675754625
Bacteria,Firmicutes,Clostridia,Christensenellales,Christensenellaceae,Christensenellaceae_R-7_group,Christensenella_sp._Marseille-P3954,Bacteria,Firmicutes,Clostridia,Oscillospirales,Ruminococcaceae,Anaerotruncus,Anaerotruncus_rubiinfantis,0.007789678675754625
Bacteria,Firmicutes,Clostridia,Christensenellales,Christensenellaceae,Christensenellaceae_R-7_group,Christensenella_sp._Marseille-P3954,Bacteria,Firmicutes,Clostridia,Oscillospirales,Ruminococcaceae,Anaerotruncus,Anaerotruncus_sp._NML_070203,0.007789678675754625
Bacteria,Firmicutes,Clostridia,Christensenellales,Christensenellaceae,Christensenellaceae_R-7_group,Christensenella_sp._Marseille-P3954,Bacteria,Firmicutes,Clostridia,Oscillospirales,Ruminococcaceae,Candidatus_Soleaferrea,Neobitarella_massiliensis,0.007789678675754625
Bacteria,Firmicutes,Clostridia,Christensenellales,Christensenellaceae,Christensenellaceae_R-7_group,Christensenella_sp._Marseille-P3954,Bacteria,Firmicutes,Clostridia,Oscillospirales,Ruminococcaceae,Candidatus_Soleaferrea,None,0.006815968841285297
Bacteria,Firmicutes,Clostridia,Christensenellales,Christensenellaceae,Christensenellaceae_R-7_group,Christensenella_sp._Marseille-P3954,Bacteria,Firmicutes,Clostridia,Oscillospirales,Ruminococcaceae,DTU089,None,0.006815968841285297
Bacteria,Firmicutes,Clostridia,Christensenellales,Christensenellaceae,Christensenellaceae_R-7_group,Christensenella_sp._Marseille-P3954,Bacteria,Firmicutes,Clostridia,Oscillospirales,Ruminococcaceae,Faecalibacterium,None,0.006815968841285297
Bacteria,Firmicutes,Clostridia,Christensenellales,Christensenellaceae,Christensenellaceae_R-7_group,Christensenella_sp._Marseille-P3954,Bacteria,Firmicutes,Clostridia,Oscillospirales,Ruminococcaceae,Fournierella,uncultured_organism,0.007789678675754625
Bacteria,Firmicutes,Clostridia,Christensenellales,Christensenellaceae,Christensenellaceae_R-7_group,Christensenella_sp._Marseille-P3954,Bacteria,Firmicutes,Clostridia,Oscillospirales,Ruminococcaceae,Incertae_Sedis,metagenome,0.007789678675754625
Bacteria,Firmicutes,Clostridia,Christensenellales,Christensenellaceae,Christensenellaceae_R-7_group,Christensenella_sp._Marseille-P3954,Bacteria,Firmicutes,Clostridia,Oscillospirales,Ruminococcaceae,Incertae_Sedis,None,0.006815968841285297
Bacteria,Firmicutes,Clostridia,Christensenellales,Christensenellaceae,Christensenellaceae_R-7_group,Christensenella_sp._Marseille-P3954,Bacteria,Firmicutes,Clostridia,Oscillospirales,Ruminococcaceae,Negativibacillus,None,0.006815968841285297
Bacteria,Firmicutes,Clostridia,Christensenellales,Christensenellaceae,Christensenellaceae_R-7_group,Christensenella_sp._Marseille-P3954,Bacteria,Firmicutes,Clostridia,Oscillospirales,Ruminococcaceae,Ruminococcus,Ruminococcus_champanellensis,0.007789678675754625
Bacteria,Firmicutes,Clostridia,Christensenellales,Christensenellaceae,Christensenellaceae_R-7_group,Christensenella_sp._Marseille-P3954,Bacteria,Firmicutes,Clostridia,Oscillospirales,Ruminococcaceae,Ruminococcus,None,0.006815968841285297
Bacteria,Firmicutes,Clostridia,Christensenellales,Christensenellaceae,Christensenellaceae_R-7_group,Christensenella_sp._Marseille-P3954,Bacteria,Firmicutes,Clostridia,Oscillospirales,Ruminococcaceae,Subdoligranulum,None,0.006815968841285297
Bacteria,Firmicutes,Clostridia,Christensenellales,Christensenellaceae,Christensenellaceae_R-7_group,Christensenella_sp._Marseille-P3954,Bacteria,Firmicutes,Clostridia,Oscillospirales,Ruminococcaceae,UBA1819,None,0.006815968841285297
Bacteria,Firmicutes,Clostridia,Christensenellales,Christensenellaceae,Christensenellaceae_R-7_group,Christensenella_sp._Marseille-P3954,Bacteria,Firmicutes,Clostridia,Oscillospirales,Ruminococcaceae,Eubacterium_siraeum_group,None,0.006815968841285297
Bacteria,Firmicutes,Clostridia,Christensenellales,Christensenellaceae,Christensenellaceae_R-7_group,Christensenella_sp._Marseille-P3954,Bacteria,Firmicutes,Clostridia,Oscillospirales,Ruminococcaceae,None,None,0.005842259006815969
Bacteria,Firmicutes,Clostridia,Christensenellales,Christensenellaceae,Christensenellaceae_R-7_group,Christensenella_sp._Marseille-P3954,Bacteria,Firmicutes,Clostridia,Oscillospirales,UCG-010,None,None,0.005842259006815969
Bacteria,Firmicutes,Clostridia,Christensenellales,Christensenellaceae,Christensenellaceae_R-7_group,Christensenella_sp._Marseille-P3954,Bacteria,Firmicutes,Clostridia,Oscillospirales,UCG-010,metagenome,None,0.006815968841285297
Bacteria,Firmicutes,Clostridia,Christensenellales,Christensenellaceae,Christensenellaceae_R-7_group,Christensenella_sp._Marseille-P3954,Bacteria,Firmicutes,Clostridia,Oscillospirales,UCG-010,uncultured_bacterium,None,0.006815968841285297
Bacteria,Firmicutes,Clostridia,Christensenellales,Christensenellaceae,Christensenellaceae_R-7_group,Christensenella_sp._Marseille-P3954,Bacteria,Firmicutes,Clostridia,Oscillospirales,UCG-010,uncultured_organism,None,0.006815968841285297
Bacteria,Firmicutes,Clostridia,Christensenellales,Christensenellaceae,Christensenellaceae_R-7_group,Christensenella_sp._Marseille-P3954,Bacteria,Firmicutes,Clostridia,Oscillospirales,Clostridium_methylpentosum_group,None,None,0.005842259006815969
Bacteria,Firmicutes,Clostridia,Christensenellales,Christensenellaceae,Christensenellaceae_R-7_group,Christensenella_sp._Marseille-P3954,Bacteria,Firmicutes,Clostridia,Oscillospirales,Eubacterium_coprostanoligenes_group,None,None,0.005842259006815969
Bacteria,Firmicutes,Clostridia,Christensenellales,Christensenellaceae,Christensenellaceae_R-7_group,Christensenella_sp._Marseille-P3954,Bacteria,Firmicutes,Clostridia,Oscillospirales,None,None,None,0.004868549172346641
Bacteria,Firmicutes,Clostridia,Christensenellales,Christensenellaceae,Christensenellaceae_R-7_group,Christensenella_sp._Marseille-P3954,Bacteria,Firmicutes,Clostridia,Peptococcales,Peptococcaceae,uncultured,None,0.006815968841285297
Bacteria,Firmicutes,Clostridia,Christensenellales,Christensenellaceae,Christensenellaceae_R-7_group,Christensenella_sp._Marseille-P3954,Bacteria,Firmicutes,Clostridia,Peptostreptococcales-Tissierellales,Anaerovoracaceae,Family_XIII_AD3011_group,metagenome,0.007789678675754625
Bacteria,Firmicutes,Clostridia,Christensenellales,Christensenellaceae,Christensenellaceae_R-7_group,Christensenella_sp._Marseille-P3954,Bacteria,Firmicutes,Clostridia,Peptostreptococcales-Tissierellales,Anaerovoracaceae,Family_XIII_AD3011_group,None,0.006815968841285297
Bacteria,Firmicutes,Clostridia,Christensenellales,Christensenellaceae,Christensenellaceae_R-7_group,Christensenella_sp._Marseille-P3954,Bacteria,Firmicutes,Clostridia,Peptostreptococcales-Tissierellales,Anaerovoracaceae,Family_XIII_AD3011_group,uncultured,0.007789678675754625
Bacteria,Firmicutes,Clostridia,Christensenellales,Christensenellaceae,Christensenellaceae_R-7_group,Christensenella_sp._Marseille-P3954,Bacteria,Firmicutes,Clostridia,Peptostreptococcales-Tissierellales,Anaerovoracaceae,Family_XIII_UCG-001,metagenome,0.007789678675754625
Bacteria,Firmicutes,Clostridia,Christensenellales,Christensenellaceae,Christensenellaceae_R-7_group,Christensenella_sp._Marseille-P3954,Bacteria,Firmicutes,Clostridia,Peptostreptococcales-Tissierellales,Anaerovoracaceae,Eubacterium_nodatum_group,None,0.006815968841285297
Bacteria,Firmicutes,Clostridia,Christensenellales,Christensenellaceae,Christensenellaceae_R-7_group,Christensenella_sp._Marseille-P3954,Bacteria,Firmicutes,Clostridia,Peptostreptococcales-Tissierellales,Anaerovoracaceae,None,None,0.005842259006815969
Bacteria,Firmicutes,Clostridia,Christensenellales,Christensenellaceae,Christensenellaceae_R-7_group,Christensenella_sp._Marseille-P3954,Bacteria,Firmicutes,Clostridia,Peptostreptococcales-Tissierellales,Parvimonas,None,None,0.005842259006815969
Bacteria,Firmicutes,Clostridia,Christensenellales,Christensenellaceae,Christensenellaceae_R-7_group,Christensenella_sp._Marseille-P3954,Bacteria,Firmicutes,Clostridia,None,None,None,None,0.0038948393378773127
Bacteria,Firmicutes,Clostridia,Christensenellales,Christensenellaceae,Christensenellaceae_R-7_group,Christensenella_sp._Marseille-P3954,Bacteria,Firmicutes,Incertae_Sedis,DTU014,unidentified,None,None,0.007789678675754625
Bacteria,Firmicutes,Clostridia,Christensenellales,Christensenellaceae,Christensenellaceae_R-7_group,Christensenella_sp._Marseille-P3954,Bacteria,Firmicutes,Limnochordia,M55-D21,uncultured_compost_bacterium,None,None,0.007789678675754625
Bacteria,Firmicutes,Clostridia,Christensenellales,Christensenellaceae,Christensenellaceae_R-7_group,Christensenella_sp._Marseille-P3954,Bacteria,Firmicutes,Negativicutes,Acidaminococcales,Acidaminococcaceae,Phascolarctobacterium,None,0.008763388510223954
Bacteria,Firmicutes,Clostridia,Christensenellales,Christensenellaceae,Christensenellaceae_R-7_group,Christensenella_sp._Marseille-P3954,Bacteria,Firmicutes,None,None,None,None,None,0.004868549172346641
Bacteria,Firmicutes,Clostridia,Christensenellales,Christensenellaceae,Christensenellaceae_R-7_group,Christensenella_sp._Marseille-P3954,Bacteria,Firmicutes,uncultured,uncultured_Peptococcaceae_bacterium,None,None,None,0.006815968841285297
Bacteria,Firmicutes,Clostridia,Christensenellales,Christensenellaceae,Christensenellaceae_R-7_group,Christensenella_sp._Marseille-P3954,Bacteria,Proteobacteria,Alphaproteobacteria,Rhodospirillales,uncultured,None,None,0.009737098344693282
Bacteria,Firmicutes,Clostridia,Christensenellales,Christensenellaceae,Christensenellaceae_R-7_group,Christensenella_sp._Marseille-P3954,Bacteria,Proteobacteria,Gammaproteobacteria,Burkholderiales,Sutterellaceae,Sutterella,Sutterella_sp._252,0.011684518013631937
Bacteria,Firmicutes,Clostridia,Christensenellales,Christensenellaceae,Christensenellaceae_R-7_group,Christensenella_sp._Marseille-P3954,Bacteria,Proteobacteria,Gammaproteobacteria,Enterobacterales,Enterobacteriaceae,Escherichia-Shigella,None,0.010710808179162609
Bacteria,Firmicutes,Clostridia,Christensenellales,Christensenellaceae,Christensenellaceae_R-7_group,Christensenella_sp._Marseille-P3954,Bacteria,Proteobacteria,Gammaproteobacteria,Enterobacterales,Enterobacteriaceae,Klebsiella,None,0.010710808179162609
Bacteria,Firmicutes,Clostridia,Christensenellales,Christensenellaceae,Christensenellaceae_R-7_group,Christensenella_sp._Marseille-P3954,Bacteria,Proteobacteria,Gammaproteobacteria,Enterobacterales,Enterobacteriaceae,None,None,0.009737098344693282
Bacteria,Firmicutes,Clostridia,Christensenellales,Christensenellaceae,Christensenellaceae_R-7_group,Christensenella_sp._Marseille-P3954,Bacteria,Proteobacteria,Gammaproteobacteria,Pseudomonadales,Pseudomonadaceae,Pseudomonas,None,0.010710808179162609
Bacteria,Firmicutes,Clostridia,Christensenellales,Christensenellaceae,Christensenellaceae_R-7_group,Christensenella_sp._Marseille-P3954,Bacteria,Synergistota,Synergistia,Synergistales,Synergistaceae,Cloacibacillus,None,0.010710808179162609
Bacteria,Firmicutes,Clostridia,Christensenellales,Christensenellaceae,Christensenellaceae_R-7_group,Christensenella_sp._Marseille-P3954,Bacteria,Verrucomicrobiota,Verrucomicrobiae,Verrucomicrobiales,Akkermansiaceae,Akkermansia,None,0.010710808179162609
Bacteria,Firmicutes,Clostridia,Christensenellales,Christensenellaceae,Christensenellaceae_R-7_group,Clostridiales_bacterium_Marseille-P2846,Bacteria,Firmicutes,Clostridia,Christensenellales,Christensenellaceae,Christensenellaceae_R-7_group,None,0.0009737098344693282
Bacteria,Firmicutes,Clostridia,Christensenellales,Christensenellaceae,Christensenellaceae_R-7_group,Clostridiales_bacterium_Marseille-P2846,Bacteria,Firmicutes,Clostridia,Christensenellales,Christensenellaceae,Christensenellaceae_R-7_group,bacterium_YE57,0.0019474196689386564
Bacteria,Firmicutes,Clostridia,Christensenellales,Christensenellaceae,Christensenellaceae_R-7_group,Clostridiales_bacterium_Marseille-P2846,Bacteria,Firmicutes,Clostridia,Christensenellales,Christensenellaceae,Christensenellaceae_R-7_group,metagenome,0.0019474196689386564
Bacteria,Firmicutes,Clostridia,Christensenellales,Christensenellaceae,Christensenellaceae_R-7_group,Clostridiales_bacterium_Marseille-P2846,Bacteria,Firmicutes,Clostridia,Christensenellales,Christensenellaceae,Christensenellaceae_R-7_group,uncultured_Firmicutes_bacterium,0.0019474196689386564
Bacteria,Firmicutes,Clostridia,Christensenellales,Christensenellaceae,Christensenellaceae_R-7_group,Clostridiales_bacterium_Marseille-P2846,Bacteria,Firmicutes,Clostridia,Christensenellales,Christensenellaceae,Christensenellaceae_R-7_group,uncultured_marine_bacterium,0.0019474196689386564
Bacteria,Firmicutes,Clostridia,Christensenellales,Christensenellaceae,Christensenellaceae_R-7_group,Clostridiales_bacterium_Marseille-P2846,Bacteria,Firmicutes,Clostridia,Christensenellales,Christensenellaceae,Christensenellaceae_R-7_group,uncultured_organism,0.0019474196689386564
Bacteria,Firmicutes,Clostridia,Christensenellales,Christensenellaceae,Christensenellaceae_R-7_group,Clostridiales_bacterium_Marseille-P2846,Bacteria,Firmicutes,Clostridia,Christensenellales,Christensenellaceae,None,None,0.0029211295034079843
Bacteria,Firmicutes,Clostridia,Christensenellales,Christensenellaceae,Christensenellaceae_R-7_group,Clostridiales_bacterium_Marseille-P2846,Bacteria,Firmicutes,Clostridia,Clostridia_vadinBB60_group,metagenome,None,None,0.005842259006815969
Bacteria,Firmicutes,Clostridia,Christensenellales,Christensenellaceae,Christensenellaceae_R-7_group,Clostridiales_bacterium_Marseille-P2846,Bacteria,Firmicutes,Clostridia,Clostridia_vadinBB60_group,wastewater_metagenome,None,None,0.005842259006815969
Bacteria,Firmicutes,Clostridia,Christensenellales,Christensenellaceae,Christensenellaceae_R-7_group,Clostridiales_bacterium_Marseille-P2846,Bacteria,Firmicutes,Clostridia,Clostridiales,Christensenellaceae,Christensenella,PAC001427,0.007789678675754625
Bacteria,Firmicutes,Clostridia,Christensenellales,Christensenellaceae,Christensenellaceae_R-7_group,Clostridiales_bacterium_Marseille-P2846,Bacteria,Firmicutes,Clostridia,Clostridiales,Christensenellaceae,Christensenella,PAC002297,0.007789678675754625
Bacteria,Firmicutes,Clostridia,Christensenellales,Christensenellaceae,Christensenellaceae_R-7_group,Clostridiales_bacterium_Marseille-P2846,Bacteria,Firmicutes,Clostridia,Clostridiales,Christensenellaceae,PAC001115,PAC001444,0.007789678675754625
Bacteria,Firmicutes,Clostridia,Christensenellales,Christensenellaceae,Christensenellaceae_R-7_group,Clostridiales_bacterium_Marseille-P2846,Bacteria,Firmicutes,Clostridia,Clostridiales,Christensenellaceae,PAC001437,PAC001486,0.007789678675754625
Bacteria,Firmicutes,Clostridia,Christensenellales,Christensenellaceae,Christensenellaceae_R-7_group,Clostridiales_bacterium_Marseille-P2846,Bacteria,Firmicutes,Clostridia,Clostridiales,Christensenellaceae,PAC001437,PAC002305,0.007789678675754625
Bacteria,Firmicutes,Clostridia,Christensenellales,Christensenellaceae,Christensenellaceae_R-7_group,Clostridiales_bacterium_Marseille-P2846,Bacteria,Firmicutes,Clostridia,Clostridiales,Christensenellaceae,PAC002510,PAC002510,0.007789678675754625
Bacteria,Firmicutes,Clostridia,Christensenellales,Christensenellaceae,Christensenellaceae_R-7_group,Clostridiales_bacterium_Marseille-P2846,Bacteria,Firmicutes,Clostridia,Clostridiales,Dehalobacterium,PAC002141,PAC002141,0.007789678675754625
Bacteria,Firmicutes,Clostridia,Christensenellales,Christensenellaceae,Christensenellaceae_R-7_group,Clostridiales_bacterium_Marseille-P2846,Bacteria,Firmicutes,Clostridia,Clostridiales,Ruminococcaceae,PAC000742,PAC000742,0.007789678675754625
Bacteria,Firmicutes,Clostridia,Christensenellales,Christensenellaceae,Christensenellaceae_R-7_group,Clostridiales_bacterium_Marseille-P2846,Bacteria,Firmicutes,Clostridia,Clostridiales,Ruminococcaceae,PAC001144,PAC001620,0.007789678675754625
Bacteria,Firmicutes,Clostridia,Christensenellales,Christensenellaceae,Christensenellaceae_R-7_group,Clostridiales_bacterium_Marseille-P2846,Bacteria,Firmicutes,Clostridia,Clostridiales,Ruminococcaceae,PAC001313,PAC001649,0.007789678675754625
Bacteria,Firmicutes,Clostridia,Christensenellales,Christensenellaceae,Christensenellaceae_R-7_group,Clostridiales_bacterium_Marseille-P2846,Bacteria,Firmicutes,Clostridia,Clostridiales,Ruminococcaceae,PAC002201,PAC002201,0.007789678675754625
Bacteria,Firmicutes,Clostridia,Christensenellales,Christensenellaceae,Christensenellaceae_R-7_group,Clostridiales_bacterium_Marseille-P2846,Bacteria,Firmicutes,Clostridia,Eubacteriales,Eubacteriaceae,Eubacterium,None,0.006815968841285297
Bacteria,Firmicutes,Clostridia,Christensenellales,Christensenellaceae,Christensenellaceae_R-7_group,Clostridiales_bacterium_Marseille-P2846,Bacteria,Firmicutes,Clostridia,Lachnospirales,Lachnospiraceae,Agathobacter,None,0.006815968841285297
Bacteria,Firmicutes,Clostridia,Christensenellales,Christensenellaceae,Christensenellaceae_R-7_group,Clostridiales_bacterium_Marseille-P2846,Bacteria,Firmicutes,Clostridia,Lachnospirales,Lachnospiraceae,Anaerostipes,None,0.006815968841285297
Bacteria,Firmicutes,Clostridia,Christensenellales,Christensenellaceae,Christensenellaceae_R-7_group,Clostridiales_bacterium_Marseille-P2846,Bacteria,Firmicutes,Clostridia,Lachnospirales,Lachnospiraceae,Blautia,None,0.006815968841285297
Bacteria,Firmicutes,Clostridia,Christensenellales,Christensenellaceae,Christensenellaceae_R-7_group,Clostridiales_bacterium_Marseille-P2846,Bacteria,Firmicutes,Clostridia,Lachnospirales,Lachnospiraceae,Blautia,bacterium_mpn-isolate_group_20,0.007789678675754625
Bacteria,Firmicutes,Clostridia,Christensenellales,Christensenellaceae,Christensenellaceae_R-7_group,Clostridiales_bacterium_Marseille-P2846,Bacteria,Firmicutes,Clostridia,Lachnospirales,Lachnospiraceae,Blautia,uncultured_Blautia_sp.,0.007789678675754625
Bacteria,Firmicutes,Clostridia,Christensenellales,Christensenellaceae,Christensenellaceae_R-7_group,Clostridiales_bacterium_Marseille-P2846,Bacteria,Firmicutes,Clostridia,Lachnospirales,Lachnospiraceae,Coprococcus,None,0.006815968841285297
Bacteria,Firmicutes,Clostridia,Christensenellales,Christensenellaceae,Christensenellaceae_R-7_group,Clostridiales_bacterium_Marseille-P2846,Bacteria,Firmicutes,Clostridia,Lachnospirales,Lachnospiraceae,Coprococcus,uncultured_Coprococcus_sp.,0.007789678675754625
Bacteria,Firmicutes,Clostridia,Christensenellales,Christensenellaceae,Christensenellaceae_R-7_group,Clostridiales_bacterium_Marseille-P2846,Bacteria,Firmicutes,Clostridia,Lachnospirales,Lachnospiraceae,Dorea,None,0.006815968841285297
Bacteria,Firmicutes,Clostridia,Christensenellales,Christensenellaceae,Christensenellaceae_R-7_group,Clostridiales_bacterium_Marseille-P2846,Bacteria,Firmicutes,Clostridia,Lachnospirales,Lachnospiraceae,Eisenbergiella,None,0.006815968841285297
Bacteria,Firmicutes,Clostridia,Christensenellales,Christensenellaceae,Christensenellaceae_R-7_group,Clostridiales_bacterium_Marseille-P2846,Bacteria,Firmicutes,Clostridia,Lachnospirales,Lachnospiraceae,Frisingicoccus,None,0.006815968841285297
Bacteria,Firmicutes,Clostridia,Christensenellales,Christensenellaceae,Christensenellaceae_R-7_group,Clostridiales_bacterium_Marseille-P2846,Bacteria,Firmicutes,Clostridia,Lachnospirales,Lachnospiraceae,Fusicatenibacter,uncultured_Lachnospiraceae_bacterium,0.007789678675754625
Bacteria,Firmicutes,Clostridia,Christensenellales,Christensenellaceae,Christensenellaceae_R-7_group,Clostridiales_bacterium_Marseille-P2846,Bacteria,Firmicutes,Clostridia,Lachnospirales,Lachnospiraceae,GCA-900066575,None,0.006815968841285297
Bacteria,Firmicutes,Clostridia,Christensenellales,Christensenellaceae,Christensenellaceae_R-7_group,Clostridiales_bacterium_Marseille-P2846,Bacteria,Firmicutes,Clostridia,Lachnospirales,Lachnospiraceae,GCA-900066575,metagenome,0.007789678675754625
Bacteria,Firmicutes,Clostridia,Christensenellales,Christensenellaceae,Christensenellaceae_R-7_group,Clostridiales_bacterium_Marseille-P2846,Bacteria,Firmicutes,Clostridia,Lachnospirales,Lachnospiraceae,GCA-900066755,None,0.006815968841285297
Bacteria,Firmicutes,Clostridia,Christensenellales,Christensenellaceae,Christensenellaceae_R-7_group,Clostridiales_bacterium_Marseille-P2846,Bacteria,Firmicutes,Clostridia,Lachnospirales,Lachnospiraceae,Hungatella,metagenome,0.007789678675754625
Bacteria,Firmicutes,Clostridia,Christensenellales,Christensenellaceae,Christensenellaceae_R-7_group,Clostridiales_bacterium_Marseille-P2846,Bacteria,Firmicutes,Clostridia,Lachnospirales,Lachnospiraceae,Lachnoclostridium,Clostridium_symbiosum,0.007789678675754625
Bacteria,Firmicutes,Clostridia,Christensenellales,Christensenellaceae,Christensenellaceae_R-7_group,Clostridiales_bacterium_Marseille-P2846,Bacteria,Firmicutes,Clostridia,Lachnospirales,Lachnospiraceae,Lachnoclostridium,None,0.006815968841285297
Bacteria,Firmicutes,Clostridia,Christensenellales,Christensenellaceae,Christensenellaceae_R-7_group,Clostridiales_bacterium_Marseille-P2846,Bacteria,Firmicutes,Clostridia,Lachnospirales,Lachnospiraceae,Lachnoclostridium,uncultured_Lachnospiraceae_bacterium,0.007789678675754625
Bacteria,Firmicutes,Clostridia,Christensenellales,Christensenellaceae,Christensenellaceae_R-7_group,Clostridiales_bacterium_Marseille-P2846,Bacteria,Firmicutes,Clostridia,Lachnospirales,Lachnospiraceae,Lachnospiraceae_ND3007_group,metagenome,0.007789678675754625
Bacteria,Firmicutes,Clostridia,Christensenellales,Christensenellaceae,Christensenellaceae_R-7_group,Clostridiales_bacterium_Marseille-P2846,Bacteria,Firmicutes,Clostridia,Lachnospirales,Lachnospiraceae,Lachnospiraceae_NK4A136_group,None,0.006815968841285297
Bacteria,Firmicutes,Clostridia,Christensenellales,Christensenellaceae,Christensenellaceae_R-7_group,Clostridiales_bacterium_Marseille-P2846,Bacteria,Firmicutes,Clostridia,Lachnospirales,Lachnospiraceae,Lachnospiraceae_NK4A136_group,uncultured_Lachnospiraceae_bacterium,0.007789678675754625
Bacteria,Firmicutes,Clostridia,Christensenellales,Christensenellaceae,Christensenellaceae_R-7_group,Clostridiales_bacterium_Marseille-P2846,Bacteria,Firmicutes,Clostridia,Lachnospirales,Lachnospiraceae,Lachnospiraceae_NK4A136_group,uncultured_bacterium_Adhufec49.25,0.007789678675754625
Bacteria,Firmicutes,Clostridia,Christensenellales,Christensenellaceae,Christensenellaceae_R-7_group,Clostridiales_bacterium_Marseille-P2846,Bacteria,Firmicutes,Clostridia,Lachnospirales,Lachnospiraceae,Lachnospiraceae_NK4B4_group,None,0.006815968841285297
Bacteria,Firmicutes,Clostridia,Christensenellales,Christensenellaceae,Christensenellaceae_R-7_group,Clostridiales_bacterium_Marseille-P2846,Bacteria,Firmicutes,Clostridia,Lachnospirales,Lachnospiraceae,Lachnospiraceae_UCG-001,metagenome,0.007789678675754625
Bacteria,Firmicutes,Clostridia,Christensenellales,Christensenellaceae,Christensenellaceae_R-7_group,Clostridiales_bacterium_Marseille-P2846,Bacteria,Firmicutes,Clostridia,Lachnospirales,Lachnospiraceae,Lachnospiraceae_UCG-004,None,0.006815968841285297
Bacteria,Firmicutes,Clostridia,Christensenellales,Christensenellaceae,Christensenellaceae_R-7_group,Clostridiales_bacterium_Marseille-P2846,Bacteria,Firmicutes,Clostridia,Lachnospirales,Lachnospiraceae,Lachnospiraceae_UCG-008,metagenome,0.007789678675754625
Bacteria,Firmicutes,Clostridia,Christensenellales,Christensenellaceae,Christensenellaceae_R-7_group,Clostridiales_bacterium_Marseille-P2846,Bacteria,Firmicutes,Clostridia,Lachnospirales,Lachnospiraceae,Lachnospiraceae_UCG-010,None,0.006815968841285297
Bacteria,Firmicutes,Clostridia,Christensenellales,Christensenellaceae,Christensenellaceae_R-7_group,Clostridiales_bacterium_Marseille-P2846,Bacteria,Firmicutes,Clostridia,Lachnospirales,Lachnospiraceae,Marvinbryantia,None,0.006815968841285297
Bacteria,Firmicutes,Clostridia,Christensenellales,Christensenellaceae,Christensenellaceae_R-7_group,Clostridiales_bacterium_Marseille-P2846,Bacteria,Firmicutes,Clostridia,Lachnospirales,Lachnospiraceae,Marvinbryantia,unidentified,0.007789678675754625
Bacteria,Firmicutes,Clostridia,Christensenellales,Christensenellaceae,Christensenellaceae_R-7_group,Clostridiales_bacterium_Marseille-P2846,Bacteria,Firmicutes,Clostridia,Lachnospirales,Lachnospiraceae,Roseburia,None,0.006815968841285297
Bacteria,Firmicutes,Clostridia,Christensenellales,Christensenellaceae,Christensenellaceae_R-7_group,Clostridiales_bacterium_Marseille-P2846,Bacteria,Firmicutes,Clostridia,Lachnospirales,Lachnospiraceae,Roseburia,gut_metagenome,0.007789678675754625
Bacteria,Firmicutes,Clostridia,Christensenellales,Christensenellaceae,Christensenellaceae_R-7_group,Clostridiales_bacterium_Marseille-P2846,Bacteria,Firmicutes,Clostridia,Lachnospirales,Lachnospiraceae,Tuzzerella,None,0.006815968841285297
Bacteria,Firmicutes,Clostridia,Christensenellales,Christensenellaceae,Christensenellaceae_R-7_group,Clostridiales_bacterium_Marseille-P2846,Bacteria,Firmicutes,Clostridia,Lachnospirales,Lachnospiraceae,Tyzzerella,None,0.006815968841285297
Bacteria,Firmicutes,Clostridia,Christensenellales,Christensenellaceae,Christensenellaceae_R-7_group,Clostridiales_bacterium_Marseille-P2846,Bacteria,Firmicutes,Clostridia,Lachnospirales,Lachnospiraceae,Eubacterium_hallii_group,None,0.006815968841285297
Bacteria,Firmicutes,Clostridia,Christensenellales,Christensenellaceae,Christensenellaceae_R-7_group,Clostridiales_bacterium_Marseille-P2846,Bacteria,Firmicutes,Clostridia,Lachnospirales,Lachnospiraceae,Eubacterium_ventriosum_group,metagenome,0.007789678675754625
Bacteria,Firmicutes,Clostridia,Christensenellales,Christensenellaceae,Christensenellaceae_R-7_group,Clostridiales_bacterium_Marseille-P2846,Bacteria,Firmicutes,Clostridia,Lachnospirales,Lachnospiraceae,Ruminococcus_gauvreauii_group,uncultured_Lachnospiraceae_bacterium,0.007789678675754625
Bacteria,Firmicutes,Clostridia,Christensenellales,Christensenellaceae,Christensenellaceae_R-7_group,Clostridiales_bacterium_Marseille-P2846,Bacteria,Firmicutes,Clostridia,Lachnospirales,Lachnospiraceae,Ruminococcus_gnavus_group,None,0.006815968841285297
Bacteria,Firmicutes,Clostridia,Christensenellales,Christensenellaceae,Christensenellaceae_R-7_group,Clostridiales_bacterium_Marseille-P2846,Bacteria,Firmicutes,Clostridia,Lachnospirales,Lachnospiraceae,Ruminococcus_torques_group,Clostridiaceae_bacterium_LEMV78,0.007789678675754625
Bacteria,Firmicutes,Clostridia,Christensenellales,Christensenellaceae,Christensenellaceae_R-7_group,Clostridiales_bacterium_Marseille-P2846,Bacteria,Firmicutes,Clostridia,Lachnospirales,Lachnospiraceae,Ruminococcus_torques_group,None,0.006815968841285297
Bacteria,Firmicutes,Clostridia,Christensenellales,Christensenellaceae,Christensenellaceae_R-7_group,Clostridiales_bacterium_Marseille-P2846,Bacteria,Firmicutes,Clostridia,Lachnospirales,Lachnospiraceae,None,None,0.005842259006815969
Bacteria,Firmicutes,Clostridia,Christensenellales,Christensenellaceae,Christensenellaceae_R-7_group,Clostridiales_bacterium_Marseille-P2846,Bacteria,Firmicutes,Clostridia,Lachnospirales,Lachnospiraceae,uncultured,None,0.006815968841285297
Bacteria,Firmicutes,Clostridia,Christensenellales,Christensenellaceae,Christensenellaceae_R-7_group,Clostridiales_bacterium_Marseille-P2846,Bacteria,Firmicutes,Clostridia,Monoglobales,Monoglobaceae,Monoglobus,None,0.006815968841285297
Bacteria,Firmicutes,Clostridia,Christensenellales,Christensenellaceae,Christensenellaceae_R-7_group,Clostridiales_bacterium_Marseille-P2846,Bacteria,Firmicutes,Clostridia,Oscillospirales,Butyricicoccaceae,Butyricicoccus,None,0.006815968841285297
Bacteria,Firmicutes,Clostridia,Christensenellales,Christensenellaceae,Christensenellaceae_R-7_group,Clostridiales_bacterium_Marseille-P2846,Bacteria,Firmicutes,Clostridia,Oscillospirales,Hydrogenoanaerobacterium,None,None,0.005842259006815969
Bacteria,Firmicutes,Clostridia,Christensenellales,Christensenellaceae,Christensenellaceae_R-7_group,Clostridiales_bacterium_Marseille-P2846,Bacteria,Firmicutes,Clostridia,Oscillospirales,Oscillospiraceae,Colidextribacter,None,0.006815968841285297
Bacteria,Firmicutes,Clostridia,Christensenellales,Christensenellaceae,Christensenellaceae_R-7_group,Clostridiales_bacterium_Marseille-P2846,Bacteria,Firmicutes,Clostridia,Oscillospirales,Oscillospiraceae,Colidextribacter,metagenome,0.007789678675754625
Bacteria,Firmicutes,Clostridia,Christensenellales,Christensenellaceae,Christensenellaceae_R-7_group,Clostridiales_bacterium_Marseille-P2846,Bacteria,Firmicutes,Clostridia,Oscillospirales,Oscillospiraceae,Flavonifractor,None,0.006815968841285297
Bacteria,Firmicutes,Clostridia,Christensenellales,Christensenellaceae,Christensenellaceae_R-7_group,Clostridiales_bacterium_Marseille-P2846,Bacteria,Firmicutes,Clostridia,Oscillospirales,Oscillospiraceae,Intestinimonas,None,0.006815968841285297
Bacteria,Firmicutes,Clostridia,Christensenellales,Christensenellaceae,Christensenellaceae_R-7_group,Clostridiales_bacterium_Marseille-P2846,Bacteria,Firmicutes,Clostridia,Oscillospirales,Oscillospiraceae,Intestinimonas,uncultured,0.007789678675754625
Bacteria,Firmicutes,Clostridia,Christensenellales,Christensenellaceae,Christensenellaceae_R-7_group,Clostridiales_bacterium_Marseille-P2846,Bacteria,Firmicutes,Clostridia,Oscillospirales,Oscillospiraceae,NK4A214_group,None,0.006815968841285297
Bacteria,Firmicutes,Clostridia,Christensenellales,Christensenellaceae,Christensenellaceae_R-7_group,Clostridiales_bacterium_Marseille-P2846,Bacteria,Firmicutes,Clostridia,Oscillospirales,Oscillospiraceae,Oscillibacter,None,0.006815968841285297
Bacteria,Firmicutes,Clostridia,Christensenellales,Christensenellaceae,Christensenellaceae_R-7_group,Clostridiales_bacterium_Marseille-P2846,Bacteria,Firmicutes,Clostridia,Oscillospirales,Oscillospiraceae,Oscillibacter,metagenome,0.007789678675754625
Bacteria,Firmicutes,Clostridia,Christensenellales,Christensenellaceae,Christensenellaceae_R-7_group,Clostridiales_bacterium_Marseille-P2846,Bacteria,Firmicutes,Clostridia,Oscillospirales,Oscillospiraceae,Oscillospira,None,0.006815968841285297
Bacteria,Firmicutes,Clostridia,Christensenellales,Christensenellaceae,Christensenellaceae_R-7_group,Clostridiales_bacterium_Marseille-P2846,Bacteria,Firmicutes,Clostridia,Oscillospirales,Oscillospiraceae,UCG-002,None,0.006815968841285297
Bacteria,Firmicutes,Clostridia,Christensenellales,Christensenellaceae,Christensenellaceae_R-7_group,Clostridiales_bacterium_Marseille-P2846,Bacteria,Firmicutes,Clostridia,Oscillospirales,Oscillospiraceae,UCG-003,None,0.006815968841285297
Bacteria,Firmicutes,Clostridia,Christensenellales,Christensenellaceae,Christensenellaceae_R-7_group,Clostridiales_bacterium_Marseille-P2846,Bacteria,Firmicutes,Clostridia,Oscillospirales,Oscillospiraceae,UCG-005,None,0.006815968841285297
Bacteria,Firmicutes,Clostridia,Christensenellales,Christensenellaceae,Christensenellaceae_R-7_group,Clostridiales_bacterium_Marseille-P2846,Bacteria,Firmicutes,Clostridia,Oscillospirales,Oscillospiraceae,UCG-005,metagenome,0.007789678675754625
Bacteria,Firmicutes,Clostridia,Christensenellales,Christensenellaceae,Christensenellaceae_R-7_group,Clostridiales_bacterium_Marseille-P2846,Bacteria,Firmicutes,Clostridia,Oscillospirales,Oscillospiraceae,UCG-005,uncultured_Clostridiales_bacterium,0.007789678675754625
Bacteria,Firmicutes,Clostridia,Christensenellales,Christensenellaceae,Christensenellaceae_R-7_group,Clostridiales_bacterium_Marseille-P2846,Bacteria,Firmicutes,Clostridia,Oscillospirales,Oscillospiraceae,UCG-005,uncultured_rumen_bacterium,0.007789678675754625
Bacteria,Firmicutes,Clostridia,Christensenellales,Christensenellaceae,Christensenellaceae_R-7_group,Clostridiales_bacterium_Marseille-P2846,Bacteria,Firmicutes,Clostridia,Oscillospirales,Oscillospiraceae,None,None,0.005842259006815969
Bacteria,Firmicutes,Clostridia,Christensenellales,Christensenellaceae,Christensenellaceae_R-7_group,Clostridiales_bacterium_Marseille-P2846,Bacteria,Firmicutes,Clostridia,Oscillospirales,Oscillospiraceae,uncultured,metagenome,0.007789678675754625
Bacteria,Firmicutes,Clostridia,Christensenellales,Christensenellaceae,Christensenellaceae_R-7_group,Clostridiales_bacterium_Marseille-P2846,Bacteria,Firmicutes,Clostridia,Oscillospirales,Oscillospiraceae,uncultured,unidentified,0.007789678675754625
Bacteria,Firmicutes,Clostridia,Christensenellales,Christensenellaceae,Christensenellaceae_R-7_group,Clostridiales_bacterium_Marseille-P2846,Bacteria,Firmicutes,Clostridia,Oscillospirales,Ruminococcaceae,Anaerofilum,uncultured_Firmicutes_bacterium,0.007789678675754625
Bacteria,Firmicutes,Clostridia,Christensenellales,Christensenellaceae,Christensenellaceae_R-7_group,Clostridiales_bacterium_Marseille-P2846,Bacteria,Firmicutes,Clostridia,Oscillospirales,Ruminococcaceae,Anaerotruncus,Anaerotruncus_rubiinfantis,0.007789678675754625
Bacteria,Firmicutes,Clostridia,Christensenellales,Christensenellaceae,Christensenellaceae_R-7_group,Clostridiales_bacterium_Marseille-P2846,Bacteria,Firmicutes,Clostridia,Oscillospirales,Ruminococcaceae,Anaerotruncus,Anaerotruncus_sp._NML_070203,0.007789678675754625
Bacteria,Firmicutes,Clostridia,Christensenellales,Christensenellaceae,Christensenellaceae_R-7_group,Clostridiales_bacterium_Marseille-P2846,Bacteria,Firmicutes,Clostridia,Oscillospirales,Ruminococcaceae,Candidatus_Soleaferrea,Neobitarella_massiliensis,0.007789678675754625
Bacteria,Firmicutes,Clostridia,Christensenellales,Christensenellaceae,Christensenellaceae_R-7_group,Clostridiales_bacterium_Marseille-P2846,Bacteria,Firmicutes,Clostridia,Oscillospirales,Ruminococcaceae,Candidatus_Soleaferrea,None,0.006815968841285297
Bacteria,Firmicutes,Clostridia,Christensenellales,Christensenellaceae,Christensenellaceae_R-7_group,Clostridiales_bacterium_Marseille-P2846,Bacteria,Firmicutes,Clostridia,Oscillospirales,Ruminococcaceae,DTU089,None,0.006815968841285297
Bacteria,Firmicutes,Clostridia,Christensenellales,Christensenellaceae,Christensenellaceae_R-7_group,Clostridiales_bacterium_Marseille-P2846,Bacteria,Firmicutes,Clostridia,Oscillospirales,Ruminococcaceae,Faecalibacterium,None,0.006815968841285297
Bacteria,Firmicutes,Clostridia,Christensenellales,Christensenellaceae,Christensenellaceae_R-7_group,Clostridiales_bacterium_Marseille-P2846,Bacteria,Firmicutes,Clostridia,Oscillospirales,Ruminococcaceae,Fournierella,uncultured_organism,0.007789678675754625
Bacteria,Firmicutes,Clostridia,Christensenellales,Christensenellaceae,Christensenellaceae_R-7_group,Clostridiales_bacterium_Marseille-P2846,Bacteria,Firmicutes,Clostridia,Oscillospirales,Ruminococcaceae,Incertae_Sedis,metagenome,0.007789678675754625
Bacteria,Firmicutes,Clostridia,Christensenellales,Christensenellaceae,Christensenellaceae_R-7_group,Clostridiales_bacterium_Marseille-P2846,Bacteria,Firmicutes,Clostridia,Oscillospirales,Ruminococcaceae,Incertae_Sedis,None,0.006815968841285297
Bacteria,Firmicutes,Clostridia,Christensenellales,Christensenellaceae,Christensenellaceae_R-7_group,Clostridiales_bacterium_Marseille-P2846,Bacteria,Firmicutes,Clostridia,Oscillospirales,Ruminococcaceae,Negativibacillus,None,0.006815968841285297
Bacteria,Firmicutes,Clostridia,Christensenellales,Christensenellaceae,Christensenellaceae_R-7_group,Clostridiales_bacterium_Marseille-P2846,Bacteria,Firmicutes,Clostridia,Oscillospirales,Ruminococcaceae,Ruminococcus,Ruminococcus_champanellensis,0.007789678675754625
Bacteria,Firmicutes,Clostridia,Christensenellales,Christensenellaceae,Christensenellaceae_R-7_group,Clostridiales_bacterium_Marseille-P2846,Bacteria,Firmicutes,Clostridia,Oscillospirales,Ruminococcaceae,Ruminococcus,None,0.006815968841285297
Bacteria,Firmicutes,Clostridia,Christensenellales,Christensenellaceae,Christensenellaceae_R-7_group,Clostridiales_bacterium_Marseille-P2846,Bacteria,Firmicutes,Clostridia,Oscillospirales,Ruminococcaceae,Subdoligranulum,None,0.006815968841285297
Bacteria,Firmicutes,Clostridia,Christensenellales,Christensenellaceae,Christensenellaceae_R-7_group,Clostridiales_bacterium_Marseille-P2846,Bacteria,Firmicutes,Clostridia,Oscillospirales,Ruminococcaceae,UBA1819,None,0.006815968841285297
Bacteria,Firmicutes,Clostridia,Christensenellales,Christensenellaceae,Christensenellaceae_R-7_group,Clostridiales_bacterium_Marseille-P2846,Bacteria,Firmicutes,Clostridia,Oscillospirales,Ruminococcaceae,Eubacterium_siraeum_group,None,0.006815968841285297
Bacteria,Firmicutes,Clostridia,Christensenellales,Christensenellaceae,Christensenellaceae_R-7_group,Clostridiales_bacterium_Marseille-P2846,Bacteria,Firmicutes,Clostridia,Oscillospirales,Ruminococcaceae,None,None,0.005842259006815969
Bacteria,Firmicutes,Clostridia,Christensenellales,Christensenellaceae,Christensenellaceae_R-7_group,Clostridiales_bacterium_Marseille-P2846,Bacteria,Firmicutes,Clostridia,Oscillospirales,UCG-010,None,None,0.005842259006815969
Bacteria,Firmicutes,Clostridia,Christensenellales,Christensenellaceae,Christensenellaceae_R-7_group,Clostridiales_bacterium_Marseille-P2846,Bacteria,Firmicutes,Clostridia,Oscillospirales,UCG-010,metagenome,None,0.006815968841285297
Bacteria,Firmicutes,Clostridia,Christensenellales,Christensenellaceae,Christensenellaceae_R-7_group,Clostridiales_bacterium_Marseille-P2846,Bacteria,Firmicutes,Clostridia,Oscillospirales,UCG-010,uncultured_bacterium,None,0.006815968841285297
Bacteria,Firmicutes,Clostridia,Christensenellales,Christensenellaceae,Christensenellaceae_R-7_group,Clostridiales_bacterium_Marseille-P2846,Bacteria,Firmicutes,Clostridia,Oscillospirales,UCG-010,uncultured_organism,None,0.006815968841285297
Bacteria,Firmicutes,Clostridia,Christensenellales,Christensenellaceae,Christensenellaceae_R-7_group,Clostridiales_bacterium_Marseille-P2846,Bacteria,Firmicutes,Clostridia,Oscillospirales,Clostridium_methylpentosum_group,None,None,0.005842259006815969
Bacteria,Firmicutes,Clostridia,Christensenellales,Christensenellaceae,Christensenellaceae_R-7_group,Clostridiales_bacterium_Marseille-P2846,Bacteria,Firmicutes,Clostridia,Oscillospirales,Eubacterium_coprostanoligenes_group,None,None,0.005842259006815969
Bacteria,Firmicutes,Clostridia,Christensenellales,Christensenellaceae,Christensenellaceae_R-7_group,Clostridiales_bacterium_Marseille-P2846,Bacteria,Firmicutes,Clostridia,Oscillospirales,None,None,None,0.004868549172346641
Bacteria,Firmicutes,Clostridia,Christensenellales,Christensenellaceae,Christensenellaceae_R-7_group,Clostridiales_bacterium_Marseille-P2846,Bacteria,Firmicutes,Clostridia,Peptococcales,Peptococcaceae,uncultured,None,0.006815968841285297
Bacteria,Firmicutes,Clostridia,Christensenellales,Christensenellaceae,Christensenellaceae_R-7_group,Clostridiales_bacterium_Marseille-P2846,Bacteria,Firmicutes,Clostridia,Peptostreptococcales-Tissierellales,Anaerovoracaceae,Family_XIII_AD3011_group,metagenome,0.007789678675754625
Bacteria,Firmicutes,Clostridia,Christensenellales,Christensenellaceae,Christensenellaceae_R-7_group,Clostridiales_bacterium_Marseille-P2846,Bacteria,Firmicutes,Clostridia,Peptostreptococcales-Tissierellales,Anaerovoracaceae,Family_XIII_AD3011_group,None,0.006815968841285297
Bacteria,Firmicutes,Clostridia,Christensenellales,Christensenellaceae,Christensenellaceae_R-7_group,Clostridiales_bacterium_Marseille-P2846,Bacteria,Firmicutes,Clostridia,Peptostreptococcales-Tissierellales,Anaerovoracaceae,Family_XIII_AD3011_group,uncultured,0.007789678675754625
Bacteria,Firmicutes,Clostridia,Christensenellales,Christensenellaceae,Christensenellaceae_R-7_group,Clostridiales_bacterium_Marseille-P2846,Bacteria,Firmicutes,Clostridia,Peptostreptococcales-Tissierellales,Anaerovoracaceae,Family_XIII_UCG-001,metagenome,0.007789678675754625
Bacteria,Firmicutes,Clostridia,Christensenellales,Christensenellaceae,Christensenellaceae_R-7_group,Clostridiales_bacterium_Marseille-P2846,Bacteria,Firmicutes,Clostridia,Peptostreptococcales-Tissierellales,Anaerovoracaceae,Eubacterium_nodatum_group,None,0.006815968841285297
Bacteria,Firmicutes,Clostridia,Christensenellales,Christensenellaceae,Christensenellaceae_R-7_group,Clostridiales_bacterium_Marseille-P2846,Bacteria,Firmicutes,Clostridia,Peptostreptococcales-Tissierellales,Anaerovoracaceae,None,None,0.005842259006815969
Bacteria,Firmicutes,Clostridia,Christensenellales,Christensenellaceae,Christensenellaceae_R-7_group,Clostridiales_bacterium_Marseille-P2846,Bacteria,Firmicutes,Clostridia,Peptostreptococcales-Tissierellales,Parvimonas,None,None,0.005842259006815969
Bacteria,Firmicutes,Clostridia,Christensenellales,Christensenellaceae,Christensenellaceae_R-7_group,Clostridiales_bacterium_Marseille-P2846,Bacteria,Firmicutes,Clostridia,None,None,None,None,0.0038948393378773127
Bacteria,Firmicutes,Clostridia,Christensenellales,Christensenellaceae,Christensenellaceae_R-7_group,Clostridiales_bacterium_Marseille-P2846,Bacteria,Firmicutes,Incertae_Sedis,DTU014,unidentified,None,None,0.007789678675754625
Bacteria,Firmicutes,Clostridia,Christensenellales,Christensenellaceae,Christensenellaceae_R-7_group,Clostridiales_bacterium_Marseille-P2846,Bacteria,Firmicutes,Limnochordia,M55-D21,uncultured_compost_bacterium,None,None,0.007789678675754625
Bacteria,Firmicutes,Clostridia,Christensenellales,Christensenellaceae,Christensenellaceae_R-7_group,Clostridiales_bacterium_Marseille-P2846,Bacteria,Firmicutes,Negativicutes,Acidaminococcales,Acidaminococcaceae,Phascolarctobacterium,None,0.008763388510223954
Bacteria,Firmicutes,Clostridia,Christensenellales,Christensenellaceae,Christensenellaceae_R-7_group,Clostridiales_bacterium_Marseille-P2846,Bacteria,Firmicutes,None,None,None,None,None,0.004868549172346641
Bacteria,Firmicutes,Clostridia,Christensenellales,Christensenellaceae,Christensenellaceae_R-7_group,Clostridiales_bacterium_Marseille-P2846,Bacteria,Firmicutes,uncultured,uncultured_Peptococcaceae_bacterium,None,None,None,0.006815968841285297
Bacteria,Firmicutes,Clostridia,Christensenellales,Christensenellaceae,Christensenellaceae_R-7_group,Clostridiales_bacterium_Marseille-P2846,Bacteria,Proteobacteria,Alphaproteobacteria,Rhodospirillales,uncultured,None,None,0.009737098344693282
Bacteria,Firmicutes,Clostridia,Christensenellales,Christensenellaceae,Christensenellaceae_R-7_group,Clostridiales_bacterium_Marseille-P2846,Bacteria,Proteobacteria,Gammaproteobacteria,Burkholderiales,Sutterellaceae,Sutterella,Sutterella_sp._252,0.011684518013631937
Bacteria,Firmicutes,Clostridia,Christensenellales,Christensenellaceae,Christensenellaceae_R-7_group,Clostridiales_bacterium_Marseille-P2846,Bacteria,Proteobacteria,Gammaproteobacteria,Enterobacterales,Enterobacteriaceae,Escherichia-Shigella,None,0.010710808179162609
Bacteria,Firmicutes,Clostridia,Christensenellales,Christensenellaceae,Christensenellaceae_R-7_group,Clostridiales_bacterium_Marseille-P2846,Bacteria,Proteobacteria,Gammaproteobacteria,Enterobacterales,Enterobacteriaceae,Klebsiella,None,0.010710808179162609
Bacteria,Firmicutes,Clostridia,Christensenellales,Christensenellaceae,Christensenellaceae_R-7_group,Clostridiales_bacterium_Marseille-P2846,Bacteria,Proteobacteria,Gammaproteobacteria,Enterobacterales,Enterobacteriaceae,None,None,0.009737098344693282
Bacteria,Firmicutes,Clostridia,Christensenellales,Christensenellaceae,Christensenellaceae_R-7_group,Clostridiales_bacterium_Marseille-P2846,Bacteria,Proteobacteria,Gammaproteobacteria,Pseudomonadales,Pseudomonadaceae,Pseudomonas,None,0.010710808179162609
Bacteria,Firmicutes,Clostridia,Christensenellales,Christensenellaceae,Christensenellaceae_R-7_group,Clostridiales_bacterium_Marseille-P2846,Bacteria,Synergistota,Synergistia,Synergistales,Synergistaceae,Cloacibacillus,None,0.010710808179162609
Bacteria,Firmicutes,Clostridia,Christensenellales,Christensenellaceae,Christensenellaceae_R-7_group,Clostridiales_bacterium_Marseille-P2846,Bacteria,Verrucomicrobiota,Verrucomicrobiae,Verrucomicrobiales,Akkermansiaceae,Akkermansia,None,0.010710808179162609
Bacteria,Firmicutes,Clostridia,Christensenellales,Christensenellaceae,Christensenellaceae_R-7_group,None,Bacteria,Firmicutes,Clostridia,Christensenellales,Christensenellaceae,Christensenellaceae_R-7_group,bacterium_YE57,0.0009737098344693282
Bacteria,Firmicutes,Clostridia,Christensenellales,Christensenellaceae,Christensenellaceae_R-7_group,None,Bacteria,Firmicutes,Clostridia,Christensenellales,Christensenellaceae,Christensenellaceae_R-7_group,metagenome,0.0009737098344693282
Bacteria,Firmicutes,Clostridia,Christensenellales,Christensenellaceae,Christensenellaceae_R-7_group,None,Bacteria,Firmicutes,Clostridia,Christensenellales,Christensenellaceae,Christensenellaceae_R-7_group,uncultured_Firmicutes_bacterium,0.0009737098344693282
Bacteria,Firmicutes,Clostridia,Christensenellales,Christensenellaceae,Christensenellaceae_R-7_group,None,Bacteria,Firmicutes,Clostridia,Christensenellales,Christensenellaceae,Christensenellaceae_R-7_group,uncultured_marine_bacterium,0.0009737098344693282
Bacteria,Firmicutes,Clostridia,Christensenellales,Christensenellaceae,Christensenellaceae_R-7_group,None,Bacteria,Firmicutes,Clostridia,Christensenellales,Christensenellaceae,Christensenellaceae_R-7_group,uncultured_organism,0.0009737098344693282
Bacteria,Firmicutes,Clostridia,Christensenellales,Christensenellaceae,Christensenellaceae_R-7_group,None,Bacteria,Firmicutes,Clostridia,Christensenellales,Christensenellaceae,None,None,0.0019474196689386564
Bacteria,Firmicutes,Clostridia,Christensenellales,Christensenellaceae,Christensenellaceae_R-7_group,None,Bacteria,Firmicutes,Clostridia,Clostridia_vadinBB60_group,metagenome,None,None,0.004868549172346641
Bacteria,Firmicutes,Clostridia,Christensenellales,Christensenellaceae,Christensenellaceae_R-7_group,None,Bacteria,Firmicutes,Clostridia,Clostridia_vadinBB60_group,wastewater_metagenome,None,None,0.004868549172346641
Bacteria,Firmicutes,Clostridia,Christensenellales,Christensenellaceae,Christensenellaceae_R-7_group,None,Bacteria,Firmicutes,Clostridia,Clostridiales,Christensenellaceae,Christensenella,PAC001427,0.006815968841285297
Bacteria,Firmicutes,Clostridia,Christensenellales,Christensenellaceae,Christensenellaceae_R-7_group,None,Bacteria,Firmicutes,Clostridia,Clostridiales,Christensenellaceae,Christensenella,PAC002297,0.006815968841285297
Bacteria,Firmicutes,Clostridia,Christensenellales,Christensenellaceae,Christensenellaceae_R-7_group,None,Bacteria,Firmicutes,Clostridia,Clostridiales,Christensenellaceae,PAC001115,PAC001444,0.006815968841285297
Bacteria,Firmicutes,Clostridia,Christensenellales,Christensenellaceae,Christensenellaceae_R-7_group,None,Bacteria,Firmicutes,Clostridia,Clostridiales,Christensenellaceae,PAC001437,PAC001486,0.006815968841285297
Bacteria,Firmicutes,Clostridia,Christensenellales,Christensenellaceae,Christensenellaceae_R-7_group,None,Bacteria,Firmicutes,Clostridia,Clostridiales,Christensenellaceae,PAC001437,PAC002305,0.006815968841285297
Bacteria,Firmicutes,Clostridia,Christensenellales,Christensenellaceae,Christensenellaceae_R-7_group,None,Bacteria,Firmicutes,Clostridia,Clostridiales,Christensenellaceae,PAC002510,PAC002510,0.006815968841285297
Bacteria,Firmicutes,Clostridia,Christensenellales,Christensenellaceae,Christensenellaceae_R-7_group,None,Bacteria,Firmicutes,Clostridia,Clostridiales,Dehalobacterium,PAC002141,PAC002141,0.006815968841285297
Bacteria,Firmicutes,Clostridia,Christensenellales,Christensenellaceae,Christensenellaceae_R-7_group,None,Bacteria,Firmicutes,Clostridia,Clostridiales,Ruminococcaceae,PAC000742,PAC000742,0.006815968841285297
Bacteria,Firmicutes,Clostridia,Christensenellales,Christensenellaceae,Christensenellaceae_R-7_group,None,Bacteria,Firmicutes,Clostridia,Clostridiales,Ruminococcaceae,PAC001144,PAC001620,0.006815968841285297
Bacteria,Firmicutes,Clostridia,Christensenellales,Christensenellaceae,Christensenellaceae_R-7_group,None,Bacteria,Firmicutes,Clostridia,Clostridiales,Ruminococcaceae,PAC001313,PAC001649,0.006815968841285297
Bacteria,Firmicutes,Clostridia,Christensenellales,Christensenellaceae,Christensenellaceae_R-7_group,None,Bacteria,Firmicutes,Clostridia,Clostridiales,Ruminococcaceae,PAC002201,PAC002201,0.006815968841285297
Bacteria,Firmicutes,Clostridia,Christensenellales,Christensenellaceae,Christensenellaceae_R-7_group,None,Bacteria,Firmicutes,Clostridia,Eubacteriales,Eubacteriaceae,Eubacterium,None,0.005842259006815969
Bacteria,Firmicutes,Clostridia,Christensenellales,Christensenellaceae,Christensenellaceae_R-7_group,None,Bacteria,Firmicutes,Clostridia,Lachnospirales,Lachnospiraceae,Agathobacter,None,0.005842259006815969
Bacteria,Firmicutes,Clostridia,Christensenellales,Christensenellaceae,Christensenellaceae_R-7_group,None,Bacteria,Firmicutes,Clostridia,Lachnospirales,Lachnospiraceae,Anaerostipes,None,0.005842259006815969
Bacteria,Firmicutes,Clostridia,Christensenellales,Christensenellaceae,Christensenellaceae_R-7_group,None,Bacteria,Firmicutes,Clostridia,Lachnospirales,Lachnospiraceae,Blautia,None,0.005842259006815969
Bacteria,Firmicutes,Clostridia,Christensenellales,Christensenellaceae,Christensenellaceae_R-7_group,None,Bacteria,Firmicutes,Clostridia,Lachnospirales,Lachnospiraceae,Blautia,bacterium_mpn-isolate_group_20,0.006815968841285297
Bacteria,Firmicutes,Clostridia,Christensenellales,Christensenellaceae,Christensenellaceae_R-7_group,None,Bacteria,Firmicutes,Clostridia,Lachnospirales,Lachnospiraceae,Blautia,uncultured_Blautia_sp.,0.006815968841285297
Bacteria,Firmicutes,Clostridia,Christensenellales,Christensenellaceae,Christensenellaceae_R-7_group,None,Bacteria,Firmicutes,Clostridia,Lachnospirales,Lachnospiraceae,Coprococcus,None,0.005842259006815969
Bacteria,Firmicutes,Clostridia,Christensenellales,Christensenellaceae,Christensenellaceae_R-7_group,None,Bacteria,Firmicutes,Clostridia,Lachnospirales,Lachnospiraceae,Coprococcus,uncultured_Coprococcus_sp.,0.006815968841285297
Bacteria,Firmicutes,Clostridia,Christensenellales,Christensenellaceae,Christensenellaceae_R-7_group,None,Bacteria,Firmicutes,Clostridia,Lachnospirales,Lachnospiraceae,Dorea,None,0.005842259006815969
Bacteria,Firmicutes,Clostridia,Christensenellales,Christensenellaceae,Christensenellaceae_R-7_group,None,Bacteria,Firmicutes,Clostridia,Lachnospirales,Lachnospiraceae,Eisenbergiella,None,0.005842259006815969
Bacteria,Firmicutes,Clostridia,Christensenellales,Christensenellaceae,Christensenellaceae_R-7_group,None,Bacteria,Firmicutes,Clostridia,Lachnospirales,Lachnospiraceae,Frisingicoccus,None,0.005842259006815969
Bacteria,Firmicutes,Clostridia,Christensenellales,Christensenellaceae,Christensenellaceae_R-7_group,None,Bacteria,Firmicutes,Clostridia,Lachnospirales,Lachnospiraceae,Fusicatenibacter,uncultured_Lachnospiraceae_bacterium,0.006815968841285297
Bacteria,Firmicutes,Clostridia,Christensenellales,Christensenellaceae,Christensenellaceae_R-7_group,None,Bacteria,Firmicutes,Clostridia,Lachnospirales,Lachnospiraceae,GCA-900066575,None,0.005842259006815969
Bacteria,Firmicutes,Clostridia,Christensenellales,Christensenellaceae,Christensenellaceae_R-7_group,None,Bacteria,Firmicutes,Clostridia,Lachnospirales,Lachnospiraceae,GCA-900066575,metagenome,0.006815968841285297
Bacteria,Firmicutes,Clostridia,Christensenellales,Christensenellaceae,Christensenellaceae_R-7_group,None,Bacteria,Firmicutes,Clostridia,Lachnospirales,Lachnospiraceae,GCA-900066755,None,0.005842259006815969
Bacteria,Firmicutes,Clostridia,Christensenellales,Christensenellaceae,Christensenellaceae_R-7_group,None,Bacteria,Firmicutes,Clostridia,Lachnospirales,Lachnospiraceae,Hungatella,metagenome,0.006815968841285297
Bacteria,Firmicutes,Clostridia,Christensenellales,Christensenellaceae,Christensenellaceae_R-7_group,None,Bacteria,Firmicutes,Clostridia,Lachnospirales,Lachnospiraceae,Lachnoclostridium,Clostridium_symbiosum,0.006815968841285297
Bacteria,Firmicutes,Clostridia,Christensenellales,Christensenellaceae,Christensenellaceae_R-7_group,None,Bacteria,Firmicutes,Clostridia,Lachnospirales,Lachnospiraceae,Lachnoclostridium,None,0.005842259006815969
Bacteria,Firmicutes,Clostridia,Christensenellales,Christensenellaceae,Christensenellaceae_R-7_group,None,Bacteria,Firmicutes,Clostridia,Lachnospirales,Lachnospiraceae,Lachnoclostridium,uncultured_Lachnospiraceae_bacterium,0.006815968841285297
Bacteria,Firmicutes,Clostridia,Christensenellales,Christensenellaceae,Christensenellaceae_R-7_group,None,Bacteria,Firmicutes,Clostridia,Lachnospirales,Lachnospiraceae,Lachnospiraceae_ND3007_group,metagenome,0.006815968841285297
Bacteria,Firmicutes,Clostridia,Christensenellales,Christensenellaceae,Christensenellaceae_R-7_group,None,Bacteria,Firmicutes,Clostridia,Lachnospirales,Lachnospiraceae,Lachnospiraceae_NK4A136_group,None,0.005842259006815969
Bacteria,Firmicutes,Clostridia,Christensenellales,Christensenellaceae,Christensenellaceae_R-7_group,None,Bacteria,Firmicutes,Clostridia,Lachnospirales,Lachnospiraceae,Lachnospiraceae_NK4A136_group,uncultured_Lachnospiraceae_bacterium,0.006815968841285297
Bacteria,Firmicutes,Clostridia,Christensenellales,Christensenellaceae,Christensenellaceae_R-7_group,None,Bacteria,Firmicutes,Clostridia,Lachnospirales,Lachnospiraceae,Lachnospiraceae_NK4A136_group,uncultured_bacterium_Adhufec49.25,0.006815968841285297
Bacteria,Firmicutes,Clostridia,Christensenellales,Christensenellaceae,Christensenellaceae_R-7_group,None,Bacteria,Firmicutes,Clostridia,Lachnospirales,Lachnospiraceae,Lachnospiraceae_NK4B4_group,None,0.005842259006815969
Bacteria,Firmicutes,Clostridia,Christensenellales,Christensenellaceae,Christensenellaceae_R-7_group,None,Bacteria,Firmicutes,Clostridia,Lachnospirales,Lachnospiraceae,Lachnospiraceae_UCG-001,metagenome,0.006815968841285297
Bacteria,Firmicutes,Clostridia,Christensenellales,Christensenellaceae,Christensenellaceae_R-7_group,None,Bacteria,Firmicutes,Clostridia,Lachnospirales,Lachnospiraceae,Lachnospiraceae_UCG-004,None,0.005842259006815969
Bacteria,Firmicutes,Clostridia,Christensenellales,Christensenellaceae,Christensenellaceae_R-7_group,None,Bacteria,Firmicutes,Clostridia,Lachnospirales,Lachnospiraceae,Lachnospiraceae_UCG-008,metagenome,0.006815968841285297
Bacteria,Firmicutes,Clostridia,Christensenellales,Christensenellaceae,Christensenellaceae_R-7_group,None,Bacteria,Firmicutes,Clostridia,Lachnospirales,Lachnospiraceae,Lachnospiraceae_UCG-010,None,0.005842259006815969
Bacteria,Firmicutes,Clostridia,Christensenellales,Christensenellaceae,Christensenellaceae_R-7_group,None,Bacteria,Firmicutes,Clostridia,Lachnospirales,Lachnospiraceae,Marvinbryantia,None,0.005842259006815969
Bacteria,Firmicutes,Clostridia,Christensenellales,Christensenellaceae,Christensenellaceae_R-7_group,None,Bacteria,Firmicutes,Clostridia,Lachnospirales,Lachnospiraceae,Marvinbryantia,unidentified,0.006815968841285297
Bacteria,Firmicutes,Clostridia,Christensenellales,Christensenellaceae,Christensenellaceae_R-7_group,None,Bacteria,Firmicutes,Clostridia,Lachnospirales,Lachnospiraceae,Roseburia,None,0.005842259006815969
Bacteria,Firmicutes,Clostridia,Christensenellales,Christensenellaceae,Christensenellaceae_R-7_group,None,Bacteria,Firmicutes,Clostridia,Lachnospirales,Lachnospiraceae,Roseburia,gut_metagenome,0.006815968841285297
Bacteria,Firmicutes,Clostridia,Christensenellales,Christensenellaceae,Christensenellaceae_R-7_group,None,Bacteria,Firmicutes,Clostridia,Lachnospirales,Lachnospiraceae,Tuzzerella,None,0.005842259006815969
Bacteria,Firmicutes,Clostridia,Christensenellales,Christensenellaceae,Christensenellaceae_R-7_group,None,Bacteria,Firmicutes,Clostridia,Lachnospirales,Lachnospiraceae,Tyzzerella,None,0.005842259006815969
Bacteria,Firmicutes,Clostridia,Christensenellales,Christensenellaceae,Christensenellaceae_R-7_group,None,Bacteria,Firmicutes,Clostridia,Lachnospirales,Lachnospiraceae,Eubacterium_hallii_group,None,0.005842259006815969
Bacteria,Firmicutes,Clostridia,Christensenellales,Christensenellaceae,Christensenellaceae_R-7_group,None,Bacteria,Firmicutes,Clostridia,Lachnospirales,Lachnospiraceae,Eubacterium_ventriosum_group,metagenome,0.006815968841285297
Bacteria,Firmicutes,Clostridia,Christensenellales,Christensenellaceae,Christensenellaceae_R-7_group,None,Bacteria,Firmicutes,Clostridia,Lachnospirales,Lachnospiraceae,Ruminococcus_gauvreauii_group,uncultured_Lachnospiraceae_bacterium,0.006815968841285297
Bacteria,Firmicutes,Clostridia,Christensenellales,Christensenellaceae,Christensenellaceae_R-7_group,None,Bacteria,Firmicutes,Clostridia,Lachnospirales,Lachnospiraceae,Ruminococcus_gnavus_group,None,0.005842259006815969
Bacteria,Firmicutes,Clostridia,Christensenellales,Christensenellaceae,Christensenellaceae_R-7_group,None,Bacteria,Firmicutes,Clostridia,Lachnospirales,Lachnospiraceae,Ruminococcus_torques_group,Clostridiaceae_bacterium_LEMV78,0.006815968841285297
Bacteria,Firmicutes,Clostridia,Christensenellales,Christensenellaceae,Christensenellaceae_R-7_group,None,Bacteria,Firmicutes,Clostridia,Lachnospirales,Lachnospiraceae,Ruminococcus_torques_group,None,0.005842259006815969
Bacteria,Firmicutes,Clostridia,Christensenellales,Christensenellaceae,Christensenellaceae_R-7_group,None,Bacteria,Firmicutes,Clostridia,Lachnospirales,Lachnospiraceae,None,None,0.004868549172346641
Bacteria,Firmicutes,Clostridia,Christensenellales,Christensenellaceae,Christensenellaceae_R-7_group,None,Bacteria,Firmicutes,Clostridia,Lachnospirales,Lachnospiraceae,uncultured,None,0.005842259006815969
Bacteria,Firmicutes,Clostridia,Christensenellales,Christensenellaceae,Christensenellaceae_R-7_group,None,Bacteria,Firmicutes,Clostridia,Monoglobales,Monoglobaceae,Monoglobus,None,0.005842259006815969
Bacteria,Firmicutes,Clostridia,Christensenellales,Christensenellaceae,Christensenellaceae_R-7_group,None,Bacteria,Firmicutes,Clostridia,Oscillospirales,Butyricicoccaceae,Butyricicoccus,None,0.005842259006815969
Bacteria,Firmicutes,Clostridia,Christensenellales,Christensenellaceae,Christensenellaceae_R-7_group,None,Bacteria,Firmicutes,Clostridia,Oscillospirales,Hydrogenoanaerobacterium,None,None,0.004868549172346641
Bacteria,Firmicutes,Clostridia,Christensenellales,Christensenellaceae,Christensenellaceae_R-7_group,None,Bacteria,Firmicutes,Clostridia,Oscillospirales,Oscillospiraceae,Colidextribacter,None,0.005842259006815969
Bacteria,Firmicutes,Clostridia,Christensenellales,Christensenellaceae,Christensenellaceae_R-7_group,None,Bacteria,Firmicutes,Clostridia,Oscillospirales,Oscillospiraceae,Colidextribacter,metagenome,0.006815968841285297
Bacteria,Firmicutes,Clostridia,Christensenellales,Christensenellaceae,Christensenellaceae_R-7_group,None,Bacteria,Firmicutes,Clostridia,Oscillospirales,Oscillospiraceae,Flavonifractor,None,0.005842259006815969
Bacteria,Firmicutes,Clostridia,Christensenellales,Christensenellaceae,Christensenellaceae_R-7_group,None,Bacteria,Firmicutes,Clostridia,Oscillospirales,Oscillospiraceae,Intestinimonas,None,0.005842259006815969
Bacteria,Firmicutes,Clostridia,Christensenellales,Christensenellaceae,Christensenellaceae_R-7_group,None,Bacteria,Firmicutes,Clostridia,Oscillospirales,Oscillospiraceae,Intestinimonas,uncultured,0.006815968841285297
Bacteria,Firmicutes,Clostridia,Christensenellales,Christensenellaceae,Christensenellaceae_R-7_group,None,Bacteria,Firmicutes,Clostridia,Oscillospirales,Oscillospiraceae,NK4A214_group,None,0.005842259006815969
Bacteria,Firmicutes,Clostridia,Christensenellales,Christensenellaceae,Christensenellaceae_R-7_group,None,Bacteria,Firmicutes,Clostridia,Oscillospirales,Oscillospiraceae,Oscillibacter,None,0.005842259006815969
Bacteria,Firmicutes,Clostridia,Christensenellales,Christensenellaceae,Christensenellaceae_R-7_group,None,Bacteria,Firmicutes,Clostridia,Oscillospirales,Oscillospiraceae,Oscillibacter,metagenome,0.006815968841285297
Bacteria,Firmicutes,Clostridia,Christensenellales,Christensenellaceae,Christensenellaceae_R-7_group,None,Bacteria,Firmicutes,Clostridia,Oscillospirales,Oscillospiraceae,Oscillospira,None,0.005842259006815969
Bacteria,Firmicutes,Clostridia,Christensenellales,Christensenellaceae,Christensenellaceae_R-7_group,None,Bacteria,Firmicutes,Clostridia,Oscillospirales,Oscillospiraceae,UCG-002,None,0.005842259006815969
Bacteria,Firmicutes,Clostridia,Christensenellales,Christensenellaceae,Christensenellaceae_R-7_group,None,Bacteria,Firmicutes,Clostridia,Oscillospirales,Oscillospiraceae,UCG-003,None,0.005842259006815969
Bacteria,Firmicutes,Clostridia,Christensenellales,Christensenellaceae,Christensenellaceae_R-7_group,None,Bacteria,Firmicutes,Clostridia,Oscillospirales,Oscillospiraceae,UCG-005,None,0.005842259006815969
Bacteria,Firmicutes,Clostridia,Christensenellales,Christensenellaceae,Christensenellaceae_R-7_group,None,Bacteria,Firmicutes,Clostridia,Oscillospirales,Oscillospiraceae,UCG-005,metagenome,0.006815968841285297
Bacteria,Firmicutes,Clostridia,Christensenellales,Christensenellaceae,Christensenellaceae_R-7_group,None,Bacteria,Firmicutes,Clostridia,Oscillospirales,Oscillospiraceae,UCG-005,uncultured_Clostridiales_bacterium,0.006815968841285297
Bacteria,Firmicutes,Clostridia,Christensenellales,Christensenellaceae,Christensenellaceae_R-7_group,None,Bacteria,Firmicutes,Clostridia,Oscillospirales,Oscillospiraceae,UCG-005,uncultured_rumen_bacterium,0.006815968841285297
Bacteria,Firmicutes,Clostridia,Christensenellales,Christensenellaceae,Christensenellaceae_R-7_group,None,Bacteria,Firmicutes,Clostridia,Oscillospirales,Oscillospiraceae,None,None,0.004868549172346641
Bacteria,Firmicutes,Clostridia,Christensenellales,Christensenellaceae,Christensenellaceae_R-7_group,None,Bacteria,Firmicutes,Clostridia,Oscillospirales,Oscillospiraceae,uncultured,metagenome,0.006815968841285297
Bacteria,Firmicutes,Clostridia,Christensenellales,Christensenellaceae,Christensenellaceae_R-7_group,None,Bacteria,Firmicutes,Clostridia,Oscillospirales,Oscillospiraceae,uncultured,unidentified,0.006815968841285297
Bacteria,Firmicutes,Clostridia,Christensenellales,Christensenellaceae,Christensenellaceae_R-7_group,None,Bacteria,Firmicutes,Clostridia,Oscillospirales,Ruminococcaceae,Anaerofilum,uncultured_Firmicutes_bacterium,0.006815968841285297
Bacteria,Firmicutes,Clostridia,Christensenellales,Christensenellaceae,Christensenellaceae_R-7_group,None,Bacteria,Firmicutes,Clostridia,Oscillospirales,Ruminococcaceae,Anaerotruncus,Anaerotruncus_rubiinfantis,0.006815968841285297
Bacteria,Firmicutes,Clostridia,Christensenellales,Christensenellaceae,Christensenellaceae_R-7_group,None,Bacteria,Firmicutes,Clostridia,Oscillospirales,Ruminococcaceae,Anaerotruncus,Anaerotruncus_sp._NML_070203,0.006815968841285297
Bacteria,Firmicutes,Clostridia,Christensenellales,Christensenellaceae,Christensenellaceae_R-7_group,None,Bacteria,Firmicutes,Clostridia,Oscillospirales,Ruminococcaceae,Candidatus_Soleaferrea,Neobitarella_massiliensis,0.006815968841285297
Bacteria,Firmicutes,Clostridia,Christensenellales,Christensenellaceae,Christensenellaceae_R-7_group,None,Bacteria,Firmicutes,Clostridia,Oscillospirales,Ruminococcaceae,Candidatus_Soleaferrea,None,0.005842259006815969
Bacteria,Firmicutes,Clostridia,Christensenellales,Christensenellaceae,Christensenellaceae_R-7_group,None,Bacteria,Firmicutes,Clostridia,Oscillospirales,Ruminococcaceae,DTU089,None,0.005842259006815969
Bacteria,Firmicutes,Clostridia,Christensenellales,Christensenellaceae,Christensenellaceae_R-7_group,None,Bacteria,Firmicutes,Clostridia,Oscillospirales,Ruminococcaceae,Faecalibacterium,None,0.005842259006815969
Bacteria,Firmicutes,Clostridia,Christensenellales,Christensenellaceae,Christensenellaceae_R-7_group,None,Bacteria,Firmicutes,Clostridia,Oscillospirales,Ruminococcaceae,Fournierella,uncultured_organism,0.006815968841285297
Bacteria,Firmicutes,Clostridia,Christensenellales,Christensenellaceae,Christensenellaceae_R-7_group,None,Bacteria,Firmicutes,Clostridia,Oscillospirales,Ruminococcaceae,Incertae_Sedis,metagenome,0.006815968841285297
Bacteria,Firmicutes,Clostridia,Christensenellales,Christensenellaceae,Christensenellaceae_R-7_group,None,Bacteria,Firmicutes,Clostridia,Oscillospirales,Ruminococcaceae,Incertae_Sedis,None,0.005842259006815969
Bacteria,Firmicutes,Clostridia,Christensenellales,Christensenellaceae,Christensenellaceae_R-7_group,None,Bacteria,Firmicutes,Clostridia,Oscillospirales,Ruminococcaceae,Negativibacillus,None,0.005842259006815969
Bacteria,Firmicutes,Clostridia,Christensenellales,Christensenellaceae,Christensenellaceae_R-7_group,None,Bacteria,Firmicutes,Clostridia,Oscillospirales,Ruminococcaceae,Ruminococcus,Ruminococcus_champanellensis,0.006815968841285297
Bacteria,Firmicutes,Clostridia,Christensenellales,Christensenellaceae,Christensenellaceae_R-7_group,None,Bacteria,Firmicutes,Clostridia,Oscillospirales,Ruminococcaceae,Ruminococcus,None,0.005842259006815969
Bacteria,Firmicutes,Clostridia,Christensenellales,Christensenellaceae,Christensenellaceae_R-7_group,None,Bacteria,Firmicutes,Clostridia,Oscillospirales,Ruminococcaceae,Subdoligranulum,None,0.005842259006815969
Bacteria,Firmicutes,Clostridia,Christensenellales,Christensenellaceae,Christensenellaceae_R-7_group,None,Bacteria,Firmicutes,Clostridia,Oscillospirales,Ruminococcaceae,UBA1819,None,0.005842259006815969
Bacteria,Firmicutes,Clostridia,Christensenellales,Christensenellaceae,Christensenellaceae_R-7_group,None,Bacteria,Firmicutes,Clostridia,Oscillospirales,Ruminococcaceae,Eubacterium_siraeum_group,None,0.005842259006815969
Bacteria,Firmicutes,Clostridia,Christensenellales,Christensenellaceae,Christensenellaceae_R-7_group,None,Bacteria,Firmicutes,Clostridia,Oscillospirales,Ruminococcaceae,None,None,0.004868549172346641
Bacteria,Firmicutes,Clostridia,Christensenellales,Christensenellaceae,Christensenellaceae_R-7_group,None,Bacteria,Firmicutes,Clostridia,Oscillospirales,UCG-010,None,None,0.004868549172346641
Bacteria,Firmicutes,Clostridia,Christensenellales,Christensenellaceae,Christensenellaceae_R-7_group,None,Bacteria,Firmicutes,Clostridia,Oscillospirales,UCG-010,metagenome,None,0.005842259006815969
Bacteria,Firmicutes,Clostridia,Christensenellales,Christensenellaceae,Christensenellaceae_R-7_group,None,Bacteria,Firmicutes,Clostridia,Oscillospirales,UCG-010,uncultured_bacterium,None,0.005842259006815969
Bacteria,Firmicutes,Clostridia,Christensenellales,Christensenellaceae,Christensenellaceae_R-7_group,None,Bacteria,Firmicutes,Clostridia,Oscillospirales,UCG-010,uncultured_organism,None,0.005842259006815969
Bacteria,Firmicutes,Clostridia,Christensenellales,Christensenellaceae,Christensenellaceae_R-7_group,None,Bacteria,Firmicutes,Clostridia,Oscillospirales,Clostridium_methylpentosum_group,None,None,0.004868549172346641
Bacteria,Firmicutes,Clostridia,Christensenellales,Christensenellaceae,Christensenellaceae_R-7_group,None,Bacteria,Firmicutes,Clostridia,Oscillospirales,Eubacterium_coprostanoligenes_group,None,None,0.004868549172346641
Bacteria,Firmicutes,Clostridia,Christensenellales,Christensenellaceae,Christensenellaceae_R-7_group,None,Bacteria,Firmicutes,Clostridia,Oscillospirales,None,None,None,0.0038948393378773127
Bacteria,Firmicutes,Clostridia,Christensenellales,Christensenellaceae,Christensenellaceae_R-7_group,None,Bacteria,Firmicutes,Clostridia,Peptococcales,Peptococcaceae,uncultured,None,0.005842259006815969
Bacteria,Firmicutes,Clostridia,Christensenellales,Christensenellaceae,Christensenellaceae_R-7_group,None,Bacteria,Firmicutes,Clostridia,Peptostreptococcales-Tissierellales,Anaerovoracaceae,Family_XIII_AD3011_group,metagenome,0.006815968841285297
Bacteria,Firmicutes,Clostridia,Christensenellales,Christensenellaceae,Christensenellaceae_R-7_group,None,Bacteria,Firmicutes,Clostridia,Peptostreptococcales-Tissierellales,Anaerovoracaceae,Family_XIII_AD3011_group,None,0.005842259006815969
Bacteria,Firmicutes,Clostridia,Christensenellales,Christensenellaceae,Christensenellaceae_R-7_group,None,Bacteria,Firmicutes,Clostridia,Peptostreptococcales-Tissierellales,Anaerovoracaceae,Family_XIII_AD3011_group,uncultured,0.006815968841285297
Bacteria,Firmicutes,Clostridia,Christensenellales,Christensenellaceae,Christensenellaceae_R-7_group,None,Bacteria,Firmicutes,Clostridia,Peptostreptococcales-Tissierellales,Anaerovoracaceae,Family_XIII_UCG-001,metagenome,0.006815968841285297
Bacteria,Firmicutes,Clostridia,Christensenellales,Christensenellaceae,Christensenellaceae_R-7_group,None,Bacteria,Firmicutes,Clostridia,Peptostreptococcales-Tissierellales,Anaerovoracaceae,Eubacterium_nodatum_group,None,0.005842259006815969
Bacteria,Firmicutes,Clostridia,Christensenellales,Christensenellaceae,Christensenellaceae_R-7_group,None,Bacteria,Firmicutes,Clostridia,Peptostreptococcales-Tissierellales,Anaerovoracaceae,None,None,0.004868549172346641
Bacteria,Firmicutes,Clostridia,Christensenellales,Christensenellaceae,Christensenellaceae_R-7_group,None,Bacteria,Firmicutes,Clostridia,Peptostreptococcales-Tissierellales,Parvimonas,None,None,0.004868549172346641
Bacteria,Firmicutes,Clostridia,Christensenellales,Christensenellaceae,Christensenellaceae_R-7_group,None,Bacteria,Firmicutes,Clostridia,None,None,None,None,0.0029211295034079843
Bacteria,Firmicutes,Clostridia,Christensenellales,Christensenellaceae,Christensenellaceae_R-7_group,None,Bacteria,Firmicutes,Incertae_Sedis,DTU014,unidentified,None,None,0.006815968841285297
Bacteria,Firmicutes,Clostridia,Christensenellales,Christensenellaceae,Christensenellaceae_R-7_group,None,Bacteria,Firmicutes,Limnochordia,M55-D21,uncultured_compost_bacterium,None,None,0.006815968841285297
Bacteria,Firmicutes,Clostridia,Christensenellales,Christensenellaceae,Christensenellaceae_R-7_group,None,Bacteria,Firmicutes,Negativicutes,Acidaminococcales,Acidaminococcaceae,Phascolarctobacterium,None,0.007789678675754625
Bacteria,Firmicutes,Clostridia,Christensenellales,Christensenellaceae,Christensenellaceae_R-7_group,None,Bacteria,Firmicutes,None,None,None,None,None,0.0038948393378773127
Bacteria,Firmicutes,Clostridia,Christensenellales,Christensenellaceae,Christensenellaceae_R-7_group,None,Bacteria,Firmicutes,uncultured,uncultured_Peptococcaceae_bacterium,None,None,None,0.005842259006815969
Bacteria,Firmicutes,Clostridia,Christensenellales,Christensenellaceae,Christensenellaceae_R-7_group,None,Bacteria,Proteobacteria,Alphaproteobacteria,Rhodospirillales,uncultured,None,None,0.008763388510223954
Bacteria,Firmicutes,Clostridia,Christensenellales,Christensenellaceae,Christensenellaceae_R-7_group,None,Bacteria,Proteobacteria,Gammaproteobacteria,Burkholderiales,Sutterellaceae,Sutterella,Sutterella_sp._252,0.010710808179162609
Bacteria,Firmicutes,Clostridia,Christensenellales,Christensenellaceae,Christensenellaceae_R-7_group,None,Bacteria,Proteobacteria,Gammaproteobacteria,Enterobacterales,Enterobacteriaceae,Escherichia-Shigella,None,0.009737098344693282
Bacteria,Firmicutes,Clostridia,Christensenellales,Christensenellaceae,Christensenellaceae_R-7_group,None,Bacteria,Proteobacteria,Gammaproteobacteria,Enterobacterales,Enterobacteriaceae,Klebsiella,None,0.009737098344693282
Bacteria,Firmicutes,Clostridia,Christensenellales,Christensenellaceae,Christensenellaceae_R-7_group,None,Bacteria,Proteobacteria,Gammaproteobacteria,Enterobacterales,Enterobacteriaceae,None,None,0.008763388510223954
Bacteria,Firmicutes,Clostridia,Christensenellales,Christensenellaceae,Christensenellaceae_R-7_group,None,Bacteria,Proteobacteria,Gammaproteobacteria,Pseudomonadales,Pseudomonadaceae,Pseudomonas,None,0.009737098344693282
Bacteria,Firmicutes,Clostridia,Christensenellales,Christensenellaceae,Christensenellaceae_R-7_group,None,Bacteria,Synergistota,Synergistia,Synergistales,Synergistaceae,Cloacibacillus,None,0.009737098344693282
Bacteria,Firmicutes,Clostridia,Christensenellales,Christensenellaceae,Christensenellaceae_R-7_group,None,Bacteria,Verrucomicrobiota,Verrucomicrobiae,Verrucomicrobiales,Akkermansiaceae,Akkermansia,None,0.009737098344693282
Bacteria,Firmicutes,Clostridia,Christensenellales,Christensenellaceae,Christensenellaceae_R-7_group,bacterium_YE57,Bacteria,Firmicutes,Clostridia,Christensenellales,Christensenellaceae,Christensenellaceae_R-7_group,metagenome,0.0019474196689386564
Bacteria,Firmicutes,Clostridia,Christensenellales,Christensenellaceae,Christensenellaceae_R-7_group,bacterium_YE57,Bacteria,Firmicutes,Clostridia,Christensenellales,Christensenellaceae,Christensenellaceae_R-7_group,uncultured_Firmicutes_bacterium,0.0019474196689386564
Bacteria,Firmicutes,Clostridia,Christensenellales,Christensenellaceae,Christensenellaceae_R-7_group,bacterium_YE57,Bacteria,Firmicutes,Clostridia,Christensenellales,Christensenellaceae,Christensenellaceae_R-7_group,uncultured_marine_bacterium,0.0019474196689386564
Bacteria,Firmicutes,Clostridia,Christensenellales,Christensenellaceae,Christensenellaceae_R-7_group,bacterium_YE57,Bacteria,Firmicutes,Clostridia,Christensenellales,Christensenellaceae,Christensenellaceae_R-7_group,uncultured_organism,0.0019474196689386564
Bacteria,Firmicutes,Clostridia,Christensenellales,Christensenellaceae,Christensenellaceae_R-7_group,bacterium_YE57,Bacteria,Firmicutes,Clostridia,Christensenellales,Christensenellaceae,None,None,0.0029211295034079843
Bacteria,Firmicutes,Clostridia,Christensenellales,Christensenellaceae,Christensenellaceae_R-7_group,bacterium_YE57,Bacteria,Firmicutes,Clostridia,Clostridia_vadinBB60_group,metagenome,None,None,0.005842259006815969
Bacteria,Firmicutes,Clostridia,Christensenellales,Christensenellaceae,Christensenellaceae_R-7_group,bacterium_YE57,Bacteria,Firmicutes,Clostridia,Clostridia_vadinBB60_group,wastewater_metagenome,None,None,0.005842259006815969
Bacteria,Firmicutes,Clostridia,Christensenellales,Christensenellaceae,Christensenellaceae_R-7_group,bacterium_YE57,Bacteria,Firmicutes,Clostridia,Clostridiales,Christensenellaceae,Christensenella,PAC001427,0.007789678675754625
Bacteria,Firmicutes,Clostridia,Christensenellales,Christensenellaceae,Christensenellaceae_R-7_group,bacterium_YE57,Bacteria,Firmicutes,Clostridia,Clostridiales,Christensenellaceae,Christensenella,PAC002297,0.007789678675754625
Bacteria,Firmicutes,Clostridia,Christensenellales,Christensenellaceae,Christensenellaceae_R-7_group,bacterium_YE57,Bacteria,Firmicutes,Clostridia,Clostridiales,Christensenellaceae,PAC001115,PAC001444,0.007789678675754625
Bacteria,Firmicutes,Clostridia,Christensenellales,Christensenellaceae,Christensenellaceae_R-7_group,bacterium_YE57,Bacteria,Firmicutes,Clostridia,Clostridiales,Christensenellaceae,PAC001437,PAC001486,0.007789678675754625
Bacteria,Firmicutes,Clostridia,Christensenellales,Christensenellaceae,Christensenellaceae_R-7_group,bacterium_YE57,Bacteria,Firmicutes,Clostridia,Clostridiales,Christensenellaceae,PAC001437,PAC002305,0.007789678675754625
Bacteria,Firmicutes,Clostridia,Christensenellales,Christensenellaceae,Christensenellaceae_R-7_group,bacterium_YE57,Bacteria,Firmicutes,Clostridia,Clostridiales,Christensenellaceae,PAC002510,PAC002510,0.007789678675754625
Bacteria,Firmicutes,Clostridia,Christensenellales,Christensenellaceae,Christensenellaceae_R-7_group,bacterium_YE57,Bacteria,Firmicutes,Clostridia,Clostridiales,Dehalobacterium,PAC002141,PAC002141,0.007789678675754625
Bacteria,Firmicutes,Clostridia,Christensenellales,Christensenellaceae,Christensenellaceae_R-7_group,bacterium_YE57,Bacteria,Firmicutes,Clostridia,Clostridiales,Ruminococcaceae,PAC000742,PAC000742,0.007789678675754625
Bacteria,Firmicutes,Clostridia,Christensenellales,Christensenellaceae,Christensenellaceae_R-7_group,bacterium_YE57,Bacteria,Firmicutes,Clostridia,Clostridiales,Ruminococcaceae,PAC001144,PAC001620,0.007789678675754625
Bacteria,Firmicutes,Clostridia,Christensenellales,Christensenellaceae,Christensenellaceae_R-7_group,bacterium_YE57,Bacteria,Firmicutes,Clostridia,Clostridiales,Ruminococcaceae,PAC001313,PAC001649,0.007789678675754625
Bacteria,Firmicutes,Clostridia,Christensenellales,Christensenellaceae,Christensenellaceae_R-7_group,bacterium_YE57,Bacteria,Firmicutes,Clostridia,Clostridiales,Ruminococcaceae,PAC002201,PAC002201,0.007789678675754625
Bacteria,Firmicutes,Clostridia,Christensenellales,Christensenellaceae,Christensenellaceae_R-7_group,bacterium_YE57,Bacteria,Firmicutes,Clostridia,Eubacteriales,Eubacteriaceae,Eubacterium,None,0.006815968841285297
Bacteria,Firmicutes,Clostridia,Christensenellales,Christensenellaceae,Christensenellaceae_R-7_group,bacterium_YE57,Bacteria,Firmicutes,Clostridia,Lachnospirales,Lachnospiraceae,Agathobacter,None,0.006815968841285297
Bacteria,Firmicutes,Clostridia,Christensenellales,Christensenellaceae,Christensenellaceae_R-7_group,bacterium_YE57,Bacteria,Firmicutes,Clostridia,Lachnospirales,Lachnospiraceae,Anaerostipes,None,0.006815968841285297
Bacteria,Firmicutes,Clostridia,Christensenellales,Christensenellaceae,Christensenellaceae_R-7_group,bacterium_YE57,Bacteria,Firmicutes,Clostridia,Lachnospirales,Lachnospiraceae,Blautia,None,0.006815968841285297
Bacteria,Firmicutes,Clostridia,Christensenellales,Christensenellaceae,Christensenellaceae_R-7_group,bacterium_YE57,Bacteria,Firmicutes,Clostridia,Lachnospirales,Lachnospiraceae,Blautia,bacterium_mpn-isolate_group_20,0.007789678675754625
Bacteria,Firmicutes,Clostridia,Christensenellales,Christensenellaceae,Christensenellaceae_R-7_group,bacterium_YE57,Bacteria,Firmicutes,Clostridia,Lachnospirales,Lachnospiraceae,Blautia,uncultured_Blautia_sp.,0.007789678675754625
Bacteria,Firmicutes,Clostridia,Christensenellales,Christensenellaceae,Christensenellaceae_R-7_group,bacterium_YE57,Bacteria,Firmicutes,Clostridia,Lachnospirales,Lachnospiraceae,Coprococcus,None,0.006815968841285297
Bacteria,Firmicutes,Clostridia,Christensenellales,Christensenellaceae,Christensenellaceae_R-7_group,bacterium_YE57,Bacteria,Firmicutes,Clostridia,Lachnospirales,Lachnospiraceae,Coprococcus,uncultured_Coprococcus_sp.,0.007789678675754625
Bacteria,Firmicutes,Clostridia,Christensenellales,Christensenellaceae,Christensenellaceae_R-7_group,bacterium_YE57,Bacteria,Firmicutes,Clostridia,Lachnospirales,Lachnospiraceae,Dorea,None,0.006815968841285297
Bacteria,Firmicutes,Clostridia,Christensenellales,Christensenellaceae,Christensenellaceae_R-7_group,bacterium_YE57,Bacteria,Firmicutes,Clostridia,Lachnospirales,Lachnospiraceae,Eisenbergiella,None,0.006815968841285297
Bacteria,Firmicutes,Clostridia,Christensenellales,Christensenellaceae,Christensenellaceae_R-7_group,bacterium_YE57,Bacteria,Firmicutes,Clostridia,Lachnospirales,Lachnospiraceae,Frisingicoccus,None,0.006815968841285297
Bacteria,Firmicutes,Clostridia,Christensenellales,Christensenellaceae,Christensenellaceae_R-7_group,bacterium_YE57,Bacteria,Firmicutes,Clostridia,Lachnospirales,Lachnospiraceae,Fusicatenibacter,uncultured_Lachnospiraceae_bacterium,0.007789678675754625
Bacteria,Firmicutes,Clostridia,Christensenellales,Christensenellaceae,Christensenellaceae_R-7_group,bacterium_YE57,Bacteria,Firmicutes,Clostridia,Lachnospirales,Lachnospiraceae,GCA-900066575,None,0.006815968841285297
Bacteria,Firmicutes,Clostridia,Christensenellales,Christensenellaceae,Christensenellaceae_R-7_group,bacterium_YE57,Bacteria,Firmicutes,Clostridia,Lachnospirales,Lachnospiraceae,GCA-900066575,metagenome,0.007789678675754625
Bacteria,Firmicutes,Clostridia,Christensenellales,Christensenellaceae,Christensenellaceae_R-7_group,bacterium_YE57,Bacteria,Firmicutes,Clostridia,Lachnospirales,Lachnospiraceae,GCA-900066755,None,0.006815968841285297
Bacteria,Firmicutes,Clostridia,Christensenellales,Christensenellaceae,Christensenellaceae_R-7_group,bacterium_YE57,Bacteria,Firmicutes,Clostridia,Lachnospirales,Lachnospiraceae,Hungatella,metagenome,0.007789678675754625
Bacteria,Firmicutes,Clostridia,Christensenellales,Christensenellaceae,Christensenellaceae_R-7_group,bacterium_YE57,Bacteria,Firmicutes,Clostridia,Lachnospirales,Lachnospiraceae,Lachnoclostridium,Clostridium_symbiosum,0.007789678675754625
Bacteria,Firmicutes,Clostridia,Christensenellales,Christensenellaceae,Christensenellaceae_R-7_group,bacterium_YE57,Bacteria,Firmicutes,Clostridia,Lachnospirales,Lachnospiraceae,Lachnoclostridium,None,0.006815968841285297
Bacteria,Firmicutes,Clostridia,Christensenellales,Christensenellaceae,Christensenellaceae_R-7_group,bacterium_YE57,Bacteria,Firmicutes,Clostridia,Lachnospirales,Lachnospiraceae,Lachnoclostridium,uncultured_Lachnospiraceae_bacterium,0.007789678675754625
Bacteria,Firmicutes,Clostridia,Christensenellales,Christensenellaceae,Christensenellaceae_R-7_group,bacterium_YE57,Bacteria,Firmicutes,Clostridia,Lachnospirales,Lachnospiraceae,Lachnospiraceae_ND3007_group,metagenome,0.007789678675754625
Bacteria,Firmicutes,Clostridia,Christensenellales,Christensenellaceae,Christensenellaceae_R-7_group,bacterium_YE57,Bacteria,Firmicutes,Clostridia,Lachnospirales,Lachnospiraceae,Lachnospiraceae_NK4A136_group,None,0.006815968841285297
Bacteria,Firmicutes,Clostridia,Christensenellales,Christensenellaceae,Christensenellaceae_R-7_group,bacterium_YE57,Bacteria,Firmicutes,Clostridia,Lachnospirales,Lachnospiraceae,Lachnospiraceae_NK4A136_group,uncultured_Lachnospiraceae_bacterium,0.007789678675754625
Bacteria,Firmicutes,Clostridia,Christensenellales,Christensenellaceae,Christensenellaceae_R-7_group,bacterium_YE57,Bacteria,Firmicutes,Clostridia,Lachnospirales,Lachnospiraceae,Lachnospiraceae_NK4A136_group,uncultured_bacterium_Adhufec49.25,0.007789678675754625
Bacteria,Firmicutes,Clostridia,Christensenellales,Christensenellaceae,Christensenellaceae_R-7_group,bacterium_YE57,Bacteria,Firmicutes,Clostridia,Lachnospirales,Lachnospiraceae,Lachnospiraceae_NK4B4_group,None,0.006815968841285297
Bacteria,Firmicutes,Clostridia,Christensenellales,Christensenellaceae,Christensenellaceae_R-7_group,bacterium_YE57,Bacteria,Firmicutes,Clostridia,Lachnospirales,Lachnospiraceae,Lachnospiraceae_UCG-001,metagenome,0.007789678675754625
Bacteria,Firmicutes,Clostridia,Christensenellales,Christensenellaceae,Christensenellaceae_R-7_group,bacterium_YE57,Bacteria,Firmicutes,Clostridia,Lachnospirales,Lachnospiraceae,Lachnospiraceae_UCG-004,None,0.006815968841285297
Bacteria,Firmicutes,Clostridia,Christensenellales,Christensenellaceae,Christensenellaceae_R-7_group,bacterium_YE57,Bacteria,Firmicutes,Clostridia,Lachnospirales,Lachnospiraceae,Lachnospiraceae_UCG-008,metagenome,0.007789678675754625
Bacteria,Firmicutes,Clostridia,Christensenellales,Christensenellaceae,Christensenellaceae_R-7_group,bacterium_YE57,Bacteria,Firmicutes,Clostridia,Lachnospirales,Lachnospiraceae,Lachnospiraceae_UCG-010,None,0.006815968841285297
Bacteria,Firmicutes,Clostridia,Christensenellales,Christensenellaceae,Christensenellaceae_R-7_group,bacterium_YE57,Bacteria,Firmicutes,Clostridia,Lachnospirales,Lachnospiraceae,Marvinbryantia,None,0.006815968841285297
Bacteria,Firmicutes,Clostridia,Christensenellales,Christensenellaceae,Christensenellaceae_R-7_group,bacterium_YE57,Bacteria,Firmicutes,Clostridia,Lachnospirales,Lachnospiraceae,Marvinbryantia,unidentified,0.007789678675754625
Bacteria,Firmicutes,Clostridia,Christensenellales,Christensenellaceae,Christensenellaceae_R-7_group,bacterium_YE57,Bacteria,Firmicutes,Clostridia,Lachnospirales,Lachnospiraceae,Roseburia,None,0.006815968841285297
Bacteria,Firmicutes,Clostridia,Christensenellales,Christensenellaceae,Christensenellaceae_R-7_group,bacterium_YE57,Bacteria,Firmicutes,Clostridia,Lachnospirales,Lachnospiraceae,Roseburia,gut_metagenome,0.007789678675754625
Bacteria,Firmicutes,Clostridia,Christensenellales,Christensenellaceae,Christensenellaceae_R-7_group,bacterium_YE57,Bacteria,Firmicutes,Clostridia,Lachnospirales,Lachnospiraceae,Tuzzerella,None,0.006815968841285297
Bacteria,Firmicutes,Clostridia,Christensenellales,Christensenellaceae,Christensenellaceae_R-7_group,bacterium_YE57,Bacteria,Firmicutes,Clostridia,Lachnospirales,Lachnospiraceae,Tyzzerella,None,0.006815968841285297
Bacteria,Firmicutes,Clostridia,Christensenellales,Christensenellaceae,Christensenellaceae_R-7_group,bacterium_YE57,Bacteria,Firmicutes,Clostridia,Lachnospirales,Lachnospiraceae,Eubacterium_hallii_group,None,0.006815968841285297
Bacteria,Firmicutes,Clostridia,Christensenellales,Christensenellaceae,Christensenellaceae_R-7_group,bacterium_YE57,Bacteria,Firmicutes,Clostridia,Lachnospirales,Lachnospiraceae,Eubacterium_ventriosum_group,metagenome,0.007789678675754625
Bacteria,Firmicutes,Clostridia,Christensenellales,Christensenellaceae,Christensenellaceae_R-7_group,bacterium_YE57,Bacteria,Firmicutes,Clostridia,Lachnospirales,Lachnospiraceae,Ruminococcus_gauvreauii_group,uncultured_Lachnospiraceae_bacterium,0.007789678675754625
Bacteria,Firmicutes,Clostridia,Christensenellales,Christensenellaceae,Christensenellaceae_R-7_group,bacterium_YE57,Bacteria,Firmicutes,Clostridia,Lachnospirales,Lachnospiraceae,Ruminococcus_gnavus_group,None,0.006815968841285297
Bacteria,Firmicutes,Clostridia,Christensenellales,Christensenellaceae,Christensenellaceae_R-7_group,bacterium_YE57,Bacteria,Firmicutes,Clostridia,Lachnospirales,Lachnospiraceae,Ruminococcus_torques_group,Clostridiaceae_bacterium_LEMV78,0.007789678675754625
Bacteria,Firmicutes,Clostridia,Christensenellales,Christensenellaceae,Christensenellaceae_R-7_group,bacterium_YE57,Bacteria,Firmicutes,Clostridia,Lachnospirales,Lachnospiraceae,Ruminococcus_torques_group,None,0.006815968841285297
Bacteria,Firmicutes,Clostridia,Christensenellales,Christensenellaceae,Christensenellaceae_R-7_group,bacterium_YE57,Bacteria,Firmicutes,Clostridia,Lachnospirales,Lachnospiraceae,None,None,0.005842259006815969
Bacteria,Firmicutes,Clostridia,Christensenellales,Christensenellaceae,Christensenellaceae_R-7_group,bacterium_YE57,Bacteria,Firmicutes,Clostridia,Lachnospirales,Lachnospiraceae,uncultured,None,0.006815968841285297
Bacteria,Firmicutes,Clostridia,Christensenellales,Christensenellaceae,Christensenellaceae_R-7_group,bacterium_YE57,Bacteria,Firmicutes,Clostridia,Monoglobales,Monoglobaceae,Monoglobus,None,0.006815968841285297
Bacteria,Firmicutes,Clostridia,Christensenellales,Christensenellaceae,Christensenellaceae_R-7_group,bacterium_YE57,Bacteria,Firmicutes,Clostridia,Oscillospirales,Butyricicoccaceae,Butyricicoccus,None,0.006815968841285297
Bacteria,Firmicutes,Clostridia,Christensenellales,Christensenellaceae,Christensenellaceae_R-7_group,bacterium_YE57,Bacteria,Firmicutes,Clostridia,Oscillospirales,Hydrogenoanaerobacterium,None,None,0.005842259006815969
Bacteria,Firmicutes,Clostridia,Christensenellales,Christensenellaceae,Christensenellaceae_R-7_group,bacterium_YE57,Bacteria,Firmicutes,Clostridia,Oscillospirales,Oscillospiraceae,Colidextribacter,None,0.006815968841285297
Bacteria,Firmicutes,Clostridia,Christensenellales,Christensenellaceae,Christensenellaceae_R-7_group,bacterium_YE57,Bacteria,Firmicutes,Clostridia,Oscillospirales,Oscillospiraceae,Colidextribacter,metagenome,0.007789678675754625
Bacteria,Firmicutes,Clostridia,Christensenellales,Christensenellaceae,Christensenellaceae_R-7_group,bacterium_YE57,Bacteria,Firmicutes,Clostridia,Oscillospirales,Oscillospiraceae,Flavonifractor,None,0.006815968841285297
Bacteria,Firmicutes,Clostridia,Christensenellales,Christensenellaceae,Christensenellaceae_R-7_group,bacterium_YE57,Bacteria,Firmicutes,Clostridia,Oscillospirales,Oscillospiraceae,Intestinimonas,None,0.006815968841285297
Bacteria,Firmicutes,Clostridia,Christensenellales,Christensenellaceae,Christensenellaceae_R-7_group,bacterium_YE57,Bacteria,Firmicutes,Clostridia,Oscillospirales,Oscillospiraceae,Intestinimonas,uncultured,0.007789678675754625
Bacteria,Firmicutes,Clostridia,Christensenellales,Christensenellaceae,Christensenellaceae_R-7_group,bacterium_YE57,Bacteria,Firmicutes,Clostridia,Oscillospirales,Oscillospiraceae,NK4A214_group,None,0.006815968841285297
Bacteria,Firmicutes,Clostridia,Christensenellales,Christensenellaceae,Christensenellaceae_R-7_group,bacterium_YE57,Bacteria,Firmicutes,Clostridia,Oscillospirales,Oscillospiraceae,Oscillibacter,None,0.006815968841285297
Bacteria,Firmicutes,Clostridia,Christensenellales,Christensenellaceae,Christensenellaceae_R-7_group,bacterium_YE57,Bacteria,Firmicutes,Clostridia,Oscillospirales,Oscillospiraceae,Oscillibacter,metagenome,0.007789678675754625
Bacteria,Firmicutes,Clostridia,Christensenellales,Christensenellaceae,Christensenellaceae_R-7_group,bacterium_YE57,Bacteria,Firmicutes,Clostridia,Oscillospirales,Oscillospiraceae,Oscillospira,None,0.006815968841285297
Bacteria,Firmicutes,Clostridia,Christensenellales,Christensenellaceae,Christensenellaceae_R-7_group,bacterium_YE57,Bacteria,Firmicutes,Clostridia,Oscillospirales,Oscillospiraceae,UCG-002,None,0.006815968841285297
Bacteria,Firmicutes,Clostridia,Christensenellales,Christensenellaceae,Christensenellaceae_R-7_group,bacterium_YE57,Bacteria,Firmicutes,Clostridia,Oscillospirales,Oscillospiraceae,UCG-003,None,0.006815968841285297
Bacteria,Firmicutes,Clostridia,Christensenellales,Christensenellaceae,Christensenellaceae_R-7_group,bacterium_YE57,Bacteria,Firmicutes,Clostridia,Oscillospirales,Oscillospiraceae,UCG-005,None,0.006815968841285297
Bacteria,Firmicutes,Clostridia,Christensenellales,Christensenellaceae,Christensenellaceae_R-7_group,bacterium_YE57,Bacteria,Firmicutes,Clostridia,Oscillospirales,Oscillospiraceae,UCG-005,metagenome,0.007789678675754625
Bacteria,Firmicutes,Clostridia,Christensenellales,Christensenellaceae,Christensenellaceae_R-7_group,bacterium_YE57,Bacteria,Firmicutes,Clostridia,Oscillospirales,Oscillospiraceae,UCG-005,uncultured_Clostridiales_bacterium,0.007789678675754625
Bacteria,Firmicutes,Clostridia,Christensenellales,Christensenellaceae,Christensenellaceae_R-7_group,bacterium_YE57,Bacteria,Firmicutes,Clostridia,Oscillospirales,Oscillospiraceae,UCG-005,uncultured_rumen_bacterium,0.007789678675754625
Bacteria,Firmicutes,Clostridia,Christensenellales,Christensenellaceae,Christensenellaceae_R-7_group,bacterium_YE57,Bacteria,Firmicutes,Clostridia,Oscillospirales,Oscillospiraceae,None,None,0.005842259006815969
Bacteria,Firmicutes,Clostridia,Christensenellales,Christensenellaceae,Christensenellaceae_R-7_group,bacterium_YE57,Bacteria,Firmicutes,Clostridia,Oscillospirales,Oscillospiraceae,uncultured,metagenome,0.007789678675754625
Bacteria,Firmicutes,Clostridia,Christensenellales,Christensenellaceae,Christensenellaceae_R-7_group,bacterium_YE57,Bacteria,Firmicutes,Clostridia,Oscillospirales,Oscillospiraceae,uncultured,unidentified,0.007789678675754625
Bacteria,Firmicutes,Clostridia,Christensenellales,Christensenellaceae,Christensenellaceae_R-7_group,bacterium_YE57,Bacteria,Firmicutes,Clostridia,Oscillospirales,Ruminococcaceae,Anaerofilum,uncultured_Firmicutes_bacterium,0.007789678675754625
Bacteria,Firmicutes,Clostridia,Christensenellales,Christensenellaceae,Christensenellaceae_R-7_group,bacterium_YE57,Bacteria,Firmicutes,Clostridia,Oscillospirales,Ruminococcaceae,Anaerotruncus,Anaerotruncus_rubiinfantis,0.007789678675754625
Bacteria,Firmicutes,Clostridia,Christensenellales,Christensenellaceae,Christensenellaceae_R-7_group,bacterium_YE57,Bacteria,Firmicutes,Clostridia,Oscillospirales,Ruminococcaceae,Anaerotruncus,Anaerotruncus_sp._NML_070203,0.007789678675754625
Bacteria,Firmicutes,Clostridia,Christensenellales,Christensenellaceae,Christensenellaceae_R-7_group,bacterium_YE57,Bacteria,Firmicutes,Clostridia,Oscillospirales,Ruminococcaceae,Candidatus_Soleaferrea,Neobitarella_massiliensis,0.007789678675754625
Bacteria,Firmicutes,Clostridia,Christensenellales,Christensenellaceae,Christensenellaceae_R-7_group,bacterium_YE57,Bacteria,Firmicutes,Clostridia,Oscillospirales,Ruminococcaceae,Candidatus_Soleaferrea,None,0.006815968841285297
Bacteria,Firmicutes,Clostridia,Christensenellales,Christensenellaceae,Christensenellaceae_R-7_group,bacterium_YE57,Bacteria,Firmicutes,Clostridia,Oscillospirales,Ruminococcaceae,DTU089,None,0.006815968841285297
Bacteria,Firmicutes,Clostridia,Christensenellales,Christensenellaceae,Christensenellaceae_R-7_group,bacterium_YE57,Bacteria,Firmicutes,Clostridia,Oscillospirales,Ruminococcaceae,Faecalibacterium,None,0.006815968841285297
Bacteria,Firmicutes,Clostridia,Christensenellales,Christensenellaceae,Christensenellaceae_R-7_group,bacterium_YE57,Bacteria,Firmicutes,Clostridia,Oscillospirales,Ruminococcaceae,Fournierella,uncultured_organism,0.007789678675754625
Bacteria,Firmicutes,Clostridia,Christensenellales,Christensenellaceae,Christensenellaceae_R-7_group,bacterium_YE57,Bacteria,Firmicutes,Clostridia,Oscillospirales,Ruminococcaceae,Incertae_Sedis,metagenome,0.007789678675754625
Bacteria,Firmicutes,Clostridia,Christensenellales,Christensenellaceae,Christensenellaceae_R-7_group,bacterium_YE57,Bacteria,Firmicutes,Clostridia,Oscillospirales,Ruminococcaceae,Incertae_Sedis,None,0.006815968841285297
Bacteria,Firmicutes,Clostridia,Christensenellales,Christensenellaceae,Christensenellaceae_R-7_group,bacterium_YE57,Bacteria,Firmicutes,Clostridia,Oscillospirales,Ruminococcaceae,Negativibacillus,None,0.006815968841285297
Bacteria,Firmicutes,Clostridia,Christensenellales,Christensenellaceae,Christensenellaceae_R-7_group,bacterium_YE57,Bacteria,Firmicutes,Clostridia,Oscillospirales,Ruminococcaceae,Ruminococcus,Ruminococcus_champanellensis,0.007789678675754625
Bacteria,Firmicutes,Clostridia,Christensenellales,Christensenellaceae,Christensenellaceae_R-7_group,bacterium_YE57,Bacteria,Firmicutes,Clostridia,Oscillospirales,Ruminococcaceae,Ruminococcus,None,0.006815968841285297
Bacteria,Firmicutes,Clostridia,Christensenellales,Christensenellaceae,Christensenellaceae_R-7_group,bacterium_YE57,Bacteria,Firmicutes,Clostridia,Oscillospirales,Ruminococcaceae,Subdoligranulum,None,0.006815968841285297
Bacteria,Firmicutes,Clostridia,Christensenellales,Christensenellaceae,Christensenellaceae_R-7_group,bacterium_YE57,Bacteria,Firmicutes,Clostridia,Oscillospirales,Ruminococcaceae,UBA1819,None,0.006815968841285297
Bacteria,Firmicutes,Clostridia,Christensenellales,Christensenellaceae,Christensenellaceae_R-7_group,bacterium_YE57,Bacteria,Firmicutes,Clostridia,Oscillospirales,Ruminococcaceae,Eubacterium_siraeum_group,None,0.006815968841285297
Bacteria,Firmicutes,Clostridia,Christensenellales,Christensenellaceae,Christensenellaceae_R-7_group,bacterium_YE57,Bacteria,Firmicutes,Clostridia,Oscillospirales,Ruminococcaceae,None,None,0.005842259006815969
Bacteria,Firmicutes,Clostridia,Christensenellales,Christensenellaceae,Christensenellaceae_R-7_group,bacterium_YE57,Bacteria,Firmicutes,Clostridia,Oscillospirales,UCG-010,None,None,0.005842259006815969
Bacteria,Firmicutes,Clostridia,Christensenellales,Christensenellaceae,Christensenellaceae_R-7_group,bacterium_YE57,Bacteria,Firmicutes,Clostridia,Oscillospirales,UCG-010,metagenome,None,0.006815968841285297
Bacteria,Firmicutes,Clostridia,Christensenellales,Christensenellaceae,Christensenellaceae_R-7_group,bacterium_YE57,Bacteria,Firmicutes,Clostridia,Oscillospirales,UCG-010,uncultured_bacterium,None,0.006815968841285297
Bacteria,Firmicutes,Clostridia,Christensenellales,Christensenellaceae,Christensenellaceae_R-7_group,bacterium_YE57,Bacteria,Firmicutes,Clostridia,Oscillospirales,UCG-010,uncultured_organism,None,0.006815968841285297
Bacteria,Firmicutes,Clostridia,Christensenellales,Christensenellaceae,Christensenellaceae_R-7_group,bacterium_YE57,Bacteria,Firmicutes,Clostridia,Oscillospirales,Clostridium_methylpentosum_group,None,None,0.005842259006815969
Bacteria,Firmicutes,Clostridia,Christensenellales,Christensenellaceae,Christensenellaceae_R-7_group,bacterium_YE57,Bacteria,Firmicutes,Clostridia,Oscillospirales,Eubacterium_coprostanoligenes_group,None,None,0.005842259006815969
Bacteria,Firmicutes,Clostridia,Christensenellales,Christensenellaceae,Christensenellaceae_R-7_group,bacterium_YE57,Bacteria,Firmicutes,Clostridia,Oscillospirales,None,None,None,0.004868549172346641
Bacteria,Firmicutes,Clostridia,Christensenellales,Christensenellaceae,Christensenellaceae_R-7_group,bacterium_YE57,Bacteria,Firmicutes,Clostridia,Peptococcales,Peptococcaceae,uncultured,None,0.006815968841285297
Bacteria,Firmicutes,Clostridia,Christensenellales,Christensenellaceae,Christensenellaceae_R-7_group,bacterium_YE57,Bacteria,Firmicutes,Clostridia,Peptostreptococcales-Tissierellales,Anaerovoracaceae,Family_XIII_AD3011_group,metagenome,0.007789678675754625
Bacteria,Firmicutes,Clostridia,Christensenellales,Christensenellaceae,Christensenellaceae_R-7_group,bacterium_YE57,Bacteria,Firmicutes,Clostridia,Peptostreptococcales-Tissierellales,Anaerovoracaceae,Family_XIII_AD3011_group,None,0.006815968841285297
Bacteria,Firmicutes,Clostridia,Christensenellales,Christensenellaceae,Christensenellaceae_R-7_group,bacterium_YE57,Bacteria,Firmicutes,Clostridia,Peptostreptococcales-Tissierellales,Anaerovoracaceae,Family_XIII_AD3011_group,uncultured,0.007789678675754625
Bacteria,Firmicutes,Clostridia,Christensenellales,Christensenellaceae,Christensenellaceae_R-7_group,bacterium_YE57,Bacteria,Firmicutes,Clostridia,Peptostreptococcales-Tissierellales,Anaerovoracaceae,Family_XIII_UCG-001,metagenome,0.007789678675754625
Bacteria,Firmicutes,Clostridia,Christensenellales,Christensenellaceae,Christensenellaceae_R-7_group,bacterium_YE57,Bacteria,Firmicutes,Clostridia,Peptostreptococcales-Tissierellales,Anaerovoracaceae,Eubacterium_nodatum_group,None,0.006815968841285297
Bacteria,Firmicutes,Clostridia,Christensenellales,Christensenellaceae,Christensenellaceae_R-7_group,bacterium_YE57,Bacteria,Firmicutes,Clostridia,Peptostreptococcales-Tissierellales,Anaerovoracaceae,None,None,0.005842259006815969
Bacteria,Firmicutes,Clostridia,Christensenellales,Christensenellaceae,Christensenellaceae_R-7_group,bacterium_YE57,Bacteria,Firmicutes,Clostridia,Peptostreptococcales-Tissierellales,Parvimonas,None,None,0.005842259006815969
Bacteria,Firmicutes,Clostridia,Christensenellales,Christensenellaceae,Christensenellaceae_R-7_group,bacterium_YE57,Bacteria,Firmicutes,Clostridia,None,None,None,None,0.0038948393378773127
Bacteria,Firmicutes,Clostridia,Christensenellales,Christensenellaceae,Christensenellaceae_R-7_group,bacterium_YE57,Bacteria,Firmicutes,Incertae_Sedis,DTU014,unidentified,None,None,0.007789678675754625
Bacteria,Firmicutes,Clostridia,Christensenellales,Christensenellaceae,Christensenellaceae_R-7_group,bacterium_YE57,Bacteria,Firmicutes,Limnochordia,M55-D21,uncultured_compost_bacterium,None,None,0.007789678675754625
Bacteria,Firmicutes,Clostridia,Christensenellales,Christensenellaceae,Christensenellaceae_R-7_group,bacterium_YE57,Bacteria,Firmicutes,Negativicutes,Acidaminococcales,Acidaminococcaceae,Phascolarctobacterium,None,0.008763388510223954
Bacteria,Firmicutes,Clostridia,Christensenellales,Christensenellaceae,Christensenellaceae_R-7_group,bacterium_YE57,Bacteria,Firmicutes,None,None,None,None,None,0.004868549172346641
Bacteria,Firmicutes,Clostridia,Christensenellales,Christensenellaceae,Christensenellaceae_R-7_group,bacterium_YE57,Bacteria,Firmicutes,uncultured,uncultured_Peptococcaceae_bacterium,None,None,None,0.006815968841285297
Bacteria,Firmicutes,Clostridia,Christensenellales,Christensenellaceae,Christensenellaceae_R-7_group,bacterium_YE57,Bacteria,Proteobacteria,Alphaproteobacteria,Rhodospirillales,uncultured,None,None,0.009737098344693282
Bacteria,Firmicutes,Clostridia,Christensenellales,Christensenellaceae,Christensenellaceae_R-7_group,bacterium_YE57,Bacteria,Proteobacteria,Gammaproteobacteria,Burkholderiales,Sutterellaceae,Sutterella,Sutterella_sp._252,0.011684518013631937
Bacteria,Firmicutes,Clostridia,Christensenellales,Christensenellaceae,Christensenellaceae_R-7_group,bacterium_YE57,Bacteria,Proteobacteria,Gammaproteobacteria,Enterobacterales,Enterobacteriaceae,Escherichia-Shigella,None,0.010710808179162609
Bacteria,Firmicutes,Clostridia,Christensenellales,Christensenellaceae,Christensenellaceae_R-7_group,bacterium_YE57,Bacteria,Proteobacteria,Gammaproteobacteria,Enterobacterales,Enterobacteriaceae,Klebsiella,None,0.010710808179162609
Bacteria,Firmicutes,Clostridia,Christensenellales,Christensenellaceae,Christensenellaceae_R-7_group,bacterium_YE57,Bacteria,Proteobacteria,Gammaproteobacteria,Enterobacterales,Enterobacteriaceae,None,None,0.009737098344693282
Bacteria,Firmicutes,Clostridia,Christensenellales,Christensenellaceae,Christensenellaceae_R-7_group,bacterium_YE57,Bacteria,Proteobacteria,Gammaproteobacteria,Pseudomonadales,Pseudomonadaceae,Pseudomonas,None,0.010710808179162609
Bacteria,Firmicutes,Clostridia,Christensenellales,Christensenellaceae,Christensenellaceae_R-7_group,bacterium_YE57,Bacteria,Synergistota,Synergistia,Synergistales,Synergistaceae,Cloacibacillus,None,0.010710808179162609
Bacteria,Firmicutes,Clostridia,Christensenellales,Christensenellaceae,Christensenellaceae_R-7_group,bacterium_YE57,Bacteria,Verrucomicrobiota,Verrucomicrobiae,Verrucomicrobiales,Akkermansiaceae,Akkermansia,None,0.010710808179162609
Bacteria,Firmicutes,Clostridia,Christensenellales,Christensenellaceae,Christensenellaceae_R-7_group,metagenome,Bacteria,Firmicutes,Clostridia,Christensenellales,Christensenellaceae,Christensenellaceae_R-7_group,uncultured_Firmicutes_bacterium,0.0019474196689386564
Bacteria,Firmicutes,Clostridia,Christensenellales,Christensenellaceae,Christensenellaceae_R-7_group,metagenome,Bacteria,Firmicutes,Clostridia,Christensenellales,Christensenellaceae,Christensenellaceae_R-7_group,uncultured_marine_bacterium,0.0019474196689386564
Bacteria,Firmicutes,Clostridia,Christensenellales,Christensenellaceae,Christensenellaceae_R-7_group,metagenome,Bacteria,Firmicutes,Clostridia,Christensenellales,Christensenellaceae,Christensenellaceae_R-7_group,uncultured_organism,0.0019474196689386564
Bacteria,Firmicutes,Clostridia,Christensenellales,Christensenellaceae,Christensenellaceae_R-7_group,metagenome,Bacteria,Firmicutes,Clostridia,Christensenellales,Christensenellaceae,None,None,0.0029211295034079843
Bacteria,Firmicutes,Clostridia,Christensenellales,Christensenellaceae,Christensenellaceae_R-7_group,metagenome,Bacteria,Firmicutes,Clostridia,Clostridia_vadinBB60_group,metagenome,None,None,0.005842259006815969
Bacteria,Firmicutes,Clostridia,Christensenellales,Christensenellaceae,Christensenellaceae_R-7_group,metagenome,Bacteria,Firmicutes,Clostridia,Clostridia_vadinBB60_group,wastewater_metagenome,None,None,0.005842259006815969
Bacteria,Firmicutes,Clostridia,Christensenellales,Christensenellaceae,Christensenellaceae_R-7_group,metagenome,Bacteria,Firmicutes,Clostridia,Clostridiales,Christensenellaceae,Christensenella,PAC001427,0.007789678675754625
Bacteria,Firmicutes,Clostridia,Christensenellales,Christensenellaceae,Christensenellaceae_R-7_group,metagenome,Bacteria,Firmicutes,Clostridia,Clostridiales,Christensenellaceae,Christensenella,PAC002297,0.007789678675754625
Bacteria,Firmicutes,Clostridia,Christensenellales,Christensenellaceae,Christensenellaceae_R-7_group,metagenome,Bacteria,Firmicutes,Clostridia,Clostridiales,Christensenellaceae,PAC001115,PAC001444,0.007789678675754625
Bacteria,Firmicutes,Clostridia,Christensenellales,Christensenellaceae,Christensenellaceae_R-7_group,metagenome,Bacteria,Firmicutes,Clostridia,Clostridiales,Christensenellaceae,PAC001437,PAC001486,0.007789678675754625
Bacteria,Firmicutes,Clostridia,Christensenellales,Christensenellaceae,Christensenellaceae_R-7_group,metagenome,Bacteria,Firmicutes,Clostridia,Clostridiales,Christensenellaceae,PAC001437,PAC002305,0.007789678675754625
Bacteria,Firmicutes,Clostridia,Christensenellales,Christensenellaceae,Christensenellaceae_R-7_group,metagenome,Bacteria,Firmicutes,Clostridia,Clostridiales,Christensenellaceae,PAC002510,PAC002510,0.007789678675754625
Bacteria,Firmicutes,Clostridia,Christensenellales,Christensenellaceae,Christensenellaceae_R-7_group,metagenome,Bacteria,Firmicutes,Clostridia,Clostridiales,Dehalobacterium,PAC002141,PAC002141,0.007789678675754625
Bacteria,Firmicutes,Clostridia,Christensenellales,Christensenellaceae,Christensenellaceae_R-7_group,metagenome,Bacteria,Firmicutes,Clostridia,Clostridiales,Ruminococcaceae,PAC000742,PAC000742,0.007789678675754625
Bacteria,Firmicutes,Clostridia,Christensenellales,Christensenellaceae,Christensenellaceae_R-7_group,metagenome,Bacteria,Firmicutes,Clostridia,Clostridiales,Ruminococcaceae,PAC001144,PAC001620,0.007789678675754625
Bacteria,Firmicutes,Clostridia,Christensenellales,Christensenellaceae,Christensenellaceae_R-7_group,metagenome,Bacteria,Firmicutes,Clostridia,Clostridiales,Ruminococcaceae,PAC001313,PAC001649,0.007789678675754625
Bacteria,Firmicutes,Clostridia,Christensenellales,Christensenellaceae,Christensenellaceae_R-7_group,metagenome,Bacteria,Firmicutes,Clostridia,Clostridiales,Ruminococcaceae,PAC002201,PAC002201,0.007789678675754625
Bacteria,Firmicutes,Clostridia,Christensenellales,Christensenellaceae,Christensenellaceae_R-7_group,metagenome,Bacteria,Firmicutes,Clostridia,Eubacteriales,Eubacteriaceae,Eubacterium,None,0.006815968841285297
Bacteria,Firmicutes,Clostridia,Christensenellales,Christensenellaceae,Christensenellaceae_R-7_group,metagenome,Bacteria,Firmicutes,Clostridia,Lachnospirales,Lachnospiraceae,Agathobacter,None,0.006815968841285297
Bacteria,Firmicutes,Clostridia,Christensenellales,Christensenellaceae,Christensenellaceae_R-7_group,metagenome,Bacteria,Firmicutes,Clostridia,Lachnospirales,Lachnospiraceae,Anaerostipes,None,0.006815968841285297
Bacteria,Firmicutes,Clostridia,Christensenellales,Christensenellaceae,Christensenellaceae_R-7_group,metagenome,Bacteria,Firmicutes,Clostridia,Lachnospirales,Lachnospiraceae,Blautia,None,0.006815968841285297
Bacteria,Firmicutes,Clostridia,Christensenellales,Christensenellaceae,Christensenellaceae_R-7_group,metagenome,Bacteria,Firmicutes,Clostridia,Lachnospirales,Lachnospiraceae,Blautia,bacterium_mpn-isolate_group_20,0.007789678675754625
Bacteria,Firmicutes,Clostridia,Christensenellales,Christensenellaceae,Christensenellaceae_R-7_group,metagenome,Bacteria,Firmicutes,Clostridia,Lachnospirales,Lachnospiraceae,Blautia,uncultured_Blautia_sp.,0.007789678675754625
Bacteria,Firmicutes,Clostridia,Christensenellales,Christensenellaceae,Christensenellaceae_R-7_group,metagenome,Bacteria,Firmicutes,Clostridia,Lachnospirales,Lachnospiraceae,Coprococcus,None,0.006815968841285297
Bacteria,Firmicutes,Clostridia,Christensenellales,Christensenellaceae,Christensenellaceae_R-7_group,metagenome,Bacteria,Firmicutes,Clostridia,Lachnospirales,Lachnospiraceae,Coprococcus,uncultured_Coprococcus_sp.,0.007789678675754625
Bacteria,Firmicutes,Clostridia,Christensenellales,Christensenellaceae,Christensenellaceae_R-7_group,metagenome,Bacteria,Firmicutes,Clostridia,Lachnospirales,Lachnospiraceae,Dorea,None,0.006815968841285297
Bacteria,Firmicutes,Clostridia,Christensenellales,Christensenellaceae,Christensenellaceae_R-7_group,metagenome,Bacteria,Firmicutes,Clostridia,Lachnospirales,Lachnospiraceae,Eisenbergiella,None,0.006815968841285297
Bacteria,Firmicutes,Clostridia,Christensenellales,Christensenellaceae,Christensenellaceae_R-7_group,metagenome,Bacteria,Firmicutes,Clostridia,Lachnospirales,Lachnospiraceae,Frisingicoccus,None,0.006815968841285297
Bacteria,Firmicutes,Clostridia,Christensenellales,Christensenellaceae,Christensenellaceae_R-7_group,metagenome,Bacteria,Firmicutes,Clostridia,Lachnospirales,Lachnospiraceae,Fusicatenibacter,uncultured_Lachnospiraceae_bacterium,0.007789678675754625
Bacteria,Firmicutes,Clostridia,Christensenellales,Christensenellaceae,Christensenellaceae_R-7_group,metagenome,Bacteria,Firmicutes,Clostridia,Lachnospirales,Lachnospiraceae,GCA-900066575,None,0.006815968841285297
Bacteria,Firmicutes,Clostridia,Christensenellales,Christensenellaceae,Christensenellaceae_R-7_group,metagenome,Bacteria,Firmicutes,Clostridia,Lachnospirales,Lachnospiraceae,GCA-900066575,metagenome,0.007789678675754625
Bacteria,Firmicutes,Clostridia,Christensenellales,Christensenellaceae,Christensenellaceae_R-7_group,metagenome,Bacteria,Firmicutes,Clostridia,Lachnospirales,Lachnospiraceae,GCA-900066755,None,0.006815968841285297
Bacteria,Firmicutes,Clostridia,Christensenellales,Christensenellaceae,Christensenellaceae_R-7_group,metagenome,Bacteria,Firmicutes,Clostridia,Lachnospirales,Lachnospiraceae,Hungatella,metagenome,0.007789678675754625
Bacteria,Firmicutes,Clostridia,Christensenellales,Christensenellaceae,Christensenellaceae_R-7_group,metagenome,Bacteria,Firmicutes,Clostridia,Lachnospirales,Lachnospiraceae,Lachnoclostridium,Clostridium_symbiosum,0.007789678675754625
Bacteria,Firmicutes,Clostridia,Christensenellales,Christensenellaceae,Christensenellaceae_R-7_group,metagenome,Bacteria,Firmicutes,Clostridia,Lachnospirales,Lachnospiraceae,Lachnoclostridium,None,0.006815968841285297
Bacteria,Firmicutes,Clostridia,Christensenellales,Christensenellaceae,Christensenellaceae_R-7_group,metagenome,Bacteria,Firmicutes,Clostridia,Lachnospirales,Lachnospiraceae,Lachnoclostridium,uncultured_Lachnospiraceae_bacterium,0.007789678675754625
Bacteria,Firmicutes,Clostridia,Christensenellales,Christensenellaceae,Christensenellaceae_R-7_group,metagenome,Bacteria,Firmicutes,Clostridia,Lachnospirales,Lachnospiraceae,Lachnospiraceae_ND3007_group,metagenome,0.007789678675754625
Bacteria,Firmicutes,Clostridia,Christensenellales,Christensenellaceae,Christensenellaceae_R-7_group,metagenome,Bacteria,Firmicutes,Clostridia,Lachnospirales,Lachnospiraceae,Lachnospiraceae_NK4A136_group,None,0.006815968841285297
Bacteria,Firmicutes,Clostridia,Christensenellales,Christensenellaceae,Christensenellaceae_R-7_group,metagenome,Bacteria,Firmicutes,Clostridia,Lachnospirales,Lachnospiraceae,Lachnospiraceae_NK4A136_group,uncultured_Lachnospiraceae_bacterium,0.007789678675754625
Bacteria,Firmicutes,Clostridia,Christensenellales,Christensenellaceae,Christensenellaceae_R-7_group,metagenome,Bacteria,Firmicutes,Clostridia,Lachnospirales,Lachnospiraceae,Lachnospiraceae_NK4A136_group,uncultured_bacterium_Adhufec49.25,0.007789678675754625
Bacteria,Firmicutes,Clostridia,Christensenellales,Christensenellaceae,Christensenellaceae_R-7_group,metagenome,Bacteria,Firmicutes,Clostridia,Lachnospirales,Lachnospiraceae,Lachnospiraceae_NK4B4_group,None,0.006815968841285297
Bacteria,Firmicutes,Clostridia,Christensenellales,Christensenellaceae,Christensenellaceae_R-7_group,metagenome,Bacteria,Firmicutes,Clostridia,Lachnospirales,Lachnospiraceae,Lachnospiraceae_UCG-001,metagenome,0.007789678675754625
Bacteria,Firmicutes,Clostridia,Christensenellales,Christensenellaceae,Christensenellaceae_R-7_group,metagenome,Bacteria,Firmicutes,Clostridia,Lachnospirales,Lachnospiraceae,Lachnospiraceae_UCG-004,None,0.006815968841285297
Bacteria,Firmicutes,Clostridia,Christensenellales,Christensenellaceae,Christensenellaceae_R-7_group,metagenome,Bacteria,Firmicutes,Clostridia,Lachnospirales,Lachnospiraceae,Lachnospiraceae_UCG-008,metagenome,0.007789678675754625
Bacteria,Firmicutes,Clostridia,Christensenellales,Christensenellaceae,Christensenellaceae_R-7_group,metagenome,Bacteria,Firmicutes,Clostridia,Lachnospirales,Lachnospiraceae,Lachnospiraceae_UCG-010,None,0.006815968841285297
Bacteria,Firmicutes,Clostridia,Christensenellales,Christensenellaceae,Christensenellaceae_R-7_group,metagenome,Bacteria,Firmicutes,Clostridia,Lachnospirales,Lachnospiraceae,Marvinbryantia,None,0.006815968841285297
Bacteria,Firmicutes,Clostridia,Christensenellales,Christensenellaceae,Christensenellaceae_R-7_group,metagenome,Bacteria,Firmicutes,Clostridia,Lachnospirales,Lachnospiraceae,Marvinbryantia,unidentified,0.007789678675754625
Bacteria,Firmicutes,Clostridia,Christensenellales,Christensenellaceae,Christensenellaceae_R-7_group,metagenome,Bacteria,Firmicutes,Clostridia,Lachnospirales,Lachnospiraceae,Roseburia,None,0.006815968841285297
Bacteria,Firmicutes,Clostridia,Christensenellales,Christensenellaceae,Christensenellaceae_R-7_group,metagenome,Bacteria,Firmicutes,Clostridia,Lachnospirales,Lachnospiraceae,Roseburia,gut_metagenome,0.007789678675754625
Bacteria,Firmicutes,Clostridia,Christensenellales,Christensenellaceae,Christensenellaceae_R-7_group,metagenome,Bacteria,Firmicutes,Clostridia,Lachnospirales,Lachnospiraceae,Tuzzerella,None,0.006815968841285297
Bacteria,Firmicutes,Clostridia,Christensenellales,Christensenellaceae,Christensenellaceae_R-7_group,metagenome,Bacteria,Firmicutes,Clostridia,Lachnospirales,Lachnospiraceae,Tyzzerella,None,0.006815968841285297
Bacteria,Firmicutes,Clostridia,Christensenellales,Christensenellaceae,Christensenellaceae_R-7_group,metagenome,Bacteria,Firmicutes,Clostridia,Lachnospirales,Lachnospiraceae,Eubacterium_hallii_group,None,0.006815968841285297
Bacteria,Firmicutes,Clostridia,Christensenellales,Christensenellaceae,Christensenellaceae_R-7_group,metagenome,Bacteria,Firmicutes,Clostridia,Lachnospirales,Lachnospiraceae,Eubacterium_ventriosum_group,metagenome,0.007789678675754625
Bacteria,Firmicutes,Clostridia,Christensenellales,Christensenellaceae,Christensenellaceae_R-7_group,metagenome,Bacteria,Firmicutes,Clostridia,Lachnospirales,Lachnospiraceae,Ruminococcus_gauvreauii_group,uncultured_Lachnospiraceae_bacterium,0.007789678675754625
Bacteria,Firmicutes,Clostridia,Christensenellales,Christensenellaceae,Christensenellaceae_R-7_group,metagenome,Bacteria,Firmicutes,Clostridia,Lachnospirales,Lachnospiraceae,Ruminococcus_gnavus_group,None,0.006815968841285297
Bacteria,Firmicutes,Clostridia,Christensenellales,Christensenellaceae,Christensenellaceae_R-7_group,metagenome,Bacteria,Firmicutes,Clostridia,Lachnospirales,Lachnospiraceae,Ruminococcus_torques_group,Clostridiaceae_bacterium_LEMV78,0.007789678675754625
Bacteria,Firmicutes,Clostridia,Christensenellales,Christensenellaceae,Christensenellaceae_R-7_group,metagenome,Bacteria,Firmicutes,Clostridia,Lachnospirales,Lachnospiraceae,Ruminococcus_torques_group,None,0.006815968841285297
Bacteria,Firmicutes,Clostridia,Christensenellales,Christensenellaceae,Christensenellaceae_R-7_group,metagenome,Bacteria,Firmicutes,Clostridia,Lachnospirales,Lachnospiraceae,None,None,0.005842259006815969
Bacteria,Firmicutes,Clostridia,Christensenellales,Christensenellaceae,Christensenellaceae_R-7_group,metagenome,Bacteria,Firmicutes,Clostridia,Lachnospirales,Lachnospiraceae,uncultured,None,0.006815968841285297
Bacteria,Firmicutes,Clostridia,Christensenellales,Christensenellaceae,Christensenellaceae_R-7_group,metagenome,Bacteria,Firmicutes,Clostridia,Monoglobales,Monoglobaceae,Monoglobus,None,0.006815968841285297
Bacteria,Firmicutes,Clostridia,Christensenellales,Christensenellaceae,Christensenellaceae_R-7_group,metagenome,Bacteria,Firmicutes,Clostridia,Oscillospirales,Butyricicoccaceae,Butyricicoccus,None,0.006815968841285297
Bacteria,Firmicutes,Clostridia,Christensenellales,Christensenellaceae,Christensenellaceae_R-7_group,metagenome,Bacteria,Firmicutes,Clostridia,Oscillospirales,Hydrogenoanaerobacterium,None,None,0.005842259006815969
Bacteria,Firmicutes,Clostridia,Christensenellales,Christensenellaceae,Christensenellaceae_R-7_group,metagenome,Bacteria,Firmicutes,Clostridia,Oscillospirales,Oscillospiraceae,Colidextribacter,None,0.006815968841285297
Bacteria,Firmicutes,Clostridia,Christensenellales,Christensenellaceae,Christensenellaceae_R-7_group,metagenome,Bacteria,Firmicutes,Clostridia,Oscillospirales,Oscillospiraceae,Colidextribacter,metagenome,0.007789678675754625
Bacteria,Firmicutes,Clostridia,Christensenellales,Christensenellaceae,Christensenellaceae_R-7_group,metagenome,Bacteria,Firmicutes,Clostridia,Oscillospirales,Oscillospiraceae,Flavonifractor,None,0.006815968841285297
Bacteria,Firmicutes,Clostridia,Christensenellales,Christensenellaceae,Christensenellaceae_R-7_group,metagenome,Bacteria,Firmicutes,Clostridia,Oscillospirales,Oscillospiraceae,Intestinimonas,None,0.006815968841285297
Bacteria,Firmicutes,Clostridia,Christensenellales,Christensenellaceae,Christensenellaceae_R-7_group,metagenome,Bacteria,Firmicutes,Clostridia,Oscillospirales,Oscillospiraceae,Intestinimonas,uncultured,0.007789678675754625
Bacteria,Firmicutes,Clostridia,Christensenellales,Christensenellaceae,Christensenellaceae_R-7_group,metagenome,Bacteria,Firmicutes,Clostridia,Oscillospirales,Oscillospiraceae,NK4A214_group,None,0.006815968841285297
Bacteria,Firmicutes,Clostridia,Christensenellales,Christensenellaceae,Christensenellaceae_R-7_group,metagenome,Bacteria,Firmicutes,Clostridia,Oscillospirales,Oscillospiraceae,Oscillibacter,None,0.006815968841285297
Bacteria,Firmicutes,Clostridia,Christensenellales,Christensenellaceae,Christensenellaceae_R-7_group,metagenome,Bacteria,Firmicutes,Clostridia,Oscillospirales,Oscillospiraceae,Oscillibacter,metagenome,0.007789678675754625
Bacteria,Firmicutes,Clostridia,Christensenellales,Christensenellaceae,Christensenellaceae_R-7_group,metagenome,Bacteria,Firmicutes,Clostridia,Oscillospirales,Oscillospiraceae,Oscillospira,None,0.006815968841285297
Bacteria,Firmicutes,Clostridia,Christensenellales,Christensenellaceae,Christensenellaceae_R-7_group,metagenome,Bacteria,Firmicutes,Clostridia,Oscillospirales,Oscillospiraceae,UCG-002,None,0.006815968841285297
Bacteria,Firmicutes,Clostridia,Christensenellales,Christensenellaceae,Christensenellaceae_R-7_group,metagenome,Bacteria,Firmicutes,Clostridia,Oscillospirales,Oscillospiraceae,UCG-003,None,0.006815968841285297
Bacteria,Firmicutes,Clostridia,Christensenellales,Christensenellaceae,Christensenellaceae_R-7_group,metagenome,Bacteria,Firmicutes,Clostridia,Oscillospirales,Oscillospiraceae,UCG-005,None,0.006815968841285297
Bacteria,Firmicutes,Clostridia,Christensenellales,Christensenellaceae,Christensenellaceae_R-7_group,metagenome,Bacteria,Firmicutes,Clostridia,Oscillospirales,Oscillospiraceae,UCG-005,metagenome,0.007789678675754625
Bacteria,Firmicutes,Clostridia,Christensenellales,Christensenellaceae,Christensenellaceae_R-7_group,metagenome,Bacteria,Firmicutes,Clostridia,Oscillospirales,Oscillospiraceae,UCG-005,uncultured_Clostridiales_bacterium,0.007789678675754625
Bacteria,Firmicutes,Clostridia,Christensenellales,Christensenellaceae,Christensenellaceae_R-7_group,metagenome,Bacteria,Firmicutes,Clostridia,Oscillospirales,Oscillospiraceae,UCG-005,uncultured_rumen_bacterium,0.007789678675754625
Bacteria,Firmicutes,Clostridia,Christensenellales,Christensenellaceae,Christensenellaceae_R-7_group,metagenome,Bacteria,Firmicutes,Clostridia,Oscillospirales,Oscillospiraceae,None,None,0.005842259006815969
Bacteria,Firmicutes,Clostridia,Christensenellales,Christensenellaceae,Christensenellaceae_R-7_group,metagenome,Bacteria,Firmicutes,Clostridia,Oscillospirales,Oscillospiraceae,uncultured,metagenome,0.007789678675754625
Bacteria,Firmicutes,Clostridia,Christensenellales,Christensenellaceae,Christensenellaceae_R-7_group,metagenome,Bacteria,Firmicutes,Clostridia,Oscillospirales,Oscillospiraceae,uncultured,unidentified,0.007789678675754625
Bacteria,Firmicutes,Clostridia,Christensenellales,Christensenellaceae,Christensenellaceae_R-7_group,metagenome,Bacteria,Firmicutes,Clostridia,Oscillospirales,Ruminococcaceae,Anaerofilum,uncultured_Firmicutes_bacterium,0.007789678675754625
Bacteria,Firmicutes,Clostridia,Christensenellales,Christensenellaceae,Christensenellaceae_R-7_group,metagenome,Bacteria,Firmicutes,Clostridia,Oscillospirales,Ruminococcaceae,Anaerotruncus,Anaerotruncus_rubiinfantis,0.007789678675754625
Bacteria,Firmicutes,Clostridia,Christensenellales,Christensenellaceae,Christensenellaceae_R-7_group,metagenome,Bacteria,Firmicutes,Clostridia,Oscillospirales,Ruminococcaceae,Anaerotruncus,Anaerotruncus_sp._NML_070203,0.007789678675754625
Bacteria,Firmicutes,Clostridia,Christensenellales,Christensenellaceae,Christensenellaceae_R-7_group,metagenome,Bacteria,Firmicutes,Clostridia,Oscillospirales,Ruminococcaceae,Candidatus_Soleaferrea,Neobitarella_massiliensis,0.007789678675754625
Bacteria,Firmicutes,Clostridia,Christensenellales,Christensenellaceae,Christensenellaceae_R-7_group,metagenome,Bacteria,Firmicutes,Clostridia,Oscillospirales,Ruminococcaceae,Candidatus_Soleaferrea,None,0.006815968841285297
Bacteria,Firmicutes,Clostridia,Christensenellales,Christensenellaceae,Christensenellaceae_R-7_group,metagenome,Bacteria,Firmicutes,Clostridia,Oscillospirales,Ruminococcaceae,DTU089,None,0.006815968841285297
Bacteria,Firmicutes,Clostridia,Christensenellales,Christensenellaceae,Christensenellaceae_R-7_group,metagenome,Bacteria,Firmicutes,Clostridia,Oscillospirales,Ruminococcaceae,Faecalibacterium,None,0.006815968841285297
Bacteria,Firmicutes,Clostridia,Christensenellales,Christensenellaceae,Christensenellaceae_R-7_group,metagenome,Bacteria,Firmicutes,Clostridia,Oscillospirales,Ruminococcaceae,Fournierella,uncultured_organism,0.007789678675754625
Bacteria,Firmicutes,Clostridia,Christensenellales,Christensenellaceae,Christensenellaceae_R-7_group,metagenome,Bacteria,Firmicutes,Clostridia,Oscillospirales,Ruminococcaceae,Incertae_Sedis,metagenome,0.007789678675754625
Bacteria,Firmicutes,Clostridia,Christensenellales,Christensenellaceae,Christensenellaceae_R-7_group,metagenome,Bacteria,Firmicutes,Clostridia,Oscillospirales,Ruminococcaceae,Incertae_Sedis,None,0.006815968841285297
Bacteria,Firmicutes,Clostridia,Christensenellales,Christensenellaceae,Christensenellaceae_R-7_group,metagenome,Bacteria,Firmicutes,Clostridia,Oscillospirales,Ruminococcaceae,Negativibacillus,None,0.006815968841285297
Bacteria,Firmicutes,Clostridia,Christensenellales,Christensenellaceae,Christensenellaceae_R-7_group,metagenome,Bacteria,Firmicutes,Clostridia,Oscillospirales,Ruminococcaceae,Ruminococcus,Ruminococcus_champanellensis,0.007789678675754625
Bacteria,Firmicutes,Clostridia,Christensenellales,Christensenellaceae,Christensenellaceae_R-7_group,metagenome,Bacteria,Firmicutes,Clostridia,Oscillospirales,Ruminococcaceae,Ruminococcus,None,0.006815968841285297
Bacteria,Firmicutes,Clostridia,Christensenellales,Christensenellaceae,Christensenellaceae_R-7_group,metagenome,Bacteria,Firmicutes,Clostridia,Oscillospirales,Ruminococcaceae,Subdoligranulum,None,0.006815968841285297
Bacteria,Firmicutes,Clostridia,Christensenellales,Christensenellaceae,Christensenellaceae_R-7_group,metagenome,Bacteria,Firmicutes,Clostridia,Oscillospirales,Ruminococcaceae,UBA1819,None,0.006815968841285297
Bacteria,Firmicutes,Clostridia,Christensenellales,Christensenellaceae,Christensenellaceae_R-7_group,metagenome,Bacteria,Firmicutes,Clostridia,Oscillospirales,Ruminococcaceae,Eubacterium_siraeum_group,None,0.006815968841285297
Bacteria,Firmicutes,Clostridia,Christensenellales,Christensenellaceae,Christensenellaceae_R-7_group,metagenome,Bacteria,Firmicutes,Clostridia,Oscillospirales,Ruminococcaceae,None,None,0.005842259006815969
Bacteria,Firmicutes,Clostridia,Christensenellales,Christensenellaceae,Christensenellaceae_R-7_group,metagenome,Bacteria,Firmicutes,Clostridia,Oscillospirales,UCG-010,None,None,0.005842259006815969
Bacteria,Firmicutes,Clostridia,Christensenellales,Christensenellaceae,Christensenellaceae_R-7_group,metagenome,Bacteria,Firmicutes,Clostridia,Oscillospirales,UCG-010,metagenome,None,0.006815968841285297
Bacteria,Firmicutes,Clostridia,Christensenellales,Christensenellaceae,Christensenellaceae_R-7_group,metagenome,Bacteria,Firmicutes,Clostridia,Oscillospirales,UCG-010,uncultured_bacterium,None,0.006815968841285297
Bacteria,Firmicutes,Clostridia,Christensenellales,Christensenellaceae,Christensenellaceae_R-7_group,metagenome,Bacteria,Firmicutes,Clostridia,Oscillospirales,UCG-010,uncultured_organism,None,0.006815968841285297
Bacteria,Firmicutes,Clostridia,Christensenellales,Christensenellaceae,Christensenellaceae_R-7_group,metagenome,Bacteria,Firmicutes,Clostridia,Oscillospirales,Clostridium_methylpentosum_group,None,None,0.005842259006815969
Bacteria,Firmicutes,Clostridia,Christensenellales,Christensenellaceae,Christensenellaceae_R-7_group,metagenome,Bacteria,Firmicutes,Clostridia,Oscillospirales,Eubacterium_coprostanoligenes_group,None,None,0.005842259006815969
Bacteria,Firmicutes,Clostridia,Christensenellales,Christensenellaceae,Christensenellaceae_R-7_group,metagenome,Bacteria,Firmicutes,Clostridia,Oscillospirales,None,None,None,0.004868549172346641
Bacteria,Firmicutes,Clostridia,Christensenellales,Christensenellaceae,Christensenellaceae_R-7_group,metagenome,Bacteria,Firmicutes,Clostridia,Peptococcales,Peptococcaceae,uncultured,None,0.006815968841285297
Bacteria,Firmicutes,Clostridia,Christensenellales,Christensenellaceae,Christensenellaceae_R-7_group,metagenome,Bacteria,Firmicutes,Clostridia,Peptostreptococcales-Tissierellales,Anaerovoracaceae,Family_XIII_AD3011_group,metagenome,0.007789678675754625
Bacteria,Firmicutes,Clostridia,Christensenellales,Christensenellaceae,Christensenellaceae_R-7_group,metagenome,Bacteria,Firmicutes,Clostridia,Peptostreptococcales-Tissierellales,Anaerovoracaceae,Family_XIII_AD3011_group,None,0.006815968841285297
Bacteria,Firmicutes,Clostridia,Christensenellales,Christensenellaceae,Christensenellaceae_R-7_group,metagenome,Bacteria,Firmicutes,Clostridia,Peptostreptococcales-Tissierellales,Anaerovoracaceae,Family_XIII_AD3011_group,uncultured,0.007789678675754625
Bacteria,Firmicutes,Clostridia,Christensenellales,Christensenellaceae,Christensenellaceae_R-7_group,metagenome,Bacteria,Firmicutes,Clostridia,Peptostreptococcales-Tissierellales,Anaerovoracaceae,Family_XIII_UCG-001,metagenome,0.007789678675754625
Bacteria,Firmicutes,Clostridia,Christensenellales,Christensenellaceae,Christensenellaceae_R-7_group,metagenome,Bacteria,Firmicutes,Clostridia,Peptostreptococcales-Tissierellales,Anaerovoracaceae,Eubacterium_nodatum_group,None,0.006815968841285297
Bacteria,Firmicutes,Clostridia,Christensenellales,Christensenellaceae,Christensenellaceae_R-7_group,metagenome,Bacteria,Firmicutes,Clostridia,Peptostreptococcales-Tissierellales,Anaerovoracaceae,None,None,0.005842259006815969
Bacteria,Firmicutes,Clostridia,Christensenellales,Christensenellaceae,Christensenellaceae_R-7_group,metagenome,Bacteria,Firmicutes,Clostridia,Peptostreptococcales-Tissierellales,Parvimonas,None,None,0.005842259006815969
Bacteria,Firmicutes,Clostridia,Christensenellales,Christensenellaceae,Christensenellaceae_R-7_group,metagenome,Bacteria,Firmicutes,Clostridia,None,None,None,None,0.0038948393378773127
Bacteria,Firmicutes,Clostridia,Christensenellales,Christensenellaceae,Christensenellaceae_R-7_group,metagenome,Bacteria,Firmicutes,Incertae_Sedis,DTU014,unidentified,None,None,0.007789678675754625
Bacteria,Firmicutes,Clostridia,Christensenellales,Christensenellaceae,Christensenellaceae_R-7_group,metagenome,Bacteria,Firmicutes,Limnochordia,M55-D21,uncultured_compost_bacterium,None,None,0.007789678675754625
Bacteria,Firmicutes,Clostridia,Christensenellales,Christensenellaceae,Christensenellaceae_R-7_group,metagenome,Bacteria,Firmicutes,Negativicutes,Acidaminococcales,Acidaminococcaceae,Phascolarctobacterium,None,0.008763388510223954
Bacteria,Firmicutes,Clostridia,Christensenellales,Christensenellaceae,Christensenellaceae_R-7_group,metagenome,Bacteria,Firmicutes,None,None,None,None,None,0.004868549172346641
Bacteria,Firmicutes,Clostridia,Christensenellales,Christensenellaceae,Christensenellaceae_R-7_group,metagenome,Bacteria,Firmicutes,uncultured,uncultured_Peptococcaceae_bacterium,None,None,None,0.006815968841285297
Bacteria,Firmicutes,Clostridia,Christensenellales,Christensenellaceae,Christensenellaceae_R-7_group,metagenome,Bacteria,Proteobacteria,Alphaproteobacteria,Rhodospirillales,uncultured,None,None,0.009737098344693282
Bacteria,Firmicutes,Clostridia,Christensenellales,Christensenellaceae,Christensenellaceae_R-7_group,metagenome,Bacteria,Proteobacteria,Gammaproteobacteria,Burkholderiales,Sutterellaceae,Sutterella,Sutterella_sp._252,0.011684518013631937
Bacteria,Firmicutes,Clostridia,Christensenellales,Christensenellaceae,Christensenellaceae_R-7_group,metagenome,Bacteria,Proteobacteria,Gammaproteobacteria,Enterobacterales,Enterobacteriaceae,Escherichia-Shigella,None,0.010710808179162609
Bacteria,Firmicutes,Clostridia,Christensenellales,Christensenellaceae,Christensenellaceae_R-7_group,metagenome,Bacteria,Proteobacteria,Gammaproteobacteria,Enterobacterales,Enterobacteriaceae,Klebsiella,None,0.010710808179162609
Bacteria,Firmicutes,Clostridia,Christensenellales,Christensenellaceae,Christensenellaceae_R-7_group,metagenome,Bacteria,Proteobacteria,Gammaproteobacteria,Enterobacterales,Enterobacteriaceae,None,None,0.009737098344693282
Bacteria,Firmicutes,Clostridia,Christensenellales,Christensenellaceae,Christensenellaceae_R-7_group,metagenome,Bacteria,Proteobacteria,Gammaproteobacteria,Pseudomonadales,Pseudomonadaceae,Pseudomonas,None,0.010710808179162609
Bacteria,Firmicutes,Clostridia,Christensenellales,Christensenellaceae,Christensenellaceae_R-7_group,metagenome,Bacteria,Synergistota,Synergistia,Synergistales,Synergistaceae,Cloacibacillus,None,0.010710808179162609
Bacteria,Firmicutes,Clostridia,Christensenellales,Christensenellaceae,Christensenellaceae_R-7_group,metagenome,Bacteria,Verrucomicrobiota,Verrucomicrobiae,Verrucomicrobiales,Akkermansiaceae,Akkermansia,None,0.010710808179162609
Bacteria,Firmicutes,Clostridia,Christensenellales,Christensenellaceae,Christensenellaceae_R-7_group,uncultured_Firmicutes_bacterium,Bacteria,Firmicutes,Clostridia,Christensenellales,Christensenellaceae,Christensenellaceae_R-7_group,uncultured_marine_bacterium,0.0019474196689386564
Bacteria,Firmicutes,Clostridia,Christensenellales,Christensenellaceae,Christensenellaceae_R-7_group,uncultured_Firmicutes_bacterium,Bacteria,Firmicutes,Clostridia,Christensenellales,Christensenellaceae,Christensenellaceae_R-7_group,uncultured_organism,0.0019474196689386564
Bacteria,Firmicutes,Clostridia,Christensenellales,Christensenellaceae,Christensenellaceae_R-7_group,uncultured_Firmicutes_bacterium,Bacteria,Firmicutes,Clostridia,Christensenellales,Christensenellaceae,None,None,0.0029211295034079843
Bacteria,Firmicutes,Clostridia,Christensenellales,Christensenellaceae,Christensenellaceae_R-7_group,uncultured_Firmicutes_bacterium,Bacteria,Firmicutes,Clostridia,Clostridia_vadinBB60_group,metagenome,None,None,0.005842259006815969
Bacteria,Firmicutes,Clostridia,Christensenellales,Christensenellaceae,Christensenellaceae_R-7_group,uncultured_Firmicutes_bacterium,Bacteria,Firmicutes,Clostridia,Clostridia_vadinBB60_group,wastewater_metagenome,None,None,0.005842259006815969
Bacteria,Firmicutes,Clostridia,Christensenellales,Christensenellaceae,Christensenellaceae_R-7_group,uncultured_Firmicutes_bacterium,Bacteria,Firmicutes,Clostridia,Clostridiales,Christensenellaceae,Christensenella,PAC001427,0.007789678675754625
Bacteria,Firmicutes,Clostridia,Christensenellales,Christensenellaceae,Christensenellaceae_R-7_group,uncultured_Firmicutes_bacterium,Bacteria,Firmicutes,Clostridia,Clostridiales,Christensenellaceae,Christensenella,PAC002297,0.007789678675754625
Bacteria,Firmicutes,Clostridia,Christensenellales,Christensenellaceae,Christensenellaceae_R-7_group,uncultured_Firmicutes_bacterium,Bacteria,Firmicutes,Clostridia,Clostridiales,Christensenellaceae,PAC001115,PAC001444,0.007789678675754625
Bacteria,Firmicutes,Clostridia,Christensenellales,Christensenellaceae,Christensenellaceae_R-7_group,uncultured_Firmicutes_bacterium,Bacteria,Firmicutes,Clostridia,Clostridiales,Christensenellaceae,PAC001437,PAC001486,0.007789678675754625
Bacteria,Firmicutes,Clostridia,Christensenellales,Christensenellaceae,Christensenellaceae_R-7_group,uncultured_Firmicutes_bacterium,Bacteria,Firmicutes,Clostridia,Clostridiales,Christensenellaceae,PAC001437,PAC002305,0.007789678675754625
Bacteria,Firmicutes,Clostridia,Christensenellales,Christensenellaceae,Christensenellaceae_R-7_group,uncultured_Firmicutes_bacterium,Bacteria,Firmicutes,Clostridia,Clostridiales,Christensenellaceae,PAC002510,PAC002510,0.007789678675754625
Bacteria,Firmicutes,Clostridia,Christensenellales,Christensenellaceae,Christensenellaceae_R-7_group,uncultured_Firmicutes_bacterium,Bacteria,Firmicutes,Clostridia,Clostridiales,Dehalobacterium,PAC002141,PAC002141,0.007789678675754625
Bacteria,Firmicutes,Clostridia,Christensenellales,Christensenellaceae,Christensenellaceae_R-7_group,uncultured_Firmicutes_bacterium,Bacteria,Firmicutes,Clostridia,Clostridiales,Ruminococcaceae,PAC000742,PAC000742,0.007789678675754625
Bacteria,Firmicutes,Clostridia,Christensenellales,Christensenellaceae,Christensenellaceae_R-7_group,uncultured_Firmicutes_bacterium,Bacteria,Firmicutes,Clostridia,Clostridiales,Ruminococcaceae,PAC001144,PAC001620,0.007789678675754625
Bacteria,Firmicutes,Clostridia,Christensenellales,Christensenellaceae,Christensenellaceae_R-7_group,uncultured_Firmicutes_bacterium,Bacteria,Firmicutes,Clostridia,Clostridiales,Ruminococcaceae,PAC001313,PAC001649,0.007789678675754625
Bacteria,Firmicutes,Clostridia,Christensenellales,Christensenellaceae,Christensenellaceae_R-7_group,uncultured_Firmicutes_bacterium,Bacteria,Firmicutes,Clostridia,Clostridiales,Ruminococcaceae,PAC002201,PAC002201,0.007789678675754625
Bacteria,Firmicutes,Clostridia,Christensenellales,Christensenellaceae,Christensenellaceae_R-7_group,uncultured_Firmicutes_bacterium,Bacteria,Firmicutes,Clostridia,Eubacteriales,Eubacteriaceae,Eubacterium,None,0.006815968841285297
Bacteria,Firmicutes,Clostridia,Christensenellales,Christensenellaceae,Christensenellaceae_R-7_group,uncultured_Firmicutes_bacterium,Bacteria,Firmicutes,Clostridia,Lachnospirales,Lachnospiraceae,Agathobacter,None,0.006815968841285297
Bacteria,Firmicutes,Clostridia,Christensenellales,Christensenellaceae,Christensenellaceae_R-7_group,uncultured_Firmicutes_bacterium,Bacteria,Firmicutes,Clostridia,Lachnospirales,Lachnospiraceae,Anaerostipes,None,0.006815968841285297
Bacteria,Firmicutes,Clostridia,Christensenellales,Christensenellaceae,Christensenellaceae_R-7_group,uncultured_Firmicutes_bacterium,Bacteria,Firmicutes,Clostridia,Lachnospirales,Lachnospiraceae,Blautia,None,0.006815968841285297
Bacteria,Firmicutes,Clostridia,Christensenellales,Christensenellaceae,Christensenellaceae_R-7_group,uncultured_Firmicutes_bacterium,Bacteria,Firmicutes,Clostridia,Lachnospirales,Lachnospiraceae,Blautia,bacterium_mpn-isolate_group_20,0.007789678675754625
Bacteria,Firmicutes,Clostridia,Christensenellales,Christensenellaceae,Christensenellaceae_R-7_group,uncultured_Firmicutes_bacterium,Bacteria,Firmicutes,Clostridia,Lachnospirales,Lachnospiraceae,Blautia,uncultured_Blautia_sp.,0.007789678675754625
Bacteria,Firmicutes,Clostridia,Christensenellales,Christensenellaceae,Christensenellaceae_R-7_group,uncultured_Firmicutes_bacterium,Bacteria,Firmicutes,Clostridia,Lachnospirales,Lachnospiraceae,Coprococcus,None,0.006815968841285297
Bacteria,Firmicutes,Clostridia,Christensenellales,Christensenellaceae,Christensenellaceae_R-7_group,uncultured_Firmicutes_bacterium,Bacteria,Firmicutes,Clostridia,Lachnospirales,Lachnospiraceae,Coprococcus,uncultured_Coprococcus_sp.,0.007789678675754625
Bacteria,Firmicutes,Clostridia,Christensenellales,Christensenellaceae,Christensenellaceae_R-7_group,uncultured_Firmicutes_bacterium,Bacteria,Firmicutes,Clostridia,Lachnospirales,Lachnospiraceae,Dorea,None,0.006815968841285297
Bacteria,Firmicutes,Clostridia,Christensenellales,Christensenellaceae,Christensenellaceae_R-7_group,uncultured_Firmicutes_bacterium,Bacteria,Firmicutes,Clostridia,Lachnospirales,Lachnospiraceae,Eisenbergiella,None,0.006815968841285297
Bacteria,Firmicutes,Clostridia,Christensenellales,Christensenellaceae,Christensenellaceae_R-7_group,uncultured_Firmicutes_bacterium,Bacteria,Firmicutes,Clostridia,Lachnospirales,Lachnospiraceae,Frisingicoccus,None,0.006815968841285297
Bacteria,Firmicutes,Clostridia,Christensenellales,Christensenellaceae,Christensenellaceae_R-7_group,uncultured_Firmicutes_bacterium,Bacteria,Firmicutes,Clostridia,Lachnospirales,Lachnospiraceae,Fusicatenibacter,uncultured_Lachnospiraceae_bacterium,0.007789678675754625
Bacteria,Firmicutes,Clostridia,Christensenellales,Christensenellaceae,Christensenellaceae_R-7_group,uncultured_Firmicutes_bacterium,Bacteria,Firmicutes,Clostridia,Lachnospirales,Lachnospiraceae,GCA-900066575,None,0.006815968841285297
Bacteria,Firmicutes,Clostridia,Christensenellales,Christensenellaceae,Christensenellaceae_R-7_group,uncultured_Firmicutes_bacterium,Bacteria,Firmicutes,Clostridia,Lachnospirales,Lachnospiraceae,GCA-900066575,metagenome,0.007789678675754625
Bacteria,Firmicutes,Clostridia,Christensenellales,Christensenellaceae,Christensenellaceae_R-7_group,uncultured_Firmicutes_bacterium,Bacteria,Firmicutes,Clostridia,Lachnospirales,Lachnospiraceae,GCA-900066755,None,0.006815968841285297
Bacteria,Firmicutes,Clostridia,Christensenellales,Christensenellaceae,Christensenellaceae_R-7_group,uncultured_Firmicutes_bacterium,Bacteria,Firmicutes,Clostridia,Lachnospirales,Lachnospiraceae,Hungatella,metagenome,0.007789678675754625
Bacteria,Firmicutes,Clostridia,Christensenellales,Christensenellaceae,Christensenellaceae_R-7_group,uncultured_Firmicutes_bacterium,Bacteria,Firmicutes,Clostridia,Lachnospirales,Lachnospiraceae,Lachnoclostridium,Clostridium_symbiosum,0.007789678675754625
Bacteria,Firmicutes,Clostridia,Christensenellales,Christensenellaceae,Christensenellaceae_R-7_group,uncultured_Firmicutes_bacterium,Bacteria,Firmicutes,Clostridia,Lachnospirales,Lachnospiraceae,Lachnoclostridium,None,0.006815968841285297
Bacteria,Firmicutes,Clostridia,Christensenellales,Christensenellaceae,Christensenellaceae_R-7_group,uncultured_Firmicutes_bacterium,Bacteria,Firmicutes,Clostridia,Lachnospirales,Lachnospiraceae,Lachnoclostridium,uncultured_Lachnospiraceae_bacterium,0.007789678675754625
Bacteria,Firmicutes,Clostridia,Christensenellales,Christensenellaceae,Christensenellaceae_R-7_group,uncultured_Firmicutes_bacterium,Bacteria,Firmicutes,Clostridia,Lachnospirales,Lachnospiraceae,Lachnospiraceae_ND3007_group,metagenome,0.007789678675754625
Bacteria,Firmicutes,Clostridia,Christensenellales,Christensenellaceae,Christensenellaceae_R-7_group,uncultured_Firmicutes_bacterium,Bacteria,Firmicutes,Clostridia,Lachnospirales,Lachnospiraceae,Lachnospiraceae_NK4A136_group,None,0.006815968841285297
Bacteria,Firmicutes,Clostridia,Christensenellales,Christensenellaceae,Christensenellaceae_R-7_group,uncultured_Firmicutes_bacterium,Bacteria,Firmicutes,Clostridia,Lachnospirales,Lachnospiraceae,Lachnospiraceae_NK4A136_group,uncultured_Lachnospiraceae_bacterium,0.007789678675754625
Bacteria,Firmicutes,Clostridia,Christensenellales,Christensenellaceae,Christensenellaceae_R-7_group,uncultured_Firmicutes_bacterium,Bacteria,Firmicutes,Clostridia,Lachnospirales,Lachnospiraceae,Lachnospiraceae_NK4A136_group,uncultured_bacterium_Adhufec49.25,0.007789678675754625
Bacteria,Firmicutes,Clostridia,Christensenellales,Christensenellaceae,Christensenellaceae_R-7_group,uncultured_Firmicutes_bacterium,Bacteria,Firmicutes,Clostridia,Lachnospirales,Lachnospiraceae,Lachnospiraceae_NK4B4_group,None,0.006815968841285297
Bacteria,Firmicutes,Clostridia,Christensenellales,Christensenellaceae,Christensenellaceae_R-7_group,uncultured_Firmicutes_bacterium,Bacteria,Firmicutes,Clostridia,Lachnospirales,Lachnospiraceae,Lachnospiraceae_UCG-001,metagenome,0.007789678675754625
Bacteria,Firmicutes,Clostridia,Christensenellales,Christensenellaceae,Christensenellaceae_R-7_group,uncultured_Firmicutes_bacterium,Bacteria,Firmicutes,Clostridia,Lachnospirales,Lachnospiraceae,Lachnospiraceae_UCG-004,None,0.006815968841285297
Bacteria,Firmicutes,Clostridia,Christensenellales,Christensenellaceae,Christensenellaceae_R-7_group,uncultured_Firmicutes_bacterium,Bacteria,Firmicutes,Clostridia,Lachnospirales,Lachnospiraceae,Lachnospiraceae_UCG-008,metagenome,0.007789678675754625
Bacteria,Firmicutes,Clostridia,Christensenellales,Christensenellaceae,Christensenellaceae_R-7_group,uncultured_Firmicutes_bacterium,Bacteria,Firmicutes,Clostridia,Lachnospirales,Lachnospiraceae,Lachnospiraceae_UCG-010,None,0.006815968841285297
Bacteria,Firmicutes,Clostridia,Christensenellales,Christensenellaceae,Christensenellaceae_R-7_group,uncultured_Firmicutes_bacterium,Bacteria,Firmicutes,Clostridia,Lachnospirales,Lachnospiraceae,Marvinbryantia,None,0.006815968841285297
Bacteria,Firmicutes,Clostridia,Christensenellales,Christensenellaceae,Christensenellaceae_R-7_group,uncultured_Firmicutes_bacterium,Bacteria,Firmicutes,Clostridia,Lachnospirales,Lachnospiraceae,Marvinbryantia,unidentified,0.007789678675754625
Bacteria,Firmicutes,Clostridia,Christensenellales,Christensenellaceae,Christensenellaceae_R-7_group,uncultured_Firmicutes_bacterium,Bacteria,Firmicutes,Clostridia,Lachnospirales,Lachnospiraceae,Roseburia,None,0.006815968841285297
Bacteria,Firmicutes,Clostridia,Christensenellales,Christensenellaceae,Christensenellaceae_R-7_group,uncultured_Firmicutes_bacterium,Bacteria,Firmicutes,Clostridia,Lachnospirales,Lachnospiraceae,Roseburia,gut_metagenome,0.007789678675754625
Bacteria,Firmicutes,Clostridia,Christensenellales,Christensenellaceae,Christensenellaceae_R-7_group,uncultured_Firmicutes_bacterium,Bacteria,Firmicutes,Clostridia,Lachnospirales,Lachnospiraceae,Tuzzerella,None,0.006815968841285297
Bacteria,Firmicutes,Clostridia,Christensenellales,Christensenellaceae,Christensenellaceae_R-7_group,uncultured_Firmicutes_bacterium,Bacteria,Firmicutes,Clostridia,Lachnospirales,Lachnospiraceae,Tyzzerella,None,0.006815968841285297
Bacteria,Firmicutes,Clostridia,Christensenellales,Christensenellaceae,Christensenellaceae_R-7_group,uncultured_Firmicutes_bacterium,Bacteria,Firmicutes,Clostridia,Lachnospirales,Lachnospiraceae,Eubacterium_hallii_group,None,0.006815968841285297
Bacteria,Firmicutes,Clostridia,Christensenellales,Christensenellaceae,Christensenellaceae_R-7_group,uncultured_Firmicutes_bacterium,Bacteria,Firmicutes,Clostridia,Lachnospirales,Lachnospiraceae,Eubacterium_ventriosum_group,metagenome,0.007789678675754625
Bacteria,Firmicutes,Clostridia,Christensenellales,Christensenellaceae,Christensenellaceae_R-7_group,uncultured_Firmicutes_bacterium,Bacteria,Firmicutes,Clostridia,Lachnospirales,Lachnospiraceae,Ruminococcus_gauvreauii_group,uncultured_Lachnospiraceae_bacterium,0.007789678675754625
Bacteria,Firmicutes,Clostridia,Christensenellales,Christensenellaceae,Christensenellaceae_R-7_group,uncultured_Firmicutes_bacterium,Bacteria,Firmicutes,Clostridia,Lachnospirales,Lachnospiraceae,Ruminococcus_gnavus_group,None,0.006815968841285297
Bacteria,Firmicutes,Clostridia,Christensenellales,Christensenellaceae,Christensenellaceae_R-7_group,uncultured_Firmicutes_bacterium,Bacteria,Firmicutes,Clostridia,Lachnospirales,Lachnospiraceae,Ruminococcus_torques_group,Clostridiaceae_bacterium_LEMV78,0.007789678675754625
Bacteria,Firmicutes,Clostridia,Christensenellales,Christensenellaceae,Christensenellaceae_R-7_group,uncultured_Firmicutes_bacterium,Bacteria,Firmicutes,Clostridia,Lachnospirales,Lachnospiraceae,Ruminococcus_torques_group,None,0.006815968841285297
Bacteria,Firmicutes,Clostridia,Christensenellales,Christensenellaceae,Christensenellaceae_R-7_group,uncultured_Firmicutes_bacterium,Bacteria,Firmicutes,Clostridia,Lachnospirales,Lachnospiraceae,None,None,0.005842259006815969
Bacteria,Firmicutes,Clostridia,Christensenellales,Christensenellaceae,Christensenellaceae_R-7_group,uncultured_Firmicutes_bacterium,Bacteria,Firmicutes,Clostridia,Lachnospirales,Lachnospiraceae,uncultured,None,0.006815968841285297
Bacteria,Firmicutes,Clostridia,Christensenellales,Christensenellaceae,Christensenellaceae_R-7_group,uncultured_Firmicutes_bacterium,Bacteria,Firmicutes,Clostridia,Monoglobales,Monoglobaceae,Monoglobus,None,0.006815968841285297
Bacteria,Firmicutes,Clostridia,Christensenellales,Christensenellaceae,Christensenellaceae_R-7_group,uncultured_Firmicutes_bacterium,Bacteria,Firmicutes,Clostridia,Oscillospirales,Butyricicoccaceae,Butyricicoccus,None,0.006815968841285297
Bacteria,Firmicutes,Clostridia,Christensenellales,Christensenellaceae,Christensenellaceae_R-7_group,uncultured_Firmicutes_bacterium,Bacteria,Firmicutes,Clostridia,Oscillospirales,Hydrogenoanaerobacterium,None,None,0.005842259006815969
Bacteria,Firmicutes,Clostridia,Christensenellales,Christensenellaceae,Christensenellaceae_R-7_group,uncultured_Firmicutes_bacterium,Bacteria,Firmicutes,Clostridia,Oscillospirales,Oscillospiraceae,Colidextribacter,None,0.006815968841285297
Bacteria,Firmicutes,Clostridia,Christensenellales,Christensenellaceae,Christensenellaceae_R-7_group,uncultured_Firmicutes_bacterium,Bacteria,Firmicutes,Clostridia,Oscillospirales,Oscillospiraceae,Colidextribacter,metagenome,0.007789678675754625
Bacteria,Firmicutes,Clostridia,Christensenellales,Christensenellaceae,Christensenellaceae_R-7_group,uncultured_Firmicutes_bacterium,Bacteria,Firmicutes,Clostridia,Oscillospirales,Oscillospiraceae,Flavonifractor,None,0.006815968841285297
Bacteria,Firmicutes,Clostridia,Christensenellales,Christensenellaceae,Christensenellaceae_R-7_group,uncultured_Firmicutes_bacterium,Bacteria,Firmicutes,Clostridia,Oscillospirales,Oscillospiraceae,Intestinimonas,None,0.006815968841285297
Bacteria,Firmicutes,Clostridia,Christensenellales,Christensenellaceae,Christensenellaceae_R-7_group,uncultured_Firmicutes_bacterium,Bacteria,Firmicutes,Clostridia,Oscillospirales,Oscillospiraceae,Intestinimonas,uncultured,0.007789678675754625
Bacteria,Firmicutes,Clostridia,Christensenellales,Christensenellaceae,Christensenellaceae_R-7_group,uncultured_Firmicutes_bacterium,Bacteria,Firmicutes,Clostridia,Oscillospirales,Oscillospiraceae,NK4A214_group,None,0.006815968841285297
Bacteria,Firmicutes,Clostridia,Christensenellales,Christensenellaceae,Christensenellaceae_R-7_group,uncultured_Firmicutes_bacterium,Bacteria,Firmicutes,Clostridia,Oscillospirales,Oscillospiraceae,Oscillibacter,None,0.006815968841285297
Bacteria,Firmicutes,Clostridia,Christensenellales,Christensenellaceae,Christensenellaceae_R-7_group,uncultured_Firmicutes_bacterium,Bacteria,Firmicutes,Clostridia,Oscillospirales,Oscillospiraceae,Oscillibacter,metagenome,0.007789678675754625
Bacteria,Firmicutes,Clostridia,Christensenellales,Christensenellaceae,Christensenellaceae_R-7_group,uncultured_Firmicutes_bacterium,Bacteria,Firmicutes,Clostridia,Oscillospirales,Oscillospiraceae,Oscillospira,None,0.006815968841285297
Bacteria,Firmicutes,Clostridia,Christensenellales,Christensenellaceae,Christensenellaceae_R-7_group,uncultured_Firmicutes_bacterium,Bacteria,Firmicutes,Clostridia,Oscillospirales,Oscillospiraceae,UCG-002,None,0.006815968841285297
Bacteria,Firmicutes,Clostridia,Christensenellales,Christensenellaceae,Christensenellaceae_R-7_group,uncultured_Firmicutes_bacterium,Bacteria,Firmicutes,Clostridia,Oscillospirales,Oscillospiraceae,UCG-003,None,0.006815968841285297
Bacteria,Firmicutes,Clostridia,Christensenellales,Christensenellaceae,Christensenellaceae_R-7_group,uncultured_Firmicutes_bacterium,Bacteria,Firmicutes,Clostridia,Oscillospirales,Oscillospiraceae,UCG-005,None,0.006815968841285297
Bacteria,Firmicutes,Clostridia,Christensenellales,Christensenellaceae,Christensenellaceae_R-7_group,uncultured_Firmicutes_bacterium,Bacteria,Firmicutes,Clostridia,Oscillospirales,Oscillospiraceae,UCG-005,metagenome,0.007789678675754625
Bacteria,Firmicutes,Clostridia,Christensenellales,Christensenellaceae,Christensenellaceae_R-7_group,uncultured_Firmicutes_bacterium,Bacteria,Firmicutes,Clostridia,Oscillospirales,Oscillospiraceae,UCG-005,uncultured_Clostridiales_bacterium,0.007789678675754625
Bacteria,Firmicutes,Clostridia,Christensenellales,Christensenellaceae,Christensenellaceae_R-7_group,uncultured_Firmicutes_bacterium,Bacteria,Firmicutes,Clostridia,Oscillospirales,Oscillospiraceae,UCG-005,uncultured_rumen_bacterium,0.007789678675754625
Bacteria,Firmicutes,Clostridia,Christensenellales,Christensenellaceae,Christensenellaceae_R-7_group,uncultured_Firmicutes_bacterium,Bacteria,Firmicutes,Clostridia,Oscillospirales,Oscillospiraceae,None,None,0.005842259006815969
Bacteria,Firmicutes,Clostridia,Christensenellales,Christensenellaceae,Christensenellaceae_R-7_group,uncultured_Firmicutes_bacterium,Bacteria,Firmicutes,Clostridia,Oscillospirales,Oscillospiraceae,uncultured,metagenome,0.007789678675754625
Bacteria,Firmicutes,Clostridia,Christensenellales,Christensenellaceae,Christensenellaceae_R-7_group,uncultured_Firmicutes_bacterium,Bacteria,Firmicutes,Clostridia,Oscillospirales,Oscillospiraceae,uncultured,unidentified,0.007789678675754625
Bacteria,Firmicutes,Clostridia,Christensenellales,Christensenellaceae,Christensenellaceae_R-7_group,uncultured_Firmicutes_bacterium,Bacteria,Firmicutes,Clostridia,Oscillospirales,Ruminococcaceae,Anaerofilum,uncultured_Firmicutes_bacterium,0.007789678675754625
Bacteria,Firmicutes,Clostridia,Christensenellales,Christensenellaceae,Christensenellaceae_R-7_group,uncultured_Firmicutes_bacterium,Bacteria,Firmicutes,Clostridia,Oscillospirales,Ruminococcaceae,Anaerotruncus,Anaerotruncus_rubiinfantis,0.007789678675754625
Bacteria,Firmicutes,Clostridia,Christensenellales,Christensenellaceae,Christensenellaceae_R-7_group,uncultured_Firmicutes_bacterium,Bacteria,Firmicutes,Clostridia,Oscillospirales,Ruminococcaceae,Anaerotruncus,Anaerotruncus_sp._NML_070203,0.007789678675754625
Bacteria,Firmicutes,Clostridia,Christensenellales,Christensenellaceae,Christensenellaceae_R-7_group,uncultured_Firmicutes_bacterium,Bacteria,Firmicutes,Clostridia,Oscillospirales,Ruminococcaceae,Candidatus_Soleaferrea,Neobitarella_massiliensis,0.007789678675754625
Bacteria,Firmicutes,Clostridia,Christensenellales,Christensenellaceae,Christensenellaceae_R-7_group,uncultured_Firmicutes_bacterium,Bacteria,Firmicutes,Clostridia,Oscillospirales,Ruminococcaceae,Candidatus_Soleaferrea,None,0.006815968841285297
Bacteria,Firmicutes,Clostridia,Christensenellales,Christensenellaceae,Christensenellaceae_R-7_group,uncultured_Firmicutes_bacterium,Bacteria,Firmicutes,Clostridia,Oscillospirales,Ruminococcaceae,DTU089,None,0.006815968841285297
Bacteria,Firmicutes,Clostridia,Christensenellales,Christensenellaceae,Christensenellaceae_R-7_group,uncultured_Firmicutes_bacterium,Bacteria,Firmicutes,Clostridia,Oscillospirales,Ruminococcaceae,Faecalibacterium,None,0.006815968841285297
Bacteria,Firmicutes,Clostridia,Christensenellales,Christensenellaceae,Christensenellaceae_R-7_group,uncultured_Firmicutes_bacterium,Bacteria,Firmicutes,Clostridia,Oscillospirales,Ruminococcaceae,Fournierella,uncultured_organism,0.007789678675754625
Bacteria,Firmicutes,Clostridia,Christensenellales,Christensenellaceae,Christensenellaceae_R-7_group,uncultured_Firmicutes_bacterium,Bacteria,Firmicutes,Clostridia,Oscillospirales,Ruminococcaceae,Incertae_Sedis,metagenome,0.007789678675754625
Bacteria,Firmicutes,Clostridia,Christensenellales,Christensenellaceae,Christensenellaceae_R-7_group,uncultured_Firmicutes_bacterium,Bacteria,Firmicutes,Clostridia,Oscillospirales,Ruminococcaceae,Incertae_Sedis,None,0.006815968841285297
Bacteria,Firmicutes,Clostridia,Christensenellales,Christensenellaceae,Christensenellaceae_R-7_group,uncultured_Firmicutes_bacterium,Bacteria,Firmicutes,Clostridia,Oscillospirales,Ruminococcaceae,Negativibacillus,None,0.006815968841285297
Bacteria,Firmicutes,Clostridia,Christensenellales,Christensenellaceae,Christensenellaceae_R-7_group,uncultured_Firmicutes_bacterium,Bacteria,Firmicutes,Clostridia,Oscillospirales,Ruminococcaceae,Ruminococcus,Ruminococcus_champanellensis,0.007789678675754625
Bacteria,Firmicutes,Clostridia,Christensenellales,Christensenellaceae,Christensenellaceae_R-7_group,uncultured_Firmicutes_bacterium,Bacteria,Firmicutes,Clostridia,Oscillospirales,Ruminococcaceae,Ruminococcus,None,0.006815968841285297
Bacteria,Firmicutes,Clostridia,Christensenellales,Christensenellaceae,Christensenellaceae_R-7_group,uncultured_Firmicutes_bacterium,Bacteria,Firmicutes,Clostridia,Oscillospirales,Ruminococcaceae,Subdoligranulum,None,0.006815968841285297
Bacteria,Firmicutes,Clostridia,Christensenellales,Christensenellaceae,Christensenellaceae_R-7_group,uncultured_Firmicutes_bacterium,Bacteria,Firmicutes,Clostridia,Oscillospirales,Ruminococcaceae,UBA1819,None,0.006815968841285297
Bacteria,Firmicutes,Clostridia,Christensenellales,Christensenellaceae,Christensenellaceae_R-7_group,uncultured_Firmicutes_bacterium,Bacteria,Firmicutes,Clostridia,Oscillospirales,Ruminococcaceae,Eubacterium_siraeum_group,None,0.006815968841285297
Bacteria,Firmicutes,Clostridia,Christensenellales,Christensenellaceae,Christensenellaceae_R-7_group,uncultured_Firmicutes_bacterium,Bacteria,Firmicutes,Clostridia,Oscillospirales,Ruminococcaceae,None,None,0.005842259006815969
Bacteria,Firmicutes,Clostridia,Christensenellales,Christensenellaceae,Christensenellaceae_R-7_group,uncultured_Firmicutes_bacterium,Bacteria,Firmicutes,Clostridia,Oscillospirales,UCG-010,None,None,0.005842259006815969
Bacteria,Firmicutes,Clostridia,Christensenellales,Christensenellaceae,Christensenellaceae_R-7_group,uncultured_Firmicutes_bacterium,Bacteria,Firmicutes,Clostridia,Oscillospirales,UCG-010,metagenome,None,0.006815968841285297
Bacteria,Firmicutes,Clostridia,Christensenellales,Christensenellaceae,Christensenellaceae_R-7_group,uncultured_Firmicutes_bacterium,Bacteria,Firmicutes,Clostridia,Oscillospirales,UCG-010,uncultured_bacterium,None,0.006815968841285297
Bacteria,Firmicutes,Clostridia,Christensenellales,Christensenellaceae,Christensenellaceae_R-7_group,uncultured_Firmicutes_bacterium,Bacteria,Firmicutes,Clostridia,Oscillospirales,UCG-010,uncultured_organism,None,0.006815968841285297
Bacteria,Firmicutes,Clostridia,Christensenellales,Christensenellaceae,Christensenellaceae_R-7_group,uncultured_Firmicutes_bacterium,Bacteria,Firmicutes,Clostridia,Oscillospirales,Clostridium_methylpentosum_group,None,None,0.005842259006815969
Bacteria,Firmicutes,Clostridia,Christensenellales,Christensenellaceae,Christensenellaceae_R-7_group,uncultured_Firmicutes_bacterium,Bacteria,Firmicutes,Clostridia,Oscillospirales,Eubacterium_coprostanoligenes_group,None,None,0.005842259006815969
Bacteria,Firmicutes,Clostridia,Christensenellales,Christensenellaceae,Christensenellaceae_R-7_group,uncultured_Firmicutes_bacterium,Bacteria,Firmicutes,Clostridia,Oscillospirales,None,None,None,0.004868549172346641
Bacteria,Firmicutes,Clostridia,Christensenellales,Christensenellaceae,Christensenellaceae_R-7_group,uncultured_Firmicutes_bacterium,Bacteria,Firmicutes,Clostridia,Peptococcales,Peptococcaceae,uncultured,None,0.006815968841285297
Bacteria,Firmicutes,Clostridia,Christensenellales,Christensenellaceae,Christensenellaceae_R-7_group,uncultured_Firmicutes_bacterium,Bacteria,Firmicutes,Clostridia,Peptostreptococcales-Tissierellales,Anaerovoracaceae,Family_XIII_AD3011_group,metagenome,0.007789678675754625
Bacteria,Firmicutes,Clostridia,Christensenellales,Christensenellaceae,Christensenellaceae_R-7_group,uncultured_Firmicutes_bacterium,Bacteria,Firmicutes,Clostridia,Peptostreptococcales-Tissierellales,Anaerovoracaceae,Family_XIII_AD3011_group,None,0.006815968841285297
Bacteria,Firmicutes,Clostridia,Christensenellales,Christensenellaceae,Christensenellaceae_R-7_group,uncultured_Firmicutes_bacterium,Bacteria,Firmicutes,Clostridia,Peptostreptococcales-Tissierellales,Anaerovoracaceae,Family_XIII_AD3011_group,uncultured,0.007789678675754625
Bacteria,Firmicutes,Clostridia,Christensenellales,Christensenellaceae,Christensenellaceae_R-7_group,uncultured_Firmicutes_bacterium,Bacteria,Firmicutes,Clostridia,Peptostreptococcales-Tissierellales,Anaerovoracaceae,Family_XIII_UCG-001,metagenome,0.007789678675754625
Bacteria,Firmicutes,Clostridia,Christensenellales,Christensenellaceae,Christensenellaceae_R-7_group,uncultured_Firmicutes_bacterium,Bacteria,Firmicutes,Clostridia,Peptostreptococcales-Tissierellales,Anaerovoracaceae,Eubacterium_nodatum_group,None,0.006815968841285297
Bacteria,Firmicutes,Clostridia,Christensenellales,Christensenellaceae,Christensenellaceae_R-7_group,uncultured_Firmicutes_bacterium,Bacteria,Firmicutes,Clostridia,Peptostreptococcales-Tissierellales,Anaerovoracaceae,None,None,0.005842259006815969
Bacteria,Firmicutes,Clostridia,Christensenellales,Christensenellaceae,Christensenellaceae_R-7_group,uncultured_Firmicutes_bacterium,Bacteria,Firmicutes,Clostridia,Peptostreptococcales-Tissierellales,Parvimonas,None,None,0.005842259006815969
Bacteria,Firmicutes,Clostridia,Christensenellales,Christensenellaceae,Christensenellaceae_R-7_group,uncultured_Firmicutes_bacterium,Bacteria,Firmicutes,Clostridia,None,None,None,None,0.0038948393378773127
Bacteria,Firmicutes,Clostridia,Christensenellales,Christensenellaceae,Christensenellaceae_R-7_group,uncultured_Firmicutes_bacterium,Bacteria,Firmicutes,Incertae_Sedis,DTU014,unidentified,None,None,0.007789678675754625
Bacteria,Firmicutes,Clostridia,Christensenellales,Christensenellaceae,Christensenellaceae_R-7_group,uncultured_Firmicutes_bacterium,Bacteria,Firmicutes,Limnochordia,M55-D21,uncultured_compost_bacterium,None,None,0.007789678675754625
Bacteria,Firmicutes,Clostridia,Christensenellales,Christensenellaceae,Christensenellaceae_R-7_group,uncultured_Firmicutes_bacterium,Bacteria,Firmicutes,Negativicutes,Acidaminococcales,Acidaminococcaceae,Phascolarctobacterium,None,0.008763388510223954
Bacteria,Firmicutes,Clostridia,Christensenellales,Christensenellaceae,Christensenellaceae_R-7_group,uncultured_Firmicutes_bacterium,Bacteria,Firmicutes,None,None,None,None,None,0.004868549172346641
Bacteria,Firmicutes,Clostridia,Christensenellales,Christensenellaceae,Christensenellaceae_R-7_group,uncultured_Firmicutes_bacterium,Bacteria,Firmicutes,uncultured,uncultured_Peptococcaceae_bacterium,None,None,None,0.006815968841285297
Bacteria,Firmicutes,Clostridia,Christensenellales,Christensenellaceae,Christensenellaceae_R-7_group,uncultured_Firmicutes_bacterium,Bacteria,Proteobacteria,Alphaproteobacteria,Rhodospirillales,uncultured,None,None,0.009737098344693282
Bacteria,Firmicutes,Clostridia,Christensenellales,Christensenellaceae,Christensenellaceae_R-7_group,uncultured_Firmicutes_bacterium,Bacteria,Proteobacteria,Gammaproteobacteria,Burkholderiales,Sutterellaceae,Sutterella,Sutterella_sp._252,0.011684518013631937
Bacteria,Firmicutes,Clostridia,Christensenellales,Christensenellaceae,Christensenellaceae_R-7_group,uncultured_Firmicutes_bacterium,Bacteria,Proteobacteria,Gammaproteobacteria,Enterobacterales,Enterobacteriaceae,Escherichia-Shigella,None,0.010710808179162609
Bacteria,Firmicutes,Clostridia,Christensenellales,Christensenellaceae,Christensenellaceae_R-7_group,uncultured_Firmicutes_bacterium,Bacteria,Proteobacteria,Gammaproteobacteria,Enterobacterales,Enterobacteriaceae,Klebsiella,None,0.010710808179162609
Bacteria,Firmicutes,Clostridia,Christensenellales,Christensenellaceae,Christensenellaceae_R-7_group,uncultured_Firmicutes_bacterium,Bacteria,Proteobacteria,Gammaproteobacteria,Enterobacterales,Enterobacteriaceae,None,None,0.009737098344693282
Bacteria,Firmicutes,Clostridia,Christensenellales,Christensenellaceae,Christensenellaceae_R-7_group,uncultured_Firmicutes_bacterium,Bacteria,Proteobacteria,Gammaproteobacteria,Pseudomonadales,Pseudomonadaceae,Pseudomonas,None,0.010710808179162609
Bacteria,Firmicutes,Clostridia,Christensenellales,Christensenellaceae,Christensenellaceae_R-7_group,uncultured_Firmicutes_bacterium,Bacteria,Synergistota,Synergistia,Synergistales,Synergistaceae,Cloacibacillus,None,0.010710808179162609
Bacteria,Firmicutes,Clostridia,Christensenellales,Christensenellaceae,Christensenellaceae_R-7_group,uncultured_Firmicutes_bacterium,Bacteria,Verrucomicrobiota,Verrucomicrobiae,Verrucomicrobiales,Akkermansiaceae,Akkermansia,None,0.010710808179162609
Bacteria,Firmicutes,Clostridia,Christensenellales,Christensenellaceae,Christensenellaceae_R-7_group,uncultured_marine_bacterium,Bacteria,Firmicutes,Clostridia,Christensenellales,Christensenellaceae,Christensenellaceae_R-7_group,uncultured_organism,0.0019474196689386564
Bacteria,Firmicutes,Clostridia,Christensenellales,Christensenellaceae,Christensenellaceae_R-7_group,uncultured_marine_bacterium,Bacteria,Firmicutes,Clostridia,Christensenellales,Christensenellaceae,None,None,0.0029211295034079843
Bacteria,Firmicutes,Clostridia,Christensenellales,Christensenellaceae,Christensenellaceae_R-7_group,uncultured_marine_bacterium,Bacteria,Firmicutes,Clostridia,Clostridia_vadinBB60_group,metagenome,None,None,0.005842259006815969
Bacteria,Firmicutes,Clostridia,Christensenellales,Christensenellaceae,Christensenellaceae_R-7_group,uncultured_marine_bacterium,Bacteria,Firmicutes,Clostridia,Clostridia_vadinBB60_group,wastewater_metagenome,None,None,0.005842259006815969
Bacteria,Firmicutes,Clostridia,Christensenellales,Christensenellaceae,Christensenellaceae_R-7_group,uncultured_marine_bacterium,Bacteria,Firmicutes,Clostridia,Clostridiales,Christensenellaceae,Christensenella,PAC001427,0.007789678675754625
Bacteria,Firmicutes,Clostridia,Christensenellales,Christensenellaceae,Christensenellaceae_R-7_group,uncultured_marine_bacterium,Bacteria,Firmicutes,Clostridia,Clostridiales,Christensenellaceae,Christensenella,PAC002297,0.007789678675754625
Bacteria,Firmicutes,Clostridia,Christensenellales,Christensenellaceae,Christensenellaceae_R-7_group,uncultured_marine_bacterium,Bacteria,Firmicutes,Clostridia,Clostridiales,Christensenellaceae,PAC001115,PAC001444,0.007789678675754625
Bacteria,Firmicutes,Clostridia,Christensenellales,Christensenellaceae,Christensenellaceae_R-7_group,uncultured_marine_bacterium,Bacteria,Firmicutes,Clostridia,Clostridiales,Christensenellaceae,PAC001437,PAC001486,0.007789678675754625
Bacteria,Firmicutes,Clostridia,Christensenellales,Christensenellaceae,Christensenellaceae_R-7_group,uncultured_marine_bacterium,Bacteria,Firmicutes,Clostridia,Clostridiales,Christensenellaceae,PAC001437,PAC002305,0.007789678675754625
Bacteria,Firmicutes,Clostridia,Christensenellales,Christensenellaceae,Christensenellaceae_R-7_group,uncultured_marine_bacterium,Bacteria,Firmicutes,Clostridia,Clostridiales,Christensenellaceae,PAC002510,PAC002510,0.007789678675754625
Bacteria,Firmicutes,Clostridia,Christensenellales,Christensenellaceae,Christensenellaceae_R-7_group,uncultured_marine_bacterium,Bacteria,Firmicutes,Clostridia,Clostridiales,Dehalobacterium,PAC002141,PAC002141,0.007789678675754625
Bacteria,Firmicutes,Clostridia,Christensenellales,Christensenellaceae,Christensenellaceae_R-7_group,uncultured_marine_bacterium,Bacteria,Firmicutes,Clostridia,Clostridiales,Ruminococcaceae,PAC000742,PAC000742,0.007789678675754625
Bacteria,Firmicutes,Clostridia,Christensenellales,Christensenellaceae,Christensenellaceae_R-7_group,uncultured_marine_bacterium,Bacteria,Firmicutes,Clostridia,Clostridiales,Ruminococcaceae,PAC001144,PAC001620,0.007789678675754625
Bacteria,Firmicutes,Clostridia,Christensenellales,Christensenellaceae,Christensenellaceae_R-7_group,uncultured_marine_bacterium,Bacteria,Firmicutes,Clostridia,Clostridiales,Ruminococcaceae,PAC001313,PAC001649,0.007789678675754625
Bacteria,Firmicutes,Clostridia,Christensenellales,Christensenellaceae,Christensenellaceae_R-7_group,uncultured_marine_bacterium,Bacteria,Firmicutes,Clostridia,Clostridiales,Ruminococcaceae,PAC002201,PAC002201,0.007789678675754625
Bacteria,Firmicutes,Clostridia,Christensenellales,Christensenellaceae,Christensenellaceae_R-7_group,uncultured_marine_bacterium,Bacteria,Firmicutes,Clostridia,Eubacteriales,Eubacteriaceae,Eubacterium,None,0.006815968841285297
Bacteria,Firmicutes,Clostridia,Christensenellales,Christensenellaceae,Christensenellaceae_R-7_group,uncultured_marine_bacterium,Bacteria,Firmicutes,Clostridia,Lachnospirales,Lachnospiraceae,Agathobacter,None,0.006815968841285297
Bacteria,Firmicutes,Clostridia,Christensenellales,Christensenellaceae,Christensenellaceae_R-7_group,uncultured_marine_bacterium,Bacteria,Firmicutes,Clostridia,Lachnospirales,Lachnospiraceae,Anaerostipes,None,0.006815968841285297
Bacteria,Firmicutes,Clostridia,Christensenellales,Christensenellaceae,Christensenellaceae_R-7_group,uncultured_marine_bacterium,Bacteria,Firmicutes,Clostridia,Lachnospirales,Lachnospiraceae,Blautia,None,0.006815968841285297
Bacteria,Firmicutes,Clostridia,Christensenellales,Christensenellaceae,Christensenellaceae_R-7_group,uncultured_marine_bacterium,Bacteria,Firmicutes,Clostridia,Lachnospirales,Lachnospiraceae,Blautia,bacterium_mpn-isolate_group_20,0.007789678675754625
Bacteria,Firmicutes,Clostridia,Christensenellales,Christensenellaceae,Christensenellaceae_R-7_group,uncultured_marine_bacterium,Bacteria,Firmicutes,Clostridia,Lachnospirales,Lachnospiraceae,Blautia,uncultured_Blautia_sp.,0.007789678675754625
Bacteria,Firmicutes,Clostridia,Christensenellales,Christensenellaceae,Christensenellaceae_R-7_group,uncultured_marine_bacterium,Bacteria,Firmicutes,Clostridia,Lachnospirales,Lachnospiraceae,Coprococcus,None,0.006815968841285297
Bacteria,Firmicutes,Clostridia,Christensenellales,Christensenellaceae,Christensenellaceae_R-7_group,uncultured_marine_bacterium,Bacteria,Firmicutes,Clostridia,Lachnospirales,Lachnospiraceae,Coprococcus,uncultured_Coprococcus_sp.,0.007789678675754625
Bacteria,Firmicutes,Clostridia,Christensenellales,Christensenellaceae,Christensenellaceae_R-7_group,uncultured_marine_bacterium,Bacteria,Firmicutes,Clostridia,Lachnospirales,Lachnospiraceae,Dorea,None,0.006815968841285297
Bacteria,Firmicutes,Clostridia,Christensenellales,Christensenellaceae,Christensenellaceae_R-7_group,uncultured_marine_bacterium,Bacteria,Firmicutes,Clostridia,Lachnospirales,Lachnospiraceae,Eisenbergiella,None,0.006815968841285297
Bacteria,Firmicutes,Clostridia,Christensenellales,Christensenellaceae,Christensenellaceae_R-7_group,uncultured_marine_bacterium,Bacteria,Firmicutes,Clostridia,Lachnospirales,Lachnospiraceae,Frisingicoccus,None,0.006815968841285297
Bacteria,Firmicutes,Clostridia,Christensenellales,Christensenellaceae,Christensenellaceae_R-7_group,uncultured_marine_bacterium,Bacteria,Firmicutes,Clostridia,Lachnospirales,Lachnospiraceae,Fusicatenibacter,uncultured_Lachnospiraceae_bacterium,0.007789678675754625
Bacteria,Firmicutes,Clostridia,Christensenellales,Christensenellaceae,Christensenellaceae_R-7_group,uncultured_marine_bacterium,Bacteria,Firmicutes,Clostridia,Lachnospirales,Lachnospiraceae,GCA-900066575,None,0.006815968841285297
Bacteria,Firmicutes,Clostridia,Christensenellales,Christensenellaceae,Christensenellaceae_R-7_group,uncultured_marine_bacterium,Bacteria,Firmicutes,Clostridia,Lachnospirales,Lachnospiraceae,GCA-900066575,metagenome,0.007789678675754625
Bacteria,Firmicutes,Clostridia,Christensenellales,Christensenellaceae,Christensenellaceae_R-7_group,uncultured_marine_bacterium,Bacteria,Firmicutes,Clostridia,Lachnospirales,Lachnospiraceae,GCA-900066755,None,0.006815968841285297
Bacteria,Firmicutes,Clostridia,Christensenellales,Christensenellaceae,Christensenellaceae_R-7_group,uncultured_marine_bacterium,Bacteria,Firmicutes,Clostridia,Lachnospirales,Lachnospiraceae,Hungatella,metagenome,0.007789678675754625
Bacteria,Firmicutes,Clostridia,Christensenellales,Christensenellaceae,Christensenellaceae_R-7_group,uncultured_marine_bacterium,Bacteria,Firmicutes,Clostridia,Lachnospirales,Lachnospiraceae,Lachnoclostridium,Clostridium_symbiosum,0.007789678675754625
Bacteria,Firmicutes,Clostridia,Christensenellales,Christensenellaceae,Christensenellaceae_R-7_group,uncultured_marine_bacterium,Bacteria,Firmicutes,Clostridia,Lachnospirales,Lachnospiraceae,Lachnoclostridium,None,0.006815968841285297
Bacteria,Firmicutes,Clostridia,Christensenellales,Christensenellaceae,Christensenellaceae_R-7_group,uncultured_marine_bacterium,Bacteria,Firmicutes,Clostridia,Lachnospirales,Lachnospiraceae,Lachnoclostridium,uncultured_Lachnospiraceae_bacterium,0.007789678675754625
Bacteria,Firmicutes,Clostridia,Christensenellales,Christensenellaceae,Christensenellaceae_R-7_group,uncultured_marine_bacterium,Bacteria,Firmicutes,Clostridia,Lachnospirales,Lachnospiraceae,Lachnospiraceae_ND3007_group,metagenome,0.007789678675754625
Bacteria,Firmicutes,Clostridia,Christensenellales,Christensenellaceae,Christensenellaceae_R-7_group,uncultured_marine_bacterium,Bacteria,Firmicutes,Clostridia,Lachnospirales,Lachnospiraceae,Lachnospiraceae_NK4A136_group,None,0.006815968841285297
Bacteria,Firmicutes,Clostridia,Christensenellales,Christensenellaceae,Christensenellaceae_R-7_group,uncultured_marine_bacterium,Bacteria,Firmicutes,Clostridia,Lachnospirales,Lachnospiraceae,Lachnospiraceae_NK4A136_group,uncultured_Lachnospiraceae_bacterium,0.007789678675754625
Bacteria,Firmicutes,Clostridia,Christensenellales,Christensenellaceae,Christensenellaceae_R-7_group,uncultured_marine_bacterium,Bacteria,Firmicutes,Clostridia,Lachnospirales,Lachnospiraceae,Lachnospiraceae_NK4A136_group,uncultured_bacterium_Adhufec49.25,0.007789678675754625
Bacteria,Firmicutes,Clostridia,Christensenellales,Christensenellaceae,Christensenellaceae_R-7_group,uncultured_marine_bacterium,Bacteria,Firmicutes,Clostridia,Lachnospirales,Lachnospiraceae,Lachnospiraceae_NK4B4_group,None,0.006815968841285297
Bacteria,Firmicutes,Clostridia,Christensenellales,Christensenellaceae,Christensenellaceae_R-7_group,uncultured_marine_bacterium,Bacteria,Firmicutes,Clostridia,Lachnospirales,Lachnospiraceae,Lachnospiraceae_UCG-001,metagenome,0.007789678675754625
Bacteria,Firmicutes,Clostridia,Christensenellales,Christensenellaceae,Christensenellaceae_R-7_group,uncultured_marine_bacterium,Bacteria,Firmicutes,Clostridia,Lachnospirales,Lachnospiraceae,Lachnospiraceae_UCG-004,None,0.006815968841285297
Bacteria,Firmicutes,Clostridia,Christensenellales,Christensenellaceae,Christensenellaceae_R-7_group,uncultured_marine_bacterium,Bacteria,Firmicutes,Clostridia,Lachnospirales,Lachnospiraceae,Lachnospiraceae_UCG-008,metagenome,0.007789678675754625
Bacteria,Firmicutes,Clostridia,Christensenellales,Christensenellaceae,Christensenellaceae_R-7_group,uncultured_marine_bacterium,Bacteria,Firmicutes,Clostridia,Lachnospirales,Lachnospiraceae,Lachnospiraceae_UCG-010,None,0.006815968841285297
Bacteria,Firmicutes,Clostridia,Christensenellales,Christensenellaceae,Christensenellaceae_R-7_group,uncultured_marine_bacterium,Bacteria,Firmicutes,Clostridia,Lachnospirales,Lachnospiraceae,Marvinbryantia,None,0.006815968841285297
Bacteria,Firmicutes,Clostridia,Christensenellales,Christensenellaceae,Christensenellaceae_R-7_group,uncultured_marine_bacterium,Bacteria,Firmicutes,Clostridia,Lachnospirales,Lachnospiraceae,Marvinbryantia,unidentified,0.007789678675754625
Bacteria,Firmicutes,Clostridia,Christensenellales,Christensenellaceae,Christensenellaceae_R-7_group,uncultured_marine_bacterium,Bacteria,Firmicutes,Clostridia,Lachnospirales,Lachnospiraceae,Roseburia,None,0.006815968841285297
Bacteria,Firmicutes,Clostridia,Christensenellales,Christensenellaceae,Christensenellaceae_R-7_group,uncultured_marine_bacterium,Bacteria,Firmicutes,Clostridia,Lachnospirales,Lachnospiraceae,Roseburia,gut_metagenome,0.007789678675754625
Bacteria,Firmicutes,Clostridia,Christensenellales,Christensenellaceae,Christensenellaceae_R-7_group,uncultured_marine_bacterium,Bacteria,Firmicutes,Clostridia,Lachnospirales,Lachnospiraceae,Tuzzerella,None,0.006815968841285297
Bacteria,Firmicutes,Clostridia,Christensenellales,Christensenellaceae,Christensenellaceae_R-7_group,uncultured_marine_bacterium,Bacteria,Firmicutes,Clostridia,Lachnospirales,Lachnospiraceae,Tyzzerella,None,0.006815968841285297
Bacteria,Firmicutes,Clostridia,Christensenellales,Christensenellaceae,Christensenellaceae_R-7_group,uncultured_marine_bacterium,Bacteria,Firmicutes,Clostridia,Lachnospirales,Lachnospiraceae,Eubacterium_hallii_group,None,0.006815968841285297
Bacteria,Firmicutes,Clostridia,Christensenellales,Christensenellaceae,Christensenellaceae_R-7_group,uncultured_marine_bacterium,Bacteria,Firmicutes,Clostridia,Lachnospirales,Lachnospiraceae,Eubacterium_ventriosum_group,metagenome,0.007789678675754625
Bacteria,Firmicutes,Clostridia,Christensenellales,Christensenellaceae,Christensenellaceae_R-7_group,uncultured_marine_bacterium,Bacteria,Firmicutes,Clostridia,Lachnospirales,Lachnospiraceae,Ruminococcus_gauvreauii_group,uncultured_Lachnospiraceae_bacterium,0.007789678675754625
Bacteria,Firmicutes,Clostridia,Christensenellales,Christensenellaceae,Christensenellaceae_R-7_group,uncultured_marine_bacterium,Bacteria,Firmicutes,Clostridia,Lachnospirales,Lachnospiraceae,Ruminococcus_gnavus_group,None,0.006815968841285297
Bacteria,Firmicutes,Clostridia,Christensenellales,Christensenellaceae,Christensenellaceae_R-7_group,uncultured_marine_bacterium,Bacteria,Firmicutes,Clostridia,Lachnospirales,Lachnospiraceae,Ruminococcus_torques_group,Clostridiaceae_bacterium_LEMV78,0.007789678675754625
Bacteria,Firmicutes,Clostridia,Christensenellales,Christensenellaceae,Christensenellaceae_R-7_group,uncultured_marine_bacterium,Bacteria,Firmicutes,Clostridia,Lachnospirales,Lachnospiraceae,Ruminococcus_torques_group,None,0.006815968841285297
Bacteria,Firmicutes,Clostridia,Christensenellales,Christensenellaceae,Christensenellaceae_R-7_group,uncultured_marine_bacterium,Bacteria,Firmicutes,Clostridia,Lachnospirales,Lachnospiraceae,None,None,0.005842259006815969
Bacteria,Firmicutes,Clostridia,Christensenellales,Christensenellaceae,Christensenellaceae_R-7_group,uncultured_marine_bacterium,Bacteria,Firmicutes,Clostridia,Lachnospirales,Lachnospiraceae,uncultured,None,0.006815968841285297
Bacteria,Firmicutes,Clostridia,Christensenellales,Christensenellaceae,Christensenellaceae_R-7_group,uncultured_marine_bacterium,Bacteria,Firmicutes,Clostridia,Monoglobales,Monoglobaceae,Monoglobus,None,0.006815968841285297
Bacteria,Firmicutes,Clostridia,Christensenellales,Christensenellaceae,Christensenellaceae_R-7_group,uncultured_marine_bacterium,Bacteria,Firmicutes,Clostridia,Oscillospirales,Butyricicoccaceae,Butyricicoccus,None,0.006815968841285297
Bacteria,Firmicutes,Clostridia,Christensenellales,Christensenellaceae,Christensenellaceae_R-7_group,uncultured_marine_bacterium,Bacteria,Firmicutes,Clostridia,Oscillospirales,Hydrogenoanaerobacterium,None,None,0.005842259006815969
Bacteria,Firmicutes,Clostridia,Christensenellales,Christensenellaceae,Christensenellaceae_R-7_group,uncultured_marine_bacterium,Bacteria,Firmicutes,Clostridia,Oscillospirales,Oscillospiraceae,Colidextribacter,None,0.006815968841285297
Bacteria,Firmicutes,Clostridia,Christensenellales,Christensenellaceae,Christensenellaceae_R-7_group,uncultured_marine_bacterium,Bacteria,Firmicutes,Clostridia,Oscillospirales,Oscillospiraceae,Colidextribacter,metagenome,0.007789678675754625
Bacteria,Firmicutes,Clostridia,Christensenellales,Christensenellaceae,Christensenellaceae_R-7_group,uncultured_marine_bacterium,Bacteria,Firmicutes,Clostridia,Oscillospirales,Oscillospiraceae,Flavonifractor,None,0.006815968841285297
Bacteria,Firmicutes,Clostridia,Christensenellales,Christensenellaceae,Christensenellaceae_R-7_group,uncultured_marine_bacterium,Bacteria,Firmicutes,Clostridia,Oscillospirales,Oscillospiraceae,Intestinimonas,None,0.006815968841285297
Bacteria,Firmicutes,Clostridia,Christensenellales,Christensenellaceae,Christensenellaceae_R-7_group,uncultured_marine_bacterium,Bacteria,Firmicutes,Clostridia,Oscillospirales,Oscillospiraceae,Intestinimonas,uncultured,0.007789678675754625
Bacteria,Firmicutes,Clostridia,Christensenellales,Christensenellaceae,Christensenellaceae_R-7_group,uncultured_marine_bacterium,Bacteria,Firmicutes,Clostridia,Oscillospirales,Oscillospiraceae,NK4A214_group,None,0.006815968841285297
Bacteria,Firmicutes,Clostridia,Christensenellales,Christensenellaceae,Christensenellaceae_R-7_group,uncultured_marine_bacterium,Bacteria,Firmicutes,Clostridia,Oscillospirales,Oscillospiraceae,Oscillibacter,None,0.006815968841285297
Bacteria,Firmicutes,Clostridia,Christensenellales,Christensenellaceae,Christensenellaceae_R-7_group,uncultured_marine_bacterium,Bacteria,Firmicutes,Clostridia,Oscillospirales,Oscillospiraceae,Oscillibacter,metagenome,0.007789678675754625
Bacteria,Firmicutes,Clostridia,Christensenellales,Christensenellaceae,Christensenellaceae_R-7_group,uncultured_marine_bacterium,Bacteria,Firmicutes,Clostridia,Oscillospirales,Oscillospiraceae,Oscillospira,None,0.006815968841285297
Bacteria,Firmicutes,Clostridia,Christensenellales,Christensenellaceae,Christensenellaceae_R-7_group,uncultured_marine_bacterium,Bacteria,Firmicutes,Clostridia,Oscillospirales,Oscillospiraceae,UCG-002,None,0.006815968841285297
Bacteria,Firmicutes,Clostridia,Christensenellales,Christensenellaceae,Christensenellaceae_R-7_group,uncultured_marine_bacterium,Bacteria,Firmicutes,Clostridia,Oscillospirales,Oscillospiraceae,UCG-003,None,0.006815968841285297
Bacteria,Firmicutes,Clostridia,Christensenellales,Christensenellaceae,Christensenellaceae_R-7_group,uncultured_marine_bacterium,Bacteria,Firmicutes,Clostridia,Oscillospirales,Oscillospiraceae,UCG-005,None,0.006815968841285297
Bacteria,Firmicutes,Clostridia,Christensenellales,Christensenellaceae,Christensenellaceae_R-7_group,uncultured_marine_bacterium,Bacteria,Firmicutes,Clostridia,Oscillospirales,Oscillospiraceae,UCG-005,metagenome,0.007789678675754625
Bacteria,Firmicutes,Clostridia,Christensenellales,Christensenellaceae,Christensenellaceae_R-7_group,uncultured_marine_bacterium,Bacteria,Firmicutes,Clostridia,Oscillospirales,Oscillospiraceae,UCG-005,uncultured_Clostridiales_bacterium,0.007789678675754625
Bacteria,Firmicutes,Clostridia,Christensenellales,Christensenellaceae,Christensenellaceae_R-7_group,uncultured_marine_bacterium,Bacteria,Firmicutes,Clostridia,Oscillospirales,Oscillospiraceae,UCG-005,uncultured_rumen_bacterium,0.007789678675754625
Bacteria,Firmicutes,Clostridia,Christensenellales,Christensenellaceae,Christensenellaceae_R-7_group,uncultured_marine_bacterium,Bacteria,Firmicutes,Clostridia,Oscillospirales,Oscillospiraceae,None,None,0.005842259006815969
Bacteria,Firmicutes,Clostridia,Christensenellales,Christensenellaceae,Christensenellaceae_R-7_group,uncultured_marine_bacterium,Bacteria,Firmicutes,Clostridia,Oscillospirales,Oscillospiraceae,uncultured,metagenome,0.007789678675754625
Bacteria,Firmicutes,Clostridia,Christensenellales,Christensenellaceae,Christensenellaceae_R-7_group,uncultured_marine_bacterium,Bacteria,Firmicutes,Clostridia,Oscillospirales,Oscillospiraceae,uncultured,unidentified,0.007789678675754625
Bacteria,Firmicutes,Clostridia,Christensenellales,Christensenellaceae,Christensenellaceae_R-7_group,uncultured_marine_bacterium,Bacteria,Firmicutes,Clostridia,Oscillospirales,Ruminococcaceae,Anaerofilum,uncultured_Firmicutes_bacterium,0.007789678675754625
Bacteria,Firmicutes,Clostridia,Christensenellales,Christensenellaceae,Christensenellaceae_R-7_group,uncultured_marine_bacterium,Bacteria,Firmicutes,Clostridia,Oscillospirales,Ruminococcaceae,Anaerotruncus,Anaerotruncus_rubiinfantis,0.007789678675754625
Bacteria,Firmicutes,Clostridia,Christensenellales,Christensenellaceae,Christensenellaceae_R-7_group,uncultured_marine_bacterium,Bacteria,Firmicutes,Clostridia,Oscillospirales,Ruminococcaceae,Anaerotruncus,Anaerotruncus_sp._NML_070203,0.007789678675754625
Bacteria,Firmicutes,Clostridia,Christensenellales,Christensenellaceae,Christensenellaceae_R-7_group,uncultured_marine_bacterium,Bacteria,Firmicutes,Clostridia,Oscillospirales,Ruminococcaceae,Candidatus_Soleaferrea,Neobitarella_massiliensis,0.007789678675754625
Bacteria,Firmicutes,Clostridia,Christensenellales,Christensenellaceae,Christensenellaceae_R-7_group,uncultured_marine_bacterium,Bacteria,Firmicutes,Clostridia,Oscillospirales,Ruminococcaceae,Candidatus_Soleaferrea,None,0.006815968841285297
Bacteria,Firmicutes,Clostridia,Christensenellales,Christensenellaceae,Christensenellaceae_R-7_group,uncultured_marine_bacterium,Bacteria,Firmicutes,Clostridia,Oscillospirales,Ruminococcaceae,DTU089,None,0.006815968841285297
Bacteria,Firmicutes,Clostridia,Christensenellales,Christensenellaceae,Christensenellaceae_R-7_group,uncultured_marine_bacterium,Bacteria,Firmicutes,Clostridia,Oscillospirales,Ruminococcaceae,Faecalibacterium,None,0.006815968841285297
Bacteria,Firmicutes,Clostridia,Christensenellales,Christensenellaceae,Christensenellaceae_R-7_group,uncultured_marine_bacterium,Bacteria,Firmicutes,Clostridia,Oscillospirales,Ruminococcaceae,Fournierella,uncultured_organism,0.007789678675754625
Bacteria,Firmicutes,Clostridia,Christensenellales,Christensenellaceae,Christensenellaceae_R-7_group,uncultured_marine_bacterium,Bacteria,Firmicutes,Clostridia,Oscillospirales,Ruminococcaceae,Incertae_Sedis,metagenome,0.007789678675754625
Bacteria,Firmicutes,Clostridia,Christensenellales,Christensenellaceae,Christensenellaceae_R-7_group,uncultured_marine_bacterium,Bacteria,Firmicutes,Clostridia,Oscillospirales,Ruminococcaceae,Incertae_Sedis,None,0.006815968841285297
Bacteria,Firmicutes,Clostridia,Christensenellales,Christensenellaceae,Christensenellaceae_R-7_group,uncultured_marine_bacterium,Bacteria,Firmicutes,Clostridia,Oscillospirales,Ruminococcaceae,Negativibacillus,None,0.006815968841285297
Bacteria,Firmicutes,Clostridia,Christensenellales,Christensenellaceae,Christensenellaceae_R-7_group,uncultured_marine_bacterium,Bacteria,Firmicutes,Clostridia,Oscillospirales,Ruminococcaceae,Ruminococcus,Ruminococcus_champanellensis,0.007789678675754625
Bacteria,Firmicutes,Clostridia,Christensenellales,Christensenellaceae,Christensenellaceae_R-7_group,uncultured_marine_bacterium,Bacteria,Firmicutes,Clostridia,Oscillospirales,Ruminococcaceae,Ruminococcus,None,0.006815968841285297
Bacteria,Firmicutes,Clostridia,Christensenellales,Christensenellaceae,Christensenellaceae_R-7_group,uncultured_marine_bacterium,Bacteria,Firmicutes,Clostridia,Oscillospirales,Ruminococcaceae,Subdoligranulum,None,0.006815968841285297
Bacteria,Firmicutes,Clostridia,Christensenellales,Christensenellaceae,Christensenellaceae_R-7_group,uncultured_marine_bacterium,Bacteria,Firmicutes,Clostridia,Oscillospirales,Ruminococcaceae,UBA1819,None,0.006815968841285297
Bacteria,Firmicutes,Clostridia,Christensenellales,Christensenellaceae,Christensenellaceae_R-7_group,uncultured_marine_bacterium,Bacteria,Firmicutes,Clostridia,Oscillospirales,Ruminococcaceae,Eubacterium_siraeum_group,None,0.006815968841285297
Bacteria,Firmicutes,Clostridia,Christensenellales,Christensenellaceae,Christensenellaceae_R-7_group,uncultured_marine_bacterium,Bacteria,Firmicutes,Clostridia,Oscillospirales,Ruminococcaceae,None,None,0.005842259006815969
Bacteria,Firmicutes,Clostridia,Christensenellales,Christensenellaceae,Christensenellaceae_R-7_group,uncultured_marine_bacterium,Bacteria,Firmicutes,Clostridia,Oscillospirales,UCG-010,None,None,0.005842259006815969
Bacteria,Firmicutes,Clostridia,Christensenellales,Christensenellaceae,Christensenellaceae_R-7_group,uncultured_marine_bacterium,Bacteria,Firmicutes,Clostridia,Oscillospirales,UCG-010,metagenome,None,0.006815968841285297
Bacteria,Firmicutes,Clostridia,Christensenellales,Christensenellaceae,Christensenellaceae_R-7_group,uncultured_marine_bacterium,Bacteria,Firmicutes,Clostridia,Oscillospirales,UCG-010,uncultured_bacterium,None,0.006815968841285297
Bacteria,Firmicutes,Clostridia,Christensenellales,Christensenellaceae,Christensenellaceae_R-7_group,uncultured_marine_bacterium,Bacteria,Firmicutes,Clostridia,Oscillospirales,UCG-010,uncultured_organism,None,0.006815968841285297
Bacteria,Firmicutes,Clostridia,Christensenellales,Christensenellaceae,Christensenellaceae_R-7_group,uncultured_marine_bacterium,Bacteria,Firmicutes,Clostridia,Oscillospirales,Clostridium_methylpentosum_group,None,None,0.005842259006815969
Bacteria,Firmicutes,Clostridia,Christensenellales,Christensenellaceae,Christensenellaceae_R-7_group,uncultured_marine_bacterium,Bacteria,Firmicutes,Clostridia,Oscillospirales,Eubacterium_coprostanoligenes_group,None,None,0.005842259006815969
Bacteria,Firmicutes,Clostridia,Christensenellales,Christensenellaceae,Christensenellaceae_R-7_group,uncultured_marine_bacterium,Bacteria,Firmicutes,Clostridia,Oscillospirales,None,None,None,0.004868549172346641
Bacteria,Firmicutes,Clostridia,Christensenellales,Christensenellaceae,Christensenellaceae_R-7_group,uncultured_marine_bacterium,Bacteria,Firmicutes,Clostridia,Peptococcales,Peptococcaceae,uncultured,None,0.006815968841285297
Bacteria,Firmicutes,Clostridia,Christensenellales,Christensenellaceae,Christensenellaceae_R-7_group,uncultured_marine_bacterium,Bacteria,Firmicutes,Clostridia,Peptostreptococcales-Tissierellales,Anaerovoracaceae,Family_XIII_AD3011_group,metagenome,0.007789678675754625
Bacteria,Firmicutes,Clostridia,Christensenellales,Christensenellaceae,Christensenellaceae_R-7_group,uncultured_marine_bacterium,Bacteria,Firmicutes,Clostridia,Peptostreptococcales-Tissierellales,Anaerovoracaceae,Family_XIII_AD3011_group,None,0.006815968841285297
Bacteria,Firmicutes,Clostridia,Christensenellales,Christensenellaceae,Christensenellaceae_R-7_group,uncultured_marine_bacterium,Bacteria,Firmicutes,Clostridia,Peptostreptococcales-Tissierellales,Anaerovoracaceae,Family_XIII_AD3011_group,uncultured,0.007789678675754625
Bacteria,Firmicutes,Clostridia,Christensenellales,Christensenellaceae,Christensenellaceae_R-7_group,uncultured_marine_bacterium,Bacteria,Firmicutes,Clostridia,Peptostreptococcales-Tissierellales,Anaerovoracaceae,Family_XIII_UCG-001,metagenome,0.007789678675754625
Bacteria,Firmicutes,Clostridia,Christensenellales,Christensenellaceae,Christensenellaceae_R-7_group,uncultured_marine_bacterium,Bacteria,Firmicutes,Clostridia,Peptostreptococcales-Tissierellales,Anaerovoracaceae,Eubacterium_nodatum_group,None,0.006815968841285297
Bacteria,Firmicutes,Clostridia,Christensenellales,Christensenellaceae,Christensenellaceae_R-7_group,uncultured_marine_bacterium,Bacteria,Firmicutes,Clostridia,Peptostreptococcales-Tissierellales,Anaerovoracaceae,None,None,0.005842259006815969
Bacteria,Firmicutes,Clostridia,Christensenellales,Christensenellaceae,Christensenellaceae_R-7_group,uncultured_marine_bacterium,Bacteria,Firmicutes,Clostridia,Peptostreptococcales-Tissierellales,Parvimonas,None,None,0.005842259006815969
Bacteria,Firmicutes,Clostridia,Christensenellales,Christensenellaceae,Christensenellaceae_R-7_group,uncultured_marine_bacterium,Bacteria,Firmicutes,Clostridia,None,None,None,None,0.0038948393378773127
Bacteria,Firmicutes,Clostridia,Christensenellales,Christensenellaceae,Christensenellaceae_R-7_group,uncultured_marine_bacterium,Bacteria,Firmicutes,Incertae_Sedis,DTU014,unidentified,None,None,0.007789678675754625
Bacteria,Firmicutes,Clostridia,Christensenellales,Christensenellaceae,Christensenellaceae_R-7_group,uncultured_marine_bacterium,Bacteria,Firmicutes,Limnochordia,M55-D21,uncultured_compost_bacterium,None,None,0.007789678675754625
Bacteria,Firmicutes,Clostridia,Christensenellales,Christensenellaceae,Christensenellaceae_R-7_group,uncultured_marine_bacterium,Bacteria,Firmicutes,Negativicutes,Acidaminococcales,Acidaminococcaceae,Phascolarctobacterium,None,0.008763388510223954
Bacteria,Firmicutes,Clostridia,Christensenellales,Christensenellaceae,Christensenellaceae_R-7_group,uncultured_marine_bacterium,Bacteria,Firmicutes,None,None,None,None,None,0.004868549172346641
Bacteria,Firmicutes,Clostridia,Christensenellales,Christensenellaceae,Christensenellaceae_R-7_group,uncultured_marine_bacterium,Bacteria,Firmicutes,uncultured,uncultured_Peptococcaceae_bacterium,None,None,None,0.006815968841285297
Bacteria,Firmicutes,Clostridia,Christensenellales,Christensenellaceae,Christensenellaceae_R-7_group,uncultured_marine_bacterium,Bacteria,Proteobacteria,Alphaproteobacteria,Rhodospirillales,uncultured,None,None,0.009737098344693282
Bacteria,Firmicutes,Clostridia,Christensenellales,Christensenellaceae,Christensenellaceae_R-7_group,uncultured_marine_bacterium,Bacteria,Proteobacteria,Gammaproteobacteria,Burkholderiales,Sutterellaceae,Sutterella,Sutterella_sp._252,0.011684518013631937
Bacteria,Firmicutes,Clostridia,Christensenellales,Christensenellaceae,Christensenellaceae_R-7_group,uncultured_marine_bacterium,Bacteria,Proteobacteria,Gammaproteobacteria,Enterobacterales,Enterobacteriaceae,Escherichia-Shigella,None,0.010710808179162609
Bacteria,Firmicutes,Clostridia,Christensenellales,Christensenellaceae,Christensenellaceae_R-7_group,uncultured_marine_bacterium,Bacteria,Proteobacteria,Gammaproteobacteria,Enterobacterales,Enterobacteriaceae,Klebsiella,None,0.010710808179162609
Bacteria,Firmicutes,Clostridia,Christensenellales,Christensenellaceae,Christensenellaceae_R-7_group,uncultured_marine_bacterium,Bacteria,Proteobacteria,Gammaproteobacteria,Enterobacterales,Enterobacteriaceae,None,None,0.009737098344693282
Bacteria,Firmicutes,Clostridia,Christensenellales,Christensenellaceae,Christensenellaceae_R-7_group,uncultured_marine_bacterium,Bacteria,Proteobacteria,Gammaproteobacteria,Pseudomonadales,Pseudomonadaceae,Pseudomonas,None,0.010710808179162609
Bacteria,Firmicutes,Clostridia,Christensenellales,Christensenellaceae,Christensenellaceae_R-7_group,uncultured_marine_bacterium,Bacteria,Synergistota,Synergistia,Synergistales,Synergistaceae,Cloacibacillus,None,0.010710808179162609
Bacteria,Firmicutes,Clostridia,Christensenellales,Christensenellaceae,Christensenellaceae_R-7_group,uncultured_marine_bacterium,Bacteria,Verrucomicrobiota,Verrucomicrobiae,Verrucomicrobiales,Akkermansiaceae,Akkermansia,None,0.010710808179162609
Bacteria,Firmicutes,Clostridia,Christensenellales,Christensenellaceae,Christensenellaceae_R-7_group,uncultured_organism,Bacteria,Firmicutes,Clostridia,Christensenellales,Christensenellaceae,None,None,0.0029211295034079843
Bacteria,Firmicutes,Clostridia,Christensenellales,Christensenellaceae,Christensenellaceae_R-7_group,uncultured_organism,Bacteria,Firmicutes,Clostridia,Clostridia_vadinBB60_group,metagenome,None,None,0.005842259006815969
Bacteria,Firmicutes,Clostridia,Christensenellales,Christensenellaceae,Christensenellaceae_R-7_group,uncultured_organism,Bacteria,Firmicutes,Clostridia,Clostridia_vadinBB60_group,wastewater_metagenome,None,None,0.005842259006815969
Bacteria,Firmicutes,Clostridia,Christensenellales,Christensenellaceae,Christensenellaceae_R-7_group,uncultured_organism,Bacteria,Firmicutes,Clostridia,Clostridiales,Christensenellaceae,Christensenella,PAC001427,0.007789678675754625
Bacteria,Firmicutes,Clostridia,Christensenellales,Christensenellaceae,Christensenellaceae_R-7_group,uncultured_organism,Bacteria,Firmicutes,Clostridia,Clostridiales,Christensenellaceae,Christensenella,PAC002297,0.007789678675754625
Bacteria,Firmicutes,Clostridia,Christensenellales,Christensenellaceae,Christensenellaceae_R-7_group,uncultured_organism,Bacteria,Firmicutes,Clostridia,Clostridiales,Christensenellaceae,PAC001115,PAC001444,0.007789678675754625
Bacteria,Firmicutes,Clostridia,Christensenellales,Christensenellaceae,Christensenellaceae_R-7_group,uncultured_organism,Bacteria,Firmicutes,Clostridia,Clostridiales,Christensenellaceae,PAC001437,PAC001486,0.007789678675754625
Bacteria,Firmicutes,Clostridia,Christensenellales,Christensenellaceae,Christensenellaceae_R-7_group,uncultured_organism,Bacteria,Firmicutes,Clostridia,Clostridiales,Christensenellaceae,PAC001437,PAC002305,0.007789678675754625
Bacteria,Firmicutes,Clostridia,Christensenellales,Christensenellaceae,Christensenellaceae_R-7_group,uncultured_organism,Bacteria,Firmicutes,Clostridia,Clostridiales,Christensenellaceae,PAC002510,PAC002510,0.007789678675754625
Bacteria,Firmicutes,Clostridia,Christensenellales,Christensenellaceae,Christensenellaceae_R-7_group,uncultured_organism,Bacteria,Firmicutes,Clostridia,Clostridiales,Dehalobacterium,PAC002141,PAC002141,0.007789678675754625
Bacteria,Firmicutes,Clostridia,Christensenellales,Christensenellaceae,Christensenellaceae_R-7_group,uncultured_organism,Bacteria,Firmicutes,Clostridia,Clostridiales,Ruminococcaceae,PAC000742,PAC000742,0.007789678675754625
Bacteria,Firmicutes,Clostridia,Christensenellales,Christensenellaceae,Christensenellaceae_R-7_group,uncultured_organism,Bacteria,Firmicutes,Clostridia,Clostridiales,Ruminococcaceae,PAC001144,PAC001620,0.007789678675754625
Bacteria,Firmicutes,Clostridia,Christensenellales,Christensenellaceae,Christensenellaceae_R-7_group,uncultured_organism,Bacteria,Firmicutes,Clostridia,Clostridiales,Ruminococcaceae,PAC001313,PAC001649,0.007789678675754625
Bacteria,Firmicutes,Clostridia,Christensenellales,Christensenellaceae,Christensenellaceae_R-7_group,uncultured_organism,Bacteria,Firmicutes,Clostridia,Clostridiales,Ruminococcaceae,PAC002201,PAC002201,0.007789678675754625
Bacteria,Firmicutes,Clostridia,Christensenellales,Christensenellaceae,Christensenellaceae_R-7_group,uncultured_organism,Bacteria,Firmicutes,Clostridia,Eubacteriales,Eubacteriaceae,Eubacterium,None,0.006815968841285297
Bacteria,Firmicutes,Clostridia,Christensenellales,Christensenellaceae,Christensenellaceae_R-7_group,uncultured_organism,Bacteria,Firmicutes,Clostridia,Lachnospirales,Lachnospiraceae,Agathobacter,None,0.006815968841285297
Bacteria,Firmicutes,Clostridia,Christensenellales,Christensenellaceae,Christensenellaceae_R-7_group,uncultured_organism,Bacteria,Firmicutes,Clostridia,Lachnospirales,Lachnospiraceae,Anaerostipes,None,0.006815968841285297
Bacteria,Firmicutes,Clostridia,Christensenellales,Christensenellaceae,Christensenellaceae_R-7_group,uncultured_organism,Bacteria,Firmicutes,Clostridia,Lachnospirales,Lachnospiraceae,Blautia,None,0.006815968841285297
Bacteria,Firmicutes,Clostridia,Christensenellales,Christensenellaceae,Christensenellaceae_R-7_group,uncultured_organism,Bacteria,Firmicutes,Clostridia,Lachnospirales,Lachnospiraceae,Blautia,bacterium_mpn-isolate_group_20,0.007789678675754625
Bacteria,Firmicutes,Clostridia,Christensenellales,Christensenellaceae,Christensenellaceae_R-7_group,uncultured_organism,Bacteria,Firmicutes,Clostridia,Lachnospirales,Lachnospiraceae,Blautia,uncultured_Blautia_sp.,0.007789678675754625
Bacteria,Firmicutes,Clostridia,Christensenellales,Christensenellaceae,Christensenellaceae_R-7_group,uncultured_organism,Bacteria,Firmicutes,Clostridia,Lachnospirales,Lachnospiraceae,Coprococcus,None,0.006815968841285297
Bacteria,Firmicutes,Clostridia,Christensenellales,Christensenellaceae,Christensenellaceae_R-7_group,uncultured_organism,Bacteria,Firmicutes,Clostridia,Lachnospirales,Lachnospiraceae,Coprococcus,uncultured_Coprococcus_sp.,0.007789678675754625
Bacteria,Firmicutes,Clostridia,Christensenellales,Christensenellaceae,Christensenellaceae_R-7_group,uncultured_organism,Bacteria,Firmicutes,Clostridia,Lachnospirales,Lachnospiraceae,Dorea,None,0.006815968841285297
Bacteria,Firmicutes,Clostridia,Christensenellales,Christensenellaceae,Christensenellaceae_R-7_group,uncultured_organism,Bacteria,Firmicutes,Clostridia,Lachnospirales,Lachnospiraceae,Eisenbergiella,None,0.006815968841285297
Bacteria,Firmicutes,Clostridia,Christensenellales,Christensenellaceae,Christensenellaceae_R-7_group,uncultured_organism,Bacteria,Firmicutes,Clostridia,Lachnospirales,Lachnospiraceae,Frisingicoccus,None,0.006815968841285297
Bacteria,Firmicutes,Clostridia,Christensenellales,Christensenellaceae,Christensenellaceae_R-7_group,uncultured_organism,Bacteria,Firmicutes,Clostridia,Lachnospirales,Lachnospiraceae,Fusicatenibacter,uncultured_Lachnospiraceae_bacterium,0.007789678675754625
Bacteria,Firmicutes,Clostridia,Christensenellales,Christensenellaceae,Christensenellaceae_R-7_group,uncultured_organism,Bacteria,Firmicutes,Clostridia,Lachnospirales,Lachnospiraceae,GCA-900066575,None,0.006815968841285297
Bacteria,Firmicutes,Clostridia,Christensenellales,Christensenellaceae,Christensenellaceae_R-7_group,uncultured_organism,Bacteria,Firmicutes,Clostridia,Lachnospirales,Lachnospiraceae,GCA-900066575,metagenome,0.007789678675754625
Bacteria,Firmicutes,Clostridia,Christensenellales,Christensenellaceae,Christensenellaceae_R-7_group,uncultured_organism,Bacteria,Firmicutes,Clostridia,Lachnospirales,Lachnospiraceae,GCA-900066755,None,0.006815968841285297
Bacteria,Firmicutes,Clostridia,Christensenellales,Christensenellaceae,Christensenellaceae_R-7_group,uncultured_organism,Bacteria,Firmicutes,Clostridia,Lachnospirales,Lachnospiraceae,Hungatella,metagenome,0.007789678675754625
Bacteria,Firmicutes,Clostridia,Christensenellales,Christensenellaceae,Christensenellaceae_R-7_group,uncultured_organism,Bacteria,Firmicutes,Clostridia,Lachnospirales,Lachnospiraceae,Lachnoclostridium,Clostridium_symbiosum,0.007789678675754625
Bacteria,Firmicutes,Clostridia,Christensenellales,Christensenellaceae,Christensenellaceae_R-7_group,uncultured_organism,Bacteria,Firmicutes,Clostridia,Lachnospirales,Lachnospiraceae,Lachnoclostridium,None,0.006815968841285297
Bacteria,Firmicutes,Clostridia,Christensenellales,Christensenellaceae,Christensenellaceae_R-7_group,uncultured_organism,Bacteria,Firmicutes,Clostridia,Lachnospirales,Lachnospiraceae,Lachnoclostridium,uncultured_Lachnospiraceae_bacterium,0.007789678675754625
Bacteria,Firmicutes,Clostridia,Christensenellales,Christensenellaceae,Christensenellaceae_R-7_group,uncultured_organism,Bacteria,Firmicutes,Clostridia,Lachnospirales,Lachnospiraceae,Lachnospiraceae_ND3007_group,metagenome,0.007789678675754625
Bacteria,Firmicutes,Clostridia,Christensenellales,Christensenellaceae,Christensenellaceae_R-7_group,uncultured_organism,Bacteria,Firmicutes,Clostridia,Lachnospirales,Lachnospiraceae,Lachnospiraceae_NK4A136_group,None,0.006815968841285297
Bacteria,Firmicutes,Clostridia,Christensenellales,Christensenellaceae,Christensenellaceae_R-7_group,uncultured_organism,Bacteria,Firmicutes,Clostridia,Lachnospirales,Lachnospiraceae,Lachnospiraceae_NK4A136_group,uncultured_Lachnospiraceae_bacterium,0.007789678675754625
Bacteria,Firmicutes,Clostridia,Christensenellales,Christensenellaceae,Christensenellaceae_R-7_group,uncultured_organism,Bacteria,Firmicutes,Clostridia,Lachnospirales,Lachnospiraceae,Lachnospiraceae_NK4A136_group,uncultured_bacterium_Adhufec49.25,0.007789678675754625
Bacteria,Firmicutes,Clostridia,Christensenellales,Christensenellaceae,Christensenellaceae_R-7_group,uncultured_organism,Bacteria,Firmicutes,Clostridia,Lachnospirales,Lachnospiraceae,Lachnospiraceae_NK4B4_group,None,0.006815968841285297
Bacteria,Firmicutes,Clostridia,Christensenellales,Christensenellaceae,Christensenellaceae_R-7_group,uncultured_organism,Bacteria,Firmicutes,Clostridia,Lachnospirales,Lachnospiraceae,Lachnospiraceae_UCG-001,metagenome,0.007789678675754625
Bacteria,Firmicutes,Clostridia,Christensenellales,Christensenellaceae,Christensenellaceae_R-7_group,uncultured_organism,Bacteria,Firmicutes,Clostridia,Lachnospirales,Lachnospiraceae,Lachnospiraceae_UCG-004,None,0.006815968841285297
Bacteria,Firmicutes,Clostridia,Christensenellales,Christensenellaceae,Christensenellaceae_R-7_group,uncultured_organism,Bacteria,Firmicutes,Clostridia,Lachnospirales,Lachnospiraceae,Lachnospiraceae_UCG-008,metagenome,0.007789678675754625
Bacteria,Firmicutes,Clostridia,Christensenellales,Christensenellaceae,Christensenellaceae_R-7_group,uncultured_organism,Bacteria,Firmicutes,Clostridia,Lachnospirales,Lachnospiraceae,Lachnospiraceae_UCG-010,None,0.006815968841285297
Bacteria,Firmicutes,Clostridia,Christensenellales,Christensenellaceae,Christensenellaceae_R-7_group,uncultured_organism,Bacteria,Firmicutes,Clostridia,Lachnospirales,Lachnospiraceae,Marvinbryantia,None,0.006815968841285297
Bacteria,Firmicutes,Clostridia,Christensenellales,Christensenellaceae,Christensenellaceae_R-7_group,uncultured_organism,Bacteria,Firmicutes,Clostridia,Lachnospirales,Lachnospiraceae,Marvinbryantia,unidentified,0.007789678675754625
Bacteria,Firmicutes,Clostridia,Christensenellales,Christensenellaceae,Christensenellaceae_R-7_group,uncultured_organism,Bacteria,Firmicutes,Clostridia,Lachnospirales,Lachnospiraceae,Roseburia,None,0.006815968841285297
Bacteria,Firmicutes,Clostridia,Christensenellales,Christensenellaceae,Christensenellaceae_R-7_group,uncultured_organism,Bacteria,Firmicutes,Clostridia,Lachnospirales,Lachnospiraceae,Roseburia,gut_metagenome,0.007789678675754625
Bacteria,Firmicutes,Clostridia,Christensenellales,Christensenellaceae,Christensenellaceae_R-7_group,uncultured_organism,Bacteria,Firmicutes,Clostridia,Lachnospirales,Lachnospiraceae,Tuzzerella,None,0.006815968841285297
Bacteria,Firmicutes,Clostridia,Christensenellales,Christensenellaceae,Christensenellaceae_R-7_group,uncultured_organism,Bacteria,Firmicutes,Clostridia,Lachnospirales,Lachnospiraceae,Tyzzerella,None,0.006815968841285297
Bacteria,Firmicutes,Clostridia,Christensenellales,Christensenellaceae,Christensenellaceae_R-7_group,uncultured_organism,Bacteria,Firmicutes,Clostridia,Lachnospirales,Lachnospiraceae,Eubacterium_hallii_group,None,0.006815968841285297
Bacteria,Firmicutes,Clostridia,Christensenellales,Christensenellaceae,Christensenellaceae_R-7_group,uncultured_organism,Bacteria,Firmicutes,Clostridia,Lachnospirales,Lachnospiraceae,Eubacterium_ventriosum_group,metagenome,0.007789678675754625
Bacteria,Firmicutes,Clostridia,Christensenellales,Christensenellaceae,Christensenellaceae_R-7_group,uncultured_organism,Bacteria,Firmicutes,Clostridia,Lachnospirales,Lachnospiraceae,Ruminococcus_gauvreauii_group,uncultured_Lachnospiraceae_bacterium,0.007789678675754625
Bacteria,Firmicutes,Clostridia,Christensenellales,Christensenellaceae,Christensenellaceae_R-7_group,uncultured_organism,Bacteria,Firmicutes,Clostridia,Lachnospirales,Lachnospiraceae,Ruminococcus_gnavus_group,None,0.006815968841285297
Bacteria,Firmicutes,Clostridia,Christensenellales,Christensenellaceae,Christensenellaceae_R-7_group,uncultured_organism,Bacteria,Firmicutes,Clostridia,Lachnospirales,Lachnospiraceae,Ruminococcus_torques_group,Clostridiaceae_bacterium_LEMV78,0.007789678675754625
Bacteria,Firmicutes,Clostridia,Christensenellales,Christensenellaceae,Christensenellaceae_R-7_group,uncultured_organism,Bacteria,Firmicutes,Clostridia,Lachnospirales,Lachnospiraceae,Ruminococcus_torques_group,None,0.006815968841285297
Bacteria,Firmicutes,Clostridia,Christensenellales,Christensenellaceae,Christensenellaceae_R-7_group,uncultured_organism,Bacteria,Firmicutes,Clostridia,Lachnospirales,Lachnospiraceae,None,None,0.005842259006815969
Bacteria,Firmicutes,Clostridia,Christensenellales,Christensenellaceae,Christensenellaceae_R-7_group,uncultured_organism,Bacteria,Firmicutes,Clostridia,Lachnospirales,Lachnospiraceae,uncultured,None,0.006815968841285297
Bacteria,Firmicutes,Clostridia,Christensenellales,Christensenellaceae,Christensenellaceae_R-7_group,uncultured_organism,Bacteria,Firmicutes,Clostridia,Monoglobales,Monoglobaceae,Monoglobus,None,0.006815968841285297
Bacteria,Firmicutes,Clostridia,Christensenellales,Christensenellaceae,Christensenellaceae_R-7_group,uncultured_organism,Bacteria,Firmicutes,Clostridia,Oscillospirales,Butyricicoccaceae,Butyricicoccus,None,0.006815968841285297
Bacteria,Firmicutes,Clostridia,Christensenellales,Christensenellaceae,Christensenellaceae_R-7_group,uncultured_organism,Bacteria,Firmicutes,Clostridia,Oscillospirales,Hydrogenoanaerobacterium,None,None,0.005842259006815969
Bacteria,Firmicutes,Clostridia,Christensenellales,Christensenellaceae,Christensenellaceae_R-7_group,uncultured_organism,Bacteria,Firmicutes,Clostridia,Oscillospirales,Oscillospiraceae,Colidextribacter,None,0.006815968841285297
Bacteria,Firmicutes,Clostridia,Christensenellales,Christensenellaceae,Christensenellaceae_R-7_group,uncultured_organism,Bacteria,Firmicutes,Clostridia,Oscillospirales,Oscillospiraceae,Colidextribacter,metagenome,0.007789678675754625
Bacteria,Firmicutes,Clostridia,Christensenellales,Christensenellaceae,Christensenellaceae_R-7_group,uncultured_organism,Bacteria,Firmicutes,Clostridia,Oscillospirales,Oscillospiraceae,Flavonifractor,None,0.006815968841285297
Bacteria,Firmicutes,Clostridia,Christensenellales,Christensenellaceae,Christensenellaceae_R-7_group,uncultured_organism,Bacteria,Firmicutes,Clostridia,Oscillospirales,Oscillospiraceae,Intestinimonas,None,0.006815968841285297
Bacteria,Firmicutes,Clostridia,Christensenellales,Christensenellaceae,Christensenellaceae_R-7_group,uncultured_organism,Bacteria,Firmicutes,Clostridia,Oscillospirales,Oscillospiraceae,Intestinimonas,uncultured,0.007789678675754625
Bacteria,Firmicutes,Clostridia,Christensenellales,Christensenellaceae,Christensenellaceae_R-7_group,uncultured_organism,Bacteria,Firmicutes,Clostridia,Oscillospirales,Oscillospiraceae,NK4A214_group,None,0.006815968841285297
Bacteria,Firmicutes,Clostridia,Christensenellales,Christensenellaceae,Christensenellaceae_R-7_group,uncultured_organism,Bacteria,Firmicutes,Clostridia,Oscillospirales,Oscillospiraceae,Oscillibacter,None,0.006815968841285297
Bacteria,Firmicutes,Clostridia,Christensenellales,Christensenellaceae,Christensenellaceae_R-7_group,uncultured_organism,Bacteria,Firmicutes,Clostridia,Oscillospirales,Oscillospiraceae,Oscillibacter,metagenome,0.007789678675754625
Bacteria,Firmicutes,Clostridia,Christensenellales,Christensenellaceae,Christensenellaceae_R-7_group,uncultured_organism,Bacteria,Firmicutes,Clostridia,Oscillospirales,Oscillospiraceae,Oscillospira,None,0.006815968841285297
Bacteria,Firmicutes,Clostridia,Christensenellales,Christensenellaceae,Christensenellaceae_R-7_group,uncultured_organism,Bacteria,Firmicutes,Clostridia,Oscillospirales,Oscillospiraceae,UCG-002,None,0.006815968841285297
Bacteria,Firmicutes,Clostridia,Christensenellales,Christensenellaceae,Christensenellaceae_R-7_group,uncultured_organism,Bacteria,Firmicutes,Clostridia,Oscillospirales,Oscillospiraceae,UCG-003,None,0.006815968841285297
Bacteria,Firmicutes,Clostridia,Christensenellales,Christensenellaceae,Christensenellaceae_R-7_group,uncultured_organism,Bacteria,Firmicutes,Clostridia,Oscillospirales,Oscillospiraceae,UCG-005,None,0.006815968841285297
Bacteria,Firmicutes,Clostridia,Christensenellales,Christensenellaceae,Christensenellaceae_R-7_group,uncultured_organism,Bacteria,Firmicutes,Clostridia,Oscillospirales,Oscillospiraceae,UCG-005,metagenome,0.007789678675754625
Bacteria,Firmicutes,Clostridia,Christensenellales,Christensenellaceae,Christensenellaceae_R-7_group,uncultured_organism,Bacteria,Firmicutes,Clostridia,Oscillospirales,Oscillospiraceae,UCG-005,uncultured_Clostridiales_bacterium,0.007789678675754625
Bacteria,Firmicutes,Clostridia,Christensenellales,Christensenellaceae,Christensenellaceae_R-7_group,uncultured_organism,Bacteria,Firmicutes,Clostridia,Oscillospirales,Oscillospiraceae,UCG-005,uncultured_rumen_bacterium,0.007789678675754625
Bacteria,Firmicutes,Clostridia,Christensenellales,Christensenellaceae,Christensenellaceae_R-7_group,uncultured_organism,Bacteria,Firmicutes,Clostridia,Oscillospirales,Oscillospiraceae,None,None,0.005842259006815969
Bacteria,Firmicutes,Clostridia,Christensenellales,Christensenellaceae,Christensenellaceae_R-7_group,uncultured_organism,Bacteria,Firmicutes,Clostridia,Oscillospirales,Oscillospiraceae,uncultured,metagenome,0.007789678675754625
Bacteria,Firmicutes,Clostridia,Christensenellales,Christensenellaceae,Christensenellaceae_R-7_group,uncultured_organism,Bacteria,Firmicutes,Clostridia,Oscillospirales,Oscillospiraceae,uncultured,unidentified,0.007789678675754625
Bacteria,Firmicutes,Clostridia,Christensenellales,Christensenellaceae,Christensenellaceae_R-7_group,uncultured_organism,Bacteria,Firmicutes,Clostridia,Oscillospirales,Ruminococcaceae,Anaerofilum,uncultured_Firmicutes_bacterium,0.007789678675754625
Bacteria,Firmicutes,Clostridia,Christensenellales,Christensenellaceae,Christensenellaceae_R-7_group,uncultured_organism,Bacteria,Firmicutes,Clostridia,Oscillospirales,Ruminococcaceae,Anaerotruncus,Anaerotruncus_rubiinfantis,0.007789678675754625
Bacteria,Firmicutes,Clostridia,Christensenellales,Christensenellaceae,Christensenellaceae_R-7_group,uncultured_organism,Bacteria,Firmicutes,Clostridia,Oscillospirales,Ruminococcaceae,Anaerotruncus,Anaerotruncus_sp._NML_070203,0.007789678675754625
Bacteria,Firmicutes,Clostridia,Christensenellales,Christensenellaceae,Christensenellaceae_R-7_group,uncultured_organism,Bacteria,Firmicutes,Clostridia,Oscillospirales,Ruminococcaceae,Candidatus_Soleaferrea,Neobitarella_massiliensis,0.007789678675754625
Bacteria,Firmicutes,Clostridia,Christensenellales,Christensenellaceae,Christensenellaceae_R-7_group,uncultured_organism,Bacteria,Firmicutes,Clostridia,Oscillospirales,Ruminococcaceae,Candidatus_Soleaferrea,None,0.006815968841285297
Bacteria,Firmicutes,Clostridia,Christensenellales,Christensenellaceae,Christensenellaceae_R-7_group,uncultured_organism,Bacteria,Firmicutes,Clostridia,Oscillospirales,Ruminococcaceae,DTU089,None,0.006815968841285297
Bacteria,Firmicutes,Clostridia,Christensenellales,Christensenellaceae,Christensenellaceae_R-7_group,uncultured_organism,Bacteria,Firmicutes,Clostridia,Oscillospirales,Ruminococcaceae,Faecalibacterium,None,0.006815968841285297
Bacteria,Firmicutes,Clostridia,Christensenellales,Christensenellaceae,Christensenellaceae_R-7_group,uncultured_organism,Bacteria,Firmicutes,Clostridia,Oscillospirales,Ruminococcaceae,Fournierella,uncultured_organism,0.007789678675754625
Bacteria,Firmicutes,Clostridia,Christensenellales,Christensenellaceae,Christensenellaceae_R-7_group,uncultured_organism,Bacteria,Firmicutes,Clostridia,Oscillospirales,Ruminococcaceae,Incertae_Sedis,metagenome,0.007789678675754625
Bacteria,Firmicutes,Clostridia,Christensenellales,Christensenellaceae,Christensenellaceae_R-7_group,uncultured_organism,Bacteria,Firmicutes,Clostridia,Oscillospirales,Ruminococcaceae,Incertae_Sedis,None,0.006815968841285297
Bacteria,Firmicutes,Clostridia,Christensenellales,Christensenellaceae,Christensenellaceae_R-7_group,uncultured_organism,Bacteria,Firmicutes,Clostridia,Oscillospirales,Ruminococcaceae,Negativibacillus,None,0.006815968841285297
Bacteria,Firmicutes,Clostridia,Christensenellales,Christensenellaceae,Christensenellaceae_R-7_group,uncultured_organism,Bacteria,Firmicutes,Clostridia,Oscillospirales,Ruminococcaceae,Ruminococcus,Ruminococcus_champanellensis,0.007789678675754625
Bacteria,Firmicutes,Clostridia,Christensenellales,Christensenellaceae,Christensenellaceae_R-7_group,uncultured_organism,Bacteria,Firmicutes,Clostridia,Oscillospirales,Ruminococcaceae,Ruminococcus,None,0.006815968841285297
Bacteria,Firmicutes,Clostridia,Christensenellales,Christensenellaceae,Christensenellaceae_R-7_group,uncultured_organism,Bacteria,Firmicutes,Clostridia,Oscillospirales,Ruminococcaceae,Subdoligranulum,None,0.006815968841285297
Bacteria,Firmicutes,Clostridia,Christensenellales,Christensenellaceae,Christensenellaceae_R-7_group,uncultured_organism,Bacteria,Firmicutes,Clostridia,Oscillospirales,Ruminococcaceae,UBA1819,None,0.006815968841285297
Bacteria,Firmicutes,Clostridia,Christensenellales,Christensenellaceae,Christensenellaceae_R-7_group,uncultured_organism,Bacteria,Firmicutes,Clostridia,Oscillospirales,Ruminococcaceae,Eubacterium_siraeum_group,None,0.006815968841285297
Bacteria,Firmicutes,Clostridia,Christensenellales,Christensenellaceae,Christensenellaceae_R-7_group,uncultured_organism,Bacteria,Firmicutes,Clostridia,Oscillospirales,Ruminococcaceae,None,None,0.005842259006815969
Bacteria,Firmicutes,Clostridia,Christensenellales,Christensenellaceae,Christensenellaceae_R-7_group,uncultured_organism,Bacteria,Firmicutes,Clostridia,Oscillospirales,UCG-010,None,None,0.005842259006815969
Bacteria,Firmicutes,Clostridia,Christensenellales,Christensenellaceae,Christensenellaceae_R-7_group,uncultured_organism,Bacteria,Firmicutes,Clostridia,Oscillospirales,UCG-010,metagenome,None,0.006815968841285297
Bacteria,Firmicutes,Clostridia,Christensenellales,Christensenellaceae,Christensenellaceae_R-7_group,uncultured_organism,Bacteria,Firmicutes,Clostridia,Oscillospirales,UCG-010,uncultured_bacterium,None,0.006815968841285297
Bacteria,Firmicutes,Clostridia,Christensenellales,Christensenellaceae,Christensenellaceae_R-7_group,uncultured_organism,Bacteria,Firmicutes,Clostridia,Oscillospirales,UCG-010,uncultured_organism,None,0.006815968841285297
Bacteria,Firmicutes,Clostridia,Christensenellales,Christensenellaceae,Christensenellaceae_R-7_group,uncultured_organism,Bacteria,Firmicutes,Clostridia,Oscillospirales,Clostridium_methylpentosum_group,None,None,0.005842259006815969
Bacteria,Firmicutes,Clostridia,Christensenellales,Christensenellaceae,Christensenellaceae_R-7_group,uncultured_organism,Bacteria,Firmicutes,Clostridia,Oscillospirales,Eubacterium_coprostanoligenes_group,None,None,0.005842259006815969
Bacteria,Firmicutes,Clostridia,Christensenellales,Christensenellaceae,Christensenellaceae_R-7_group,uncultured_organism,Bacteria,Firmicutes,Clostridia,Oscillospirales,None,None,None,0.004868549172346641
Bacteria,Firmicutes,Clostridia,Christensenellales,Christensenellaceae,Christensenellaceae_R-7_group,uncultured_organism,Bacteria,Firmicutes,Clostridia,Peptococcales,Peptococcaceae,uncultured,None,0.006815968841285297
Bacteria,Firmicutes,Clostridia,Christensenellales,Christensenellaceae,Christensenellaceae_R-7_group,uncultured_organism,Bacteria,Firmicutes,Clostridia,Peptostreptococcales-Tissierellales,Anaerovoracaceae,Family_XIII_AD3011_group,metagenome,0.007789678675754625
Bacteria,Firmicutes,Clostridia,Christensenellales,Christensenellaceae,Christensenellaceae_R-7_group,uncultured_organism,Bacteria,Firmicutes,Clostridia,Peptostreptococcales-Tissierellales,Anaerovoracaceae,Family_XIII_AD3011_group,None,0.006815968841285297
Bacteria,Firmicutes,Clostridia,Christensenellales,Christensenellaceae,Christensenellaceae_R-7_group,uncultured_organism,Bacteria,Firmicutes,Clostridia,Peptostreptococcales-Tissierellales,Anaerovoracaceae,Family_XIII_AD3011_group,uncultured,0.007789678675754625
Bacteria,Firmicutes,Clostridia,Christensenellales,Christensenellaceae,Christensenellaceae_R-7_group,uncultured_organism,Bacteria,Firmicutes,Clostridia,Peptostreptococcales-Tissierellales,Anaerovoracaceae,Family_XIII_UCG-001,metagenome,0.007789678675754625
Bacteria,Firmicutes,Clostridia,Christensenellales,Christensenellaceae,Christensenellaceae_R-7_group,uncultured_organism,Bacteria,Firmicutes,Clostridia,Peptostreptococcales-Tissierellales,Anaerovoracaceae,Eubacterium_nodatum_group,None,0.006815968841285297
Bacteria,Firmicutes,Clostridia,Christensenellales,Christensenellaceae,Christensenellaceae_R-7_group,uncultured_organism,Bacteria,Firmicutes,Clostridia,Peptostreptococcales-Tissierellales,Anaerovoracaceae,None,None,0.005842259006815969
Bacteria,Firmicutes,Clostridia,Christensenellales,Christensenellaceae,Christensenellaceae_R-7_group,uncultured_organism,Bacteria,Firmicutes,Clostridia,Peptostreptococcales-Tissierellales,Parvimonas,None,None,0.005842259006815969
Bacteria,Firmicutes,Clostridia,Christensenellales,Christensenellaceae,Christensenellaceae_R-7_group,uncultured_organism,Bacteria,Firmicutes,Clostridia,None,None,None,None,0.0038948393378773127
Bacteria,Firmicutes,Clostridia,Christensenellales,Christensenellaceae,Christensenellaceae_R-7_group,uncultured_organism,Bacteria,Firmicutes,Incertae_Sedis,DTU014,unidentified,None,None,0.007789678675754625
Bacteria,Firmicutes,Clostridia,Christensenellales,Christensenellaceae,Christensenellaceae_R-7_group,uncultured_organism,Bacteria,Firmicutes,Limnochordia,M55-D21,uncultured_compost_bacterium,None,None,0.007789678675754625
Bacteria,Firmicutes,Clostridia,Christensenellales,Christensenellaceae,Christensenellaceae_R-7_group,uncultured_organism,Bacteria,Firmicutes,Negativicutes,Acidaminococcales,Acidaminococcaceae,Phascolarctobacterium,None,0.008763388510223954
Bacteria,Firmicutes,Clostridia,Christensenellales,Christensenellaceae,Christensenellaceae_R-7_group,uncultured_organism,Bacteria,Firmicutes,None,None,None,None,None,0.004868549172346641
Bacteria,Firmicutes,Clostridia,Christensenellales,Christensenellaceae,Christensenellaceae_R-7_group,uncultured_organism,Bacteria,Firmicutes,uncultured,uncultured_Peptococcaceae_bacterium,None,None,None,0.006815968841285297
Bacteria,Firmicutes,Clostridia,Christensenellales,Christensenellaceae,Christensenellaceae_R-7_group,uncultured_organism,Bacteria,Proteobacteria,Alphaproteobacteria,Rhodospirillales,uncultured,None,None,0.009737098344693282
Bacteria,Firmicutes,Clostridia,Christensenellales,Christensenellaceae,Christensenellaceae_R-7_group,uncultured_organism,Bacteria,Proteobacteria,Gammaproteobacteria,Burkholderiales,Sutterellaceae,Sutterella,Sutterella_sp._252,0.011684518013631937
Bacteria,Firmicutes,Clostridia,Christensenellales,Christensenellaceae,Christensenellaceae_R-7_group,uncultured_organism,Bacteria,Proteobacteria,Gammaproteobacteria,Enterobacterales,Enterobacteriaceae,Escherichia-Shigella,None,0.010710808179162609
Bacteria,Firmicutes,Clostridia,Christensenellales,Christensenellaceae,Christensenellaceae_R-7_group,uncultured_organism,Bacteria,Proteobacteria,Gammaproteobacteria,Enterobacterales,Enterobacteriaceae,Klebsiella,None,0.010710808179162609
Bacteria,Firmicutes,Clostridia,Christensenellales,Christensenellaceae,Christensenellaceae_R-7_group,uncultured_organism,Bacteria,Proteobacteria,Gammaproteobacteria,Enterobacterales,Enterobacteriaceae,None,None,0.009737098344693282
Bacteria,Firmicutes,Clostridia,Christensenellales,Christensenellaceae,Christensenellaceae_R-7_group,uncultured_organism,Bacteria,Proteobacteria,Gammaproteobacteria,Pseudomonadales,Pseudomonadaceae,Pseudomonas,None,0.010710808179162609
Bacteria,Firmicutes,Clostridia,Christensenellales,Christensenellaceae,Christensenellaceae_R-7_group,uncultured_organism,Bacteria,Synergistota,Synergistia,Synergistales,Synergistaceae,Cloacibacillus,None,0.010710808179162609
Bacteria,Firmicutes,Clostridia,Christensenellales,Christensenellaceae,Christensenellaceae_R-7_group,uncultured_organism,Bacteria,Verrucomicrobiota,Verrucomicrobiae,Verrucomicrobiales,Akkermansiaceae,Akkermansia,None,0.010710808179162609
Bacteria,Firmicutes,Clostridia,Christensenellales,Christensenellaceae,None,None,Bacteria,Firmicutes,Clostridia,Clostridia_vadinBB60_group,metagenome,None,None,0.0038948393378773127
Bacteria,Firmicutes,Clostridia,Christensenellales,Christensenellaceae,None,None,Bacteria,Firmicutes,Clostridia,Clostridia_vadinBB60_group,wastewater_metagenome,None,None,0.0038948393378773127
Bacteria,Firmicutes,Clostridia,Christensenellales,Christensenellaceae,None,None,Bacteria,Firmicutes,Clostridia,Clostridiales,Christensenellaceae,Christensenella,PAC001427,0.005842259006815969
Bacteria,Firmicutes,Clostridia,Christensenellales,Christensenellaceae,None,None,Bacteria,Firmicutes,Clostridia,Clostridiales,Christensenellaceae,Christensenella,PAC002297,0.005842259006815969
Bacteria,Firmicutes,Clostridia,Christensenellales,Christensenellaceae,None,None,Bacteria,Firmicutes,Clostridia,Clostridiales,Christensenellaceae,PAC001115,PAC001444,0.005842259006815969
Bacteria,Firmicutes,Clostridia,Christensenellales,Christensenellaceae,None,None,Bacteria,Firmicutes,Clostridia,Clostridiales,Christensenellaceae,PAC001437,PAC001486,0.005842259006815969
Bacteria,Firmicutes,Clostridia,Christensenellales,Christensenellaceae,None,None,Bacteria,Firmicutes,Clostridia,Clostridiales,Christensenellaceae,PAC001437,PAC002305,0.005842259006815969
Bacteria,Firmicutes,Clostridia,Christensenellales,Christensenellaceae,None,None,Bacteria,Firmicutes,Clostridia,Clostridiales,Christensenellaceae,PAC002510,PAC002510,0.005842259006815969
Bacteria,Firmicutes,Clostridia,Christensenellales,Christensenellaceae,None,None,Bacteria,Firmicutes,Clostridia,Clostridiales,Dehalobacterium,PAC002141,PAC002141,0.005842259006815969
Bacteria,Firmicutes,Clostridia,Christensenellales,Christensenellaceae,None,None,Bacteria,Firmicutes,Clostridia,Clostridiales,Ruminococcaceae,PAC000742,PAC000742,0.005842259006815969
Bacteria,Firmicutes,Clostridia,Christensenellales,Christensenellaceae,None,None,Bacteria,Firmicutes,Clostridia,Clostridiales,Ruminococcaceae,PAC001144,PAC001620,0.005842259006815969
Bacteria,Firmicutes,Clostridia,Christensenellales,Christensenellaceae,None,None,Bacteria,Firmicutes,Clostridia,Clostridiales,Ruminococcaceae,PAC001313,PAC001649,0.005842259006815969
Bacteria,Firmicutes,Clostridia,Christensenellales,Christensenellaceae,None,None,Bacteria,Firmicutes,Clostridia,Clostridiales,Ruminococcaceae,PAC002201,PAC002201,0.005842259006815969
Bacteria,Firmicutes,Clostridia,Christensenellales,Christensenellaceae,None,None,Bacteria,Firmicutes,Clostridia,Eubacteriales,Eubacteriaceae,Eubacterium,None,0.004868549172346641
Bacteria,Firmicutes,Clostridia,Christensenellales,Christensenellaceae,None,None,Bacteria,Firmicutes,Clostridia,Lachnospirales,Lachnospiraceae,Agathobacter,None,0.004868549172346641
Bacteria,Firmicutes,Clostridia,Christensenellales,Christensenellaceae,None,None,Bacteria,Firmicutes,Clostridia,Lachnospirales,Lachnospiraceae,Anaerostipes,None,0.004868549172346641
Bacteria,Firmicutes,Clostridia,Christensenellales,Christensenellaceae,None,None,Bacteria,Firmicutes,Clostridia,Lachnospirales,Lachnospiraceae,Blautia,None,0.004868549172346641
Bacteria,Firmicutes,Clostridia,Christensenellales,Christensenellaceae,None,None,Bacteria,Firmicutes,Clostridia,Lachnospirales,Lachnospiraceae,Blautia,bacterium_mpn-isolate_group_20,0.005842259006815969
Bacteria,Firmicutes,Clostridia,Christensenellales,Christensenellaceae,None,None,Bacteria,Firmicutes,Clostridia,Lachnospirales,Lachnospiraceae,Blautia,uncultured_Blautia_sp.,0.005842259006815969
Bacteria,Firmicutes,Clostridia,Christensenellales,Christensenellaceae,None,None,Bacteria,Firmicutes,Clostridia,Lachnospirales,Lachnospiraceae,Coprococcus,None,0.004868549172346641
Bacteria,Firmicutes,Clostridia,Christensenellales,Christensenellaceae,None,None,Bacteria,Firmicutes,Clostridia,Lachnospirales,Lachnospiraceae,Coprococcus,uncultured_Coprococcus_sp.,0.005842259006815969
Bacteria,Firmicutes,Clostridia,Christensenellales,Christensenellaceae,None,None,Bacteria,Firmicutes,Clostridia,Lachnospirales,Lachnospiraceae,Dorea,None,0.004868549172346641
Bacteria,Firmicutes,Clostridia,Christensenellales,Christensenellaceae,None,None,Bacteria,Firmicutes,Clostridia,Lachnospirales,Lachnospiraceae,Eisenbergiella,None,0.004868549172346641
Bacteria,Firmicutes,Clostridia,Christensenellales,Christensenellaceae,None,None,Bacteria,Firmicutes,Clostridia,Lachnospirales,Lachnospiraceae,Frisingicoccus,None,0.004868549172346641
Bacteria,Firmicutes,Clostridia,Christensenellales,Christensenellaceae,None,None,Bacteria,Firmicutes,Clostridia,Lachnospirales,Lachnospiraceae,Fusicatenibacter,uncultured_Lachnospiraceae_bacterium,0.005842259006815969
Bacteria,Firmicutes,Clostridia,Christensenellales,Christensenellaceae,None,None,Bacteria,Firmicutes,Clostridia,Lachnospirales,Lachnospiraceae,GCA-900066575,None,0.004868549172346641
Bacteria,Firmicutes,Clostridia,Christensenellales,Christensenellaceae,None,None,Bacteria,Firmicutes,Clostridia,Lachnospirales,Lachnospiraceae,GCA-900066575,metagenome,0.005842259006815969
Bacteria,Firmicutes,Clostridia,Christensenellales,Christensenellaceae,None,None,Bacteria,Firmicutes,Clostridia,Lachnospirales,Lachnospiraceae,GCA-900066755,None,0.004868549172346641
Bacteria,Firmicutes,Clostridia,Christensenellales,Christensenellaceae,None,None,Bacteria,Firmicutes,Clostridia,Lachnospirales,Lachnospiraceae,Hungatella,metagenome,0.005842259006815969
Bacteria,Firmicutes,Clostridia,Christensenellales,Christensenellaceae,None,None,Bacteria,Firmicutes,Clostridia,Lachnospirales,Lachnospiraceae,Lachnoclostridium,Clostridium_symbiosum,0.005842259006815969
Bacteria,Firmicutes,Clostridia,Christensenellales,Christensenellaceae,None,None,Bacteria,Firmicutes,Clostridia,Lachnospirales,Lachnospiraceae,Lachnoclostridium,None,0.004868549172346641
Bacteria,Firmicutes,Clostridia,Christensenellales,Christensenellaceae,None,None,Bacteria,Firmicutes,Clostridia,Lachnospirales,Lachnospiraceae,Lachnoclostridium,uncultured_Lachnospiraceae_bacterium,0.005842259006815969
Bacteria,Firmicutes,Clostridia,Christensenellales,Christensenellaceae,None,None,Bacteria,Firmicutes,Clostridia,Lachnospirales,Lachnospiraceae,Lachnospiraceae_ND3007_group,metagenome,0.005842259006815969
Bacteria,Firmicutes,Clostridia,Christensenellales,Christensenellaceae,None,None,Bacteria,Firmicutes,Clostridia,Lachnospirales,Lachnospiraceae,Lachnospiraceae_NK4A136_group,None,0.004868549172346641
Bacteria,Firmicutes,Clostridia,Christensenellales,Christensenellaceae,None,None,Bacteria,Firmicutes,Clostridia,Lachnospirales,Lachnospiraceae,Lachnospiraceae_NK4A136_group,uncultured_Lachnospiraceae_bacterium,0.005842259006815969
Bacteria,Firmicutes,Clostridia,Christensenellales,Christensenellaceae,None,None,Bacteria,Firmicutes,Clostridia,Lachnospirales,Lachnospiraceae,Lachnospiraceae_NK4A136_group,uncultured_bacterium_Adhufec49.25,0.005842259006815969
Bacteria,Firmicutes,Clostridia,Christensenellales,Christensenellaceae,None,None,Bacteria,Firmicutes,Clostridia,Lachnospirales,Lachnospiraceae,Lachnospiraceae_NK4B4_group,None,0.004868549172346641
Bacteria,Firmicutes,Clostridia,Christensenellales,Christensenellaceae,None,None,Bacteria,Firmicutes,Clostridia,Lachnospirales,Lachnospiraceae,Lachnospiraceae_UCG-001,metagenome,0.005842259006815969
Bacteria,Firmicutes,Clostridia,Christensenellales,Christensenellaceae,None,None,Bacteria,Firmicutes,Clostridia,Lachnospirales,Lachnospiraceae,Lachnospiraceae_UCG-004,None,0.004868549172346641
Bacteria,Firmicutes,Clostridia,Christensenellales,Christensenellaceae,None,None,Bacteria,Firmicutes,Clostridia,Lachnospirales,Lachnospiraceae,Lachnospiraceae_UCG-008,metagenome,0.005842259006815969
Bacteria,Firmicutes,Clostridia,Christensenellales,Christensenellaceae,None,None,Bacteria,Firmicutes,Clostridia,Lachnospirales,Lachnospiraceae,Lachnospiraceae_UCG-010,None,0.004868549172346641
Bacteria,Firmicutes,Clostridia,Christensenellales,Christensenellaceae,None,None,Bacteria,Firmicutes,Clostridia,Lachnospirales,Lachnospiraceae,Marvinbryantia,None,0.004868549172346641
Bacteria,Firmicutes,Clostridia,Christensenellales,Christensenellaceae,None,None,Bacteria,Firmicutes,Clostridia,Lachnospirales,Lachnospiraceae,Marvinbryantia,unidentified,0.005842259006815969
Bacteria,Firmicutes,Clostridia,Christensenellales,Christensenellaceae,None,None,Bacteria,Firmicutes,Clostridia,Lachnospirales,Lachnospiraceae,Roseburia,None,0.004868549172346641
Bacteria,Firmicutes,Clostridia,Christensenellales,Christensenellaceae,None,None,Bacteria,Firmicutes,Clostridia,Lachnospirales,Lachnospiraceae,Roseburia,gut_metagenome,0.005842259006815969
Bacteria,Firmicutes,Clostridia,Christensenellales,Christensenellaceae,None,None,Bacteria,Firmicutes,Clostridia,Lachnospirales,Lachnospiraceae,Tuzzerella,None,0.004868549172346641
Bacteria,Firmicutes,Clostridia,Christensenellales,Christensenellaceae,None,None,Bacteria,Firmicutes,Clostridia,Lachnospirales,Lachnospiraceae,Tyzzerella,None,0.004868549172346641
Bacteria,Firmicutes,Clostridia,Christensenellales,Christensenellaceae,None,None,Bacteria,Firmicutes,Clostridia,Lachnospirales,Lachnospiraceae,Eubacterium_hallii_group,None,0.004868549172346641
Bacteria,Firmicutes,Clostridia,Christensenellales,Christensenellaceae,None,None,Bacteria,Firmicutes,Clostridia,Lachnospirales,Lachnospiraceae,Eubacterium_ventriosum_group,metagenome,0.005842259006815969
Bacteria,Firmicutes,Clostridia,Christensenellales,Christensenellaceae,None,None,Bacteria,Firmicutes,Clostridia,Lachnospirales,Lachnospiraceae,Ruminococcus_gauvreauii_group,uncultured_Lachnospiraceae_bacterium,0.005842259006815969
Bacteria,Firmicutes,Clostridia,Christensenellales,Christensenellaceae,None,None,Bacteria,Firmicutes,Clostridia,Lachnospirales,Lachnospiraceae,Ruminococcus_gnavus_group,None,0.004868549172346641
Bacteria,Firmicutes,Clostridia,Christensenellales,Christensenellaceae,None,None,Bacteria,Firmicutes,Clostridia,Lachnospirales,Lachnospiraceae,Ruminococcus_torques_group,Clostridiaceae_bacterium_LEMV78,0.005842259006815969
Bacteria,Firmicutes,Clostridia,Christensenellales,Christensenellaceae,None,None,Bacteria,Firmicutes,Clostridia,Lachnospirales,Lachnospiraceae,Ruminococcus_torques_group,None,0.004868549172346641
Bacteria,Firmicutes,Clostridia,Christensenellales,Christensenellaceae,None,None,Bacteria,Firmicutes,Clostridia,Lachnospirales,Lachnospiraceae,None,None,0.0038948393378773127
Bacteria,Firmicutes,Clostridia,Christensenellales,Christensenellaceae,None,None,Bacteria,Firmicutes,Clostridia,Lachnospirales,Lachnospiraceae,uncultured,None,0.004868549172346641
Bacteria,Firmicutes,Clostridia,Christensenellales,Christensenellaceae,None,None,Bacteria,Firmicutes,Clostridia,Monoglobales,Monoglobaceae,Monoglobus,None,0.004868549172346641
Bacteria,Firmicutes,Clostridia,Christensenellales,Christensenellaceae,None,None,Bacteria,Firmicutes,Clostridia,Oscillospirales,Butyricicoccaceae,Butyricicoccus,None,0.004868549172346641
Bacteria,Firmicutes,Clostridia,Christensenellales,Christensenellaceae,None,None,Bacteria,Firmicutes,Clostridia,Oscillospirales,Hydrogenoanaerobacterium,None,None,0.0038948393378773127
Bacteria,Firmicutes,Clostridia,Christensenellales,Christensenellaceae,None,None,Bacteria,Firmicutes,Clostridia,Oscillospirales,Oscillospiraceae,Colidextribacter,None,0.004868549172346641
Bacteria,Firmicutes,Clostridia,Christensenellales,Christensenellaceae,None,None,Bacteria,Firmicutes,Clostridia,Oscillospirales,Oscillospiraceae,Colidextribacter,metagenome,0.005842259006815969
Bacteria,Firmicutes,Clostridia,Christensenellales,Christensenellaceae,None,None,Bacteria,Firmicutes,Clostridia,Oscillospirales,Oscillospiraceae,Flavonifractor,None,0.004868549172346641
Bacteria,Firmicutes,Clostridia,Christensenellales,Christensenellaceae,None,None,Bacteria,Firmicutes,Clostridia,Oscillospirales,Oscillospiraceae,Intestinimonas,None,0.004868549172346641
Bacteria,Firmicutes,Clostridia,Christensenellales,Christensenellaceae,None,None,Bacteria,Firmicutes,Clostridia,Oscillospirales,Oscillospiraceae,Intestinimonas,uncultured,0.005842259006815969
Bacteria,Firmicutes,Clostridia,Christensenellales,Christensenellaceae,None,None,Bacteria,Firmicutes,Clostridia,Oscillospirales,Oscillospiraceae,NK4A214_group,None,0.004868549172346641
Bacteria,Firmicutes,Clostridia,Christensenellales,Christensenellaceae,None,None,Bacteria,Firmicutes,Clostridia,Oscillospirales,Oscillospiraceae,Oscillibacter,None,0.004868549172346641
Bacteria,Firmicutes,Clostridia,Christensenellales,Christensenellaceae,None,None,Bacteria,Firmicutes,Clostridia,Oscillospirales,Oscillospiraceae,Oscillibacter,metagenome,0.005842259006815969
Bacteria,Firmicutes,Clostridia,Christensenellales,Christensenellaceae,None,None,Bacteria,Firmicutes,Clostridia,Oscillospirales,Oscillospiraceae,Oscillospira,None,0.004868549172346641
Bacteria,Firmicutes,Clostridia,Christensenellales,Christensenellaceae,None,None,Bacteria,Firmicutes,Clostridia,Oscillospirales,Oscillospiraceae,UCG-002,None,0.004868549172346641
Bacteria,Firmicutes,Clostridia,Christensenellales,Christensenellaceae,None,None,Bacteria,Firmicutes,Clostridia,Oscillospirales,Oscillospiraceae,UCG-003,None,0.004868549172346641
Bacteria,Firmicutes,Clostridia,Christensenellales,Christensenellaceae,None,None,Bacteria,Firmicutes,Clostridia,Oscillospirales,Oscillospiraceae,UCG-005,None,0.004868549172346641
Bacteria,Firmicutes,Clostridia,Christensenellales,Christensenellaceae,None,None,Bacteria,Firmicutes,Clostridia,Oscillospirales,Oscillospiraceae,UCG-005,metagenome,0.005842259006815969
Bacteria,Firmicutes,Clostridia,Christensenellales,Christensenellaceae,None,None,Bacteria,Firmicutes,Clostridia,Oscillospirales,Oscillospiraceae,UCG-005,uncultured_Clostridiales_bacterium,0.005842259006815969
Bacteria,Firmicutes,Clostridia,Christensenellales,Christensenellaceae,None,None,Bacteria,Firmicutes,Clostridia,Oscillospirales,Oscillospiraceae,UCG-005,uncultured_rumen_bacterium,0.005842259006815969
Bacteria,Firmicutes,Clostridia,Christensenellales,Christensenellaceae,None,None,Bacteria,Firmicutes,Clostridia,Oscillospirales,Oscillospiraceae,None,None,0.0038948393378773127
Bacteria,Firmicutes,Clostridia,Christensenellales,Christensenellaceae,None,None,Bacteria,Firmicutes,Clostridia,Oscillospirales,Oscillospiraceae,uncultured,metagenome,0.005842259006815969
Bacteria,Firmicutes,Clostridia,Christensenellales,Christensenellaceae,None,None,Bacteria,Firmicutes,Clostridia,Oscillospirales,Oscillospiraceae,uncultured,unidentified,0.005842259006815969
Bacteria,Firmicutes,Clostridia,Christensenellales,Christensenellaceae,None,None,Bacteria,Firmicutes,Clostridia,Oscillospirales,Ruminococcaceae,Anaerofilum,uncultured_Firmicutes_bacterium,0.005842259006815969
Bacteria,Firmicutes,Clostridia,Christensenellales,Christensenellaceae,None,None,Bacteria,Firmicutes,Clostridia,Oscillospirales,Ruminococcaceae,Anaerotruncus,Anaerotruncus_rubiinfantis,0.005842259006815969
Bacteria,Firmicutes,Clostridia,Christensenellales,Christensenellaceae,None,None,Bacteria,Firmicutes,Clostridia,Oscillospirales,Ruminococcaceae,Anaerotruncus,Anaerotruncus_sp._NML_070203,0.005842259006815969
Bacteria,Firmicutes,Clostridia,Christensenellales,Christensenellaceae,None,None,Bacteria,Firmicutes,Clostridia,Oscillospirales,Ruminococcaceae,Candidatus_Soleaferrea,Neobitarella_massiliensis,0.005842259006815969
Bacteria,Firmicutes,Clostridia,Christensenellales,Christensenellaceae,None,None,Bacteria,Firmicutes,Clostridia,Oscillospirales,Ruminococcaceae,Candidatus_Soleaferrea,None,0.004868549172346641
Bacteria,Firmicutes,Clostridia,Christensenellales,Christensenellaceae,None,None,Bacteria,Firmicutes,Clostridia,Oscillospirales,Ruminococcaceae,DTU089,None,0.004868549172346641
Bacteria,Firmicutes,Clostridia,Christensenellales,Christensenellaceae,None,None,Bacteria,Firmicutes,Clostridia,Oscillospirales,Ruminococcaceae,Faecalibacterium,None,0.004868549172346641
Bacteria,Firmicutes,Clostridia,Christensenellales,Christensenellaceae,None,None,Bacteria,Firmicutes,Clostridia,Oscillospirales,Ruminococcaceae,Fournierella,uncultured_organism,0.005842259006815969
Bacteria,Firmicutes,Clostridia,Christensenellales,Christensenellaceae,None,None,Bacteria,Firmicutes,Clostridia,Oscillospirales,Ruminococcaceae,Incertae_Sedis,metagenome,0.005842259006815969
Bacteria,Firmicutes,Clostridia,Christensenellales,Christensenellaceae,None,None,Bacteria,Firmicutes,Clostridia,Oscillospirales,Ruminococcaceae,Incertae_Sedis,None,0.004868549172346641
Bacteria,Firmicutes,Clostridia,Christensenellales,Christensenellaceae,None,None,Bacteria,Firmicutes,Clostridia,Oscillospirales,Ruminococcaceae,Negativibacillus,None,0.004868549172346641
Bacteria,Firmicutes,Clostridia,Christensenellales,Christensenellaceae,None,None,Bacteria,Firmicutes,Clostridia,Oscillospirales,Ruminococcaceae,Ruminococcus,Ruminococcus_champanellensis,0.005842259006815969
Bacteria,Firmicutes,Clostridia,Christensenellales,Christensenellaceae,None,None,Bacteria,Firmicutes,Clostridia,Oscillospirales,Ruminococcaceae,Ruminococcus,None,0.004868549172346641
Bacteria,Firmicutes,Clostridia,Christensenellales,Christensenellaceae,None,None,Bacteria,Firmicutes,Clostridia,Oscillospirales,Ruminococcaceae,Subdoligranulum,None,0.004868549172346641
Bacteria,Firmicutes,Clostridia,Christensenellales,Christensenellaceae,None,None,Bacteria,Firmicutes,Clostridia,Oscillospirales,Ruminococcaceae,UBA1819,None,0.004868549172346641
Bacteria,Firmicutes,Clostridia,Christensenellales,Christensenellaceae,None,None,Bacteria,Firmicutes,Clostridia,Oscillospirales,Ruminococcaceae,Eubacterium_siraeum_group,None,0.004868549172346641
Bacteria,Firmicutes,Clostridia,Christensenellales,Christensenellaceae,None,None,Bacteria,Firmicutes,Clostridia,Oscillospirales,Ruminococcaceae,None,None,0.0038948393378773127
Bacteria,Firmicutes,Clostridia,Christensenellales,Christensenellaceae,None,None,Bacteria,Firmicutes,Clostridia,Oscillospirales,UCG-010,None,None,0.0038948393378773127
Bacteria,Firmicutes,Clostridia,Christensenellales,Christensenellaceae,None,None,Bacteria,Firmicutes,Clostridia,Oscillospirales,UCG-010,metagenome,None,0.004868549172346641
Bacteria,Firmicutes,Clostridia,Christensenellales,Christensenellaceae,None,None,Bacteria,Firmicutes,Clostridia,Oscillospirales,UCG-010,uncultured_bacterium,None,0.004868549172346641
Bacteria,Firmicutes,Clostridia,Christensenellales,Christensenellaceae,None,None,Bacteria,Firmicutes,Clostridia,Oscillospirales,UCG-010,uncultured_organism,None,0.004868549172346641
Bacteria,Firmicutes,Clostridia,Christensenellales,Christensenellaceae,None,None,Bacteria,Firmicutes,Clostridia,Oscillospirales,Clostridium_methylpentosum_group,None,None,0.0038948393378773127
Bacteria,Firmicutes,Clostridia,Christensenellales,Christensenellaceae,None,None,Bacteria,Firmicutes,Clostridia,Oscillospirales,Eubacterium_coprostanoligenes_group,None,None,0.0038948393378773127
Bacteria,Firmicutes,Clostridia,Christensenellales,Christensenellaceae,None,None,Bacteria,Firmicutes,Clostridia,Oscillospirales,None,None,None,0.0029211295034079843
Bacteria,Firmicutes,Clostridia,Christensenellales,Christensenellaceae,None,None,Bacteria,Firmicutes,Clostridia,Peptococcales,Peptococcaceae,uncultured,None,0.004868549172346641
Bacteria,Firmicutes,Clostridia,Christensenellales,Christensenellaceae,None,None,Bacteria,Firmicutes,Clostridia,Peptostreptococcales-Tissierellales,Anaerovoracaceae,Family_XIII_AD3011_group,metagenome,0.005842259006815969
Bacteria,Firmicutes,Clostridia,Christensenellales,Christensenellaceae,None,None,Bacteria,Firmicutes,Clostridia,Peptostreptococcales-Tissierellales,Anaerovoracaceae,Family_XIII_AD3011_group,None,0.004868549172346641
Bacteria,Firmicutes,Clostridia,Christensenellales,Christensenellaceae,None,None,Bacteria,Firmicutes,Clostridia,Peptostreptococcales-Tissierellales,Anaerovoracaceae,Family_XIII_AD3011_group,uncultured,0.005842259006815969
Bacteria,Firmicutes,Clostridia,Christensenellales,Christensenellaceae,None,None,Bacteria,Firmicutes,Clostridia,Peptostreptococcales-Tissierellales,Anaerovoracaceae,Family_XIII_UCG-001,metagenome,0.005842259006815969
Bacteria,Firmicutes,Clostridia,Christensenellales,Christensenellaceae,None,None,Bacteria,Firmicutes,Clostridia,Peptostreptococcales-Tissierellales,Anaerovoracaceae,Eubacterium_nodatum_group,None,0.004868549172346641
Bacteria,Firmicutes,Clostridia,Christensenellales,Christensenellaceae,None,None,Bacteria,Firmicutes,Clostridia,Peptostreptococcales-Tissierellales,Anaerovoracaceae,None,None,0.0038948393378773127
Bacteria,Firmicutes,Clostridia,Christensenellales,Christensenellaceae,None,None,Bacteria,Firmicutes,Clostridia,Peptostreptococcales-Tissierellales,Parvimonas,None,None,0.0038948393378773127
Bacteria,Firmicutes,Clostridia,Christensenellales,Christensenellaceae,None,None,Bacteria,Firmicutes,Clostridia,None,None,None,None,0.0019474196689386564
Bacteria,Firmicutes,Clostridia,Christensenellales,Christensenellaceae,None,None,Bacteria,Firmicutes,Incertae_Sedis,DTU014,unidentified,None,None,0.005842259006815969
Bacteria,Firmicutes,Clostridia,Christensenellales,Christensenellaceae,None,None,Bacteria,Firmicutes,Limnochordia,M55-D21,uncultured_compost_bacterium,None,None,0.005842259006815969
Bacteria,Firmicutes,Clostridia,Christensenellales,Christensenellaceae,None,None,Bacteria,Firmicutes,Negativicutes,Acidaminococcales,Acidaminococcaceae,Phascolarctobacterium,None,0.006815968841285297
Bacteria,Firmicutes,Clostridia,Christensenellales,Christensenellaceae,None,None,Bacteria,Firmicutes,None,None,None,None,None,0.0029211295034079843
Bacteria,Firmicutes,Clostridia,Christensenellales,Christensenellaceae,None,None,Bacteria,Firmicutes,uncultured,uncultured_Peptococcaceae_bacterium,None,None,None,0.004868549172346641
Bacteria,Firmicutes,Clostridia,Christensenellales,Christensenellaceae,None,None,Bacteria,Proteobacteria,Alphaproteobacteria,Rhodospirillales,uncultured,None,None,0.007789678675754625
Bacteria,Firmicutes,Clostridia,Christensenellales,Christensenellaceae,None,None,Bacteria,Proteobacteria,Gammaproteobacteria,Burkholderiales,Sutterellaceae,Sutterella,Sutterella_sp._252,0.009737098344693282
Bacteria,Firmicutes,Clostridia,Christensenellales,Christensenellaceae,None,None,Bacteria,Proteobacteria,Gammaproteobacteria,Enterobacterales,Enterobacteriaceae,Escherichia-Shigella,None,0.008763388510223954
Bacteria,Firmicutes,Clostridia,Christensenellales,Christensenellaceae,None,None,Bacteria,Proteobacteria,Gammaproteobacteria,Enterobacterales,Enterobacteriaceae,Klebsiella,None,0.008763388510223954
Bacteria,Firmicutes,Clostridia,Christensenellales,Christensenellaceae,None,None,Bacteria,Proteobacteria,Gammaproteobacteria,Enterobacterales,Enterobacteriaceae,None,None,0.007789678675754625
Bacteria,Firmicutes,Clostridia,Christensenellales,Christensenellaceae,None,None,Bacteria,Proteobacteria,Gammaproteobacteria,Pseudomonadales,Pseudomonadaceae,Pseudomonas,None,0.008763388510223954
Bacteria,Firmicutes,Clostridia,Christensenellales,Christensenellaceae,None,None,Bacteria,Synergistota,Synergistia,Synergistales,Synergistaceae,Cloacibacillus,None,0.008763388510223954
Bacteria,Firmicutes,Clostridia,Christensenellales,Christensenellaceae,None,None,Bacteria,Verrucomicrobiota,Verrucomicrobiae,Verrucomicrobiales,Akkermansiaceae,Akkermansia,None,0.008763388510223954
Bacteria,Firmicutes,Clostridia,Clostridia_vadinBB60_group,metagenome,None,None,Bacteria,Firmicutes,Clostridia,Clostridia_vadinBB60_group,wastewater_metagenome,None,None,0.0019474196689386564
Bacteria,Firmicutes,Clostridia,Clostridia_vadinBB60_group,metagenome,None,None,Bacteria,Firmicutes,Clostridia,Clostridiales,Christensenellaceae,Christensenella,PAC001427,0.005842259006815969
Bacteria,Firmicutes,Clostridia,Clostridia_vadinBB60_group,metagenome,None,None,Bacteria,Firmicutes,Clostridia,Clostridiales,Christensenellaceae,Christensenella,PAC002297,0.005842259006815969
Bacteria,Firmicutes,Clostridia,Clostridia_vadinBB60_group,metagenome,None,None,Bacteria,Firmicutes,Clostridia,Clostridiales,Christensenellaceae,PAC001115,PAC001444,0.005842259006815969
Bacteria,Firmicutes,Clostridia,Clostridia_vadinBB60_group,metagenome,None,None,Bacteria,Firmicutes,Clostridia,Clostridiales,Christensenellaceae,PAC001437,PAC001486,0.005842259006815969
Bacteria,Firmicutes,Clostridia,Clostridia_vadinBB60_group,metagenome,None,None,Bacteria,Firmicutes,Clostridia,Clostridiales,Christensenellaceae,PAC001437,PAC002305,0.005842259006815969
Bacteria,Firmicutes,Clostridia,Clostridia_vadinBB60_group,metagenome,None,None,Bacteria,Firmicutes,Clostridia,Clostridiales,Christensenellaceae,PAC002510,PAC002510,0.005842259006815969
Bacteria,Firmicutes,Clostridia,Clostridia_vadinBB60_group,metagenome,None,None,Bacteria,Firmicutes,Clostridia,Clostridiales,Dehalobacterium,PAC002141,PAC002141,0.005842259006815969
Bacteria,Firmicutes,Clostridia,Clostridia_vadinBB60_group,metagenome,None,None,Bacteria,Firmicutes,Clostridia,Clostridiales,Ruminococcaceae,PAC000742,PAC000742,0.005842259006815969
Bacteria,Firmicutes,Clostridia,Clostridia_vadinBB60_group,metagenome,None,None,Bacteria,Firmicutes,Clostridia,Clostridiales,Ruminococcaceae,PAC001144,PAC001620,0.005842259006815969
Bacteria,Firmicutes,Clostridia,Clostridia_vadinBB60_group,metagenome,None,None,Bacteria,Firmicutes,Clostridia,Clostridiales,Ruminococcaceae,PAC001313,PAC001649,0.005842259006815969
Bacteria,Firmicutes,Clostridia,Clostridia_vadinBB60_group,metagenome,None,None,Bacteria,Firmicutes,Clostridia,Clostridiales,Ruminococcaceae,PAC002201,PAC002201,0.005842259006815969
Bacteria,Firmicutes,Clostridia,Clostridia_vadinBB60_group,metagenome,None,None,Bacteria,Firmicutes,Clostridia,Eubacteriales,Eubacteriaceae,Eubacterium,None,0.004868549172346641
Bacteria,Firmicutes,Clostridia,Clostridia_vadinBB60_group,metagenome,None,None,Bacteria,Firmicutes,Clostridia,Lachnospirales,Lachnospiraceae,Agathobacter,None,0.004868549172346641
Bacteria,Firmicutes,Clostridia,Clostridia_vadinBB60_group,metagenome,None,None,Bacteria,Firmicutes,Clostridia,Lachnospirales,Lachnospiraceae,Anaerostipes,None,0.004868549172346641
Bacteria,Firmicutes,Clostridia,Clostridia_vadinBB60_group,metagenome,None,None,Bacteria,Firmicutes,Clostridia,Lachnospirales,Lachnospiraceae,Blautia,None,0.004868549172346641
Bacteria,Firmicutes,Clostridia,Clostridia_vadinBB60_group,metagenome,None,None,Bacteria,Firmicutes,Clostridia,Lachnospirales,Lachnospiraceae,Blautia,bacterium_mpn-isolate_group_20,0.005842259006815969
Bacteria,Firmicutes,Clostridia,Clostridia_vadinBB60_group,metagenome,None,None,Bacteria,Firmicutes,Clostridia,Lachnospirales,Lachnospiraceae,Blautia,uncultured_Blautia_sp.,0.005842259006815969
Bacteria,Firmicutes,Clostridia,Clostridia_vadinBB60_group,metagenome,None,None,Bacteria,Firmicutes,Clostridia,Lachnospirales,Lachnospiraceae,Coprococcus,None,0.004868549172346641
Bacteria,Firmicutes,Clostridia,Clostridia_vadinBB60_group,metagenome,None,None,Bacteria,Firmicutes,Clostridia,Lachnospirales,Lachnospiraceae,Coprococcus,uncultured_Coprococcus_sp.,0.005842259006815969
Bacteria,Firmicutes,Clostridia,Clostridia_vadinBB60_group,metagenome,None,None,Bacteria,Firmicutes,Clostridia,Lachnospirales,Lachnospiraceae,Dorea,None,0.004868549172346641
Bacteria,Firmicutes,Clostridia,Clostridia_vadinBB60_group,metagenome,None,None,Bacteria,Firmicutes,Clostridia,Lachnospirales,Lachnospiraceae,Eisenbergiella,None,0.004868549172346641
Bacteria,Firmicutes,Clostridia,Clostridia_vadinBB60_group,metagenome,None,None,Bacteria,Firmicutes,Clostridia,Lachnospirales,Lachnospiraceae,Frisingicoccus,None,0.004868549172346641
Bacteria,Firmicutes,Clostridia,Clostridia_vadinBB60_group,metagenome,None,None,Bacteria,Firmicutes,Clostridia,Lachnospirales,Lachnospiraceae,Fusicatenibacter,uncultured_Lachnospiraceae_bacterium,0.005842259006815969
Bacteria,Firmicutes,Clostridia,Clostridia_vadinBB60_group,metagenome,None,None,Bacteria,Firmicutes,Clostridia,Lachnospirales,Lachnospiraceae,GCA-900066575,None,0.004868549172346641
Bacteria,Firmicutes,Clostridia,Clostridia_vadinBB60_group,metagenome,None,None,Bacteria,Firmicutes,Clostridia,Lachnospirales,Lachnospiraceae,GCA-900066575,metagenome,0.005842259006815969
Bacteria,Firmicutes,Clostridia,Clostridia_vadinBB60_group,metagenome,None,None,Bacteria,Firmicutes,Clostridia,Lachnospirales,Lachnospiraceae,GCA-900066755,None,0.004868549172346641
Bacteria,Firmicutes,Clostridia,Clostridia_vadinBB60_group,metagenome,None,None,Bacteria,Firmicutes,Clostridia,Lachnospirales,Lachnospiraceae,Hungatella,metagenome,0.005842259006815969
Bacteria,Firmicutes,Clostridia,Clostridia_vadinBB60_group,metagenome,None,None,Bacteria,Firmicutes,Clostridia,Lachnospirales,Lachnospiraceae,Lachnoclostridium,Clostridium_symbiosum,0.005842259006815969
Bacteria,Firmicutes,Clostridia,Clostridia_vadinBB60_group,metagenome,None,None,Bacteria,Firmicutes,Clostridia,Lachnospirales,Lachnospiraceae,Lachnoclostridium,None,0.004868549172346641
Bacteria,Firmicutes,Clostridia,Clostridia_vadinBB60_group,metagenome,None,None,Bacteria,Firmicutes,Clostridia,Lachnospirales,Lachnospiraceae,Lachnoclostridium,uncultured_Lachnospiraceae_bacterium,0.005842259006815969
Bacteria,Firmicutes,Clostridia,Clostridia_vadinBB60_group,metagenome,None,None,Bacteria,Firmicutes,Clostridia,Lachnospirales,Lachnospiraceae,Lachnospiraceae_ND3007_group,metagenome,0.005842259006815969
Bacteria,Firmicutes,Clostridia,Clostridia_vadinBB60_group,metagenome,None,None,Bacteria,Firmicutes,Clostridia,Lachnospirales,Lachnospiraceae,Lachnospiraceae_NK4A136_group,None,0.004868549172346641
Bacteria,Firmicutes,Clostridia,Clostridia_vadinBB60_group,metagenome,None,None,Bacteria,Firmicutes,Clostridia,Lachnospirales,Lachnospiraceae,Lachnospiraceae_NK4A136_group,uncultured_Lachnospiraceae_bacterium,0.005842259006815969
Bacteria,Firmicutes,Clostridia,Clostridia_vadinBB60_group,metagenome,None,None,Bacteria,Firmicutes,Clostridia,Lachnospirales,Lachnospiraceae,Lachnospiraceae_NK4A136_group,uncultured_bacterium_Adhufec49.25,0.005842259006815969
Bacteria,Firmicutes,Clostridia,Clostridia_vadinBB60_group,metagenome,None,None,Bacteria,Firmicutes,Clostridia,Lachnospirales,Lachnospiraceae,Lachnospiraceae_NK4B4_group,None,0.004868549172346641
Bacteria,Firmicutes,Clostridia,Clostridia_vadinBB60_group,metagenome,None,None,Bacteria,Firmicutes,Clostridia,Lachnospirales,Lachnospiraceae,Lachnospiraceae_UCG-001,metagenome,0.005842259006815969
Bacteria,Firmicutes,Clostridia,Clostridia_vadinBB60_group,metagenome,None,None,Bacteria,Firmicutes,Clostridia,Lachnospirales,Lachnospiraceae,Lachnospiraceae_UCG-004,None,0.004868549172346641
Bacteria,Firmicutes,Clostridia,Clostridia_vadinBB60_group,metagenome,None,None,Bacteria,Firmicutes,Clostridia,Lachnospirales,Lachnospiraceae,Lachnospiraceae_UCG-008,metagenome,0.005842259006815969
Bacteria,Firmicutes,Clostridia,Clostridia_vadinBB60_group,metagenome,None,None,Bacteria,Firmicutes,Clostridia,Lachnospirales,Lachnospiraceae,Lachnospiraceae_UCG-010,None,0.004868549172346641
Bacteria,Firmicutes,Clostridia,Clostridia_vadinBB60_group,metagenome,None,None,Bacteria,Firmicutes,Clostridia,Lachnospirales,Lachnospiraceae,Marvinbryantia,None,0.004868549172346641
Bacteria,Firmicutes,Clostridia,Clostridia_vadinBB60_group,metagenome,None,None,Bacteria,Firmicutes,Clostridia,Lachnospirales,Lachnospiraceae,Marvinbryantia,unidentified,0.005842259006815969
Bacteria,Firmicutes,Clostridia,Clostridia_vadinBB60_group,metagenome,None,None,Bacteria,Firmicutes,Clostridia,Lachnospirales,Lachnospiraceae,Roseburia,None,0.004868549172346641
Bacteria,Firmicutes,Clostridia,Clostridia_vadinBB60_group,metagenome,None,None,Bacteria,Firmicutes,Clostridia,Lachnospirales,Lachnospiraceae,Roseburia,gut_metagenome,0.005842259006815969
Bacteria,Firmicutes,Clostridia,Clostridia_vadinBB60_group,metagenome,None,None,Bacteria,Firmicutes,Clostridia,Lachnospirales,Lachnospiraceae,Tuzzerella,None,0.004868549172346641
Bacteria,Firmicutes,Clostridia,Clostridia_vadinBB60_group,metagenome,None,None,Bacteria,Firmicutes,Clostridia,Lachnospirales,Lachnospiraceae,Tyzzerella,None,0.004868549172346641
Bacteria,Firmicutes,Clostridia,Clostridia_vadinBB60_group,metagenome,None,None,Bacteria,Firmicutes,Clostridia,Lachnospirales,Lachnospiraceae,Eubacterium_hallii_group,None,0.004868549172346641
Bacteria,Firmicutes,Clostridia,Clostridia_vadinBB60_group,metagenome,None,None,Bacteria,Firmicutes,Clostridia,Lachnospirales,Lachnospiraceae,Eubacterium_ventriosum_group,metagenome,0.005842259006815969
Bacteria,Firmicutes,Clostridia,Clostridia_vadinBB60_group,metagenome,None,None,Bacteria,Firmicutes,Clostridia,Lachnospirales,Lachnospiraceae,Ruminococcus_gauvreauii_group,uncultured_Lachnospiraceae_bacterium,0.005842259006815969
Bacteria,Firmicutes,Clostridia,Clostridia_vadinBB60_group,metagenome,None,None,Bacteria,Firmicutes,Clostridia,Lachnospirales,Lachnospiraceae,Ruminococcus_gnavus_group,None,0.004868549172346641
Bacteria,Firmicutes,Clostridia,Clostridia_vadinBB60_group,metagenome,None,None,Bacteria,Firmicutes,Clostridia,Lachnospirales,Lachnospiraceae,Ruminococcus_torques_group,Clostridiaceae_bacterium_LEMV78,0.005842259006815969
Bacteria,Firmicutes,Clostridia,Clostridia_vadinBB60_group,metagenome,None,None,Bacteria,Firmicutes,Clostridia,Lachnospirales,Lachnospiraceae,Ruminococcus_torques_group,None,0.004868549172346641
Bacteria,Firmicutes,Clostridia,Clostridia_vadinBB60_group,metagenome,None,None,Bacteria,Firmicutes,Clostridia,Lachnospirales,Lachnospiraceae,None,None,0.0038948393378773127
Bacteria,Firmicutes,Clostridia,Clostridia_vadinBB60_group,metagenome,None,None,Bacteria,Firmicutes,Clostridia,Lachnospirales,Lachnospiraceae,uncultured,None,0.004868549172346641
Bacteria,Firmicutes,Clostridia,Clostridia_vadinBB60_group,metagenome,None,None,Bacteria,Firmicutes,Clostridia,Monoglobales,Monoglobaceae,Monoglobus,None,0.004868549172346641
Bacteria,Firmicutes,Clostridia,Clostridia_vadinBB60_group,metagenome,None,None,Bacteria,Firmicutes,Clostridia,Oscillospirales,Butyricicoccaceae,Butyricicoccus,None,0.004868549172346641
Bacteria,Firmicutes,Clostridia,Clostridia_vadinBB60_group,metagenome,None,None,Bacteria,Firmicutes,Clostridia,Oscillospirales,Hydrogenoanaerobacterium,None,None,0.0038948393378773127
Bacteria,Firmicutes,Clostridia,Clostridia_vadinBB60_group,metagenome,None,None,Bacteria,Firmicutes,Clostridia,Oscillospirales,Oscillospiraceae,Colidextribacter,None,0.004868549172346641
Bacteria,Firmicutes,Clostridia,Clostridia_vadinBB60_group,metagenome,None,None,Bacteria,Firmicutes,Clostridia,Oscillospirales,Oscillospiraceae,Colidextribacter,metagenome,0.005842259006815969
Bacteria,Firmicutes,Clostridia,Clostridia_vadinBB60_group,metagenome,None,None,Bacteria,Firmicutes,Clostridia,Oscillospirales,Oscillospiraceae,Flavonifractor,None,0.004868549172346641
Bacteria,Firmicutes,Clostridia,Clostridia_vadinBB60_group,metagenome,None,None,Bacteria,Firmicutes,Clostridia,Oscillospirales,Oscillospiraceae,Intestinimonas,None,0.004868549172346641
Bacteria,Firmicutes,Clostridia,Clostridia_vadinBB60_group,metagenome,None,None,Bacteria,Firmicutes,Clostridia,Oscillospirales,Oscillospiraceae,Intestinimonas,uncultured,0.005842259006815969
Bacteria,Firmicutes,Clostridia,Clostridia_vadinBB60_group,metagenome,None,None,Bacteria,Firmicutes,Clostridia,Oscillospirales,Oscillospiraceae,NK4A214_group,None,0.004868549172346641
Bacteria,Firmicutes,Clostridia,Clostridia_vadinBB60_group,metagenome,None,None,Bacteria,Firmicutes,Clostridia,Oscillospirales,Oscillospiraceae,Oscillibacter,None,0.004868549172346641
Bacteria,Firmicutes,Clostridia,Clostridia_vadinBB60_group,metagenome,None,None,Bacteria,Firmicutes,Clostridia,Oscillospirales,Oscillospiraceae,Oscillibacter,metagenome,0.005842259006815969
Bacteria,Firmicutes,Clostridia,Clostridia_vadinBB60_group,metagenome,None,None,Bacteria,Firmicutes,Clostridia,Oscillospirales,Oscillospiraceae,Oscillospira,None,0.004868549172346641
Bacteria,Firmicutes,Clostridia,Clostridia_vadinBB60_group,metagenome,None,None,Bacteria,Firmicutes,Clostridia,Oscillospirales,Oscillospiraceae,UCG-002,None,0.004868549172346641
Bacteria,Firmicutes,Clostridia,Clostridia_vadinBB60_group,metagenome,None,None,Bacteria,Firmicutes,Clostridia,Oscillospirales,Oscillospiraceae,UCG-003,None,0.004868549172346641
Bacteria,Firmicutes,Clostridia,Clostridia_vadinBB60_group,metagenome,None,None,Bacteria,Firmicutes,Clostridia,Oscillospirales,Oscillospiraceae,UCG-005,None,0.004868549172346641
Bacteria,Firmicutes,Clostridia,Clostridia_vadinBB60_group,metagenome,None,None,Bacteria,Firmicutes,Clostridia,Oscillospirales,Oscillospiraceae,UCG-005,metagenome,0.005842259006815969
Bacteria,Firmicutes,Clostridia,Clostridia_vadinBB60_group,metagenome,None,None,Bacteria,Firmicutes,Clostridia,Oscillospirales,Oscillospiraceae,UCG-005,uncultured_Clostridiales_bacterium,0.005842259006815969
Bacteria,Firmicutes,Clostridia,Clostridia_vadinBB60_group,metagenome,None,None,Bacteria,Firmicutes,Clostridia,Oscillospirales,Oscillospiraceae,UCG-005,uncultured_rumen_bacterium,0.005842259006815969
Bacteria,Firmicutes,Clostridia,Clostridia_vadinBB60_group,metagenome,None,None,Bacteria,Firmicutes,Clostridia,Oscillospirales,Oscillospiraceae,None,None,0.0038948393378773127
Bacteria,Firmicutes,Clostridia,Clostridia_vadinBB60_group,metagenome,None,None,Bacteria,Firmicutes,Clostridia,Oscillospirales,Oscillospiraceae,uncultured,metagenome,0.005842259006815969
Bacteria,Firmicutes,Clostridia,Clostridia_vadinBB60_group,metagenome,None,None,Bacteria,Firmicutes,Clostridia,Oscillospirales,Oscillospiraceae,uncultured,unidentified,0.005842259006815969
Bacteria,Firmicutes,Clostridia,Clostridia_vadinBB60_group,metagenome,None,None,Bacteria,Firmicutes,Clostridia,Oscillospirales,Ruminococcaceae,Anaerofilum,uncultured_Firmicutes_bacterium,0.005842259006815969
Bacteria,Firmicutes,Clostridia,Clostridia_vadinBB60_group,metagenome,None,None,Bacteria,Firmicutes,Clostridia,Oscillospirales,Ruminococcaceae,Anaerotruncus,Anaerotruncus_rubiinfantis,0.005842259006815969
Bacteria,Firmicutes,Clostridia,Clostridia_vadinBB60_group,metagenome,None,None,Bacteria,Firmicutes,Clostridia,Oscillospirales,Ruminococcaceae,Anaerotruncus,Anaerotruncus_sp._NML_070203,0.005842259006815969
Bacteria,Firmicutes,Clostridia,Clostridia_vadinBB60_group,metagenome,None,None,Bacteria,Firmicutes,Clostridia,Oscillospirales,Ruminococcaceae,Candidatus_Soleaferrea,Neobitarella_massiliensis,0.005842259006815969
Bacteria,Firmicutes,Clostridia,Clostridia_vadinBB60_group,metagenome,None,None,Bacteria,Firmicutes,Clostridia,Oscillospirales,Ruminococcaceae,Candidatus_Soleaferrea,None,0.004868549172346641
Bacteria,Firmicutes,Clostridia,Clostridia_vadinBB60_group,metagenome,None,None,Bacteria,Firmicutes,Clostridia,Oscillospirales,Ruminococcaceae,DTU089,None,0.004868549172346641
Bacteria,Firmicutes,Clostridia,Clostridia_vadinBB60_group,metagenome,None,None,Bacteria,Firmicutes,Clostridia,Oscillospirales,Ruminococcaceae,Faecalibacterium,None,0.004868549172346641
Bacteria,Firmicutes,Clostridia,Clostridia_vadinBB60_group,metagenome,None,None,Bacteria,Firmicutes,Clostridia,Oscillospirales,Ruminococcaceae,Fournierella,uncultured_organism,0.005842259006815969
Bacteria,Firmicutes,Clostridia,Clostridia_vadinBB60_group,metagenome,None,None,Bacteria,Firmicutes,Clostridia,Oscillospirales,Ruminococcaceae,Incertae_Sedis,metagenome,0.005842259006815969
Bacteria,Firmicutes,Clostridia,Clostridia_vadinBB60_group,metagenome,None,None,Bacteria,Firmicutes,Clostridia,Oscillospirales,Ruminococcaceae,Incertae_Sedis,None,0.004868549172346641
Bacteria,Firmicutes,Clostridia,Clostridia_vadinBB60_group,metagenome,None,None,Bacteria,Firmicutes,Clostridia,Oscillospirales,Ruminococcaceae,Negativibacillus,None,0.004868549172346641
Bacteria,Firmicutes,Clostridia,Clostridia_vadinBB60_group,metagenome,None,None,Bacteria,Firmicutes,Clostridia,Oscillospirales,Ruminococcaceae,Ruminococcus,Ruminococcus_champanellensis,0.005842259006815969
Bacteria,Firmicutes,Clostridia,Clostridia_vadinBB60_group,metagenome,None,None,Bacteria,Firmicutes,Clostridia,Oscillospirales,Ruminococcaceae,Ruminococcus,None,0.004868549172346641
Bacteria,Firmicutes,Clostridia,Clostridia_vadinBB60_group,metagenome,None,None,Bacteria,Firmicutes,Clostridia,Oscillospirales,Ruminococcaceae,Subdoligranulum,None,0.004868549172346641
Bacteria,Firmicutes,Clostridia,Clostridia_vadinBB60_group,metagenome,None,None,Bacteria,Firmicutes,Clostridia,Oscillospirales,Ruminococcaceae,UBA1819,None,0.004868549172346641
Bacteria,Firmicutes,Clostridia,Clostridia_vadinBB60_group,metagenome,None,None,Bacteria,Firmicutes,Clostridia,Oscillospirales,Ruminococcaceae,Eubacterium_siraeum_group,None,0.004868549172346641
Bacteria,Firmicutes,Clostridia,Clostridia_vadinBB60_group,metagenome,None,None,Bacteria,Firmicutes,Clostridia,Oscillospirales,Ruminococcaceae,None,None,0.0038948393378773127
Bacteria,Firmicutes,Clostridia,Clostridia_vadinBB60_group,metagenome,None,None,Bacteria,Firmicutes,Clostridia,Oscillospirales,UCG-010,None,None,0.0038948393378773127
Bacteria,Firmicutes,Clostridia,Clostridia_vadinBB60_group,metagenome,None,None,Bacteria,Firmicutes,Clostridia,Oscillospirales,UCG-010,metagenome,None,0.004868549172346641
Bacteria,Firmicutes,Clostridia,Clostridia_vadinBB60_group,metagenome,None,None,Bacteria,Firmicutes,Clostridia,Oscillospirales,UCG-010,uncultured_bacterium,None,0.004868549172346641
Bacteria,Firmicutes,Clostridia,Clostridia_vadinBB60_group,metagenome,None,None,Bacteria,Firmicutes,Clostridia,Oscillospirales,UCG-010,uncultured_organism,None,0.004868549172346641
Bacteria,Firmicutes,Clostridia,Clostridia_vadinBB60_group,metagenome,None,None,Bacteria,Firmicutes,Clostridia,Oscillospirales,Clostridium_methylpentosum_group,None,None,0.0038948393378773127
Bacteria,Firmicutes,Clostridia,Clostridia_vadinBB60_group,metagenome,None,None,Bacteria,Firmicutes,Clostridia,Oscillospirales,Eubacterium_coprostanoligenes_group,None,None,0.0038948393378773127
Bacteria,Firmicutes,Clostridia,Clostridia_vadinBB60_group,metagenome,None,None,Bacteria,Firmicutes,Clostridia,Oscillospirales,None,None,None,0.0029211295034079843
Bacteria,Firmicutes,Clostridia,Clostridia_vadinBB60_group,metagenome,None,None,Bacteria,Firmicutes,Clostridia,Peptococcales,Peptococcaceae,uncultured,None,0.004868549172346641
Bacteria,Firmicutes,Clostridia,Clostridia_vadinBB60_group,metagenome,None,None,Bacteria,Firmicutes,Clostridia,Peptostreptococcales-Tissierellales,Anaerovoracaceae,Family_XIII_AD3011_group,metagenome,0.005842259006815969
Bacteria,Firmicutes,Clostridia,Clostridia_vadinBB60_group,metagenome,None,None,Bacteria,Firmicutes,Clostridia,Peptostreptococcales-Tissierellales,Anaerovoracaceae,Family_XIII_AD3011_group,None,0.004868549172346641
Bacteria,Firmicutes,Clostridia,Clostridia_vadinBB60_group,metagenome,None,None,Bacteria,Firmicutes,Clostridia,Peptostreptococcales-Tissierellales,Anaerovoracaceae,Family_XIII_AD3011_group,uncultured,0.005842259006815969
Bacteria,Firmicutes,Clostridia,Clostridia_vadinBB60_group,metagenome,None,None,Bacteria,Firmicutes,Clostridia,Peptostreptococcales-Tissierellales,Anaerovoracaceae,Family_XIII_UCG-001,metagenome,0.005842259006815969
Bacteria,Firmicutes,Clostridia,Clostridia_vadinBB60_group,metagenome,None,None,Bacteria,Firmicutes,Clostridia,Peptostreptococcales-Tissierellales,Anaerovoracaceae,Eubacterium_nodatum_group,None,0.004868549172346641
Bacteria,Firmicutes,Clostridia,Clostridia_vadinBB60_group,metagenome,None,None,Bacteria,Firmicutes,Clostridia,Peptostreptococcales-Tissierellales,Anaerovoracaceae,None,None,0.0038948393378773127
Bacteria,Firmicutes,Clostridia,Clostridia_vadinBB60_group,metagenome,None,None,Bacteria,Firmicutes,Clostridia,Peptostreptococcales-Tissierellales,Parvimonas,None,None,0.0038948393378773127
Bacteria,Firmicutes,Clostridia,Clostridia_vadinBB60_group,metagenome,None,None,Bacteria,Firmicutes,Clostridia,None,None,None,None,0.0019474196689386564
Bacteria,Firmicutes,Clostridia,Clostridia_vadinBB60_group,metagenome,None,None,Bacteria,Firmicutes,Incertae_Sedis,DTU014,unidentified,None,None,0.005842259006815969
Bacteria,Firmicutes,Clostridia,Clostridia_vadinBB60_group,metagenome,None,None,Bacteria,Firmicutes,Limnochordia,M55-D21,uncultured_compost_bacterium,None,None,0.005842259006815969
Bacteria,Firmicutes,Clostridia,Clostridia_vadinBB60_group,metagenome,None,None,Bacteria,Firmicutes,Negativicutes,Acidaminococcales,Acidaminococcaceae,Phascolarctobacterium,None,0.006815968841285297
Bacteria,Firmicutes,Clostridia,Clostridia_vadinBB60_group,metagenome,None,None,Bacteria,Firmicutes,None,None,None,None,None,0.0029211295034079843
Bacteria,Firmicutes,Clostridia,Clostridia_vadinBB60_group,metagenome,None,None,Bacteria,Firmicutes,uncultured,uncultured_Peptococcaceae_bacterium,None,None,None,0.004868549172346641
Bacteria,Firmicutes,Clostridia,Clostridia_vadinBB60_group,metagenome,None,None,Bacteria,Proteobacteria,Alphaproteobacteria,Rhodospirillales,uncultured,None,None,0.007789678675754625
Bacteria,Firmicutes,Clostridia,Clostridia_vadinBB60_group,metagenome,None,None,Bacteria,Proteobacteria,Gammaproteobacteria,Burkholderiales,Sutterellaceae,Sutterella,Sutterella_sp._252,0.009737098344693282
Bacteria,Firmicutes,Clostridia,Clostridia_vadinBB60_group,metagenome,None,None,Bacteria,Proteobacteria,Gammaproteobacteria,Enterobacterales,Enterobacteriaceae,Escherichia-Shigella,None,0.008763388510223954
Bacteria,Firmicutes,Clostridia,Clostridia_vadinBB60_group,metagenome,None,None,Bacteria,Proteobacteria,Gammaproteobacteria,Enterobacterales,Enterobacteriaceae,Klebsiella,None,0.008763388510223954
Bacteria,Firmicutes,Clostridia,Clostridia_vadinBB60_group,metagenome,None,None,Bacteria,Proteobacteria,Gammaproteobacteria,Enterobacterales,Enterobacteriaceae,None,None,0.007789678675754625
Bacteria,Firmicutes,Clostridia,Clostridia_vadinBB60_group,metagenome,None,None,Bacteria,Proteobacteria,Gammaproteobacteria,Pseudomonadales,Pseudomonadaceae,Pseudomonas,None,0.008763388510223954
Bacteria,Firmicutes,Clostridia,Clostridia_vadinBB60_group,metagenome,None,None,Bacteria,Synergistota,Synergistia,Synergistales,Synergistaceae,Cloacibacillus,None,0.008763388510223954
Bacteria,Firmicutes,Clostridia,Clostridia_vadinBB60_group,metagenome,None,None,Bacteria,Verrucomicrobiota,Verrucomicrobiae,Verrucomicrobiales,Akkermansiaceae,Akkermansia,None,0.008763388510223954
Bacteria,Firmicutes,Clostridia,Clostridia_vadinBB60_group,wastewater_metagenome,None,None,Bacteria,Firmicutes,Clostridia,Clostridiales,Christensenellaceae,Christensenella,PAC001427,0.005842259006815969
Bacteria,Firmicutes,Clostridia,Clostridia_vadinBB60_group,wastewater_metagenome,None,None,Bacteria,Firmicutes,Clostridia,Clostridiales,Christensenellaceae,Christensenella,PAC002297,0.005842259006815969
Bacteria,Firmicutes,Clostridia,Clostridia_vadinBB60_group,wastewater_metagenome,None,None,Bacteria,Firmicutes,Clostridia,Clostridiales,Christensenellaceae,PAC001115,PAC001444,0.005842259006815969
Bacteria,Firmicutes,Clostridia,Clostridia_vadinBB60_group,wastewater_metagenome,None,None,Bacteria,Firmicutes,Clostridia,Clostridiales,Christensenellaceae,PAC001437,PAC001486,0.005842259006815969
Bacteria,Firmicutes,Clostridia,Clostridia_vadinBB60_group,wastewater_metagenome,None,None,Bacteria,Firmicutes,Clostridia,Clostridiales,Christensenellaceae,PAC001437,PAC002305,0.005842259006815969
Bacteria,Firmicutes,Clostridia,Clostridia_vadinBB60_group,wastewater_metagenome,None,None,Bacteria,Firmicutes,Clostridia,Clostridiales,Christensenellaceae,PAC002510,PAC002510,0.005842259006815969
Bacteria,Firmicutes,Clostridia,Clostridia_vadinBB60_group,wastewater_metagenome,None,None,Bacteria,Firmicutes,Clostridia,Clostridiales,Dehalobacterium,PAC002141,PAC002141,0.005842259006815969
Bacteria,Firmicutes,Clostridia,Clostridia_vadinBB60_group,wastewater_metagenome,None,None,Bacteria,Firmicutes,Clostridia,Clostridiales,Ruminococcaceae,PAC000742,PAC000742,0.005842259006815969
Bacteria,Firmicutes,Clostridia,Clostridia_vadinBB60_group,wastewater_metagenome,None,None,Bacteria,Firmicutes,Clostridia,Clostridiales,Ruminococcaceae,PAC001144,PAC001620,0.005842259006815969
Bacteria,Firmicutes,Clostridia,Clostridia_vadinBB60_group,wastewater_metagenome,None,None,Bacteria,Firmicutes,Clostridia,Clostridiales,Ruminococcaceae,PAC001313,PAC001649,0.005842259006815969
Bacteria,Firmicutes,Clostridia,Clostridia_vadinBB60_group,wastewater_metagenome,None,None,Bacteria,Firmicutes,Clostridia,Clostridiales,Ruminococcaceae,PAC002201,PAC002201,0.005842259006815969
Bacteria,Firmicutes,Clostridia,Clostridia_vadinBB60_group,wastewater_metagenome,None,None,Bacteria,Firmicutes,Clostridia,Eubacteriales,Eubacteriaceae,Eubacterium,None,0.004868549172346641
Bacteria,Firmicutes,Clostridia,Clostridia_vadinBB60_group,wastewater_metagenome,None,None,Bacteria,Firmicutes,Clostridia,Lachnospirales,Lachnospiraceae,Agathobacter,None,0.004868549172346641
Bacteria,Firmicutes,Clostridia,Clostridia_vadinBB60_group,wastewater_metagenome,None,None,Bacteria,Firmicutes,Clostridia,Lachnospirales,Lachnospiraceae,Anaerostipes,None,0.004868549172346641
Bacteria,Firmicutes,Clostridia,Clostridia_vadinBB60_group,wastewater_metagenome,None,None,Bacteria,Firmicutes,Clostridia,Lachnospirales,Lachnospiraceae,Blautia,None,0.004868549172346641
Bacteria,Firmicutes,Clostridia,Clostridia_vadinBB60_group,wastewater_metagenome,None,None,Bacteria,Firmicutes,Clostridia,Lachnospirales,Lachnospiraceae,Blautia,bacterium_mpn-isolate_group_20,0.005842259006815969
Bacteria,Firmicutes,Clostridia,Clostridia_vadinBB60_group,wastewater_metagenome,None,None,Bacteria,Firmicutes,Clostridia,Lachnospirales,Lachnospiraceae,Blautia,uncultured_Blautia_sp.,0.005842259006815969
Bacteria,Firmicutes,Clostridia,Clostridia_vadinBB60_group,wastewater_metagenome,None,None,Bacteria,Firmicutes,Clostridia,Lachnospirales,Lachnospiraceae,Coprococcus,None,0.004868549172346641
Bacteria,Firmicutes,Clostridia,Clostridia_vadinBB60_group,wastewater_metagenome,None,None,Bacteria,Firmicutes,Clostridia,Lachnospirales,Lachnospiraceae,Coprococcus,uncultured_Coprococcus_sp.,0.005842259006815969
Bacteria,Firmicutes,Clostridia,Clostridia_vadinBB60_group,wastewater_metagenome,None,None,Bacteria,Firmicutes,Clostridia,Lachnospirales,Lachnospiraceae,Dorea,None,0.004868549172346641
Bacteria,Firmicutes,Clostridia,Clostridia_vadinBB60_group,wastewater_metagenome,None,None,Bacteria,Firmicutes,Clostridia,Lachnospirales,Lachnospiraceae,Eisenbergiella,None,0.004868549172346641
Bacteria,Firmicutes,Clostridia,Clostridia_vadinBB60_group,wastewater_metagenome,None,None,Bacteria,Firmicutes,Clostridia,Lachnospirales,Lachnospiraceae,Frisingicoccus,None,0.004868549172346641
Bacteria,Firmicutes,Clostridia,Clostridia_vadinBB60_group,wastewater_metagenome,None,None,Bacteria,Firmicutes,Clostridia,Lachnospirales,Lachnospiraceae,Fusicatenibacter,uncultured_Lachnospiraceae_bacterium,0.005842259006815969
Bacteria,Firmicutes,Clostridia,Clostridia_vadinBB60_group,wastewater_metagenome,None,None,Bacteria,Firmicutes,Clostridia,Lachnospirales,Lachnospiraceae,GCA-900066575,None,0.004868549172346641
Bacteria,Firmicutes,Clostridia,Clostridia_vadinBB60_group,wastewater_metagenome,None,None,Bacteria,Firmicutes,Clostridia,Lachnospirales,Lachnospiraceae,GCA-900066575,metagenome,0.005842259006815969
Bacteria,Firmicutes,Clostridia,Clostridia_vadinBB60_group,wastewater_metagenome,None,None,Bacteria,Firmicutes,Clostridia,Lachnospirales,Lachnospiraceae,GCA-900066755,None,0.004868549172346641
Bacteria,Firmicutes,Clostridia,Clostridia_vadinBB60_group,wastewater_metagenome,None,None,Bacteria,Firmicutes,Clostridia,Lachnospirales,Lachnospiraceae,Hungatella,metagenome,0.005842259006815969
Bacteria,Firmicutes,Clostridia,Clostridia_vadinBB60_group,wastewater_metagenome,None,None,Bacteria,Firmicutes,Clostridia,Lachnospirales,Lachnospiraceae,Lachnoclostridium,Clostridium_symbiosum,0.005842259006815969
Bacteria,Firmicutes,Clostridia,Clostridia_vadinBB60_group,wastewater_metagenome,None,None,Bacteria,Firmicutes,Clostridia,Lachnospirales,Lachnospiraceae,Lachnoclostridium,None,0.004868549172346641
Bacteria,Firmicutes,Clostridia,Clostridia_vadinBB60_group,wastewater_metagenome,None,None,Bacteria,Firmicutes,Clostridia,Lachnospirales,Lachnospiraceae,Lachnoclostridium,uncultured_Lachnospiraceae_bacterium,0.005842259006815969
Bacteria,Firmicutes,Clostridia,Clostridia_vadinBB60_group,wastewater_metagenome,None,None,Bacteria,Firmicutes,Clostridia,Lachnospirales,Lachnospiraceae,Lachnospiraceae_ND3007_group,metagenome,0.005842259006815969
Bacteria,Firmicutes,Clostridia,Clostridia_vadinBB60_group,wastewater_metagenome,None,None,Bacteria,Firmicutes,Clostridia,Lachnospirales,Lachnospiraceae,Lachnospiraceae_NK4A136_group,None,0.004868549172346641
Bacteria,Firmicutes,Clostridia,Clostridia_vadinBB60_group,wastewater_metagenome,None,None,Bacteria,Firmicutes,Clostridia,Lachnospirales,Lachnospiraceae,Lachnospiraceae_NK4A136_group,uncultured_Lachnospiraceae_bacterium,0.005842259006815969
Bacteria,Firmicutes,Clostridia,Clostridia_vadinBB60_group,wastewater_metagenome,None,None,Bacteria,Firmicutes,Clostridia,Lachnospirales,Lachnospiraceae,Lachnospiraceae_NK4A136_group,uncultured_bacterium_Adhufec49.25,0.005842259006815969
Bacteria,Firmicutes,Clostridia,Clostridia_vadinBB60_group,wastewater_metagenome,None,None,Bacteria,Firmicutes,Clostridia,Lachnospirales,Lachnospiraceae,Lachnospiraceae_NK4B4_group,None,0.004868549172346641
Bacteria,Firmicutes,Clostridia,Clostridia_vadinBB60_group,wastewater_metagenome,None,None,Bacteria,Firmicutes,Clostridia,Lachnospirales,Lachnospiraceae,Lachnospiraceae_UCG-001,metagenome,0.005842259006815969
Bacteria,Firmicutes,Clostridia,Clostridia_vadinBB60_group,wastewater_metagenome,None,None,Bacteria,Firmicutes,Clostridia,Lachnospirales,Lachnospiraceae,Lachnospiraceae_UCG-004,None,0.004868549172346641
Bacteria,Firmicutes,Clostridia,Clostridia_vadinBB60_group,wastewater_metagenome,None,None,Bacteria,Firmicutes,Clostridia,Lachnospirales,Lachnospiraceae,Lachnospiraceae_UCG-008,metagenome,0.005842259006815969
Bacteria,Firmicutes,Clostridia,Clostridia_vadinBB60_group,wastewater_metagenome,None,None,Bacteria,Firmicutes,Clostridia,Lachnospirales,Lachnospiraceae,Lachnospiraceae_UCG-010,None,0.004868549172346641
Bacteria,Firmicutes,Clostridia,Clostridia_vadinBB60_group,wastewater_metagenome,None,None,Bacteria,Firmicutes,Clostridia,Lachnospirales,Lachnospiraceae,Marvinbryantia,None,0.004868549172346641
Bacteria,Firmicutes,Clostridia,Clostridia_vadinBB60_group,wastewater_metagenome,None,None,Bacteria,Firmicutes,Clostridia,Lachnospirales,Lachnospiraceae,Marvinbryantia,unidentified,0.005842259006815969
Bacteria,Firmicutes,Clostridia,Clostridia_vadinBB60_group,wastewater_metagenome,None,None,Bacteria,Firmicutes,Clostridia,Lachnospirales,Lachnospiraceae,Roseburia,None,0.004868549172346641
Bacteria,Firmicutes,Clostridia,Clostridia_vadinBB60_group,wastewater_metagenome,None,None,Bacteria,Firmicutes,Clostridia,Lachnospirales,Lachnospiraceae,Roseburia,gut_metagenome,0.005842259006815969
Bacteria,Firmicutes,Clostridia,Clostridia_vadinBB60_group,wastewater_metagenome,None,None,Bacteria,Firmicutes,Clostridia,Lachnospirales,Lachnospiraceae,Tuzzerella,None,0.004868549172346641
Bacteria,Firmicutes,Clostridia,Clostridia_vadinBB60_group,wastewater_metagenome,None,None,Bacteria,Firmicutes,Clostridia,Lachnospirales,Lachnospiraceae,Tyzzerella,None,0.004868549172346641
Bacteria,Firmicutes,Clostridia,Clostridia_vadinBB60_group,wastewater_metagenome,None,None,Bacteria,Firmicutes,Clostridia,Lachnospirales,Lachnospiraceae,Eubacterium_hallii_group,None,0.004868549172346641
Bacteria,Firmicutes,Clostridia,Clostridia_vadinBB60_group,wastewater_metagenome,None,None,Bacteria,Firmicutes,Clostridia,Lachnospirales,Lachnospiraceae,Eubacterium_ventriosum_group,metagenome,0.005842259006815969
Bacteria,Firmicutes,Clostridia,Clostridia_vadinBB60_group,wastewater_metagenome,None,None,Bacteria,Firmicutes,Clostridia,Lachnospirales,Lachnospiraceae,Ruminococcus_gauvreauii_group,uncultured_Lachnospiraceae_bacterium,0.005842259006815969
Bacteria,Firmicutes,Clostridia,Clostridia_vadinBB60_group,wastewater_metagenome,None,None,Bacteria,Firmicutes,Clostridia,Lachnospirales,Lachnospiraceae,Ruminococcus_gnavus_group,None,0.004868549172346641
Bacteria,Firmicutes,Clostridia,Clostridia_vadinBB60_group,wastewater_metagenome,None,None,Bacteria,Firmicutes,Clostridia,Lachnospirales,Lachnospiraceae,Ruminococcus_torques_group,Clostridiaceae_bacterium_LEMV78,0.005842259006815969
Bacteria,Firmicutes,Clostridia,Clostridia_vadinBB60_group,wastewater_metagenome,None,None,Bacteria,Firmicutes,Clostridia,Lachnospirales,Lachnospiraceae,Ruminococcus_torques_group,None,0.004868549172346641
Bacteria,Firmicutes,Clostridia,Clostridia_vadinBB60_group,wastewater_metagenome,None,None,Bacteria,Firmicutes,Clostridia,Lachnospirales,Lachnospiraceae,None,None,0.0038948393378773127
Bacteria,Firmicutes,Clostridia,Clostridia_vadinBB60_group,wastewater_metagenome,None,None,Bacteria,Firmicutes,Clostridia,Lachnospirales,Lachnospiraceae,uncultured,None,0.004868549172346641
Bacteria,Firmicutes,Clostridia,Clostridia_vadinBB60_group,wastewater_metagenome,None,None,Bacteria,Firmicutes,Clostridia,Monoglobales,Monoglobaceae,Monoglobus,None,0.004868549172346641
Bacteria,Firmicutes,Clostridia,Clostridia_vadinBB60_group,wastewater_metagenome,None,None,Bacteria,Firmicutes,Clostridia,Oscillospirales,Butyricicoccaceae,Butyricicoccus,None,0.004868549172346641
Bacteria,Firmicutes,Clostridia,Clostridia_vadinBB60_group,wastewater_metagenome,None,None,Bacteria,Firmicutes,Clostridia,Oscillospirales,Hydrogenoanaerobacterium,None,None,0.0038948393378773127
Bacteria,Firmicutes,Clostridia,Clostridia_vadinBB60_group,wastewater_metagenome,None,None,Bacteria,Firmicutes,Clostridia,Oscillospirales,Oscillospiraceae,Colidextribacter,None,0.004868549172346641
Bacteria,Firmicutes,Clostridia,Clostridia_vadinBB60_group,wastewater_metagenome,None,None,Bacteria,Firmicutes,Clostridia,Oscillospirales,Oscillospiraceae,Colidextribacter,metagenome,0.005842259006815969
Bacteria,Firmicutes,Clostridia,Clostridia_vadinBB60_group,wastewater_metagenome,None,None,Bacteria,Firmicutes,Clostridia,Oscillospirales,Oscillospiraceae,Flavonifractor,None,0.004868549172346641
Bacteria,Firmicutes,Clostridia,Clostridia_vadinBB60_group,wastewater_metagenome,None,None,Bacteria,Firmicutes,Clostridia,Oscillospirales,Oscillospiraceae,Intestinimonas,None,0.004868549172346641
Bacteria,Firmicutes,Clostridia,Clostridia_vadinBB60_group,wastewater_metagenome,None,None,Bacteria,Firmicutes,Clostridia,Oscillospirales,Oscillospiraceae,Intestinimonas,uncultured,0.005842259006815969
Bacteria,Firmicutes,Clostridia,Clostridia_vadinBB60_group,wastewater_metagenome,None,None,Bacteria,Firmicutes,Clostridia,Oscillospirales,Oscillospiraceae,NK4A214_group,None,0.004868549172346641
Bacteria,Firmicutes,Clostridia,Clostridia_vadinBB60_group,wastewater_metagenome,None,None,Bacteria,Firmicutes,Clostridia,Oscillospirales,Oscillospiraceae,Oscillibacter,None,0.004868549172346641
Bacteria,Firmicutes,Clostridia,Clostridia_vadinBB60_group,wastewater_metagenome,None,None,Bacteria,Firmicutes,Clostridia,Oscillospirales,Oscillospiraceae,Oscillibacter,metagenome,0.005842259006815969
Bacteria,Firmicutes,Clostridia,Clostridia_vadinBB60_group,wastewater_metagenome,None,None,Bacteria,Firmicutes,Clostridia,Oscillospirales,Oscillospiraceae,Oscillospira,None,0.004868549172346641
Bacteria,Firmicutes,Clostridia,Clostridia_vadinBB60_group,wastewater_metagenome,None,None,Bacteria,Firmicutes,Clostridia,Oscillospirales,Oscillospiraceae,UCG-002,None,0.004868549172346641
Bacteria,Firmicutes,Clostridia,Clostridia_vadinBB60_group,wastewater_metagenome,None,None,Bacteria,Firmicutes,Clostridia,Oscillospirales,Oscillospiraceae,UCG-003,None,0.004868549172346641
Bacteria,Firmicutes,Clostridia,Clostridia_vadinBB60_group,wastewater_metagenome,None,None,Bacteria,Firmicutes,Clostridia,Oscillospirales,Oscillospiraceae,UCG-005,None,0.004868549172346641
Bacteria,Firmicutes,Clostridia,Clostridia_vadinBB60_group,wastewater_metagenome,None,None,Bacteria,Firmicutes,Clostridia,Oscillospirales,Oscillospiraceae,UCG-005,metagenome,0.005842259006815969
Bacteria,Firmicutes,Clostridia,Clostridia_vadinBB60_group,wastewater_metagenome,None,None,Bacteria,Firmicutes,Clostridia,Oscillospirales,Oscillospiraceae,UCG-005,uncultured_Clostridiales_bacterium,0.005842259006815969
Bacteria,Firmicutes,Clostridia,Clostridia_vadinBB60_group,wastewater_metagenome,None,None,Bacteria,Firmicutes,Clostridia,Oscillospirales,Oscillospiraceae,UCG-005,uncultured_rumen_bacterium,0.005842259006815969
Bacteria,Firmicutes,Clostridia,Clostridia_vadinBB60_group,wastewater_metagenome,None,None,Bacteria,Firmicutes,Clostridia,Oscillospirales,Oscillospiraceae,None,None,0.0038948393378773127
Bacteria,Firmicutes,Clostridia,Clostridia_vadinBB60_group,wastewater_metagenome,None,None,Bacteria,Firmicutes,Clostridia,Oscillospirales,Oscillospiraceae,uncultured,metagenome,0.005842259006815969
Bacteria,Firmicutes,Clostridia,Clostridia_vadinBB60_group,wastewater_metagenome,None,None,Bacteria,Firmicutes,Clostridia,Oscillospirales,Oscillospiraceae,uncultured,unidentified,0.005842259006815969
Bacteria,Firmicutes,Clostridia,Clostridia_vadinBB60_group,wastewater_metagenome,None,None,Bacteria,Firmicutes,Clostridia,Oscillospirales,Ruminococcaceae,Anaerofilum,uncultured_Firmicutes_bacterium,0.005842259006815969
Bacteria,Firmicutes,Clostridia,Clostridia_vadinBB60_group,wastewater_metagenome,None,None,Bacteria,Firmicutes,Clostridia,Oscillospirales,Ruminococcaceae,Anaerotruncus,Anaerotruncus_rubiinfantis,0.005842259006815969
Bacteria,Firmicutes,Clostridia,Clostridia_vadinBB60_group,wastewater_metagenome,None,None,Bacteria,Firmicutes,Clostridia,Oscillospirales,Ruminococcaceae,Anaerotruncus,Anaerotruncus_sp._NML_070203,0.005842259006815969
Bacteria,Firmicutes,Clostridia,Clostridia_vadinBB60_group,wastewater_metagenome,None,None,Bacteria,Firmicutes,Clostridia,Oscillospirales,Ruminococcaceae,Candidatus_Soleaferrea,Neobitarella_massiliensis,0.005842259006815969
Bacteria,Firmicutes,Clostridia,Clostridia_vadinBB60_group,wastewater_metagenome,None,None,Bacteria,Firmicutes,Clostridia,Oscillospirales,Ruminococcaceae,Candidatus_Soleaferrea,None,0.004868549172346641
Bacteria,Firmicutes,Clostridia,Clostridia_vadinBB60_group,wastewater_metagenome,None,None,Bacteria,Firmicutes,Clostridia,Oscillospirales,Ruminococcaceae,DTU089,None,0.004868549172346641
Bacteria,Firmicutes,Clostridia,Clostridia_vadinBB60_group,wastewater_metagenome,None,None,Bacteria,Firmicutes,Clostridia,Oscillospirales,Ruminococcaceae,Faecalibacterium,None,0.004868549172346641
Bacteria,Firmicutes,Clostridia,Clostridia_vadinBB60_group,wastewater_metagenome,None,None,Bacteria,Firmicutes,Clostridia,Oscillospirales,Ruminococcaceae,Fournierella,uncultured_organism,0.005842259006815969
Bacteria,Firmicutes,Clostridia,Clostridia_vadinBB60_group,wastewater_metagenome,None,None,Bacteria,Firmicutes,Clostridia,Oscillospirales,Ruminococcaceae,Incertae_Sedis,metagenome,0.005842259006815969
Bacteria,Firmicutes,Clostridia,Clostridia_vadinBB60_group,wastewater_metagenome,None,None,Bacteria,Firmicutes,Clostridia,Oscillospirales,Ruminococcaceae,Incertae_Sedis,None,0.004868549172346641
Bacteria,Firmicutes,Clostridia,Clostridia_vadinBB60_group,wastewater_metagenome,None,None,Bacteria,Firmicutes,Clostridia,Oscillospirales,Ruminococcaceae,Negativibacillus,None,0.004868549172346641
Bacteria,Firmicutes,Clostridia,Clostridia_vadinBB60_group,wastewater_metagenome,None,None,Bacteria,Firmicutes,Clostridia,Oscillospirales,Ruminococcaceae,Ruminococcus,Ruminococcus_champanellensis,0.005842259006815969
Bacteria,Firmicutes,Clostridia,Clostridia_vadinBB60_group,wastewater_metagenome,None,None,Bacteria,Firmicutes,Clostridia,Oscillospirales,Ruminococcaceae,Ruminococcus,None,0.004868549172346641
Bacteria,Firmicutes,Clostridia,Clostridia_vadinBB60_group,wastewater_metagenome,None,None,Bacteria,Firmicutes,Clostridia,Oscillospirales,Ruminococcaceae,Subdoligranulum,None,0.004868549172346641
Bacteria,Firmicutes,Clostridia,Clostridia_vadinBB60_group,wastewater_metagenome,None,None,Bacteria,Firmicutes,Clostridia,Oscillospirales,Ruminococcaceae,UBA1819,None,0.004868549172346641
Bacteria,Firmicutes,Clostridia,Clostridia_vadinBB60_group,wastewater_metagenome,None,None,Bacteria,Firmicutes,Clostridia,Oscillospirales,Ruminococcaceae,Eubacterium_siraeum_group,None,0.004868549172346641
Bacteria,Firmicutes,Clostridia,Clostridia_vadinBB60_group,wastewater_metagenome,None,None,Bacteria,Firmicutes,Clostridia,Oscillospirales,Ruminococcaceae,None,None,0.0038948393378773127
Bacteria,Firmicutes,Clostridia,Clostridia_vadinBB60_group,wastewater_metagenome,None,None,Bacteria,Firmicutes,Clostridia,Oscillospirales,UCG-010,None,None,0.0038948393378773127
Bacteria,Firmicutes,Clostridia,Clostridia_vadinBB60_group,wastewater_metagenome,None,None,Bacteria,Firmicutes,Clostridia,Oscillospirales,UCG-010,metagenome,None,0.004868549172346641
Bacteria,Firmicutes,Clostridia,Clostridia_vadinBB60_group,wastewater_metagenome,None,None,Bacteria,Firmicutes,Clostridia,Oscillospirales,UCG-010,uncultured_bacterium,None,0.004868549172346641
Bacteria,Firmicutes,Clostridia,Clostridia_vadinBB60_group,wastewater_metagenome,None,None,Bacteria,Firmicutes,Clostridia,Oscillospirales,UCG-010,uncultured_organism,None,0.004868549172346641
Bacteria,Firmicutes,Clostridia,Clostridia_vadinBB60_group,wastewater_metagenome,None,None,Bacteria,Firmicutes,Clostridia,Oscillospirales,Clostridium_methylpentosum_group,None,None,0.0038948393378773127
Bacteria,Firmicutes,Clostridia,Clostridia_vadinBB60_group,wastewater_metagenome,None,None,Bacteria,Firmicutes,Clostridia,Oscillospirales,Eubacterium_coprostanoligenes_group,None,None,0.0038948393378773127
Bacteria,Firmicutes,Clostridia,Clostridia_vadinBB60_group,wastewater_metagenome,None,None,Bacteria,Firmicutes,Clostridia,Oscillospirales,None,None,None,0.0029211295034079843
Bacteria,Firmicutes,Clostridia,Clostridia_vadinBB60_group,wastewater_metagenome,None,None,Bacteria,Firmicutes,Clostridia,Peptococcales,Peptococcaceae,uncultured,None,0.004868549172346641
Bacteria,Firmicutes,Clostridia,Clostridia_vadinBB60_group,wastewater_metagenome,None,None,Bacteria,Firmicutes,Clostridia,Peptostreptococcales-Tissierellales,Anaerovoracaceae,Family_XIII_AD3011_group,metagenome,0.005842259006815969
Bacteria,Firmicutes,Clostridia,Clostridia_vadinBB60_group,wastewater_metagenome,None,None,Bacteria,Firmicutes,Clostridia,Peptostreptococcales-Tissierellales,Anaerovoracaceae,Family_XIII_AD3011_group,None,0.004868549172346641
Bacteria,Firmicutes,Clostridia,Clostridia_vadinBB60_group,wastewater_metagenome,None,None,Bacteria,Firmicutes,Clostridia,Peptostreptococcales-Tissierellales,Anaerovoracaceae,Family_XIII_AD3011_group,uncultured,0.005842259006815969
Bacteria,Firmicutes,Clostridia,Clostridia_vadinBB60_group,wastewater_metagenome,None,None,Bacteria,Firmicutes,Clostridia,Peptostreptococcales-Tissierellales,Anaerovoracaceae,Family_XIII_UCG-001,metagenome,0.005842259006815969
Bacteria,Firmicutes,Clostridia,Clostridia_vadinBB60_group,wastewater_metagenome,None,None,Bacteria,Firmicutes,Clostridia,Peptostreptococcales-Tissierellales,Anaerovoracaceae,Eubacterium_nodatum_group,None,0.004868549172346641
Bacteria,Firmicutes,Clostridia,Clostridia_vadinBB60_group,wastewater_metagenome,None,None,Bacteria,Firmicutes,Clostridia,Peptostreptococcales-Tissierellales,Anaerovoracaceae,None,None,0.0038948393378773127
Bacteria,Firmicutes,Clostridia,Clostridia_vadinBB60_group,wastewater_metagenome,None,None,Bacteria,Firmicutes,Clostridia,Peptostreptococcales-Tissierellales,Parvimonas,None,None,0.0038948393378773127
Bacteria,Firmicutes,Clostridia,Clostridia_vadinBB60_group,wastewater_metagenome,None,None,Bacteria,Firmicutes,Clostridia,None,None,None,None,0.0019474196689386564
Bacteria,Firmicutes,Clostridia,Clostridia_vadinBB60_group,wastewater_metagenome,None,None,Bacteria,Firmicutes,Incertae_Sedis,DTU014,unidentified,None,None,0.005842259006815969
Bacteria,Firmicutes,Clostridia,Clostridia_vadinBB60_group,wastewater_metagenome,None,None,Bacteria,Firmicutes,Limnochordia,M55-D21,uncultured_compost_bacterium,None,None,0.005842259006815969
Bacteria,Firmicutes,Clostridia,Clostridia_vadinBB60_group,wastewater_metagenome,None,None,Bacteria,Firmicutes,Negativicutes,Acidaminococcales,Acidaminococcaceae,Phascolarctobacterium,None,0.006815968841285297
Bacteria,Firmicutes,Clostridia,Clostridia_vadinBB60_group,wastewater_metagenome,None,None,Bacteria,Firmicutes,None,None,None,None,None,0.0029211295034079843
Bacteria,Firmicutes,Clostridia,Clostridia_vadinBB60_group,wastewater_metagenome,None,None,Bacteria,Firmicutes,uncultured,uncultured_Peptococcaceae_bacterium,None,None,None,0.004868549172346641
Bacteria,Firmicutes,Clostridia,Clostridia_vadinBB60_group,wastewater_metagenome,None,None,Bacteria,Proteobacteria,Alphaproteobacteria,Rhodospirillales,uncultured,None,None,0.007789678675754625
Bacteria,Firmicutes,Clostridia,Clostridia_vadinBB60_group,wastewater_metagenome,None,None,Bacteria,Proteobacteria,Gammaproteobacteria,Burkholderiales,Sutterellaceae,Sutterella,Sutterella_sp._252,0.009737098344693282
Bacteria,Firmicutes,Clostridia,Clostridia_vadinBB60_group,wastewater_metagenome,None,None,Bacteria,Proteobacteria,Gammaproteobacteria,Enterobacterales,Enterobacteriaceae,Escherichia-Shigella,None,0.008763388510223954
Bacteria,Firmicutes,Clostridia,Clostridia_vadinBB60_group,wastewater_metagenome,None,None,Bacteria,Proteobacteria,Gammaproteobacteria,Enterobacterales,Enterobacteriaceae,Klebsiella,None,0.008763388510223954
Bacteria,Firmicutes,Clostridia,Clostridia_vadinBB60_group,wastewater_metagenome,None,None,Bacteria,Proteobacteria,Gammaproteobacteria,Enterobacterales,Enterobacteriaceae,None,None,0.007789678675754625
Bacteria,Firmicutes,Clostridia,Clostridia_vadinBB60_group,wastewater_metagenome,None,None,Bacteria,Proteobacteria,Gammaproteobacteria,Pseudomonadales,Pseudomonadaceae,Pseudomonas,None,0.008763388510223954
Bacteria,Firmicutes,Clostridia,Clostridia_vadinBB60_group,wastewater_metagenome,None,None,Bacteria,Synergistota,Synergistia,Synergistales,Synergistaceae,Cloacibacillus,None,0.008763388510223954
Bacteria,Firmicutes,Clostridia,Clostridia_vadinBB60_group,wastewater_metagenome,None,None,Bacteria,Verrucomicrobiota,Verrucomicrobiae,Verrucomicrobiales,Akkermansiaceae,Akkermansia,None,0.008763388510223954
Bacteria,Firmicutes,Clostridia,Clostridiales,Christensenellaceae,Christensenella,PAC001427,Bacteria,Firmicutes,Clostridia,Clostridiales,Christensenellaceae,Christensenella,PAC002297,0.0019474196689386564
Bacteria,Firmicutes,Clostridia,Clostridiales,Christensenellaceae,Christensenella,PAC001427,Bacteria,Firmicutes,Clostridia,Clostridiales,Christensenellaceae,PAC001115,PAC001444,0.0038948393378773127
Bacteria,Firmicutes,Clostridia,Clostridiales,Christensenellaceae,Christensenella,PAC001427,Bacteria,Firmicutes,Clostridia,Clostridiales,Christensenellaceae,PAC001437,PAC001486,0.0038948393378773127
Bacteria,Firmicutes,Clostridia,Clostridiales,Christensenellaceae,Christensenella,PAC001427,Bacteria,Firmicutes,Clostridia,Clostridiales,Christensenellaceae,PAC001437,PAC002305,0.0038948393378773127
Bacteria,Firmicutes,Clostridia,Clostridiales,Christensenellaceae,Christensenella,PAC001427,Bacteria,Firmicutes,Clostridia,Clostridiales,Christensenellaceae,PAC002510,PAC002510,0.0038948393378773127
Bacteria,Firmicutes,Clostridia,Clostridiales,Christensenellaceae,Christensenella,PAC001427,Bacteria,Firmicutes,Clostridia,Clostridiales,Dehalobacterium,PAC002141,PAC002141,0.005842259006815969
Bacteria,Firmicutes,Clostridia,Clostridiales,Christensenellaceae,Christensenella,PAC001427,Bacteria,Firmicutes,Clostridia,Clostridiales,Ruminococcaceae,PAC000742,PAC000742,0.005842259006815969
Bacteria,Firmicutes,Clostridia,Clostridiales,Christensenellaceae,Christensenella,PAC001427,Bacteria,Firmicutes,Clostridia,Clostridiales,Ruminococcaceae,PAC001144,PAC001620,0.005842259006815969
Bacteria,Firmicutes,Clostridia,Clostridiales,Christensenellaceae,Christensenella,PAC001427,Bacteria,Firmicutes,Clostridia,Clostridiales,Ruminococcaceae,PAC001313,PAC001649,0.005842259006815969
Bacteria,Firmicutes,Clostridia,Clostridiales,Christensenellaceae,Christensenella,PAC001427,Bacteria,Firmicutes,Clostridia,Clostridiales,Ruminococcaceae,PAC002201,PAC002201,0.005842259006815969
Bacteria,Firmicutes,Clostridia,Clostridiales,Christensenellaceae,Christensenella,PAC001427,Bacteria,Firmicutes,Clostridia,Eubacteriales,Eubacteriaceae,Eubacterium,None,0.006815968841285297
Bacteria,Firmicutes,Clostridia,Clostridiales,Christensenellaceae,Christensenella,PAC001427,Bacteria,Firmicutes,Clostridia,Lachnospirales,Lachnospiraceae,Agathobacter,None,0.006815968841285297
Bacteria,Firmicutes,Clostridia,Clostridiales,Christensenellaceae,Christensenella,PAC001427,Bacteria,Firmicutes,Clostridia,Lachnospirales,Lachnospiraceae,Anaerostipes,None,0.006815968841285297
Bacteria,Firmicutes,Clostridia,Clostridiales,Christensenellaceae,Christensenella,PAC001427,Bacteria,Firmicutes,Clostridia,Lachnospirales,Lachnospiraceae,Blautia,None,0.006815968841285297
Bacteria,Firmicutes,Clostridia,Clostridiales,Christensenellaceae,Christensenella,PAC001427,Bacteria,Firmicutes,Clostridia,Lachnospirales,Lachnospiraceae,Blautia,bacterium_mpn-isolate_group_20,0.007789678675754625
Bacteria,Firmicutes,Clostridia,Clostridiales,Christensenellaceae,Christensenella,PAC001427,Bacteria,Firmicutes,Clostridia,Lachnospirales,Lachnospiraceae,Blautia,uncultured_Blautia_sp.,0.007789678675754625
Bacteria,Firmicutes,Clostridia,Clostridiales,Christensenellaceae,Christensenella,PAC001427,Bacteria,Firmicutes,Clostridia,Lachnospirales,Lachnospiraceae,Coprococcus,None,0.006815968841285297
Bacteria,Firmicutes,Clostridia,Clostridiales,Christensenellaceae,Christensenella,PAC001427,Bacteria,Firmicutes,Clostridia,Lachnospirales,Lachnospiraceae,Coprococcus,uncultured_Coprococcus_sp.,0.007789678675754625
Bacteria,Firmicutes,Clostridia,Clostridiales,Christensenellaceae,Christensenella,PAC001427,Bacteria,Firmicutes,Clostridia,Lachnospirales,Lachnospiraceae,Dorea,None,0.006815968841285297
Bacteria,Firmicutes,Clostridia,Clostridiales,Christensenellaceae,Christensenella,PAC001427,Bacteria,Firmicutes,Clostridia,Lachnospirales,Lachnospiraceae,Eisenbergiella,None,0.006815968841285297
Bacteria,Firmicutes,Clostridia,Clostridiales,Christensenellaceae,Christensenella,PAC001427,Bacteria,Firmicutes,Clostridia,Lachnospirales,Lachnospiraceae,Frisingicoccus,None,0.006815968841285297
Bacteria,Firmicutes,Clostridia,Clostridiales,Christensenellaceae,Christensenella,PAC001427,Bacteria,Firmicutes,Clostridia,Lachnospirales,Lachnospiraceae,Fusicatenibacter,uncultured_Lachnospiraceae_bacterium,0.007789678675754625
Bacteria,Firmicutes,Clostridia,Clostridiales,Christensenellaceae,Christensenella,PAC001427,Bacteria,Firmicutes,Clostridia,Lachnospirales,Lachnospiraceae,GCA-900066575,None,0.006815968841285297
Bacteria,Firmicutes,Clostridia,Clostridiales,Christensenellaceae,Christensenella,PAC001427,Bacteria,Firmicutes,Clostridia,Lachnospirales,Lachnospiraceae,GCA-900066575,metagenome,0.007789678675754625
Bacteria,Firmicutes,Clostridia,Clostridiales,Christensenellaceae,Christensenella,PAC001427,Bacteria,Firmicutes,Clostridia,Lachnospirales,Lachnospiraceae,GCA-900066755,None,0.006815968841285297
Bacteria,Firmicutes,Clostridia,Clostridiales,Christensenellaceae,Christensenella,PAC001427,Bacteria,Firmicutes,Clostridia,Lachnospirales,Lachnospiraceae,Hungatella,metagenome,0.007789678675754625
Bacteria,Firmicutes,Clostridia,Clostridiales,Christensenellaceae,Christensenella,PAC001427,Bacteria,Firmicutes,Clostridia,Lachnospirales,Lachnospiraceae,Lachnoclostridium,Clostridium_symbiosum,0.007789678675754625
Bacteria,Firmicutes,Clostridia,Clostridiales,Christensenellaceae,Christensenella,PAC001427,Bacteria,Firmicutes,Clostridia,Lachnospirales,Lachnospiraceae,Lachnoclostridium,None,0.006815968841285297
Bacteria,Firmicutes,Clostridia,Clostridiales,Christensenellaceae,Christensenella,PAC001427,Bacteria,Firmicutes,Clostridia,Lachnospirales,Lachnospiraceae,Lachnoclostridium,uncultured_Lachnospiraceae_bacterium,0.007789678675754625
Bacteria,Firmicutes,Clostridia,Clostridiales,Christensenellaceae,Christensenella,PAC001427,Bacteria,Firmicutes,Clostridia,Lachnospirales,Lachnospiraceae,Lachnospiraceae_ND3007_group,metagenome,0.007789678675754625
Bacteria,Firmicutes,Clostridia,Clostridiales,Christensenellaceae,Christensenella,PAC001427,Bacteria,Firmicutes,Clostridia,Lachnospirales,Lachnospiraceae,Lachnospiraceae_NK4A136_group,None,0.006815968841285297
Bacteria,Firmicutes,Clostridia,Clostridiales,Christensenellaceae,Christensenella,PAC001427,Bacteria,Firmicutes,Clostridia,Lachnospirales,Lachnospiraceae,Lachnospiraceae_NK4A136_group,uncultured_Lachnospiraceae_bacterium,0.007789678675754625
Bacteria,Firmicutes,Clostridia,Clostridiales,Christensenellaceae,Christensenella,PAC001427,Bacteria,Firmicutes,Clostridia,Lachnospirales,Lachnospiraceae,Lachnospiraceae_NK4A136_group,uncultured_bacterium_Adhufec49.25,0.007789678675754625
Bacteria,Firmicutes,Clostridia,Clostridiales,Christensenellaceae,Christensenella,PAC001427,Bacteria,Firmicutes,Clostridia,Lachnospirales,Lachnospiraceae,Lachnospiraceae_NK4B4_group,None,0.006815968841285297
Bacteria,Firmicutes,Clostridia,Clostridiales,Christensenellaceae,Christensenella,PAC001427,Bacteria,Firmicutes,Clostridia,Lachnospirales,Lachnospiraceae,Lachnospiraceae_UCG-001,metagenome,0.007789678675754625
Bacteria,Firmicutes,Clostridia,Clostridiales,Christensenellaceae,Christensenella,PAC001427,Bacteria,Firmicutes,Clostridia,Lachnospirales,Lachnospiraceae,Lachnospiraceae_UCG-004,None,0.006815968841285297
Bacteria,Firmicutes,Clostridia,Clostridiales,Christensenellaceae,Christensenella,PAC001427,Bacteria,Firmicutes,Clostridia,Lachnospirales,Lachnospiraceae,Lachnospiraceae_UCG-008,metagenome,0.007789678675754625
Bacteria,Firmicutes,Clostridia,Clostridiales,Christensenellaceae,Christensenella,PAC001427,Bacteria,Firmicutes,Clostridia,Lachnospirales,Lachnospiraceae,Lachnospiraceae_UCG-010,None,0.006815968841285297
Bacteria,Firmicutes,Clostridia,Clostridiales,Christensenellaceae,Christensenella,PAC001427,Bacteria,Firmicutes,Clostridia,Lachnospirales,Lachnospiraceae,Marvinbryantia,None,0.006815968841285297
Bacteria,Firmicutes,Clostridia,Clostridiales,Christensenellaceae,Christensenella,PAC001427,Bacteria,Firmicutes,Clostridia,Lachnospirales,Lachnospiraceae,Marvinbryantia,unidentified,0.007789678675754625
Bacteria,Firmicutes,Clostridia,Clostridiales,Christensenellaceae,Christensenella,PAC001427,Bacteria,Firmicutes,Clostridia,Lachnospirales,Lachnospiraceae,Roseburia,None,0.006815968841285297
Bacteria,Firmicutes,Clostridia,Clostridiales,Christensenellaceae,Christensenella,PAC001427,Bacteria,Firmicutes,Clostridia,Lachnospirales,Lachnospiraceae,Roseburia,gut_metagenome,0.007789678675754625
Bacteria,Firmicutes,Clostridia,Clostridiales,Christensenellaceae,Christensenella,PAC001427,Bacteria,Firmicutes,Clostridia,Lachnospirales,Lachnospiraceae,Tuzzerella,None,0.006815968841285297
Bacteria,Firmicutes,Clostridia,Clostridiales,Christensenellaceae,Christensenella,PAC001427,Bacteria,Firmicutes,Clostridia,Lachnospirales,Lachnospiraceae,Tyzzerella,None,0.006815968841285297
Bacteria,Firmicutes,Clostridia,Clostridiales,Christensenellaceae,Christensenella,PAC001427,Bacteria,Firmicutes,Clostridia,Lachnospirales,Lachnospiraceae,Eubacterium_hallii_group,None,0.006815968841285297
Bacteria,Firmicutes,Clostridia,Clostridiales,Christensenellaceae,Christensenella,PAC001427,Bacteria,Firmicutes,Clostridia,Lachnospirales,Lachnospiraceae,Eubacterium_ventriosum_group,metagenome,0.007789678675754625
Bacteria,Firmicutes,Clostridia,Clostridiales,Christensenellaceae,Christensenella,PAC001427,Bacteria,Firmicutes,Clostridia,Lachnospirales,Lachnospiraceae,Ruminococcus_gauvreauii_group,uncultured_Lachnospiraceae_bacterium,0.007789678675754625
Bacteria,Firmicutes,Clostridia,Clostridiales,Christensenellaceae,Christensenella,PAC001427,Bacteria,Firmicutes,Clostridia,Lachnospirales,Lachnospiraceae,Ruminococcus_gnavus_group,None,0.006815968841285297
Bacteria,Firmicutes,Clostridia,Clostridiales,Christensenellaceae,Christensenella,PAC001427,Bacteria,Firmicutes,Clostridia,Lachnospirales,Lachnospiraceae,Ruminococcus_torques_group,Clostridiaceae_bacterium_LEMV78,0.007789678675754625
Bacteria,Firmicutes,Clostridia,Clostridiales,Christensenellaceae,Christensenella,PAC001427,Bacteria,Firmicutes,Clostridia,Lachnospirales,Lachnospiraceae,Ruminococcus_torques_group,None,0.006815968841285297
Bacteria,Firmicutes,Clostridia,Clostridiales,Christensenellaceae,Christensenella,PAC001427,Bacteria,Firmicutes,Clostridia,Lachnospirales,Lachnospiraceae,None,None,0.005842259006815969
Bacteria,Firmicutes,Clostridia,Clostridiales,Christensenellaceae,Christensenella,PAC001427,Bacteria,Firmicutes,Clostridia,Lachnospirales,Lachnospiraceae,uncultured,None,0.006815968841285297
Bacteria,Firmicutes,Clostridia,Clostridiales,Christensenellaceae,Christensenella,PAC001427,Bacteria,Firmicutes,Clostridia,Monoglobales,Monoglobaceae,Monoglobus,None,0.006815968841285297
Bacteria,Firmicutes,Clostridia,Clostridiales,Christensenellaceae,Christensenella,PAC001427,Bacteria,Firmicutes,Clostridia,Oscillospirales,Butyricicoccaceae,Butyricicoccus,None,0.006815968841285297
Bacteria,Firmicutes,Clostridia,Clostridiales,Christensenellaceae,Christensenella,PAC001427,Bacteria,Firmicutes,Clostridia,Oscillospirales,Hydrogenoanaerobacterium,None,None,0.005842259006815969
Bacteria,Firmicutes,Clostridia,Clostridiales,Christensenellaceae,Christensenella,PAC001427,Bacteria,Firmicutes,Clostridia,Oscillospirales,Oscillospiraceae,Colidextribacter,None,0.006815968841285297
Bacteria,Firmicutes,Clostridia,Clostridiales,Christensenellaceae,Christensenella,PAC001427,Bacteria,Firmicutes,Clostridia,Oscillospirales,Oscillospiraceae,Colidextribacter,metagenome,0.007789678675754625
Bacteria,Firmicutes,Clostridia,Clostridiales,Christensenellaceae,Christensenella,PAC001427,Bacteria,Firmicutes,Clostridia,Oscillospirales,Oscillospiraceae,Flavonifractor,None,0.006815968841285297
Bacteria,Firmicutes,Clostridia,Clostridiales,Christensenellaceae,Christensenella,PAC001427,Bacteria,Firmicutes,Clostridia,Oscillospirales,Oscillospiraceae,Intestinimonas,None,0.006815968841285297
Bacteria,Firmicutes,Clostridia,Clostridiales,Christensenellaceae,Christensenella,PAC001427,Bacteria,Firmicutes,Clostridia,Oscillospirales,Oscillospiraceae,Intestinimonas,uncultured,0.007789678675754625
Bacteria,Firmicutes,Clostridia,Clostridiales,Christensenellaceae,Christensenella,PAC001427,Bacteria,Firmicutes,Clostridia,Oscillospirales,Oscillospiraceae,NK4A214_group,None,0.006815968841285297
Bacteria,Firmicutes,Clostridia,Clostridiales,Christensenellaceae,Christensenella,PAC001427,Bacteria,Firmicutes,Clostridia,Oscillospirales,Oscillospiraceae,Oscillibacter,None,0.006815968841285297
Bacteria,Firmicutes,Clostridia,Clostridiales,Christensenellaceae,Christensenella,PAC001427,Bacteria,Firmicutes,Clostridia,Oscillospirales,Oscillospiraceae,Oscillibacter,metagenome,0.007789678675754625
Bacteria,Firmicutes,Clostridia,Clostridiales,Christensenellaceae,Christensenella,PAC001427,Bacteria,Firmicutes,Clostridia,Oscillospirales,Oscillospiraceae,Oscillospira,None,0.006815968841285297
Bacteria,Firmicutes,Clostridia,Clostridiales,Christensenellaceae,Christensenella,PAC001427,Bacteria,Firmicutes,Clostridia,Oscillospirales,Oscillospiraceae,UCG-002,None,0.006815968841285297
Bacteria,Firmicutes,Clostridia,Clostridiales,Christensenellaceae,Christensenella,PAC001427,Bacteria,Firmicutes,Clostridia,Oscillospirales,Oscillospiraceae,UCG-003,None,0.006815968841285297
Bacteria,Firmicutes,Clostridia,Clostridiales,Christensenellaceae,Christensenella,PAC001427,Bacteria,Firmicutes,Clostridia,Oscillospirales,Oscillospiraceae,UCG-005,None,0.006815968841285297
Bacteria,Firmicutes,Clostridia,Clostridiales,Christensenellaceae,Christensenella,PAC001427,Bacteria,Firmicutes,Clostridia,Oscillospirales,Oscillospiraceae,UCG-005,metagenome,0.007789678675754625
Bacteria,Firmicutes,Clostridia,Clostridiales,Christensenellaceae,Christensenella,PAC001427,Bacteria,Firmicutes,Clostridia,Oscillospirales,Oscillospiraceae,UCG-005,uncultured_Clostridiales_bacterium,0.007789678675754625
Bacteria,Firmicutes,Clostridia,Clostridiales,Christensenellaceae,Christensenella,PAC001427,Bacteria,Firmicutes,Clostridia,Oscillospirales,Oscillospiraceae,UCG-005,uncultured_rumen_bacterium,0.007789678675754625
Bacteria,Firmicutes,Clostridia,Clostridiales,Christensenellaceae,Christensenella,PAC001427,Bacteria,Firmicutes,Clostridia,Oscillospirales,Oscillospiraceae,None,None,0.005842259006815969
Bacteria,Firmicutes,Clostridia,Clostridiales,Christensenellaceae,Christensenella,PAC001427,Bacteria,Firmicutes,Clostridia,Oscillospirales,Oscillospiraceae,uncultured,metagenome,0.007789678675754625
Bacteria,Firmicutes,Clostridia,Clostridiales,Christensenellaceae,Christensenella,PAC001427,Bacteria,Firmicutes,Clostridia,Oscillospirales,Oscillospiraceae,uncultured,unidentified,0.007789678675754625
Bacteria,Firmicutes,Clostridia,Clostridiales,Christensenellaceae,Christensenella,PAC001427,Bacteria,Firmicutes,Clostridia,Oscillospirales,Ruminococcaceae,Anaerofilum,uncultured_Firmicutes_bacterium,0.007789678675754625
Bacteria,Firmicutes,Clostridia,Clostridiales,Christensenellaceae,Christensenella,PAC001427,Bacteria,Firmicutes,Clostridia,Oscillospirales,Ruminococcaceae,Anaerotruncus,Anaerotruncus_rubiinfantis,0.007789678675754625
Bacteria,Firmicutes,Clostridia,Clostridiales,Christensenellaceae,Christensenella,PAC001427,Bacteria,Firmicutes,Clostridia,Oscillospirales,Ruminococcaceae,Anaerotruncus,Anaerotruncus_sp._NML_070203,0.007789678675754625
Bacteria,Firmicutes,Clostridia,Clostridiales,Christensenellaceae,Christensenella,PAC001427,Bacteria,Firmicutes,Clostridia,Oscillospirales,Ruminococcaceae,Candidatus_Soleaferrea,Neobitarella_massiliensis,0.007789678675754625
Bacteria,Firmicutes,Clostridia,Clostridiales,Christensenellaceae,Christensenella,PAC001427,Bacteria,Firmicutes,Clostridia,Oscillospirales,Ruminococcaceae,Candidatus_Soleaferrea,None,0.006815968841285297
Bacteria,Firmicutes,Clostridia,Clostridiales,Christensenellaceae,Christensenella,PAC001427,Bacteria,Firmicutes,Clostridia,Oscillospirales,Ruminococcaceae,DTU089,None,0.006815968841285297
Bacteria,Firmicutes,Clostridia,Clostridiales,Christensenellaceae,Christensenella,PAC001427,Bacteria,Firmicutes,Clostridia,Oscillospirales,Ruminococcaceae,Faecalibacterium,None,0.006815968841285297
Bacteria,Firmicutes,Clostridia,Clostridiales,Christensenellaceae,Christensenella,PAC001427,Bacteria,Firmicutes,Clostridia,Oscillospirales,Ruminococcaceae,Fournierella,uncultured_organism,0.007789678675754625
Bacteria,Firmicutes,Clostridia,Clostridiales,Christensenellaceae,Christensenella,PAC001427,Bacteria,Firmicutes,Clostridia,Oscillospirales,Ruminococcaceae,Incertae_Sedis,metagenome,0.007789678675754625
Bacteria,Firmicutes,Clostridia,Clostridiales,Christensenellaceae,Christensenella,PAC001427,Bacteria,Firmicutes,Clostridia,Oscillospirales,Ruminococcaceae,Incertae_Sedis,None,0.006815968841285297
Bacteria,Firmicutes,Clostridia,Clostridiales,Christensenellaceae,Christensenella,PAC001427,Bacteria,Firmicutes,Clostridia,Oscillospirales,Ruminococcaceae,Negativibacillus,None,0.006815968841285297
Bacteria,Firmicutes,Clostridia,Clostridiales,Christensenellaceae,Christensenella,PAC001427,Bacteria,Firmicutes,Clostridia,Oscillospirales,Ruminococcaceae,Ruminococcus,Ruminococcus_champanellensis,0.007789678675754625
Bacteria,Firmicutes,Clostridia,Clostridiales,Christensenellaceae,Christensenella,PAC001427,Bacteria,Firmicutes,Clostridia,Oscillospirales,Ruminococcaceae,Ruminococcus,None,0.006815968841285297
Bacteria,Firmicutes,Clostridia,Clostridiales,Christensenellaceae,Christensenella,PAC001427,Bacteria,Firmicutes,Clostridia,Oscillospirales,Ruminococcaceae,Subdoligranulum,None,0.006815968841285297
Bacteria,Firmicutes,Clostridia,Clostridiales,Christensenellaceae,Christensenella,PAC001427,Bacteria,Firmicutes,Clostridia,Oscillospirales,Ruminococcaceae,UBA1819,None,0.006815968841285297
Bacteria,Firmicutes,Clostridia,Clostridiales,Christensenellaceae,Christensenella,PAC001427,Bacteria,Firmicutes,Clostridia,Oscillospirales,Ruminococcaceae,Eubacterium_siraeum_group,None,0.006815968841285297
Bacteria,Firmicutes,Clostridia,Clostridiales,Christensenellaceae,Christensenella,PAC001427,Bacteria,Firmicutes,Clostridia,Oscillospirales,Ruminococcaceae,None,None,0.005842259006815969
Bacteria,Firmicutes,Clostridia,Clostridiales,Christensenellaceae,Christensenella,PAC001427,Bacteria,Firmicutes,Clostridia,Oscillospirales,UCG-010,None,None,0.005842259006815969
Bacteria,Firmicutes,Clostridia,Clostridiales,Christensenellaceae,Christensenella,PAC001427,Bacteria,Firmicutes,Clostridia,Oscillospirales,UCG-010,metagenome,None,0.006815968841285297
Bacteria,Firmicutes,Clostridia,Clostridiales,Christensenellaceae,Christensenella,PAC001427,Bacteria,Firmicutes,Clostridia,Oscillospirales,UCG-010,uncultured_bacterium,None,0.006815968841285297
Bacteria,Firmicutes,Clostridia,Clostridiales,Christensenellaceae,Christensenella,PAC001427,Bacteria,Firmicutes,Clostridia,Oscillospirales,UCG-010,uncultured_organism,None,0.006815968841285297
Bacteria,Firmicutes,Clostridia,Clostridiales,Christensenellaceae,Christensenella,PAC001427,Bacteria,Firmicutes,Clostridia,Oscillospirales,Clostridium_methylpentosum_group,None,None,0.005842259006815969
Bacteria,Firmicutes,Clostridia,Clostridiales,Christensenellaceae,Christensenella,PAC001427,Bacteria,Firmicutes,Clostridia,Oscillospirales,Eubacterium_coprostanoligenes_group,None,None,0.005842259006815969
Bacteria,Firmicutes,Clostridia,Clostridiales,Christensenellaceae,Christensenella,PAC001427,Bacteria,Firmicutes,Clostridia,Oscillospirales,None,None,None,0.004868549172346641
Bacteria,Firmicutes,Clostridia,Clostridiales,Christensenellaceae,Christensenella,PAC001427,Bacteria,Firmicutes,Clostridia,Peptococcales,Peptococcaceae,uncultured,None,0.006815968841285297
Bacteria,Firmicutes,Clostridia,Clostridiales,Christensenellaceae,Christensenella,PAC001427,Bacteria,Firmicutes,Clostridia,Peptostreptococcales-Tissierellales,Anaerovoracaceae,Family_XIII_AD3011_group,metagenome,0.007789678675754625
Bacteria,Firmicutes,Clostridia,Clostridiales,Christensenellaceae,Christensenella,PAC001427,Bacteria,Firmicutes,Clostridia,Peptostreptococcales-Tissierellales,Anaerovoracaceae,Family_XIII_AD3011_group,None,0.006815968841285297
Bacteria,Firmicutes,Clostridia,Clostridiales,Christensenellaceae,Christensenella,PAC001427,Bacteria,Firmicutes,Clostridia,Peptostreptococcales-Tissierellales,Anaerovoracaceae,Family_XIII_AD3011_group,uncultured,0.007789678675754625
Bacteria,Firmicutes,Clostridia,Clostridiales,Christensenellaceae,Christensenella,PAC001427,Bacteria,Firmicutes,Clostridia,Peptostreptococcales-Tissierellales,Anaerovoracaceae,Family_XIII_UCG-001,metagenome,0.007789678675754625
Bacteria,Firmicutes,Clostridia,Clostridiales,Christensenellaceae,Christensenella,PAC001427,Bacteria,Firmicutes,Clostridia,Peptostreptococcales-Tissierellales,Anaerovoracaceae,Eubacterium_nodatum_group,None,0.006815968841285297
Bacteria,Firmicutes,Clostridia,Clostridiales,Christensenellaceae,Christensenella,PAC001427,Bacteria,Firmicutes,Clostridia,Peptostreptococcales-Tissierellales,Anaerovoracaceae,None,None,0.005842259006815969
Bacteria,Firmicutes,Clostridia,Clostridiales,Christensenellaceae,Christensenella,PAC001427,Bacteria,Firmicutes,Clostridia,Peptostreptococcales-Tissierellales,Parvimonas,None,None,0.005842259006815969
Bacteria,Firmicutes,Clostridia,Clostridiales,Christensenellaceae,Christensenella,PAC001427,Bacteria,Firmicutes,Clostridia,None,None,None,None,0.0038948393378773127
Bacteria,Firmicutes,Clostridia,Clostridiales,Christensenellaceae,Christensenella,PAC001427,Bacteria,Firmicutes,Incertae_Sedis,DTU014,unidentified,None,None,0.007789678675754625
Bacteria,Firmicutes,Clostridia,Clostridiales,Christensenellaceae,Christensenella,PAC001427,Bacteria,Firmicutes,Limnochordia,M55-D21,uncultured_compost_bacterium,None,None,0.007789678675754625
Bacteria,Firmicutes,Clostridia,Clostridiales,Christensenellaceae,Christensenella,PAC001427,Bacteria,Firmicutes,Negativicutes,Acidaminococcales,Acidaminococcaceae,Phascolarctobacterium,None,0.008763388510223954
Bacteria,Firmicutes,Clostridia,Clostridiales,Christensenellaceae,Christensenella,PAC001427,Bacteria,Firmicutes,None,None,None,None,None,0.004868549172346641
Bacteria,Firmicutes,Clostridia,Clostridiales,Christensenellaceae,Christensenella,PAC001427,Bacteria,Firmicutes,uncultured,uncultured_Peptococcaceae_bacterium,None,None,None,0.006815968841285297
Bacteria,Firmicutes,Clostridia,Clostridiales,Christensenellaceae,Christensenella,PAC001427,Bacteria,Proteobacteria,Alphaproteobacteria,Rhodospirillales,uncultured,None,None,0.009737098344693282
Bacteria,Firmicutes,Clostridia,Clostridiales,Christensenellaceae,Christensenella,PAC001427,Bacteria,Proteobacteria,Gammaproteobacteria,Burkholderiales,Sutterellaceae,Sutterella,Sutterella_sp._252,0.011684518013631937
Bacteria,Firmicutes,Clostridia,Clostridiales,Christensenellaceae,Christensenella,PAC001427,Bacteria,Proteobacteria,Gammaproteobacteria,Enterobacterales,Enterobacteriaceae,Escherichia-Shigella,None,0.010710808179162609
Bacteria,Firmicutes,Clostridia,Clostridiales,Christensenellaceae,Christensenella,PAC001427,Bacteria,Proteobacteria,Gammaproteobacteria,Enterobacterales,Enterobacteriaceae,Klebsiella,None,0.010710808179162609
Bacteria,Firmicutes,Clostridia,Clostridiales,Christensenellaceae,Christensenella,PAC001427,Bacteria,Proteobacteria,Gammaproteobacteria,Enterobacterales,Enterobacteriaceae,None,None,0.009737098344693282
Bacteria,Firmicutes,Clostridia,Clostridiales,Christensenellaceae,Christensenella,PAC001427,Bacteria,Proteobacteria,Gammaproteobacteria,Pseudomonadales,Pseudomonadaceae,Pseudomonas,None,0.010710808179162609
Bacteria,Firmicutes,Clostridia,Clostridiales,Christensenellaceae,Christensenella,PAC001427,Bacteria,Synergistota,Synergistia,Synergistales,Synergistaceae,Cloacibacillus,None,0.010710808179162609
Bacteria,Firmicutes,Clostridia,Clostridiales,Christensenellaceae,Christensenella,PAC001427,Bacteria,Verrucomicrobiota,Verrucomicrobiae,Verrucomicrobiales,Akkermansiaceae,Akkermansia,None,0.010710808179162609
Bacteria,Firmicutes,Clostridia,Clostridiales,Christensenellaceae,Christensenella,PAC002297,Bacteria,Firmicutes,Clostridia,Clostridiales,Christensenellaceae,PAC001115,PAC001444,0.0038948393378773127
Bacteria,Firmicutes,Clostridia,Clostridiales,Christensenellaceae,Christensenella,PAC002297,Bacteria,Firmicutes,Clostridia,Clostridiales,Christensenellaceae,PAC001437,PAC001486,0.0038948393378773127
Bacteria,Firmicutes,Clostridia,Clostridiales,Christensenellaceae,Christensenella,PAC002297,Bacteria,Firmicutes,Clostridia,Clostridiales,Christensenellaceae,PAC001437,PAC002305,0.0038948393378773127
Bacteria,Firmicutes,Clostridia,Clostridiales,Christensenellaceae,Christensenella,PAC002297,Bacteria,Firmicutes,Clostridia,Clostridiales,Christensenellaceae,PAC002510,PAC002510,0.0038948393378773127
Bacteria,Firmicutes,Clostridia,Clostridiales,Christensenellaceae,Christensenella,PAC002297,Bacteria,Firmicutes,Clostridia,Clostridiales,Dehalobacterium,PAC002141,PAC002141,0.005842259006815969
Bacteria,Firmicutes,Clostridia,Clostridiales,Christensenellaceae,Christensenella,PAC002297,Bacteria,Firmicutes,Clostridia,Clostridiales,Ruminococcaceae,PAC000742,PAC000742,0.005842259006815969
Bacteria,Firmicutes,Clostridia,Clostridiales,Christensenellaceae,Christensenella,PAC002297,Bacteria,Firmicutes,Clostridia,Clostridiales,Ruminococcaceae,PAC001144,PAC001620,0.005842259006815969
Bacteria,Firmicutes,Clostridia,Clostridiales,Christensenellaceae,Christensenella,PAC002297,Bacteria,Firmicutes,Clostridia,Clostridiales,Ruminococcaceae,PAC001313,PAC001649,0.005842259006815969
Bacteria,Firmicutes,Clostridia,Clostridiales,Christensenellaceae,Christensenella,PAC002297,Bacteria,Firmicutes,Clostridia,Clostridiales,Ruminococcaceae,PAC002201,PAC002201,0.005842259006815969
Bacteria,Firmicutes,Clostridia,Clostridiales,Christensenellaceae,Christensenella,PAC002297,Bacteria,Firmicutes,Clostridia,Eubacteriales,Eubacteriaceae,Eubacterium,None,0.006815968841285297
Bacteria,Firmicutes,Clostridia,Clostridiales,Christensenellaceae,Christensenella,PAC002297,Bacteria,Firmicutes,Clostridia,Lachnospirales,Lachnospiraceae,Agathobacter,None,0.006815968841285297
Bacteria,Firmicutes,Clostridia,Clostridiales,Christensenellaceae,Christensenella,PAC002297,Bacteria,Firmicutes,Clostridia,Lachnospirales,Lachnospiraceae,Anaerostipes,None,0.006815968841285297
Bacteria,Firmicutes,Clostridia,Clostridiales,Christensenellaceae,Christensenella,PAC002297,Bacteria,Firmicutes,Clostridia,Lachnospirales,Lachnospiraceae,Blautia,None,0.006815968841285297
Bacteria,Firmicutes,Clostridia,Clostridiales,Christensenellaceae,Christensenella,PAC002297,Bacteria,Firmicutes,Clostridia,Lachnospirales,Lachnospiraceae,Blautia,bacterium_mpn-isolate_group_20,0.007789678675754625
Bacteria,Firmicutes,Clostridia,Clostridiales,Christensenellaceae,Christensenella,PAC002297,Bacteria,Firmicutes,Clostridia,Lachnospirales,Lachnospiraceae,Blautia,uncultured_Blautia_sp.,0.007789678675754625
Bacteria,Firmicutes,Clostridia,Clostridiales,Christensenellaceae,Christensenella,PAC002297,Bacteria,Firmicutes,Clostridia,Lachnospirales,Lachnospiraceae,Coprococcus,None,0.006815968841285297
Bacteria,Firmicutes,Clostridia,Clostridiales,Christensenellaceae,Christensenella,PAC002297,Bacteria,Firmicutes,Clostridia,Lachnospirales,Lachnospiraceae,Coprococcus,uncultured_Coprococcus_sp.,0.007789678675754625
Bacteria,Firmicutes,Clostridia,Clostridiales,Christensenellaceae,Christensenella,PAC002297,Bacteria,Firmicutes,Clostridia,Lachnospirales,Lachnospiraceae,Dorea,None,0.006815968841285297
Bacteria,Firmicutes,Clostridia,Clostridiales,Christensenellaceae,Christensenella,PAC002297,Bacteria,Firmicutes,Clostridia,Lachnospirales,Lachnospiraceae,Eisenbergiella,None,0.006815968841285297
Bacteria,Firmicutes,Clostridia,Clostridiales,Christensenellaceae,Christensenella,PAC002297,Bacteria,Firmicutes,Clostridia,Lachnospirales,Lachnospiraceae,Frisingicoccus,None,0.006815968841285297
Bacteria,Firmicutes,Clostridia,Clostridiales,Christensenellaceae,Christensenella,PAC002297,Bacteria,Firmicutes,Clostridia,Lachnospirales,Lachnospiraceae,Fusicatenibacter,uncultured_Lachnospiraceae_bacterium,0.007789678675754625
Bacteria,Firmicutes,Clostridia,Clostridiales,Christensenellaceae,Christensenella,PAC002297,Bacteria,Firmicutes,Clostridia,Lachnospirales,Lachnospiraceae,GCA-900066575,None,0.006815968841285297
Bacteria,Firmicutes,Clostridia,Clostridiales,Christensenellaceae,Christensenella,PAC002297,Bacteria,Firmicutes,Clostridia,Lachnospirales,Lachnospiraceae,GCA-900066575,metagenome,0.007789678675754625
Bacteria,Firmicutes,Clostridia,Clostridiales,Christensenellaceae,Christensenella,PAC002297,Bacteria,Firmicutes,Clostridia,Lachnospirales,Lachnospiraceae,GCA-900066755,None,0.006815968841285297
Bacteria,Firmicutes,Clostridia,Clostridiales,Christensenellaceae,Christensenella,PAC002297,Bacteria,Firmicutes,Clostridia,Lachnospirales,Lachnospiraceae,Hungatella,metagenome,0.007789678675754625
Bacteria,Firmicutes,Clostridia,Clostridiales,Christensenellaceae,Christensenella,PAC002297,Bacteria,Firmicutes,Clostridia,Lachnospirales,Lachnospiraceae,Lachnoclostridium,Clostridium_symbiosum,0.007789678675754625
Bacteria,Firmicutes,Clostridia,Clostridiales,Christensenellaceae,Christensenella,PAC002297,Bacteria,Firmicutes,Clostridia,Lachnospirales,Lachnospiraceae,Lachnoclostridium,None,0.006815968841285297
Bacteria,Firmicutes,Clostridia,Clostridiales,Christensenellaceae,Christensenella,PAC002297,Bacteria,Firmicutes,Clostridia,Lachnospirales,Lachnospiraceae,Lachnoclostridium,uncultured_Lachnospiraceae_bacterium,0.007789678675754625
Bacteria,Firmicutes,Clostridia,Clostridiales,Christensenellaceae,Christensenella,PAC002297,Bacteria,Firmicutes,Clostridia,Lachnospirales,Lachnospiraceae,Lachnospiraceae_ND3007_group,metagenome,0.007789678675754625
Bacteria,Firmicutes,Clostridia,Clostridiales,Christensenellaceae,Christensenella,PAC002297,Bacteria,Firmicutes,Clostridia,Lachnospirales,Lachnospiraceae,Lachnospiraceae_NK4A136_group,None,0.006815968841285297
Bacteria,Firmicutes,Clostridia,Clostridiales,Christensenellaceae,Christensenella,PAC002297,Bacteria,Firmicutes,Clostridia,Lachnospirales,Lachnospiraceae,Lachnospiraceae_NK4A136_group,uncultured_Lachnospiraceae_bacterium,0.007789678675754625
Bacteria,Firmicutes,Clostridia,Clostridiales,Christensenellaceae,Christensenella,PAC002297,Bacteria,Firmicutes,Clostridia,Lachnospirales,Lachnospiraceae,Lachnospiraceae_NK4A136_group,uncultured_bacterium_Adhufec49.25,0.007789678675754625
Bacteria,Firmicutes,Clostridia,Clostridiales,Christensenellaceae,Christensenella,PAC002297,Bacteria,Firmicutes,Clostridia,Lachnospirales,Lachnospiraceae,Lachnospiraceae_NK4B4_group,None,0.006815968841285297
Bacteria,Firmicutes,Clostridia,Clostridiales,Christensenellaceae,Christensenella,PAC002297,Bacteria,Firmicutes,Clostridia,Lachnospirales,Lachnospiraceae,Lachnospiraceae_UCG-001,metagenome,0.007789678675754625
Bacteria,Firmicutes,Clostridia,Clostridiales,Christensenellaceae,Christensenella,PAC002297,Bacteria,Firmicutes,Clostridia,Lachnospirales,Lachnospiraceae,Lachnospiraceae_UCG-004,None,0.006815968841285297
Bacteria,Firmicutes,Clostridia,Clostridiales,Christensenellaceae,Christensenella,PAC002297,Bacteria,Firmicutes,Clostridia,Lachnospirales,Lachnospiraceae,Lachnospiraceae_UCG-008,metagenome,0.007789678675754625
Bacteria,Firmicutes,Clostridia,Clostridiales,Christensenellaceae,Christensenella,PAC002297,Bacteria,Firmicutes,Clostridia,Lachnospirales,Lachnospiraceae,Lachnospiraceae_UCG-010,None,0.006815968841285297
Bacteria,Firmicutes,Clostridia,Clostridiales,Christensenellaceae,Christensenella,PAC002297,Bacteria,Firmicutes,Clostridia,Lachnospirales,Lachnospiraceae,Marvinbryantia,None,0.006815968841285297
Bacteria,Firmicutes,Clostridia,Clostridiales,Christensenellaceae,Christensenella,PAC002297,Bacteria,Firmicutes,Clostridia,Lachnospirales,Lachnospiraceae,Marvinbryantia,unidentified,0.007789678675754625
Bacteria,Firmicutes,Clostridia,Clostridiales,Christensenellaceae,Christensenella,PAC002297,Bacteria,Firmicutes,Clostridia,Lachnospirales,Lachnospiraceae,Roseburia,None,0.006815968841285297
Bacteria,Firmicutes,Clostridia,Clostridiales,Christensenellaceae,Christensenella,PAC002297,Bacteria,Firmicutes,Clostridia,Lachnospirales,Lachnospiraceae,Roseburia,gut_metagenome,0.007789678675754625
Bacteria,Firmicutes,Clostridia,Clostridiales,Christensenellaceae,Christensenella,PAC002297,Bacteria,Firmicutes,Clostridia,Lachnospirales,Lachnospiraceae,Tuzzerella,None,0.006815968841285297
Bacteria,Firmicutes,Clostridia,Clostridiales,Christensenellaceae,Christensenella,PAC002297,Bacteria,Firmicutes,Clostridia,Lachnospirales,Lachnospiraceae,Tyzzerella,None,0.006815968841285297
Bacteria,Firmicutes,Clostridia,Clostridiales,Christensenellaceae,Christensenella,PAC002297,Bacteria,Firmicutes,Clostridia,Lachnospirales,Lachnospiraceae,Eubacterium_hallii_group,None,0.006815968841285297
Bacteria,Firmicutes,Clostridia,Clostridiales,Christensenellaceae,Christensenella,PAC002297,Bacteria,Firmicutes,Clostridia,Lachnospirales,Lachnospiraceae,Eubacterium_ventriosum_group,metagenome,0.007789678675754625
Bacteria,Firmicutes,Clostridia,Clostridiales,Christensenellaceae,Christensenella,PAC002297,Bacteria,Firmicutes,Clostridia,Lachnospirales,Lachnospiraceae,Ruminococcus_gauvreauii_group,uncultured_Lachnospiraceae_bacterium,0.007789678675754625
Bacteria,Firmicutes,Clostridia,Clostridiales,Christensenellaceae,Christensenella,PAC002297,Bacteria,Firmicutes,Clostridia,Lachnospirales,Lachnospiraceae,Ruminococcus_gnavus_group,None,0.006815968841285297
Bacteria,Firmicutes,Clostridia,Clostridiales,Christensenellaceae,Christensenella,PAC002297,Bacteria,Firmicutes,Clostridia,Lachnospirales,Lachnospiraceae,Ruminococcus_torques_group,Clostridiaceae_bacterium_LEMV78,0.007789678675754625
Bacteria,Firmicutes,Clostridia,Clostridiales,Christensenellaceae,Christensenella,PAC002297,Bacteria,Firmicutes,Clostridia,Lachnospirales,Lachnospiraceae,Ruminococcus_torques_group,None,0.006815968841285297
Bacteria,Firmicutes,Clostridia,Clostridiales,Christensenellaceae,Christensenella,PAC002297,Bacteria,Firmicutes,Clostridia,Lachnospirales,Lachnospiraceae,None,None,0.005842259006815969
Bacteria,Firmicutes,Clostridia,Clostridiales,Christensenellaceae,Christensenella,PAC002297,Bacteria,Firmicutes,Clostridia,Lachnospirales,Lachnospiraceae,uncultured,None,0.006815968841285297
Bacteria,Firmicutes,Clostridia,Clostridiales,Christensenellaceae,Christensenella,PAC002297,Bacteria,Firmicutes,Clostridia,Monoglobales,Monoglobaceae,Monoglobus,None,0.006815968841285297
Bacteria,Firmicutes,Clostridia,Clostridiales,Christensenellaceae,Christensenella,PAC002297,Bacteria,Firmicutes,Clostridia,Oscillospirales,Butyricicoccaceae,Butyricicoccus,None,0.006815968841285297
Bacteria,Firmicutes,Clostridia,Clostridiales,Christensenellaceae,Christensenella,PAC002297,Bacteria,Firmicutes,Clostridia,Oscillospirales,Hydrogenoanaerobacterium,None,None,0.005842259006815969
Bacteria,Firmicutes,Clostridia,Clostridiales,Christensenellaceae,Christensenella,PAC002297,Bacteria,Firmicutes,Clostridia,Oscillospirales,Oscillospiraceae,Colidextribacter,None,0.006815968841285297
Bacteria,Firmicutes,Clostridia,Clostridiales,Christensenellaceae,Christensenella,PAC002297,Bacteria,Firmicutes,Clostridia,Oscillospirales,Oscillospiraceae,Colidextribacter,metagenome,0.007789678675754625
Bacteria,Firmicutes,Clostridia,Clostridiales,Christensenellaceae,Christensenella,PAC002297,Bacteria,Firmicutes,Clostridia,Oscillospirales,Oscillospiraceae,Flavonifractor,None,0.006815968841285297
Bacteria,Firmicutes,Clostridia,Clostridiales,Christensenellaceae,Christensenella,PAC002297,Bacteria,Firmicutes,Clostridia,Oscillospirales,Oscillospiraceae,Intestinimonas,None,0.006815968841285297
Bacteria,Firmicutes,Clostridia,Clostridiales,Christensenellaceae,Christensenella,PAC002297,Bacteria,Firmicutes,Clostridia,Oscillospirales,Oscillospiraceae,Intestinimonas,uncultured,0.007789678675754625
Bacteria,Firmicutes,Clostridia,Clostridiales,Christensenellaceae,Christensenella,PAC002297,Bacteria,Firmicutes,Clostridia,Oscillospirales,Oscillospiraceae,NK4A214_group,None,0.006815968841285297
Bacteria,Firmicutes,Clostridia,Clostridiales,Christensenellaceae,Christensenella,PAC002297,Bacteria,Firmicutes,Clostridia,Oscillospirales,Oscillospiraceae,Oscillibacter,None,0.006815968841285297
Bacteria,Firmicutes,Clostridia,Clostridiales,Christensenellaceae,Christensenella,PAC002297,Bacteria,Firmicutes,Clostridia,Oscillospirales,Oscillospiraceae,Oscillibacter,metagenome,0.007789678675754625
Bacteria,Firmicutes,Clostridia,Clostridiales,Christensenellaceae,Christensenella,PAC002297,Bacteria,Firmicutes,Clostridia,Oscillospirales,Oscillospiraceae,Oscillospira,None,0.006815968841285297
Bacteria,Firmicutes,Clostridia,Clostridiales,Christensenellaceae,Christensenella,PAC002297,Bacteria,Firmicutes,Clostridia,Oscillospirales,Oscillospiraceae,UCG-002,None,0.006815968841285297
Bacteria,Firmicutes,Clostridia,Clostridiales,Christensenellaceae,Christensenella,PAC002297,Bacteria,Firmicutes,Clostridia,Oscillospirales,Oscillospiraceae,UCG-003,None,0.006815968841285297
Bacteria,Firmicutes,Clostridia,Clostridiales,Christensenellaceae,Christensenella,PAC002297,Bacteria,Firmicutes,Clostridia,Oscillospirales,Oscillospiraceae,UCG-005,None,0.006815968841285297
Bacteria,Firmicutes,Clostridia,Clostridiales,Christensenellaceae,Christensenella,PAC002297,Bacteria,Firmicutes,Clostridia,Oscillospirales,Oscillospiraceae,UCG-005,metagenome,0.007789678675754625
Bacteria,Firmicutes,Clostridia,Clostridiales,Christensenellaceae,Christensenella,PAC002297,Bacteria,Firmicutes,Clostridia,Oscillospirales,Oscillospiraceae,UCG-005,uncultured_Clostridiales_bacterium,0.007789678675754625
Bacteria,Firmicutes,Clostridia,Clostridiales,Christensenellaceae,Christensenella,PAC002297,Bacteria,Firmicutes,Clostridia,Oscillospirales,Oscillospiraceae,UCG-005,uncultured_rumen_bacterium,0.007789678675754625
Bacteria,Firmicutes,Clostridia,Clostridiales,Christensenellaceae,Christensenella,PAC002297,Bacteria,Firmicutes,Clostridia,Oscillospirales,Oscillospiraceae,None,None,0.005842259006815969
Bacteria,Firmicutes,Clostridia,Clostridiales,Christensenellaceae,Christensenella,PAC002297,Bacteria,Firmicutes,Clostridia,Oscillospirales,Oscillospiraceae,uncultured,metagenome,0.007789678675754625
Bacteria,Firmicutes,Clostridia,Clostridiales,Christensenellaceae,Christensenella,PAC002297,Bacteria,Firmicutes,Clostridia,Oscillospirales,Oscillospiraceae,uncultured,unidentified,0.007789678675754625
Bacteria,Firmicutes,Clostridia,Clostridiales,Christensenellaceae,Christensenella,PAC002297,Bacteria,Firmicutes,Clostridia,Oscillospirales,Ruminococcaceae,Anaerofilum,uncultured_Firmicutes_bacterium,0.007789678675754625
Bacteria,Firmicutes,Clostridia,Clostridiales,Christensenellaceae,Christensenella,PAC002297,Bacteria,Firmicutes,Clostridia,Oscillospirales,Ruminococcaceae,Anaerotruncus,Anaerotruncus_rubiinfantis,0.007789678675754625
Bacteria,Firmicutes,Clostridia,Clostridiales,Christensenellaceae,Christensenella,PAC002297,Bacteria,Firmicutes,Clostridia,Oscillospirales,Ruminococcaceae,Anaerotruncus,Anaerotruncus_sp._NML_070203,0.007789678675754625
Bacteria,Firmicutes,Clostridia,Clostridiales,Christensenellaceae,Christensenella,PAC002297,Bacteria,Firmicutes,Clostridia,Oscillospirales,Ruminococcaceae,Candidatus_Soleaferrea,Neobitarella_massiliensis,0.007789678675754625
Bacteria,Firmicutes,Clostridia,Clostridiales,Christensenellaceae,Christensenella,PAC002297,Bacteria,Firmicutes,Clostridia,Oscillospirales,Ruminococcaceae,Candidatus_Soleaferrea,None,0.006815968841285297
Bacteria,Firmicutes,Clostridia,Clostridiales,Christensenellaceae,Christensenella,PAC002297,Bacteria,Firmicutes,Clostridia,Oscillospirales,Ruminococcaceae,DTU089,None,0.006815968841285297
Bacteria,Firmicutes,Clostridia,Clostridiales,Christensenellaceae,Christensenella,PAC002297,Bacteria,Firmicutes,Clostridia,Oscillospirales,Ruminococcaceae,Faecalibacterium,None,0.006815968841285297
Bacteria,Firmicutes,Clostridia,Clostridiales,Christensenellaceae,Christensenella,PAC002297,Bacteria,Firmicutes,Clostridia,Oscillospirales,Ruminococcaceae,Fournierella,uncultured_organism,0.007789678675754625
Bacteria,Firmicutes,Clostridia,Clostridiales,Christensenellaceae,Christensenella,PAC002297,Bacteria,Firmicutes,Clostridia,Oscillospirales,Ruminococcaceae,Incertae_Sedis,metagenome,0.007789678675754625
Bacteria,Firmicutes,Clostridia,Clostridiales,Christensenellaceae,Christensenella,PAC002297,Bacteria,Firmicutes,Clostridia,Oscillospirales,Ruminococcaceae,Incertae_Sedis,None,0.006815968841285297
Bacteria,Firmicutes,Clostridia,Clostridiales,Christensenellaceae,Christensenella,PAC002297,Bacteria,Firmicutes,Clostridia,Oscillospirales,Ruminococcaceae,Negativibacillus,None,0.006815968841285297
Bacteria,Firmicutes,Clostridia,Clostridiales,Christensenellaceae,Christensenella,PAC002297,Bacteria,Firmicutes,Clostridia,Oscillospirales,Ruminococcaceae,Ruminococcus,Ruminococcus_champanellensis,0.007789678675754625
Bacteria,Firmicutes,Clostridia,Clostridiales,Christensenellaceae,Christensenella,PAC002297,Bacteria,Firmicutes,Clostridia,Oscillospirales,Ruminococcaceae,Ruminococcus,None,0.006815968841285297
Bacteria,Firmicutes,Clostridia,Clostridiales,Christensenellaceae,Christensenella,PAC002297,Bacteria,Firmicutes,Clostridia,Oscillospirales,Ruminococcaceae,Subdoligranulum,None,0.006815968841285297
Bacteria,Firmicutes,Clostridia,Clostridiales,Christensenellaceae,Christensenella,PAC002297,Bacteria,Firmicutes,Clostridia,Oscillospirales,Ruminococcaceae,UBA1819,None,0.006815968841285297
Bacteria,Firmicutes,Clostridia,Clostridiales,Christensenellaceae,Christensenella,PAC002297,Bacteria,Firmicutes,Clostridia,Oscillospirales,Ruminococcaceae,Eubacterium_siraeum_group,None,0.006815968841285297
Bacteria,Firmicutes,Clostridia,Clostridiales,Christensenellaceae,Christensenella,PAC002297,Bacteria,Firmicutes,Clostridia,Oscillospirales,Ruminococcaceae,None,None,0.005842259006815969
Bacteria,Firmicutes,Clostridia,Clostridiales,Christensenellaceae,Christensenella,PAC002297,Bacteria,Firmicutes,Clostridia,Oscillospirales,UCG-010,None,None,0.005842259006815969
Bacteria,Firmicutes,Clostridia,Clostridiales,Christensenellaceae,Christensenella,PAC002297,Bacteria,Firmicutes,Clostridia,Oscillospirales,UCG-010,metagenome,None,0.006815968841285297
Bacteria,Firmicutes,Clostridia,Clostridiales,Christensenellaceae,Christensenella,PAC002297,Bacteria,Firmicutes,Clostridia,Oscillospirales,UCG-010,uncultured_bacterium,None,0.006815968841285297
Bacteria,Firmicutes,Clostridia,Clostridiales,Christensenellaceae,Christensenella,PAC002297,Bacteria,Firmicutes,Clostridia,Oscillospirales,UCG-010,uncultured_organism,None,0.006815968841285297
Bacteria,Firmicutes,Clostridia,Clostridiales,Christensenellaceae,Christensenella,PAC002297,Bacteria,Firmicutes,Clostridia,Oscillospirales,Clostridium_methylpentosum_group,None,None,0.005842259006815969
Bacteria,Firmicutes,Clostridia,Clostridiales,Christensenellaceae,Christensenella,PAC002297,Bacteria,Firmicutes,Clostridia,Oscillospirales,Eubacterium_coprostanoligenes_group,None,None,0.005842259006815969
Bacteria,Firmicutes,Clostridia,Clostridiales,Christensenellaceae,Christensenella,PAC002297,Bacteria,Firmicutes,Clostridia,Oscillospirales,None,None,None,0.004868549172346641
Bacteria,Firmicutes,Clostridia,Clostridiales,Christensenellaceae,Christensenella,PAC002297,Bacteria,Firmicutes,Clostridia,Peptococcales,Peptococcaceae,uncultured,None,0.006815968841285297
Bacteria,Firmicutes,Clostridia,Clostridiales,Christensenellaceae,Christensenella,PAC002297,Bacteria,Firmicutes,Clostridia,Peptostreptococcales-Tissierellales,Anaerovoracaceae,Family_XIII_AD3011_group,metagenome,0.007789678675754625
Bacteria,Firmicutes,Clostridia,Clostridiales,Christensenellaceae,Christensenella,PAC002297,Bacteria,Firmicutes,Clostridia,Peptostreptococcales-Tissierellales,Anaerovoracaceae,Family_XIII_AD3011_group,None,0.006815968841285297
Bacteria,Firmicutes,Clostridia,Clostridiales,Christensenellaceae,Christensenella,PAC002297,Bacteria,Firmicutes,Clostridia,Peptostreptococcales-Tissierellales,Anaerovoracaceae,Family_XIII_AD3011_group,uncultured,0.007789678675754625
Bacteria,Firmicutes,Clostridia,Clostridiales,Christensenellaceae,Christensenella,PAC002297,Bacteria,Firmicutes,Clostridia,Peptostreptococcales-Tissierellales,Anaerovoracaceae,Family_XIII_UCG-001,metagenome,0.007789678675754625
Bacteria,Firmicutes,Clostridia,Clostridiales,Christensenellaceae,Christensenella,PAC002297,Bacteria,Firmicutes,Clostridia,Peptostreptococcales-Tissierellales,Anaerovoracaceae,Eubacterium_nodatum_group,None,0.006815968841285297
Bacteria,Firmicutes,Clostridia,Clostridiales,Christensenellaceae,Christensenella,PAC002297,Bacteria,Firmicutes,Clostridia,Peptostreptococcales-Tissierellales,Anaerovoracaceae,None,None,0.005842259006815969
Bacteria,Firmicutes,Clostridia,Clostridiales,Christensenellaceae,Christensenella,PAC002297,Bacteria,Firmicutes,Clostridia,Peptostreptococcales-Tissierellales,Parvimonas,None,None,0.005842259006815969
Bacteria,Firmicutes,Clostridia,Clostridiales,Christensenellaceae,Christensenella,PAC002297,Bacteria,Firmicutes,Clostridia,None,None,None,None,0.0038948393378773127
Bacteria,Firmicutes,Clostridia,Clostridiales,Christensenellaceae,Christensenella,PAC002297,Bacteria,Firmicutes,Incertae_Sedis,DTU014,unidentified,None,None,0.007789678675754625
Bacteria,Firmicutes,Clostridia,Clostridiales,Christensenellaceae,Christensenella,PAC002297,Bacteria,Firmicutes,Limnochordia,M55-D21,uncultured_compost_bacterium,None,None,0.007789678675754625
Bacteria,Firmicutes,Clostridia,Clostridiales,Christensenellaceae,Christensenella,PAC002297,Bacteria,Firmicutes,Negativicutes,Acidaminococcales,Acidaminococcaceae,Phascolarctobacterium,None,0.008763388510223954
Bacteria,Firmicutes,Clostridia,Clostridiales,Christensenellaceae,Christensenella,PAC002297,Bacteria,Firmicutes,None,None,None,None,None,0.004868549172346641
Bacteria,Firmicutes,Clostridia,Clostridiales,Christensenellaceae,Christensenella,PAC002297,Bacteria,Firmicutes,uncultured,uncultured_Peptococcaceae_bacterium,None,None,None,0.006815968841285297
Bacteria,Firmicutes,Clostridia,Clostridiales,Christensenellaceae,Christensenella,PAC002297,Bacteria,Proteobacteria,Alphaproteobacteria,Rhodospirillales,uncultured,None,None,0.009737098344693282
Bacteria,Firmicutes,Clostridia,Clostridiales,Christensenellaceae,Christensenella,PAC002297,Bacteria,Proteobacteria,Gammaproteobacteria,Burkholderiales,Sutterellaceae,Sutterella,Sutterella_sp._252,0.011684518013631937
Bacteria,Firmicutes,Clostridia,Clostridiales,Christensenellaceae,Christensenella,PAC002297,Bacteria,Proteobacteria,Gammaproteobacteria,Enterobacterales,Enterobacteriaceae,Escherichia-Shigella,None,0.010710808179162609
Bacteria,Firmicutes,Clostridia,Clostridiales,Christensenellaceae,Christensenella,PAC002297,Bacteria,Proteobacteria,Gammaproteobacteria,Enterobacterales,Enterobacteriaceae,Klebsiella,None,0.010710808179162609
Bacteria,Firmicutes,Clostridia,Clostridiales,Christensenellaceae,Christensenella,PAC002297,Bacteria,Proteobacteria,Gammaproteobacteria,Enterobacterales,Enterobacteriaceae,None,None,0.009737098344693282
Bacteria,Firmicutes,Clostridia,Clostridiales,Christensenellaceae,Christensenella,PAC002297,Bacteria,Proteobacteria,Gammaproteobacteria,Pseudomonadales,Pseudomonadaceae,Pseudomonas,None,0.010710808179162609
Bacteria,Firmicutes,Clostridia,Clostridiales,Christensenellaceae,Christensenella,PAC002297,Bacteria,Synergistota,Synergistia,Synergistales,Synergistaceae,Cloacibacillus,None,0.010710808179162609
Bacteria,Firmicutes,Clostridia,Clostridiales,Christensenellaceae,Christensenella,PAC002297,Bacteria,Verrucomicrobiota,Verrucomicrobiae,Verrucomicrobiales,Akkermansiaceae,Akkermansia,None,0.010710808179162609
Bacteria,Firmicutes,Clostridia,Clostridiales,Christensenellaceae,PAC001115,PAC001444,Bacteria,Firmicutes,Clostridia,Clostridiales,Christensenellaceae,PAC001437,PAC001486,0.0038948393378773127
Bacteria,Firmicutes,Clostridia,Clostridiales,Christensenellaceae,PAC001115,PAC001444,Bacteria,Firmicutes,Clostridia,Clostridiales,Christensenellaceae,PAC001437,PAC002305,0.0038948393378773127
Bacteria,Firmicutes,Clostridia,Clostridiales,Christensenellaceae,PAC001115,PAC001444,Bacteria,Firmicutes,Clostridia,Clostridiales,Christensenellaceae,PAC002510,PAC002510,0.0038948393378773127
Bacteria,Firmicutes,Clostridia,Clostridiales,Christensenellaceae,PAC001115,PAC001444,Bacteria,Firmicutes,Clostridia,Clostridiales,Dehalobacterium,PAC002141,PAC002141,0.005842259006815969
Bacteria,Firmicutes,Clostridia,Clostridiales,Christensenellaceae,PAC001115,PAC001444,Bacteria,Firmicutes,Clostridia,Clostridiales,Ruminococcaceae,PAC000742,PAC000742,0.005842259006815969
Bacteria,Firmicutes,Clostridia,Clostridiales,Christensenellaceae,PAC001115,PAC001444,Bacteria,Firmicutes,Clostridia,Clostridiales,Ruminococcaceae,PAC001144,PAC001620,0.005842259006815969
Bacteria,Firmicutes,Clostridia,Clostridiales,Christensenellaceae,PAC001115,PAC001444,Bacteria,Firmicutes,Clostridia,Clostridiales,Ruminococcaceae,PAC001313,PAC001649,0.005842259006815969
Bacteria,Firmicutes,Clostridia,Clostridiales,Christensenellaceae,PAC001115,PAC001444,Bacteria,Firmicutes,Clostridia,Clostridiales,Ruminococcaceae,PAC002201,PAC002201,0.005842259006815969
Bacteria,Firmicutes,Clostridia,Clostridiales,Christensenellaceae,PAC001115,PAC001444,Bacteria,Firmicutes,Clostridia,Eubacteriales,Eubacteriaceae,Eubacterium,None,0.006815968841285297
Bacteria,Firmicutes,Clostridia,Clostridiales,Christensenellaceae,PAC001115,PAC001444,Bacteria,Firmicutes,Clostridia,Lachnospirales,Lachnospiraceae,Agathobacter,None,0.006815968841285297
Bacteria,Firmicutes,Clostridia,Clostridiales,Christensenellaceae,PAC001115,PAC001444,Bacteria,Firmicutes,Clostridia,Lachnospirales,Lachnospiraceae,Anaerostipes,None,0.006815968841285297
Bacteria,Firmicutes,Clostridia,Clostridiales,Christensenellaceae,PAC001115,PAC001444,Bacteria,Firmicutes,Clostridia,Lachnospirales,Lachnospiraceae,Blautia,None,0.006815968841285297
Bacteria,Firmicutes,Clostridia,Clostridiales,Christensenellaceae,PAC001115,PAC001444,Bacteria,Firmicutes,Clostridia,Lachnospirales,Lachnospiraceae,Blautia,bacterium_mpn-isolate_group_20,0.007789678675754625
Bacteria,Firmicutes,Clostridia,Clostridiales,Christensenellaceae,PAC001115,PAC001444,Bacteria,Firmicutes,Clostridia,Lachnospirales,Lachnospiraceae,Blautia,uncultured_Blautia_sp.,0.007789678675754625
Bacteria,Firmicutes,Clostridia,Clostridiales,Christensenellaceae,PAC001115,PAC001444,Bacteria,Firmicutes,Clostridia,Lachnospirales,Lachnospiraceae,Coprococcus,None,0.006815968841285297
Bacteria,Firmicutes,Clostridia,Clostridiales,Christensenellaceae,PAC001115,PAC001444,Bacteria,Firmicutes,Clostridia,Lachnospirales,Lachnospiraceae,Coprococcus,uncultured_Coprococcus_sp.,0.007789678675754625
Bacteria,Firmicutes,Clostridia,Clostridiales,Christensenellaceae,PAC001115,PAC001444,Bacteria,Firmicutes,Clostridia,Lachnospirales,Lachnospiraceae,Dorea,None,0.006815968841285297
Bacteria,Firmicutes,Clostridia,Clostridiales,Christensenellaceae,PAC001115,PAC001444,Bacteria,Firmicutes,Clostridia,Lachnospirales,Lachnospiraceae,Eisenbergiella,None,0.006815968841285297
Bacteria,Firmicutes,Clostridia,Clostridiales,Christensenellaceae,PAC001115,PAC001444,Bacteria,Firmicutes,Clostridia,Lachnospirales,Lachnospiraceae,Frisingicoccus,None,0.006815968841285297
Bacteria,Firmicutes,Clostridia,Clostridiales,Christensenellaceae,PAC001115,PAC001444,Bacteria,Firmicutes,Clostridia,Lachnospirales,Lachnospiraceae,Fusicatenibacter,uncultured_Lachnospiraceae_bacterium,0.007789678675754625
Bacteria,Firmicutes,Clostridia,Clostridiales,Christensenellaceae,PAC001115,PAC001444,Bacteria,Firmicutes,Clostridia,Lachnospirales,Lachnospiraceae,GCA-900066575,None,0.006815968841285297
Bacteria,Firmicutes,Clostridia,Clostridiales,Christensenellaceae,PAC001115,PAC001444,Bacteria,Firmicutes,Clostridia,Lachnospirales,Lachnospiraceae,GCA-900066575,metagenome,0.007789678675754625
Bacteria,Firmicutes,Clostridia,Clostridiales,Christensenellaceae,PAC001115,PAC001444,Bacteria,Firmicutes,Clostridia,Lachnospirales,Lachnospiraceae,GCA-900066755,None,0.006815968841285297
Bacteria,Firmicutes,Clostridia,Clostridiales,Christensenellaceae,PAC001115,PAC001444,Bacteria,Firmicutes,Clostridia,Lachnospirales,Lachnospiraceae,Hungatella,metagenome,0.007789678675754625
Bacteria,Firmicutes,Clostridia,Clostridiales,Christensenellaceae,PAC001115,PAC001444,Bacteria,Firmicutes,Clostridia,Lachnospirales,Lachnospiraceae,Lachnoclostridium,Clostridium_symbiosum,0.007789678675754625
Bacteria,Firmicutes,Clostridia,Clostridiales,Christensenellaceae,PAC001115,PAC001444,Bacteria,Firmicutes,Clostridia,Lachnospirales,Lachnospiraceae,Lachnoclostridium,None,0.006815968841285297
Bacteria,Firmicutes,Clostridia,Clostridiales,Christensenellaceae,PAC001115,PAC001444,Bacteria,Firmicutes,Clostridia,Lachnospirales,Lachnospiraceae,Lachnoclostridium,uncultured_Lachnospiraceae_bacterium,0.007789678675754625
Bacteria,Firmicutes,Clostridia,Clostridiales,Christensenellaceae,PAC001115,PAC001444,Bacteria,Firmicutes,Clostridia,Lachnospirales,Lachnospiraceae,Lachnospiraceae_ND3007_group,metagenome,0.007789678675754625
Bacteria,Firmicutes,Clostridia,Clostridiales,Christensenellaceae,PAC001115,PAC001444,Bacteria,Firmicutes,Clostridia,Lachnospirales,Lachnospiraceae,Lachnospiraceae_NK4A136_group,None,0.006815968841285297
Bacteria,Firmicutes,Clostridia,Clostridiales,Christensenellaceae,PAC001115,PAC001444,Bacteria,Firmicutes,Clostridia,Lachnospirales,Lachnospiraceae,Lachnospiraceae_NK4A136_group,uncultured_Lachnospiraceae_bacterium,0.007789678675754625
Bacteria,Firmicutes,Clostridia,Clostridiales,Christensenellaceae,PAC001115,PAC001444,Bacteria,Firmicutes,Clostridia,Lachnospirales,Lachnospiraceae,Lachnospiraceae_NK4A136_group,uncultured_bacterium_Adhufec49.25,0.007789678675754625
Bacteria,Firmicutes,Clostridia,Clostridiales,Christensenellaceae,PAC001115,PAC001444,Bacteria,Firmicutes,Clostridia,Lachnospirales,Lachnospiraceae,Lachnospiraceae_NK4B4_group,None,0.006815968841285297
Bacteria,Firmicutes,Clostridia,Clostridiales,Christensenellaceae,PAC001115,PAC001444,Bacteria,Firmicutes,Clostridia,Lachnospirales,Lachnospiraceae,Lachnospiraceae_UCG-001,metagenome,0.007789678675754625
Bacteria,Firmicutes,Clostridia,Clostridiales,Christensenellaceae,PAC001115,PAC001444,Bacteria,Firmicutes,Clostridia,Lachnospirales,Lachnospiraceae,Lachnospiraceae_UCG-004,None,0.006815968841285297
Bacteria,Firmicutes,Clostridia,Clostridiales,Christensenellaceae,PAC001115,PAC001444,Bacteria,Firmicutes,Clostridia,Lachnospirales,Lachnospiraceae,Lachnospiraceae_UCG-008,metagenome,0.007789678675754625
Bacteria,Firmicutes,Clostridia,Clostridiales,Christensenellaceae,PAC001115,PAC001444,Bacteria,Firmicutes,Clostridia,Lachnospirales,Lachnospiraceae,Lachnospiraceae_UCG-010,None,0.006815968841285297
Bacteria,Firmicutes,Clostridia,Clostridiales,Christensenellaceae,PAC001115,PAC001444,Bacteria,Firmicutes,Clostridia,Lachnospirales,Lachnospiraceae,Marvinbryantia,None,0.006815968841285297
Bacteria,Firmicutes,Clostridia,Clostridiales,Christensenellaceae,PAC001115,PAC001444,Bacteria,Firmicutes,Clostridia,Lachnospirales,Lachnospiraceae,Marvinbryantia,unidentified,0.007789678675754625
Bacteria,Firmicutes,Clostridia,Clostridiales,Christensenellaceae,PAC001115,PAC001444,Bacteria,Firmicutes,Clostridia,Lachnospirales,Lachnospiraceae,Roseburia,None,0.006815968841285297
Bacteria,Firmicutes,Clostridia,Clostridiales,Christensenellaceae,PAC001115,PAC001444,Bacteria,Firmicutes,Clostridia,Lachnospirales,Lachnospiraceae,Roseburia,gut_metagenome,0.007789678675754625
Bacteria,Firmicutes,Clostridia,Clostridiales,Christensenellaceae,PAC001115,PAC001444,Bacteria,Firmicutes,Clostridia,Lachnospirales,Lachnospiraceae,Tuzzerella,None,0.006815968841285297
Bacteria,Firmicutes,Clostridia,Clostridiales,Christensenellaceae,PAC001115,PAC001444,Bacteria,Firmicutes,Clostridia,Lachnospirales,Lachnospiraceae,Tyzzerella,None,0.006815968841285297
Bacteria,Firmicutes,Clostridia,Clostridiales,Christensenellaceae,PAC001115,PAC001444,Bacteria,Firmicutes,Clostridia,Lachnospirales,Lachnospiraceae,Eubacterium_hallii_group,None,0.006815968841285297
Bacteria,Firmicutes,Clostridia,Clostridiales,Christensenellaceae,PAC001115,PAC001444,Bacteria,Firmicutes,Clostridia,Lachnospirales,Lachnospiraceae,Eubacterium_ventriosum_group,metagenome,0.007789678675754625
Bacteria,Firmicutes,Clostridia,Clostridiales,Christensenellaceae,PAC001115,PAC001444,Bacteria,Firmicutes,Clostridia,Lachnospirales,Lachnospiraceae,Ruminococcus_gauvreauii_group,uncultured_Lachnospiraceae_bacterium,0.007789678675754625
Bacteria,Firmicutes,Clostridia,Clostridiales,Christensenellaceae,PAC001115,PAC001444,Bacteria,Firmicutes,Clostridia,Lachnospirales,Lachnospiraceae,Ruminococcus_gnavus_group,None,0.006815968841285297
Bacteria,Firmicutes,Clostridia,Clostridiales,Christensenellaceae,PAC001115,PAC001444,Bacteria,Firmicutes,Clostridia,Lachnospirales,Lachnospiraceae,Ruminococcus_torques_group,Clostridiaceae_bacterium_LEMV78,0.007789678675754625
Bacteria,Firmicutes,Clostridia,Clostridiales,Christensenellaceae,PAC001115,PAC001444,Bacteria,Firmicutes,Clostridia,Lachnospirales,Lachnospiraceae,Ruminococcus_torques_group,None,0.006815968841285297
Bacteria,Firmicutes,Clostridia,Clostridiales,Christensenellaceae,PAC001115,PAC001444,Bacteria,Firmicutes,Clostridia,Lachnospirales,Lachnospiraceae,None,None,0.005842259006815969
Bacteria,Firmicutes,Clostridia,Clostridiales,Christensenellaceae,PAC001115,PAC001444,Bacteria,Firmicutes,Clostridia,Lachnospirales,Lachnospiraceae,uncultured,None,0.006815968841285297
Bacteria,Firmicutes,Clostridia,Clostridiales,Christensenellaceae,PAC001115,PAC001444,Bacteria,Firmicutes,Clostridia,Monoglobales,Monoglobaceae,Monoglobus,None,0.006815968841285297
Bacteria,Firmicutes,Clostridia,Clostridiales,Christensenellaceae,PAC001115,PAC001444,Bacteria,Firmicutes,Clostridia,Oscillospirales,Butyricicoccaceae,Butyricicoccus,None,0.006815968841285297
Bacteria,Firmicutes,Clostridia,Clostridiales,Christensenellaceae,PAC001115,PAC001444,Bacteria,Firmicutes,Clostridia,Oscillospirales,Hydrogenoanaerobacterium,None,None,0.005842259006815969
Bacteria,Firmicutes,Clostridia,Clostridiales,Christensenellaceae,PAC001115,PAC001444,Bacteria,Firmicutes,Clostridia,Oscillospirales,Oscillospiraceae,Colidextribacter,None,0.006815968841285297
Bacteria,Firmicutes,Clostridia,Clostridiales,Christensenellaceae,PAC001115,PAC001444,Bacteria,Firmicutes,Clostridia,Oscillospirales,Oscillospiraceae,Colidextribacter,metagenome,0.007789678675754625
Bacteria,Firmicutes,Clostridia,Clostridiales,Christensenellaceae,PAC001115,PAC001444,Bacteria,Firmicutes,Clostridia,Oscillospirales,Oscillospiraceae,Flavonifractor,None,0.006815968841285297
Bacteria,Firmicutes,Clostridia,Clostridiales,Christensenellaceae,PAC001115,PAC001444,Bacteria,Firmicutes,Clostridia,Oscillospirales,Oscillospiraceae,Intestinimonas,None,0.006815968841285297
Bacteria,Firmicutes,Clostridia,Clostridiales,Christensenellaceae,PAC001115,PAC001444,Bacteria,Firmicutes,Clostridia,Oscillospirales,Oscillospiraceae,Intestinimonas,uncultured,0.007789678675754625
Bacteria,Firmicutes,Clostridia,Clostridiales,Christensenellaceae,PAC001115,PAC001444,Bacteria,Firmicutes,Clostridia,Oscillospirales,Oscillospiraceae,NK4A214_group,None,0.006815968841285297
Bacteria,Firmicutes,Clostridia,Clostridiales,Christensenellaceae,PAC001115,PAC001444,Bacteria,Firmicutes,Clostridia,Oscillospirales,Oscillospiraceae,Oscillibacter,None,0.006815968841285297
Bacteria,Firmicutes,Clostridia,Clostridiales,Christensenellaceae,PAC001115,PAC001444,Bacteria,Firmicutes,Clostridia,Oscillospirales,Oscillospiraceae,Oscillibacter,metagenome,0.007789678675754625
Bacteria,Firmicutes,Clostridia,Clostridiales,Christensenellaceae,PAC001115,PAC001444,Bacteria,Firmicutes,Clostridia,Oscillospirales,Oscillospiraceae,Oscillospira,None,0.006815968841285297
Bacteria,Firmicutes,Clostridia,Clostridiales,Christensenellaceae,PAC001115,PAC001444,Bacteria,Firmicutes,Clostridia,Oscillospirales,Oscillospiraceae,UCG-002,None,0.006815968841285297
Bacteria,Firmicutes,Clostridia,Clostridiales,Christensenellaceae,PAC001115,PAC001444,Bacteria,Firmicutes,Clostridia,Oscillospirales,Oscillospiraceae,UCG-003,None,0.006815968841285297
Bacteria,Firmicutes,Clostridia,Clostridiales,Christensenellaceae,PAC001115,PAC001444,Bacteria,Firmicutes,Clostridia,Oscillospirales,Oscillospiraceae,UCG-005,None,0.006815968841285297
Bacteria,Firmicutes,Clostridia,Clostridiales,Christensenellaceae,PAC001115,PAC001444,Bacteria,Firmicutes,Clostridia,Oscillospirales,Oscillospiraceae,UCG-005,metagenome,0.007789678675754625
Bacteria,Firmicutes,Clostridia,Clostridiales,Christensenellaceae,PAC001115,PAC001444,Bacteria,Firmicutes,Clostridia,Oscillospirales,Oscillospiraceae,UCG-005,uncultured_Clostridiales_bacterium,0.007789678675754625
Bacteria,Firmicutes,Clostridia,Clostridiales,Christensenellaceae,PAC001115,PAC001444,Bacteria,Firmicutes,Clostridia,Oscillospirales,Oscillospiraceae,UCG-005,uncultured_rumen_bacterium,0.007789678675754625
Bacteria,Firmicutes,Clostridia,Clostridiales,Christensenellaceae,PAC001115,PAC001444,Bacteria,Firmicutes,Clostridia,Oscillospirales,Oscillospiraceae,None,None,0.005842259006815969
Bacteria,Firmicutes,Clostridia,Clostridiales,Christensenellaceae,PAC001115,PAC001444,Bacteria,Firmicutes,Clostridia,Oscillospirales,Oscillospiraceae,uncultured,metagenome,0.007789678675754625
Bacteria,Firmicutes,Clostridia,Clostridiales,Christensenellaceae,PAC001115,PAC001444,Bacteria,Firmicutes,Clostridia,Oscillospirales,Oscillospiraceae,uncultured,unidentified,0.007789678675754625
Bacteria,Firmicutes,Clostridia,Clostridiales,Christensenellaceae,PAC001115,PAC001444,Bacteria,Firmicutes,Clostridia,Oscillospirales,Ruminococcaceae,Anaerofilum,uncultured_Firmicutes_bacterium,0.007789678675754625
Bacteria,Firmicutes,Clostridia,Clostridiales,Christensenellaceae,PAC001115,PAC001444,Bacteria,Firmicutes,Clostridia,Oscillospirales,Ruminococcaceae,Anaerotruncus,Anaerotruncus_rubiinfantis,0.007789678675754625
Bacteria,Firmicutes,Clostridia,Clostridiales,Christensenellaceae,PAC001115,PAC001444,Bacteria,Firmicutes,Clostridia,Oscillospirales,Ruminococcaceae,Anaerotruncus,Anaerotruncus_sp._NML_070203,0.007789678675754625
Bacteria,Firmicutes,Clostridia,Clostridiales,Christensenellaceae,PAC001115,PAC001444,Bacteria,Firmicutes,Clostridia,Oscillospirales,Ruminococcaceae,Candidatus_Soleaferrea,Neobitarella_massiliensis,0.007789678675754625
Bacteria,Firmicutes,Clostridia,Clostridiales,Christensenellaceae,PAC001115,PAC001444,Bacteria,Firmicutes,Clostridia,Oscillospirales,Ruminococcaceae,Candidatus_Soleaferrea,None,0.006815968841285297
Bacteria,Firmicutes,Clostridia,Clostridiales,Christensenellaceae,PAC001115,PAC001444,Bacteria,Firmicutes,Clostridia,Oscillospirales,Ruminococcaceae,DTU089,None,0.006815968841285297
Bacteria,Firmicutes,Clostridia,Clostridiales,Christensenellaceae,PAC001115,PAC001444,Bacteria,Firmicutes,Clostridia,Oscillospirales,Ruminococcaceae,Faecalibacterium,None,0.006815968841285297
Bacteria,Firmicutes,Clostridia,Clostridiales,Christensenellaceae,PAC001115,PAC001444,Bacteria,Firmicutes,Clostridia,Oscillospirales,Ruminococcaceae,Fournierella,uncultured_organism,0.007789678675754625
Bacteria,Firmicutes,Clostridia,Clostridiales,Christensenellaceae,PAC001115,PAC001444,Bacteria,Firmicutes,Clostridia,Oscillospirales,Ruminococcaceae,Incertae_Sedis,metagenome,0.007789678675754625
Bacteria,Firmicutes,Clostridia,Clostridiales,Christensenellaceae,PAC001115,PAC001444,Bacteria,Firmicutes,Clostridia,Oscillospirales,Ruminococcaceae,Incertae_Sedis,None,0.006815968841285297
Bacteria,Firmicutes,Clostridia,Clostridiales,Christensenellaceae,PAC001115,PAC001444,Bacteria,Firmicutes,Clostridia,Oscillospirales,Ruminococcaceae,Negativibacillus,None,0.006815968841285297
Bacteria,Firmicutes,Clostridia,Clostridiales,Christensenellaceae,PAC001115,PAC001444,Bacteria,Firmicutes,Clostridia,Oscillospirales,Ruminococcaceae,Ruminococcus,Ruminococcus_champanellensis,0.007789678675754625
Bacteria,Firmicutes,Clostridia,Clostridiales,Christensenellaceae,PAC001115,PAC001444,Bacteria,Firmicutes,Clostridia,Oscillospirales,Ruminococcaceae,Ruminococcus,None,0.006815968841285297
Bacteria,Firmicutes,Clostridia,Clostridiales,Christensenellaceae,PAC001115,PAC001444,Bacteria,Firmicutes,Clostridia,Oscillospirales,Ruminococcaceae,Subdoligranulum,None,0.006815968841285297
Bacteria,Firmicutes,Clostridia,Clostridiales,Christensenellaceae,PAC001115,PAC001444,Bacteria,Firmicutes,Clostridia,Oscillospirales,Ruminococcaceae,UBA1819,None,0.006815968841285297
Bacteria,Firmicutes,Clostridia,Clostridiales,Christensenellaceae,PAC001115,PAC001444,Bacteria,Firmicutes,Clostridia,Oscillospirales,Ruminococcaceae,Eubacterium_siraeum_group,None,0.006815968841285297
Bacteria,Firmicutes,Clostridia,Clostridiales,Christensenellaceae,PAC001115,PAC001444,Bacteria,Firmicutes,Clostridia,Oscillospirales,Ruminococcaceae,None,None,0.005842259006815969
Bacteria,Firmicutes,Clostridia,Clostridiales,Christensenellaceae,PAC001115,PAC001444,Bacteria,Firmicutes,Clostridia,Oscillospirales,UCG-010,None,None,0.005842259006815969
Bacteria,Firmicutes,Clostridia,Clostridiales,Christensenellaceae,PAC001115,PAC001444,Bacteria,Firmicutes,Clostridia,Oscillospirales,UCG-010,metagenome,None,0.006815968841285297
Bacteria,Firmicutes,Clostridia,Clostridiales,Christensenellaceae,PAC001115,PAC001444,Bacteria,Firmicutes,Clostridia,Oscillospirales,UCG-010,uncultured_bacterium,None,0.006815968841285297
Bacteria,Firmicutes,Clostridia,Clostridiales,Christensenellaceae,PAC001115,PAC001444,Bacteria,Firmicutes,Clostridia,Oscillospirales,UCG-010,uncultured_organism,None,0.006815968841285297
Bacteria,Firmicutes,Clostridia,Clostridiales,Christensenellaceae,PAC001115,PAC001444,Bacteria,Firmicutes,Clostridia,Oscillospirales,Clostridium_methylpentosum_group,None,None,0.005842259006815969
Bacteria,Firmicutes,Clostridia,Clostridiales,Christensenellaceae,PAC001115,PAC001444,Bacteria,Firmicutes,Clostridia,Oscillospirales,Eubacterium_coprostanoligenes_group,None,None,0.005842259006815969
Bacteria,Firmicutes,Clostridia,Clostridiales,Christensenellaceae,PAC001115,PAC001444,Bacteria,Firmicutes,Clostridia,Oscillospirales,None,None,None,0.004868549172346641
Bacteria,Firmicutes,Clostridia,Clostridiales,Christensenellaceae,PAC001115,PAC001444,Bacteria,Firmicutes,Clostridia,Peptococcales,Peptococcaceae,uncultured,None,0.006815968841285297
Bacteria,Firmicutes,Clostridia,Clostridiales,Christensenellaceae,PAC001115,PAC001444,Bacteria,Firmicutes,Clostridia,Peptostreptococcales-Tissierellales,Anaerovoracaceae,Family_XIII_AD3011_group,metagenome,0.007789678675754625
Bacteria,Firmicutes,Clostridia,Clostridiales,Christensenellaceae,PAC001115,PAC001444,Bacteria,Firmicutes,Clostridia,Peptostreptococcales-Tissierellales,Anaerovoracaceae,Family_XIII_AD3011_group,None,0.006815968841285297
Bacteria,Firmicutes,Clostridia,Clostridiales,Christensenellaceae,PAC001115,PAC001444,Bacteria,Firmicutes,Clostridia,Peptostreptococcales-Tissierellales,Anaerovoracaceae,Family_XIII_AD3011_group,uncultured,0.007789678675754625
Bacteria,Firmicutes,Clostridia,Clostridiales,Christensenellaceae,PAC001115,PAC001444,Bacteria,Firmicutes,Clostridia,Peptostreptococcales-Tissierellales,Anaerovoracaceae,Family_XIII_UCG-001,metagenome,0.007789678675754625
Bacteria,Firmicutes,Clostridia,Clostridiales,Christensenellaceae,PAC001115,PAC001444,Bacteria,Firmicutes,Clostridia,Peptostreptococcales-Tissierellales,Anaerovoracaceae,Eubacterium_nodatum_group,None,0.006815968841285297
Bacteria,Firmicutes,Clostridia,Clostridiales,Christensenellaceae,PAC001115,PAC001444,Bacteria,Firmicutes,Clostridia,Peptostreptococcales-Tissierellales,Anaerovoracaceae,None,None,0.005842259006815969
Bacteria,Firmicutes,Clostridia,Clostridiales,Christensenellaceae,PAC001115,PAC001444,Bacteria,Firmicutes,Clostridia,Peptostreptococcales-Tissierellales,Parvimonas,None,None,0.005842259006815969
Bacteria,Firmicutes,Clostridia,Clostridiales,Christensenellaceae,PAC001115,PAC001444,Bacteria,Firmicutes,Clostridia,None,None,None,None,0.0038948393378773127
Bacteria,Firmicutes,Clostridia,Clostridiales,Christensenellaceae,PAC001115,PAC001444,Bacteria,Firmicutes,Incertae_Sedis,DTU014,unidentified,None,None,0.007789678675754625
Bacteria,Firmicutes,Clostridia,Clostridiales,Christensenellaceae,PAC001115,PAC001444,Bacteria,Firmicutes,Limnochordia,M55-D21,uncultured_compost_bacterium,None,None,0.007789678675754625
Bacteria,Firmicutes,Clostridia,Clostridiales,Christensenellaceae,PAC001115,PAC001444,Bacteria,Firmicutes,Negativicutes,Acidaminococcales,Acidaminococcaceae,Phascolarctobacterium,None,0.008763388510223954
Bacteria,Firmicutes,Clostridia,Clostridiales,Christensenellaceae,PAC001115,PAC001444,Bacteria,Firmicutes,None,None,None,None,None,0.004868549172346641
Bacteria,Firmicutes,Clostridia,Clostridiales,Christensenellaceae,PAC001115,PAC001444,Bacteria,Firmicutes,uncultured,uncultured_Peptococcaceae_bacterium,None,None,None,0.006815968841285297
Bacteria,Firmicutes,Clostridia,Clostridiales,Christensenellaceae,PAC001115,PAC001444,Bacteria,Proteobacteria,Alphaproteobacteria,Rhodospirillales,uncultured,None,None,0.009737098344693282
Bacteria,Firmicutes,Clostridia,Clostridiales,Christensenellaceae,PAC001115,PAC001444,Bacteria,Proteobacteria,Gammaproteobacteria,Burkholderiales,Sutterellaceae,Sutterella,Sutterella_sp._252,0.011684518013631937
Bacteria,Firmicutes,Clostridia,Clostridiales,Christensenellaceae,PAC001115,PAC001444,Bacteria,Proteobacteria,Gammaproteobacteria,Enterobacterales,Enterobacteriaceae,Escherichia-Shigella,None,0.010710808179162609
Bacteria,Firmicutes,Clostridia,Clostridiales,Christensenellaceae,PAC001115,PAC001444,Bacteria,Proteobacteria,Gammaproteobacteria,Enterobacterales,Enterobacteriaceae,Klebsiella,None,0.010710808179162609
Bacteria,Firmicutes,Clostridia,Clostridiales,Christensenellaceae,PAC001115,PAC001444,Bacteria,Proteobacteria,Gammaproteobacteria,Enterobacterales,Enterobacteriaceae,None,None,0.009737098344693282
Bacteria,Firmicutes,Clostridia,Clostridiales,Christensenellaceae,PAC001115,PAC001444,Bacteria,Proteobacteria,Gammaproteobacteria,Pseudomonadales,Pseudomonadaceae,Pseudomonas,None,0.010710808179162609
Bacteria,Firmicutes,Clostridia,Clostridiales,Christensenellaceae,PAC001115,PAC001444,Bacteria,Synergistota,Synergistia,Synergistales,Synergistaceae,Cloacibacillus,None,0.010710808179162609
Bacteria,Firmicutes,Clostridia,Clostridiales,Christensenellaceae,PAC001115,PAC001444,Bacteria,Verrucomicrobiota,Verrucomicrobiae,Verrucomicrobiales,Akkermansiaceae,Akkermansia,None,0.010710808179162609
Bacteria,Firmicutes,Clostridia,Clostridiales,Christensenellaceae,PAC001437,PAC001486,Bacteria,Firmicutes,Clostridia,Clostridiales,Christensenellaceae,PAC001437,PAC002305,0.0019474196689386564
Bacteria,Firmicutes,Clostridia,Clostridiales,Christensenellaceae,PAC001437,PAC001486,Bacteria,Firmicutes,Clostridia,Clostridiales,Christensenellaceae,PAC002510,PAC002510,0.0038948393378773127
Bacteria,Firmicutes,Clostridia,Clostridiales,Christensenellaceae,PAC001437,PAC001486,Bacteria,Firmicutes,Clostridia,Clostridiales,Dehalobacterium,PAC002141,PAC002141,0.005842259006815969
Bacteria,Firmicutes,Clostridia,Clostridiales,Christensenellaceae,PAC001437,PAC001486,Bacteria,Firmicutes,Clostridia,Clostridiales,Ruminococcaceae,PAC000742,PAC000742,0.005842259006815969
Bacteria,Firmicutes,Clostridia,Clostridiales,Christensenellaceae,PAC001437,PAC001486,Bacteria,Firmicutes,Clostridia,Clostridiales,Ruminococcaceae,PAC001144,PAC001620,0.005842259006815969
Bacteria,Firmicutes,Clostridia,Clostridiales,Christensenellaceae,PAC001437,PAC001486,Bacteria,Firmicutes,Clostridia,Clostridiales,Ruminococcaceae,PAC001313,PAC001649,0.005842259006815969
Bacteria,Firmicutes,Clostridia,Clostridiales,Christensenellaceae,PAC001437,PAC001486,Bacteria,Firmicutes,Clostridia,Clostridiales,Ruminococcaceae,PAC002201,PAC002201,0.005842259006815969
Bacteria,Firmicutes,Clostridia,Clostridiales,Christensenellaceae,PAC001437,PAC001486,Bacteria,Firmicutes,Clostridia,Eubacteriales,Eubacteriaceae,Eubacterium,None,0.006815968841285297
Bacteria,Firmicutes,Clostridia,Clostridiales,Christensenellaceae,PAC001437,PAC001486,Bacteria,Firmicutes,Clostridia,Lachnospirales,Lachnospiraceae,Agathobacter,None,0.006815968841285297
Bacteria,Firmicutes,Clostridia,Clostridiales,Christensenellaceae,PAC001437,PAC001486,Bacteria,Firmicutes,Clostridia,Lachnospirales,Lachnospiraceae,Anaerostipes,None,0.006815968841285297
Bacteria,Firmicutes,Clostridia,Clostridiales,Christensenellaceae,PAC001437,PAC001486,Bacteria,Firmicutes,Clostridia,Lachnospirales,Lachnospiraceae,Blautia,None,0.006815968841285297
Bacteria,Firmicutes,Clostridia,Clostridiales,Christensenellaceae,PAC001437,PAC001486,Bacteria,Firmicutes,Clostridia,Lachnospirales,Lachnospiraceae,Blautia,bacterium_mpn-isolate_group_20,0.007789678675754625
Bacteria,Firmicutes,Clostridia,Clostridiales,Christensenellaceae,PAC001437,PAC001486,Bacteria,Firmicutes,Clostridia,Lachnospirales,Lachnospiraceae,Blautia,uncultured_Blautia_sp.,0.007789678675754625
Bacteria,Firmicutes,Clostridia,Clostridiales,Christensenellaceae,PAC001437,PAC001486,Bacteria,Firmicutes,Clostridia,Lachnospirales,Lachnospiraceae,Coprococcus,None,0.006815968841285297
Bacteria,Firmicutes,Clostridia,Clostridiales,Christensenellaceae,PAC001437,PAC001486,Bacteria,Firmicutes,Clostridia,Lachnospirales,Lachnospiraceae,Coprococcus,uncultured_Coprococcus_sp.,0.007789678675754625
Bacteria,Firmicutes,Clostridia,Clostridiales,Christensenellaceae,PAC001437,PAC001486,Bacteria,Firmicutes,Clostridia,Lachnospirales,Lachnospiraceae,Dorea,None,0.006815968841285297
Bacteria,Firmicutes,Clostridia,Clostridiales,Christensenellaceae,PAC001437,PAC001486,Bacteria,Firmicutes,Clostridia,Lachnospirales,Lachnospiraceae,Eisenbergiella,None,0.006815968841285297
Bacteria,Firmicutes,Clostridia,Clostridiales,Christensenellaceae,PAC001437,PAC001486,Bacteria,Firmicutes,Clostridia,Lachnospirales,Lachnospiraceae,Frisingicoccus,None,0.006815968841285297
Bacteria,Firmicutes,Clostridia,Clostridiales,Christensenellaceae,PAC001437,PAC001486,Bacteria,Firmicutes,Clostridia,Lachnospirales,Lachnospiraceae,Fusicatenibacter,uncultured_Lachnospiraceae_bacterium,0.007789678675754625
Bacteria,Firmicutes,Clostridia,Clostridiales,Christensenellaceae,PAC001437,PAC001486,Bacteria,Firmicutes,Clostridia,Lachnospirales,Lachnospiraceae,GCA-900066575,None,0.006815968841285297
Bacteria,Firmicutes,Clostridia,Clostridiales,Christensenellaceae,PAC001437,PAC001486,Bacteria,Firmicutes,Clostridia,Lachnospirales,Lachnospiraceae,GCA-900066575,metagenome,0.007789678675754625
Bacteria,Firmicutes,Clostridia,Clostridiales,Christensenellaceae,PAC001437,PAC001486,Bacteria,Firmicutes,Clostridia,Lachnospirales,Lachnospiraceae,GCA-900066755,None,0.006815968841285297
Bacteria,Firmicutes,Clostridia,Clostridiales,Christensenellaceae,PAC001437,PAC001486,Bacteria,Firmicutes,Clostridia,Lachnospirales,Lachnospiraceae,Hungatella,metagenome,0.007789678675754625
Bacteria,Firmicutes,Clostridia,Clostridiales,Christensenellaceae,PAC001437,PAC001486,Bacteria,Firmicutes,Clostridia,Lachnospirales,Lachnospiraceae,Lachnoclostridium,Clostridium_symbiosum,0.007789678675754625
Bacteria,Firmicutes,Clostridia,Clostridiales,Christensenellaceae,PAC001437,PAC001486,Bacteria,Firmicutes,Clostridia,Lachnospirales,Lachnospiraceae,Lachnoclostridium,None,0.006815968841285297
Bacteria,Firmicutes,Clostridia,Clostridiales,Christensenellaceae,PAC001437,PAC001486,Bacteria,Firmicutes,Clostridia,Lachnospirales,Lachnospiraceae,Lachnoclostridium,uncultured_Lachnospiraceae_bacterium,0.007789678675754625
Bacteria,Firmicutes,Clostridia,Clostridiales,Christensenellaceae,PAC001437,PAC001486,Bacteria,Firmicutes,Clostridia,Lachnospirales,Lachnospiraceae,Lachnospiraceae_ND3007_group,metagenome,0.007789678675754625
Bacteria,Firmicutes,Clostridia,Clostridiales,Christensenellaceae,PAC001437,PAC001486,Bacteria,Firmicutes,Clostridia,Lachnospirales,Lachnospiraceae,Lachnospiraceae_NK4A136_group,None,0.006815968841285297
Bacteria,Firmicutes,Clostridia,Clostridiales,Christensenellaceae,PAC001437,PAC001486,Bacteria,Firmicutes,Clostridia,Lachnospirales,Lachnospiraceae,Lachnospiraceae_NK4A136_group,uncultured_Lachnospiraceae_bacterium,0.007789678675754625
Bacteria,Firmicutes,Clostridia,Clostridiales,Christensenellaceae,PAC001437,PAC001486,Bacteria,Firmicutes,Clostridia,Lachnospirales,Lachnospiraceae,Lachnospiraceae_NK4A136_group,uncultured_bacterium_Adhufec49.25,0.007789678675754625
Bacteria,Firmicutes,Clostridia,Clostridiales,Christensenellaceae,PAC001437,PAC001486,Bacteria,Firmicutes,Clostridia,Lachnospirales,Lachnospiraceae,Lachnospiraceae_NK4B4_group,None,0.006815968841285297
Bacteria,Firmicutes,Clostridia,Clostridiales,Christensenellaceae,PAC001437,PAC001486,Bacteria,Firmicutes,Clostridia,Lachnospirales,Lachnospiraceae,Lachnospiraceae_UCG-001,metagenome,0.007789678675754625
Bacteria,Firmicutes,Clostridia,Clostridiales,Christensenellaceae,PAC001437,PAC001486,Bacteria,Firmicutes,Clostridia,Lachnospirales,Lachnospiraceae,Lachnospiraceae_UCG-004,None,0.006815968841285297
Bacteria,Firmicutes,Clostridia,Clostridiales,Christensenellaceae,PAC001437,PAC001486,Bacteria,Firmicutes,Clostridia,Lachnospirales,Lachnospiraceae,Lachnospiraceae_UCG-008,metagenome,0.007789678675754625
Bacteria,Firmicutes,Clostridia,Clostridiales,Christensenellaceae,PAC001437,PAC001486,Bacteria,Firmicutes,Clostridia,Lachnospirales,Lachnospiraceae,Lachnospiraceae_UCG-010,None,0.006815968841285297
Bacteria,Firmicutes,Clostridia,Clostridiales,Christensenellaceae,PAC001437,PAC001486,Bacteria,Firmicutes,Clostridia,Lachnospirales,Lachnospiraceae,Marvinbryantia,None,0.006815968841285297
Bacteria,Firmicutes,Clostridia,Clostridiales,Christensenellaceae,PAC001437,PAC001486,Bacteria,Firmicutes,Clostridia,Lachnospirales,Lachnospiraceae,Marvinbryantia,unidentified,0.007789678675754625
Bacteria,Firmicutes,Clostridia,Clostridiales,Christensenellaceae,PAC001437,PAC001486,Bacteria,Firmicutes,Clostridia,Lachnospirales,Lachnospiraceae,Roseburia,None,0.006815968841285297
Bacteria,Firmicutes,Clostridia,Clostridiales,Christensenellaceae,PAC001437,PAC001486,Bacteria,Firmicutes,Clostridia,Lachnospirales,Lachnospiraceae,Roseburia,gut_metagenome,0.007789678675754625
Bacteria,Firmicutes,Clostridia,Clostridiales,Christensenellaceae,PAC001437,PAC001486,Bacteria,Firmicutes,Clostridia,Lachnospirales,Lachnospiraceae,Tuzzerella,None,0.006815968841285297
Bacteria,Firmicutes,Clostridia,Clostridiales,Christensenellaceae,PAC001437,PAC001486,Bacteria,Firmicutes,Clostridia,Lachnospirales,Lachnospiraceae,Tyzzerella,None,0.006815968841285297
Bacteria,Firmicutes,Clostridia,Clostridiales,Christensenellaceae,PAC001437,PAC001486,Bacteria,Firmicutes,Clostridia,Lachnospirales,Lachnospiraceae,Eubacterium_hallii_group,None,0.006815968841285297
Bacteria,Firmicutes,Clostridia,Clostridiales,Christensenellaceae,PAC001437,PAC001486,Bacteria,Firmicutes,Clostridia,Lachnospirales,Lachnospiraceae,Eubacterium_ventriosum_group,metagenome,0.007789678675754625
Bacteria,Firmicutes,Clostridia,Clostridiales,Christensenellaceae,PAC001437,PAC001486,Bacteria,Firmicutes,Clostridia,Lachnospirales,Lachnospiraceae,Ruminococcus_gauvreauii_group,uncultured_Lachnospiraceae_bacterium,0.007789678675754625
Bacteria,Firmicutes,Clostridia,Clostridiales,Christensenellaceae,PAC001437,PAC001486,Bacteria,Firmicutes,Clostridia,Lachnospirales,Lachnospiraceae,Ruminococcus_gnavus_group,None,0.006815968841285297
Bacteria,Firmicutes,Clostridia,Clostridiales,Christensenellaceae,PAC001437,PAC001486,Bacteria,Firmicutes,Clostridia,Lachnospirales,Lachnospiraceae,Ruminococcus_torques_group,Clostridiaceae_bacterium_LEMV78,0.007789678675754625
Bacteria,Firmicutes,Clostridia,Clostridiales,Christensenellaceae,PAC001437,PAC001486,Bacteria,Firmicutes,Clostridia,Lachnospirales,Lachnospiraceae,Ruminococcus_torques_group,None,0.006815968841285297
Bacteria,Firmicutes,Clostridia,Clostridiales,Christensenellaceae,PAC001437,PAC001486,Bacteria,Firmicutes,Clostridia,Lachnospirales,Lachnospiraceae,None,None,0.005842259006815969
Bacteria,Firmicutes,Clostridia,Clostridiales,Christensenellaceae,PAC001437,PAC001486,Bacteria,Firmicutes,Clostridia,Lachnospirales,Lachnospiraceae,uncultured,None,0.006815968841285297
Bacteria,Firmicutes,Clostridia,Clostridiales,Christensenellaceae,PAC001437,PAC001486,Bacteria,Firmicutes,Clostridia,Monoglobales,Monoglobaceae,Monoglobus,None,0.006815968841285297
Bacteria,Firmicutes,Clostridia,Clostridiales,Christensenellaceae,PAC001437,PAC001486,Bacteria,Firmicutes,Clostridia,Oscillospirales,Butyricicoccaceae,Butyricicoccus,None,0.006815968841285297
Bacteria,Firmicutes,Clostridia,Clostridiales,Christensenellaceae,PAC001437,PAC001486,Bacteria,Firmicutes,Clostridia,Oscillospirales,Hydrogenoanaerobacterium,None,None,0.005842259006815969
Bacteria,Firmicutes,Clostridia,Clostridiales,Christensenellaceae,PAC001437,PAC001486,Bacteria,Firmicutes,Clostridia,Oscillospirales,Oscillospiraceae,Colidextribacter,None,0.006815968841285297
Bacteria,Firmicutes,Clostridia,Clostridiales,Christensenellaceae,PAC001437,PAC001486,Bacteria,Firmicutes,Clostridia,Oscillospirales,Oscillospiraceae,Colidextribacter,metagenome,0.007789678675754625
Bacteria,Firmicutes,Clostridia,Clostridiales,Christensenellaceae,PAC001437,PAC001486,Bacteria,Firmicutes,Clostridia,Oscillospirales,Oscillospiraceae,Flavonifractor,None,0.006815968841285297
Bacteria,Firmicutes,Clostridia,Clostridiales,Christensenellaceae,PAC001437,PAC001486,Bacteria,Firmicutes,Clostridia,Oscillospirales,Oscillospiraceae,Intestinimonas,None,0.006815968841285297
Bacteria,Firmicutes,Clostridia,Clostridiales,Christensenellaceae,PAC001437,PAC001486,Bacteria,Firmicutes,Clostridia,Oscillospirales,Oscillospiraceae,Intestinimonas,uncultured,0.007789678675754625
Bacteria,Firmicutes,Clostridia,Clostridiales,Christensenellaceae,PAC001437,PAC001486,Bacteria,Firmicutes,Clostridia,Oscillospirales,Oscillospiraceae,NK4A214_group,None,0.006815968841285297
Bacteria,Firmicutes,Clostridia,Clostridiales,Christensenellaceae,PAC001437,PAC001486,Bacteria,Firmicutes,Clostridia,Oscillospirales,Oscillospiraceae,Oscillibacter,None,0.006815968841285297
Bacteria,Firmicutes,Clostridia,Clostridiales,Christensenellaceae,PAC001437,PAC001486,Bacteria,Firmicutes,Clostridia,Oscillospirales,Oscillospiraceae,Oscillibacter,metagenome,0.007789678675754625
Bacteria,Firmicutes,Clostridia,Clostridiales,Christensenellaceae,PAC001437,PAC001486,Bacteria,Firmicutes,Clostridia,Oscillospirales,Oscillospiraceae,Oscillospira,None,0.006815968841285297
Bacteria,Firmicutes,Clostridia,Clostridiales,Christensenellaceae,PAC001437,PAC001486,Bacteria,Firmicutes,Clostridia,Oscillospirales,Oscillospiraceae,UCG-002,None,0.006815968841285297
Bacteria,Firmicutes,Clostridia,Clostridiales,Christensenellaceae,PAC001437,PAC001486,Bacteria,Firmicutes,Clostridia,Oscillospirales,Oscillospiraceae,UCG-003,None,0.006815968841285297
Bacteria,Firmicutes,Clostridia,Clostridiales,Christensenellaceae,PAC001437,PAC001486,Bacteria,Firmicutes,Clostridia,Oscillospirales,Oscillospiraceae,UCG-005,None,0.006815968841285297
Bacteria,Firmicutes,Clostridia,Clostridiales,Christensenellaceae,PAC001437,PAC001486,Bacteria,Firmicutes,Clostridia,Oscillospirales,Oscillospiraceae,UCG-005,metagenome,0.007789678675754625
Bacteria,Firmicutes,Clostridia,Clostridiales,Christensenellaceae,PAC001437,PAC001486,Bacteria,Firmicutes,Clostridia,Oscillospirales,Oscillospiraceae,UCG-005,uncultured_Clostridiales_bacterium,0.007789678675754625
Bacteria,Firmicutes,Clostridia,Clostridiales,Christensenellaceae,PAC001437,PAC001486,Bacteria,Firmicutes,Clostridia,Oscillospirales,Oscillospiraceae,UCG-005,uncultured_rumen_bacterium,0.007789678675754625
Bacteria,Firmicutes,Clostridia,Clostridiales,Christensenellaceae,PAC001437,PAC001486,Bacteria,Firmicutes,Clostridia,Oscillospirales,Oscillospiraceae,None,None,0.005842259006815969
Bacteria,Firmicutes,Clostridia,Clostridiales,Christensenellaceae,PAC001437,PAC001486,Bacteria,Firmicutes,Clostridia,Oscillospirales,Oscillospiraceae,uncultured,metagenome,0.007789678675754625
Bacteria,Firmicutes,Clostridia,Clostridiales,Christensenellaceae,PAC001437,PAC001486,Bacteria,Firmicutes,Clostridia,Oscillospirales,Oscillospiraceae,uncultured,unidentified,0.007789678675754625
Bacteria,Firmicutes,Clostridia,Clostridiales,Christensenellaceae,PAC001437,PAC001486,Bacteria,Firmicutes,Clostridia,Oscillospirales,Ruminococcaceae,Anaerofilum,uncultured_Firmicutes_bacterium,0.007789678675754625
Bacteria,Firmicutes,Clostridia,Clostridiales,Christensenellaceae,PAC001437,PAC001486,Bacteria,Firmicutes,Clostridia,Oscillospirales,Ruminococcaceae,Anaerotruncus,Anaerotruncus_rubiinfantis,0.007789678675754625
Bacteria,Firmicutes,Clostridia,Clostridiales,Christensenellaceae,PAC001437,PAC001486,Bacteria,Firmicutes,Clostridia,Oscillospirales,Ruminococcaceae,Anaerotruncus,Anaerotruncus_sp._NML_070203,0.007789678675754625
Bacteria,Firmicutes,Clostridia,Clostridiales,Christensenellaceae,PAC001437,PAC001486,Bacteria,Firmicutes,Clostridia,Oscillospirales,Ruminococcaceae,Candidatus_Soleaferrea,Neobitarella_massiliensis,0.007789678675754625
Bacteria,Firmicutes,Clostridia,Clostridiales,Christensenellaceae,PAC001437,PAC001486,Bacteria,Firmicutes,Clostridia,Oscillospirales,Ruminococcaceae,Candidatus_Soleaferrea,None,0.006815968841285297
Bacteria,Firmicutes,Clostridia,Clostridiales,Christensenellaceae,PAC001437,PAC001486,Bacteria,Firmicutes,Clostridia,Oscillospirales,Ruminococcaceae,DTU089,None,0.006815968841285297
Bacteria,Firmicutes,Clostridia,Clostridiales,Christensenellaceae,PAC001437,PAC001486,Bacteria,Firmicutes,Clostridia,Oscillospirales,Ruminococcaceae,Faecalibacterium,None,0.006815968841285297
Bacteria,Firmicutes,Clostridia,Clostridiales,Christensenellaceae,PAC001437,PAC001486,Bacteria,Firmicutes,Clostridia,Oscillospirales,Ruminococcaceae,Fournierella,uncultured_organism,0.007789678675754625
Bacteria,Firmicutes,Clostridia,Clostridiales,Christensenellaceae,PAC001437,PAC001486,Bacteria,Firmicutes,Clostridia,Oscillospirales,Ruminococcaceae,Incertae_Sedis,metagenome,0.007789678675754625
Bacteria,Firmicutes,Clostridia,Clostridiales,Christensenellaceae,PAC001437,PAC001486,Bacteria,Firmicutes,Clostridia,Oscillospirales,Ruminococcaceae,Incertae_Sedis,None,0.006815968841285297
Bacteria,Firmicutes,Clostridia,Clostridiales,Christensenellaceae,PAC001437,PAC001486,Bacteria,Firmicutes,Clostridia,Oscillospirales,Ruminococcaceae,Negativibacillus,None,0.006815968841285297
Bacteria,Firmicutes,Clostridia,Clostridiales,Christensenellaceae,PAC001437,PAC001486,Bacteria,Firmicutes,Clostridia,Oscillospirales,Ruminococcaceae,Ruminococcus,Ruminococcus_champanellensis,0.007789678675754625
Bacteria,Firmicutes,Clostridia,Clostridiales,Christensenellaceae,PAC001437,PAC001486,Bacteria,Firmicutes,Clostridia,Oscillospirales,Ruminococcaceae,Ruminococcus,None,0.006815968841285297
Bacteria,Firmicutes,Clostridia,Clostridiales,Christensenellaceae,PAC001437,PAC001486,Bacteria,Firmicutes,Clostridia,Oscillospirales,Ruminococcaceae,Subdoligranulum,None,0.006815968841285297
Bacteria,Firmicutes,Clostridia,Clostridiales,Christensenellaceae,PAC001437,PAC001486,Bacteria,Firmicutes,Clostridia,Oscillospirales,Ruminococcaceae,UBA1819,None,0.006815968841285297
Bacteria,Firmicutes,Clostridia,Clostridiales,Christensenellaceae,PAC001437,PAC001486,Bacteria,Firmicutes,Clostridia,Oscillospirales,Ruminococcaceae,Eubacterium_siraeum_group,None,0.006815968841285297
Bacteria,Firmicutes,Clostridia,Clostridiales,Christensenellaceae,PAC001437,PAC001486,Bacteria,Firmicutes,Clostridia,Oscillospirales,Ruminococcaceae,None,None,0.005842259006815969
Bacteria,Firmicutes,Clostridia,Clostridiales,Christensenellaceae,PAC001437,PAC001486,Bacteria,Firmicutes,Clostridia,Oscillospirales,UCG-010,None,None,0.005842259006815969
Bacteria,Firmicutes,Clostridia,Clostridiales,Christensenellaceae,PAC001437,PAC001486,Bacteria,Firmicutes,Clostridia,Oscillospirales,UCG-010,metagenome,None,0.006815968841285297
Bacteria,Firmicutes,Clostridia,Clostridiales,Christensenellaceae,PAC001437,PAC001486,Bacteria,Firmicutes,Clostridia,Oscillospirales,UCG-010,uncultured_bacterium,None,0.006815968841285297
Bacteria,Firmicutes,Clostridia,Clostridiales,Christensenellaceae,PAC001437,PAC001486,Bacteria,Firmicutes,Clostridia,Oscillospirales,UCG-010,uncultured_organism,None,0.006815968841285297
Bacteria,Firmicutes,Clostridia,Clostridiales,Christensenellaceae,PAC001437,PAC001486,Bacteria,Firmicutes,Clostridia,Oscillospirales,Clostridium_methylpentosum_group,None,None,0.005842259006815969
Bacteria,Firmicutes,Clostridia,Clostridiales,Christensenellaceae,PAC001437,PAC001486,Bacteria,Firmicutes,Clostridia,Oscillospirales,Eubacterium_coprostanoligenes_group,None,None,0.005842259006815969
Bacteria,Firmicutes,Clostridia,Clostridiales,Christensenellaceae,PAC001437,PAC001486,Bacteria,Firmicutes,Clostridia,Oscillospirales,None,None,None,0.004868549172346641
Bacteria,Firmicutes,Clostridia,Clostridiales,Christensenellaceae,PAC001437,PAC001486,Bacteria,Firmicutes,Clostridia,Peptococcales,Peptococcaceae,uncultured,None,0.006815968841285297
Bacteria,Firmicutes,Clostridia,Clostridiales,Christensenellaceae,PAC001437,PAC001486,Bacteria,Firmicutes,Clostridia,Peptostreptococcales-Tissierellales,Anaerovoracaceae,Family_XIII_AD3011_group,metagenome,0.007789678675754625
Bacteria,Firmicutes,Clostridia,Clostridiales,Christensenellaceae,PAC001437,PAC001486,Bacteria,Firmicutes,Clostridia,Peptostreptococcales-Tissierellales,Anaerovoracaceae,Family_XIII_AD3011_group,None,0.006815968841285297
Bacteria,Firmicutes,Clostridia,Clostridiales,Christensenellaceae,PAC001437,PAC001486,Bacteria,Firmicutes,Clostridia,Peptostreptococcales-Tissierellales,Anaerovoracaceae,Family_XIII_AD3011_group,uncultured,0.007789678675754625
Bacteria,Firmicutes,Clostridia,Clostridiales,Christensenellaceae,PAC001437,PAC001486,Bacteria,Firmicutes,Clostridia,Peptostreptococcales-Tissierellales,Anaerovoracaceae,Family_XIII_UCG-001,metagenome,0.007789678675754625
Bacteria,Firmicutes,Clostridia,Clostridiales,Christensenellaceae,PAC001437,PAC001486,Bacteria,Firmicutes,Clostridia,Peptostreptococcales-Tissierellales,Anaerovoracaceae,Eubacterium_nodatum_group,None,0.006815968841285297
Bacteria,Firmicutes,Clostridia,Clostridiales,Christensenellaceae,PAC001437,PAC001486,Bacteria,Firmicutes,Clostridia,Peptostreptococcales-Tissierellales,Anaerovoracaceae,None,None,0.005842259006815969
Bacteria,Firmicutes,Clostridia,Clostridiales,Christensenellaceae,PAC001437,PAC001486,Bacteria,Firmicutes,Clostridia,Peptostreptococcales-Tissierellales,Parvimonas,None,None,0.005842259006815969
Bacteria,Firmicutes,Clostridia,Clostridiales,Christensenellaceae,PAC001437,PAC001486,Bacteria,Firmicutes,Clostridia,None,None,None,None,0.0038948393378773127
Bacteria,Firmicutes,Clostridia,Clostridiales,Christensenellaceae,PAC001437,PAC001486,Bacteria,Firmicutes,Incertae_Sedis,DTU014,unidentified,None,None,0.007789678675754625
Bacteria,Firmicutes,Clostridia,Clostridiales,Christensenellaceae,PAC001437,PAC001486,Bacteria,Firmicutes,Limnochordia,M55-D21,uncultured_compost_bacterium,None,None,0.007789678675754625
Bacteria,Firmicutes,Clostridia,Clostridiales,Christensenellaceae,PAC001437,PAC001486,Bacteria,Firmicutes,Negativicutes,Acidaminococcales,Acidaminococcaceae,Phascolarctobacterium,None,0.008763388510223954
Bacteria,Firmicutes,Clostridia,Clostridiales,Christensenellaceae,PAC001437,PAC001486,Bacteria,Firmicutes,None,None,None,None,None,0.004868549172346641
Bacteria,Firmicutes,Clostridia,Clostridiales,Christensenellaceae,PAC001437,PAC001486,Bacteria,Firmicutes,uncultured,uncultured_Peptococcaceae_bacterium,None,None,None,0.006815968841285297
Bacteria,Firmicutes,Clostridia,Clostridiales,Christensenellaceae,PAC001437,PAC001486,Bacteria,Proteobacteria,Alphaproteobacteria,Rhodospirillales,uncultured,None,None,0.009737098344693282
Bacteria,Firmicutes,Clostridia,Clostridiales,Christensenellaceae,PAC001437,PAC001486,Bacteria,Proteobacteria,Gammaproteobacteria,Burkholderiales,Sutterellaceae,Sutterella,Sutterella_sp._252,0.011684518013631937
Bacteria,Firmicutes,Clostridia,Clostridiales,Christensenellaceae,PAC001437,PAC001486,Bacteria,Proteobacteria,Gammaproteobacteria,Enterobacterales,Enterobacteriaceae,Escherichia-Shigella,None,0.010710808179162609
Bacteria,Firmicutes,Clostridia,Clostridiales,Christensenellaceae,PAC001437,PAC001486,Bacteria,Proteobacteria,Gammaproteobacteria,Enterobacterales,Enterobacteriaceae,Klebsiella,None,0.010710808179162609
Bacteria,Firmicutes,Clostridia,Clostridiales,Christensenellaceae,PAC001437,PAC001486,Bacteria,Proteobacteria,Gammaproteobacteria,Enterobacterales,Enterobacteriaceae,None,None,0.009737098344693282
Bacteria,Firmicutes,Clostridia,Clostridiales,Christensenellaceae,PAC001437,PAC001486,Bacteria,Proteobacteria,Gammaproteobacteria,Pseudomonadales,Pseudomonadaceae,Pseudomonas,None,0.010710808179162609
Bacteria,Firmicutes,Clostridia,Clostridiales,Christensenellaceae,PAC001437,PAC001486,Bacteria,Synergistota,Synergistia,Synergistales,Synergistaceae,Cloacibacillus,None,0.010710808179162609
Bacteria,Firmicutes,Clostridia,Clostridiales,Christensenellaceae,PAC001437,PAC001486,Bacteria,Verrucomicrobiota,Verrucomicrobiae,Verrucomicrobiales,Akkermansiaceae,Akkermansia,None,0.010710808179162609
Bacteria,Firmicutes,Clostridia,Clostridiales,Christensenellaceae,PAC001437,PAC002305,Bacteria,Firmicutes,Clostridia,Clostridiales,Christensenellaceae,PAC002510,PAC002510,0.0038948393378773127
Bacteria,Firmicutes,Clostridia,Clostridiales,Christensenellaceae,PAC001437,PAC002305,Bacteria,Firmicutes,Clostridia,Clostridiales,Dehalobacterium,PAC002141,PAC002141,0.005842259006815969
Bacteria,Firmicutes,Clostridia,Clostridiales,Christensenellaceae,PAC001437,PAC002305,Bacteria,Firmicutes,Clostridia,Clostridiales,Ruminococcaceae,PAC000742,PAC000742,0.005842259006815969
Bacteria,Firmicutes,Clostridia,Clostridiales,Christensenellaceae,PAC001437,PAC002305,Bacteria,Firmicutes,Clostridia,Clostridiales,Ruminococcaceae,PAC001144,PAC001620,0.005842259006815969
Bacteria,Firmicutes,Clostridia,Clostridiales,Christensenellaceae,PAC001437,PAC002305,Bacteria,Firmicutes,Clostridia,Clostridiales,Ruminococcaceae,PAC001313,PAC001649,0.005842259006815969
Bacteria,Firmicutes,Clostridia,Clostridiales,Christensenellaceae,PAC001437,PAC002305,Bacteria,Firmicutes,Clostridia,Clostridiales,Ruminococcaceae,PAC002201,PAC002201,0.005842259006815969
Bacteria,Firmicutes,Clostridia,Clostridiales,Christensenellaceae,PAC001437,PAC002305,Bacteria,Firmicutes,Clostridia,Eubacteriales,Eubacteriaceae,Eubacterium,None,0.006815968841285297
Bacteria,Firmicutes,Clostridia,Clostridiales,Christensenellaceae,PAC001437,PAC002305,Bacteria,Firmicutes,Clostridia,Lachnospirales,Lachnospiraceae,Agathobacter,None,0.006815968841285297
Bacteria,Firmicutes,Clostridia,Clostridiales,Christensenellaceae,PAC001437,PAC002305,Bacteria,Firmicutes,Clostridia,Lachnospirales,Lachnospiraceae,Anaerostipes,None,0.006815968841285297
Bacteria,Firmicutes,Clostridia,Clostridiales,Christensenellaceae,PAC001437,PAC002305,Bacteria,Firmicutes,Clostridia,Lachnospirales,Lachnospiraceae,Blautia,None,0.006815968841285297
Bacteria,Firmicutes,Clostridia,Clostridiales,Christensenellaceae,PAC001437,PAC002305,Bacteria,Firmicutes,Clostridia,Lachnospirales,Lachnospiraceae,Blautia,bacterium_mpn-isolate_group_20,0.007789678675754625
Bacteria,Firmicutes,Clostridia,Clostridiales,Christensenellaceae,PAC001437,PAC002305,Bacteria,Firmicutes,Clostridia,Lachnospirales,Lachnospiraceae,Blautia,uncultured_Blautia_sp.,0.007789678675754625
Bacteria,Firmicutes,Clostridia,Clostridiales,Christensenellaceae,PAC001437,PAC002305,Bacteria,Firmicutes,Clostridia,Lachnospirales,Lachnospiraceae,Coprococcus,None,0.006815968841285297
Bacteria,Firmicutes,Clostridia,Clostridiales,Christensenellaceae,PAC001437,PAC002305,Bacteria,Firmicutes,Clostridia,Lachnospirales,Lachnospiraceae,Coprococcus,uncultured_Coprococcus_sp.,0.007789678675754625
Bacteria,Firmicutes,Clostridia,Clostridiales,Christensenellaceae,PAC001437,PAC002305,Bacteria,Firmicutes,Clostridia,Lachnospirales,Lachnospiraceae,Dorea,None,0.006815968841285297
Bacteria,Firmicutes,Clostridia,Clostridiales,Christensenellaceae,PAC001437,PAC002305,Bacteria,Firmicutes,Clostridia,Lachnospirales,Lachnospiraceae,Eisenbergiella,None,0.006815968841285297
Bacteria,Firmicutes,Clostridia,Clostridiales,Christensenellaceae,PAC001437,PAC002305,Bacteria,Firmicutes,Clostridia,Lachnospirales,Lachnospiraceae,Frisingicoccus,None,0.006815968841285297
Bacteria,Firmicutes,Clostridia,Clostridiales,Christensenellaceae,PAC001437,PAC002305,Bacteria,Firmicutes,Clostridia,Lachnospirales,Lachnospiraceae,Fusicatenibacter,uncultured_Lachnospiraceae_bacterium,0.007789678675754625
Bacteria,Firmicutes,Clostridia,Clostridiales,Christensenellaceae,PAC001437,PAC002305,Bacteria,Firmicutes,Clostridia,Lachnospirales,Lachnospiraceae,GCA-900066575,None,0.006815968841285297
Bacteria,Firmicutes,Clostridia,Clostridiales,Christensenellaceae,PAC001437,PAC002305,Bacteria,Firmicutes,Clostridia,Lachnospirales,Lachnospiraceae,GCA-900066575,metagenome,0.007789678675754625
Bacteria,Firmicutes,Clostridia,Clostridiales,Christensenellaceae,PAC001437,PAC002305,Bacteria,Firmicutes,Clostridia,Lachnospirales,Lachnospiraceae,GCA-900066755,None,0.006815968841285297
Bacteria,Firmicutes,Clostridia,Clostridiales,Christensenellaceae,PAC001437,PAC002305,Bacteria,Firmicutes,Clostridia,Lachnospirales,Lachnospiraceae,Hungatella,metagenome,0.007789678675754625
Bacteria,Firmicutes,Clostridia,Clostridiales,Christensenellaceae,PAC001437,PAC002305,Bacteria,Firmicutes,Clostridia,Lachnospirales,Lachnospiraceae,Lachnoclostridium,Clostridium_symbiosum,0.007789678675754625
Bacteria,Firmicutes,Clostridia,Clostridiales,Christensenellaceae,PAC001437,PAC002305,Bacteria,Firmicutes,Clostridia,Lachnospirales,Lachnospiraceae,Lachnoclostridium,None,0.006815968841285297
Bacteria,Firmicutes,Clostridia,Clostridiales,Christensenellaceae,PAC001437,PAC002305,Bacteria,Firmicutes,Clostridia,Lachnospirales,Lachnospiraceae,Lachnoclostridium,uncultured_Lachnospiraceae_bacterium,0.007789678675754625
Bacteria,Firmicutes,Clostridia,Clostridiales,Christensenellaceae,PAC001437,PAC002305,Bacteria,Firmicutes,Clostridia,Lachnospirales,Lachnospiraceae,Lachnospiraceae_ND3007_group,metagenome,0.007789678675754625
Bacteria,Firmicutes,Clostridia,Clostridiales,Christensenellaceae,PAC001437,PAC002305,Bacteria,Firmicutes,Clostridia,Lachnospirales,Lachnospiraceae,Lachnospiraceae_NK4A136_group,None,0.006815968841285297
Bacteria,Firmicutes,Clostridia,Clostridiales,Christensenellaceae,PAC001437,PAC002305,Bacteria,Firmicutes,Clostridia,Lachnospirales,Lachnospiraceae,Lachnospiraceae_NK4A136_group,uncultured_Lachnospiraceae_bacterium,0.007789678675754625
Bacteria,Firmicutes,Clostridia,Clostridiales,Christensenellaceae,PAC001437,PAC002305,Bacteria,Firmicutes,Clostridia,Lachnospirales,Lachnospiraceae,Lachnospiraceae_NK4A136_group,uncultured_bacterium_Adhufec49.25,0.007789678675754625
Bacteria,Firmicutes,Clostridia,Clostridiales,Christensenellaceae,PAC001437,PAC002305,Bacteria,Firmicutes,Clostridia,Lachnospirales,Lachnospiraceae,Lachnospiraceae_NK4B4_group,None,0.006815968841285297
Bacteria,Firmicutes,Clostridia,Clostridiales,Christensenellaceae,PAC001437,PAC002305,Bacteria,Firmicutes,Clostridia,Lachnospirales,Lachnospiraceae,Lachnospiraceae_UCG-001,metagenome,0.007789678675754625
Bacteria,Firmicutes,Clostridia,Clostridiales,Christensenellaceae,PAC001437,PAC002305,Bacteria,Firmicutes,Clostridia,Lachnospirales,Lachnospiraceae,Lachnospiraceae_UCG-004,None,0.006815968841285297
Bacteria,Firmicutes,Clostridia,Clostridiales,Christensenellaceae,PAC001437,PAC002305,Bacteria,Firmicutes,Clostridia,Lachnospirales,Lachnospiraceae,Lachnospiraceae_UCG-008,metagenome,0.007789678675754625
Bacteria,Firmicutes,Clostridia,Clostridiales,Christensenellaceae,PAC001437,PAC002305,Bacteria,Firmicutes,Clostridia,Lachnospirales,Lachnospiraceae,Lachnospiraceae_UCG-010,None,0.006815968841285297
Bacteria,Firmicutes,Clostridia,Clostridiales,Christensenellaceae,PAC001437,PAC002305,Bacteria,Firmicutes,Clostridia,Lachnospirales,Lachnospiraceae,Marvinbryantia,None,0.006815968841285297
Bacteria,Firmicutes,Clostridia,Clostridiales,Christensenellaceae,PAC001437,PAC002305,Bacteria,Firmicutes,Clostridia,Lachnospirales,Lachnospiraceae,Marvinbryantia,unidentified,0.007789678675754625
Bacteria,Firmicutes,Clostridia,Clostridiales,Christensenellaceae,PAC001437,PAC002305,Bacteria,Firmicutes,Clostridia,Lachnospirales,Lachnospiraceae,Roseburia,None,0.006815968841285297
Bacteria,Firmicutes,Clostridia,Clostridiales,Christensenellaceae,PAC001437,PAC002305,Bacteria,Firmicutes,Clostridia,Lachnospirales,Lachnospiraceae,Roseburia,gut_metagenome,0.007789678675754625
Bacteria,Firmicutes,Clostridia,Clostridiales,Christensenellaceae,PAC001437,PAC002305,Bacteria,Firmicutes,Clostridia,Lachnospirales,Lachnospiraceae,Tuzzerella,None,0.006815968841285297
Bacteria,Firmicutes,Clostridia,Clostridiales,Christensenellaceae,PAC001437,PAC002305,Bacteria,Firmicutes,Clostridia,Lachnospirales,Lachnospiraceae,Tyzzerella,None,0.006815968841285297
Bacteria,Firmicutes,Clostridia,Clostridiales,Christensenellaceae,PAC001437,PAC002305,Bacteria,Firmicutes,Clostridia,Lachnospirales,Lachnospiraceae,Eubacterium_hallii_group,None,0.006815968841285297
Bacteria,Firmicutes,Clostridia,Clostridiales,Christensenellaceae,PAC001437,PAC002305,Bacteria,Firmicutes,Clostridia,Lachnospirales,Lachnospiraceae,Eubacterium_ventriosum_group,metagenome,0.007789678675754625
Bacteria,Firmicutes,Clostridia,Clostridiales,Christensenellaceae,PAC001437,PAC002305,Bacteria,Firmicutes,Clostridia,Lachnospirales,Lachnospiraceae,Ruminococcus_gauvreauii_group,uncultured_Lachnospiraceae_bacterium,0.007789678675754625
Bacteria,Firmicutes,Clostridia,Clostridiales,Christensenellaceae,PAC001437,PAC002305,Bacteria,Firmicutes,Clostridia,Lachnospirales,Lachnospiraceae,Ruminococcus_gnavus_group,None,0.006815968841285297
Bacteria,Firmicutes,Clostridia,Clostridiales,Christensenellaceae,PAC001437,PAC002305,Bacteria,Firmicutes,Clostridia,Lachnospirales,Lachnospiraceae,Ruminococcus_torques_group,Clostridiaceae_bacterium_LEMV78,0.007789678675754625
Bacteria,Firmicutes,Clostridia,Clostridiales,Christensenellaceae,PAC001437,PAC002305,Bacteria,Firmicutes,Clostridia,Lachnospirales,Lachnospiraceae,Ruminococcus_torques_group,None,0.006815968841285297
Bacteria,Firmicutes,Clostridia,Clostridiales,Christensenellaceae,PAC001437,PAC002305,Bacteria,Firmicutes,Clostridia,Lachnospirales,Lachnospiraceae,None,None,0.005842259006815969
Bacteria,Firmicutes,Clostridia,Clostridiales,Christensenellaceae,PAC001437,PAC002305,Bacteria,Firmicutes,Clostridia,Lachnospirales,Lachnospiraceae,uncultured,None,0.006815968841285297
Bacteria,Firmicutes,Clostridia,Clostridiales,Christensenellaceae,PAC001437,PAC002305,Bacteria,Firmicutes,Clostridia,Monoglobales,Monoglobaceae,Monoglobus,None,0.006815968841285297
Bacteria,Firmicutes,Clostridia,Clostridiales,Christensenellaceae,PAC001437,PAC002305,Bacteria,Firmicutes,Clostridia,Oscillospirales,Butyricicoccaceae,Butyricicoccus,None,0.006815968841285297
Bacteria,Firmicutes,Clostridia,Clostridiales,Christensenellaceae,PAC001437,PAC002305,Bacteria,Firmicutes,Clostridia,Oscillospirales,Hydrogenoanaerobacterium,None,None,0.005842259006815969
Bacteria,Firmicutes,Clostridia,Clostridiales,Christensenellaceae,PAC001437,PAC002305,Bacteria,Firmicutes,Clostridia,Oscillospirales,Oscillospiraceae,Colidextribacter,None,0.006815968841285297
Bacteria,Firmicutes,Clostridia,Clostridiales,Christensenellaceae,PAC001437,PAC002305,Bacteria,Firmicutes,Clostridia,Oscillospirales,Oscillospiraceae,Colidextribacter,metagenome,0.007789678675754625
Bacteria,Firmicutes,Clostridia,Clostridiales,Christensenellaceae,PAC001437,PAC002305,Bacteria,Firmicutes,Clostridia,Oscillospirales,Oscillospiraceae,Flavonifractor,None,0.006815968841285297
Bacteria,Firmicutes,Clostridia,Clostridiales,Christensenellaceae,PAC001437,PAC002305,Bacteria,Firmicutes,Clostridia,Oscillospirales,Oscillospiraceae,Intestinimonas,None,0.006815968841285297
Bacteria,Firmicutes,Clostridia,Clostridiales,Christensenellaceae,PAC001437,PAC002305,Bacteria,Firmicutes,Clostridia,Oscillospirales,Oscillospiraceae,Intestinimonas,uncultured,0.007789678675754625
Bacteria,Firmicutes,Clostridia,Clostridiales,Christensenellaceae,PAC001437,PAC002305,Bacteria,Firmicutes,Clostridia,Oscillospirales,Oscillospiraceae,NK4A214_group,None,0.006815968841285297
Bacteria,Firmicutes,Clostridia,Clostridiales,Christensenellaceae,PAC001437,PAC002305,Bacteria,Firmicutes,Clostridia,Oscillospirales,Oscillospiraceae,Oscillibacter,None,0.006815968841285297
Bacteria,Firmicutes,Clostridia,Clostridiales,Christensenellaceae,PAC001437,PAC002305,Bacteria,Firmicutes,Clostridia,Oscillospirales,Oscillospiraceae,Oscillibacter,metagenome,0.007789678675754625
Bacteria,Firmicutes,Clostridia,Clostridiales,Christensenellaceae,PAC001437,PAC002305,Bacteria,Firmicutes,Clostridia,Oscillospirales,Oscillospiraceae,Oscillospira,None,0.006815968841285297
Bacteria,Firmicutes,Clostridia,Clostridiales,Christensenellaceae,PAC001437,PAC002305,Bacteria,Firmicutes,Clostridia,Oscillospirales,Oscillospiraceae,UCG-002,None,0.006815968841285297
Bacteria,Firmicutes,Clostridia,Clostridiales,Christensenellaceae,PAC001437,PAC002305,Bacteria,Firmicutes,Clostridia,Oscillospirales,Oscillospiraceae,UCG-003,None,0.006815968841285297
Bacteria,Firmicutes,Clostridia,Clostridiales,Christensenellaceae,PAC001437,PAC002305,Bacteria,Firmicutes,Clostridia,Oscillospirales,Oscillospiraceae,UCG-005,None,0.006815968841285297
Bacteria,Firmicutes,Clostridia,Clostridiales,Christensenellaceae,PAC001437,PAC002305,Bacteria,Firmicutes,Clostridia,Oscillospirales,Oscillospiraceae,UCG-005,metagenome,0.007789678675754625
Bacteria,Firmicutes,Clostridia,Clostridiales,Christensenellaceae,PAC001437,PAC002305,Bacteria,Firmicutes,Clostridia,Oscillospirales,Oscillospiraceae,UCG-005,uncultured_Clostridiales_bacterium,0.007789678675754625
Bacteria,Firmicutes,Clostridia,Clostridiales,Christensenellaceae,PAC001437,PAC002305,Bacteria,Firmicutes,Clostridia,Oscillospirales,Oscillospiraceae,UCG-005,uncultured_rumen_bacterium,0.007789678675754625
Bacteria,Firmicutes,Clostridia,Clostridiales,Christensenellaceae,PAC001437,PAC002305,Bacteria,Firmicutes,Clostridia,Oscillospirales,Oscillospiraceae,None,None,0.005842259006815969
Bacteria,Firmicutes,Clostridia,Clostridiales,Christensenellaceae,PAC001437,PAC002305,Bacteria,Firmicutes,Clostridia,Oscillospirales,Oscillospiraceae,uncultured,metagenome,0.007789678675754625
Bacteria,Firmicutes,Clostridia,Clostridiales,Christensenellaceae,PAC001437,PAC002305,Bacteria,Firmicutes,Clostridia,Oscillospirales,Oscillospiraceae,uncultured,unidentified,0.007789678675754625
Bacteria,Firmicutes,Clostridia,Clostridiales,Christensenellaceae,PAC001437,PAC002305,Bacteria,Firmicutes,Clostridia,Oscillospirales,Ruminococcaceae,Anaerofilum,uncultured_Firmicutes_bacterium,0.007789678675754625
Bacteria,Firmicutes,Clostridia,Clostridiales,Christensenellaceae,PAC001437,PAC002305,Bacteria,Firmicutes,Clostridia,Oscillospirales,Ruminococcaceae,Anaerotruncus,Anaerotruncus_rubiinfantis,0.007789678675754625
Bacteria,Firmicutes,Clostridia,Clostridiales,Christensenellaceae,PAC001437,PAC002305,Bacteria,Firmicutes,Clostridia,Oscillospirales,Ruminococcaceae,Anaerotruncus,Anaerotruncus_sp._NML_070203,0.007789678675754625
Bacteria,Firmicutes,Clostridia,Clostridiales,Christensenellaceae,PAC001437,PAC002305,Bacteria,Firmicutes,Clostridia,Oscillospirales,Ruminococcaceae,Candidatus_Soleaferrea,Neobitarella_massiliensis,0.007789678675754625
Bacteria,Firmicutes,Clostridia,Clostridiales,Christensenellaceae,PAC001437,PAC002305,Bacteria,Firmicutes,Clostridia,Oscillospirales,Ruminococcaceae,Candidatus_Soleaferrea,None,0.006815968841285297
Bacteria,Firmicutes,Clostridia,Clostridiales,Christensenellaceae,PAC001437,PAC002305,Bacteria,Firmicutes,Clostridia,Oscillospirales,Ruminococcaceae,DTU089,None,0.006815968841285297
Bacteria,Firmicutes,Clostridia,Clostridiales,Christensenellaceae,PAC001437,PAC002305,Bacteria,Firmicutes,Clostridia,Oscillospirales,Ruminococcaceae,Faecalibacterium,None,0.006815968841285297
Bacteria,Firmicutes,Clostridia,Clostridiales,Christensenellaceae,PAC001437,PAC002305,Bacteria,Firmicutes,Clostridia,Oscillospirales,Ruminococcaceae,Fournierella,uncultured_organism,0.007789678675754625
Bacteria,Firmicutes,Clostridia,Clostridiales,Christensenellaceae,PAC001437,PAC002305,Bacteria,Firmicutes,Clostridia,Oscillospirales,Ruminococcaceae,Incertae_Sedis,metagenome,0.007789678675754625
Bacteria,Firmicutes,Clostridia,Clostridiales,Christensenellaceae,PAC001437,PAC002305,Bacteria,Firmicutes,Clostridia,Oscillospirales,Ruminococcaceae,Incertae_Sedis,None,0.006815968841285297
Bacteria,Firmicutes,Clostridia,Clostridiales,Christensenellaceae,PAC001437,PAC002305,Bacteria,Firmicutes,Clostridia,Oscillospirales,Ruminococcaceae,Negativibacillus,None,0.006815968841285297
Bacteria,Firmicutes,Clostridia,Clostridiales,Christensenellaceae,PAC001437,PAC002305,Bacteria,Firmicutes,Clostridia,Oscillospirales,Ruminococcaceae,Ruminococcus,Ruminococcus_champanellensis,0.007789678675754625
Bacteria,Firmicutes,Clostridia,Clostridiales,Christensenellaceae,PAC001437,PAC002305,Bacteria,Firmicutes,Clostridia,Oscillospirales,Ruminococcaceae,Ruminococcus,None,0.006815968841285297
Bacteria,Firmicutes,Clostridia,Clostridiales,Christensenellaceae,PAC001437,PAC002305,Bacteria,Firmicutes,Clostridia,Oscillospirales,Ruminococcaceae,Subdoligranulum,None,0.006815968841285297
Bacteria,Firmicutes,Clostridia,Clostridiales,Christensenellaceae,PAC001437,PAC002305,Bacteria,Firmicutes,Clostridia,Oscillospirales,Ruminococcaceae,UBA1819,None,0.006815968841285297
Bacteria,Firmicutes,Clostridia,Clostridiales,Christensenellaceae,PAC001437,PAC002305,Bacteria,Firmicutes,Clostridia,Oscillospirales,Ruminococcaceae,Eubacterium_siraeum_group,None,0.006815968841285297
Bacteria,Firmicutes,Clostridia,Clostridiales,Christensenellaceae,PAC001437,PAC002305,Bacteria,Firmicutes,Clostridia,Oscillospirales,Ruminococcaceae,None,None,0.005842259006815969
Bacteria,Firmicutes,Clostridia,Clostridiales,Christensenellaceae,PAC001437,PAC002305,Bacteria,Firmicutes,Clostridia,Oscillospirales,UCG-010,None,None,0.005842259006815969
Bacteria,Firmicutes,Clostridia,Clostridiales,Christensenellaceae,PAC001437,PAC002305,Bacteria,Firmicutes,Clostridia,Oscillospirales,UCG-010,metagenome,None,0.006815968841285297
Bacteria,Firmicutes,Clostridia,Clostridiales,Christensenellaceae,PAC001437,PAC002305,Bacteria,Firmicutes,Clostridia,Oscillospirales,UCG-010,uncultured_bacterium,None,0.006815968841285297
Bacteria,Firmicutes,Clostridia,Clostridiales,Christensenellaceae,PAC001437,PAC002305,Bacteria,Firmicutes,Clostridia,Oscillospirales,UCG-010,uncultured_organism,None,0.006815968841285297
Bacteria,Firmicutes,Clostridia,Clostridiales,Christensenellaceae,PAC001437,PAC002305,Bacteria,Firmicutes,Clostridia,Oscillospirales,Clostridium_methylpentosum_group,None,None,0.005842259006815969
Bacteria,Firmicutes,Clostridia,Clostridiales,Christensenellaceae,PAC001437,PAC002305,Bacteria,Firmicutes,Clostridia,Oscillospirales,Eubacterium_coprostanoligenes_group,None,None,0.005842259006815969
Bacteria,Firmicutes,Clostridia,Clostridiales,Christensenellaceae,PAC001437,PAC002305,Bacteria,Firmicutes,Clostridia,Oscillospirales,None,None,None,0.004868549172346641
Bacteria,Firmicutes,Clostridia,Clostridiales,Christensenellaceae,PAC001437,PAC002305,Bacteria,Firmicutes,Clostridia,Peptococcales,Peptococcaceae,uncultured,None,0.006815968841285297
Bacteria,Firmicutes,Clostridia,Clostridiales,Christensenellaceae,PAC001437,PAC002305,Bacteria,Firmicutes,Clostridia,Peptostreptococcales-Tissierellales,Anaerovoracaceae,Family_XIII_AD3011_group,metagenome,0.007789678675754625
Bacteria,Firmicutes,Clostridia,Clostridiales,Christensenellaceae,PAC001437,PAC002305,Bacteria,Firmicutes,Clostridia,Peptostreptococcales-Tissierellales,Anaerovoracaceae,Family_XIII_AD3011_group,None,0.006815968841285297
Bacteria,Firmicutes,Clostridia,Clostridiales,Christensenellaceae,PAC001437,PAC002305,Bacteria,Firmicutes,Clostridia,Peptostreptococcales-Tissierellales,Anaerovoracaceae,Family_XIII_AD3011_group,uncultured,0.007789678675754625
Bacteria,Firmicutes,Clostridia,Clostridiales,Christensenellaceae,PAC001437,PAC002305,Bacteria,Firmicutes,Clostridia,Peptostreptococcales-Tissierellales,Anaerovoracaceae,Family_XIII_UCG-001,metagenome,0.007789678675754625
Bacteria,Firmicutes,Clostridia,Clostridiales,Christensenellaceae,PAC001437,PAC002305,Bacteria,Firmicutes,Clostridia,Peptostreptococcales-Tissierellales,Anaerovoracaceae,Eubacterium_nodatum_group,None,0.006815968841285297
Bacteria,Firmicutes,Clostridia,Clostridiales,Christensenellaceae,PAC001437,PAC002305,Bacteria,Firmicutes,Clostridia,Peptostreptococcales-Tissierellales,Anaerovoracaceae,None,None,0.005842259006815969
Bacteria,Firmicutes,Clostridia,Clostridiales,Christensenellaceae,PAC001437,PAC002305,Bacteria,Firmicutes,Clostridia,Peptostreptococcales-Tissierellales,Parvimonas,None,None,0.005842259006815969
Bacteria,Firmicutes,Clostridia,Clostridiales,Christensenellaceae,PAC001437,PAC002305,Bacteria,Firmicutes,Clostridia,None,None,None,None,0.0038948393378773127
Bacteria,Firmicutes,Clostridia,Clostridiales,Christensenellaceae,PAC001437,PAC002305,Bacteria,Firmicutes,Incertae_Sedis,DTU014,unidentified,None,None,0.007789678675754625
Bacteria,Firmicutes,Clostridia,Clostridiales,Christensenellaceae,PAC001437,PAC002305,Bacteria,Firmicutes,Limnochordia,M55-D21,uncultured_compost_bacterium,None,None,0.007789678675754625
Bacteria,Firmicutes,Clostridia,Clostridiales,Christensenellaceae,PAC001437,PAC002305,Bacteria,Firmicutes,Negativicutes,Acidaminococcales,Acidaminococcaceae,Phascolarctobacterium,None,0.008763388510223954
Bacteria,Firmicutes,Clostridia,Clostridiales,Christensenellaceae,PAC001437,PAC002305,Bacteria,Firmicutes,None,None,None,None,None,0.004868549172346641
Bacteria,Firmicutes,Clostridia,Clostridiales,Christensenellaceae,PAC001437,PAC002305,Bacteria,Firmicutes,uncultured,uncultured_Peptococcaceae_bacterium,None,None,None,0.006815968841285297
Bacteria,Firmicutes,Clostridia,Clostridiales,Christensenellaceae,PAC001437,PAC002305,Bacteria,Proteobacteria,Alphaproteobacteria,Rhodospirillales,uncultured,None,None,0.009737098344693282
Bacteria,Firmicutes,Clostridia,Clostridiales,Christensenellaceae,PAC001437,PAC002305,Bacteria,Proteobacteria,Gammaproteobacteria,Burkholderiales,Sutterellaceae,Sutterella,Sutterella_sp._252,0.011684518013631937
Bacteria,Firmicutes,Clostridia,Clostridiales,Christensenellaceae,PAC001437,PAC002305,Bacteria,Proteobacteria,Gammaproteobacteria,Enterobacterales,Enterobacteriaceae,Escherichia-Shigella,None,0.010710808179162609
Bacteria,Firmicutes,Clostridia,Clostridiales,Christensenellaceae,PAC001437,PAC002305,Bacteria,Proteobacteria,Gammaproteobacteria,Enterobacterales,Enterobacteriaceae,Klebsiella,None,0.010710808179162609
Bacteria,Firmicutes,Clostridia,Clostridiales,Christensenellaceae,PAC001437,PAC002305,Bacteria,Proteobacteria,Gammaproteobacteria,Enterobacterales,Enterobacteriaceae,None,None,0.009737098344693282
Bacteria,Firmicutes,Clostridia,Clostridiales,Christensenellaceae,PAC001437,PAC002305,Bacteria,Proteobacteria,Gammaproteobacteria,Pseudomonadales,Pseudomonadaceae,Pseudomonas,None,0.010710808179162609
Bacteria,Firmicutes,Clostridia,Clostridiales,Christensenellaceae,PAC001437,PAC002305,Bacteria,Synergistota,Synergistia,Synergistales,Synergistaceae,Cloacibacillus,None,0.010710808179162609
Bacteria,Firmicutes,Clostridia,Clostridiales,Christensenellaceae,PAC001437,PAC002305,Bacteria,Verrucomicrobiota,Verrucomicrobiae,Verrucomicrobiales,Akkermansiaceae,Akkermansia,None,0.010710808179162609
Bacteria,Firmicutes,Clostridia,Clostridiales,Christensenellaceae,PAC002510,PAC002510,Bacteria,Firmicutes,Clostridia,Clostridiales,Dehalobacterium,PAC002141,PAC002141,0.005842259006815969
Bacteria,Firmicutes,Clostridia,Clostridiales,Christensenellaceae,PAC002510,PAC002510,Bacteria,Firmicutes,Clostridia,Clostridiales,Ruminococcaceae,PAC000742,PAC000742,0.005842259006815969
Bacteria,Firmicutes,Clostridia,Clostridiales,Christensenellaceae,PAC002510,PAC002510,Bacteria,Firmicutes,Clostridia,Clostridiales,Ruminococcaceae,PAC001144,PAC001620,0.005842259006815969
Bacteria,Firmicutes,Clostridia,Clostridiales,Christensenellaceae,PAC002510,PAC002510,Bacteria,Firmicutes,Clostridia,Clostridiales,Ruminococcaceae,PAC001313,PAC001649,0.005842259006815969
Bacteria,Firmicutes,Clostridia,Clostridiales,Christensenellaceae,PAC002510,PAC002510,Bacteria,Firmicutes,Clostridia,Clostridiales,Ruminococcaceae,PAC002201,PAC002201,0.005842259006815969
Bacteria,Firmicutes,Clostridia,Clostridiales,Christensenellaceae,PAC002510,PAC002510,Bacteria,Firmicutes,Clostridia,Eubacteriales,Eubacteriaceae,Eubacterium,None,0.006815968841285297
Bacteria,Firmicutes,Clostridia,Clostridiales,Christensenellaceae,PAC002510,PAC002510,Bacteria,Firmicutes,Clostridia,Lachnospirales,Lachnospiraceae,Agathobacter,None,0.006815968841285297
Bacteria,Firmicutes,Clostridia,Clostridiales,Christensenellaceae,PAC002510,PAC002510,Bacteria,Firmicutes,Clostridia,Lachnospirales,Lachnospiraceae,Anaerostipes,None,0.006815968841285297
Bacteria,Firmicutes,Clostridia,Clostridiales,Christensenellaceae,PAC002510,PAC002510,Bacteria,Firmicutes,Clostridia,Lachnospirales,Lachnospiraceae,Blautia,None,0.006815968841285297
Bacteria,Firmicutes,Clostridia,Clostridiales,Christensenellaceae,PAC002510,PAC002510,Bacteria,Firmicutes,Clostridia,Lachnospirales,Lachnospiraceae,Blautia,bacterium_mpn-isolate_group_20,0.007789678675754625
Bacteria,Firmicutes,Clostridia,Clostridiales,Christensenellaceae,PAC002510,PAC002510,Bacteria,Firmicutes,Clostridia,Lachnospirales,Lachnospiraceae,Blautia,uncultured_Blautia_sp.,0.007789678675754625
Bacteria,Firmicutes,Clostridia,Clostridiales,Christensenellaceae,PAC002510,PAC002510,Bacteria,Firmicutes,Clostridia,Lachnospirales,Lachnospiraceae,Coprococcus,None,0.006815968841285297
Bacteria,Firmicutes,Clostridia,Clostridiales,Christensenellaceae,PAC002510,PAC002510,Bacteria,Firmicutes,Clostridia,Lachnospirales,Lachnospiraceae,Coprococcus,uncultured_Coprococcus_sp.,0.007789678675754625
Bacteria,Firmicutes,Clostridia,Clostridiales,Christensenellaceae,PAC002510,PAC002510,Bacteria,Firmicutes,Clostridia,Lachnospirales,Lachnospiraceae,Dorea,None,0.006815968841285297
Bacteria,Firmicutes,Clostridia,Clostridiales,Christensenellaceae,PAC002510,PAC002510,Bacteria,Firmicutes,Clostridia,Lachnospirales,Lachnospiraceae,Eisenbergiella,None,0.006815968841285297
Bacteria,Firmicutes,Clostridia,Clostridiales,Christensenellaceae,PAC002510,PAC002510,Bacteria,Firmicutes,Clostridia,Lachnospirales,Lachnospiraceae,Frisingicoccus,None,0.006815968841285297
Bacteria,Firmicutes,Clostridia,Clostridiales,Christensenellaceae,PAC002510,PAC002510,Bacteria,Firmicutes,Clostridia,Lachnospirales,Lachnospiraceae,Fusicatenibacter,uncultured_Lachnospiraceae_bacterium,0.007789678675754625
Bacteria,Firmicutes,Clostridia,Clostridiales,Christensenellaceae,PAC002510,PAC002510,Bacteria,Firmicutes,Clostridia,Lachnospirales,Lachnospiraceae,GCA-900066575,None,0.006815968841285297
Bacteria,Firmicutes,Clostridia,Clostridiales,Christensenellaceae,PAC002510,PAC002510,Bacteria,Firmicutes,Clostridia,Lachnospirales,Lachnospiraceae,GCA-900066575,metagenome,0.007789678675754625
Bacteria,Firmicutes,Clostridia,Clostridiales,Christensenellaceae,PAC002510,PAC002510,Bacteria,Firmicutes,Clostridia,Lachnospirales,Lachnospiraceae,GCA-900066755,None,0.006815968841285297
Bacteria,Firmicutes,Clostridia,Clostridiales,Christensenellaceae,PAC002510,PAC002510,Bacteria,Firmicutes,Clostridia,Lachnospirales,Lachnospiraceae,Hungatella,metagenome,0.007789678675754625
Bacteria,Firmicutes,Clostridia,Clostridiales,Christensenellaceae,PAC002510,PAC002510,Bacteria,Firmicutes,Clostridia,Lachnospirales,Lachnospiraceae,Lachnoclostridium,Clostridium_symbiosum,0.007789678675754625
Bacteria,Firmicutes,Clostridia,Clostridiales,Christensenellaceae,PAC002510,PAC002510,Bacteria,Firmicutes,Clostridia,Lachnospirales,Lachnospiraceae,Lachnoclostridium,None,0.006815968841285297
Bacteria,Firmicutes,Clostridia,Clostridiales,Christensenellaceae,PAC002510,PAC002510,Bacteria,Firmicutes,Clostridia,Lachnospirales,Lachnospiraceae,Lachnoclostridium,uncultured_Lachnospiraceae_bacterium,0.007789678675754625
Bacteria,Firmicutes,Clostridia,Clostridiales,Christensenellaceae,PAC002510,PAC002510,Bacteria,Firmicutes,Clostridia,Lachnospirales,Lachnospiraceae,Lachnospiraceae_ND3007_group,metagenome,0.007789678675754625
Bacteria,Firmicutes,Clostridia,Clostridiales,Christensenellaceae,PAC002510,PAC002510,Bacteria,Firmicutes,Clostridia,Lachnospirales,Lachnospiraceae,Lachnospiraceae_NK4A136_group,None,0.006815968841285297
Bacteria,Firmicutes,Clostridia,Clostridiales,Christensenellaceae,PAC002510,PAC002510,Bacteria,Firmicutes,Clostridia,Lachnospirales,Lachnospiraceae,Lachnospiraceae_NK4A136_group,uncultured_Lachnospiraceae_bacterium,0.007789678675754625
Bacteria,Firmicutes,Clostridia,Clostridiales,Christensenellaceae,PAC002510,PAC002510,Bacteria,Firmicutes,Clostridia,Lachnospirales,Lachnospiraceae,Lachnospiraceae_NK4A136_group,uncultured_bacterium_Adhufec49.25,0.007789678675754625
Bacteria,Firmicutes,Clostridia,Clostridiales,Christensenellaceae,PAC002510,PAC002510,Bacteria,Firmicutes,Clostridia,Lachnospirales,Lachnospiraceae,Lachnospiraceae_NK4B4_group,None,0.006815968841285297
Bacteria,Firmicutes,Clostridia,Clostridiales,Christensenellaceae,PAC002510,PAC002510,Bacteria,Firmicutes,Clostridia,Lachnospirales,Lachnospiraceae,Lachnospiraceae_UCG-001,metagenome,0.007789678675754625
Bacteria,Firmicutes,Clostridia,Clostridiales,Christensenellaceae,PAC002510,PAC002510,Bacteria,Firmicutes,Clostridia,Lachnospirales,Lachnospiraceae,Lachnospiraceae_UCG-004,None,0.006815968841285297
Bacteria,Firmicutes,Clostridia,Clostridiales,Christensenellaceae,PAC002510,PAC002510,Bacteria,Firmicutes,Clostridia,Lachnospirales,Lachnospiraceae,Lachnospiraceae_UCG-008,metagenome,0.007789678675754625
Bacteria,Firmicutes,Clostridia,Clostridiales,Christensenellaceae,PAC002510,PAC002510,Bacteria,Firmicutes,Clostridia,Lachnospirales,Lachnospiraceae,Lachnospiraceae_UCG-010,None,0.006815968841285297
Bacteria,Firmicutes,Clostridia,Clostridiales,Christensenellaceae,PAC002510,PAC002510,Bacteria,Firmicutes,Clostridia,Lachnospirales,Lachnospiraceae,Marvinbryantia,None,0.006815968841285297
Bacteria,Firmicutes,Clostridia,Clostridiales,Christensenellaceae,PAC002510,PAC002510,Bacteria,Firmicutes,Clostridia,Lachnospirales,Lachnospiraceae,Marvinbryantia,unidentified,0.007789678675754625
Bacteria,Firmicutes,Clostridia,Clostridiales,Christensenellaceae,PAC002510,PAC002510,Bacteria,Firmicutes,Clostridia,Lachnospirales,Lachnospiraceae,Roseburia,None,0.006815968841285297
Bacteria,Firmicutes,Clostridia,Clostridiales,Christensenellaceae,PAC002510,PAC002510,Bacteria,Firmicutes,Clostridia,Lachnospirales,Lachnospiraceae,Roseburia,gut_metagenome,0.007789678675754625
Bacteria,Firmicutes,Clostridia,Clostridiales,Christensenellaceae,PAC002510,PAC002510,Bacteria,Firmicutes,Clostridia,Lachnospirales,Lachnospiraceae,Tuzzerella,None,0.006815968841285297
Bacteria,Firmicutes,Clostridia,Clostridiales,Christensenellaceae,PAC002510,PAC002510,Bacteria,Firmicutes,Clostridia,Lachnospirales,Lachnospiraceae,Tyzzerella,None,0.006815968841285297
Bacteria,Firmicutes,Clostridia,Clostridiales,Christensenellaceae,PAC002510,PAC002510,Bacteria,Firmicutes,Clostridia,Lachnospirales,Lachnospiraceae,Eubacterium_hallii_group,None,0.006815968841285297
Bacteria,Firmicutes,Clostridia,Clostridiales,Christensenellaceae,PAC002510,PAC002510,Bacteria,Firmicutes,Clostridia,Lachnospirales,Lachnospiraceae,Eubacterium_ventriosum_group,metagenome,0.007789678675754625
Bacteria,Firmicutes,Clostridia,Clostridiales,Christensenellaceae,PAC002510,PAC002510,Bacteria,Firmicutes,Clostridia,Lachnospirales,Lachnospiraceae,Ruminococcus_gauvreauii_group,uncultured_Lachnospiraceae_bacterium,0.007789678675754625
Bacteria,Firmicutes,Clostridia,Clostridiales,Christensenellaceae,PAC002510,PAC002510,Bacteria,Firmicutes,Clostridia,Lachnospirales,Lachnospiraceae,Ruminococcus_gnavus_group,None,0.006815968841285297
Bacteria,Firmicutes,Clostridia,Clostridiales,Christensenellaceae,PAC002510,PAC002510,Bacteria,Firmicutes,Clostridia,Lachnospirales,Lachnospiraceae,Ruminococcus_torques_group,Clostridiaceae_bacterium_LEMV78,0.007789678675754625
Bacteria,Firmicutes,Clostridia,Clostridiales,Christensenellaceae,PAC002510,PAC002510,Bacteria,Firmicutes,Clostridia,Lachnospirales,Lachnospiraceae,Ruminococcus_torques_group,None,0.006815968841285297
Bacteria,Firmicutes,Clostridia,Clostridiales,Christensenellaceae,PAC002510,PAC002510,Bacteria,Firmicutes,Clostridia,Lachnospirales,Lachnospiraceae,None,None,0.005842259006815969
Bacteria,Firmicutes,Clostridia,Clostridiales,Christensenellaceae,PAC002510,PAC002510,Bacteria,Firmicutes,Clostridia,Lachnospirales,Lachnospiraceae,uncultured,None,0.006815968841285297
Bacteria,Firmicutes,Clostridia,Clostridiales,Christensenellaceae,PAC002510,PAC002510,Bacteria,Firmicutes,Clostridia,Monoglobales,Monoglobaceae,Monoglobus,None,0.006815968841285297
Bacteria,Firmicutes,Clostridia,Clostridiales,Christensenellaceae,PAC002510,PAC002510,Bacteria,Firmicutes,Clostridia,Oscillospirales,Butyricicoccaceae,Butyricicoccus,None,0.006815968841285297
Bacteria,Firmicutes,Clostridia,Clostridiales,Christensenellaceae,PAC002510,PAC002510,Bacteria,Firmicutes,Clostridia,Oscillospirales,Hydrogenoanaerobacterium,None,None,0.005842259006815969
Bacteria,Firmicutes,Clostridia,Clostridiales,Christensenellaceae,PAC002510,PAC002510,Bacteria,Firmicutes,Clostridia,Oscillospirales,Oscillospiraceae,Colidextribacter,None,0.006815968841285297
Bacteria,Firmicutes,Clostridia,Clostridiales,Christensenellaceae,PAC002510,PAC002510,Bacteria,Firmicutes,Clostridia,Oscillospirales,Oscillospiraceae,Colidextribacter,metagenome,0.007789678675754625
Bacteria,Firmicutes,Clostridia,Clostridiales,Christensenellaceae,PAC002510,PAC002510,Bacteria,Firmicutes,Clostridia,Oscillospirales,Oscillospiraceae,Flavonifractor,None,0.006815968841285297
Bacteria,Firmicutes,Clostridia,Clostridiales,Christensenellaceae,PAC002510,PAC002510,Bacteria,Firmicutes,Clostridia,Oscillospirales,Oscillospiraceae,Intestinimonas,None,0.006815968841285297
Bacteria,Firmicutes,Clostridia,Clostridiales,Christensenellaceae,PAC002510,PAC002510,Bacteria,Firmicutes,Clostridia,Oscillospirales,Oscillospiraceae,Intestinimonas,uncultured,0.007789678675754625
Bacteria,Firmicutes,Clostridia,Clostridiales,Christensenellaceae,PAC002510,PAC002510,Bacteria,Firmicutes,Clostridia,Oscillospirales,Oscillospiraceae,NK4A214_group,None,0.006815968841285297
Bacteria,Firmicutes,Clostridia,Clostridiales,Christensenellaceae,PAC002510,PAC002510,Bacteria,Firmicutes,Clostridia,Oscillospirales,Oscillospiraceae,Oscillibacter,None,0.006815968841285297
Bacteria,Firmicutes,Clostridia,Clostridiales,Christensenellaceae,PAC002510,PAC002510,Bacteria,Firmicutes,Clostridia,Oscillospirales,Oscillospiraceae,Oscillibacter,metagenome,0.007789678675754625
Bacteria,Firmicutes,Clostridia,Clostridiales,Christensenellaceae,PAC002510,PAC002510,Bacteria,Firmicutes,Clostridia,Oscillospirales,Oscillospiraceae,Oscillospira,None,0.006815968841285297
Bacteria,Firmicutes,Clostridia,Clostridiales,Christensenellaceae,PAC002510,PAC002510,Bacteria,Firmicutes,Clostridia,Oscillospirales,Oscillospiraceae,UCG-002,None,0.006815968841285297
Bacteria,Firmicutes,Clostridia,Clostridiales,Christensenellaceae,PAC002510,PAC002510,Bacteria,Firmicutes,Clostridia,Oscillospirales,Oscillospiraceae,UCG-003,None,0.006815968841285297
Bacteria,Firmicutes,Clostridia,Clostridiales,Christensenellaceae,PAC002510,PAC002510,Bacteria,Firmicutes,Clostridia,Oscillospirales,Oscillospiraceae,UCG-005,None,0.006815968841285297
Bacteria,Firmicutes,Clostridia,Clostridiales,Christensenellaceae,PAC002510,PAC002510,Bacteria,Firmicutes,Clostridia,Oscillospirales,Oscillospiraceae,UCG-005,metagenome,0.007789678675754625
Bacteria,Firmicutes,Clostridia,Clostridiales,Christensenellaceae,PAC002510,PAC002510,Bacteria,Firmicutes,Clostridia,Oscillospirales,Oscillospiraceae,UCG-005,uncultured_Clostridiales_bacterium,0.007789678675754625
Bacteria,Firmicutes,Clostridia,Clostridiales,Christensenellaceae,PAC002510,PAC002510,Bacteria,Firmicutes,Clostridia,Oscillospirales,Oscillospiraceae,UCG-005,uncultured_rumen_bacterium,0.007789678675754625
Bacteria,Firmicutes,Clostridia,Clostridiales,Christensenellaceae,PAC002510,PAC002510,Bacteria,Firmicutes,Clostridia,Oscillospirales,Oscillospiraceae,None,None,0.005842259006815969
Bacteria,Firmicutes,Clostridia,Clostridiales,Christensenellaceae,PAC002510,PAC002510,Bacteria,Firmicutes,Clostridia,Oscillospirales,Oscillospiraceae,uncultured,metagenome,0.007789678675754625
Bacteria,Firmicutes,Clostridia,Clostridiales,Christensenellaceae,PAC002510,PAC002510,Bacteria,Firmicutes,Clostridia,Oscillospirales,Oscillospiraceae,uncultured,unidentified,0.007789678675754625
Bacteria,Firmicutes,Clostridia,Clostridiales,Christensenellaceae,PAC002510,PAC002510,Bacteria,Firmicutes,Clostridia,Oscillospirales,Ruminococcaceae,Anaerofilum,uncultured_Firmicutes_bacterium,0.007789678675754625
Bacteria,Firmicutes,Clostridia,Clostridiales,Christensenellaceae,PAC002510,PAC002510,Bacteria,Firmicutes,Clostridia,Oscillospirales,Ruminococcaceae,Anaerotruncus,Anaerotruncus_rubiinfantis,0.007789678675754625
Bacteria,Firmicutes,Clostridia,Clostridiales,Christensenellaceae,PAC002510,PAC002510,Bacteria,Firmicutes,Clostridia,Oscillospirales,Ruminococcaceae,Anaerotruncus,Anaerotruncus_sp._NML_070203,0.007789678675754625
Bacteria,Firmicutes,Clostridia,Clostridiales,Christensenellaceae,PAC002510,PAC002510,Bacteria,Firmicutes,Clostridia,Oscillospirales,Ruminococcaceae,Candidatus_Soleaferrea,Neobitarella_massiliensis,0.007789678675754625
Bacteria,Firmicutes,Clostridia,Clostridiales,Christensenellaceae,PAC002510,PAC002510,Bacteria,Firmicutes,Clostridia,Oscillospirales,Ruminococcaceae,Candidatus_Soleaferrea,None,0.006815968841285297
Bacteria,Firmicutes,Clostridia,Clostridiales,Christensenellaceae,PAC002510,PAC002510,Bacteria,Firmicutes,Clostridia,Oscillospirales,Ruminococcaceae,DTU089,None,0.006815968841285297
Bacteria,Firmicutes,Clostridia,Clostridiales,Christensenellaceae,PAC002510,PAC002510,Bacteria,Firmicutes,Clostridia,Oscillospirales,Ruminococcaceae,Faecalibacterium,None,0.006815968841285297
Bacteria,Firmicutes,Clostridia,Clostridiales,Christensenellaceae,PAC002510,PAC002510,Bacteria,Firmicutes,Clostridia,Oscillospirales,Ruminococcaceae,Fournierella,uncultured_organism,0.007789678675754625
Bacteria,Firmicutes,Clostridia,Clostridiales,Christensenellaceae,PAC002510,PAC002510,Bacteria,Firmicutes,Clostridia,Oscillospirales,Ruminococcaceae,Incertae_Sedis,metagenome,0.007789678675754625
Bacteria,Firmicutes,Clostridia,Clostridiales,Christensenellaceae,PAC002510,PAC002510,Bacteria,Firmicutes,Clostridia,Oscillospirales,Ruminococcaceae,Incertae_Sedis,None,0.006815968841285297
Bacteria,Firmicutes,Clostridia,Clostridiales,Christensenellaceae,PAC002510,PAC002510,Bacteria,Firmicutes,Clostridia,Oscillospirales,Ruminococcaceae,Negativibacillus,None,0.006815968841285297
Bacteria,Firmicutes,Clostridia,Clostridiales,Christensenellaceae,PAC002510,PAC002510,Bacteria,Firmicutes,Clostridia,Oscillospirales,Ruminococcaceae,Ruminococcus,Ruminococcus_champanellensis,0.007789678675754625
Bacteria,Firmicutes,Clostridia,Clostridiales,Christensenellaceae,PAC002510,PAC002510,Bacteria,Firmicutes,Clostridia,Oscillospirales,Ruminococcaceae,Ruminococcus,None,0.006815968841285297
Bacteria,Firmicutes,Clostridia,Clostridiales,Christensenellaceae,PAC002510,PAC002510,Bacteria,Firmicutes,Clostridia,Oscillospirales,Ruminococcaceae,Subdoligranulum,None,0.006815968841285297
Bacteria,Firmicutes,Clostridia,Clostridiales,Christensenellaceae,PAC002510,PAC002510,Bacteria,Firmicutes,Clostridia,Oscillospirales,Ruminococcaceae,UBA1819,None,0.006815968841285297
Bacteria,Firmicutes,Clostridia,Clostridiales,Christensenellaceae,PAC002510,PAC002510,Bacteria,Firmicutes,Clostridia,Oscillospirales,Ruminococcaceae,Eubacterium_siraeum_group,None,0.006815968841285297
Bacteria,Firmicutes,Clostridia,Clostridiales,Christensenellaceae,PAC002510,PAC002510,Bacteria,Firmicutes,Clostridia,Oscillospirales,Ruminococcaceae,None,None,0.005842259006815969
Bacteria,Firmicutes,Clostridia,Clostridiales,Christensenellaceae,PAC002510,PAC002510,Bacteria,Firmicutes,Clostridia,Oscillospirales,UCG-010,None,None,0.005842259006815969
Bacteria,Firmicutes,Clostridia,Clostridiales,Christensenellaceae,PAC002510,PAC002510,Bacteria,Firmicutes,Clostridia,Oscillospirales,UCG-010,metagenome,None,0.006815968841285297
Bacteria,Firmicutes,Clostridia,Clostridiales,Christensenellaceae,PAC002510,PAC002510,Bacteria,Firmicutes,Clostridia,Oscillospirales,UCG-010,uncultured_bacterium,None,0.006815968841285297
Bacteria,Firmicutes,Clostridia,Clostridiales,Christensenellaceae,PAC002510,PAC002510,Bacteria,Firmicutes,Clostridia,Oscillospirales,UCG-010,uncultured_organism,None,0.006815968841285297
Bacteria,Firmicutes,Clostridia,Clostridiales,Christensenellaceae,PAC002510,PAC002510,Bacteria,Firmicutes,Clostridia,Oscillospirales,Clostridium_methylpentosum_group,None,None,0.005842259006815969
Bacteria,Firmicutes,Clostridia,Clostridiales,Christensenellaceae,PAC002510,PAC002510,Bacteria,Firmicutes,Clostridia,Oscillospirales,Eubacterium_coprostanoligenes_group,None,None,0.005842259006815969
Bacteria,Firmicutes,Clostridia,Clostridiales,Christensenellaceae,PAC002510,PAC002510,Bacteria,Firmicutes,Clostridia,Oscillospirales,None,None,None,0.004868549172346641
Bacteria,Firmicutes,Clostridia,Clostridiales,Christensenellaceae,PAC002510,PAC002510,Bacteria,Firmicutes,Clostridia,Peptococcales,Peptococcaceae,uncultured,None,0.006815968841285297
Bacteria,Firmicutes,Clostridia,Clostridiales,Christensenellaceae,PAC002510,PAC002510,Bacteria,Firmicutes,Clostridia,Peptostreptococcales-Tissierellales,Anaerovoracaceae,Family_XIII_AD3011_group,metagenome,0.007789678675754625
Bacteria,Firmicutes,Clostridia,Clostridiales,Christensenellaceae,PAC002510,PAC002510,Bacteria,Firmicutes,Clostridia,Peptostreptococcales-Tissierellales,Anaerovoracaceae,Family_XIII_AD3011_group,None,0.006815968841285297
Bacteria,Firmicutes,Clostridia,Clostridiales,Christensenellaceae,PAC002510,PAC002510,Bacteria,Firmicutes,Clostridia,Peptostreptococcales-Tissierellales,Anaerovoracaceae,Family_XIII_AD3011_group,uncultured,0.007789678675754625
Bacteria,Firmicutes,Clostridia,Clostridiales,Christensenellaceae,PAC002510,PAC002510,Bacteria,Firmicutes,Clostridia,Peptostreptococcales-Tissierellales,Anaerovoracaceae,Family_XIII_UCG-001,metagenome,0.007789678675754625
Bacteria,Firmicutes,Clostridia,Clostridiales,Christensenellaceae,PAC002510,PAC002510,Bacteria,Firmicutes,Clostridia,Peptostreptococcales-Tissierellales,Anaerovoracaceae,Eubacterium_nodatum_group,None,0.006815968841285297
Bacteria,Firmicutes,Clostridia,Clostridiales,Christensenellaceae,PAC002510,PAC002510,Bacteria,Firmicutes,Clostridia,Peptostreptococcales-Tissierellales,Anaerovoracaceae,None,None,0.005842259006815969
Bacteria,Firmicutes,Clostridia,Clostridiales,Christensenellaceae,PAC002510,PAC002510,Bacteria,Firmicutes,Clostridia,Peptostreptococcales-Tissierellales,Parvimonas,None,None,0.005842259006815969
Bacteria,Firmicutes,Clostridia,Clostridiales,Christensenellaceae,PAC002510,PAC002510,Bacteria,Firmicutes,Clostridia,None,None,None,None,0.0038948393378773127
Bacteria,Firmicutes,Clostridia,Clostridiales,Christensenellaceae,PAC002510,PAC002510,Bacteria,Firmicutes,Incertae_Sedis,DTU014,unidentified,None,None,0.007789678675754625
Bacteria,Firmicutes,Clostridia,Clostridiales,Christensenellaceae,PAC002510,PAC002510,Bacteria,Firmicutes,Limnochordia,M55-D21,uncultured_compost_bacterium,None,None,0.007789678675754625
Bacteria,Firmicutes,Clostridia,Clostridiales,Christensenellaceae,PAC002510,PAC002510,Bacteria,Firmicutes,Negativicutes,Acidaminococcales,Acidaminococcaceae,Phascolarctobacterium,None,0.008763388510223954
Bacteria,Firmicutes,Clostridia,Clostridiales,Christensenellaceae,PAC002510,PAC002510,Bacteria,Firmicutes,None,None,None,None,None,0.004868549172346641
Bacteria,Firmicutes,Clostridia,Clostridiales,Christensenellaceae,PAC002510,PAC002510,Bacteria,Firmicutes,uncultured,uncultured_Peptococcaceae_bacterium,None,None,None,0.006815968841285297
Bacteria,Firmicutes,Clostridia,Clostridiales,Christensenellaceae,PAC002510,PAC002510,Bacteria,Proteobacteria,Alphaproteobacteria,Rhodospirillales,uncultured,None,None,0.009737098344693282
Bacteria,Firmicutes,Clostridia,Clostridiales,Christensenellaceae,PAC002510,PAC002510,Bacteria,Proteobacteria,Gammaproteobacteria,Burkholderiales,Sutterellaceae,Sutterella,Sutterella_sp._252,0.011684518013631937
Bacteria,Firmicutes,Clostridia,Clostridiales,Christensenellaceae,PAC002510,PAC002510,Bacteria,Proteobacteria,Gammaproteobacteria,Enterobacterales,Enterobacteriaceae,Escherichia-Shigella,None,0.010710808179162609
Bacteria,Firmicutes,Clostridia,Clostridiales,Christensenellaceae,PAC002510,PAC002510,Bacteria,Proteobacteria,Gammaproteobacteria,Enterobacterales,Enterobacteriaceae,Klebsiella,None,0.010710808179162609
Bacteria,Firmicutes,Clostridia,Clostridiales,Christensenellaceae,PAC002510,PAC002510,Bacteria,Proteobacteria,Gammaproteobacteria,Enterobacterales,Enterobacteriaceae,None,None,0.009737098344693282
Bacteria,Firmicutes,Clostridia,Clostridiales,Christensenellaceae,PAC002510,PAC002510,Bacteria,Proteobacteria,Gammaproteobacteria,Pseudomonadales,Pseudomonadaceae,Pseudomonas,None,0.010710808179162609
Bacteria,Firmicutes,Clostridia,Clostridiales,Christensenellaceae,PAC002510,PAC002510,Bacteria,Synergistota,Synergistia,Synergistales,Synergistaceae,Cloacibacillus,None,0.010710808179162609
Bacteria,Firmicutes,Clostridia,Clostridiales,Christensenellaceae,PAC002510,PAC002510,Bacteria,Verrucomicrobiota,Verrucomicrobiae,Verrucomicrobiales,Akkermansiaceae,Akkermansia,None,0.010710808179162609
Bacteria,Firmicutes,Clostridia,Clostridiales,Dehalobacterium,PAC002141,PAC002141,Bacteria,Firmicutes,Clostridia,Clostridiales,Ruminococcaceae,PAC000742,PAC000742,0.005842259006815969
Bacteria,Firmicutes,Clostridia,Clostridiales,Dehalobacterium,PAC002141,PAC002141,Bacteria,Firmicutes,Clostridia,Clostridiales,Ruminococcaceae,PAC001144,PAC001620,0.005842259006815969
Bacteria,Firmicutes,Clostridia,Clostridiales,Dehalobacterium,PAC002141,PAC002141,Bacteria,Firmicutes,Clostridia,Clostridiales,Ruminococcaceae,PAC001313,PAC001649,0.005842259006815969
Bacteria,Firmicutes,Clostridia,Clostridiales,Dehalobacterium,PAC002141,PAC002141,Bacteria,Firmicutes,Clostridia,Clostridiales,Ruminococcaceae,PAC002201,PAC002201,0.005842259006815969
Bacteria,Firmicutes,Clostridia,Clostridiales,Dehalobacterium,PAC002141,PAC002141,Bacteria,Firmicutes,Clostridia,Eubacteriales,Eubacteriaceae,Eubacterium,None,0.006815968841285297
Bacteria,Firmicutes,Clostridia,Clostridiales,Dehalobacterium,PAC002141,PAC002141,Bacteria,Firmicutes,Clostridia,Lachnospirales,Lachnospiraceae,Agathobacter,None,0.006815968841285297
Bacteria,Firmicutes,Clostridia,Clostridiales,Dehalobacterium,PAC002141,PAC002141,Bacteria,Firmicutes,Clostridia,Lachnospirales,Lachnospiraceae,Anaerostipes,None,0.006815968841285297
Bacteria,Firmicutes,Clostridia,Clostridiales,Dehalobacterium,PAC002141,PAC002141,Bacteria,Firmicutes,Clostridia,Lachnospirales,Lachnospiraceae,Blautia,None,0.006815968841285297
Bacteria,Firmicutes,Clostridia,Clostridiales,Dehalobacterium,PAC002141,PAC002141,Bacteria,Firmicutes,Clostridia,Lachnospirales,Lachnospiraceae,Blautia,bacterium_mpn-isolate_group_20,0.007789678675754625
Bacteria,Firmicutes,Clostridia,Clostridiales,Dehalobacterium,PAC002141,PAC002141,Bacteria,Firmicutes,Clostridia,Lachnospirales,Lachnospiraceae,Blautia,uncultured_Blautia_sp.,0.007789678675754625
Bacteria,Firmicutes,Clostridia,Clostridiales,Dehalobacterium,PAC002141,PAC002141,Bacteria,Firmicutes,Clostridia,Lachnospirales,Lachnospiraceae,Coprococcus,None,0.006815968841285297
Bacteria,Firmicutes,Clostridia,Clostridiales,Dehalobacterium,PAC002141,PAC002141,Bacteria,Firmicutes,Clostridia,Lachnospirales,Lachnospiraceae,Coprococcus,uncultured_Coprococcus_sp.,0.007789678675754625
Bacteria,Firmicutes,Clostridia,Clostridiales,Dehalobacterium,PAC002141,PAC002141,Bacteria,Firmicutes,Clostridia,Lachnospirales,Lachnospiraceae,Dorea,None,0.006815968841285297
Bacteria,Firmicutes,Clostridia,Clostridiales,Dehalobacterium,PAC002141,PAC002141,Bacteria,Firmicutes,Clostridia,Lachnospirales,Lachnospiraceae,Eisenbergiella,None,0.006815968841285297
Bacteria,Firmicutes,Clostridia,Clostridiales,Dehalobacterium,PAC002141,PAC002141,Bacteria,Firmicutes,Clostridia,Lachnospirales,Lachnospiraceae,Frisingicoccus,None,0.006815968841285297
Bacteria,Firmicutes,Clostridia,Clostridiales,Dehalobacterium,PAC002141,PAC002141,Bacteria,Firmicutes,Clostridia,Lachnospirales,Lachnospiraceae,Fusicatenibacter,uncultured_Lachnospiraceae_bacterium,0.007789678675754625
Bacteria,Firmicutes,Clostridia,Clostridiales,Dehalobacterium,PAC002141,PAC002141,Bacteria,Firmicutes,Clostridia,Lachnospirales,Lachnospiraceae,GCA-900066575,None,0.006815968841285297
Bacteria,Firmicutes,Clostridia,Clostridiales,Dehalobacterium,PAC002141,PAC002141,Bacteria,Firmicutes,Clostridia,Lachnospirales,Lachnospiraceae,GCA-900066575,metagenome,0.007789678675754625
Bacteria,Firmicutes,Clostridia,Clostridiales,Dehalobacterium,PAC002141,PAC002141,Bacteria,Firmicutes,Clostridia,Lachnospirales,Lachnospiraceae,GCA-900066755,None,0.006815968841285297
Bacteria,Firmicutes,Clostridia,Clostridiales,Dehalobacterium,PAC002141,PAC002141,Bacteria,Firmicutes,Clostridia,Lachnospirales,Lachnospiraceae,Hungatella,metagenome,0.007789678675754625
Bacteria,Firmicutes,Clostridia,Clostridiales,Dehalobacterium,PAC002141,PAC002141,Bacteria,Firmicutes,Clostridia,Lachnospirales,Lachnospiraceae,Lachnoclostridium,Clostridium_symbiosum,0.007789678675754625
Bacteria,Firmicutes,Clostridia,Clostridiales,Dehalobacterium,PAC002141,PAC002141,Bacteria,Firmicutes,Clostridia,Lachnospirales,Lachnospiraceae,Lachnoclostridium,None,0.006815968841285297
Bacteria,Firmicutes,Clostridia,Clostridiales,Dehalobacterium,PAC002141,PAC002141,Bacteria,Firmicutes,Clostridia,Lachnospirales,Lachnospiraceae,Lachnoclostridium,uncultured_Lachnospiraceae_bacterium,0.007789678675754625
Bacteria,Firmicutes,Clostridia,Clostridiales,Dehalobacterium,PAC002141,PAC002141,Bacteria,Firmicutes,Clostridia,Lachnospirales,Lachnospiraceae,Lachnospiraceae_ND3007_group,metagenome,0.007789678675754625
Bacteria,Firmicutes,Clostridia,Clostridiales,Dehalobacterium,PAC002141,PAC002141,Bacteria,Firmicutes,Clostridia,Lachnospirales,Lachnospiraceae,Lachnospiraceae_NK4A136_group,None,0.006815968841285297
Bacteria,Firmicutes,Clostridia,Clostridiales,Dehalobacterium,PAC002141,PAC002141,Bacteria,Firmicutes,Clostridia,Lachnospirales,Lachnospiraceae,Lachnospiraceae_NK4A136_group,uncultured_Lachnospiraceae_bacterium,0.007789678675754625
Bacteria,Firmicutes,Clostridia,Clostridiales,Dehalobacterium,PAC002141,PAC002141,Bacteria,Firmicutes,Clostridia,Lachnospirales,Lachnospiraceae,Lachnospiraceae_NK4A136_group,uncultured_bacterium_Adhufec49.25,0.007789678675754625
Bacteria,Firmicutes,Clostridia,Clostridiales,Dehalobacterium,PAC002141,PAC002141,Bacteria,Firmicutes,Clostridia,Lachnospirales,Lachnospiraceae,Lachnospiraceae_NK4B4_group,None,0.006815968841285297
Bacteria,Firmicutes,Clostridia,Clostridiales,Dehalobacterium,PAC002141,PAC002141,Bacteria,Firmicutes,Clostridia,Lachnospirales,Lachnospiraceae,Lachnospiraceae_UCG-001,metagenome,0.007789678675754625
Bacteria,Firmicutes,Clostridia,Clostridiales,Dehalobacterium,PAC002141,PAC002141,Bacteria,Firmicutes,Clostridia,Lachnospirales,Lachnospiraceae,Lachnospiraceae_UCG-004,None,0.006815968841285297
Bacteria,Firmicutes,Clostridia,Clostridiales,Dehalobacterium,PAC002141,PAC002141,Bacteria,Firmicutes,Clostridia,Lachnospirales,Lachnospiraceae,Lachnospiraceae_UCG-008,metagenome,0.007789678675754625
Bacteria,Firmicutes,Clostridia,Clostridiales,Dehalobacterium,PAC002141,PAC002141,Bacteria,Firmicutes,Clostridia,Lachnospirales,Lachnospiraceae,Lachnospiraceae_UCG-010,None,0.006815968841285297
Bacteria,Firmicutes,Clostridia,Clostridiales,Dehalobacterium,PAC002141,PAC002141,Bacteria,Firmicutes,Clostridia,Lachnospirales,Lachnospiraceae,Marvinbryantia,None,0.006815968841285297
Bacteria,Firmicutes,Clostridia,Clostridiales,Dehalobacterium,PAC002141,PAC002141,Bacteria,Firmicutes,Clostridia,Lachnospirales,Lachnospiraceae,Marvinbryantia,unidentified,0.007789678675754625
Bacteria,Firmicutes,Clostridia,Clostridiales,Dehalobacterium,PAC002141,PAC002141,Bacteria,Firmicutes,Clostridia,Lachnospirales,Lachnospiraceae,Roseburia,None,0.006815968841285297
Bacteria,Firmicutes,Clostridia,Clostridiales,Dehalobacterium,PAC002141,PAC002141,Bacteria,Firmicutes,Clostridia,Lachnospirales,Lachnospiraceae,Roseburia,gut_metagenome,0.007789678675754625
Bacteria,Firmicutes,Clostridia,Clostridiales,Dehalobacterium,PAC002141,PAC002141,Bacteria,Firmicutes,Clostridia,Lachnospirales,Lachnospiraceae,Tuzzerella,None,0.006815968841285297
Bacteria,Firmicutes,Clostridia,Clostridiales,Dehalobacterium,PAC002141,PAC002141,Bacteria,Firmicutes,Clostridia,Lachnospirales,Lachnospiraceae,Tyzzerella,None,0.006815968841285297
Bacteria,Firmicutes,Clostridia,Clostridiales,Dehalobacterium,PAC002141,PAC002141,Bacteria,Firmicutes,Clostridia,Lachnospirales,Lachnospiraceae,Eubacterium_hallii_group,None,0.006815968841285297
Bacteria,Firmicutes,Clostridia,Clostridiales,Dehalobacterium,PAC002141,PAC002141,Bacteria,Firmicutes,Clostridia,Lachnospirales,Lachnospiraceae,Eubacterium_ventriosum_group,metagenome,0.007789678675754625
Bacteria,Firmicutes,Clostridia,Clostridiales,Dehalobacterium,PAC002141,PAC002141,Bacteria,Firmicutes,Clostridia,Lachnospirales,Lachnospiraceae,Ruminococcus_gauvreauii_group,uncultured_Lachnospiraceae_bacterium,0.007789678675754625
Bacteria,Firmicutes,Clostridia,Clostridiales,Dehalobacterium,PAC002141,PAC002141,Bacteria,Firmicutes,Clostridia,Lachnospirales,Lachnospiraceae,Ruminococcus_gnavus_group,None,0.006815968841285297
Bacteria,Firmicutes,Clostridia,Clostridiales,Dehalobacterium,PAC002141,PAC002141,Bacteria,Firmicutes,Clostridia,Lachnospirales,Lachnospiraceae,Ruminococcus_torques_group,Clostridiaceae_bacterium_LEMV78,0.007789678675754625
Bacteria,Firmicutes,Clostridia,Clostridiales,Dehalobacterium,PAC002141,PAC002141,Bacteria,Firmicutes,Clostridia,Lachnospirales,Lachnospiraceae,Ruminococcus_torques_group,None,0.006815968841285297
Bacteria,Firmicutes,Clostridia,Clostridiales,Dehalobacterium,PAC002141,PAC002141,Bacteria,Firmicutes,Clostridia,Lachnospirales,Lachnospiraceae,None,None,0.005842259006815969
Bacteria,Firmicutes,Clostridia,Clostridiales,Dehalobacterium,PAC002141,PAC002141,Bacteria,Firmicutes,Clostridia,Lachnospirales,Lachnospiraceae,uncultured,None,0.006815968841285297
Bacteria,Firmicutes,Clostridia,Clostridiales,Dehalobacterium,PAC002141,PAC002141,Bacteria,Firmicutes,Clostridia,Monoglobales,Monoglobaceae,Monoglobus,None,0.006815968841285297
Bacteria,Firmicutes,Clostridia,Clostridiales,Dehalobacterium,PAC002141,PAC002141,Bacteria,Firmicutes,Clostridia,Oscillospirales,Butyricicoccaceae,Butyricicoccus,None,0.006815968841285297
Bacteria,Firmicutes,Clostridia,Clostridiales,Dehalobacterium,PAC002141,PAC002141,Bacteria,Firmicutes,Clostridia,Oscillospirales,Hydrogenoanaerobacterium,None,None,0.005842259006815969
Bacteria,Firmicutes,Clostridia,Clostridiales,Dehalobacterium,PAC002141,PAC002141,Bacteria,Firmicutes,Clostridia,Oscillospirales,Oscillospiraceae,Colidextribacter,None,0.006815968841285297
Bacteria,Firmicutes,Clostridia,Clostridiales,Dehalobacterium,PAC002141,PAC002141,Bacteria,Firmicutes,Clostridia,Oscillospirales,Oscillospiraceae,Colidextribacter,metagenome,0.007789678675754625
Bacteria,Firmicutes,Clostridia,Clostridiales,Dehalobacterium,PAC002141,PAC002141,Bacteria,Firmicutes,Clostridia,Oscillospirales,Oscillospiraceae,Flavonifractor,None,0.006815968841285297
Bacteria,Firmicutes,Clostridia,Clostridiales,Dehalobacterium,PAC002141,PAC002141,Bacteria,Firmicutes,Clostridia,Oscillospirales,Oscillospiraceae,Intestinimonas,None,0.006815968841285297
Bacteria,Firmicutes,Clostridia,Clostridiales,Dehalobacterium,PAC002141,PAC002141,Bacteria,Firmicutes,Clostridia,Oscillospirales,Oscillospiraceae,Intestinimonas,uncultured,0.007789678675754625
Bacteria,Firmicutes,Clostridia,Clostridiales,Dehalobacterium,PAC002141,PAC002141,Bacteria,Firmicutes,Clostridia,Oscillospirales,Oscillospiraceae,NK4A214_group,None,0.006815968841285297
Bacteria,Firmicutes,Clostridia,Clostridiales,Dehalobacterium,PAC002141,PAC002141,Bacteria,Firmicutes,Clostridia,Oscillospirales,Oscillospiraceae,Oscillibacter,None,0.006815968841285297
Bacteria,Firmicutes,Clostridia,Clostridiales,Dehalobacterium,PAC002141,PAC002141,Bacteria,Firmicutes,Clostridia,Oscillospirales,Oscillospiraceae,Oscillibacter,metagenome,0.007789678675754625
Bacteria,Firmicutes,Clostridia,Clostridiales,Dehalobacterium,PAC002141,PAC002141,Bacteria,Firmicutes,Clostridia,Oscillospirales,Oscillospiraceae,Oscillospira,None,0.006815968841285297
Bacteria,Firmicutes,Clostridia,Clostridiales,Dehalobacterium,PAC002141,PAC002141,Bacteria,Firmicutes,Clostridia,Oscillospirales,Oscillospiraceae,UCG-002,None,0.006815968841285297
Bacteria,Firmicutes,Clostridia,Clostridiales,Dehalobacterium,PAC002141,PAC002141,Bacteria,Firmicutes,Clostridia,Oscillospirales,Oscillospiraceae,UCG-003,None,0.006815968841285297
Bacteria,Firmicutes,Clostridia,Clostridiales,Dehalobacterium,PAC002141,PAC002141,Bacteria,Firmicutes,Clostridia,Oscillospirales,Oscillospiraceae,UCG-005,None,0.006815968841285297
Bacteria,Firmicutes,Clostridia,Clostridiales,Dehalobacterium,PAC002141,PAC002141,Bacteria,Firmicutes,Clostridia,Oscillospirales,Oscillospiraceae,UCG-005,metagenome,0.007789678675754625
Bacteria,Firmicutes,Clostridia,Clostridiales,Dehalobacterium,PAC002141,PAC002141,Bacteria,Firmicutes,Clostridia,Oscillospirales,Oscillospiraceae,UCG-005,uncultured_Clostridiales_bacterium,0.007789678675754625
Bacteria,Firmicutes,Clostridia,Clostridiales,Dehalobacterium,PAC002141,PAC002141,Bacteria,Firmicutes,Clostridia,Oscillospirales,Oscillospiraceae,UCG-005,uncultured_rumen_bacterium,0.007789678675754625
Bacteria,Firmicutes,Clostridia,Clostridiales,Dehalobacterium,PAC002141,PAC002141,Bacteria,Firmicutes,Clostridia,Oscillospirales,Oscillospiraceae,None,None,0.005842259006815969
Bacteria,Firmicutes,Clostridia,Clostridiales,Dehalobacterium,PAC002141,PAC002141,Bacteria,Firmicutes,Clostridia,Oscillospirales,Oscillospiraceae,uncultured,metagenome,0.007789678675754625
Bacteria,Firmicutes,Clostridia,Clostridiales,Dehalobacterium,PAC002141,PAC002141,Bacteria,Firmicutes,Clostridia,Oscillospirales,Oscillospiraceae,uncultured,unidentified,0.007789678675754625
Bacteria,Firmicutes,Clostridia,Clostridiales,Dehalobacterium,PAC002141,PAC002141,Bacteria,Firmicutes,Clostridia,Oscillospirales,Ruminococcaceae,Anaerofilum,uncultured_Firmicutes_bacterium,0.007789678675754625
Bacteria,Firmicutes,Clostridia,Clostridiales,Dehalobacterium,PAC002141,PAC002141,Bacteria,Firmicutes,Clostridia,Oscillospirales,Ruminococcaceae,Anaerotruncus,Anaerotruncus_rubiinfantis,0.007789678675754625
Bacteria,Firmicutes,Clostridia,Clostridiales,Dehalobacterium,PAC002141,PAC002141,Bacteria,Firmicutes,Clostridia,Oscillospirales,Ruminococcaceae,Anaerotruncus,Anaerotruncus_sp._NML_070203,0.007789678675754625
Bacteria,Firmicutes,Clostridia,Clostridiales,Dehalobacterium,PAC002141,PAC002141,Bacteria,Firmicutes,Clostridia,Oscillospirales,Ruminococcaceae,Candidatus_Soleaferrea,Neobitarella_massiliensis,0.007789678675754625
Bacteria,Firmicutes,Clostridia,Clostridiales,Dehalobacterium,PAC002141,PAC002141,Bacteria,Firmicutes,Clostridia,Oscillospirales,Ruminococcaceae,Candidatus_Soleaferrea,None,0.006815968841285297
Bacteria,Firmicutes,Clostridia,Clostridiales,Dehalobacterium,PAC002141,PAC002141,Bacteria,Firmicutes,Clostridia,Oscillospirales,Ruminococcaceae,DTU089,None,0.006815968841285297
Bacteria,Firmicutes,Clostridia,Clostridiales,Dehalobacterium,PAC002141,PAC002141,Bacteria,Firmicutes,Clostridia,Oscillospirales,Ruminococcaceae,Faecalibacterium,None,0.006815968841285297
Bacteria,Firmicutes,Clostridia,Clostridiales,Dehalobacterium,PAC002141,PAC002141,Bacteria,Firmicutes,Clostridia,Oscillospirales,Ruminococcaceae,Fournierella,uncultured_organism,0.007789678675754625
Bacteria,Firmicutes,Clostridia,Clostridiales,Dehalobacterium,PAC002141,PAC002141,Bacteria,Firmicutes,Clostridia,Oscillospirales,Ruminococcaceae,Incertae_Sedis,metagenome,0.007789678675754625
Bacteria,Firmicutes,Clostridia,Clostridiales,Dehalobacterium,PAC002141,PAC002141,Bacteria,Firmicutes,Clostridia,Oscillospirales,Ruminococcaceae,Incertae_Sedis,None,0.006815968841285297
Bacteria,Firmicutes,Clostridia,Clostridiales,Dehalobacterium,PAC002141,PAC002141,Bacteria,Firmicutes,Clostridia,Oscillospirales,Ruminococcaceae,Negativibacillus,None,0.006815968841285297
Bacteria,Firmicutes,Clostridia,Clostridiales,Dehalobacterium,PAC002141,PAC002141,Bacteria,Firmicutes,Clostridia,Oscillospirales,Ruminococcaceae,Ruminococcus,Ruminococcus_champanellensis,0.007789678675754625
Bacteria,Firmicutes,Clostridia,Clostridiales,Dehalobacterium,PAC002141,PAC002141,Bacteria,Firmicutes,Clostridia,Oscillospirales,Ruminococcaceae,Ruminococcus,None,0.006815968841285297
Bacteria,Firmicutes,Clostridia,Clostridiales,Dehalobacterium,PAC002141,PAC002141,Bacteria,Firmicutes,Clostridia,Oscillospirales,Ruminococcaceae,Subdoligranulum,None,0.006815968841285297
Bacteria,Firmicutes,Clostridia,Clostridiales,Dehalobacterium,PAC002141,PAC002141,Bacteria,Firmicutes,Clostridia,Oscillospirales,Ruminococcaceae,UBA1819,None,0.006815968841285297
Bacteria,Firmicutes,Clostridia,Clostridiales,Dehalobacterium,PAC002141,PAC002141,Bacteria,Firmicutes,Clostridia,Oscillospirales,Ruminococcaceae,Eubacterium_siraeum_group,None,0.006815968841285297
Bacteria,Firmicutes,Clostridia,Clostridiales,Dehalobacterium,PAC002141,PAC002141,Bacteria,Firmicutes,Clostridia,Oscillospirales,Ruminococcaceae,None,None,0.005842259006815969
Bacteria,Firmicutes,Clostridia,Clostridiales,Dehalobacterium,PAC002141,PAC002141,Bacteria,Firmicutes,Clostridia,Oscillospirales,UCG-010,None,None,0.005842259006815969
Bacteria,Firmicutes,Clostridia,Clostridiales,Dehalobacterium,PAC002141,PAC002141,Bacteria,Firmicutes,Clostridia,Oscillospirales,UCG-010,metagenome,None,0.006815968841285297
Bacteria,Firmicutes,Clostridia,Clostridiales,Dehalobacterium,PAC002141,PAC002141,Bacteria,Firmicutes,Clostridia,Oscillospirales,UCG-010,uncultured_bacterium,None,0.006815968841285297
Bacteria,Firmicutes,Clostridia,Clostridiales,Dehalobacterium,PAC002141,PAC002141,Bacteria,Firmicutes,Clostridia,Oscillospirales,UCG-010,uncultured_organism,None,0.006815968841285297
Bacteria,Firmicutes,Clostridia,Clostridiales,Dehalobacterium,PAC002141,PAC002141,Bacteria,Firmicutes,Clostridia,Oscillospirales,Clostridium_methylpentosum_group,None,None,0.005842259006815969
Bacteria,Firmicutes,Clostridia,Clostridiales,Dehalobacterium,PAC002141,PAC002141,Bacteria,Firmicutes,Clostridia,Oscillospirales,Eubacterium_coprostanoligenes_group,None,None,0.005842259006815969
Bacteria,Firmicutes,Clostridia,Clostridiales,Dehalobacterium,PAC002141,PAC002141,Bacteria,Firmicutes,Clostridia,Oscillospirales,None,None,None,0.004868549172346641
Bacteria,Firmicutes,Clostridia,Clostridiales,Dehalobacterium,PAC002141,PAC002141,Bacteria,Firmicutes,Clostridia,Peptococcales,Peptococcaceae,uncultured,None,0.006815968841285297
Bacteria,Firmicutes,Clostridia,Clostridiales,Dehalobacterium,PAC002141,PAC002141,Bacteria,Firmicutes,Clostridia,Peptostreptococcales-Tissierellales,Anaerovoracaceae,Family_XIII_AD3011_group,metagenome,0.007789678675754625
Bacteria,Firmicutes,Clostridia,Clostridiales,Dehalobacterium,PAC002141,PAC002141,Bacteria,Firmicutes,Clostridia,Peptostreptococcales-Tissierellales,Anaerovoracaceae,Family_XIII_AD3011_group,None,0.006815968841285297
Bacteria,Firmicutes,Clostridia,Clostridiales,Dehalobacterium,PAC002141,PAC002141,Bacteria,Firmicutes,Clostridia,Peptostreptococcales-Tissierellales,Anaerovoracaceae,Family_XIII_AD3011_group,uncultured,0.007789678675754625
Bacteria,Firmicutes,Clostridia,Clostridiales,Dehalobacterium,PAC002141,PAC002141,Bacteria,Firmicutes,Clostridia,Peptostreptococcales-Tissierellales,Anaerovoracaceae,Family_XIII_UCG-001,metagenome,0.007789678675754625
Bacteria,Firmicutes,Clostridia,Clostridiales,Dehalobacterium,PAC002141,PAC002141,Bacteria,Firmicutes,Clostridia,Peptostreptococcales-Tissierellales,Anaerovoracaceae,Eubacterium_nodatum_group,None,0.006815968841285297
Bacteria,Firmicutes,Clostridia,Clostridiales,Dehalobacterium,PAC002141,PAC002141,Bacteria,Firmicutes,Clostridia,Peptostreptococcales-Tissierellales,Anaerovoracaceae,None,None,0.005842259006815969
Bacteria,Firmicutes,Clostridia,Clostridiales,Dehalobacterium,PAC002141,PAC002141,Bacteria,Firmicutes,Clostridia,Peptostreptococcales-Tissierellales,Parvimonas,None,None,0.005842259006815969
Bacteria,Firmicutes,Clostridia,Clostridiales,Dehalobacterium,PAC002141,PAC002141,Bacteria,Firmicutes,Clostridia,None,None,None,None,0.0038948393378773127
Bacteria,Firmicutes,Clostridia,Clostridiales,Dehalobacterium,PAC002141,PAC002141,Bacteria,Firmicutes,Incertae_Sedis,DTU014,unidentified,None,None,0.007789678675754625
Bacteria,Firmicutes,Clostridia,Clostridiales,Dehalobacterium,PAC002141,PAC002141,Bacteria,Firmicutes,Limnochordia,M55-D21,uncultured_compost_bacterium,None,None,0.007789678675754625
Bacteria,Firmicutes,Clostridia,Clostridiales,Dehalobacterium,PAC002141,PAC002141,Bacteria,Firmicutes,Negativicutes,Acidaminococcales,Acidaminococcaceae,Phascolarctobacterium,None,0.008763388510223954
Bacteria,Firmicutes,Clostridia,Clostridiales,Dehalobacterium,PAC002141,PAC002141,Bacteria,Firmicutes,None,None,None,None,None,0.004868549172346641
Bacteria,Firmicutes,Clostridia,Clostridiales,Dehalobacterium,PAC002141,PAC002141,Bacteria,Firmicutes,uncultured,uncultured_Peptococcaceae_bacterium,None,None,None,0.006815968841285297
Bacteria,Firmicutes,Clostridia,Clostridiales,Dehalobacterium,PAC002141,PAC002141,Bacteria,Proteobacteria,Alphaproteobacteria,Rhodospirillales,uncultured,None,None,0.009737098344693282
Bacteria,Firmicutes,Clostridia,Clostridiales,Dehalobacterium,PAC002141,PAC002141,Bacteria,Proteobacteria,Gammaproteobacteria,Burkholderiales,Sutterellaceae,Sutterella,Sutterella_sp._252,0.011684518013631937
Bacteria,Firmicutes,Clostridia,Clostridiales,Dehalobacterium,PAC002141,PAC002141,Bacteria,Proteobacteria,Gammaproteobacteria,Enterobacterales,Enterobacteriaceae,Escherichia-Shigella,None,0.010710808179162609
Bacteria,Firmicutes,Clostridia,Clostridiales,Dehalobacterium,PAC002141,PAC002141,Bacteria,Proteobacteria,Gammaproteobacteria,Enterobacterales,Enterobacteriaceae,Klebsiella,None,0.010710808179162609
Bacteria,Firmicutes,Clostridia,Clostridiales,Dehalobacterium,PAC002141,PAC002141,Bacteria,Proteobacteria,Gammaproteobacteria,Enterobacterales,Enterobacteriaceae,None,None,0.009737098344693282
Bacteria,Firmicutes,Clostridia,Clostridiales,Dehalobacterium,PAC002141,PAC002141,Bacteria,Proteobacteria,Gammaproteobacteria,Pseudomonadales,Pseudomonadaceae,Pseudomonas,None,0.010710808179162609
Bacteria,Firmicutes,Clostridia,Clostridiales,Dehalobacterium,PAC002141,PAC002141,Bacteria,Synergistota,Synergistia,Synergistales,Synergistaceae,Cloacibacillus,None,0.010710808179162609
Bacteria,Firmicutes,Clostridia,Clostridiales,Dehalobacterium,PAC002141,PAC002141,Bacteria,Verrucomicrobiota,Verrucomicrobiae,Verrucomicrobiales,Akkermansiaceae,Akkermansia,None,0.010710808179162609
Bacteria,Firmicutes,Clostridia,Clostridiales,Ruminococcaceae,PAC000742,PAC000742,Bacteria,Firmicutes,Clostridia,Clostridiales,Ruminococcaceae,PAC001144,PAC001620,0.0038948393378773127
Bacteria,Firmicutes,Clostridia,Clostridiales,Ruminococcaceae,PAC000742,PAC000742,Bacteria,Firmicutes,Clostridia,Clostridiales,Ruminococcaceae,PAC001313,PAC001649,0.0038948393378773127
Bacteria,Firmicutes,Clostridia,Clostridiales,Ruminococcaceae,PAC000742,PAC000742,Bacteria,Firmicutes,Clostridia,Clostridiales,Ruminococcaceae,PAC002201,PAC002201,0.0038948393378773127
Bacteria,Firmicutes,Clostridia,Clostridiales,Ruminococcaceae,PAC000742,PAC000742,Bacteria,Firmicutes,Clostridia,Eubacteriales,Eubacteriaceae,Eubacterium,None,0.006815968841285297
Bacteria,Firmicutes,Clostridia,Clostridiales,Ruminococcaceae,PAC000742,PAC000742,Bacteria,Firmicutes,Clostridia,Lachnospirales,Lachnospiraceae,Agathobacter,None,0.006815968841285297
Bacteria,Firmicutes,Clostridia,Clostridiales,Ruminococcaceae,PAC000742,PAC000742,Bacteria,Firmicutes,Clostridia,Lachnospirales,Lachnospiraceae,Anaerostipes,None,0.006815968841285297
Bacteria,Firmicutes,Clostridia,Clostridiales,Ruminococcaceae,PAC000742,PAC000742,Bacteria,Firmicutes,Clostridia,Lachnospirales,Lachnospiraceae,Blautia,None,0.006815968841285297
Bacteria,Firmicutes,Clostridia,Clostridiales,Ruminococcaceae,PAC000742,PAC000742,Bacteria,Firmicutes,Clostridia,Lachnospirales,Lachnospiraceae,Blautia,bacterium_mpn-isolate_group_20,0.007789678675754625
Bacteria,Firmicutes,Clostridia,Clostridiales,Ruminococcaceae,PAC000742,PAC000742,Bacteria,Firmicutes,Clostridia,Lachnospirales,Lachnospiraceae,Blautia,uncultured_Blautia_sp.,0.007789678675754625
Bacteria,Firmicutes,Clostridia,Clostridiales,Ruminococcaceae,PAC000742,PAC000742,Bacteria,Firmicutes,Clostridia,Lachnospirales,Lachnospiraceae,Coprococcus,None,0.006815968841285297
Bacteria,Firmicutes,Clostridia,Clostridiales,Ruminococcaceae,PAC000742,PAC000742,Bacteria,Firmicutes,Clostridia,Lachnospirales,Lachnospiraceae,Coprococcus,uncultured_Coprococcus_sp.,0.007789678675754625
Bacteria,Firmicutes,Clostridia,Clostridiales,Ruminococcaceae,PAC000742,PAC000742,Bacteria,Firmicutes,Clostridia,Lachnospirales,Lachnospiraceae,Dorea,None,0.006815968841285297
Bacteria,Firmicutes,Clostridia,Clostridiales,Ruminococcaceae,PAC000742,PAC000742,Bacteria,Firmicutes,Clostridia,Lachnospirales,Lachnospiraceae,Eisenbergiella,None,0.006815968841285297
Bacteria,Firmicutes,Clostridia,Clostridiales,Ruminococcaceae,PAC000742,PAC000742,Bacteria,Firmicutes,Clostridia,Lachnospirales,Lachnospiraceae,Frisingicoccus,None,0.006815968841285297
Bacteria,Firmicutes,Clostridia,Clostridiales,Ruminococcaceae,PAC000742,PAC000742,Bacteria,Firmicutes,Clostridia,Lachnospirales,Lachnospiraceae,Fusicatenibacter,uncultured_Lachnospiraceae_bacterium,0.007789678675754625
Bacteria,Firmicutes,Clostridia,Clostridiales,Ruminococcaceae,PAC000742,PAC000742,Bacteria,Firmicutes,Clostridia,Lachnospirales,Lachnospiraceae,GCA-900066575,None,0.006815968841285297
Bacteria,Firmicutes,Clostridia,Clostridiales,Ruminococcaceae,PAC000742,PAC000742,Bacteria,Firmicutes,Clostridia,Lachnospirales,Lachnospiraceae,GCA-900066575,metagenome,0.007789678675754625
Bacteria,Firmicutes,Clostridia,Clostridiales,Ruminococcaceae,PAC000742,PAC000742,Bacteria,Firmicutes,Clostridia,Lachnospirales,Lachnospiraceae,GCA-900066755,None,0.006815968841285297
Bacteria,Firmicutes,Clostridia,Clostridiales,Ruminococcaceae,PAC000742,PAC000742,Bacteria,Firmicutes,Clostridia,Lachnospirales,Lachnospiraceae,Hungatella,metagenome,0.007789678675754625
Bacteria,Firmicutes,Clostridia,Clostridiales,Ruminococcaceae,PAC000742,PAC000742,Bacteria,Firmicutes,Clostridia,Lachnospirales,Lachnospiraceae,Lachnoclostridium,Clostridium_symbiosum,0.007789678675754625
Bacteria,Firmicutes,Clostridia,Clostridiales,Ruminococcaceae,PAC000742,PAC000742,Bacteria,Firmicutes,Clostridia,Lachnospirales,Lachnospiraceae,Lachnoclostridium,None,0.006815968841285297
Bacteria,Firmicutes,Clostridia,Clostridiales,Ruminococcaceae,PAC000742,PAC000742,Bacteria,Firmicutes,Clostridia,Lachnospirales,Lachnospiraceae,Lachnoclostridium,uncultured_Lachnospiraceae_bacterium,0.007789678675754625
Bacteria,Firmicutes,Clostridia,Clostridiales,Ruminococcaceae,PAC000742,PAC000742,Bacteria,Firmicutes,Clostridia,Lachnospirales,Lachnospiraceae,Lachnospiraceae_ND3007_group,metagenome,0.007789678675754625
Bacteria,Firmicutes,Clostridia,Clostridiales,Ruminococcaceae,PAC000742,PAC000742,Bacteria,Firmicutes,Clostridia,Lachnospirales,Lachnospiraceae,Lachnospiraceae_NK4A136_group,None,0.006815968841285297
Bacteria,Firmicutes,Clostridia,Clostridiales,Ruminococcaceae,PAC000742,PAC000742,Bacteria,Firmicutes,Clostridia,Lachnospirales,Lachnospiraceae,Lachnospiraceae_NK4A136_group,uncultured_Lachnospiraceae_bacterium,0.007789678675754625
Bacteria,Firmicutes,Clostridia,Clostridiales,Ruminococcaceae,PAC000742,PAC000742,Bacteria,Firmicutes,Clostridia,Lachnospirales,Lachnospiraceae,Lachnospiraceae_NK4A136_group,uncultured_bacterium_Adhufec49.25,0.007789678675754625
Bacteria,Firmicutes,Clostridia,Clostridiales,Ruminococcaceae,PAC000742,PAC000742,Bacteria,Firmicutes,Clostridia,Lachnospirales,Lachnospiraceae,Lachnospiraceae_NK4B4_group,None,0.006815968841285297
Bacteria,Firmicutes,Clostridia,Clostridiales,Ruminococcaceae,PAC000742,PAC000742,Bacteria,Firmicutes,Clostridia,Lachnospirales,Lachnospiraceae,Lachnospiraceae_UCG-001,metagenome,0.007789678675754625
Bacteria,Firmicutes,Clostridia,Clostridiales,Ruminococcaceae,PAC000742,PAC000742,Bacteria,Firmicutes,Clostridia,Lachnospirales,Lachnospiraceae,Lachnospiraceae_UCG-004,None,0.006815968841285297
Bacteria,Firmicutes,Clostridia,Clostridiales,Ruminococcaceae,PAC000742,PAC000742,Bacteria,Firmicutes,Clostridia,Lachnospirales,Lachnospiraceae,Lachnospiraceae_UCG-008,metagenome,0.007789678675754625
Bacteria,Firmicutes,Clostridia,Clostridiales,Ruminococcaceae,PAC000742,PAC000742,Bacteria,Firmicutes,Clostridia,Lachnospirales,Lachnospiraceae,Lachnospiraceae_UCG-010,None,0.006815968841285297
Bacteria,Firmicutes,Clostridia,Clostridiales,Ruminococcaceae,PAC000742,PAC000742,Bacteria,Firmicutes,Clostridia,Lachnospirales,Lachnospiraceae,Marvinbryantia,None,0.006815968841285297
Bacteria,Firmicutes,Clostridia,Clostridiales,Ruminococcaceae,PAC000742,PAC000742,Bacteria,Firmicutes,Clostridia,Lachnospirales,Lachnospiraceae,Marvinbryantia,unidentified,0.007789678675754625
Bacteria,Firmicutes,Clostridia,Clostridiales,Ruminococcaceae,PAC000742,PAC000742,Bacteria,Firmicutes,Clostridia,Lachnospirales,Lachnospiraceae,Roseburia,None,0.006815968841285297
Bacteria,Firmicutes,Clostridia,Clostridiales,Ruminococcaceae,PAC000742,PAC000742,Bacteria,Firmicutes,Clostridia,Lachnospirales,Lachnospiraceae,Roseburia,gut_metagenome,0.007789678675754625
Bacteria,Firmicutes,Clostridia,Clostridiales,Ruminococcaceae,PAC000742,PAC000742,Bacteria,Firmicutes,Clostridia,Lachnospirales,Lachnospiraceae,Tuzzerella,None,0.006815968841285297
Bacteria,Firmicutes,Clostridia,Clostridiales,Ruminococcaceae,PAC000742,PAC000742,Bacteria,Firmicutes,Clostridia,Lachnospirales,Lachnospiraceae,Tyzzerella,None,0.006815968841285297
Bacteria,Firmicutes,Clostridia,Clostridiales,Ruminococcaceae,PAC000742,PAC000742,Bacteria,Firmicutes,Clostridia,Lachnospirales,Lachnospiraceae,Eubacterium_hallii_group,None,0.006815968841285297
Bacteria,Firmicutes,Clostridia,Clostridiales,Ruminococcaceae,PAC000742,PAC000742,Bacteria,Firmicutes,Clostridia,Lachnospirales,Lachnospiraceae,Eubacterium_ventriosum_group,metagenome,0.007789678675754625
Bacteria,Firmicutes,Clostridia,Clostridiales,Ruminococcaceae,PAC000742,PAC000742,Bacteria,Firmicutes,Clostridia,Lachnospirales,Lachnospiraceae,Ruminococcus_gauvreauii_group,uncultured_Lachnospiraceae_bacterium,0.007789678675754625
Bacteria,Firmicutes,Clostridia,Clostridiales,Ruminococcaceae,PAC000742,PAC000742,Bacteria,Firmicutes,Clostridia,Lachnospirales,Lachnospiraceae,Ruminococcus_gnavus_group,None,0.006815968841285297
Bacteria,Firmicutes,Clostridia,Clostridiales,Ruminococcaceae,PAC000742,PAC000742,Bacteria,Firmicutes,Clostridia,Lachnospirales,Lachnospiraceae,Ruminococcus_torques_group,Clostridiaceae_bacterium_LEMV78,0.007789678675754625
Bacteria,Firmicutes,Clostridia,Clostridiales,Ruminococcaceae,PAC000742,PAC000742,Bacteria,Firmicutes,Clostridia,Lachnospirales,Lachnospiraceae,Ruminococcus_torques_group,None,0.006815968841285297
Bacteria,Firmicutes,Clostridia,Clostridiales,Ruminococcaceae,PAC000742,PAC000742,Bacteria,Firmicutes,Clostridia,Lachnospirales,Lachnospiraceae,None,None,0.005842259006815969
Bacteria,Firmicutes,Clostridia,Clostridiales,Ruminococcaceae,PAC000742,PAC000742,Bacteria,Firmicutes,Clostridia,Lachnospirales,Lachnospiraceae,uncultured,None,0.006815968841285297
Bacteria,Firmicutes,Clostridia,Clostridiales,Ruminococcaceae,PAC000742,PAC000742,Bacteria,Firmicutes,Clostridia,Monoglobales,Monoglobaceae,Monoglobus,None,0.006815968841285297
Bacteria,Firmicutes,Clostridia,Clostridiales,Ruminococcaceae,PAC000742,PAC000742,Bacteria,Firmicutes,Clostridia,Oscillospirales,Butyricicoccaceae,Butyricicoccus,None,0.006815968841285297
Bacteria,Firmicutes,Clostridia,Clostridiales,Ruminococcaceae,PAC000742,PAC000742,Bacteria,Firmicutes,Clostridia,Oscillospirales,Hydrogenoanaerobacterium,None,None,0.005842259006815969
Bacteria,Firmicutes,Clostridia,Clostridiales,Ruminococcaceae,PAC000742,PAC000742,Bacteria,Firmicutes,Clostridia,Oscillospirales,Oscillospiraceae,Colidextribacter,None,0.006815968841285297
Bacteria,Firmicutes,Clostridia,Clostridiales,Ruminococcaceae,PAC000742,PAC000742,Bacteria,Firmicutes,Clostridia,Oscillospirales,Oscillospiraceae,Colidextribacter,metagenome,0.007789678675754625
Bacteria,Firmicutes,Clostridia,Clostridiales,Ruminococcaceae,PAC000742,PAC000742,Bacteria,Firmicutes,Clostridia,Oscillospirales,Oscillospiraceae,Flavonifractor,None,0.006815968841285297
Bacteria,Firmicutes,Clostridia,Clostridiales,Ruminococcaceae,PAC000742,PAC000742,Bacteria,Firmicutes,Clostridia,Oscillospirales,Oscillospiraceae,Intestinimonas,None,0.006815968841285297
Bacteria,Firmicutes,Clostridia,Clostridiales,Ruminococcaceae,PAC000742,PAC000742,Bacteria,Firmicutes,Clostridia,Oscillospirales,Oscillospiraceae,Intestinimonas,uncultured,0.007789678675754625
Bacteria,Firmicutes,Clostridia,Clostridiales,Ruminococcaceae,PAC000742,PAC000742,Bacteria,Firmicutes,Clostridia,Oscillospirales,Oscillospiraceae,NK4A214_group,None,0.006815968841285297
Bacteria,Firmicutes,Clostridia,Clostridiales,Ruminococcaceae,PAC000742,PAC000742,Bacteria,Firmicutes,Clostridia,Oscillospirales,Oscillospiraceae,Oscillibacter,None,0.006815968841285297
Bacteria,Firmicutes,Clostridia,Clostridiales,Ruminococcaceae,PAC000742,PAC000742,Bacteria,Firmicutes,Clostridia,Oscillospirales,Oscillospiraceae,Oscillibacter,metagenome,0.007789678675754625
Bacteria,Firmicutes,Clostridia,Clostridiales,Ruminococcaceae,PAC000742,PAC000742,Bacteria,Firmicutes,Clostridia,Oscillospirales,Oscillospiraceae,Oscillospira,None,0.006815968841285297
Bacteria,Firmicutes,Clostridia,Clostridiales,Ruminococcaceae,PAC000742,PAC000742,Bacteria,Firmicutes,Clostridia,Oscillospirales,Oscillospiraceae,UCG-002,None,0.006815968841285297
Bacteria,Firmicutes,Clostridia,Clostridiales,Ruminococcaceae,PAC000742,PAC000742,Bacteria,Firmicutes,Clostridia,Oscillospirales,Oscillospiraceae,UCG-003,None,0.006815968841285297
Bacteria,Firmicutes,Clostridia,Clostridiales,Ruminococcaceae,PAC000742,PAC000742,Bacteria,Firmicutes,Clostridia,Oscillospirales,Oscillospiraceae,UCG-005,None,0.006815968841285297
Bacteria,Firmicutes,Clostridia,Clostridiales,Ruminococcaceae,PAC000742,PAC000742,Bacteria,Firmicutes,Clostridia,Oscillospirales,Oscillospiraceae,UCG-005,metagenome,0.007789678675754625
Bacteria,Firmicutes,Clostridia,Clostridiales,Ruminococcaceae,PAC000742,PAC000742,Bacteria,Firmicutes,Clostridia,Oscillospirales,Oscillospiraceae,UCG-005,uncultured_Clostridiales_bacterium,0.007789678675754625
Bacteria,Firmicutes,Clostridia,Clostridiales,Ruminococcaceae,PAC000742,PAC000742,Bacteria,Firmicutes,Clostridia,Oscillospirales,Oscillospiraceae,UCG-005,uncultured_rumen_bacterium,0.007789678675754625
Bacteria,Firmicutes,Clostridia,Clostridiales,Ruminococcaceae,PAC000742,PAC000742,Bacteria,Firmicutes,Clostridia,Oscillospirales,Oscillospiraceae,None,None,0.005842259006815969
Bacteria,Firmicutes,Clostridia,Clostridiales,Ruminococcaceae,PAC000742,PAC000742,Bacteria,Firmicutes,Clostridia,Oscillospirales,Oscillospiraceae,uncultured,metagenome,0.007789678675754625
Bacteria,Firmicutes,Clostridia,Clostridiales,Ruminococcaceae,PAC000742,PAC000742,Bacteria,Firmicutes,Clostridia,Oscillospirales,Oscillospiraceae,uncultured,unidentified,0.007789678675754625
Bacteria,Firmicutes,Clostridia,Clostridiales,Ruminococcaceae,PAC000742,PAC000742,Bacteria,Firmicutes,Clostridia,Oscillospirales,Ruminococcaceae,Anaerofilum,uncultured_Firmicutes_bacterium,0.007789678675754625
Bacteria,Firmicutes,Clostridia,Clostridiales,Ruminococcaceae,PAC000742,PAC000742,Bacteria,Firmicutes,Clostridia,Oscillospirales,Ruminococcaceae,Anaerotruncus,Anaerotruncus_rubiinfantis,0.007789678675754625
Bacteria,Firmicutes,Clostridia,Clostridiales,Ruminococcaceae,PAC000742,PAC000742,Bacteria,Firmicutes,Clostridia,Oscillospirales,Ruminococcaceae,Anaerotruncus,Anaerotruncus_sp._NML_070203,0.007789678675754625
Bacteria,Firmicutes,Clostridia,Clostridiales,Ruminococcaceae,PAC000742,PAC000742,Bacteria,Firmicutes,Clostridia,Oscillospirales,Ruminococcaceae,Candidatus_Soleaferrea,Neobitarella_massiliensis,0.007789678675754625
Bacteria,Firmicutes,Clostridia,Clostridiales,Ruminococcaceae,PAC000742,PAC000742,Bacteria,Firmicutes,Clostridia,Oscillospirales,Ruminococcaceae,Candidatus_Soleaferrea,None,0.006815968841285297
Bacteria,Firmicutes,Clostridia,Clostridiales,Ruminococcaceae,PAC000742,PAC000742,Bacteria,Firmicutes,Clostridia,Oscillospirales,Ruminococcaceae,DTU089,None,0.006815968841285297
Bacteria,Firmicutes,Clostridia,Clostridiales,Ruminococcaceae,PAC000742,PAC000742,Bacteria,Firmicutes,Clostridia,Oscillospirales,Ruminococcaceae,Faecalibacterium,None,0.006815968841285297
Bacteria,Firmicutes,Clostridia,Clostridiales,Ruminococcaceae,PAC000742,PAC000742,Bacteria,Firmicutes,Clostridia,Oscillospirales,Ruminococcaceae,Fournierella,uncultured_organism,0.007789678675754625
Bacteria,Firmicutes,Clostridia,Clostridiales,Ruminococcaceae,PAC000742,PAC000742,Bacteria,Firmicutes,Clostridia,Oscillospirales,Ruminococcaceae,Incertae_Sedis,metagenome,0.007789678675754625
Bacteria,Firmicutes,Clostridia,Clostridiales,Ruminococcaceae,PAC000742,PAC000742,Bacteria,Firmicutes,Clostridia,Oscillospirales,Ruminococcaceae,Incertae_Sedis,None,0.006815968841285297
Bacteria,Firmicutes,Clostridia,Clostridiales,Ruminococcaceae,PAC000742,PAC000742,Bacteria,Firmicutes,Clostridia,Oscillospirales,Ruminococcaceae,Negativibacillus,None,0.006815968841285297
Bacteria,Firmicutes,Clostridia,Clostridiales,Ruminococcaceae,PAC000742,PAC000742,Bacteria,Firmicutes,Clostridia,Oscillospirales,Ruminococcaceae,Ruminococcus,Ruminococcus_champanellensis,0.007789678675754625
Bacteria,Firmicutes,Clostridia,Clostridiales,Ruminococcaceae,PAC000742,PAC000742,Bacteria,Firmicutes,Clostridia,Oscillospirales,Ruminococcaceae,Ruminococcus,None,0.006815968841285297
Bacteria,Firmicutes,Clostridia,Clostridiales,Ruminococcaceae,PAC000742,PAC000742,Bacteria,Firmicutes,Clostridia,Oscillospirales,Ruminococcaceae,Subdoligranulum,None,0.006815968841285297
Bacteria,Firmicutes,Clostridia,Clostridiales,Ruminococcaceae,PAC000742,PAC000742,Bacteria,Firmicutes,Clostridia,Oscillospirales,Ruminococcaceae,UBA1819,None,0.006815968841285297
Bacteria,Firmicutes,Clostridia,Clostridiales,Ruminococcaceae,PAC000742,PAC000742,Bacteria,Firmicutes,Clostridia,Oscillospirales,Ruminococcaceae,Eubacterium_siraeum_group,None,0.006815968841285297
Bacteria,Firmicutes,Clostridia,Clostridiales,Ruminococcaceae,PAC000742,PAC000742,Bacteria,Firmicutes,Clostridia,Oscillospirales,Ruminococcaceae,None,None,0.005842259006815969
Bacteria,Firmicutes,Clostridia,Clostridiales,Ruminococcaceae,PAC000742,PAC000742,Bacteria,Firmicutes,Clostridia,Oscillospirales,UCG-010,None,None,0.005842259006815969
Bacteria,Firmicutes,Clostridia,Clostridiales,Ruminococcaceae,PAC000742,PAC000742,Bacteria,Firmicutes,Clostridia,Oscillospirales,UCG-010,metagenome,None,0.006815968841285297
Bacteria,Firmicutes,Clostridia,Clostridiales,Ruminococcaceae,PAC000742,PAC000742,Bacteria,Firmicutes,Clostridia,Oscillospirales,UCG-010,uncultured_bacterium,None,0.006815968841285297
Bacteria,Firmicutes,Clostridia,Clostridiales,Ruminococcaceae,PAC000742,PAC000742,Bacteria,Firmicutes,Clostridia,Oscillospirales,UCG-010,uncultured_organism,None,0.006815968841285297
Bacteria,Firmicutes,Clostridia,Clostridiales,Ruminococcaceae,PAC000742,PAC000742,Bacteria,Firmicutes,Clostridia,Oscillospirales,Clostridium_methylpentosum_group,None,None,0.005842259006815969
Bacteria,Firmicutes,Clostridia,Clostridiales,Ruminococcaceae,PAC000742,PAC000742,Bacteria,Firmicutes,Clostridia,Oscillospirales,Eubacterium_coprostanoligenes_group,None,None,0.005842259006815969
Bacteria,Firmicutes,Clostridia,Clostridiales,Ruminococcaceae,PAC000742,PAC000742,Bacteria,Firmicutes,Clostridia,Oscillospirales,None,None,None,0.004868549172346641
Bacteria,Firmicutes,Clostridia,Clostridiales,Ruminococcaceae,PAC000742,PAC000742,Bacteria,Firmicutes,Clostridia,Peptococcales,Peptococcaceae,uncultured,None,0.006815968841285297
Bacteria,Firmicutes,Clostridia,Clostridiales,Ruminococcaceae,PAC000742,PAC000742,Bacteria,Firmicutes,Clostridia,Peptostreptococcales-Tissierellales,Anaerovoracaceae,Family_XIII_AD3011_group,metagenome,0.007789678675754625
Bacteria,Firmicutes,Clostridia,Clostridiales,Ruminococcaceae,PAC000742,PAC000742,Bacteria,Firmicutes,Clostridia,Peptostreptococcales-Tissierellales,Anaerovoracaceae,Family_XIII_AD3011_group,None,0.006815968841285297
Bacteria,Firmicutes,Clostridia,Clostridiales,Ruminococcaceae,PAC000742,PAC000742,Bacteria,Firmicutes,Clostridia,Peptostreptococcales-Tissierellales,Anaerovoracaceae,Family_XIII_AD3011_group,uncultured,0.007789678675754625
Bacteria,Firmicutes,Clostridia,Clostridiales,Ruminococcaceae,PAC000742,PAC000742,Bacteria,Firmicutes,Clostridia,Peptostreptococcales-Tissierellales,Anaerovoracaceae,Family_XIII_UCG-001,metagenome,0.007789678675754625
Bacteria,Firmicutes,Clostridia,Clostridiales,Ruminococcaceae,PAC000742,PAC000742,Bacteria,Firmicutes,Clostridia,Peptostreptococcales-Tissierellales,Anaerovoracaceae,Eubacterium_nodatum_group,None,0.006815968841285297
Bacteria,Firmicutes,Clostridia,Clostridiales,Ruminococcaceae,PAC000742,PAC000742,Bacteria,Firmicutes,Clostridia,Peptostreptococcales-Tissierellales,Anaerovoracaceae,None,None,0.005842259006815969
Bacteria,Firmicutes,Clostridia,Clostridiales,Ruminococcaceae,PAC000742,PAC000742,Bacteria,Firmicutes,Clostridia,Peptostreptococcales-Tissierellales,Parvimonas,None,None,0.005842259006815969
Bacteria,Firmicutes,Clostridia,Clostridiales,Ruminococcaceae,PAC000742,PAC000742,Bacteria,Firmicutes,Clostridia,None,None,None,None,0.0038948393378773127
Bacteria,Firmicutes,Clostridia,Clostridiales,Ruminococcaceae,PAC000742,PAC000742,Bacteria,Firmicutes,Incertae_Sedis,DTU014,unidentified,None,None,0.007789678675754625
Bacteria,Firmicutes,Clostridia,Clostridiales,Ruminococcaceae,PAC000742,PAC000742,Bacteria,Firmicutes,Limnochordia,M55-D21,uncultured_compost_bacterium,None,None,0.007789678675754625
Bacteria,Firmicutes,Clostridia,Clostridiales,Ruminococcaceae,PAC000742,PAC000742,Bacteria,Firmicutes,Negativicutes,Acidaminococcales,Acidaminococcaceae,Phascolarctobacterium,None,0.008763388510223954
Bacteria,Firmicutes,Clostridia,Clostridiales,Ruminococcaceae,PAC000742,PAC000742,Bacteria,Firmicutes,None,None,None,None,None,0.004868549172346641
Bacteria,Firmicutes,Clostridia,Clostridiales,Ruminococcaceae,PAC000742,PAC000742,Bacteria,Firmicutes,uncultured,uncultured_Peptococcaceae_bacterium,None,None,None,0.006815968841285297
Bacteria,Firmicutes,Clostridia,Clostridiales,Ruminococcaceae,PAC000742,PAC000742,Bacteria,Proteobacteria,Alphaproteobacteria,Rhodospirillales,uncultured,None,None,0.009737098344693282
Bacteria,Firmicutes,Clostridia,Clostridiales,Ruminococcaceae,PAC000742,PAC000742,Bacteria,Proteobacteria,Gammaproteobacteria,Burkholderiales,Sutterellaceae,Sutterella,Sutterella_sp._252,0.011684518013631937
Bacteria,Firmicutes,Clostridia,Clostridiales,Ruminococcaceae,PAC000742,PAC000742,Bacteria,Proteobacteria,Gammaproteobacteria,Enterobacterales,Enterobacteriaceae,Escherichia-Shigella,None,0.010710808179162609
Bacteria,Firmicutes,Clostridia,Clostridiales,Ruminococcaceae,PAC000742,PAC000742,Bacteria,Proteobacteria,Gammaproteobacteria,Enterobacterales,Enterobacteriaceae,Klebsiella,None,0.010710808179162609
Bacteria,Firmicutes,Clostridia,Clostridiales,Ruminococcaceae,PAC000742,PAC000742,Bacteria,Proteobacteria,Gammaproteobacteria,Enterobacterales,Enterobacteriaceae,None,None,0.009737098344693282
Bacteria,Firmicutes,Clostridia,Clostridiales,Ruminococcaceae,PAC000742,PAC000742,Bacteria,Proteobacteria,Gammaproteobacteria,Pseudomonadales,Pseudomonadaceae,Pseudomonas,None,0.010710808179162609
Bacteria,Firmicutes,Clostridia,Clostridiales,Ruminococcaceae,PAC000742,PAC000742,Bacteria,Synergistota,Synergistia,Synergistales,Synergistaceae,Cloacibacillus,None,0.010710808179162609
Bacteria,Firmicutes,Clostridia,Clostridiales,Ruminococcaceae,PAC000742,PAC000742,Bacteria,Verrucomicrobiota,Verrucomicrobiae,Verrucomicrobiales,Akkermansiaceae,Akkermansia,None,0.010710808179162609
Bacteria,Firmicutes,Clostridia,Clostridiales,Ruminococcaceae,PAC001144,PAC001620,Bacteria,Firmicutes,Clostridia,Clostridiales,Ruminococcaceae,PAC001313,PAC001649,0.0038948393378773127
Bacteria,Firmicutes,Clostridia,Clostridiales,Ruminococcaceae,PAC001144,PAC001620,Bacteria,Firmicutes,Clostridia,Clostridiales,Ruminococcaceae,PAC002201,PAC002201,0.0038948393378773127
Bacteria,Firmicutes,Clostridia,Clostridiales,Ruminococcaceae,PAC001144,PAC001620,Bacteria,Firmicutes,Clostridia,Eubacteriales,Eubacteriaceae,Eubacterium,None,0.006815968841285297
Bacteria,Firmicutes,Clostridia,Clostridiales,Ruminococcaceae,PAC001144,PAC001620,Bacteria,Firmicutes,Clostridia,Lachnospirales,Lachnospiraceae,Agathobacter,None,0.006815968841285297
Bacteria,Firmicutes,Clostridia,Clostridiales,Ruminococcaceae,PAC001144,PAC001620,Bacteria,Firmicutes,Clostridia,Lachnospirales,Lachnospiraceae,Anaerostipes,None,0.006815968841285297
Bacteria,Firmicutes,Clostridia,Clostridiales,Ruminococcaceae,PAC001144,PAC001620,Bacteria,Firmicutes,Clostridia,Lachnospirales,Lachnospiraceae,Blautia,None,0.006815968841285297
Bacteria,Firmicutes,Clostridia,Clostridiales,Ruminococcaceae,PAC001144,PAC001620,Bacteria,Firmicutes,Clostridia,Lachnospirales,Lachnospiraceae,Blautia,bacterium_mpn-isolate_group_20,0.007789678675754625
Bacteria,Firmicutes,Clostridia,Clostridiales,Ruminococcaceae,PAC001144,PAC001620,Bacteria,Firmicutes,Clostridia,Lachnospirales,Lachnospiraceae,Blautia,uncultured_Blautia_sp.,0.007789678675754625
Bacteria,Firmicutes,Clostridia,Clostridiales,Ruminococcaceae,PAC001144,PAC001620,Bacteria,Firmicutes,Clostridia,Lachnospirales,Lachnospiraceae,Coprococcus,None,0.006815968841285297
Bacteria,Firmicutes,Clostridia,Clostridiales,Ruminococcaceae,PAC001144,PAC001620,Bacteria,Firmicutes,Clostridia,Lachnospirales,Lachnospiraceae,Coprococcus,uncultured_Coprococcus_sp.,0.007789678675754625
Bacteria,Firmicutes,Clostridia,Clostridiales,Ruminococcaceae,PAC001144,PAC001620,Bacteria,Firmicutes,Clostridia,Lachnospirales,Lachnospiraceae,Dorea,None,0.006815968841285297
Bacteria,Firmicutes,Clostridia,Clostridiales,Ruminococcaceae,PAC001144,PAC001620,Bacteria,Firmicutes,Clostridia,Lachnospirales,Lachnospiraceae,Eisenbergiella,None,0.006815968841285297
Bacteria,Firmicutes,Clostridia,Clostridiales,Ruminococcaceae,PAC001144,PAC001620,Bacteria,Firmicutes,Clostridia,Lachnospirales,Lachnospiraceae,Frisingicoccus,None,0.006815968841285297
Bacteria,Firmicutes,Clostridia,Clostridiales,Ruminococcaceae,PAC001144,PAC001620,Bacteria,Firmicutes,Clostridia,Lachnospirales,Lachnospiraceae,Fusicatenibacter,uncultured_Lachnospiraceae_bacterium,0.007789678675754625
Bacteria,Firmicutes,Clostridia,Clostridiales,Ruminococcaceae,PAC001144,PAC001620,Bacteria,Firmicutes,Clostridia,Lachnospirales,Lachnospiraceae,GCA-900066575,None,0.006815968841285297
Bacteria,Firmicutes,Clostridia,Clostridiales,Ruminococcaceae,PAC001144,PAC001620,Bacteria,Firmicutes,Clostridia,Lachnospirales,Lachnospiraceae,GCA-900066575,metagenome,0.007789678675754625
Bacteria,Firmicutes,Clostridia,Clostridiales,Ruminococcaceae,PAC001144,PAC001620,Bacteria,Firmicutes,Clostridia,Lachnospirales,Lachnospiraceae,GCA-900066755,None,0.006815968841285297
Bacteria,Firmicutes,Clostridia,Clostridiales,Ruminococcaceae,PAC001144,PAC001620,Bacteria,Firmicutes,Clostridia,Lachnospirales,Lachnospiraceae,Hungatella,metagenome,0.007789678675754625
Bacteria,Firmicutes,Clostridia,Clostridiales,Ruminococcaceae,PAC001144,PAC001620,Bacteria,Firmicutes,Clostridia,Lachnospirales,Lachnospiraceae,Lachnoclostridium,Clostridium_symbiosum,0.007789678675754625
Bacteria,Firmicutes,Clostridia,Clostridiales,Ruminococcaceae,PAC001144,PAC001620,Bacteria,Firmicutes,Clostridia,Lachnospirales,Lachnospiraceae,Lachnoclostridium,None,0.006815968841285297
Bacteria,Firmicutes,Clostridia,Clostridiales,Ruminococcaceae,PAC001144,PAC001620,Bacteria,Firmicutes,Clostridia,Lachnospirales,Lachnospiraceae,Lachnoclostridium,uncultured_Lachnospiraceae_bacterium,0.007789678675754625
Bacteria,Firmicutes,Clostridia,Clostridiales,Ruminococcaceae,PAC001144,PAC001620,Bacteria,Firmicutes,Clostridia,Lachnospirales,Lachnospiraceae,Lachnospiraceae_ND3007_group,metagenome,0.007789678675754625
Bacteria,Firmicutes,Clostridia,Clostridiales,Ruminococcaceae,PAC001144,PAC001620,Bacteria,Firmicutes,Clostridia,Lachnospirales,Lachnospiraceae,Lachnospiraceae_NK4A136_group,None,0.006815968841285297
Bacteria,Firmicutes,Clostridia,Clostridiales,Ruminococcaceae,PAC001144,PAC001620,Bacteria,Firmicutes,Clostridia,Lachnospirales,Lachnospiraceae,Lachnospiraceae_NK4A136_group,uncultured_Lachnospiraceae_bacterium,0.007789678675754625
Bacteria,Firmicutes,Clostridia,Clostridiales,Ruminococcaceae,PAC001144,PAC001620,Bacteria,Firmicutes,Clostridia,Lachnospirales,Lachnospiraceae,Lachnospiraceae_NK4A136_group,uncultured_bacterium_Adhufec49.25,0.007789678675754625
Bacteria,Firmicutes,Clostridia,Clostridiales,Ruminococcaceae,PAC001144,PAC001620,Bacteria,Firmicutes,Clostridia,Lachnospirales,Lachnospiraceae,Lachnospiraceae_NK4B4_group,None,0.006815968841285297
Bacteria,Firmicutes,Clostridia,Clostridiales,Ruminococcaceae,PAC001144,PAC001620,Bacteria,Firmicutes,Clostridia,Lachnospirales,Lachnospiraceae,Lachnospiraceae_UCG-001,metagenome,0.007789678675754625
Bacteria,Firmicutes,Clostridia,Clostridiales,Ruminococcaceae,PAC001144,PAC001620,Bacteria,Firmicutes,Clostridia,Lachnospirales,Lachnospiraceae,Lachnospiraceae_UCG-004,None,0.006815968841285297
Bacteria,Firmicutes,Clostridia,Clostridiales,Ruminococcaceae,PAC001144,PAC001620,Bacteria,Firmicutes,Clostridia,Lachnospirales,Lachnospiraceae,Lachnospiraceae_UCG-008,metagenome,0.007789678675754625
Bacteria,Firmicutes,Clostridia,Clostridiales,Ruminococcaceae,PAC001144,PAC001620,Bacteria,Firmicutes,Clostridia,Lachnospirales,Lachnospiraceae,Lachnospiraceae_UCG-010,None,0.006815968841285297
Bacteria,Firmicutes,Clostridia,Clostridiales,Ruminococcaceae,PAC001144,PAC001620,Bacteria,Firmicutes,Clostridia,Lachnospirales,Lachnospiraceae,Marvinbryantia,None,0.006815968841285297
Bacteria,Firmicutes,Clostridia,Clostridiales,Ruminococcaceae,PAC001144,PAC001620,Bacteria,Firmicutes,Clostridia,Lachnospirales,Lachnospiraceae,Marvinbryantia,unidentified,0.007789678675754625
Bacteria,Firmicutes,Clostridia,Clostridiales,Ruminococcaceae,PAC001144,PAC001620,Bacteria,Firmicutes,Clostridia,Lachnospirales,Lachnospiraceae,Roseburia,None,0.006815968841285297
Bacteria,Firmicutes,Clostridia,Clostridiales,Ruminococcaceae,PAC001144,PAC001620,Bacteria,Firmicutes,Clostridia,Lachnospirales,Lachnospiraceae,Roseburia,gut_metagenome,0.007789678675754625
Bacteria,Firmicutes,Clostridia,Clostridiales,Ruminococcaceae,PAC001144,PAC001620,Bacteria,Firmicutes,Clostridia,Lachnospirales,Lachnospiraceae,Tuzzerella,None,0.006815968841285297
Bacteria,Firmicutes,Clostridia,Clostridiales,Ruminococcaceae,PAC001144,PAC001620,Bacteria,Firmicutes,Clostridia,Lachnospirales,Lachnospiraceae,Tyzzerella,None,0.006815968841285297
Bacteria,Firmicutes,Clostridia,Clostridiales,Ruminococcaceae,PAC001144,PAC001620,Bacteria,Firmicutes,Clostridia,Lachnospirales,Lachnospiraceae,Eubacterium_hallii_group,None,0.006815968841285297
Bacteria,Firmicutes,Clostridia,Clostridiales,Ruminococcaceae,PAC001144,PAC001620,Bacteria,Firmicutes,Clostridia,Lachnospirales,Lachnospiraceae,Eubacterium_ventriosum_group,metagenome,0.007789678675754625
Bacteria,Firmicutes,Clostridia,Clostridiales,Ruminococcaceae,PAC001144,PAC001620,Bacteria,Firmicutes,Clostridia,Lachnospirales,Lachnospiraceae,Ruminococcus_gauvreauii_group,uncultured_Lachnospiraceae_bacterium,0.007789678675754625
Bacteria,Firmicutes,Clostridia,Clostridiales,Ruminococcaceae,PAC001144,PAC001620,Bacteria,Firmicutes,Clostridia,Lachnospirales,Lachnospiraceae,Ruminococcus_gnavus_group,None,0.006815968841285297
Bacteria,Firmicutes,Clostridia,Clostridiales,Ruminococcaceae,PAC001144,PAC001620,Bacteria,Firmicutes,Clostridia,Lachnospirales,Lachnospiraceae,Ruminococcus_torques_group,Clostridiaceae_bacterium_LEMV78,0.007789678675754625
Bacteria,Firmicutes,Clostridia,Clostridiales,Ruminococcaceae,PAC001144,PAC001620,Bacteria,Firmicutes,Clostridia,Lachnospirales,Lachnospiraceae,Ruminococcus_torques_group,None,0.006815968841285297
Bacteria,Firmicutes,Clostridia,Clostridiales,Ruminococcaceae,PAC001144,PAC001620,Bacteria,Firmicutes,Clostridia,Lachnospirales,Lachnospiraceae,None,None,0.005842259006815969
Bacteria,Firmicutes,Clostridia,Clostridiales,Ruminococcaceae,PAC001144,PAC001620,Bacteria,Firmicutes,Clostridia,Lachnospirales,Lachnospiraceae,uncultured,None,0.006815968841285297
Bacteria,Firmicutes,Clostridia,Clostridiales,Ruminococcaceae,PAC001144,PAC001620,Bacteria,Firmicutes,Clostridia,Monoglobales,Monoglobaceae,Monoglobus,None,0.006815968841285297
Bacteria,Firmicutes,Clostridia,Clostridiales,Ruminococcaceae,PAC001144,PAC001620,Bacteria,Firmicutes,Clostridia,Oscillospirales,Butyricicoccaceae,Butyricicoccus,None,0.006815968841285297
Bacteria,Firmicutes,Clostridia,Clostridiales,Ruminococcaceae,PAC001144,PAC001620,Bacteria,Firmicutes,Clostridia,Oscillospirales,Hydrogenoanaerobacterium,None,None,0.005842259006815969
Bacteria,Firmicutes,Clostridia,Clostridiales,Ruminococcaceae,PAC001144,PAC001620,Bacteria,Firmicutes,Clostridia,Oscillospirales,Oscillospiraceae,Colidextribacter,None,0.006815968841285297
Bacteria,Firmicutes,Clostridia,Clostridiales,Ruminococcaceae,PAC001144,PAC001620,Bacteria,Firmicutes,Clostridia,Oscillospirales,Oscillospiraceae,Colidextribacter,metagenome,0.007789678675754625
Bacteria,Firmicutes,Clostridia,Clostridiales,Ruminococcaceae,PAC001144,PAC001620,Bacteria,Firmicutes,Clostridia,Oscillospirales,Oscillospiraceae,Flavonifractor,None,0.006815968841285297
Bacteria,Firmicutes,Clostridia,Clostridiales,Ruminococcaceae,PAC001144,PAC001620,Bacteria,Firmicutes,Clostridia,Oscillospirales,Oscillospiraceae,Intestinimonas,None,0.006815968841285297
Bacteria,Firmicutes,Clostridia,Clostridiales,Ruminococcaceae,PAC001144,PAC001620,Bacteria,Firmicutes,Clostridia,Oscillospirales,Oscillospiraceae,Intestinimonas,uncultured,0.007789678675754625
Bacteria,Firmicutes,Clostridia,Clostridiales,Ruminococcaceae,PAC001144,PAC001620,Bacteria,Firmicutes,Clostridia,Oscillospirales,Oscillospiraceae,NK4A214_group,None,0.006815968841285297
Bacteria,Firmicutes,Clostridia,Clostridiales,Ruminococcaceae,PAC001144,PAC001620,Bacteria,Firmicutes,Clostridia,Oscillospirales,Oscillospiraceae,Oscillibacter,None,0.006815968841285297
Bacteria,Firmicutes,Clostridia,Clostridiales,Ruminococcaceae,PAC001144,PAC001620,Bacteria,Firmicutes,Clostridia,Oscillospirales,Oscillospiraceae,Oscillibacter,metagenome,0.007789678675754625
Bacteria,Firmicutes,Clostridia,Clostridiales,Ruminococcaceae,PAC001144,PAC001620,Bacteria,Firmicutes,Clostridia,Oscillospirales,Oscillospiraceae,Oscillospira,None,0.006815968841285297
Bacteria,Firmicutes,Clostridia,Clostridiales,Ruminococcaceae,PAC001144,PAC001620,Bacteria,Firmicutes,Clostridia,Oscillospirales,Oscillospiraceae,UCG-002,None,0.006815968841285297
Bacteria,Firmicutes,Clostridia,Clostridiales,Ruminococcaceae,PAC001144,PAC001620,Bacteria,Firmicutes,Clostridia,Oscillospirales,Oscillospiraceae,UCG-003,None,0.006815968841285297
Bacteria,Firmicutes,Clostridia,Clostridiales,Ruminococcaceae,PAC001144,PAC001620,Bacteria,Firmicutes,Clostridia,Oscillospirales,Oscillospiraceae,UCG-005,None,0.006815968841285297
Bacteria,Firmicutes,Clostridia,Clostridiales,Ruminococcaceae,PAC001144,PAC001620,Bacteria,Firmicutes,Clostridia,Oscillospirales,Oscillospiraceae,UCG-005,metagenome,0.007789678675754625
Bacteria,Firmicutes,Clostridia,Clostridiales,Ruminococcaceae,PAC001144,PAC001620,Bacteria,Firmicutes,Clostridia,Oscillospirales,Oscillospiraceae,UCG-005,uncultured_Clostridiales_bacterium,0.007789678675754625
Bacteria,Firmicutes,Clostridia,Clostridiales,Ruminococcaceae,PAC001144,PAC001620,Bacteria,Firmicutes,Clostridia,Oscillospirales,Oscillospiraceae,UCG-005,uncultured_rumen_bacterium,0.007789678675754625
Bacteria,Firmicutes,Clostridia,Clostridiales,Ruminococcaceae,PAC001144,PAC001620,Bacteria,Firmicutes,Clostridia,Oscillospirales,Oscillospiraceae,None,None,0.005842259006815969
Bacteria,Firmicutes,Clostridia,Clostridiales,Ruminococcaceae,PAC001144,PAC001620,Bacteria,Firmicutes,Clostridia,Oscillospirales,Oscillospiraceae,uncultured,metagenome,0.007789678675754625
Bacteria,Firmicutes,Clostridia,Clostridiales,Ruminococcaceae,PAC001144,PAC001620,Bacteria,Firmicutes,Clostridia,Oscillospirales,Oscillospiraceae,uncultured,unidentified,0.007789678675754625
Bacteria,Firmicutes,Clostridia,Clostridiales,Ruminococcaceae,PAC001144,PAC001620,Bacteria,Firmicutes,Clostridia,Oscillospirales,Ruminococcaceae,Anaerofilum,uncultured_Firmicutes_bacterium,0.007789678675754625
Bacteria,Firmicutes,Clostridia,Clostridiales,Ruminococcaceae,PAC001144,PAC001620,Bacteria,Firmicutes,Clostridia,Oscillospirales,Ruminococcaceae,Anaerotruncus,Anaerotruncus_rubiinfantis,0.007789678675754625
Bacteria,Firmicutes,Clostridia,Clostridiales,Ruminococcaceae,PAC001144,PAC001620,Bacteria,Firmicutes,Clostridia,Oscillospirales,Ruminococcaceae,Anaerotruncus,Anaerotruncus_sp._NML_070203,0.007789678675754625
Bacteria,Firmicutes,Clostridia,Clostridiales,Ruminococcaceae,PAC001144,PAC001620,Bacteria,Firmicutes,Clostridia,Oscillospirales,Ruminococcaceae,Candidatus_Soleaferrea,Neobitarella_massiliensis,0.007789678675754625
Bacteria,Firmicutes,Clostridia,Clostridiales,Ruminococcaceae,PAC001144,PAC001620,Bacteria,Firmicutes,Clostridia,Oscillospirales,Ruminococcaceae,Candidatus_Soleaferrea,None,0.006815968841285297
Bacteria,Firmicutes,Clostridia,Clostridiales,Ruminococcaceae,PAC001144,PAC001620,Bacteria,Firmicutes,Clostridia,Oscillospirales,Ruminococcaceae,DTU089,None,0.006815968841285297
Bacteria,Firmicutes,Clostridia,Clostridiales,Ruminococcaceae,PAC001144,PAC001620,Bacteria,Firmicutes,Clostridia,Oscillospirales,Ruminococcaceae,Faecalibacterium,None,0.006815968841285297
Bacteria,Firmicutes,Clostridia,Clostridiales,Ruminococcaceae,PAC001144,PAC001620,Bacteria,Firmicutes,Clostridia,Oscillospirales,Ruminococcaceae,Fournierella,uncultured_organism,0.007789678675754625
Bacteria,Firmicutes,Clostridia,Clostridiales,Ruminococcaceae,PAC001144,PAC001620,Bacteria,Firmicutes,Clostridia,Oscillospirales,Ruminococcaceae,Incertae_Sedis,metagenome,0.007789678675754625
Bacteria,Firmicutes,Clostridia,Clostridiales,Ruminococcaceae,PAC001144,PAC001620,Bacteria,Firmicutes,Clostridia,Oscillospirales,Ruminococcaceae,Incertae_Sedis,None,0.006815968841285297
Bacteria,Firmicutes,Clostridia,Clostridiales,Ruminococcaceae,PAC001144,PAC001620,Bacteria,Firmicutes,Clostridia,Oscillospirales,Ruminococcaceae,Negativibacillus,None,0.006815968841285297
Bacteria,Firmicutes,Clostridia,Clostridiales,Ruminococcaceae,PAC001144,PAC001620,Bacteria,Firmicutes,Clostridia,Oscillospirales,Ruminococcaceae,Ruminococcus,Ruminococcus_champanellensis,0.007789678675754625
Bacteria,Firmicutes,Clostridia,Clostridiales,Ruminococcaceae,PAC001144,PAC001620,Bacteria,Firmicutes,Clostridia,Oscillospirales,Ruminococcaceae,Ruminococcus,None,0.006815968841285297
Bacteria,Firmicutes,Clostridia,Clostridiales,Ruminococcaceae,PAC001144,PAC001620,Bacteria,Firmicutes,Clostridia,Oscillospirales,Ruminococcaceae,Subdoligranulum,None,0.006815968841285297
Bacteria,Firmicutes,Clostridia,Clostridiales,Ruminococcaceae,PAC001144,PAC001620,Bacteria,Firmicutes,Clostridia,Oscillospirales,Ruminococcaceae,UBA1819,None,0.006815968841285297
Bacteria,Firmicutes,Clostridia,Clostridiales,Ruminococcaceae,PAC001144,PAC001620,Bacteria,Firmicutes,Clostridia,Oscillospirales,Ruminococcaceae,Eubacterium_siraeum_group,None,0.006815968841285297
Bacteria,Firmicutes,Clostridia,Clostridiales,Ruminococcaceae,PAC001144,PAC001620,Bacteria,Firmicutes,Clostridia,Oscillospirales,Ruminococcaceae,None,None,0.005842259006815969
Bacteria,Firmicutes,Clostridia,Clostridiales,Ruminococcaceae,PAC001144,PAC001620,Bacteria,Firmicutes,Clostridia,Oscillospirales,UCG-010,None,None,0.005842259006815969
Bacteria,Firmicutes,Clostridia,Clostridiales,Ruminococcaceae,PAC001144,PAC001620,Bacteria,Firmicutes,Clostridia,Oscillospirales,UCG-010,metagenome,None,0.006815968841285297
Bacteria,Firmicutes,Clostridia,Clostridiales,Ruminococcaceae,PAC001144,PAC001620,Bacteria,Firmicutes,Clostridia,Oscillospirales,UCG-010,uncultured_bacterium,None,0.006815968841285297
Bacteria,Firmicutes,Clostridia,Clostridiales,Ruminococcaceae,PAC001144,PAC001620,Bacteria,Firmicutes,Clostridia,Oscillospirales,UCG-010,uncultured_organism,None,0.006815968841285297
Bacteria,Firmicutes,Clostridia,Clostridiales,Ruminococcaceae,PAC001144,PAC001620,Bacteria,Firmicutes,Clostridia,Oscillospirales,Clostridium_methylpentosum_group,None,None,0.005842259006815969
Bacteria,Firmicutes,Clostridia,Clostridiales,Ruminococcaceae,PAC001144,PAC001620,Bacteria,Firmicutes,Clostridia,Oscillospirales,Eubacterium_coprostanoligenes_group,None,None,0.005842259006815969
Bacteria,Firmicutes,Clostridia,Clostridiales,Ruminococcaceae,PAC001144,PAC001620,Bacteria,Firmicutes,Clostridia,Oscillospirales,None,None,None,0.004868549172346641
Bacteria,Firmicutes,Clostridia,Clostridiales,Ruminococcaceae,PAC001144,PAC001620,Bacteria,Firmicutes,Clostridia,Peptococcales,Peptococcaceae,uncultured,None,0.006815968841285297
Bacteria,Firmicutes,Clostridia,Clostridiales,Ruminococcaceae,PAC001144,PAC001620,Bacteria,Firmicutes,Clostridia,Peptostreptococcales-Tissierellales,Anaerovoracaceae,Family_XIII_AD3011_group,metagenome,0.007789678675754625
Bacteria,Firmicutes,Clostridia,Clostridiales,Ruminococcaceae,PAC001144,PAC001620,Bacteria,Firmicutes,Clostridia,Peptostreptococcales-Tissierellales,Anaerovoracaceae,Family_XIII_AD3011_group,None,0.006815968841285297
Bacteria,Firmicutes,Clostridia,Clostridiales,Ruminococcaceae,PAC001144,PAC001620,Bacteria,Firmicutes,Clostridia,Peptostreptococcales-Tissierellales,Anaerovoracaceae,Family_XIII_AD3011_group,uncultured,0.007789678675754625
Bacteria,Firmicutes,Clostridia,Clostridiales,Ruminococcaceae,PAC001144,PAC001620,Bacteria,Firmicutes,Clostridia,Peptostreptococcales-Tissierellales,Anaerovoracaceae,Family_XIII_UCG-001,metagenome,0.007789678675754625
Bacteria,Firmicutes,Clostridia,Clostridiales,Ruminococcaceae,PAC001144,PAC001620,Bacteria,Firmicutes,Clostridia,Peptostreptococcales-Tissierellales,Anaerovoracaceae,Eubacterium_nodatum_group,None,0.006815968841285297
Bacteria,Firmicutes,Clostridia,Clostridiales,Ruminococcaceae,PAC001144,PAC001620,Bacteria,Firmicutes,Clostridia,Peptostreptococcales-Tissierellales,Anaerovoracaceae,None,None,0.005842259006815969
Bacteria,Firmicutes,Clostridia,Clostridiales,Ruminococcaceae,PAC001144,PAC001620,Bacteria,Firmicutes,Clostridia,Peptostreptococcales-Tissierellales,Parvimonas,None,None,0.005842259006815969
Bacteria,Firmicutes,Clostridia,Clostridiales,Ruminococcaceae,PAC001144,PAC001620,Bacteria,Firmicutes,Clostridia,None,None,None,None,0.0038948393378773127
Bacteria,Firmicutes,Clostridia,Clostridiales,Ruminococcaceae,PAC001144,PAC001620,Bacteria,Firmicutes,Incertae_Sedis,DTU014,unidentified,None,None,0.007789678675754625
Bacteria,Firmicutes,Clostridia,Clostridiales,Ruminococcaceae,PAC001144,PAC001620,Bacteria,Firmicutes,Limnochordia,M55-D21,uncultured_compost_bacterium,None,None,0.007789678675754625
Bacteria,Firmicutes,Clostridia,Clostridiales,Ruminococcaceae,PAC001144,PAC001620,Bacteria,Firmicutes,Negativicutes,Acidaminococcales,Acidaminococcaceae,Phascolarctobacterium,None,0.008763388510223954
Bacteria,Firmicutes,Clostridia,Clostridiales,Ruminococcaceae,PAC001144,PAC001620,Bacteria,Firmicutes,None,None,None,None,None,0.004868549172346641
Bacteria,Firmicutes,Clostridia,Clostridiales,Ruminococcaceae,PAC001144,PAC001620,Bacteria,Firmicutes,uncultured,uncultured_Peptococcaceae_bacterium,None,None,None,0.006815968841285297
Bacteria,Firmicutes,Clostridia,Clostridiales,Ruminococcaceae,PAC001144,PAC001620,Bacteria,Proteobacteria,Alphaproteobacteria,Rhodospirillales,uncultured,None,None,0.009737098344693282
Bacteria,Firmicutes,Clostridia,Clostridiales,Ruminococcaceae,PAC001144,PAC001620,Bacteria,Proteobacteria,Gammaproteobacteria,Burkholderiales,Sutterellaceae,Sutterella,Sutterella_sp._252,0.011684518013631937
Bacteria,Firmicutes,Clostridia,Clostridiales,Ruminococcaceae,PAC001144,PAC001620,Bacteria,Proteobacteria,Gammaproteobacteria,Enterobacterales,Enterobacteriaceae,Escherichia-Shigella,None,0.010710808179162609
Bacteria,Firmicutes,Clostridia,Clostridiales,Ruminococcaceae,PAC001144,PAC001620,Bacteria,Proteobacteria,Gammaproteobacteria,Enterobacterales,Enterobacteriaceae,Klebsiella,None,0.010710808179162609
Bacteria,Firmicutes,Clostridia,Clostridiales,Ruminococcaceae,PAC001144,PAC001620,Bacteria,Proteobacteria,Gammaproteobacteria,Enterobacterales,Enterobacteriaceae,None,None,0.009737098344693282
Bacteria,Firmicutes,Clostridia,Clostridiales,Ruminococcaceae,PAC001144,PAC001620,Bacteria,Proteobacteria,Gammaproteobacteria,Pseudomonadales,Pseudomonadaceae,Pseudomonas,None,0.010710808179162609
Bacteria,Firmicutes,Clostridia,Clostridiales,Ruminococcaceae,PAC001144,PAC001620,Bacteria,Synergistota,Synergistia,Synergistales,Synergistaceae,Cloacibacillus,None,0.010710808179162609
Bacteria,Firmicutes,Clostridia,Clostridiales,Ruminococcaceae,PAC001144,PAC001620,Bacteria,Verrucomicrobiota,Verrucomicrobiae,Verrucomicrobiales,Akkermansiaceae,Akkermansia,None,0.010710808179162609
Bacteria,Firmicutes,Clostridia,Clostridiales,Ruminococcaceae,PAC001313,PAC001649,Bacteria,Firmicutes,Clostridia,Clostridiales,Ruminococcaceae,PAC002201,PAC002201,0.0038948393378773127
Bacteria,Firmicutes,Clostridia,Clostridiales,Ruminococcaceae,PAC001313,PAC001649,Bacteria,Firmicutes,Clostridia,Eubacteriales,Eubacteriaceae,Eubacterium,None,0.006815968841285297
Bacteria,Firmicutes,Clostridia,Clostridiales,Ruminococcaceae,PAC001313,PAC001649,Bacteria,Firmicutes,Clostridia,Lachnospirales,Lachnospiraceae,Agathobacter,None,0.006815968841285297
Bacteria,Firmicutes,Clostridia,Clostridiales,Ruminococcaceae,PAC001313,PAC001649,Bacteria,Firmicutes,Clostridia,Lachnospirales,Lachnospiraceae,Anaerostipes,None,0.006815968841285297
Bacteria,Firmicutes,Clostridia,Clostridiales,Ruminococcaceae,PAC001313,PAC001649,Bacteria,Firmicutes,Clostridia,Lachnospirales,Lachnospiraceae,Blautia,None,0.006815968841285297
Bacteria,Firmicutes,Clostridia,Clostridiales,Ruminococcaceae,PAC001313,PAC001649,Bacteria,Firmicutes,Clostridia,Lachnospirales,Lachnospiraceae,Blautia,bacterium_mpn-isolate_group_20,0.007789678675754625
Bacteria,Firmicutes,Clostridia,Clostridiales,Ruminococcaceae,PAC001313,PAC001649,Bacteria,Firmicutes,Clostridia,Lachnospirales,Lachnospiraceae,Blautia,uncultured_Blautia_sp.,0.007789678675754625
Bacteria,Firmicutes,Clostridia,Clostridiales,Ruminococcaceae,PAC001313,PAC001649,Bacteria,Firmicutes,Clostridia,Lachnospirales,Lachnospiraceae,Coprococcus,None,0.006815968841285297
Bacteria,Firmicutes,Clostridia,Clostridiales,Ruminococcaceae,PAC001313,PAC001649,Bacteria,Firmicutes,Clostridia,Lachnospirales,Lachnospiraceae,Coprococcus,uncultured_Coprococcus_sp.,0.007789678675754625
Bacteria,Firmicutes,Clostridia,Clostridiales,Ruminococcaceae,PAC001313,PAC001649,Bacteria,Firmicutes,Clostridia,Lachnospirales,Lachnospiraceae,Dorea,None,0.006815968841285297
Bacteria,Firmicutes,Clostridia,Clostridiales,Ruminococcaceae,PAC001313,PAC001649,Bacteria,Firmicutes,Clostridia,Lachnospirales,Lachnospiraceae,Eisenbergiella,None,0.006815968841285297
Bacteria,Firmicutes,Clostridia,Clostridiales,Ruminococcaceae,PAC001313,PAC001649,Bacteria,Firmicutes,Clostridia,Lachnospirales,Lachnospiraceae,Frisingicoccus,None,0.006815968841285297
Bacteria,Firmicutes,Clostridia,Clostridiales,Ruminococcaceae,PAC001313,PAC001649,Bacteria,Firmicutes,Clostridia,Lachnospirales,Lachnospiraceae,Fusicatenibacter,uncultured_Lachnospiraceae_bacterium,0.007789678675754625
Bacteria,Firmicutes,Clostridia,Clostridiales,Ruminococcaceae,PAC001313,PAC001649,Bacteria,Firmicutes,Clostridia,Lachnospirales,Lachnospiraceae,GCA-900066575,None,0.006815968841285297
Bacteria,Firmicutes,Clostridia,Clostridiales,Ruminococcaceae,PAC001313,PAC001649,Bacteria,Firmicutes,Clostridia,Lachnospirales,Lachnospiraceae,GCA-900066575,metagenome,0.007789678675754625
Bacteria,Firmicutes,Clostridia,Clostridiales,Ruminococcaceae,PAC001313,PAC001649,Bacteria,Firmicutes,Clostridia,Lachnospirales,Lachnospiraceae,GCA-900066755,None,0.006815968841285297
Bacteria,Firmicutes,Clostridia,Clostridiales,Ruminococcaceae,PAC001313,PAC001649,Bacteria,Firmicutes,Clostridia,Lachnospirales,Lachnospiraceae,Hungatella,metagenome,0.007789678675754625
Bacteria,Firmicutes,Clostridia,Clostridiales,Ruminococcaceae,PAC001313,PAC001649,Bacteria,Firmicutes,Clostridia,Lachnospirales,Lachnospiraceae,Lachnoclostridium,Clostridium_symbiosum,0.007789678675754625
Bacteria,Firmicutes,Clostridia,Clostridiales,Ruminococcaceae,PAC001313,PAC001649,Bacteria,Firmicutes,Clostridia,Lachnospirales,Lachnospiraceae,Lachnoclostridium,None,0.006815968841285297
Bacteria,Firmicutes,Clostridia,Clostridiales,Ruminococcaceae,PAC001313,PAC001649,Bacteria,Firmicutes,Clostridia,Lachnospirales,Lachnospiraceae,Lachnoclostridium,uncultured_Lachnospiraceae_bacterium,0.007789678675754625
Bacteria,Firmicutes,Clostridia,Clostridiales,Ruminococcaceae,PAC001313,PAC001649,Bacteria,Firmicutes,Clostridia,Lachnospirales,Lachnospiraceae,Lachnospiraceae_ND3007_group,metagenome,0.007789678675754625
Bacteria,Firmicutes,Clostridia,Clostridiales,Ruminococcaceae,PAC001313,PAC001649,Bacteria,Firmicutes,Clostridia,Lachnospirales,Lachnospiraceae,Lachnospiraceae_NK4A136_group,None,0.006815968841285297
Bacteria,Firmicutes,Clostridia,Clostridiales,Ruminococcaceae,PAC001313,PAC001649,Bacteria,Firmicutes,Clostridia,Lachnospirales,Lachnospiraceae,Lachnospiraceae_NK4A136_group,uncultured_Lachnospiraceae_bacterium,0.007789678675754625
Bacteria,Firmicutes,Clostridia,Clostridiales,Ruminococcaceae,PAC001313,PAC001649,Bacteria,Firmicutes,Clostridia,Lachnospirales,Lachnospiraceae,Lachnospiraceae_NK4A136_group,uncultured_bacterium_Adhufec49.25,0.007789678675754625
Bacteria,Firmicutes,Clostridia,Clostridiales,Ruminococcaceae,PAC001313,PAC001649,Bacteria,Firmicutes,Clostridia,Lachnospirales,Lachnospiraceae,Lachnospiraceae_NK4B4_group,None,0.006815968841285297
Bacteria,Firmicutes,Clostridia,Clostridiales,Ruminococcaceae,PAC001313,PAC001649,Bacteria,Firmicutes,Clostridia,Lachnospirales,Lachnospiraceae,Lachnospiraceae_UCG-001,metagenome,0.007789678675754625
Bacteria,Firmicutes,Clostridia,Clostridiales,Ruminococcaceae,PAC001313,PAC001649,Bacteria,Firmicutes,Clostridia,Lachnospirales,Lachnospiraceae,Lachnospiraceae_UCG-004,None,0.006815968841285297
Bacteria,Firmicutes,Clostridia,Clostridiales,Ruminococcaceae,PAC001313,PAC001649,Bacteria,Firmicutes,Clostridia,Lachnospirales,Lachnospiraceae,Lachnospiraceae_UCG-008,metagenome,0.007789678675754625
Bacteria,Firmicutes,Clostridia,Clostridiales,Ruminococcaceae,PAC001313,PAC001649,Bacteria,Firmicutes,Clostridia,Lachnospirales,Lachnospiraceae,Lachnospiraceae_UCG-010,None,0.006815968841285297
Bacteria,Firmicutes,Clostridia,Clostridiales,Ruminococcaceae,PAC001313,PAC001649,Bacteria,Firmicutes,Clostridia,Lachnospirales,Lachnospiraceae,Marvinbryantia,None,0.006815968841285297
Bacteria,Firmicutes,Clostridia,Clostridiales,Ruminococcaceae,PAC001313,PAC001649,Bacteria,Firmicutes,Clostridia,Lachnospirales,Lachnospiraceae,Marvinbryantia,unidentified,0.007789678675754625
Bacteria,Firmicutes,Clostridia,Clostridiales,Ruminococcaceae,PAC001313,PAC001649,Bacteria,Firmicutes,Clostridia,Lachnospirales,Lachnospiraceae,Roseburia,None,0.006815968841285297
Bacteria,Firmicutes,Clostridia,Clostridiales,Ruminococcaceae,PAC001313,PAC001649,Bacteria,Firmicutes,Clostridia,Lachnospirales,Lachnospiraceae,Roseburia,gut_metagenome,0.007789678675754625
Bacteria,Firmicutes,Clostridia,Clostridiales,Ruminococcaceae,PAC001313,PAC001649,Bacteria,Firmicutes,Clostridia,Lachnospirales,Lachnospiraceae,Tuzzerella,None,0.006815968841285297
Bacteria,Firmicutes,Clostridia,Clostridiales,Ruminococcaceae,PAC001313,PAC001649,Bacteria,Firmicutes,Clostridia,Lachnospirales,Lachnospiraceae,Tyzzerella,None,0.006815968841285297
Bacteria,Firmicutes,Clostridia,Clostridiales,Ruminococcaceae,PAC001313,PAC001649,Bacteria,Firmicutes,Clostridia,Lachnospirales,Lachnospiraceae,Eubacterium_hallii_group,None,0.006815968841285297
Bacteria,Firmicutes,Clostridia,Clostridiales,Ruminococcaceae,PAC001313,PAC001649,Bacteria,Firmicutes,Clostridia,Lachnospirales,Lachnospiraceae,Eubacterium_ventriosum_group,metagenome,0.007789678675754625
Bacteria,Firmicutes,Clostridia,Clostridiales,Ruminococcaceae,PAC001313,PAC001649,Bacteria,Firmicutes,Clostridia,Lachnospirales,Lachnospiraceae,Ruminococcus_gauvreauii_group,uncultured_Lachnospiraceae_bacterium,0.007789678675754625
Bacteria,Firmicutes,Clostridia,Clostridiales,Ruminococcaceae,PAC001313,PAC001649,Bacteria,Firmicutes,Clostridia,Lachnospirales,Lachnospiraceae,Ruminococcus_gnavus_group,None,0.006815968841285297
Bacteria,Firmicutes,Clostridia,Clostridiales,Ruminococcaceae,PAC001313,PAC001649,Bacteria,Firmicutes,Clostridia,Lachnospirales,Lachnospiraceae,Ruminococcus_torques_group,Clostridiaceae_bacterium_LEMV78,0.007789678675754625
Bacteria,Firmicutes,Clostridia,Clostridiales,Ruminococcaceae,PAC001313,PAC001649,Bacteria,Firmicutes,Clostridia,Lachnospirales,Lachnospiraceae,Ruminococcus_torques_group,None,0.006815968841285297
Bacteria,Firmicutes,Clostridia,Clostridiales,Ruminococcaceae,PAC001313,PAC001649,Bacteria,Firmicutes,Clostridia,Lachnospirales,Lachnospiraceae,None,None,0.005842259006815969
Bacteria,Firmicutes,Clostridia,Clostridiales,Ruminococcaceae,PAC001313,PAC001649,Bacteria,Firmicutes,Clostridia,Lachnospirales,Lachnospiraceae,uncultured,None,0.006815968841285297
Bacteria,Firmicutes,Clostridia,Clostridiales,Ruminococcaceae,PAC001313,PAC001649,Bacteria,Firmicutes,Clostridia,Monoglobales,Monoglobaceae,Monoglobus,None,0.006815968841285297
Bacteria,Firmicutes,Clostridia,Clostridiales,Ruminococcaceae,PAC001313,PAC001649,Bacteria,Firmicutes,Clostridia,Oscillospirales,Butyricicoccaceae,Butyricicoccus,None,0.006815968841285297
Bacteria,Firmicutes,Clostridia,Clostridiales,Ruminococcaceae,PAC001313,PAC001649,Bacteria,Firmicutes,Clostridia,Oscillospirales,Hydrogenoanaerobacterium,None,None,0.005842259006815969
Bacteria,Firmicutes,Clostridia,Clostridiales,Ruminococcaceae,PAC001313,PAC001649,Bacteria,Firmicutes,Clostridia,Oscillospirales,Oscillospiraceae,Colidextribacter,None,0.006815968841285297
Bacteria,Firmicutes,Clostridia,Clostridiales,Ruminococcaceae,PAC001313,PAC001649,Bacteria,Firmicutes,Clostridia,Oscillospirales,Oscillospiraceae,Colidextribacter,metagenome,0.007789678675754625
Bacteria,Firmicutes,Clostridia,Clostridiales,Ruminococcaceae,PAC001313,PAC001649,Bacteria,Firmicutes,Clostridia,Oscillospirales,Oscillospiraceae,Flavonifractor,None,0.006815968841285297
Bacteria,Firmicutes,Clostridia,Clostridiales,Ruminococcaceae,PAC001313,PAC001649,Bacteria,Firmicutes,Clostridia,Oscillospirales,Oscillospiraceae,Intestinimonas,None,0.006815968841285297
Bacteria,Firmicutes,Clostridia,Clostridiales,Ruminococcaceae,PAC001313,PAC001649,Bacteria,Firmicutes,Clostridia,Oscillospirales,Oscillospiraceae,Intestinimonas,uncultured,0.007789678675754625
Bacteria,Firmicutes,Clostridia,Clostridiales,Ruminococcaceae,PAC001313,PAC001649,Bacteria,Firmicutes,Clostridia,Oscillospirales,Oscillospiraceae,NK4A214_group,None,0.006815968841285297
Bacteria,Firmicutes,Clostridia,Clostridiales,Ruminococcaceae,PAC001313,PAC001649,Bacteria,Firmicutes,Clostridia,Oscillospirales,Oscillospiraceae,Oscillibacter,None,0.006815968841285297
Bacteria,Firmicutes,Clostridia,Clostridiales,Ruminococcaceae,PAC001313,PAC001649,Bacteria,Firmicutes,Clostridia,Oscillospirales,Oscillospiraceae,Oscillibacter,metagenome,0.007789678675754625
Bacteria,Firmicutes,Clostridia,Clostridiales,Ruminococcaceae,PAC001313,PAC001649,Bacteria,Firmicutes,Clostridia,Oscillospirales,Oscillospiraceae,Oscillospira,None,0.006815968841285297
Bacteria,Firmicutes,Clostridia,Clostridiales,Ruminococcaceae,PAC001313,PAC001649,Bacteria,Firmicutes,Clostridia,Oscillospirales,Oscillospiraceae,UCG-002,None,0.006815968841285297
Bacteria,Firmicutes,Clostridia,Clostridiales,Ruminococcaceae,PAC001313,PAC001649,Bacteria,Firmicutes,Clostridia,Oscillospirales,Oscillospiraceae,UCG-003,None,0.006815968841285297
Bacteria,Firmicutes,Clostridia,Clostridiales,Ruminococcaceae,PAC001313,PAC001649,Bacteria,Firmicutes,Clostridia,Oscillospirales,Oscillospiraceae,UCG-005,None,0.006815968841285297
Bacteria,Firmicutes,Clostridia,Clostridiales,Ruminococcaceae,PAC001313,PAC001649,Bacteria,Firmicutes,Clostridia,Oscillospirales,Oscillospiraceae,UCG-005,metagenome,0.007789678675754625
Bacteria,Firmicutes,Clostridia,Clostridiales,Ruminococcaceae,PAC001313,PAC001649,Bacteria,Firmicutes,Clostridia,Oscillospirales,Oscillospiraceae,UCG-005,uncultured_Clostridiales_bacterium,0.007789678675754625
Bacteria,Firmicutes,Clostridia,Clostridiales,Ruminococcaceae,PAC001313,PAC001649,Bacteria,Firmicutes,Clostridia,Oscillospirales,Oscillospiraceae,UCG-005,uncultured_rumen_bacterium,0.007789678675754625
Bacteria,Firmicutes,Clostridia,Clostridiales,Ruminococcaceae,PAC001313,PAC001649,Bacteria,Firmicutes,Clostridia,Oscillospirales,Oscillospiraceae,None,None,0.005842259006815969
Bacteria,Firmicutes,Clostridia,Clostridiales,Ruminococcaceae,PAC001313,PAC001649,Bacteria,Firmicutes,Clostridia,Oscillospirales,Oscillospiraceae,uncultured,metagenome,0.007789678675754625
Bacteria,Firmicutes,Clostridia,Clostridiales,Ruminococcaceae,PAC001313,PAC001649,Bacteria,Firmicutes,Clostridia,Oscillospirales,Oscillospiraceae,uncultured,unidentified,0.007789678675754625
Bacteria,Firmicutes,Clostridia,Clostridiales,Ruminococcaceae,PAC001313,PAC001649,Bacteria,Firmicutes,Clostridia,Oscillospirales,Ruminococcaceae,Anaerofilum,uncultured_Firmicutes_bacterium,0.007789678675754625
Bacteria,Firmicutes,Clostridia,Clostridiales,Ruminococcaceae,PAC001313,PAC001649,Bacteria,Firmicutes,Clostridia,Oscillospirales,Ruminococcaceae,Anaerotruncus,Anaerotruncus_rubiinfantis,0.007789678675754625
Bacteria,Firmicutes,Clostridia,Clostridiales,Ruminococcaceae,PAC001313,PAC001649,Bacteria,Firmicutes,Clostridia,Oscillospirales,Ruminococcaceae,Anaerotruncus,Anaerotruncus_sp._NML_070203,0.007789678675754625
Bacteria,Firmicutes,Clostridia,Clostridiales,Ruminococcaceae,PAC001313,PAC001649,Bacteria,Firmicutes,Clostridia,Oscillospirales,Ruminococcaceae,Candidatus_Soleaferrea,Neobitarella_massiliensis,0.007789678675754625
Bacteria,Firmicutes,Clostridia,Clostridiales,Ruminococcaceae,PAC001313,PAC001649,Bacteria,Firmicutes,Clostridia,Oscillospirales,Ruminococcaceae,Candidatus_Soleaferrea,None,0.006815968841285297
Bacteria,Firmicutes,Clostridia,Clostridiales,Ruminococcaceae,PAC001313,PAC001649,Bacteria,Firmicutes,Clostridia,Oscillospirales,Ruminococcaceae,DTU089,None,0.006815968841285297
Bacteria,Firmicutes,Clostridia,Clostridiales,Ruminococcaceae,PAC001313,PAC001649,Bacteria,Firmicutes,Clostridia,Oscillospirales,Ruminococcaceae,Faecalibacterium,None,0.006815968841285297
Bacteria,Firmicutes,Clostridia,Clostridiales,Ruminococcaceae,PAC001313,PAC001649,Bacteria,Firmicutes,Clostridia,Oscillospirales,Ruminococcaceae,Fournierella,uncultured_organism,0.007789678675754625
Bacteria,Firmicutes,Clostridia,Clostridiales,Ruminococcaceae,PAC001313,PAC001649,Bacteria,Firmicutes,Clostridia,Oscillospirales,Ruminococcaceae,Incertae_Sedis,metagenome,0.007789678675754625
Bacteria,Firmicutes,Clostridia,Clostridiales,Ruminococcaceae,PAC001313,PAC001649,Bacteria,Firmicutes,Clostridia,Oscillospirales,Ruminococcaceae,Incertae_Sedis,None,0.006815968841285297
Bacteria,Firmicutes,Clostridia,Clostridiales,Ruminococcaceae,PAC001313,PAC001649,Bacteria,Firmicutes,Clostridia,Oscillospirales,Ruminococcaceae,Negativibacillus,None,0.006815968841285297
Bacteria,Firmicutes,Clostridia,Clostridiales,Ruminococcaceae,PAC001313,PAC001649,Bacteria,Firmicutes,Clostridia,Oscillospirales,Ruminococcaceae,Ruminococcus,Ruminococcus_champanellensis,0.007789678675754625
Bacteria,Firmicutes,Clostridia,Clostridiales,Ruminococcaceae,PAC001313,PAC001649,Bacteria,Firmicutes,Clostridia,Oscillospirales,Ruminococcaceae,Ruminococcus,None,0.006815968841285297
Bacteria,Firmicutes,Clostridia,Clostridiales,Ruminococcaceae,PAC001313,PAC001649,Bacteria,Firmicutes,Clostridia,Oscillospirales,Ruminococcaceae,Subdoligranulum,None,0.006815968841285297
Bacteria,Firmicutes,Clostridia,Clostridiales,Ruminococcaceae,PAC001313,PAC001649,Bacteria,Firmicutes,Clostridia,Oscillospirales,Ruminococcaceae,UBA1819,None,0.006815968841285297
Bacteria,Firmicutes,Clostridia,Clostridiales,Ruminococcaceae,PAC001313,PAC001649,Bacteria,Firmicutes,Clostridia,Oscillospirales,Ruminococcaceae,Eubacterium_siraeum_group,None,0.006815968841285297
Bacteria,Firmicutes,Clostridia,Clostridiales,Ruminococcaceae,PAC001313,PAC001649,Bacteria,Firmicutes,Clostridia,Oscillospirales,Ruminococcaceae,None,None,0.005842259006815969
Bacteria,Firmicutes,Clostridia,Clostridiales,Ruminococcaceae,PAC001313,PAC001649,Bacteria,Firmicutes,Clostridia,Oscillospirales,UCG-010,None,None,0.005842259006815969
Bacteria,Firmicutes,Clostridia,Clostridiales,Ruminococcaceae,PAC001313,PAC001649,Bacteria,Firmicutes,Clostridia,Oscillospirales,UCG-010,metagenome,None,0.006815968841285297
Bacteria,Firmicutes,Clostridia,Clostridiales,Ruminococcaceae,PAC001313,PAC001649,Bacteria,Firmicutes,Clostridia,Oscillospirales,UCG-010,uncultured_bacterium,None,0.006815968841285297
Bacteria,Firmicutes,Clostridia,Clostridiales,Ruminococcaceae,PAC001313,PAC001649,Bacteria,Firmicutes,Clostridia,Oscillospirales,UCG-010,uncultured_organism,None,0.006815968841285297
Bacteria,Firmicutes,Clostridia,Clostridiales,Ruminococcaceae,PAC001313,PAC001649,Bacteria,Firmicutes,Clostridia,Oscillospirales,Clostridium_methylpentosum_group,None,None,0.005842259006815969
Bacteria,Firmicutes,Clostridia,Clostridiales,Ruminococcaceae,PAC001313,PAC001649,Bacteria,Firmicutes,Clostridia,Oscillospirales,Eubacterium_coprostanoligenes_group,None,None,0.005842259006815969
Bacteria,Firmicutes,Clostridia,Clostridiales,Ruminococcaceae,PAC001313,PAC001649,Bacteria,Firmicutes,Clostridia,Oscillospirales,None,None,None,0.004868549172346641
Bacteria,Firmicutes,Clostridia,Clostridiales,Ruminococcaceae,PAC001313,PAC001649,Bacteria,Firmicutes,Clostridia,Peptococcales,Peptococcaceae,uncultured,None,0.006815968841285297
Bacteria,Firmicutes,Clostridia,Clostridiales,Ruminococcaceae,PAC001313,PAC001649,Bacteria,Firmicutes,Clostridia,Peptostreptococcales-Tissierellales,Anaerovoracaceae,Family_XIII_AD3011_group,metagenome,0.007789678675754625
Bacteria,Firmicutes,Clostridia,Clostridiales,Ruminococcaceae,PAC001313,PAC001649,Bacteria,Firmicutes,Clostridia,Peptostreptococcales-Tissierellales,Anaerovoracaceae,Family_XIII_AD3011_group,None,0.006815968841285297
Bacteria,Firmicutes,Clostridia,Clostridiales,Ruminococcaceae,PAC001313,PAC001649,Bacteria,Firmicutes,Clostridia,Peptostreptococcales-Tissierellales,Anaerovoracaceae,Family_XIII_AD3011_group,uncultured,0.007789678675754625
Bacteria,Firmicutes,Clostridia,Clostridiales,Ruminococcaceae,PAC001313,PAC001649,Bacteria,Firmicutes,Clostridia,Peptostreptococcales-Tissierellales,Anaerovoracaceae,Family_XIII_UCG-001,metagenome,0.007789678675754625
Bacteria,Firmicutes,Clostridia,Clostridiales,Ruminococcaceae,PAC001313,PAC001649,Bacteria,Firmicutes,Clostridia,Peptostreptococcales-Tissierellales,Anaerovoracaceae,Eubacterium_nodatum_group,None,0.006815968841285297
Bacteria,Firmicutes,Clostridia,Clostridiales,Ruminococcaceae,PAC001313,PAC001649,Bacteria,Firmicutes,Clostridia,Peptostreptococcales-Tissierellales,Anaerovoracaceae,None,None,0.005842259006815969
Bacteria,Firmicutes,Clostridia,Clostridiales,Ruminococcaceae,PAC001313,PAC001649,Bacteria,Firmicutes,Clostridia,Peptostreptococcales-Tissierellales,Parvimonas,None,None,0.005842259006815969
Bacteria,Firmicutes,Clostridia,Clostridiales,Ruminococcaceae,PAC001313,PAC001649,Bacteria,Firmicutes,Clostridia,None,None,None,None,0.0038948393378773127
Bacteria,Firmicutes,Clostridia,Clostridiales,Ruminococcaceae,PAC001313,PAC001649,Bacteria,Firmicutes,Incertae_Sedis,DTU014,unidentified,None,None,0.007789678675754625
Bacteria,Firmicutes,Clostridia,Clostridiales,Ruminococcaceae,PAC001313,PAC001649,Bacteria,Firmicutes,Limnochordia,M55-D21,uncultured_compost_bacterium,None,None,0.007789678675754625
Bacteria,Firmicutes,Clostridia,Clostridiales,Ruminococcaceae,PAC001313,PAC001649,Bacteria,Firmicutes,Negativicutes,Acidaminococcales,Acidaminococcaceae,Phascolarctobacterium,None,0.008763388510223954
Bacteria,Firmicutes,Clostridia,Clostridiales,Ruminococcaceae,PAC001313,PAC001649,Bacteria,Firmicutes,None,None,None,None,None,0.004868549172346641
Bacteria,Firmicutes,Clostridia,Clostridiales,Ruminococcaceae,PAC001313,PAC001649,Bacteria,Firmicutes,uncultured,uncultured_Peptococcaceae_bacterium,None,None,None,0.006815968841285297
Bacteria,Firmicutes,Clostridia,Clostridiales,Ruminococcaceae,PAC001313,PAC001649,Bacteria,Proteobacteria,Alphaproteobacteria,Rhodospirillales,uncultured,None,None,0.009737098344693282
Bacteria,Firmicutes,Clostridia,Clostridiales,Ruminococcaceae,PAC001313,PAC001649,Bacteria,Proteobacteria,Gammaproteobacteria,Burkholderiales,Sutterellaceae,Sutterella,Sutterella_sp._252,0.011684518013631937
Bacteria,Firmicutes,Clostridia,Clostridiales,Ruminococcaceae,PAC001313,PAC001649,Bacteria,Proteobacteria,Gammaproteobacteria,Enterobacterales,Enterobacteriaceae,Escherichia-Shigella,None,0.010710808179162609
Bacteria,Firmicutes,Clostridia,Clostridiales,Ruminococcaceae,PAC001313,PAC001649,Bacteria,Proteobacteria,Gammaproteobacteria,Enterobacterales,Enterobacteriaceae,Klebsiella,None,0.010710808179162609
Bacteria,Firmicutes,Clostridia,Clostridiales,Ruminococcaceae,PAC001313,PAC001649,Bacteria,Proteobacteria,Gammaproteobacteria,Enterobacterales,Enterobacteriaceae,None,None,0.009737098344693282
Bacteria,Firmicutes,Clostridia,Clostridiales,Ruminococcaceae,PAC001313,PAC001649,Bacteria,Proteobacteria,Gammaproteobacteria,Pseudomonadales,Pseudomonadaceae,Pseudomonas,None,0.010710808179162609
Bacteria,Firmicutes,Clostridia,Clostridiales,Ruminococcaceae,PAC001313,PAC001649,Bacteria,Synergistota,Synergistia,Synergistales,Synergistaceae,Cloacibacillus,None,0.010710808179162609
Bacteria,Firmicutes,Clostridia,Clostridiales,Ruminococcaceae,PAC001313,PAC001649,Bacteria,Verrucomicrobiota,Verrucomicrobiae,Verrucomicrobiales,Akkermansiaceae,Akkermansia,None,0.010710808179162609
Bacteria,Firmicutes,Clostridia,Clostridiales,Ruminococcaceae,PAC002201,PAC002201,Bacteria,Firmicutes,Clostridia,Eubacteriales,Eubacteriaceae,Eubacterium,None,0.006815968841285297
Bacteria,Firmicutes,Clostridia,Clostridiales,Ruminococcaceae,PAC002201,PAC002201,Bacteria,Firmicutes,Clostridia,Lachnospirales,Lachnospiraceae,Agathobacter,None,0.006815968841285297
Bacteria,Firmicutes,Clostridia,Clostridiales,Ruminococcaceae,PAC002201,PAC002201,Bacteria,Firmicutes,Clostridia,Lachnospirales,Lachnospiraceae,Anaerostipes,None,0.006815968841285297
Bacteria,Firmicutes,Clostridia,Clostridiales,Ruminococcaceae,PAC002201,PAC002201,Bacteria,Firmicutes,Clostridia,Lachnospirales,Lachnospiraceae,Blautia,None,0.006815968841285297
Bacteria,Firmicutes,Clostridia,Clostridiales,Ruminococcaceae,PAC002201,PAC002201,Bacteria,Firmicutes,Clostridia,Lachnospirales,Lachnospiraceae,Blautia,bacterium_mpn-isolate_group_20,0.007789678675754625
Bacteria,Firmicutes,Clostridia,Clostridiales,Ruminococcaceae,PAC002201,PAC002201,Bacteria,Firmicutes,Clostridia,Lachnospirales,Lachnospiraceae,Blautia,uncultured_Blautia_sp.,0.007789678675754625
Bacteria,Firmicutes,Clostridia,Clostridiales,Ruminococcaceae,PAC002201,PAC002201,Bacteria,Firmicutes,Clostridia,Lachnospirales,Lachnospiraceae,Coprococcus,None,0.006815968841285297
Bacteria,Firmicutes,Clostridia,Clostridiales,Ruminococcaceae,PAC002201,PAC002201,Bacteria,Firmicutes,Clostridia,Lachnospirales,Lachnospiraceae,Coprococcus,uncultured_Coprococcus_sp.,0.007789678675754625
Bacteria,Firmicutes,Clostridia,Clostridiales,Ruminococcaceae,PAC002201,PAC002201,Bacteria,Firmicutes,Clostridia,Lachnospirales,Lachnospiraceae,Dorea,None,0.006815968841285297
Bacteria,Firmicutes,Clostridia,Clostridiales,Ruminococcaceae,PAC002201,PAC002201,Bacteria,Firmicutes,Clostridia,Lachnospirales,Lachnospiraceae,Eisenbergiella,None,0.006815968841285297
Bacteria,Firmicutes,Clostridia,Clostridiales,Ruminococcaceae,PAC002201,PAC002201,Bacteria,Firmicutes,Clostridia,Lachnospirales,Lachnospiraceae,Frisingicoccus,None,0.006815968841285297
Bacteria,Firmicutes,Clostridia,Clostridiales,Ruminococcaceae,PAC002201,PAC002201,Bacteria,Firmicutes,Clostridia,Lachnospirales,Lachnospiraceae,Fusicatenibacter,uncultured_Lachnospiraceae_bacterium,0.007789678675754625
Bacteria,Firmicutes,Clostridia,Clostridiales,Ruminococcaceae,PAC002201,PAC002201,Bacteria,Firmicutes,Clostridia,Lachnospirales,Lachnospiraceae,GCA-900066575,None,0.006815968841285297
Bacteria,Firmicutes,Clostridia,Clostridiales,Ruminococcaceae,PAC002201,PAC002201,Bacteria,Firmicutes,Clostridia,Lachnospirales,Lachnospiraceae,GCA-900066575,metagenome,0.007789678675754625
Bacteria,Firmicutes,Clostridia,Clostridiales,Ruminococcaceae,PAC002201,PAC002201,Bacteria,Firmicutes,Clostridia,Lachnospirales,Lachnospiraceae,GCA-900066755,None,0.006815968841285297
Bacteria,Firmicutes,Clostridia,Clostridiales,Ruminococcaceae,PAC002201,PAC002201,Bacteria,Firmicutes,Clostridia,Lachnospirales,Lachnospiraceae,Hungatella,metagenome,0.007789678675754625
Bacteria,Firmicutes,Clostridia,Clostridiales,Ruminococcaceae,PAC002201,PAC002201,Bacteria,Firmicutes,Clostridia,Lachnospirales,Lachnospiraceae,Lachnoclostridium,Clostridium_symbiosum,0.007789678675754625
Bacteria,Firmicutes,Clostridia,Clostridiales,Ruminococcaceae,PAC002201,PAC002201,Bacteria,Firmicutes,Clostridia,Lachnospirales,Lachnospiraceae,Lachnoclostridium,None,0.006815968841285297
Bacteria,Firmicutes,Clostridia,Clostridiales,Ruminococcaceae,PAC002201,PAC002201,Bacteria,Firmicutes,Clostridia,Lachnospirales,Lachnospiraceae,Lachnoclostridium,uncultured_Lachnospiraceae_bacterium,0.007789678675754625
Bacteria,Firmicutes,Clostridia,Clostridiales,Ruminococcaceae,PAC002201,PAC002201,Bacteria,Firmicutes,Clostridia,Lachnospirales,Lachnospiraceae,Lachnospiraceae_ND3007_group,metagenome,0.007789678675754625
Bacteria,Firmicutes,Clostridia,Clostridiales,Ruminococcaceae,PAC002201,PAC002201,Bacteria,Firmicutes,Clostridia,Lachnospirales,Lachnospiraceae,Lachnospiraceae_NK4A136_group,None,0.006815968841285297
Bacteria,Firmicutes,Clostridia,Clostridiales,Ruminococcaceae,PAC002201,PAC002201,Bacteria,Firmicutes,Clostridia,Lachnospirales,Lachnospiraceae,Lachnospiraceae_NK4A136_group,uncultured_Lachnospiraceae_bacterium,0.007789678675754625
Bacteria,Firmicutes,Clostridia,Clostridiales,Ruminococcaceae,PAC002201,PAC002201,Bacteria,Firmicutes,Clostridia,Lachnospirales,Lachnospiraceae,Lachnospiraceae_NK4A136_group,uncultured_bacterium_Adhufec49.25,0.007789678675754625
Bacteria,Firmicutes,Clostridia,Clostridiales,Ruminococcaceae,PAC002201,PAC002201,Bacteria,Firmicutes,Clostridia,Lachnospirales,Lachnospiraceae,Lachnospiraceae_NK4B4_group,None,0.006815968841285297
Bacteria,Firmicutes,Clostridia,Clostridiales,Ruminococcaceae,PAC002201,PAC002201,Bacteria,Firmicutes,Clostridia,Lachnospirales,Lachnospiraceae,Lachnospiraceae_UCG-001,metagenome,0.007789678675754625
Bacteria,Firmicutes,Clostridia,Clostridiales,Ruminococcaceae,PAC002201,PAC002201,Bacteria,Firmicutes,Clostridia,Lachnospirales,Lachnospiraceae,Lachnospiraceae_UCG-004,None,0.006815968841285297
Bacteria,Firmicutes,Clostridia,Clostridiales,Ruminococcaceae,PAC002201,PAC002201,Bacteria,Firmicutes,Clostridia,Lachnospirales,Lachnospiraceae,Lachnospiraceae_UCG-008,metagenome,0.007789678675754625
Bacteria,Firmicutes,Clostridia,Clostridiales,Ruminococcaceae,PAC002201,PAC002201,Bacteria,Firmicutes,Clostridia,Lachnospirales,Lachnospiraceae,Lachnospiraceae_UCG-010,None,0.006815968841285297
Bacteria,Firmicutes,Clostridia,Clostridiales,Ruminococcaceae,PAC002201,PAC002201,Bacteria,Firmicutes,Clostridia,Lachnospirales,Lachnospiraceae,Marvinbryantia,None,0.006815968841285297
Bacteria,Firmicutes,Clostridia,Clostridiales,Ruminococcaceae,PAC002201,PAC002201,Bacteria,Firmicutes,Clostridia,Lachnospirales,Lachnospiraceae,Marvinbryantia,unidentified,0.007789678675754625
Bacteria,Firmicutes,Clostridia,Clostridiales,Ruminococcaceae,PAC002201,PAC002201,Bacteria,Firmicutes,Clostridia,Lachnospirales,Lachnospiraceae,Roseburia,None,0.006815968841285297
Bacteria,Firmicutes,Clostridia,Clostridiales,Ruminococcaceae,PAC002201,PAC002201,Bacteria,Firmicutes,Clostridia,Lachnospirales,Lachnospiraceae,Roseburia,gut_metagenome,0.007789678675754625
Bacteria,Firmicutes,Clostridia,Clostridiales,Ruminococcaceae,PAC002201,PAC002201,Bacteria,Firmicutes,Clostridia,Lachnospirales,Lachnospiraceae,Tuzzerella,None,0.006815968841285297
Bacteria,Firmicutes,Clostridia,Clostridiales,Ruminococcaceae,PAC002201,PAC002201,Bacteria,Firmicutes,Clostridia,Lachnospirales,Lachnospiraceae,Tyzzerella,None,0.006815968841285297
Bacteria,Firmicutes,Clostridia,Clostridiales,Ruminococcaceae,PAC002201,PAC002201,Bacteria,Firmicutes,Clostridia,Lachnospirales,Lachnospiraceae,Eubacterium_hallii_group,None,0.006815968841285297
Bacteria,Firmicutes,Clostridia,Clostridiales,Ruminococcaceae,PAC002201,PAC002201,Bacteria,Firmicutes,Clostridia,Lachnospirales,Lachnospiraceae,Eubacterium_ventriosum_group,metagenome,0.007789678675754625
Bacteria,Firmicutes,Clostridia,Clostridiales,Ruminococcaceae,PAC002201,PAC002201,Bacteria,Firmicutes,Clostridia,Lachnospirales,Lachnospiraceae,Ruminococcus_gauvreauii_group,uncultured_Lachnospiraceae_bacterium,0.007789678675754625
Bacteria,Firmicutes,Clostridia,Clostridiales,Ruminococcaceae,PAC002201,PAC002201,Bacteria,Firmicutes,Clostridia,Lachnospirales,Lachnospiraceae,Ruminococcus_gnavus_group,None,0.006815968841285297
Bacteria,Firmicutes,Clostridia,Clostridiales,Ruminococcaceae,PAC002201,PAC002201,Bacteria,Firmicutes,Clostridia,Lachnospirales,Lachnospiraceae,Ruminococcus_torques_group,Clostridiaceae_bacterium_LEMV78,0.007789678675754625
Bacteria,Firmicutes,Clostridia,Clostridiales,Ruminococcaceae,PAC002201,PAC002201,Bacteria,Firmicutes,Clostridia,Lachnospirales,Lachnospiraceae,Ruminococcus_torques_group,None,0.006815968841285297
Bacteria,Firmicutes,Clostridia,Clostridiales,Ruminococcaceae,PAC002201,PAC002201,Bacteria,Firmicutes,Clostridia,Lachnospirales,Lachnospiraceae,None,None,0.005842259006815969
Bacteria,Firmicutes,Clostridia,Clostridiales,Ruminococcaceae,PAC002201,PAC002201,Bacteria,Firmicutes,Clostridia,Lachnospirales,Lachnospiraceae,uncultured,None,0.006815968841285297
Bacteria,Firmicutes,Clostridia,Clostridiales,Ruminococcaceae,PAC002201,PAC002201,Bacteria,Firmicutes,Clostridia,Monoglobales,Monoglobaceae,Monoglobus,None,0.006815968841285297
Bacteria,Firmicutes,Clostridia,Clostridiales,Ruminococcaceae,PAC002201,PAC002201,Bacteria,Firmicutes,Clostridia,Oscillospirales,Butyricicoccaceae,Butyricicoccus,None,0.006815968841285297
Bacteria,Firmicutes,Clostridia,Clostridiales,Ruminococcaceae,PAC002201,PAC002201,Bacteria,Firmicutes,Clostridia,Oscillospirales,Hydrogenoanaerobacterium,None,None,0.005842259006815969
Bacteria,Firmicutes,Clostridia,Clostridiales,Ruminococcaceae,PAC002201,PAC002201,Bacteria,Firmicutes,Clostridia,Oscillospirales,Oscillospiraceae,Colidextribacter,None,0.006815968841285297
Bacteria,Firmicutes,Clostridia,Clostridiales,Ruminococcaceae,PAC002201,PAC002201,Bacteria,Firmicutes,Clostridia,Oscillospirales,Oscillospiraceae,Colidextribacter,metagenome,0.007789678675754625
Bacteria,Firmicutes,Clostridia,Clostridiales,Ruminococcaceae,PAC002201,PAC002201,Bacteria,Firmicutes,Clostridia,Oscillospirales,Oscillospiraceae,Flavonifractor,None,0.006815968841285297
Bacteria,Firmicutes,Clostridia,Clostridiales,Ruminococcaceae,PAC002201,PAC002201,Bacteria,Firmicutes,Clostridia,Oscillospirales,Oscillospiraceae,Intestinimonas,None,0.006815968841285297
Bacteria,Firmicutes,Clostridia,Clostridiales,Ruminococcaceae,PAC002201,PAC002201,Bacteria,Firmicutes,Clostridia,Oscillospirales,Oscillospiraceae,Intestinimonas,uncultured,0.007789678675754625
Bacteria,Firmicutes,Clostridia,Clostridiales,Ruminococcaceae,PAC002201,PAC002201,Bacteria,Firmicutes,Clostridia,Oscillospirales,Oscillospiraceae,NK4A214_group,None,0.006815968841285297
Bacteria,Firmicutes,Clostridia,Clostridiales,Ruminococcaceae,PAC002201,PAC002201,Bacteria,Firmicutes,Clostridia,Oscillospirales,Oscillospiraceae,Oscillibacter,None,0.006815968841285297
Bacteria,Firmicutes,Clostridia,Clostridiales,Ruminococcaceae,PAC002201,PAC002201,Bacteria,Firmicutes,Clostridia,Oscillospirales,Oscillospiraceae,Oscillibacter,metagenome,0.007789678675754625
Bacteria,Firmicutes,Clostridia,Clostridiales,Ruminococcaceae,PAC002201,PAC002201,Bacteria,Firmicutes,Clostridia,Oscillospirales,Oscillospiraceae,Oscillospira,None,0.006815968841285297
Bacteria,Firmicutes,Clostridia,Clostridiales,Ruminococcaceae,PAC002201,PAC002201,Bacteria,Firmicutes,Clostridia,Oscillospirales,Oscillospiraceae,UCG-002,None,0.006815968841285297
Bacteria,Firmicutes,Clostridia,Clostridiales,Ruminococcaceae,PAC002201,PAC002201,Bacteria,Firmicutes,Clostridia,Oscillospirales,Oscillospiraceae,UCG-003,None,0.006815968841285297
Bacteria,Firmicutes,Clostridia,Clostridiales,Ruminococcaceae,PAC002201,PAC002201,Bacteria,Firmicutes,Clostridia,Oscillospirales,Oscillospiraceae,UCG-005,None,0.006815968841285297
Bacteria,Firmicutes,Clostridia,Clostridiales,Ruminococcaceae,PAC002201,PAC002201,Bacteria,Firmicutes,Clostridia,Oscillospirales,Oscillospiraceae,UCG-005,metagenome,0.007789678675754625
Bacteria,Firmicutes,Clostridia,Clostridiales,Ruminococcaceae,PAC002201,PAC002201,Bacteria,Firmicutes,Clostridia,Oscillospirales,Oscillospiraceae,UCG-005,uncultured_Clostridiales_bacterium,0.007789678675754625
Bacteria,Firmicutes,Clostridia,Clostridiales,Ruminococcaceae,PAC002201,PAC002201,Bacteria,Firmicutes,Clostridia,Oscillospirales,Oscillospiraceae,UCG-005,uncultured_rumen_bacterium,0.007789678675754625
Bacteria,Firmicutes,Clostridia,Clostridiales,Ruminococcaceae,PAC002201,PAC002201,Bacteria,Firmicutes,Clostridia,Oscillospirales,Oscillospiraceae,None,None,0.005842259006815969
Bacteria,Firmicutes,Clostridia,Clostridiales,Ruminococcaceae,PAC002201,PAC002201,Bacteria,Firmicutes,Clostridia,Oscillospirales,Oscillospiraceae,uncultured,metagenome,0.007789678675754625
Bacteria,Firmicutes,Clostridia,Clostridiales,Ruminococcaceae,PAC002201,PAC002201,Bacteria,Firmicutes,Clostridia,Oscillospirales,Oscillospiraceae,uncultured,unidentified,0.007789678675754625
Bacteria,Firmicutes,Clostridia,Clostridiales,Ruminococcaceae,PAC002201,PAC002201,Bacteria,Firmicutes,Clostridia,Oscillospirales,Ruminococcaceae,Anaerofilum,uncultured_Firmicutes_bacterium,0.007789678675754625
Bacteria,Firmicutes,Clostridia,Clostridiales,Ruminococcaceae,PAC002201,PAC002201,Bacteria,Firmicutes,Clostridia,Oscillospirales,Ruminococcaceae,Anaerotruncus,Anaerotruncus_rubiinfantis,0.007789678675754625
Bacteria,Firmicutes,Clostridia,Clostridiales,Ruminococcaceae,PAC002201,PAC002201,Bacteria,Firmicutes,Clostridia,Oscillospirales,Ruminococcaceae,Anaerotruncus,Anaerotruncus_sp._NML_070203,0.007789678675754625
Bacteria,Firmicutes,Clostridia,Clostridiales,Ruminococcaceae,PAC002201,PAC002201,Bacteria,Firmicutes,Clostridia,Oscillospirales,Ruminococcaceae,Candidatus_Soleaferrea,Neobitarella_massiliensis,0.007789678675754625
Bacteria,Firmicutes,Clostridia,Clostridiales,Ruminococcaceae,PAC002201,PAC002201,Bacteria,Firmicutes,Clostridia,Oscillospirales,Ruminococcaceae,Candidatus_Soleaferrea,None,0.006815968841285297
Bacteria,Firmicutes,Clostridia,Clostridiales,Ruminococcaceae,PAC002201,PAC002201,Bacteria,Firmicutes,Clostridia,Oscillospirales,Ruminococcaceae,DTU089,None,0.006815968841285297
Bacteria,Firmicutes,Clostridia,Clostridiales,Ruminococcaceae,PAC002201,PAC002201,Bacteria,Firmicutes,Clostridia,Oscillospirales,Ruminococcaceae,Faecalibacterium,None,0.006815968841285297
Bacteria,Firmicutes,Clostridia,Clostridiales,Ruminococcaceae,PAC002201,PAC002201,Bacteria,Firmicutes,Clostridia,Oscillospirales,Ruminococcaceae,Fournierella,uncultured_organism,0.007789678675754625
Bacteria,Firmicutes,Clostridia,Clostridiales,Ruminococcaceae,PAC002201,PAC002201,Bacteria,Firmicutes,Clostridia,Oscillospirales,Ruminococcaceae,Incertae_Sedis,metagenome,0.007789678675754625
Bacteria,Firmicutes,Clostridia,Clostridiales,Ruminococcaceae,PAC002201,PAC002201,Bacteria,Firmicutes,Clostridia,Oscillospirales,Ruminococcaceae,Incertae_Sedis,None,0.006815968841285297
Bacteria,Firmicutes,Clostridia,Clostridiales,Ruminococcaceae,PAC002201,PAC002201,Bacteria,Firmicutes,Clostridia,Oscillospirales,Ruminococcaceae,Negativibacillus,None,0.006815968841285297
Bacteria,Firmicutes,Clostridia,Clostridiales,Ruminococcaceae,PAC002201,PAC002201,Bacteria,Firmicutes,Clostridia,Oscillospirales,Ruminococcaceae,Ruminococcus,Ruminococcus_champanellensis,0.007789678675754625
Bacteria,Firmicutes,Clostridia,Clostridiales,Ruminococcaceae,PAC002201,PAC002201,Bacteria,Firmicutes,Clostridia,Oscillospirales,Ruminococcaceae,Ruminococcus,None,0.006815968841285297
Bacteria,Firmicutes,Clostridia,Clostridiales,Ruminococcaceae,PAC002201,PAC002201,Bacteria,Firmicutes,Clostridia,Oscillospirales,Ruminococcaceae,Subdoligranulum,None,0.006815968841285297
Bacteria,Firmicutes,Clostridia,Clostridiales,Ruminococcaceae,PAC002201,PAC002201,Bacteria,Firmicutes,Clostridia,Oscillospirales,Ruminococcaceae,UBA1819,None,0.006815968841285297
Bacteria,Firmicutes,Clostridia,Clostridiales,Ruminococcaceae,PAC002201,PAC002201,Bacteria,Firmicutes,Clostridia,Oscillospirales,Ruminococcaceae,Eubacterium_siraeum_group,None,0.006815968841285297
Bacteria,Firmicutes,Clostridia,Clostridiales,Ruminococcaceae,PAC002201,PAC002201,Bacteria,Firmicutes,Clostridia,Oscillospirales,Ruminococcaceae,None,None,0.005842259006815969
Bacteria,Firmicutes,Clostridia,Clostridiales,Ruminococcaceae,PAC002201,PAC002201,Bacteria,Firmicutes,Clostridia,Oscillospirales,UCG-010,None,None,0.005842259006815969
Bacteria,Firmicutes,Clostridia,Clostridiales,Ruminococcaceae,PAC002201,PAC002201,Bacteria,Firmicutes,Clostridia,Oscillospirales,UCG-010,metagenome,None,0.006815968841285297
Bacteria,Firmicutes,Clostridia,Clostridiales,Ruminococcaceae,PAC002201,PAC002201,Bacteria,Firmicutes,Clostridia,Oscillospirales,UCG-010,uncultured_bacterium,None,0.006815968841285297
Bacteria,Firmicutes,Clostridia,Clostridiales,Ruminococcaceae,PAC002201,PAC002201,Bacteria,Firmicutes,Clostridia,Oscillospirales,UCG-010,uncultured_organism,None,0.006815968841285297
Bacteria,Firmicutes,Clostridia,Clostridiales,Ruminococcaceae,PAC002201,PAC002201,Bacteria,Firmicutes,Clostridia,Oscillospirales,Clostridium_methylpentosum_group,None,None,0.005842259006815969
Bacteria,Firmicutes,Clostridia,Clostridiales,Ruminococcaceae,PAC002201,PAC002201,Bacteria,Firmicutes,Clostridia,Oscillospirales,Eubacterium_coprostanoligenes_group,None,None,0.005842259006815969
Bacteria,Firmicutes,Clostridia,Clostridiales,Ruminococcaceae,PAC002201,PAC002201,Bacteria,Firmicutes,Clostridia,Oscillospirales,None,None,None,0.004868549172346641
Bacteria,Firmicutes,Clostridia,Clostridiales,Ruminococcaceae,PAC002201,PAC002201,Bacteria,Firmicutes,Clostridia,Peptococcales,Peptococcaceae,uncultured,None,0.006815968841285297
Bacteria,Firmicutes,Clostridia,Clostridiales,Ruminococcaceae,PAC002201,PAC002201,Bacteria,Firmicutes,Clostridia,Peptostreptococcales-Tissierellales,Anaerovoracaceae,Family_XIII_AD3011_group,metagenome,0.007789678675754625
Bacteria,Firmicutes,Clostridia,Clostridiales,Ruminococcaceae,PAC002201,PAC002201,Bacteria,Firmicutes,Clostridia,Peptostreptococcales-Tissierellales,Anaerovoracaceae,Family_XIII_AD3011_group,None,0.006815968841285297
Bacteria,Firmicutes,Clostridia,Clostridiales,Ruminococcaceae,PAC002201,PAC002201,Bacteria,Firmicutes,Clostridia,Peptostreptococcales-Tissierellales,Anaerovoracaceae,Family_XIII_AD3011_group,uncultured,0.007789678675754625
Bacteria,Firmicutes,Clostridia,Clostridiales,Ruminococcaceae,PAC002201,PAC002201,Bacteria,Firmicutes,Clostridia,Peptostreptococcales-Tissierellales,Anaerovoracaceae,Family_XIII_UCG-001,metagenome,0.007789678675754625
Bacteria,Firmicutes,Clostridia,Clostridiales,Ruminococcaceae,PAC002201,PAC002201,Bacteria,Firmicutes,Clostridia,Peptostreptococcales-Tissierellales,Anaerovoracaceae,Eubacterium_nodatum_group,None,0.006815968841285297
Bacteria,Firmicutes,Clostridia,Clostridiales,Ruminococcaceae,PAC002201,PAC002201,Bacteria,Firmicutes,Clostridia,Peptostreptococcales-Tissierellales,Anaerovoracaceae,None,None,0.005842259006815969
Bacteria,Firmicutes,Clostridia,Clostridiales,Ruminococcaceae,PAC002201,PAC002201,Bacteria,Firmicutes,Clostridia,Peptostreptococcales-Tissierellales,Parvimonas,None,None,0.005842259006815969
Bacteria,Firmicutes,Clostridia,Clostridiales,Ruminococcaceae,PAC002201,PAC002201,Bacteria,Firmicutes,Clostridia,None,None,None,None,0.0038948393378773127
Bacteria,Firmicutes,Clostridia,Clostridiales,Ruminococcaceae,PAC002201,PAC002201,Bacteria,Firmicutes,Incertae_Sedis,DTU014,unidentified,None,None,0.007789678675754625
Bacteria,Firmicutes,Clostridia,Clostridiales,Ruminococcaceae,PAC002201,PAC002201,Bacteria,Firmicutes,Limnochordia,M55-D21,uncultured_compost_bacterium,None,None,0.007789678675754625
Bacteria,Firmicutes,Clostridia,Clostridiales,Ruminococcaceae,PAC002201,PAC002201,Bacteria,Firmicutes,Negativicutes,Acidaminococcales,Acidaminococcaceae,Phascolarctobacterium,None,0.008763388510223954
Bacteria,Firmicutes,Clostridia,Clostridiales,Ruminococcaceae,PAC002201,PAC002201,Bacteria,Firmicutes,None,None,None,None,None,0.004868549172346641
Bacteria,Firmicutes,Clostridia,Clostridiales,Ruminococcaceae,PAC002201,PAC002201,Bacteria,Firmicutes,uncultured,uncultured_Peptococcaceae_bacterium,None,None,None,0.006815968841285297
Bacteria,Firmicutes,Clostridia,Clostridiales,Ruminococcaceae,PAC002201,PAC002201,Bacteria,Proteobacteria,Alphaproteobacteria,Rhodospirillales,uncultured,None,None,0.009737098344693282
Bacteria,Firmicutes,Clostridia,Clostridiales,Ruminococcaceae,PAC002201,PAC002201,Bacteria,Proteobacteria,Gammaproteobacteria,Burkholderiales,Sutterellaceae,Sutterella,Sutterella_sp._252,0.011684518013631937
Bacteria,Firmicutes,Clostridia,Clostridiales,Ruminococcaceae,PAC002201,PAC002201,Bacteria,Proteobacteria,Gammaproteobacteria,Enterobacterales,Enterobacteriaceae,Escherichia-Shigella,None,0.010710808179162609
Bacteria,Firmicutes,Clostridia,Clostridiales,Ruminococcaceae,PAC002201,PAC002201,Bacteria,Proteobacteria,Gammaproteobacteria,Enterobacterales,Enterobacteriaceae,Klebsiella,None,0.010710808179162609
Bacteria,Firmicutes,Clostridia,Clostridiales,Ruminococcaceae,PAC002201,PAC002201,Bacteria,Proteobacteria,Gammaproteobacteria,Enterobacterales,Enterobacteriaceae,None,None,0.009737098344693282
Bacteria,Firmicutes,Clostridia,Clostridiales,Ruminococcaceae,PAC002201,PAC002201,Bacteria,Proteobacteria,Gammaproteobacteria,Pseudomonadales,Pseudomonadaceae,Pseudomonas,None,0.010710808179162609
Bacteria,Firmicutes,Clostridia,Clostridiales,Ruminococcaceae,PAC002201,PAC002201,Bacteria,Synergistota,Synergistia,Synergistales,Synergistaceae,Cloacibacillus,None,0.010710808179162609
Bacteria,Firmicutes,Clostridia,Clostridiales,Ruminococcaceae,PAC002201,PAC002201,Bacteria,Verrucomicrobiota,Verrucomicrobiae,Verrucomicrobiales,Akkermansiaceae,Akkermansia,None,0.010710808179162609
Bacteria,Firmicutes,Clostridia,Eubacteriales,Eubacteriaceae,Eubacterium,None,Bacteria,Firmicutes,Clostridia,Lachnospirales,Lachnospiraceae,Agathobacter,None,0.005842259006815969
Bacteria,Firmicutes,Clostridia,Eubacteriales,Eubacteriaceae,Eubacterium,None,Bacteria,Firmicutes,Clostridia,Lachnospirales,Lachnospiraceae,Anaerostipes,None,0.005842259006815969
Bacteria,Firmicutes,Clostridia,Eubacteriales,Eubacteriaceae,Eubacterium,None,Bacteria,Firmicutes,Clostridia,Lachnospirales,Lachnospiraceae,Blautia,None,0.005842259006815969
Bacteria,Firmicutes,Clostridia,Eubacteriales,Eubacteriaceae,Eubacterium,None,Bacteria,Firmicutes,Clostridia,Lachnospirales,Lachnospiraceae,Blautia,bacterium_mpn-isolate_group_20,0.006815968841285297
Bacteria,Firmicutes,Clostridia,Eubacteriales,Eubacteriaceae,Eubacterium,None,Bacteria,Firmicutes,Clostridia,Lachnospirales,Lachnospiraceae,Blautia,uncultured_Blautia_sp.,0.006815968841285297
Bacteria,Firmicutes,Clostridia,Eubacteriales,Eubacteriaceae,Eubacterium,None,Bacteria,Firmicutes,Clostridia,Lachnospirales,Lachnospiraceae,Coprococcus,None,0.005842259006815969
Bacteria,Firmicutes,Clostridia,Eubacteriales,Eubacteriaceae,Eubacterium,None,Bacteria,Firmicutes,Clostridia,Lachnospirales,Lachnospiraceae,Coprococcus,uncultured_Coprococcus_sp.,0.006815968841285297
Bacteria,Firmicutes,Clostridia,Eubacteriales,Eubacteriaceae,Eubacterium,None,Bacteria,Firmicutes,Clostridia,Lachnospirales,Lachnospiraceae,Dorea,None,0.005842259006815969
Bacteria,Firmicutes,Clostridia,Eubacteriales,Eubacteriaceae,Eubacterium,None,Bacteria,Firmicutes,Clostridia,Lachnospirales,Lachnospiraceae,Eisenbergiella,None,0.005842259006815969
Bacteria,Firmicutes,Clostridia,Eubacteriales,Eubacteriaceae,Eubacterium,None,Bacteria,Firmicutes,Clostridia,Lachnospirales,Lachnospiraceae,Frisingicoccus,None,0.005842259006815969
Bacteria,Firmicutes,Clostridia,Eubacteriales,Eubacteriaceae,Eubacterium,None,Bacteria,Firmicutes,Clostridia,Lachnospirales,Lachnospiraceae,Fusicatenibacter,uncultured_Lachnospiraceae_bacterium,0.006815968841285297
Bacteria,Firmicutes,Clostridia,Eubacteriales,Eubacteriaceae,Eubacterium,None,Bacteria,Firmicutes,Clostridia,Lachnospirales,Lachnospiraceae,GCA-900066575,None,0.005842259006815969
Bacteria,Firmicutes,Clostridia,Eubacteriales,Eubacteriaceae,Eubacterium,None,Bacteria,Firmicutes,Clostridia,Lachnospirales,Lachnospiraceae,GCA-900066575,metagenome,0.006815968841285297
Bacteria,Firmicutes,Clostridia,Eubacteriales,Eubacteriaceae,Eubacterium,None,Bacteria,Firmicutes,Clostridia,Lachnospirales,Lachnospiraceae,GCA-900066755,None,0.005842259006815969
Bacteria,Firmicutes,Clostridia,Eubacteriales,Eubacteriaceae,Eubacterium,None,Bacteria,Firmicutes,Clostridia,Lachnospirales,Lachnospiraceae,Hungatella,metagenome,0.006815968841285297
Bacteria,Firmicutes,Clostridia,Eubacteriales,Eubacteriaceae,Eubacterium,None,Bacteria,Firmicutes,Clostridia,Lachnospirales,Lachnospiraceae,Lachnoclostridium,Clostridium_symbiosum,0.006815968841285297
Bacteria,Firmicutes,Clostridia,Eubacteriales,Eubacteriaceae,Eubacterium,None,Bacteria,Firmicutes,Clostridia,Lachnospirales,Lachnospiraceae,Lachnoclostridium,None,0.005842259006815969
Bacteria,Firmicutes,Clostridia,Eubacteriales,Eubacteriaceae,Eubacterium,None,Bacteria,Firmicutes,Clostridia,Lachnospirales,Lachnospiraceae,Lachnoclostridium,uncultured_Lachnospiraceae_bacterium,0.006815968841285297
Bacteria,Firmicutes,Clostridia,Eubacteriales,Eubacteriaceae,Eubacterium,None,Bacteria,Firmicutes,Clostridia,Lachnospirales,Lachnospiraceae,Lachnospiraceae_ND3007_group,metagenome,0.006815968841285297
Bacteria,Firmicutes,Clostridia,Eubacteriales,Eubacteriaceae,Eubacterium,None,Bacteria,Firmicutes,Clostridia,Lachnospirales,Lachnospiraceae,Lachnospiraceae_NK4A136_group,None,0.005842259006815969
Bacteria,Firmicutes,Clostridia,Eubacteriales,Eubacteriaceae,Eubacterium,None,Bacteria,Firmicutes,Clostridia,Lachnospirales,Lachnospiraceae,Lachnospiraceae_NK4A136_group,uncultured_Lachnospiraceae_bacterium,0.006815968841285297
Bacteria,Firmicutes,Clostridia,Eubacteriales,Eubacteriaceae,Eubacterium,None,Bacteria,Firmicutes,Clostridia,Lachnospirales,Lachnospiraceae,Lachnospiraceae_NK4A136_group,uncultured_bacterium_Adhufec49.25,0.006815968841285297
Bacteria,Firmicutes,Clostridia,Eubacteriales,Eubacteriaceae,Eubacterium,None,Bacteria,Firmicutes,Clostridia,Lachnospirales,Lachnospiraceae,Lachnospiraceae_NK4B4_group,None,0.005842259006815969
Bacteria,Firmicutes,Clostridia,Eubacteriales,Eubacteriaceae,Eubacterium,None,Bacteria,Firmicutes,Clostridia,Lachnospirales,Lachnospiraceae,Lachnospiraceae_UCG-001,metagenome,0.006815968841285297
Bacteria,Firmicutes,Clostridia,Eubacteriales,Eubacteriaceae,Eubacterium,None,Bacteria,Firmicutes,Clostridia,Lachnospirales,Lachnospiraceae,Lachnospiraceae_UCG-004,None,0.005842259006815969
Bacteria,Firmicutes,Clostridia,Eubacteriales,Eubacteriaceae,Eubacterium,None,Bacteria,Firmicutes,Clostridia,Lachnospirales,Lachnospiraceae,Lachnospiraceae_UCG-008,metagenome,0.006815968841285297
Bacteria,Firmicutes,Clostridia,Eubacteriales,Eubacteriaceae,Eubacterium,None,Bacteria,Firmicutes,Clostridia,Lachnospirales,Lachnospiraceae,Lachnospiraceae_UCG-010,None,0.005842259006815969
Bacteria,Firmicutes,Clostridia,Eubacteriales,Eubacteriaceae,Eubacterium,None,Bacteria,Firmicutes,Clostridia,Lachnospirales,Lachnospiraceae,Marvinbryantia,None,0.005842259006815969
Bacteria,Firmicutes,Clostridia,Eubacteriales,Eubacteriaceae,Eubacterium,None,Bacteria,Firmicutes,Clostridia,Lachnospirales,Lachnospiraceae,Marvinbryantia,unidentified,0.006815968841285297
Bacteria,Firmicutes,Clostridia,Eubacteriales,Eubacteriaceae,Eubacterium,None,Bacteria,Firmicutes,Clostridia,Lachnospirales,Lachnospiraceae,Roseburia,None,0.005842259006815969
Bacteria,Firmicutes,Clostridia,Eubacteriales,Eubacteriaceae,Eubacterium,None,Bacteria,Firmicutes,Clostridia,Lachnospirales,Lachnospiraceae,Roseburia,gut_metagenome,0.006815968841285297
Bacteria,Firmicutes,Clostridia,Eubacteriales,Eubacteriaceae,Eubacterium,None,Bacteria,Firmicutes,Clostridia,Lachnospirales,Lachnospiraceae,Tuzzerella,None,0.005842259006815969
Bacteria,Firmicutes,Clostridia,Eubacteriales,Eubacteriaceae,Eubacterium,None,Bacteria,Firmicutes,Clostridia,Lachnospirales,Lachnospiraceae,Tyzzerella,None,0.005842259006815969
Bacteria,Firmicutes,Clostridia,Eubacteriales,Eubacteriaceae,Eubacterium,None,Bacteria,Firmicutes,Clostridia,Lachnospirales,Lachnospiraceae,Eubacterium_hallii_group,None,0.005842259006815969
Bacteria,Firmicutes,Clostridia,Eubacteriales,Eubacteriaceae,Eubacterium,None,Bacteria,Firmicutes,Clostridia,Lachnospirales,Lachnospiraceae,Eubacterium_ventriosum_group,metagenome,0.006815968841285297
Bacteria,Firmicutes,Clostridia,Eubacteriales,Eubacteriaceae,Eubacterium,None,Bacteria,Firmicutes,Clostridia,Lachnospirales,Lachnospiraceae,Ruminococcus_gauvreauii_group,uncultured_Lachnospiraceae_bacterium,0.006815968841285297
Bacteria,Firmicutes,Clostridia,Eubacteriales,Eubacteriaceae,Eubacterium,None,Bacteria,Firmicutes,Clostridia,Lachnospirales,Lachnospiraceae,Ruminococcus_gnavus_group,None,0.005842259006815969
Bacteria,Firmicutes,Clostridia,Eubacteriales,Eubacteriaceae,Eubacterium,None,Bacteria,Firmicutes,Clostridia,Lachnospirales,Lachnospiraceae,Ruminococcus_torques_group,Clostridiaceae_bacterium_LEMV78,0.006815968841285297
Bacteria,Firmicutes,Clostridia,Eubacteriales,Eubacteriaceae,Eubacterium,None,Bacteria,Firmicutes,Clostridia,Lachnospirales,Lachnospiraceae,Ruminococcus_torques_group,None,0.005842259006815969
Bacteria,Firmicutes,Clostridia,Eubacteriales,Eubacteriaceae,Eubacterium,None,Bacteria,Firmicutes,Clostridia,Lachnospirales,Lachnospiraceae,None,None,0.004868549172346641
Bacteria,Firmicutes,Clostridia,Eubacteriales,Eubacteriaceae,Eubacterium,None,Bacteria,Firmicutes,Clostridia,Lachnospirales,Lachnospiraceae,uncultured,None,0.005842259006815969
Bacteria,Firmicutes,Clostridia,Eubacteriales,Eubacteriaceae,Eubacterium,None,Bacteria,Firmicutes,Clostridia,Monoglobales,Monoglobaceae,Monoglobus,None,0.005842259006815969
Bacteria,Firmicutes,Clostridia,Eubacteriales,Eubacteriaceae,Eubacterium,None,Bacteria,Firmicutes,Clostridia,Oscillospirales,Butyricicoccaceae,Butyricicoccus,None,0.005842259006815969
Bacteria,Firmicutes,Clostridia,Eubacteriales,Eubacteriaceae,Eubacterium,None,Bacteria,Firmicutes,Clostridia,Oscillospirales,Hydrogenoanaerobacterium,None,None,0.004868549172346641
Bacteria,Firmicutes,Clostridia,Eubacteriales,Eubacteriaceae,Eubacterium,None,Bacteria,Firmicutes,Clostridia,Oscillospirales,Oscillospiraceae,Colidextribacter,None,0.005842259006815969
Bacteria,Firmicutes,Clostridia,Eubacteriales,Eubacteriaceae,Eubacterium,None,Bacteria,Firmicutes,Clostridia,Oscillospirales,Oscillospiraceae,Colidextribacter,metagenome,0.006815968841285297
Bacteria,Firmicutes,Clostridia,Eubacteriales,Eubacteriaceae,Eubacterium,None,Bacteria,Firmicutes,Clostridia,Oscillospirales,Oscillospiraceae,Flavonifractor,None,0.005842259006815969
Bacteria,Firmicutes,Clostridia,Eubacteriales,Eubacteriaceae,Eubacterium,None,Bacteria,Firmicutes,Clostridia,Oscillospirales,Oscillospiraceae,Intestinimonas,None,0.005842259006815969
Bacteria,Firmicutes,Clostridia,Eubacteriales,Eubacteriaceae,Eubacterium,None,Bacteria,Firmicutes,Clostridia,Oscillospirales,Oscillospiraceae,Intestinimonas,uncultured,0.006815968841285297
Bacteria,Firmicutes,Clostridia,Eubacteriales,Eubacteriaceae,Eubacterium,None,Bacteria,Firmicutes,Clostridia,Oscillospirales,Oscillospiraceae,NK4A214_group,None,0.005842259006815969
Bacteria,Firmicutes,Clostridia,Eubacteriales,Eubacteriaceae,Eubacterium,None,Bacteria,Firmicutes,Clostridia,Oscillospirales,Oscillospiraceae,Oscillibacter,None,0.005842259006815969
Bacteria,Firmicutes,Clostridia,Eubacteriales,Eubacteriaceae,Eubacterium,None,Bacteria,Firmicutes,Clostridia,Oscillospirales,Oscillospiraceae,Oscillibacter,metagenome,0.006815968841285297
Bacteria,Firmicutes,Clostridia,Eubacteriales,Eubacteriaceae,Eubacterium,None,Bacteria,Firmicutes,Clostridia,Oscillospirales,Oscillospiraceae,Oscillospira,None,0.005842259006815969
Bacteria,Firmicutes,Clostridia,Eubacteriales,Eubacteriaceae,Eubacterium,None,Bacteria,Firmicutes,Clostridia,Oscillospirales,Oscillospiraceae,UCG-002,None,0.005842259006815969
Bacteria,Firmicutes,Clostridia,Eubacteriales,Eubacteriaceae,Eubacterium,None,Bacteria,Firmicutes,Clostridia,Oscillospirales,Oscillospiraceae,UCG-003,None,0.005842259006815969
Bacteria,Firmicutes,Clostridia,Eubacteriales,Eubacteriaceae,Eubacterium,None,Bacteria,Firmicutes,Clostridia,Oscillospirales,Oscillospiraceae,UCG-005,None,0.005842259006815969
Bacteria,Firmicutes,Clostridia,Eubacteriales,Eubacteriaceae,Eubacterium,None,Bacteria,Firmicutes,Clostridia,Oscillospirales,Oscillospiraceae,UCG-005,metagenome,0.006815968841285297
Bacteria,Firmicutes,Clostridia,Eubacteriales,Eubacteriaceae,Eubacterium,None,Bacteria,Firmicutes,Clostridia,Oscillospirales,Oscillospiraceae,UCG-005,uncultured_Clostridiales_bacterium,0.006815968841285297
Bacteria,Firmicutes,Clostridia,Eubacteriales,Eubacteriaceae,Eubacterium,None,Bacteria,Firmicutes,Clostridia,Oscillospirales,Oscillospiraceae,UCG-005,uncultured_rumen_bacterium,0.006815968841285297
Bacteria,Firmicutes,Clostridia,Eubacteriales,Eubacteriaceae,Eubacterium,None,Bacteria,Firmicutes,Clostridia,Oscillospirales,Oscillospiraceae,None,None,0.004868549172346641
Bacteria,Firmicutes,Clostridia,Eubacteriales,Eubacteriaceae,Eubacterium,None,Bacteria,Firmicutes,Clostridia,Oscillospirales,Oscillospiraceae,uncultured,metagenome,0.006815968841285297
Bacteria,Firmicutes,Clostridia,Eubacteriales,Eubacteriaceae,Eubacterium,None,Bacteria,Firmicutes,Clostridia,Oscillospirales,Oscillospiraceae,uncultured,unidentified,0.006815968841285297
Bacteria,Firmicutes,Clostridia,Eubacteriales,Eubacteriaceae,Eubacterium,None,Bacteria,Firmicutes,Clostridia,Oscillospirales,Ruminococcaceae,Anaerofilum,uncultured_Firmicutes_bacterium,0.006815968841285297
Bacteria,Firmicutes,Clostridia,Eubacteriales,Eubacteriaceae,Eubacterium,None,Bacteria,Firmicutes,Clostridia,Oscillospirales,Ruminococcaceae,Anaerotruncus,Anaerotruncus_rubiinfantis,0.006815968841285297
Bacteria,Firmicutes,Clostridia,Eubacteriales,Eubacteriaceae,Eubacterium,None,Bacteria,Firmicutes,Clostridia,Oscillospirales,Ruminococcaceae,Anaerotruncus,Anaerotruncus_sp._NML_070203,0.006815968841285297
Bacteria,Firmicutes,Clostridia,Eubacteriales,Eubacteriaceae,Eubacterium,None,Bacteria,Firmicutes,Clostridia,Oscillospirales,Ruminococcaceae,Candidatus_Soleaferrea,Neobitarella_massiliensis,0.006815968841285297
Bacteria,Firmicutes,Clostridia,Eubacteriales,Eubacteriaceae,Eubacterium,None,Bacteria,Firmicutes,Clostridia,Oscillospirales,Ruminococcaceae,Candidatus_Soleaferrea,None,0.005842259006815969
Bacteria,Firmicutes,Clostridia,Eubacteriales,Eubacteriaceae,Eubacterium,None,Bacteria,Firmicutes,Clostridia,Oscillospirales,Ruminococcaceae,DTU089,None,0.005842259006815969
Bacteria,Firmicutes,Clostridia,Eubacteriales,Eubacteriaceae,Eubacterium,None,Bacteria,Firmicutes,Clostridia,Oscillospirales,Ruminococcaceae,Faecalibacterium,None,0.005842259006815969
Bacteria,Firmicutes,Clostridia,Eubacteriales,Eubacteriaceae,Eubacterium,None,Bacteria,Firmicutes,Clostridia,Oscillospirales,Ruminococcaceae,Fournierella,uncultured_organism,0.006815968841285297
Bacteria,Firmicutes,Clostridia,Eubacteriales,Eubacteriaceae,Eubacterium,None,Bacteria,Firmicutes,Clostridia,Oscillospirales,Ruminococcaceae,Incertae_Sedis,metagenome,0.006815968841285297
Bacteria,Firmicutes,Clostridia,Eubacteriales,Eubacteriaceae,Eubacterium,None,Bacteria,Firmicutes,Clostridia,Oscillospirales,Ruminococcaceae,Incertae_Sedis,None,0.005842259006815969
Bacteria,Firmicutes,Clostridia,Eubacteriales,Eubacteriaceae,Eubacterium,None,Bacteria,Firmicutes,Clostridia,Oscillospirales,Ruminococcaceae,Negativibacillus,None,0.005842259006815969
Bacteria,Firmicutes,Clostridia,Eubacteriales,Eubacteriaceae,Eubacterium,None,Bacteria,Firmicutes,Clostridia,Oscillospirales,Ruminococcaceae,Ruminococcus,Ruminococcus_champanellensis,0.006815968841285297
Bacteria,Firmicutes,Clostridia,Eubacteriales,Eubacteriaceae,Eubacterium,None,Bacteria,Firmicutes,Clostridia,Oscillospirales,Ruminococcaceae,Ruminococcus,None,0.005842259006815969
Bacteria,Firmicutes,Clostridia,Eubacteriales,Eubacteriaceae,Eubacterium,None,Bacteria,Firmicutes,Clostridia,Oscillospirales,Ruminococcaceae,Subdoligranulum,None,0.005842259006815969
Bacteria,Firmicutes,Clostridia,Eubacteriales,Eubacteriaceae,Eubacterium,None,Bacteria,Firmicutes,Clostridia,Oscillospirales,Ruminococcaceae,UBA1819,None,0.005842259006815969
Bacteria,Firmicutes,Clostridia,Eubacteriales,Eubacteriaceae,Eubacterium,None,Bacteria,Firmicutes,Clostridia,Oscillospirales,Ruminococcaceae,Eubacterium_siraeum_group,None,0.005842259006815969
Bacteria,Firmicutes,Clostridia,Eubacteriales,Eubacteriaceae,Eubacterium,None,Bacteria,Firmicutes,Clostridia,Oscillospirales,Ruminococcaceae,None,None,0.004868549172346641
Bacteria,Firmicutes,Clostridia,Eubacteriales,Eubacteriaceae,Eubacterium,None,Bacteria,Firmicutes,Clostridia,Oscillospirales,UCG-010,None,None,0.004868549172346641
Bacteria,Firmicutes,Clostridia,Eubacteriales,Eubacteriaceae,Eubacterium,None,Bacteria,Firmicutes,Clostridia,Oscillospirales,UCG-010,metagenome,None,0.005842259006815969
Bacteria,Firmicutes,Clostridia,Eubacteriales,Eubacteriaceae,Eubacterium,None,Bacteria,Firmicutes,Clostridia,Oscillospirales,UCG-010,uncultured_bacterium,None,0.005842259006815969
Bacteria,Firmicutes,Clostridia,Eubacteriales,Eubacteriaceae,Eubacterium,None,Bacteria,Firmicutes,Clostridia,Oscillospirales,UCG-010,uncultured_organism,None,0.005842259006815969
Bacteria,Firmicutes,Clostridia,Eubacteriales,Eubacteriaceae,Eubacterium,None,Bacteria,Firmicutes,Clostridia,Oscillospirales,Clostridium_methylpentosum_group,None,None,0.004868549172346641
Bacteria,Firmicutes,Clostridia,Eubacteriales,Eubacteriaceae,Eubacterium,None,Bacteria,Firmicutes,Clostridia,Oscillospirales,Eubacterium_coprostanoligenes_group,None,None,0.004868549172346641
Bacteria,Firmicutes,Clostridia,Eubacteriales,Eubacteriaceae,Eubacterium,None,Bacteria,Firmicutes,Clostridia,Oscillospirales,None,None,None,0.0038948393378773127
Bacteria,Firmicutes,Clostridia,Eubacteriales,Eubacteriaceae,Eubacterium,None,Bacteria,Firmicutes,Clostridia,Peptococcales,Peptococcaceae,uncultured,None,0.005842259006815969
Bacteria,Firmicutes,Clostridia,Eubacteriales,Eubacteriaceae,Eubacterium,None,Bacteria,Firmicutes,Clostridia,Peptostreptococcales-Tissierellales,Anaerovoracaceae,Family_XIII_AD3011_group,metagenome,0.006815968841285297
Bacteria,Firmicutes,Clostridia,Eubacteriales,Eubacteriaceae,Eubacterium,None,Bacteria,Firmicutes,Clostridia,Peptostreptococcales-Tissierellales,Anaerovoracaceae,Family_XIII_AD3011_group,None,0.005842259006815969
Bacteria,Firmicutes,Clostridia,Eubacteriales,Eubacteriaceae,Eubacterium,None,Bacteria,Firmicutes,Clostridia,Peptostreptococcales-Tissierellales,Anaerovoracaceae,Family_XIII_AD3011_group,uncultured,0.006815968841285297
Bacteria,Firmicutes,Clostridia,Eubacteriales,Eubacteriaceae,Eubacterium,None,Bacteria,Firmicutes,Clostridia,Peptostreptococcales-Tissierellales,Anaerovoracaceae,Family_XIII_UCG-001,metagenome,0.006815968841285297
Bacteria,Firmicutes,Clostridia,Eubacteriales,Eubacteriaceae,Eubacterium,None,Bacteria,Firmicutes,Clostridia,Peptostreptococcales-Tissierellales,Anaerovoracaceae,Eubacterium_nodatum_group,None,0.005842259006815969
Bacteria,Firmicutes,Clostridia,Eubacteriales,Eubacteriaceae,Eubacterium,None,Bacteria,Firmicutes,Clostridia,Peptostreptococcales-Tissierellales,Anaerovoracaceae,None,None,0.004868549172346641
Bacteria,Firmicutes,Clostridia,Eubacteriales,Eubacteriaceae,Eubacterium,None,Bacteria,Firmicutes,Clostridia,Peptostreptococcales-Tissierellales,Parvimonas,None,None,0.004868549172346641
Bacteria,Firmicutes,Clostridia,Eubacteriales,Eubacteriaceae,Eubacterium,None,Bacteria,Firmicutes,Clostridia,None,None,None,None,0.0029211295034079843
Bacteria,Firmicutes,Clostridia,Eubacteriales,Eubacteriaceae,Eubacterium,None,Bacteria,Firmicutes,Incertae_Sedis,DTU014,unidentified,None,None,0.006815968841285297
Bacteria,Firmicutes,Clostridia,Eubacteriales,Eubacteriaceae,Eubacterium,None,Bacteria,Firmicutes,Limnochordia,M55-D21,uncultured_compost_bacterium,None,None,0.006815968841285297
Bacteria,Firmicutes,Clostridia,Eubacteriales,Eubacteriaceae,Eubacterium,None,Bacteria,Firmicutes,Negativicutes,Acidaminococcales,Acidaminococcaceae,Phascolarctobacterium,None,0.007789678675754625
Bacteria,Firmicutes,Clostridia,Eubacteriales,Eubacteriaceae,Eubacterium,None,Bacteria,Firmicutes,None,None,None,None,None,0.0038948393378773127
Bacteria,Firmicutes,Clostridia,Eubacteriales,Eubacteriaceae,Eubacterium,None,Bacteria,Firmicutes,uncultured,uncultured_Peptococcaceae_bacterium,None,None,None,0.005842259006815969
Bacteria,Firmicutes,Clostridia,Eubacteriales,Eubacteriaceae,Eubacterium,None,Bacteria,Proteobacteria,Alphaproteobacteria,Rhodospirillales,uncultured,None,None,0.008763388510223954
Bacteria,Firmicutes,Clostridia,Eubacteriales,Eubacteriaceae,Eubacterium,None,Bacteria,Proteobacteria,Gammaproteobacteria,Burkholderiales,Sutterellaceae,Sutterella,Sutterella_sp._252,0.010710808179162609
Bacteria,Firmicutes,Clostridia,Eubacteriales,Eubacteriaceae,Eubacterium,None,Bacteria,Proteobacteria,Gammaproteobacteria,Enterobacterales,Enterobacteriaceae,Escherichia-Shigella,None,0.009737098344693282
Bacteria,Firmicutes,Clostridia,Eubacteriales,Eubacteriaceae,Eubacterium,None,Bacteria,Proteobacteria,Gammaproteobacteria,Enterobacterales,Enterobacteriaceae,Klebsiella,None,0.009737098344693282
Bacteria,Firmicutes,Clostridia,Eubacteriales,Eubacteriaceae,Eubacterium,None,Bacteria,Proteobacteria,Gammaproteobacteria,Enterobacterales,Enterobacteriaceae,None,None,0.008763388510223954
Bacteria,Firmicutes,Clostridia,Eubacteriales,Eubacteriaceae,Eubacterium,None,Bacteria,Proteobacteria,Gammaproteobacteria,Pseudomonadales,Pseudomonadaceae,Pseudomonas,None,0.009737098344693282
Bacteria,Firmicutes,Clostridia,Eubacteriales,Eubacteriaceae,Eubacterium,None,Bacteria,Synergistota,Synergistia,Synergistales,Synergistaceae,Cloacibacillus,None,0.009737098344693282
Bacteria,Firmicutes,Clostridia,Eubacteriales,Eubacteriaceae,Eubacterium,None,Bacteria,Verrucomicrobiota,Verrucomicrobiae,Verrucomicrobiales,Akkermansiaceae,Akkermansia,None,0.009737098344693282
Bacteria,Firmicutes,Clostridia,Lachnospirales,Lachnospiraceae,Agathobacter,None,Bacteria,Firmicutes,Clostridia,Lachnospirales,Lachnospiraceae,Anaerostipes,None,0.0019474196689386564
Bacteria,Firmicutes,Clostridia,Lachnospirales,Lachnospiraceae,Agathobacter,None,Bacteria,Firmicutes,Clostridia,Lachnospirales,Lachnospiraceae,Blautia,None,0.0019474196689386564
Bacteria,Firmicutes,Clostridia,Lachnospirales,Lachnospiraceae,Agathobacter,None,Bacteria,Firmicutes,Clostridia,Lachnospirales,Lachnospiraceae,Blautia,bacterium_mpn-isolate_group_20,0.0029211295034079843
Bacteria,Firmicutes,Clostridia,Lachnospirales,Lachnospiraceae,Agathobacter,None,Bacteria,Firmicutes,Clostridia,Lachnospirales,Lachnospiraceae,Blautia,uncultured_Blautia_sp.,0.0029211295034079843
Bacteria,Firmicutes,Clostridia,Lachnospirales,Lachnospiraceae,Agathobacter,None,Bacteria,Firmicutes,Clostridia,Lachnospirales,Lachnospiraceae,Coprococcus,None,0.0019474196689386564
Bacteria,Firmicutes,Clostridia,Lachnospirales,Lachnospiraceae,Agathobacter,None,Bacteria,Firmicutes,Clostridia,Lachnospirales,Lachnospiraceae,Coprococcus,uncultured_Coprococcus_sp.,0.0029211295034079843
Bacteria,Firmicutes,Clostridia,Lachnospirales,Lachnospiraceae,Agathobacter,None,Bacteria,Firmicutes,Clostridia,Lachnospirales,Lachnospiraceae,Dorea,None,0.0019474196689386564
Bacteria,Firmicutes,Clostridia,Lachnospirales,Lachnospiraceae,Agathobacter,None,Bacteria,Firmicutes,Clostridia,Lachnospirales,Lachnospiraceae,Eisenbergiella,None,0.0019474196689386564
Bacteria,Firmicutes,Clostridia,Lachnospirales,Lachnospiraceae,Agathobacter,None,Bacteria,Firmicutes,Clostridia,Lachnospirales,Lachnospiraceae,Frisingicoccus,None,0.0019474196689386564
Bacteria,Firmicutes,Clostridia,Lachnospirales,Lachnospiraceae,Agathobacter,None,Bacteria,Firmicutes,Clostridia,Lachnospirales,Lachnospiraceae,Fusicatenibacter,uncultured_Lachnospiraceae_bacterium,0.0029211295034079843
Bacteria,Firmicutes,Clostridia,Lachnospirales,Lachnospiraceae,Agathobacter,None,Bacteria,Firmicutes,Clostridia,Lachnospirales,Lachnospiraceae,GCA-900066575,None,0.0019474196689386564
Bacteria,Firmicutes,Clostridia,Lachnospirales,Lachnospiraceae,Agathobacter,None,Bacteria,Firmicutes,Clostridia,Lachnospirales,Lachnospiraceae,GCA-900066575,metagenome,0.0029211295034079843
Bacteria,Firmicutes,Clostridia,Lachnospirales,Lachnospiraceae,Agathobacter,None,Bacteria,Firmicutes,Clostridia,Lachnospirales,Lachnospiraceae,GCA-900066755,None,0.0019474196689386564
Bacteria,Firmicutes,Clostridia,Lachnospirales,Lachnospiraceae,Agathobacter,None,Bacteria,Firmicutes,Clostridia,Lachnospirales,Lachnospiraceae,Hungatella,metagenome,0.0029211295034079843
Bacteria,Firmicutes,Clostridia,Lachnospirales,Lachnospiraceae,Agathobacter,None,Bacteria,Firmicutes,Clostridia,Lachnospirales,Lachnospiraceae,Lachnoclostridium,Clostridium_symbiosum,0.0029211295034079843
Bacteria,Firmicutes,Clostridia,Lachnospirales,Lachnospiraceae,Agathobacter,None,Bacteria,Firmicutes,Clostridia,Lachnospirales,Lachnospiraceae,Lachnoclostridium,None,0.0019474196689386564
Bacteria,Firmicutes,Clostridia,Lachnospirales,Lachnospiraceae,Agathobacter,None,Bacteria,Firmicutes,Clostridia,Lachnospirales,Lachnospiraceae,Lachnoclostridium,uncultured_Lachnospiraceae_bacterium,0.0029211295034079843
Bacteria,Firmicutes,Clostridia,Lachnospirales,Lachnospiraceae,Agathobacter,None,Bacteria,Firmicutes,Clostridia,Lachnospirales,Lachnospiraceae,Lachnospiraceae_ND3007_group,metagenome,0.0029211295034079843
Bacteria,Firmicutes,Clostridia,Lachnospirales,Lachnospiraceae,Agathobacter,None,Bacteria,Firmicutes,Clostridia,Lachnospirales,Lachnospiraceae,Lachnospiraceae_NK4A136_group,None,0.0019474196689386564
Bacteria,Firmicutes,Clostridia,Lachnospirales,Lachnospiraceae,Agathobacter,None,Bacteria,Firmicutes,Clostridia,Lachnospirales,Lachnospiraceae,Lachnospiraceae_NK4A136_group,uncultured_Lachnospiraceae_bacterium,0.0029211295034079843
Bacteria,Firmicutes,Clostridia,Lachnospirales,Lachnospiraceae,Agathobacter,None,Bacteria,Firmicutes,Clostridia,Lachnospirales,Lachnospiraceae,Lachnospiraceae_NK4A136_group,uncultured_bacterium_Adhufec49.25,0.0029211295034079843
Bacteria,Firmicutes,Clostridia,Lachnospirales,Lachnospiraceae,Agathobacter,None,Bacteria,Firmicutes,Clostridia,Lachnospirales,Lachnospiraceae,Lachnospiraceae_NK4B4_group,None,0.0019474196689386564
Bacteria,Firmicutes,Clostridia,Lachnospirales,Lachnospiraceae,Agathobacter,None,Bacteria,Firmicutes,Clostridia,Lachnospirales,Lachnospiraceae,Lachnospiraceae_UCG-001,metagenome,0.0029211295034079843
Bacteria,Firmicutes,Clostridia,Lachnospirales,Lachnospiraceae,Agathobacter,None,Bacteria,Firmicutes,Clostridia,Lachnospirales,Lachnospiraceae,Lachnospiraceae_UCG-004,None,0.0019474196689386564
Bacteria,Firmicutes,Clostridia,Lachnospirales,Lachnospiraceae,Agathobacter,None,Bacteria,Firmicutes,Clostridia,Lachnospirales,Lachnospiraceae,Lachnospiraceae_UCG-008,metagenome,0.0029211295034079843
Bacteria,Firmicutes,Clostridia,Lachnospirales,Lachnospiraceae,Agathobacter,None,Bacteria,Firmicutes,Clostridia,Lachnospirales,Lachnospiraceae,Lachnospiraceae_UCG-010,None,0.0019474196689386564
Bacteria,Firmicutes,Clostridia,Lachnospirales,Lachnospiraceae,Agathobacter,None,Bacteria,Firmicutes,Clostridia,Lachnospirales,Lachnospiraceae,Marvinbryantia,None,0.0019474196689386564
Bacteria,Firmicutes,Clostridia,Lachnospirales,Lachnospiraceae,Agathobacter,None,Bacteria,Firmicutes,Clostridia,Lachnospirales,Lachnospiraceae,Marvinbryantia,unidentified,0.0029211295034079843
Bacteria,Firmicutes,Clostridia,Lachnospirales,Lachnospiraceae,Agathobacter,None,Bacteria,Firmicutes,Clostridia,Lachnospirales,Lachnospiraceae,Roseburia,None,0.0019474196689386564
Bacteria,Firmicutes,Clostridia,Lachnospirales,Lachnospiraceae,Agathobacter,None,Bacteria,Firmicutes,Clostridia,Lachnospirales,Lachnospiraceae,Roseburia,gut_metagenome,0.0029211295034079843
Bacteria,Firmicutes,Clostridia,Lachnospirales,Lachnospiraceae,Agathobacter,None,Bacteria,Firmicutes,Clostridia,Lachnospirales,Lachnospiraceae,Tuzzerella,None,0.0019474196689386564
Bacteria,Firmicutes,Clostridia,Lachnospirales,Lachnospiraceae,Agathobacter,None,Bacteria,Firmicutes,Clostridia,Lachnospirales,Lachnospiraceae,Tyzzerella,None,0.0019474196689386564
Bacteria,Firmicutes,Clostridia,Lachnospirales,Lachnospiraceae,Agathobacter,None,Bacteria,Firmicutes,Clostridia,Lachnospirales,Lachnospiraceae,Eubacterium_hallii_group,None,0.0019474196689386564
Bacteria,Firmicutes,Clostridia,Lachnospirales,Lachnospiraceae,Agathobacter,None,Bacteria,Firmicutes,Clostridia,Lachnospirales,Lachnospiraceae,Eubacterium_ventriosum_group,metagenome,0.0029211295034079843
Bacteria,Firmicutes,Clostridia,Lachnospirales,Lachnospiraceae,Agathobacter,None,Bacteria,Firmicutes,Clostridia,Lachnospirales,Lachnospiraceae,Ruminococcus_gauvreauii_group,uncultured_Lachnospiraceae_bacterium,0.0029211295034079843
Bacteria,Firmicutes,Clostridia,Lachnospirales,Lachnospiraceae,Agathobacter,None,Bacteria,Firmicutes,Clostridia,Lachnospirales,Lachnospiraceae,Ruminococcus_gnavus_group,None,0.0019474196689386564
Bacteria,Firmicutes,Clostridia,Lachnospirales,Lachnospiraceae,Agathobacter,None,Bacteria,Firmicutes,Clostridia,Lachnospirales,Lachnospiraceae,Ruminococcus_torques_group,Clostridiaceae_bacterium_LEMV78,0.0029211295034079843
Bacteria,Firmicutes,Clostridia,Lachnospirales,Lachnospiraceae,Agathobacter,None,Bacteria,Firmicutes,Clostridia,Lachnospirales,Lachnospiraceae,Ruminococcus_torques_group,None,0.0019474196689386564
Bacteria,Firmicutes,Clostridia,Lachnospirales,Lachnospiraceae,Agathobacter,None,Bacteria,Firmicutes,Clostridia,Lachnospirales,Lachnospiraceae,None,None,0.0019474196689386564
Bacteria,Firmicutes,Clostridia,Lachnospirales,Lachnospiraceae,Agathobacter,None,Bacteria,Firmicutes,Clostridia,Lachnospirales,Lachnospiraceae,uncultured,None,0.0019474196689386564
Bacteria,Firmicutes,Clostridia,Lachnospirales,Lachnospiraceae,Agathobacter,None,Bacteria,Firmicutes,Clostridia,Monoglobales,Monoglobaceae,Monoglobus,None,0.005842259006815969
Bacteria,Firmicutes,Clostridia,Lachnospirales,Lachnospiraceae,Agathobacter,None,Bacteria,Firmicutes,Clostridia,Oscillospirales,Butyricicoccaceae,Butyricicoccus,None,0.005842259006815969
Bacteria,Firmicutes,Clostridia,Lachnospirales,Lachnospiraceae,Agathobacter,None,Bacteria,Firmicutes,Clostridia,Oscillospirales,Hydrogenoanaerobacterium,None,None,0.004868549172346641
Bacteria,Firmicutes,Clostridia,Lachnospirales,Lachnospiraceae,Agathobacter,None,Bacteria,Firmicutes,Clostridia,Oscillospirales,Oscillospiraceae,Colidextribacter,None,0.005842259006815969
Bacteria,Firmicutes,Clostridia,Lachnospirales,Lachnospiraceae,Agathobacter,None,Bacteria,Firmicutes,Clostridia,Oscillospirales,Oscillospiraceae,Colidextribacter,metagenome,0.006815968841285297
Bacteria,Firmicutes,Clostridia,Lachnospirales,Lachnospiraceae,Agathobacter,None,Bacteria,Firmicutes,Clostridia,Oscillospirales,Oscillospiraceae,Flavonifractor,None,0.005842259006815969
Bacteria,Firmicutes,Clostridia,Lachnospirales,Lachnospiraceae,Agathobacter,None,Bacteria,Firmicutes,Clostridia,Oscillospirales,Oscillospiraceae,Intestinimonas,None,0.005842259006815969
Bacteria,Firmicutes,Clostridia,Lachnospirales,Lachnospiraceae,Agathobacter,None,Bacteria,Firmicutes,Clostridia,Oscillospirales,Oscillospiraceae,Intestinimonas,uncultured,0.006815968841285297
Bacteria,Firmicutes,Clostridia,Lachnospirales,Lachnospiraceae,Agathobacter,None,Bacteria,Firmicutes,Clostridia,Oscillospirales,Oscillospiraceae,NK4A214_group,None,0.005842259006815969
Bacteria,Firmicutes,Clostridia,Lachnospirales,Lachnospiraceae,Agathobacter,None,Bacteria,Firmicutes,Clostridia,Oscillospirales,Oscillospiraceae,Oscillibacter,None,0.005842259006815969
Bacteria,Firmicutes,Clostridia,Lachnospirales,Lachnospiraceae,Agathobacter,None,Bacteria,Firmicutes,Clostridia,Oscillospirales,Oscillospiraceae,Oscillibacter,metagenome,0.006815968841285297
Bacteria,Firmicutes,Clostridia,Lachnospirales,Lachnospiraceae,Agathobacter,None,Bacteria,Firmicutes,Clostridia,Oscillospirales,Oscillospiraceae,Oscillospira,None,0.005842259006815969
Bacteria,Firmicutes,Clostridia,Lachnospirales,Lachnospiraceae,Agathobacter,None,Bacteria,Firmicutes,Clostridia,Oscillospirales,Oscillospiraceae,UCG-002,None,0.005842259006815969
Bacteria,Firmicutes,Clostridia,Lachnospirales,Lachnospiraceae,Agathobacter,None,Bacteria,Firmicutes,Clostridia,Oscillospirales,Oscillospiraceae,UCG-003,None,0.005842259006815969
Bacteria,Firmicutes,Clostridia,Lachnospirales,Lachnospiraceae,Agathobacter,None,Bacteria,Firmicutes,Clostridia,Oscillospirales,Oscillospiraceae,UCG-005,None,0.005842259006815969
Bacteria,Firmicutes,Clostridia,Lachnospirales,Lachnospiraceae,Agathobacter,None,Bacteria,Firmicutes,Clostridia,Oscillospirales,Oscillospiraceae,UCG-005,metagenome,0.006815968841285297
Bacteria,Firmicutes,Clostridia,Lachnospirales,Lachnospiraceae,Agathobacter,None,Bacteria,Firmicutes,Clostridia,Oscillospirales,Oscillospiraceae,UCG-005,uncultured_Clostridiales_bacterium,0.006815968841285297
Bacteria,Firmicutes,Clostridia,Lachnospirales,Lachnospiraceae,Agathobacter,None,Bacteria,Firmicutes,Clostridia,Oscillospirales,Oscillospiraceae,UCG-005,uncultured_rumen_bacterium,0.006815968841285297
Bacteria,Firmicutes,Clostridia,Lachnospirales,Lachnospiraceae,Agathobacter,None,Bacteria,Firmicutes,Clostridia,Oscillospirales,Oscillospiraceae,None,None,0.004868549172346641
Bacteria,Firmicutes,Clostridia,Lachnospirales,Lachnospiraceae,Agathobacter,None,Bacteria,Firmicutes,Clostridia,Oscillospirales,Oscillospiraceae,uncultured,metagenome,0.006815968841285297
Bacteria,Firmicutes,Clostridia,Lachnospirales,Lachnospiraceae,Agathobacter,None,Bacteria,Firmicutes,Clostridia,Oscillospirales,Oscillospiraceae,uncultured,unidentified,0.006815968841285297
Bacteria,Firmicutes,Clostridia,Lachnospirales,Lachnospiraceae,Agathobacter,None,Bacteria,Firmicutes,Clostridia,Oscillospirales,Ruminococcaceae,Anaerofilum,uncultured_Firmicutes_bacterium,0.006815968841285297
Bacteria,Firmicutes,Clostridia,Lachnospirales,Lachnospiraceae,Agathobacter,None,Bacteria,Firmicutes,Clostridia,Oscillospirales,Ruminococcaceae,Anaerotruncus,Anaerotruncus_rubiinfantis,0.006815968841285297
Bacteria,Firmicutes,Clostridia,Lachnospirales,Lachnospiraceae,Agathobacter,None,Bacteria,Firmicutes,Clostridia,Oscillospirales,Ruminococcaceae,Anaerotruncus,Anaerotruncus_sp._NML_070203,0.006815968841285297
Bacteria,Firmicutes,Clostridia,Lachnospirales,Lachnospiraceae,Agathobacter,None,Bacteria,Firmicutes,Clostridia,Oscillospirales,Ruminococcaceae,Candidatus_Soleaferrea,Neobitarella_massiliensis,0.006815968841285297
Bacteria,Firmicutes,Clostridia,Lachnospirales,Lachnospiraceae,Agathobacter,None,Bacteria,Firmicutes,Clostridia,Oscillospirales,Ruminococcaceae,Candidatus_Soleaferrea,None,0.005842259006815969
Bacteria,Firmicutes,Clostridia,Lachnospirales,Lachnospiraceae,Agathobacter,None,Bacteria,Firmicutes,Clostridia,Oscillospirales,Ruminococcaceae,DTU089,None,0.005842259006815969
Bacteria,Firmicutes,Clostridia,Lachnospirales,Lachnospiraceae,Agathobacter,None,Bacteria,Firmicutes,Clostridia,Oscillospirales,Ruminococcaceae,Faecalibacterium,None,0.005842259006815969
Bacteria,Firmicutes,Clostridia,Lachnospirales,Lachnospiraceae,Agathobacter,None,Bacteria,Firmicutes,Clostridia,Oscillospirales,Ruminococcaceae,Fournierella,uncultured_organism,0.006815968841285297
Bacteria,Firmicutes,Clostridia,Lachnospirales,Lachnospiraceae,Agathobacter,None,Bacteria,Firmicutes,Clostridia,Oscillospirales,Ruminococcaceae,Incertae_Sedis,metagenome,0.006815968841285297
Bacteria,Firmicutes,Clostridia,Lachnospirales,Lachnospiraceae,Agathobacter,None,Bacteria,Firmicutes,Clostridia,Oscillospirales,Ruminococcaceae,Incertae_Sedis,None,0.005842259006815969
Bacteria,Firmicutes,Clostridia,Lachnospirales,Lachnospiraceae,Agathobacter,None,Bacteria,Firmicutes,Clostridia,Oscillospirales,Ruminococcaceae,Negativibacillus,None,0.005842259006815969
Bacteria,Firmicutes,Clostridia,Lachnospirales,Lachnospiraceae,Agathobacter,None,Bacteria,Firmicutes,Clostridia,Oscillospirales,Ruminococcaceae,Ruminococcus,Ruminococcus_champanellensis,0.006815968841285297
Bacteria,Firmicutes,Clostridia,Lachnospirales,Lachnospiraceae,Agathobacter,None,Bacteria,Firmicutes,Clostridia,Oscillospirales,Ruminococcaceae,Ruminococcus,None,0.005842259006815969
Bacteria,Firmicutes,Clostridia,Lachnospirales,Lachnospiraceae,Agathobacter,None,Bacteria,Firmicutes,Clostridia,Oscillospirales,Ruminococcaceae,Subdoligranulum,None,0.005842259006815969
Bacteria,Firmicutes,Clostridia,Lachnospirales,Lachnospiraceae,Agathobacter,None,Bacteria,Firmicutes,Clostridia,Oscillospirales,Ruminococcaceae,UBA1819,None,0.005842259006815969
Bacteria,Firmicutes,Clostridia,Lachnospirales,Lachnospiraceae,Agathobacter,None,Bacteria,Firmicutes,Clostridia,Oscillospirales,Ruminococcaceae,Eubacterium_siraeum_group,None,0.005842259006815969
Bacteria,Firmicutes,Clostridia,Lachnospirales,Lachnospiraceae,Agathobacter,None,Bacteria,Firmicutes,Clostridia,Oscillospirales,Ruminococcaceae,None,None,0.004868549172346641
Bacteria,Firmicutes,Clostridia,Lachnospirales,Lachnospiraceae,Agathobacter,None,Bacteria,Firmicutes,Clostridia,Oscillospirales,UCG-010,None,None,0.004868549172346641
Bacteria,Firmicutes,Clostridia,Lachnospirales,Lachnospiraceae,Agathobacter,None,Bacteria,Firmicutes,Clostridia,Oscillospirales,UCG-010,metagenome,None,0.005842259006815969
Bacteria,Firmicutes,Clostridia,Lachnospirales,Lachnospiraceae,Agathobacter,None,Bacteria,Firmicutes,Clostridia,Oscillospirales,UCG-010,uncultured_bacterium,None,0.005842259006815969
Bacteria,Firmicutes,Clostridia,Lachnospirales,Lachnospiraceae,Agathobacter,None,Bacteria,Firmicutes,Clostridia,Oscillospirales,UCG-010,uncultured_organism,None,0.005842259006815969
Bacteria,Firmicutes,Clostridia,Lachnospirales,Lachnospiraceae,Agathobacter,None,Bacteria,Firmicutes,Clostridia,Oscillospirales,Clostridium_methylpentosum_group,None,None,0.004868549172346641
Bacteria,Firmicutes,Clostridia,Lachnospirales,Lachnospiraceae,Agathobacter,None,Bacteria,Firmicutes,Clostridia,Oscillospirales,Eubacterium_coprostanoligenes_group,None,None,0.004868549172346641
Bacteria,Firmicutes,Clostridia,Lachnospirales,Lachnospiraceae,Agathobacter,None,Bacteria,Firmicutes,Clostridia,Oscillospirales,None,None,None,0.0038948393378773127
Bacteria,Firmicutes,Clostridia,Lachnospirales,Lachnospiraceae,Agathobacter,None,Bacteria,Firmicutes,Clostridia,Peptococcales,Peptococcaceae,uncultured,None,0.005842259006815969
Bacteria,Firmicutes,Clostridia,Lachnospirales,Lachnospiraceae,Agathobacter,None,Bacteria,Firmicutes,Clostridia,Peptostreptococcales-Tissierellales,Anaerovoracaceae,Family_XIII_AD3011_group,metagenome,0.006815968841285297
Bacteria,Firmicutes,Clostridia,Lachnospirales,Lachnospiraceae,Agathobacter,None,Bacteria,Firmicutes,Clostridia,Peptostreptococcales-Tissierellales,Anaerovoracaceae,Family_XIII_AD3011_group,None,0.005842259006815969
Bacteria,Firmicutes,Clostridia,Lachnospirales,Lachnospiraceae,Agathobacter,None,Bacteria,Firmicutes,Clostridia,Peptostreptococcales-Tissierellales,Anaerovoracaceae,Family_XIII_AD3011_group,uncultured,0.006815968841285297
Bacteria,Firmicutes,Clostridia,Lachnospirales,Lachnospiraceae,Agathobacter,None,Bacteria,Firmicutes,Clostridia,Peptostreptococcales-Tissierellales,Anaerovoracaceae,Family_XIII_UCG-001,metagenome,0.006815968841285297
Bacteria,Firmicutes,Clostridia,Lachnospirales,Lachnospiraceae,Agathobacter,None,Bacteria,Firmicutes,Clostridia,Peptostreptococcales-Tissierellales,Anaerovoracaceae,Eubacterium_nodatum_group,None,0.005842259006815969
Bacteria,Firmicutes,Clostridia,Lachnospirales,Lachnospiraceae,Agathobacter,None,Bacteria,Firmicutes,Clostridia,Peptostreptococcales-Tissierellales,Anaerovoracaceae,None,None,0.004868549172346641
Bacteria,Firmicutes,Clostridia,Lachnospirales,Lachnospiraceae,Agathobacter,None,Bacteria,Firmicutes,Clostridia,Peptostreptococcales-Tissierellales,Parvimonas,None,None,0.004868549172346641
Bacteria,Firmicutes,Clostridia,Lachnospirales,Lachnospiraceae,Agathobacter,None,Bacteria,Firmicutes,Clostridia,None,None,None,None,0.0029211295034079843
Bacteria,Firmicutes,Clostridia,Lachnospirales,Lachnospiraceae,Agathobacter,None,Bacteria,Firmicutes,Incertae_Sedis,DTU014,unidentified,None,None,0.006815968841285297
Bacteria,Firmicutes,Clostridia,Lachnospirales,Lachnospiraceae,Agathobacter,None,Bacteria,Firmicutes,Limnochordia,M55-D21,uncultured_compost_bacterium,None,None,0.006815968841285297
Bacteria,Firmicutes,Clostridia,Lachnospirales,Lachnospiraceae,Agathobacter,None,Bacteria,Firmicutes,Negativicutes,Acidaminococcales,Acidaminococcaceae,Phascolarctobacterium,None,0.007789678675754625
Bacteria,Firmicutes,Clostridia,Lachnospirales,Lachnospiraceae,Agathobacter,None,Bacteria,Firmicutes,None,None,None,None,None,0.0038948393378773127
Bacteria,Firmicutes,Clostridia,Lachnospirales,Lachnospiraceae,Agathobacter,None,Bacteria,Firmicutes,uncultured,uncultured_Peptococcaceae_bacterium,None,None,None,0.005842259006815969
Bacteria,Firmicutes,Clostridia,Lachnospirales,Lachnospiraceae,Agathobacter,None,Bacteria,Proteobacteria,Alphaproteobacteria,Rhodospirillales,uncultured,None,None,0.008763388510223954
Bacteria,Firmicutes,Clostridia,Lachnospirales,Lachnospiraceae,Agathobacter,None,Bacteria,Proteobacteria,Gammaproteobacteria,Burkholderiales,Sutterellaceae,Sutterella,Sutterella_sp._252,0.010710808179162609
Bacteria,Firmicutes,Clostridia,Lachnospirales,Lachnospiraceae,Agathobacter,None,Bacteria,Proteobacteria,Gammaproteobacteria,Enterobacterales,Enterobacteriaceae,Escherichia-Shigella,None,0.009737098344693282
Bacteria,Firmicutes,Clostridia,Lachnospirales,Lachnospiraceae,Agathobacter,None,Bacteria,Proteobacteria,Gammaproteobacteria,Enterobacterales,Enterobacteriaceae,Klebsiella,None,0.009737098344693282
Bacteria,Firmicutes,Clostridia,Lachnospirales,Lachnospiraceae,Agathobacter,None,Bacteria,Proteobacteria,Gammaproteobacteria,Enterobacterales,Enterobacteriaceae,None,None,0.008763388510223954
Bacteria,Firmicutes,Clostridia,Lachnospirales,Lachnospiraceae,Agathobacter,None,Bacteria,Proteobacteria,Gammaproteobacteria,Pseudomonadales,Pseudomonadaceae,Pseudomonas,None,0.009737098344693282
Bacteria,Firmicutes,Clostridia,Lachnospirales,Lachnospiraceae,Agathobacter,None,Bacteria,Synergistota,Synergistia,Synergistales,Synergistaceae,Cloacibacillus,None,0.009737098344693282
Bacteria,Firmicutes,Clostridia,Lachnospirales,Lachnospiraceae,Agathobacter,None,Bacteria,Verrucomicrobiota,Verrucomicrobiae,Verrucomicrobiales,Akkermansiaceae,Akkermansia,None,0.009737098344693282
Bacteria,Firmicutes,Clostridia,Lachnospirales,Lachnospiraceae,Anaerostipes,None,Bacteria,Firmicutes,Clostridia,Lachnospirales,Lachnospiraceae,Blautia,None,0.0019474196689386564
Bacteria,Firmicutes,Clostridia,Lachnospirales,Lachnospiraceae,Anaerostipes,None,Bacteria,Firmicutes,Clostridia,Lachnospirales,Lachnospiraceae,Blautia,bacterium_mpn-isolate_group_20,0.0029211295034079843
Bacteria,Firmicutes,Clostridia,Lachnospirales,Lachnospiraceae,Anaerostipes,None,Bacteria,Firmicutes,Clostridia,Lachnospirales,Lachnospiraceae,Blautia,uncultured_Blautia_sp.,0.0029211295034079843
Bacteria,Firmicutes,Clostridia,Lachnospirales,Lachnospiraceae,Anaerostipes,None,Bacteria,Firmicutes,Clostridia,Lachnospirales,Lachnospiraceae,Coprococcus,None,0.0019474196689386564
Bacteria,Firmicutes,Clostridia,Lachnospirales,Lachnospiraceae,Anaerostipes,None,Bacteria,Firmicutes,Clostridia,Lachnospirales,Lachnospiraceae,Coprococcus,uncultured_Coprococcus_sp.,0.0029211295034079843
Bacteria,Firmicutes,Clostridia,Lachnospirales,Lachnospiraceae,Anaerostipes,None,Bacteria,Firmicutes,Clostridia,Lachnospirales,Lachnospiraceae,Dorea,None,0.0019474196689386564
Bacteria,Firmicutes,Clostridia,Lachnospirales,Lachnospiraceae,Anaerostipes,None,Bacteria,Firmicutes,Clostridia,Lachnospirales,Lachnospiraceae,Eisenbergiella,None,0.0019474196689386564
Bacteria,Firmicutes,Clostridia,Lachnospirales,Lachnospiraceae,Anaerostipes,None,Bacteria,Firmicutes,Clostridia,Lachnospirales,Lachnospiraceae,Frisingicoccus,None,0.0019474196689386564
Bacteria,Firmicutes,Clostridia,Lachnospirales,Lachnospiraceae,Anaerostipes,None,Bacteria,Firmicutes,Clostridia,Lachnospirales,Lachnospiraceae,Fusicatenibacter,uncultured_Lachnospiraceae_bacterium,0.0029211295034079843
Bacteria,Firmicutes,Clostridia,Lachnospirales,Lachnospiraceae,Anaerostipes,None,Bacteria,Firmicutes,Clostridia,Lachnospirales,Lachnospiraceae,GCA-900066575,None,0.0019474196689386564
Bacteria,Firmicutes,Clostridia,Lachnospirales,Lachnospiraceae,Anaerostipes,None,Bacteria,Firmicutes,Clostridia,Lachnospirales,Lachnospiraceae,GCA-900066575,metagenome,0.0029211295034079843
Bacteria,Firmicutes,Clostridia,Lachnospirales,Lachnospiraceae,Anaerostipes,None,Bacteria,Firmicutes,Clostridia,Lachnospirales,Lachnospiraceae,GCA-900066755,None,0.0019474196689386564
Bacteria,Firmicutes,Clostridia,Lachnospirales,Lachnospiraceae,Anaerostipes,None,Bacteria,Firmicutes,Clostridia,Lachnospirales,Lachnospiraceae,Hungatella,metagenome,0.0029211295034079843
Bacteria,Firmicutes,Clostridia,Lachnospirales,Lachnospiraceae,Anaerostipes,None,Bacteria,Firmicutes,Clostridia,Lachnospirales,Lachnospiraceae,Lachnoclostridium,Clostridium_symbiosum,0.0029211295034079843
Bacteria,Firmicutes,Clostridia,Lachnospirales,Lachnospiraceae,Anaerostipes,None,Bacteria,Firmicutes,Clostridia,Lachnospirales,Lachnospiraceae,Lachnoclostridium,None,0.0019474196689386564
Bacteria,Firmicutes,Clostridia,Lachnospirales,Lachnospiraceae,Anaerostipes,None,Bacteria,Firmicutes,Clostridia,Lachnospirales,Lachnospiraceae,Lachnoclostridium,uncultured_Lachnospiraceae_bacterium,0.0029211295034079843
Bacteria,Firmicutes,Clostridia,Lachnospirales,Lachnospiraceae,Anaerostipes,None,Bacteria,Firmicutes,Clostridia,Lachnospirales,Lachnospiraceae,Lachnospiraceae_ND3007_group,metagenome,0.0029211295034079843
Bacteria,Firmicutes,Clostridia,Lachnospirales,Lachnospiraceae,Anaerostipes,None,Bacteria,Firmicutes,Clostridia,Lachnospirales,Lachnospiraceae,Lachnospiraceae_NK4A136_group,None,0.0019474196689386564
Bacteria,Firmicutes,Clostridia,Lachnospirales,Lachnospiraceae,Anaerostipes,None,Bacteria,Firmicutes,Clostridia,Lachnospirales,Lachnospiraceae,Lachnospiraceae_NK4A136_group,uncultured_Lachnospiraceae_bacterium,0.0029211295034079843
Bacteria,Firmicutes,Clostridia,Lachnospirales,Lachnospiraceae,Anaerostipes,None,Bacteria,Firmicutes,Clostridia,Lachnospirales,Lachnospiraceae,Lachnospiraceae_NK4A136_group,uncultured_bacterium_Adhufec49.25,0.0029211295034079843
Bacteria,Firmicutes,Clostridia,Lachnospirales,Lachnospiraceae,Anaerostipes,None,Bacteria,Firmicutes,Clostridia,Lachnospirales,Lachnospiraceae,Lachnospiraceae_NK4B4_group,None,0.0019474196689386564
Bacteria,Firmicutes,Clostridia,Lachnospirales,Lachnospiraceae,Anaerostipes,None,Bacteria,Firmicutes,Clostridia,Lachnospirales,Lachnospiraceae,Lachnospiraceae_UCG-001,metagenome,0.0029211295034079843
Bacteria,Firmicutes,Clostridia,Lachnospirales,Lachnospiraceae,Anaerostipes,None,Bacteria,Firmicutes,Clostridia,Lachnospirales,Lachnospiraceae,Lachnospiraceae_UCG-004,None,0.0019474196689386564
Bacteria,Firmicutes,Clostridia,Lachnospirales,Lachnospiraceae,Anaerostipes,None,Bacteria,Firmicutes,Clostridia,Lachnospirales,Lachnospiraceae,Lachnospiraceae_UCG-008,metagenome,0.0029211295034079843
Bacteria,Firmicutes,Clostridia,Lachnospirales,Lachnospiraceae,Anaerostipes,None,Bacteria,Firmicutes,Clostridia,Lachnospirales,Lachnospiraceae,Lachnospiraceae_UCG-010,None,0.0019474196689386564
Bacteria,Firmicutes,Clostridia,Lachnospirales,Lachnospiraceae,Anaerostipes,None,Bacteria,Firmicutes,Clostridia,Lachnospirales,Lachnospiraceae,Marvinbryantia,None,0.0019474196689386564
Bacteria,Firmicutes,Clostridia,Lachnospirales,Lachnospiraceae,Anaerostipes,None,Bacteria,Firmicutes,Clostridia,Lachnospirales,Lachnospiraceae,Marvinbryantia,unidentified,0.0029211295034079843
Bacteria,Firmicutes,Clostridia,Lachnospirales,Lachnospiraceae,Anaerostipes,None,Bacteria,Firmicutes,Clostridia,Lachnospirales,Lachnospiraceae,Roseburia,None,0.0019474196689386564
Bacteria,Firmicutes,Clostridia,Lachnospirales,Lachnospiraceae,Anaerostipes,None,Bacteria,Firmicutes,Clostridia,Lachnospirales,Lachnospiraceae,Roseburia,gut_metagenome,0.0029211295034079843
Bacteria,Firmicutes,Clostridia,Lachnospirales,Lachnospiraceae,Anaerostipes,None,Bacteria,Firmicutes,Clostridia,Lachnospirales,Lachnospiraceae,Tuzzerella,None,0.0019474196689386564
Bacteria,Firmicutes,Clostridia,Lachnospirales,Lachnospiraceae,Anaerostipes,None,Bacteria,Firmicutes,Clostridia,Lachnospirales,Lachnospiraceae,Tyzzerella,None,0.0019474196689386564
Bacteria,Firmicutes,Clostridia,Lachnospirales,Lachnospiraceae,Anaerostipes,None,Bacteria,Firmicutes,Clostridia,Lachnospirales,Lachnospiraceae,Eubacterium_hallii_group,None,0.0019474196689386564
Bacteria,Firmicutes,Clostridia,Lachnospirales,Lachnospiraceae,Anaerostipes,None,Bacteria,Firmicutes,Clostridia,Lachnospirales,Lachnospiraceae,Eubacterium_ventriosum_group,metagenome,0.0029211295034079843
Bacteria,Firmicutes,Clostridia,Lachnospirales,Lachnospiraceae,Anaerostipes,None,Bacteria,Firmicutes,Clostridia,Lachnospirales,Lachnospiraceae,Ruminococcus_gauvreauii_group,uncultured_Lachnospiraceae_bacterium,0.0029211295034079843
Bacteria,Firmicutes,Clostridia,Lachnospirales,Lachnospiraceae,Anaerostipes,None,Bacteria,Firmicutes,Clostridia,Lachnospirales,Lachnospiraceae,Ruminococcus_gnavus_group,None,0.0019474196689386564
Bacteria,Firmicutes,Clostridia,Lachnospirales,Lachnospiraceae,Anaerostipes,None,Bacteria,Firmicutes,Clostridia,Lachnospirales,Lachnospiraceae,Ruminococcus_torques_group,Clostridiaceae_bacterium_LEMV78,0.0029211295034079843
Bacteria,Firmicutes,Clostridia,Lachnospirales,Lachnospiraceae,Anaerostipes,None,Bacteria,Firmicutes,Clostridia,Lachnospirales,Lachnospiraceae,Ruminococcus_torques_group,None,0.0019474196689386564
Bacteria,Firmicutes,Clostridia,Lachnospirales,Lachnospiraceae,Anaerostipes,None,Bacteria,Firmicutes,Clostridia,Lachnospirales,Lachnospiraceae,None,None,0.0019474196689386564
Bacteria,Firmicutes,Clostridia,Lachnospirales,Lachnospiraceae,Anaerostipes,None,Bacteria,Firmicutes,Clostridia,Lachnospirales,Lachnospiraceae,uncultured,None,0.0019474196689386564
Bacteria,Firmicutes,Clostridia,Lachnospirales,Lachnospiraceae,Anaerostipes,None,Bacteria,Firmicutes,Clostridia,Monoglobales,Monoglobaceae,Monoglobus,None,0.005842259006815969
Bacteria,Firmicutes,Clostridia,Lachnospirales,Lachnospiraceae,Anaerostipes,None,Bacteria,Firmicutes,Clostridia,Oscillospirales,Butyricicoccaceae,Butyricicoccus,None,0.005842259006815969
Bacteria,Firmicutes,Clostridia,Lachnospirales,Lachnospiraceae,Anaerostipes,None,Bacteria,Firmicutes,Clostridia,Oscillospirales,Hydrogenoanaerobacterium,None,None,0.004868549172346641
Bacteria,Firmicutes,Clostridia,Lachnospirales,Lachnospiraceae,Anaerostipes,None,Bacteria,Firmicutes,Clostridia,Oscillospirales,Oscillospiraceae,Colidextribacter,None,0.005842259006815969
Bacteria,Firmicutes,Clostridia,Lachnospirales,Lachnospiraceae,Anaerostipes,None,Bacteria,Firmicutes,Clostridia,Oscillospirales,Oscillospiraceae,Colidextribacter,metagenome,0.006815968841285297
Bacteria,Firmicutes,Clostridia,Lachnospirales,Lachnospiraceae,Anaerostipes,None,Bacteria,Firmicutes,Clostridia,Oscillospirales,Oscillospiraceae,Flavonifractor,None,0.005842259006815969
Bacteria,Firmicutes,Clostridia,Lachnospirales,Lachnospiraceae,Anaerostipes,None,Bacteria,Firmicutes,Clostridia,Oscillospirales,Oscillospiraceae,Intestinimonas,None,0.005842259006815969
Bacteria,Firmicutes,Clostridia,Lachnospirales,Lachnospiraceae,Anaerostipes,None,Bacteria,Firmicutes,Clostridia,Oscillospirales,Oscillospiraceae,Intestinimonas,uncultured,0.006815968841285297
Bacteria,Firmicutes,Clostridia,Lachnospirales,Lachnospiraceae,Anaerostipes,None,Bacteria,Firmicutes,Clostridia,Oscillospirales,Oscillospiraceae,NK4A214_group,None,0.005842259006815969
Bacteria,Firmicutes,Clostridia,Lachnospirales,Lachnospiraceae,Anaerostipes,None,Bacteria,Firmicutes,Clostridia,Oscillospirales,Oscillospiraceae,Oscillibacter,None,0.005842259006815969
Bacteria,Firmicutes,Clostridia,Lachnospirales,Lachnospiraceae,Anaerostipes,None,Bacteria,Firmicutes,Clostridia,Oscillospirales,Oscillospiraceae,Oscillibacter,metagenome,0.006815968841285297
Bacteria,Firmicutes,Clostridia,Lachnospirales,Lachnospiraceae,Anaerostipes,None,Bacteria,Firmicutes,Clostridia,Oscillospirales,Oscillospiraceae,Oscillospira,None,0.005842259006815969
Bacteria,Firmicutes,Clostridia,Lachnospirales,Lachnospiraceae,Anaerostipes,None,Bacteria,Firmicutes,Clostridia,Oscillospirales,Oscillospiraceae,UCG-002,None,0.005842259006815969
Bacteria,Firmicutes,Clostridia,Lachnospirales,Lachnospiraceae,Anaerostipes,None,Bacteria,Firmicutes,Clostridia,Oscillospirales,Oscillospiraceae,UCG-003,None,0.005842259006815969
Bacteria,Firmicutes,Clostridia,Lachnospirales,Lachnospiraceae,Anaerostipes,None,Bacteria,Firmicutes,Clostridia,Oscillospirales,Oscillospiraceae,UCG-005,None,0.005842259006815969
Bacteria,Firmicutes,Clostridia,Lachnospirales,Lachnospiraceae,Anaerostipes,None,Bacteria,Firmicutes,Clostridia,Oscillospirales,Oscillospiraceae,UCG-005,metagenome,0.006815968841285297
Bacteria,Firmicutes,Clostridia,Lachnospirales,Lachnospiraceae,Anaerostipes,None,Bacteria,Firmicutes,Clostridia,Oscillospirales,Oscillospiraceae,UCG-005,uncultured_Clostridiales_bacterium,0.006815968841285297
Bacteria,Firmicutes,Clostridia,Lachnospirales,Lachnospiraceae,Anaerostipes,None,Bacteria,Firmicutes,Clostridia,Oscillospirales,Oscillospiraceae,UCG-005,uncultured_rumen_bacterium,0.006815968841285297
Bacteria,Firmicutes,Clostridia,Lachnospirales,Lachnospiraceae,Anaerostipes,None,Bacteria,Firmicutes,Clostridia,Oscillospirales,Oscillospiraceae,None,None,0.004868549172346641
Bacteria,Firmicutes,Clostridia,Lachnospirales,Lachnospiraceae,Anaerostipes,None,Bacteria,Firmicutes,Clostridia,Oscillospirales,Oscillospiraceae,uncultured,metagenome,0.006815968841285297
Bacteria,Firmicutes,Clostridia,Lachnospirales,Lachnospiraceae,Anaerostipes,None,Bacteria,Firmicutes,Clostridia,Oscillospirales,Oscillospiraceae,uncultured,unidentified,0.006815968841285297
Bacteria,Firmicutes,Clostridia,Lachnospirales,Lachnospiraceae,Anaerostipes,None,Bacteria,Firmicutes,Clostridia,Oscillospirales,Ruminococcaceae,Anaerofilum,uncultured_Firmicutes_bacterium,0.006815968841285297
Bacteria,Firmicutes,Clostridia,Lachnospirales,Lachnospiraceae,Anaerostipes,None,Bacteria,Firmicutes,Clostridia,Oscillospirales,Ruminococcaceae,Anaerotruncus,Anaerotruncus_rubiinfantis,0.006815968841285297
Bacteria,Firmicutes,Clostridia,Lachnospirales,Lachnospiraceae,Anaerostipes,None,Bacteria,Firmicutes,Clostridia,Oscillospirales,Ruminococcaceae,Anaerotruncus,Anaerotruncus_sp._NML_070203,0.006815968841285297
Bacteria,Firmicutes,Clostridia,Lachnospirales,Lachnospiraceae,Anaerostipes,None,Bacteria,Firmicutes,Clostridia,Oscillospirales,Ruminococcaceae,Candidatus_Soleaferrea,Neobitarella_massiliensis,0.006815968841285297
Bacteria,Firmicutes,Clostridia,Lachnospirales,Lachnospiraceae,Anaerostipes,None,Bacteria,Firmicutes,Clostridia,Oscillospirales,Ruminococcaceae,Candidatus_Soleaferrea,None,0.005842259006815969
Bacteria,Firmicutes,Clostridia,Lachnospirales,Lachnospiraceae,Anaerostipes,None,Bacteria,Firmicutes,Clostridia,Oscillospirales,Ruminococcaceae,DTU089,None,0.005842259006815969
Bacteria,Firmicutes,Clostridia,Lachnospirales,Lachnospiraceae,Anaerostipes,None,Bacteria,Firmicutes,Clostridia,Oscillospirales,Ruminococcaceae,Faecalibacterium,None,0.005842259006815969
Bacteria,Firmicutes,Clostridia,Lachnospirales,Lachnospiraceae,Anaerostipes,None,Bacteria,Firmicutes,Clostridia,Oscillospirales,Ruminococcaceae,Fournierella,uncultured_organism,0.006815968841285297
Bacteria,Firmicutes,Clostridia,Lachnospirales,Lachnospiraceae,Anaerostipes,None,Bacteria,Firmicutes,Clostridia,Oscillospirales,Ruminococcaceae,Incertae_Sedis,metagenome,0.006815968841285297
Bacteria,Firmicutes,Clostridia,Lachnospirales,Lachnospiraceae,Anaerostipes,None,Bacteria,Firmicutes,Clostridia,Oscillospirales,Ruminococcaceae,Incertae_Sedis,None,0.005842259006815969
Bacteria,Firmicutes,Clostridia,Lachnospirales,Lachnospiraceae,Anaerostipes,None,Bacteria,Firmicutes,Clostridia,Oscillospirales,Ruminococcaceae,Negativibacillus,None,0.005842259006815969
Bacteria,Firmicutes,Clostridia,Lachnospirales,Lachnospiraceae,Anaerostipes,None,Bacteria,Firmicutes,Clostridia,Oscillospirales,Ruminococcaceae,Ruminococcus,Ruminococcus_champanellensis,0.006815968841285297
Bacteria,Firmicutes,Clostridia,Lachnospirales,Lachnospiraceae,Anaerostipes,None,Bacteria,Firmicutes,Clostridia,Oscillospirales,Ruminococcaceae,Ruminococcus,None,0.005842259006815969
Bacteria,Firmicutes,Clostridia,Lachnospirales,Lachnospiraceae,Anaerostipes,None,Bacteria,Firmicutes,Clostridia,Oscillospirales,Ruminococcaceae,Subdoligranulum,None,0.005842259006815969
Bacteria,Firmicutes,Clostridia,Lachnospirales,Lachnospiraceae,Anaerostipes,None,Bacteria,Firmicutes,Clostridia,Oscillospirales,Ruminococcaceae,UBA1819,None,0.005842259006815969
Bacteria,Firmicutes,Clostridia,Lachnospirales,Lachnospiraceae,Anaerostipes,None,Bacteria,Firmicutes,Clostridia,Oscillospirales,Ruminococcaceae,Eubacterium_siraeum_group,None,0.005842259006815969
Bacteria,Firmicutes,Clostridia,Lachnospirales,Lachnospiraceae,Anaerostipes,None,Bacteria,Firmicutes,Clostridia,Oscillospirales,Ruminococcaceae,None,None,0.004868549172346641
Bacteria,Firmicutes,Clostridia,Lachnospirales,Lachnospiraceae,Anaerostipes,None,Bacteria,Firmicutes,Clostridia,Oscillospirales,UCG-010,None,None,0.004868549172346641
Bacteria,Firmicutes,Clostridia,Lachnospirales,Lachnospiraceae,Anaerostipes,None,Bacteria,Firmicutes,Clostridia,Oscillospirales,UCG-010,metagenome,None,0.005842259006815969
Bacteria,Firmicutes,Clostridia,Lachnospirales,Lachnospiraceae,Anaerostipes,None,Bacteria,Firmicutes,Clostridia,Oscillospirales,UCG-010,uncultured_bacterium,None,0.005842259006815969
Bacteria,Firmicutes,Clostridia,Lachnospirales,Lachnospiraceae,Anaerostipes,None,Bacteria,Firmicutes,Clostridia,Oscillospirales,UCG-010,uncultured_organism,None,0.005842259006815969
Bacteria,Firmicutes,Clostridia,Lachnospirales,Lachnospiraceae,Anaerostipes,None,Bacteria,Firmicutes,Clostridia,Oscillospirales,Clostridium_methylpentosum_group,None,None,0.004868549172346641
Bacteria,Firmicutes,Clostridia,Lachnospirales,Lachnospiraceae,Anaerostipes,None,Bacteria,Firmicutes,Clostridia,Oscillospirales,Eubacterium_coprostanoligenes_group,None,None,0.004868549172346641
Bacteria,Firmicutes,Clostridia,Lachnospirales,Lachnospiraceae,Anaerostipes,None,Bacteria,Firmicutes,Clostridia,Oscillospirales,None,None,None,0.0038948393378773127
Bacteria,Firmicutes,Clostridia,Lachnospirales,Lachnospiraceae,Anaerostipes,None,Bacteria,Firmicutes,Clostridia,Peptococcales,Peptococcaceae,uncultured,None,0.005842259006815969
Bacteria,Firmicutes,Clostridia,Lachnospirales,Lachnospiraceae,Anaerostipes,None,Bacteria,Firmicutes,Clostridia,Peptostreptococcales-Tissierellales,Anaerovoracaceae,Family_XIII_AD3011_group,metagenome,0.006815968841285297
Bacteria,Firmicutes,Clostridia,Lachnospirales,Lachnospiraceae,Anaerostipes,None,Bacteria,Firmicutes,Clostridia,Peptostreptococcales-Tissierellales,Anaerovoracaceae,Family_XIII_AD3011_group,None,0.005842259006815969
Bacteria,Firmicutes,Clostridia,Lachnospirales,Lachnospiraceae,Anaerostipes,None,Bacteria,Firmicutes,Clostridia,Peptostreptococcales-Tissierellales,Anaerovoracaceae,Family_XIII_AD3011_group,uncultured,0.006815968841285297
Bacteria,Firmicutes,Clostridia,Lachnospirales,Lachnospiraceae,Anaerostipes,None,Bacteria,Firmicutes,Clostridia,Peptostreptococcales-Tissierellales,Anaerovoracaceae,Family_XIII_UCG-001,metagenome,0.006815968841285297
Bacteria,Firmicutes,Clostridia,Lachnospirales,Lachnospiraceae,Anaerostipes,None,Bacteria,Firmicutes,Clostridia,Peptostreptococcales-Tissierellales,Anaerovoracaceae,Eubacterium_nodatum_group,None,0.005842259006815969
Bacteria,Firmicutes,Clostridia,Lachnospirales,Lachnospiraceae,Anaerostipes,None,Bacteria,Firmicutes,Clostridia,Peptostreptococcales-Tissierellales,Anaerovoracaceae,None,None,0.004868549172346641
Bacteria,Firmicutes,Clostridia,Lachnospirales,Lachnospiraceae,Anaerostipes,None,Bacteria,Firmicutes,Clostridia,Peptostreptococcales-Tissierellales,Parvimonas,None,None,0.004868549172346641
Bacteria,Firmicutes,Clostridia,Lachnospirales,Lachnospiraceae,Anaerostipes,None,Bacteria,Firmicutes,Clostridia,None,None,None,None,0.0029211295034079843
Bacteria,Firmicutes,Clostridia,Lachnospirales,Lachnospiraceae,Anaerostipes,None,Bacteria,Firmicutes,Incertae_Sedis,DTU014,unidentified,None,None,0.006815968841285297
Bacteria,Firmicutes,Clostridia,Lachnospirales,Lachnospiraceae,Anaerostipes,None,Bacteria,Firmicutes,Limnochordia,M55-D21,uncultured_compost_bacterium,None,None,0.006815968841285297
Bacteria,Firmicutes,Clostridia,Lachnospirales,Lachnospiraceae,Anaerostipes,None,Bacteria,Firmicutes,Negativicutes,Acidaminococcales,Acidaminococcaceae,Phascolarctobacterium,None,0.007789678675754625
Bacteria,Firmicutes,Clostridia,Lachnospirales,Lachnospiraceae,Anaerostipes,None,Bacteria,Firmicutes,None,None,None,None,None,0.0038948393378773127
Bacteria,Firmicutes,Clostridia,Lachnospirales,Lachnospiraceae,Anaerostipes,None,Bacteria,Firmicutes,uncultured,uncultured_Peptococcaceae_bacterium,None,None,None,0.005842259006815969
Bacteria,Firmicutes,Clostridia,Lachnospirales,Lachnospiraceae,Anaerostipes,None,Bacteria,Proteobacteria,Alphaproteobacteria,Rhodospirillales,uncultured,None,None,0.008763388510223954
Bacteria,Firmicutes,Clostridia,Lachnospirales,Lachnospiraceae,Anaerostipes,None,Bacteria,Proteobacteria,Gammaproteobacteria,Burkholderiales,Sutterellaceae,Sutterella,Sutterella_sp._252,0.010710808179162609
Bacteria,Firmicutes,Clostridia,Lachnospirales,Lachnospiraceae,Anaerostipes,None,Bacteria,Proteobacteria,Gammaproteobacteria,Enterobacterales,Enterobacteriaceae,Escherichia-Shigella,None,0.009737098344693282
Bacteria,Firmicutes,Clostridia,Lachnospirales,Lachnospiraceae,Anaerostipes,None,Bacteria,Proteobacteria,Gammaproteobacteria,Enterobacterales,Enterobacteriaceae,Klebsiella,None,0.009737098344693282
Bacteria,Firmicutes,Clostridia,Lachnospirales,Lachnospiraceae,Anaerostipes,None,Bacteria,Proteobacteria,Gammaproteobacteria,Enterobacterales,Enterobacteriaceae,None,None,0.008763388510223954
Bacteria,Firmicutes,Clostridia,Lachnospirales,Lachnospiraceae,Anaerostipes,None,Bacteria,Proteobacteria,Gammaproteobacteria,Pseudomonadales,Pseudomonadaceae,Pseudomonas,None,0.009737098344693282
Bacteria,Firmicutes,Clostridia,Lachnospirales,Lachnospiraceae,Anaerostipes,None,Bacteria,Synergistota,Synergistia,Synergistales,Synergistaceae,Cloacibacillus,None,0.009737098344693282
Bacteria,Firmicutes,Clostridia,Lachnospirales,Lachnospiraceae,Anaerostipes,None,Bacteria,Verrucomicrobiota,Verrucomicrobiae,Verrucomicrobiales,Akkermansiaceae,Akkermansia,None,0.009737098344693282
Bacteria,Firmicutes,Clostridia,Lachnospirales,Lachnospiraceae,Blautia,None,Bacteria,Firmicutes,Clostridia,Lachnospirales,Lachnospiraceae,Blautia,bacterium_mpn-isolate_group_20,0.0009737098344693282
Bacteria,Firmicutes,Clostridia,Lachnospirales,Lachnospiraceae,Blautia,None,Bacteria,Firmicutes,Clostridia,Lachnospirales,Lachnospiraceae,Blautia,uncultured_Blautia_sp.,0.0009737098344693282
Bacteria,Firmicutes,Clostridia,Lachnospirales,Lachnospiraceae,Blautia,None,Bacteria,Firmicutes,Clostridia,Lachnospirales,Lachnospiraceae,Coprococcus,None,0.0019474196689386564
Bacteria,Firmicutes,Clostridia,Lachnospirales,Lachnospiraceae,Blautia,None,Bacteria,Firmicutes,Clostridia,Lachnospirales,Lachnospiraceae,Coprococcus,uncultured_Coprococcus_sp.,0.0029211295034079843
Bacteria,Firmicutes,Clostridia,Lachnospirales,Lachnospiraceae,Blautia,None,Bacteria,Firmicutes,Clostridia,Lachnospirales,Lachnospiraceae,Dorea,None,0.0019474196689386564
Bacteria,Firmicutes,Clostridia,Lachnospirales,Lachnospiraceae,Blautia,None,Bacteria,Firmicutes,Clostridia,Lachnospirales,Lachnospiraceae,Eisenbergiella,None,0.0019474196689386564
Bacteria,Firmicutes,Clostridia,Lachnospirales,Lachnospiraceae,Blautia,None,Bacteria,Firmicutes,Clostridia,Lachnospirales,Lachnospiraceae,Frisingicoccus,None,0.0019474196689386564
Bacteria,Firmicutes,Clostridia,Lachnospirales,Lachnospiraceae,Blautia,None,Bacteria,Firmicutes,Clostridia,Lachnospirales,Lachnospiraceae,Fusicatenibacter,uncultured_Lachnospiraceae_bacterium,0.0029211295034079843
Bacteria,Firmicutes,Clostridia,Lachnospirales,Lachnospiraceae,Blautia,None,Bacteria,Firmicutes,Clostridia,Lachnospirales,Lachnospiraceae,GCA-900066575,None,0.0019474196689386564
Bacteria,Firmicutes,Clostridia,Lachnospirales,Lachnospiraceae,Blautia,None,Bacteria,Firmicutes,Clostridia,Lachnospirales,Lachnospiraceae,GCA-900066575,metagenome,0.0029211295034079843
Bacteria,Firmicutes,Clostridia,Lachnospirales,Lachnospiraceae,Blautia,None,Bacteria,Firmicutes,Clostridia,Lachnospirales,Lachnospiraceae,GCA-900066755,None,0.0019474196689386564
Bacteria,Firmicutes,Clostridia,Lachnospirales,Lachnospiraceae,Blautia,None,Bacteria,Firmicutes,Clostridia,Lachnospirales,Lachnospiraceae,Hungatella,metagenome,0.0029211295034079843
Bacteria,Firmicutes,Clostridia,Lachnospirales,Lachnospiraceae,Blautia,None,Bacteria,Firmicutes,Clostridia,Lachnospirales,Lachnospiraceae,Lachnoclostridium,Clostridium_symbiosum,0.0029211295034079843
Bacteria,Firmicutes,Clostridia,Lachnospirales,Lachnospiraceae,Blautia,None,Bacteria,Firmicutes,Clostridia,Lachnospirales,Lachnospiraceae,Lachnoclostridium,None,0.0019474196689386564
Bacteria,Firmicutes,Clostridia,Lachnospirales,Lachnospiraceae,Blautia,None,Bacteria,Firmicutes,Clostridia,Lachnospirales,Lachnospiraceae,Lachnoclostridium,uncultured_Lachnospiraceae_bacterium,0.0029211295034079843
Bacteria,Firmicutes,Clostridia,Lachnospirales,Lachnospiraceae,Blautia,None,Bacteria,Firmicutes,Clostridia,Lachnospirales,Lachnospiraceae,Lachnospiraceae_ND3007_group,metagenome,0.0029211295034079843
Bacteria,Firmicutes,Clostridia,Lachnospirales,Lachnospiraceae,Blautia,None,Bacteria,Firmicutes,Clostridia,Lachnospirales,Lachnospiraceae,Lachnospiraceae_NK4A136_group,None,0.0019474196689386564
Bacteria,Firmicutes,Clostridia,Lachnospirales,Lachnospiraceae,Blautia,None,Bacteria,Firmicutes,Clostridia,Lachnospirales,Lachnospiraceae,Lachnospiraceae_NK4A136_group,uncultured_Lachnospiraceae_bacterium,0.0029211295034079843
Bacteria,Firmicutes,Clostridia,Lachnospirales,Lachnospiraceae,Blautia,None,Bacteria,Firmicutes,Clostridia,Lachnospirales,Lachnospiraceae,Lachnospiraceae_NK4A136_group,uncultured_bacterium_Adhufec49.25,0.0029211295034079843
Bacteria,Firmicutes,Clostridia,Lachnospirales,Lachnospiraceae,Blautia,None,Bacteria,Firmicutes,Clostridia,Lachnospirales,Lachnospiraceae,Lachnospiraceae_NK4B4_group,None,0.0019474196689386564
Bacteria,Firmicutes,Clostridia,Lachnospirales,Lachnospiraceae,Blautia,None,Bacteria,Firmicutes,Clostridia,Lachnospirales,Lachnospiraceae,Lachnospiraceae_UCG-001,metagenome,0.0029211295034079843
Bacteria,Firmicutes,Clostridia,Lachnospirales,Lachnospiraceae,Blautia,None,Bacteria,Firmicutes,Clostridia,Lachnospirales,Lachnospiraceae,Lachnospiraceae_UCG-004,None,0.0019474196689386564
Bacteria,Firmicutes,Clostridia,Lachnospirales,Lachnospiraceae,Blautia,None,Bacteria,Firmicutes,Clostridia,Lachnospirales,Lachnospiraceae,Lachnospiraceae_UCG-008,metagenome,0.0029211295034079843
Bacteria,Firmicutes,Clostridia,Lachnospirales,Lachnospiraceae,Blautia,None,Bacteria,Firmicutes,Clostridia,Lachnospirales,Lachnospiraceae,Lachnospiraceae_UCG-010,None,0.0019474196689386564
Bacteria,Firmicutes,Clostridia,Lachnospirales,Lachnospiraceae,Blautia,None,Bacteria,Firmicutes,Clostridia,Lachnospirales,Lachnospiraceae,Marvinbryantia,None,0.0019474196689386564
Bacteria,Firmicutes,Clostridia,Lachnospirales,Lachnospiraceae,Blautia,None,Bacteria,Firmicutes,Clostridia,Lachnospirales,Lachnospiraceae,Marvinbryantia,unidentified,0.0029211295034079843
Bacteria,Firmicutes,Clostridia,Lachnospirales,Lachnospiraceae,Blautia,None,Bacteria,Firmicutes,Clostridia,Lachnospirales,Lachnospiraceae,Roseburia,None,0.0019474196689386564
Bacteria,Firmicutes,Clostridia,Lachnospirales,Lachnospiraceae,Blautia,None,Bacteria,Firmicutes,Clostridia,Lachnospirales,Lachnospiraceae,Roseburia,gut_metagenome,0.0029211295034079843
Bacteria,Firmicutes,Clostridia,Lachnospirales,Lachnospiraceae,Blautia,None,Bacteria,Firmicutes,Clostridia,Lachnospirales,Lachnospiraceae,Tuzzerella,None,0.0019474196689386564
Bacteria,Firmicutes,Clostridia,Lachnospirales,Lachnospiraceae,Blautia,None,Bacteria,Firmicutes,Clostridia,Lachnospirales,Lachnospiraceae,Tyzzerella,None,0.0019474196689386564
Bacteria,Firmicutes,Clostridia,Lachnospirales,Lachnospiraceae,Blautia,None,Bacteria,Firmicutes,Clostridia,Lachnospirales,Lachnospiraceae,Eubacterium_hallii_group,None,0.0019474196689386564
Bacteria,Firmicutes,Clostridia,Lachnospirales,Lachnospiraceae,Blautia,None,Bacteria,Firmicutes,Clostridia,Lachnospirales,Lachnospiraceae,Eubacterium_ventriosum_group,metagenome,0.0029211295034079843
Bacteria,Firmicutes,Clostridia,Lachnospirales,Lachnospiraceae,Blautia,None,Bacteria,Firmicutes,Clostridia,Lachnospirales,Lachnospiraceae,Ruminococcus_gauvreauii_group,uncultured_Lachnospiraceae_bacterium,0.0029211295034079843
Bacteria,Firmicutes,Clostridia,Lachnospirales,Lachnospiraceae,Blautia,None,Bacteria,Firmicutes,Clostridia,Lachnospirales,Lachnospiraceae,Ruminococcus_gnavus_group,None,0.0019474196689386564
Bacteria,Firmicutes,Clostridia,Lachnospirales,Lachnospiraceae,Blautia,None,Bacteria,Firmicutes,Clostridia,Lachnospirales,Lachnospiraceae,Ruminococcus_torques_group,Clostridiaceae_bacterium_LEMV78,0.0029211295034079843
Bacteria,Firmicutes,Clostridia,Lachnospirales,Lachnospiraceae,Blautia,None,Bacteria,Firmicutes,Clostridia,Lachnospirales,Lachnospiraceae,Ruminococcus_torques_group,None,0.0019474196689386564
Bacteria,Firmicutes,Clostridia,Lachnospirales,Lachnospiraceae,Blautia,None,Bacteria,Firmicutes,Clostridia,Lachnospirales,Lachnospiraceae,None,None,0.0019474196689386564
Bacteria,Firmicutes,Clostridia,Lachnospirales,Lachnospiraceae,Blautia,None,Bacteria,Firmicutes,Clostridia,Lachnospirales,Lachnospiraceae,uncultured,None,0.0019474196689386564
Bacteria,Firmicutes,Clostridia,Lachnospirales,Lachnospiraceae,Blautia,None,Bacteria,Firmicutes,Clostridia,Monoglobales,Monoglobaceae,Monoglobus,None,0.005842259006815969
Bacteria,Firmicutes,Clostridia,Lachnospirales,Lachnospiraceae,Blautia,None,Bacteria,Firmicutes,Clostridia,Oscillospirales,Butyricicoccaceae,Butyricicoccus,None,0.005842259006815969
Bacteria,Firmicutes,Clostridia,Lachnospirales,Lachnospiraceae,Blautia,None,Bacteria,Firmicutes,Clostridia,Oscillospirales,Hydrogenoanaerobacterium,None,None,0.004868549172346641
Bacteria,Firmicutes,Clostridia,Lachnospirales,Lachnospiraceae,Blautia,None,Bacteria,Firmicutes,Clostridia,Oscillospirales,Oscillospiraceae,Colidextribacter,None,0.005842259006815969
Bacteria,Firmicutes,Clostridia,Lachnospirales,Lachnospiraceae,Blautia,None,Bacteria,Firmicutes,Clostridia,Oscillospirales,Oscillospiraceae,Colidextribacter,metagenome,0.006815968841285297
Bacteria,Firmicutes,Clostridia,Lachnospirales,Lachnospiraceae,Blautia,None,Bacteria,Firmicutes,Clostridia,Oscillospirales,Oscillospiraceae,Flavonifractor,None,0.005842259006815969
Bacteria,Firmicutes,Clostridia,Lachnospirales,Lachnospiraceae,Blautia,None,Bacteria,Firmicutes,Clostridia,Oscillospirales,Oscillospiraceae,Intestinimonas,None,0.005842259006815969
Bacteria,Firmicutes,Clostridia,Lachnospirales,Lachnospiraceae,Blautia,None,Bacteria,Firmicutes,Clostridia,Oscillospirales,Oscillospiraceae,Intestinimonas,uncultured,0.006815968841285297
Bacteria,Firmicutes,Clostridia,Lachnospirales,Lachnospiraceae,Blautia,None,Bacteria,Firmicutes,Clostridia,Oscillospirales,Oscillospiraceae,NK4A214_group,None,0.005842259006815969
Bacteria,Firmicutes,Clostridia,Lachnospirales,Lachnospiraceae,Blautia,None,Bacteria,Firmicutes,Clostridia,Oscillospirales,Oscillospiraceae,Oscillibacter,None,0.005842259006815969
Bacteria,Firmicutes,Clostridia,Lachnospirales,Lachnospiraceae,Blautia,None,Bacteria,Firmicutes,Clostridia,Oscillospirales,Oscillospiraceae,Oscillibacter,metagenome,0.006815968841285297
Bacteria,Firmicutes,Clostridia,Lachnospirales,Lachnospiraceae,Blautia,None,Bacteria,Firmicutes,Clostridia,Oscillospirales,Oscillospiraceae,Oscillospira,None,0.005842259006815969
Bacteria,Firmicutes,Clostridia,Lachnospirales,Lachnospiraceae,Blautia,None,Bacteria,Firmicutes,Clostridia,Oscillospirales,Oscillospiraceae,UCG-002,None,0.005842259006815969
Bacteria,Firmicutes,Clostridia,Lachnospirales,Lachnospiraceae,Blautia,None,Bacteria,Firmicutes,Clostridia,Oscillospirales,Oscillospiraceae,UCG-003,None,0.005842259006815969
Bacteria,Firmicutes,Clostridia,Lachnospirales,Lachnospiraceae,Blautia,None,Bacteria,Firmicutes,Clostridia,Oscillospirales,Oscillospiraceae,UCG-005,None,0.005842259006815969
Bacteria,Firmicutes,Clostridia,Lachnospirales,Lachnospiraceae,Blautia,None,Bacteria,Firmicutes,Clostridia,Oscillospirales,Oscillospiraceae,UCG-005,metagenome,0.006815968841285297
Bacteria,Firmicutes,Clostridia,Lachnospirales,Lachnospiraceae,Blautia,None,Bacteria,Firmicutes,Clostridia,Oscillospirales,Oscillospiraceae,UCG-005,uncultured_Clostridiales_bacterium,0.006815968841285297
Bacteria,Firmicutes,Clostridia,Lachnospirales,Lachnospiraceae,Blautia,None,Bacteria,Firmicutes,Clostridia,Oscillospirales,Oscillospiraceae,UCG-005,uncultured_rumen_bacterium,0.006815968841285297
Bacteria,Firmicutes,Clostridia,Lachnospirales,Lachnospiraceae,Blautia,None,Bacteria,Firmicutes,Clostridia,Oscillospirales,Oscillospiraceae,None,None,0.004868549172346641
Bacteria,Firmicutes,Clostridia,Lachnospirales,Lachnospiraceae,Blautia,None,Bacteria,Firmicutes,Clostridia,Oscillospirales,Oscillospiraceae,uncultured,metagenome,0.006815968841285297
Bacteria,Firmicutes,Clostridia,Lachnospirales,Lachnospiraceae,Blautia,None,Bacteria,Firmicutes,Clostridia,Oscillospirales,Oscillospiraceae,uncultured,unidentified,0.006815968841285297
Bacteria,Firmicutes,Clostridia,Lachnospirales,Lachnospiraceae,Blautia,None,Bacteria,Firmicutes,Clostridia,Oscillospirales,Ruminococcaceae,Anaerofilum,uncultured_Firmicutes_bacterium,0.006815968841285297
Bacteria,Firmicutes,Clostridia,Lachnospirales,Lachnospiraceae,Blautia,None,Bacteria,Firmicutes,Clostridia,Oscillospirales,Ruminococcaceae,Anaerotruncus,Anaerotruncus_rubiinfantis,0.006815968841285297
Bacteria,Firmicutes,Clostridia,Lachnospirales,Lachnospiraceae,Blautia,None,Bacteria,Firmicutes,Clostridia,Oscillospirales,Ruminococcaceae,Anaerotruncus,Anaerotruncus_sp._NML_070203,0.006815968841285297
Bacteria,Firmicutes,Clostridia,Lachnospirales,Lachnospiraceae,Blautia,None,Bacteria,Firmicutes,Clostridia,Oscillospirales,Ruminococcaceae,Candidatus_Soleaferrea,Neobitarella_massiliensis,0.006815968841285297
Bacteria,Firmicutes,Clostridia,Lachnospirales,Lachnospiraceae,Blautia,None,Bacteria,Firmicutes,Clostridia,Oscillospirales,Ruminococcaceae,Candidatus_Soleaferrea,None,0.005842259006815969
Bacteria,Firmicutes,Clostridia,Lachnospirales,Lachnospiraceae,Blautia,None,Bacteria,Firmicutes,Clostridia,Oscillospirales,Ruminococcaceae,DTU089,None,0.005842259006815969
Bacteria,Firmicutes,Clostridia,Lachnospirales,Lachnospiraceae,Blautia,None,Bacteria,Firmicutes,Clostridia,Oscillospirales,Ruminococcaceae,Faecalibacterium,None,0.005842259006815969
Bacteria,Firmicutes,Clostridia,Lachnospirales,Lachnospiraceae,Blautia,None,Bacteria,Firmicutes,Clostridia,Oscillospirales,Ruminococcaceae,Fournierella,uncultured_organism,0.006815968841285297
Bacteria,Firmicutes,Clostridia,Lachnospirales,Lachnospiraceae,Blautia,None,Bacteria,Firmicutes,Clostridia,Oscillospirales,Ruminococcaceae,Incertae_Sedis,metagenome,0.006815968841285297
Bacteria,Firmicutes,Clostridia,Lachnospirales,Lachnospiraceae,Blautia,None,Bacteria,Firmicutes,Clostridia,Oscillospirales,Ruminococcaceae,Incertae_Sedis,None,0.005842259006815969
Bacteria,Firmicutes,Clostridia,Lachnospirales,Lachnospiraceae,Blautia,None,Bacteria,Firmicutes,Clostridia,Oscillospirales,Ruminococcaceae,Negativibacillus,None,0.005842259006815969
Bacteria,Firmicutes,Clostridia,Lachnospirales,Lachnospiraceae,Blautia,None,Bacteria,Firmicutes,Clostridia,Oscillospirales,Ruminococcaceae,Ruminococcus,Ruminococcus_champanellensis,0.006815968841285297
Bacteria,Firmicutes,Clostridia,Lachnospirales,Lachnospiraceae,Blautia,None,Bacteria,Firmicutes,Clostridia,Oscillospirales,Ruminococcaceae,Ruminococcus,None,0.005842259006815969
Bacteria,Firmicutes,Clostridia,Lachnospirales,Lachnospiraceae,Blautia,None,Bacteria,Firmicutes,Clostridia,Oscillospirales,Ruminococcaceae,Subdoligranulum,None,0.005842259006815969
Bacteria,Firmicutes,Clostridia,Lachnospirales,Lachnospiraceae,Blautia,None,Bacteria,Firmicutes,Clostridia,Oscillospirales,Ruminococcaceae,UBA1819,None,0.005842259006815969
Bacteria,Firmicutes,Clostridia,Lachnospirales,Lachnospiraceae,Blautia,None,Bacteria,Firmicutes,Clostridia,Oscillospirales,Ruminococcaceae,Eubacterium_siraeum_group,None,0.005842259006815969
Bacteria,Firmicutes,Clostridia,Lachnospirales,Lachnospiraceae,Blautia,None,Bacteria,Firmicutes,Clostridia,Oscillospirales,Ruminococcaceae,None,None,0.004868549172346641
Bacteria,Firmicutes,Clostridia,Lachnospirales,Lachnospiraceae,Blautia,None,Bacteria,Firmicutes,Clostridia,Oscillospirales,UCG-010,None,None,0.004868549172346641
Bacteria,Firmicutes,Clostridia,Lachnospirales,Lachnospiraceae,Blautia,None,Bacteria,Firmicutes,Clostridia,Oscillospirales,UCG-010,metagenome,None,0.005842259006815969
Bacteria,Firmicutes,Clostridia,Lachnospirales,Lachnospiraceae,Blautia,None,Bacteria,Firmicutes,Clostridia,Oscillospirales,UCG-010,uncultured_bacterium,None,0.005842259006815969
Bacteria,Firmicutes,Clostridia,Lachnospirales,Lachnospiraceae,Blautia,None,Bacteria,Firmicutes,Clostridia,Oscillospirales,UCG-010,uncultured_organism,None,0.005842259006815969
Bacteria,Firmicutes,Clostridia,Lachnospirales,Lachnospiraceae,Blautia,None,Bacteria,Firmicutes,Clostridia,Oscillospirales,Clostridium_methylpentosum_group,None,None,0.004868549172346641
Bacteria,Firmicutes,Clostridia,Lachnospirales,Lachnospiraceae,Blautia,None,Bacteria,Firmicutes,Clostridia,Oscillospirales,Eubacterium_coprostanoligenes_group,None,None,0.004868549172346641
Bacteria,Firmicutes,Clostridia,Lachnospirales,Lachnospiraceae,Blautia,None,Bacteria,Firmicutes,Clostridia,Oscillospirales,None,None,None,0.0038948393378773127
Bacteria,Firmicutes,Clostridia,Lachnospirales,Lachnospiraceae,Blautia,None,Bacteria,Firmicutes,Clostridia,Peptococcales,Peptococcaceae,uncultured,None,0.005842259006815969
Bacteria,Firmicutes,Clostridia,Lachnospirales,Lachnospiraceae,Blautia,None,Bacteria,Firmicutes,Clostridia,Peptostreptococcales-Tissierellales,Anaerovoracaceae,Family_XIII_AD3011_group,metagenome,0.006815968841285297
Bacteria,Firmicutes,Clostridia,Lachnospirales,Lachnospiraceae,Blautia,None,Bacteria,Firmicutes,Clostridia,Peptostreptococcales-Tissierellales,Anaerovoracaceae,Family_XIII_AD3011_group,None,0.005842259006815969
Bacteria,Firmicutes,Clostridia,Lachnospirales,Lachnospiraceae,Blautia,None,Bacteria,Firmicutes,Clostridia,Peptostreptococcales-Tissierellales,Anaerovoracaceae,Family_XIII_AD3011_group,uncultured,0.006815968841285297
Bacteria,Firmicutes,Clostridia,Lachnospirales,Lachnospiraceae,Blautia,None,Bacteria,Firmicutes,Clostridia,Peptostreptococcales-Tissierellales,Anaerovoracaceae,Family_XIII_UCG-001,metagenome,0.006815968841285297
Bacteria,Firmicutes,Clostridia,Lachnospirales,Lachnospiraceae,Blautia,None,Bacteria,Firmicutes,Clostridia,Peptostreptococcales-Tissierellales,Anaerovoracaceae,Eubacterium_nodatum_group,None,0.005842259006815969
Bacteria,Firmicutes,Clostridia,Lachnospirales,Lachnospiraceae,Blautia,None,Bacteria,Firmicutes,Clostridia,Peptostreptococcales-Tissierellales,Anaerovoracaceae,None,None,0.004868549172346641
Bacteria,Firmicutes,Clostridia,Lachnospirales,Lachnospiraceae,Blautia,None,Bacteria,Firmicutes,Clostridia,Peptostreptococcales-Tissierellales,Parvimonas,None,None,0.004868549172346641
Bacteria,Firmicutes,Clostridia,Lachnospirales,Lachnospiraceae,Blautia,None,Bacteria,Firmicutes,Clostridia,None,None,None,None,0.0029211295034079843
Bacteria,Firmicutes,Clostridia,Lachnospirales,Lachnospiraceae,Blautia,None,Bacteria,Firmicutes,Incertae_Sedis,DTU014,unidentified,None,None,0.006815968841285297
Bacteria,Firmicutes,Clostridia,Lachnospirales,Lachnospiraceae,Blautia,None,Bacteria,Firmicutes,Limnochordia,M55-D21,uncultured_compost_bacterium,None,None,0.006815968841285297
Bacteria,Firmicutes,Clostridia,Lachnospirales,Lachnospiraceae,Blautia,None,Bacteria,Firmicutes,Negativicutes,Acidaminococcales,Acidaminococcaceae,Phascolarctobacterium,None,0.007789678675754625
Bacteria,Firmicutes,Clostridia,Lachnospirales,Lachnospiraceae,Blautia,None,Bacteria,Firmicutes,None,None,None,None,None,0.0038948393378773127
Bacteria,Firmicutes,Clostridia,Lachnospirales,Lachnospiraceae,Blautia,None,Bacteria,Firmicutes,uncultured,uncultured_Peptococcaceae_bacterium,None,None,None,0.005842259006815969
Bacteria,Firmicutes,Clostridia,Lachnospirales,Lachnospiraceae,Blautia,None,Bacteria,Proteobacteria,Alphaproteobacteria,Rhodospirillales,uncultured,None,None,0.008763388510223954
Bacteria,Firmicutes,Clostridia,Lachnospirales,Lachnospiraceae,Blautia,None,Bacteria,Proteobacteria,Gammaproteobacteria,Burkholderiales,Sutterellaceae,Sutterella,Sutterella_sp._252,0.010710808179162609
Bacteria,Firmicutes,Clostridia,Lachnospirales,Lachnospiraceae,Blautia,None,Bacteria,Proteobacteria,Gammaproteobacteria,Enterobacterales,Enterobacteriaceae,Escherichia-Shigella,None,0.009737098344693282
Bacteria,Firmicutes,Clostridia,Lachnospirales,Lachnospiraceae,Blautia,None,Bacteria,Proteobacteria,Gammaproteobacteria,Enterobacterales,Enterobacteriaceae,Klebsiella,None,0.009737098344693282
Bacteria,Firmicutes,Clostridia,Lachnospirales,Lachnospiraceae,Blautia,None,Bacteria,Proteobacteria,Gammaproteobacteria,Enterobacterales,Enterobacteriaceae,None,None,0.008763388510223954
Bacteria,Firmicutes,Clostridia,Lachnospirales,Lachnospiraceae,Blautia,None,Bacteria,Proteobacteria,Gammaproteobacteria,Pseudomonadales,Pseudomonadaceae,Pseudomonas,None,0.009737098344693282
Bacteria,Firmicutes,Clostridia,Lachnospirales,Lachnospiraceae,Blautia,None,Bacteria,Synergistota,Synergistia,Synergistales,Synergistaceae,Cloacibacillus,None,0.009737098344693282
Bacteria,Firmicutes,Clostridia,Lachnospirales,Lachnospiraceae,Blautia,None,Bacteria,Verrucomicrobiota,Verrucomicrobiae,Verrucomicrobiales,Akkermansiaceae,Akkermansia,None,0.009737098344693282
Bacteria,Firmicutes,Clostridia,Lachnospirales,Lachnospiraceae,Blautia,bacterium_mpn-isolate_group_20,Bacteria,Firmicutes,Clostridia,Lachnospirales,Lachnospiraceae,Blautia,uncultured_Blautia_sp.,0.0019474196689386564
Bacteria,Firmicutes,Clostridia,Lachnospirales,Lachnospiraceae,Blautia,bacterium_mpn-isolate_group_20,Bacteria,Firmicutes,Clostridia,Lachnospirales,Lachnospiraceae,Coprococcus,None,0.0029211295034079843
Bacteria,Firmicutes,Clostridia,Lachnospirales,Lachnospiraceae,Blautia,bacterium_mpn-isolate_group_20,Bacteria,Firmicutes,Clostridia,Lachnospirales,Lachnospiraceae,Coprococcus,uncultured_Coprococcus_sp.,0.0038948393378773127
Bacteria,Firmicutes,Clostridia,Lachnospirales,Lachnospiraceae,Blautia,bacterium_mpn-isolate_group_20,Bacteria,Firmicutes,Clostridia,Lachnospirales,Lachnospiraceae,Dorea,None,0.0029211295034079843
Bacteria,Firmicutes,Clostridia,Lachnospirales,Lachnospiraceae,Blautia,bacterium_mpn-isolate_group_20,Bacteria,Firmicutes,Clostridia,Lachnospirales,Lachnospiraceae,Eisenbergiella,None,0.0029211295034079843
Bacteria,Firmicutes,Clostridia,Lachnospirales,Lachnospiraceae,Blautia,bacterium_mpn-isolate_group_20,Bacteria,Firmicutes,Clostridia,Lachnospirales,Lachnospiraceae,Frisingicoccus,None,0.0029211295034079843
Bacteria,Firmicutes,Clostridia,Lachnospirales,Lachnospiraceae,Blautia,bacterium_mpn-isolate_group_20,Bacteria,Firmicutes,Clostridia,Lachnospirales,Lachnospiraceae,Fusicatenibacter,uncultured_Lachnospiraceae_bacterium,0.0038948393378773127
Bacteria,Firmicutes,Clostridia,Lachnospirales,Lachnospiraceae,Blautia,bacterium_mpn-isolate_group_20,Bacteria,Firmicutes,Clostridia,Lachnospirales,Lachnospiraceae,GCA-900066575,None,0.0029211295034079843
Bacteria,Firmicutes,Clostridia,Lachnospirales,Lachnospiraceae,Blautia,bacterium_mpn-isolate_group_20,Bacteria,Firmicutes,Clostridia,Lachnospirales,Lachnospiraceae,GCA-900066575,metagenome,0.0038948393378773127
Bacteria,Firmicutes,Clostridia,Lachnospirales,Lachnospiraceae,Blautia,bacterium_mpn-isolate_group_20,Bacteria,Firmicutes,Clostridia,Lachnospirales,Lachnospiraceae,GCA-900066755,None,0.0029211295034079843
Bacteria,Firmicutes,Clostridia,Lachnospirales,Lachnospiraceae,Blautia,bacterium_mpn-isolate_group_20,Bacteria,Firmicutes,Clostridia,Lachnospirales,Lachnospiraceae,Hungatella,metagenome,0.0038948393378773127
Bacteria,Firmicutes,Clostridia,Lachnospirales,Lachnospiraceae,Blautia,bacterium_mpn-isolate_group_20,Bacteria,Firmicutes,Clostridia,Lachnospirales,Lachnospiraceae,Lachnoclostridium,Clostridium_symbiosum,0.0038948393378773127
Bacteria,Firmicutes,Clostridia,Lachnospirales,Lachnospiraceae,Blautia,bacterium_mpn-isolate_group_20,Bacteria,Firmicutes,Clostridia,Lachnospirales,Lachnospiraceae,Lachnoclostridium,None,0.0029211295034079843
Bacteria,Firmicutes,Clostridia,Lachnospirales,Lachnospiraceae,Blautia,bacterium_mpn-isolate_group_20,Bacteria,Firmicutes,Clostridia,Lachnospirales,Lachnospiraceae,Lachnoclostridium,uncultured_Lachnospiraceae_bacterium,0.0038948393378773127
Bacteria,Firmicutes,Clostridia,Lachnospirales,Lachnospiraceae,Blautia,bacterium_mpn-isolate_group_20,Bacteria,Firmicutes,Clostridia,Lachnospirales,Lachnospiraceae,Lachnospiraceae_ND3007_group,metagenome,0.0038948393378773127
Bacteria,Firmicutes,Clostridia,Lachnospirales,Lachnospiraceae,Blautia,bacterium_mpn-isolate_group_20,Bacteria,Firmicutes,Clostridia,Lachnospirales,Lachnospiraceae,Lachnospiraceae_NK4A136_group,None,0.0029211295034079843
Bacteria,Firmicutes,Clostridia,Lachnospirales,Lachnospiraceae,Blautia,bacterium_mpn-isolate_group_20,Bacteria,Firmicutes,Clostridia,Lachnospirales,Lachnospiraceae,Lachnospiraceae_NK4A136_group,uncultured_Lachnospiraceae_bacterium,0.0038948393378773127
Bacteria,Firmicutes,Clostridia,Lachnospirales,Lachnospiraceae,Blautia,bacterium_mpn-isolate_group_20,Bacteria,Firmicutes,Clostridia,Lachnospirales,Lachnospiraceae,Lachnospiraceae_NK4A136_group,uncultured_bacterium_Adhufec49.25,0.0038948393378773127
Bacteria,Firmicutes,Clostridia,Lachnospirales,Lachnospiraceae,Blautia,bacterium_mpn-isolate_group_20,Bacteria,Firmicutes,Clostridia,Lachnospirales,Lachnospiraceae,Lachnospiraceae_NK4B4_group,None,0.0029211295034079843
Bacteria,Firmicutes,Clostridia,Lachnospirales,Lachnospiraceae,Blautia,bacterium_mpn-isolate_group_20,Bacteria,Firmicutes,Clostridia,Lachnospirales,Lachnospiraceae,Lachnospiraceae_UCG-001,metagenome,0.0038948393378773127
Bacteria,Firmicutes,Clostridia,Lachnospirales,Lachnospiraceae,Blautia,bacterium_mpn-isolate_group_20,Bacteria,Firmicutes,Clostridia,Lachnospirales,Lachnospiraceae,Lachnospiraceae_UCG-004,None,0.0029211295034079843
Bacteria,Firmicutes,Clostridia,Lachnospirales,Lachnospiraceae,Blautia,bacterium_mpn-isolate_group_20,Bacteria,Firmicutes,Clostridia,Lachnospirales,Lachnospiraceae,Lachnospiraceae_UCG-008,metagenome,0.0038948393378773127
Bacteria,Firmicutes,Clostridia,Lachnospirales,Lachnospiraceae,Blautia,bacterium_mpn-isolate_group_20,Bacteria,Firmicutes,Clostridia,Lachnospirales,Lachnospiraceae,Lachnospiraceae_UCG-010,None,0.0029211295034079843
Bacteria,Firmicutes,Clostridia,Lachnospirales,Lachnospiraceae,Blautia,bacterium_mpn-isolate_group_20,Bacteria,Firmicutes,Clostridia,Lachnospirales,Lachnospiraceae,Marvinbryantia,None,0.0029211295034079843
Bacteria,Firmicutes,Clostridia,Lachnospirales,Lachnospiraceae,Blautia,bacterium_mpn-isolate_group_20,Bacteria,Firmicutes,Clostridia,Lachnospirales,Lachnospiraceae,Marvinbryantia,unidentified,0.0038948393378773127
Bacteria,Firmicutes,Clostridia,Lachnospirales,Lachnospiraceae,Blautia,bacterium_mpn-isolate_group_20,Bacteria,Firmicutes,Clostridia,Lachnospirales,Lachnospiraceae,Roseburia,None,0.0029211295034079843
Bacteria,Firmicutes,Clostridia,Lachnospirales,Lachnospiraceae,Blautia,bacterium_mpn-isolate_group_20,Bacteria,Firmicutes,Clostridia,Lachnospirales,Lachnospiraceae,Roseburia,gut_metagenome,0.0038948393378773127
Bacteria,Firmicutes,Clostridia,Lachnospirales,Lachnospiraceae,Blautia,bacterium_mpn-isolate_group_20,Bacteria,Firmicutes,Clostridia,Lachnospirales,Lachnospiraceae,Tuzzerella,None,0.0029211295034079843
Bacteria,Firmicutes,Clostridia,Lachnospirales,Lachnospiraceae,Blautia,bacterium_mpn-isolate_group_20,Bacteria,Firmicutes,Clostridia,Lachnospirales,Lachnospiraceae,Tyzzerella,None,0.0029211295034079843
Bacteria,Firmicutes,Clostridia,Lachnospirales,Lachnospiraceae,Blautia,bacterium_mpn-isolate_group_20,Bacteria,Firmicutes,Clostridia,Lachnospirales,Lachnospiraceae,Eubacterium_hallii_group,None,0.0029211295034079843
Bacteria,Firmicutes,Clostridia,Lachnospirales,Lachnospiraceae,Blautia,bacterium_mpn-isolate_group_20,Bacteria,Firmicutes,Clostridia,Lachnospirales,Lachnospiraceae,Eubacterium_ventriosum_group,metagenome,0.0038948393378773127
Bacteria,Firmicutes,Clostridia,Lachnospirales,Lachnospiraceae,Blautia,bacterium_mpn-isolate_group_20,Bacteria,Firmicutes,Clostridia,Lachnospirales,Lachnospiraceae,Ruminococcus_gauvreauii_group,uncultured_Lachnospiraceae_bacterium,0.0038948393378773127
Bacteria,Firmicutes,Clostridia,Lachnospirales,Lachnospiraceae,Blautia,bacterium_mpn-isolate_group_20,Bacteria,Firmicutes,Clostridia,Lachnospirales,Lachnospiraceae,Ruminococcus_gnavus_group,None,0.0029211295034079843
Bacteria,Firmicutes,Clostridia,Lachnospirales,Lachnospiraceae,Blautia,bacterium_mpn-isolate_group_20,Bacteria,Firmicutes,Clostridia,Lachnospirales,Lachnospiraceae,Ruminococcus_torques_group,Clostridiaceae_bacterium_LEMV78,0.0038948393378773127
Bacteria,Firmicutes,Clostridia,Lachnospirales,Lachnospiraceae,Blautia,bacterium_mpn-isolate_group_20,Bacteria,Firmicutes,Clostridia,Lachnospirales,Lachnospiraceae,Ruminococcus_torques_group,None,0.0029211295034079843
Bacteria,Firmicutes,Clostridia,Lachnospirales,Lachnospiraceae,Blautia,bacterium_mpn-isolate_group_20,Bacteria,Firmicutes,Clostridia,Lachnospirales,Lachnospiraceae,None,None,0.0029211295034079843
Bacteria,Firmicutes,Clostridia,Lachnospirales,Lachnospiraceae,Blautia,bacterium_mpn-isolate_group_20,Bacteria,Firmicutes,Clostridia,Lachnospirales,Lachnospiraceae,uncultured,None,0.0029211295034079843
Bacteria,Firmicutes,Clostridia,Lachnospirales,Lachnospiraceae,Blautia,bacterium_mpn-isolate_group_20,Bacteria,Firmicutes,Clostridia,Monoglobales,Monoglobaceae,Monoglobus,None,0.006815968841285297
Bacteria,Firmicutes,Clostridia,Lachnospirales,Lachnospiraceae,Blautia,bacterium_mpn-isolate_group_20,Bacteria,Firmicutes,Clostridia,Oscillospirales,Butyricicoccaceae,Butyricicoccus,None,0.006815968841285297
Bacteria,Firmicutes,Clostridia,Lachnospirales,Lachnospiraceae,Blautia,bacterium_mpn-isolate_group_20,Bacteria,Firmicutes,Clostridia,Oscillospirales,Hydrogenoanaerobacterium,None,None,0.005842259006815969
Bacteria,Firmicutes,Clostridia,Lachnospirales,Lachnospiraceae,Blautia,bacterium_mpn-isolate_group_20,Bacteria,Firmicutes,Clostridia,Oscillospirales,Oscillospiraceae,Colidextribacter,None,0.006815968841285297
Bacteria,Firmicutes,Clostridia,Lachnospirales,Lachnospiraceae,Blautia,bacterium_mpn-isolate_group_20,Bacteria,Firmicutes,Clostridia,Oscillospirales,Oscillospiraceae,Colidextribacter,metagenome,0.007789678675754625
Bacteria,Firmicutes,Clostridia,Lachnospirales,Lachnospiraceae,Blautia,bacterium_mpn-isolate_group_20,Bacteria,Firmicutes,Clostridia,Oscillospirales,Oscillospiraceae,Flavonifractor,None,0.006815968841285297
Bacteria,Firmicutes,Clostridia,Lachnospirales,Lachnospiraceae,Blautia,bacterium_mpn-isolate_group_20,Bacteria,Firmicutes,Clostridia,Oscillospirales,Oscillospiraceae,Intestinimonas,None,0.006815968841285297
Bacteria,Firmicutes,Clostridia,Lachnospirales,Lachnospiraceae,Blautia,bacterium_mpn-isolate_group_20,Bacteria,Firmicutes,Clostridia,Oscillospirales,Oscillospiraceae,Intestinimonas,uncultured,0.007789678675754625
Bacteria,Firmicutes,Clostridia,Lachnospirales,Lachnospiraceae,Blautia,bacterium_mpn-isolate_group_20,Bacteria,Firmicutes,Clostridia,Oscillospirales,Oscillospiraceae,NK4A214_group,None,0.006815968841285297
Bacteria,Firmicutes,Clostridia,Lachnospirales,Lachnospiraceae,Blautia,bacterium_mpn-isolate_group_20,Bacteria,Firmicutes,Clostridia,Oscillospirales,Oscillospiraceae,Oscillibacter,None,0.006815968841285297
Bacteria,Firmicutes,Clostridia,Lachnospirales,Lachnospiraceae,Blautia,bacterium_mpn-isolate_group_20,Bacteria,Firmicutes,Clostridia,Oscillospirales,Oscillospiraceae,Oscillibacter,metagenome,0.007789678675754625
Bacteria,Firmicutes,Clostridia,Lachnospirales,Lachnospiraceae,Blautia,bacterium_mpn-isolate_group_20,Bacteria,Firmicutes,Clostridia,Oscillospirales,Oscillospiraceae,Oscillospira,None,0.006815968841285297
Bacteria,Firmicutes,Clostridia,Lachnospirales,Lachnospiraceae,Blautia,bacterium_mpn-isolate_group_20,Bacteria,Firmicutes,Clostridia,Oscillospirales,Oscillospiraceae,UCG-002,None,0.006815968841285297
Bacteria,Firmicutes,Clostridia,Lachnospirales,Lachnospiraceae,Blautia,bacterium_mpn-isolate_group_20,Bacteria,Firmicutes,Clostridia,Oscillospirales,Oscillospiraceae,UCG-003,None,0.006815968841285297
Bacteria,Firmicutes,Clostridia,Lachnospirales,Lachnospiraceae,Blautia,bacterium_mpn-isolate_group_20,Bacteria,Firmicutes,Clostridia,Oscillospirales,Oscillospiraceae,UCG-005,None,0.006815968841285297
Bacteria,Firmicutes,Clostridia,Lachnospirales,Lachnospiraceae,Blautia,bacterium_mpn-isolate_group_20,Bacteria,Firmicutes,Clostridia,Oscillospirales,Oscillospiraceae,UCG-005,metagenome,0.007789678675754625
Bacteria,Firmicutes,Clostridia,Lachnospirales,Lachnospiraceae,Blautia,bacterium_mpn-isolate_group_20,Bacteria,Firmicutes,Clostridia,Oscillospirales,Oscillospiraceae,UCG-005,uncultured_Clostridiales_bacterium,0.007789678675754625
Bacteria,Firmicutes,Clostridia,Lachnospirales,Lachnospiraceae,Blautia,bacterium_mpn-isolate_group_20,Bacteria,Firmicutes,Clostridia,Oscillospirales,Oscillospiraceae,UCG-005,uncultured_rumen_bacterium,0.007789678675754625
Bacteria,Firmicutes,Clostridia,Lachnospirales,Lachnospiraceae,Blautia,bacterium_mpn-isolate_group_20,Bacteria,Firmicutes,Clostridia,Oscillospirales,Oscillospiraceae,None,None,0.005842259006815969
Bacteria,Firmicutes,Clostridia,Lachnospirales,Lachnospiraceae,Blautia,bacterium_mpn-isolate_group_20,Bacteria,Firmicutes,Clostridia,Oscillospirales,Oscillospiraceae,uncultured,metagenome,0.007789678675754625
Bacteria,Firmicutes,Clostridia,Lachnospirales,Lachnospiraceae,Blautia,bacterium_mpn-isolate_group_20,Bacteria,Firmicutes,Clostridia,Oscillospirales,Oscillospiraceae,uncultured,unidentified,0.007789678675754625
Bacteria,Firmicutes,Clostridia,Lachnospirales,Lachnospiraceae,Blautia,bacterium_mpn-isolate_group_20,Bacteria,Firmicutes,Clostridia,Oscillospirales,Ruminococcaceae,Anaerofilum,uncultured_Firmicutes_bacterium,0.007789678675754625
Bacteria,Firmicutes,Clostridia,Lachnospirales,Lachnospiraceae,Blautia,bacterium_mpn-isolate_group_20,Bacteria,Firmicutes,Clostridia,Oscillospirales,Ruminococcaceae,Anaerotruncus,Anaerotruncus_rubiinfantis,0.007789678675754625
Bacteria,Firmicutes,Clostridia,Lachnospirales,Lachnospiraceae,Blautia,bacterium_mpn-isolate_group_20,Bacteria,Firmicutes,Clostridia,Oscillospirales,Ruminococcaceae,Anaerotruncus,Anaerotruncus_sp._NML_070203,0.007789678675754625
Bacteria,Firmicutes,Clostridia,Lachnospirales,Lachnospiraceae,Blautia,bacterium_mpn-isolate_group_20,Bacteria,Firmicutes,Clostridia,Oscillospirales,Ruminococcaceae,Candidatus_Soleaferrea,Neobitarella_massiliensis,0.007789678675754625
Bacteria,Firmicutes,Clostridia,Lachnospirales,Lachnospiraceae,Blautia,bacterium_mpn-isolate_group_20,Bacteria,Firmicutes,Clostridia,Oscillospirales,Ruminococcaceae,Candidatus_Soleaferrea,None,0.006815968841285297
Bacteria,Firmicutes,Clostridia,Lachnospirales,Lachnospiraceae,Blautia,bacterium_mpn-isolate_group_20,Bacteria,Firmicutes,Clostridia,Oscillospirales,Ruminococcaceae,DTU089,None,0.006815968841285297
Bacteria,Firmicutes,Clostridia,Lachnospirales,Lachnospiraceae,Blautia,bacterium_mpn-isolate_group_20,Bacteria,Firmicutes,Clostridia,Oscillospirales,Ruminococcaceae,Faecalibacterium,None,0.006815968841285297
Bacteria,Firmicutes,Clostridia,Lachnospirales,Lachnospiraceae,Blautia,bacterium_mpn-isolate_group_20,Bacteria,Firmicutes,Clostridia,Oscillospirales,Ruminococcaceae,Fournierella,uncultured_organism,0.007789678675754625
Bacteria,Firmicutes,Clostridia,Lachnospirales,Lachnospiraceae,Blautia,bacterium_mpn-isolate_group_20,Bacteria,Firmicutes,Clostridia,Oscillospirales,Ruminococcaceae,Incertae_Sedis,metagenome,0.007789678675754625
Bacteria,Firmicutes,Clostridia,Lachnospirales,Lachnospiraceae,Blautia,bacterium_mpn-isolate_group_20,Bacteria,Firmicutes,Clostridia,Oscillospirales,Ruminococcaceae,Incertae_Sedis,None,0.006815968841285297
Bacteria,Firmicutes,Clostridia,Lachnospirales,Lachnospiraceae,Blautia,bacterium_mpn-isolate_group_20,Bacteria,Firmicutes,Clostridia,Oscillospirales,Ruminococcaceae,Negativibacillus,None,0.006815968841285297
Bacteria,Firmicutes,Clostridia,Lachnospirales,Lachnospiraceae,Blautia,bacterium_mpn-isolate_group_20,Bacteria,Firmicutes,Clostridia,Oscillospirales,Ruminococcaceae,Ruminococcus,Ruminococcus_champanellensis,0.007789678675754625
Bacteria,Firmicutes,Clostridia,Lachnospirales,Lachnospiraceae,Blautia,bacterium_mpn-isolate_group_20,Bacteria,Firmicutes,Clostridia,Oscillospirales,Ruminococcaceae,Ruminococcus,None,0.006815968841285297
Bacteria,Firmicutes,Clostridia,Lachnospirales,Lachnospiraceae,Blautia,bacterium_mpn-isolate_group_20,Bacteria,Firmicutes,Clostridia,Oscillospirales,Ruminococcaceae,Subdoligranulum,None,0.006815968841285297
Bacteria,Firmicutes,Clostridia,Lachnospirales,Lachnospiraceae,Blautia,bacterium_mpn-isolate_group_20,Bacteria,Firmicutes,Clostridia,Oscillospirales,Ruminococcaceae,UBA1819,None,0.006815968841285297
Bacteria,Firmicutes,Clostridia,Lachnospirales,Lachnospiraceae,Blautia,bacterium_mpn-isolate_group_20,Bacteria,Firmicutes,Clostridia,Oscillospirales,Ruminococcaceae,Eubacterium_siraeum_group,None,0.006815968841285297
Bacteria,Firmicutes,Clostridia,Lachnospirales,Lachnospiraceae,Blautia,bacterium_mpn-isolate_group_20,Bacteria,Firmicutes,Clostridia,Oscillospirales,Ruminococcaceae,None,None,0.005842259006815969
Bacteria,Firmicutes,Clostridia,Lachnospirales,Lachnospiraceae,Blautia,bacterium_mpn-isolate_group_20,Bacteria,Firmicutes,Clostridia,Oscillospirales,UCG-010,None,None,0.005842259006815969
Bacteria,Firmicutes,Clostridia,Lachnospirales,Lachnospiraceae,Blautia,bacterium_mpn-isolate_group_20,Bacteria,Firmicutes,Clostridia,Oscillospirales,UCG-010,metagenome,None,0.006815968841285297
Bacteria,Firmicutes,Clostridia,Lachnospirales,Lachnospiraceae,Blautia,bacterium_mpn-isolate_group_20,Bacteria,Firmicutes,Clostridia,Oscillospirales,UCG-010,uncultured_bacterium,None,0.006815968841285297
Bacteria,Firmicutes,Clostridia,Lachnospirales,Lachnospiraceae,Blautia,bacterium_mpn-isolate_group_20,Bacteria,Firmicutes,Clostridia,Oscillospirales,UCG-010,uncultured_organism,None,0.006815968841285297
Bacteria,Firmicutes,Clostridia,Lachnospirales,Lachnospiraceae,Blautia,bacterium_mpn-isolate_group_20,Bacteria,Firmicutes,Clostridia,Oscillospirales,Clostridium_methylpentosum_group,None,None,0.005842259006815969
Bacteria,Firmicutes,Clostridia,Lachnospirales,Lachnospiraceae,Blautia,bacterium_mpn-isolate_group_20,Bacteria,Firmicutes,Clostridia,Oscillospirales,Eubacterium_coprostanoligenes_group,None,None,0.005842259006815969
Bacteria,Firmicutes,Clostridia,Lachnospirales,Lachnospiraceae,Blautia,bacterium_mpn-isolate_group_20,Bacteria,Firmicutes,Clostridia,Oscillospirales,None,None,None,0.004868549172346641
Bacteria,Firmicutes,Clostridia,Lachnospirales,Lachnospiraceae,Blautia,bacterium_mpn-isolate_group_20,Bacteria,Firmicutes,Clostridia,Peptococcales,Peptococcaceae,uncultured,None,0.006815968841285297
Bacteria,Firmicutes,Clostridia,Lachnospirales,Lachnospiraceae,Blautia,bacterium_mpn-isolate_group_20,Bacteria,Firmicutes,Clostridia,Peptostreptococcales-Tissierellales,Anaerovoracaceae,Family_XIII_AD3011_group,metagenome,0.007789678675754625
Bacteria,Firmicutes,Clostridia,Lachnospirales,Lachnospiraceae,Blautia,bacterium_mpn-isolate_group_20,Bacteria,Firmicutes,Clostridia,Peptostreptococcales-Tissierellales,Anaerovoracaceae,Family_XIII_AD3011_group,None,0.006815968841285297
Bacteria,Firmicutes,Clostridia,Lachnospirales,Lachnospiraceae,Blautia,bacterium_mpn-isolate_group_20,Bacteria,Firmicutes,Clostridia,Peptostreptococcales-Tissierellales,Anaerovoracaceae,Family_XIII_AD3011_group,uncultured,0.007789678675754625
Bacteria,Firmicutes,Clostridia,Lachnospirales,Lachnospiraceae,Blautia,bacterium_mpn-isolate_group_20,Bacteria,Firmicutes,Clostridia,Peptostreptococcales-Tissierellales,Anaerovoracaceae,Family_XIII_UCG-001,metagenome,0.007789678675754625
Bacteria,Firmicutes,Clostridia,Lachnospirales,Lachnospiraceae,Blautia,bacterium_mpn-isolate_group_20,Bacteria,Firmicutes,Clostridia,Peptostreptococcales-Tissierellales,Anaerovoracaceae,Eubacterium_nodatum_group,None,0.006815968841285297
Bacteria,Firmicutes,Clostridia,Lachnospirales,Lachnospiraceae,Blautia,bacterium_mpn-isolate_group_20,Bacteria,Firmicutes,Clostridia,Peptostreptococcales-Tissierellales,Anaerovoracaceae,None,None,0.005842259006815969
Bacteria,Firmicutes,Clostridia,Lachnospirales,Lachnospiraceae,Blautia,bacterium_mpn-isolate_group_20,Bacteria,Firmicutes,Clostridia,Peptostreptococcales-Tissierellales,Parvimonas,None,None,0.005842259006815969
Bacteria,Firmicutes,Clostridia,Lachnospirales,Lachnospiraceae,Blautia,bacterium_mpn-isolate_group_20,Bacteria,Firmicutes,Clostridia,None,None,None,None,0.0038948393378773127
Bacteria,Firmicutes,Clostridia,Lachnospirales,Lachnospiraceae,Blautia,bacterium_mpn-isolate_group_20,Bacteria,Firmicutes,Incertae_Sedis,DTU014,unidentified,None,None,0.007789678675754625
Bacteria,Firmicutes,Clostridia,Lachnospirales,Lachnospiraceae,Blautia,bacterium_mpn-isolate_group_20,Bacteria,Firmicutes,Limnochordia,M55-D21,uncultured_compost_bacterium,None,None,0.007789678675754625
Bacteria,Firmicutes,Clostridia,Lachnospirales,Lachnospiraceae,Blautia,bacterium_mpn-isolate_group_20,Bacteria,Firmicutes,Negativicutes,Acidaminococcales,Acidaminococcaceae,Phascolarctobacterium,None,0.008763388510223954
Bacteria,Firmicutes,Clostridia,Lachnospirales,Lachnospiraceae,Blautia,bacterium_mpn-isolate_group_20,Bacteria,Firmicutes,None,None,None,None,None,0.004868549172346641
Bacteria,Firmicutes,Clostridia,Lachnospirales,Lachnospiraceae,Blautia,bacterium_mpn-isolate_group_20,Bacteria,Firmicutes,uncultured,uncultured_Peptococcaceae_bacterium,None,None,None,0.006815968841285297
Bacteria,Firmicutes,Clostridia,Lachnospirales,Lachnospiraceae,Blautia,bacterium_mpn-isolate_group_20,Bacteria,Proteobacteria,Alphaproteobacteria,Rhodospirillales,uncultured,None,None,0.009737098344693282
Bacteria,Firmicutes,Clostridia,Lachnospirales,Lachnospiraceae,Blautia,bacterium_mpn-isolate_group_20,Bacteria,Proteobacteria,Gammaproteobacteria,Burkholderiales,Sutterellaceae,Sutterella,Sutterella_sp._252,0.011684518013631937
Bacteria,Firmicutes,Clostridia,Lachnospirales,Lachnospiraceae,Blautia,bacterium_mpn-isolate_group_20,Bacteria,Proteobacteria,Gammaproteobacteria,Enterobacterales,Enterobacteriaceae,Escherichia-Shigella,None,0.010710808179162609
Bacteria,Firmicutes,Clostridia,Lachnospirales,Lachnospiraceae,Blautia,bacterium_mpn-isolate_group_20,Bacteria,Proteobacteria,Gammaproteobacteria,Enterobacterales,Enterobacteriaceae,Klebsiella,None,0.010710808179162609
Bacteria,Firmicutes,Clostridia,Lachnospirales,Lachnospiraceae,Blautia,bacterium_mpn-isolate_group_20,Bacteria,Proteobacteria,Gammaproteobacteria,Enterobacterales,Enterobacteriaceae,None,None,0.009737098344693282
Bacteria,Firmicutes,Clostridia,Lachnospirales,Lachnospiraceae,Blautia,bacterium_mpn-isolate_group_20,Bacteria,Proteobacteria,Gammaproteobacteria,Pseudomonadales,Pseudomonadaceae,Pseudomonas,None,0.010710808179162609
Bacteria,Firmicutes,Clostridia,Lachnospirales,Lachnospiraceae,Blautia,bacterium_mpn-isolate_group_20,Bacteria,Synergistota,Synergistia,Synergistales,Synergistaceae,Cloacibacillus,None,0.010710808179162609
Bacteria,Firmicutes,Clostridia,Lachnospirales,Lachnospiraceae,Blautia,bacterium_mpn-isolate_group_20,Bacteria,Verrucomicrobiota,Verrucomicrobiae,Verrucomicrobiales,Akkermansiaceae,Akkermansia,None,0.010710808179162609
Bacteria,Firmicutes,Clostridia,Lachnospirales,Lachnospiraceae,Blautia,uncultured_Blautia_sp.,Bacteria,Firmicutes,Clostridia,Lachnospirales,Lachnospiraceae,Coprococcus,None,0.0029211295034079843
Bacteria,Firmicutes,Clostridia,Lachnospirales,Lachnospiraceae,Blautia,uncultured_Blautia_sp.,Bacteria,Firmicutes,Clostridia,Lachnospirales,Lachnospiraceae,Coprococcus,uncultured_Coprococcus_sp.,0.0038948393378773127
Bacteria,Firmicutes,Clostridia,Lachnospirales,Lachnospiraceae,Blautia,uncultured_Blautia_sp.,Bacteria,Firmicutes,Clostridia,Lachnospirales,Lachnospiraceae,Dorea,None,0.0029211295034079843
Bacteria,Firmicutes,Clostridia,Lachnospirales,Lachnospiraceae,Blautia,uncultured_Blautia_sp.,Bacteria,Firmicutes,Clostridia,Lachnospirales,Lachnospiraceae,Eisenbergiella,None,0.0029211295034079843
Bacteria,Firmicutes,Clostridia,Lachnospirales,Lachnospiraceae,Blautia,uncultured_Blautia_sp.,Bacteria,Firmicutes,Clostridia,Lachnospirales,Lachnospiraceae,Frisingicoccus,None,0.0029211295034079843
Bacteria,Firmicutes,Clostridia,Lachnospirales,Lachnospiraceae,Blautia,uncultured_Blautia_sp.,Bacteria,Firmicutes,Clostridia,Lachnospirales,Lachnospiraceae,Fusicatenibacter,uncultured_Lachnospiraceae_bacterium,0.0038948393378773127
Bacteria,Firmicutes,Clostridia,Lachnospirales,Lachnospiraceae,Blautia,uncultured_Blautia_sp.,Bacteria,Firmicutes,Clostridia,Lachnospirales,Lachnospiraceae,GCA-900066575,None,0.0029211295034079843
Bacteria,Firmicutes,Clostridia,Lachnospirales,Lachnospiraceae,Blautia,uncultured_Blautia_sp.,Bacteria,Firmicutes,Clostridia,Lachnospirales,Lachnospiraceae,GCA-900066575,metagenome,0.0038948393378773127
Bacteria,Firmicutes,Clostridia,Lachnospirales,Lachnospiraceae,Blautia,uncultured_Blautia_sp.,Bacteria,Firmicutes,Clostridia,Lachnospirales,Lachnospiraceae,GCA-900066755,None,0.0029211295034079843
Bacteria,Firmicutes,Clostridia,Lachnospirales,Lachnospiraceae,Blautia,uncultured_Blautia_sp.,Bacteria,Firmicutes,Clostridia,Lachnospirales,Lachnospiraceae,Hungatella,metagenome,0.0038948393378773127
Bacteria,Firmicutes,Clostridia,Lachnospirales,Lachnospiraceae,Blautia,uncultured_Blautia_sp.,Bacteria,Firmicutes,Clostridia,Lachnospirales,Lachnospiraceae,Lachnoclostridium,Clostridium_symbiosum,0.0038948393378773127
Bacteria,Firmicutes,Clostridia,Lachnospirales,Lachnospiraceae,Blautia,uncultured_Blautia_sp.,Bacteria,Firmicutes,Clostridia,Lachnospirales,Lachnospiraceae,Lachnoclostridium,None,0.0029211295034079843
Bacteria,Firmicutes,Clostridia,Lachnospirales,Lachnospiraceae,Blautia,uncultured_Blautia_sp.,Bacteria,Firmicutes,Clostridia,Lachnospirales,Lachnospiraceae,Lachnoclostridium,uncultured_Lachnospiraceae_bacterium,0.0038948393378773127
Bacteria,Firmicutes,Clostridia,Lachnospirales,Lachnospiraceae,Blautia,uncultured_Blautia_sp.,Bacteria,Firmicutes,Clostridia,Lachnospirales,Lachnospiraceae,Lachnospiraceae_ND3007_group,metagenome,0.0038948393378773127
Bacteria,Firmicutes,Clostridia,Lachnospirales,Lachnospiraceae,Blautia,uncultured_Blautia_sp.,Bacteria,Firmicutes,Clostridia,Lachnospirales,Lachnospiraceae,Lachnospiraceae_NK4A136_group,None,0.0029211295034079843
Bacteria,Firmicutes,Clostridia,Lachnospirales,Lachnospiraceae,Blautia,uncultured_Blautia_sp.,Bacteria,Firmicutes,Clostridia,Lachnospirales,Lachnospiraceae,Lachnospiraceae_NK4A136_group,uncultured_Lachnospiraceae_bacterium,0.0038948393378773127
Bacteria,Firmicutes,Clostridia,Lachnospirales,Lachnospiraceae,Blautia,uncultured_Blautia_sp.,Bacteria,Firmicutes,Clostridia,Lachnospirales,Lachnospiraceae,Lachnospiraceae_NK4A136_group,uncultured_bacterium_Adhufec49.25,0.0038948393378773127
Bacteria,Firmicutes,Clostridia,Lachnospirales,Lachnospiraceae,Blautia,uncultured_Blautia_sp.,Bacteria,Firmicutes,Clostridia,Lachnospirales,Lachnospiraceae,Lachnospiraceae_NK4B4_group,None,0.0029211295034079843
Bacteria,Firmicutes,Clostridia,Lachnospirales,Lachnospiraceae,Blautia,uncultured_Blautia_sp.,Bacteria,Firmicutes,Clostridia,Lachnospirales,Lachnospiraceae,Lachnospiraceae_UCG-001,metagenome,0.0038948393378773127
Bacteria,Firmicutes,Clostridia,Lachnospirales,Lachnospiraceae,Blautia,uncultured_Blautia_sp.,Bacteria,Firmicutes,Clostridia,Lachnospirales,Lachnospiraceae,Lachnospiraceae_UCG-004,None,0.0029211295034079843
Bacteria,Firmicutes,Clostridia,Lachnospirales,Lachnospiraceae,Blautia,uncultured_Blautia_sp.,Bacteria,Firmicutes,Clostridia,Lachnospirales,Lachnospiraceae,Lachnospiraceae_UCG-008,metagenome,0.0038948393378773127
Bacteria,Firmicutes,Clostridia,Lachnospirales,Lachnospiraceae,Blautia,uncultured_Blautia_sp.,Bacteria,Firmicutes,Clostridia,Lachnospirales,Lachnospiraceae,Lachnospiraceae_UCG-010,None,0.0029211295034079843
Bacteria,Firmicutes,Clostridia,Lachnospirales,Lachnospiraceae,Blautia,uncultured_Blautia_sp.,Bacteria,Firmicutes,Clostridia,Lachnospirales,Lachnospiraceae,Marvinbryantia,None,0.0029211295034079843
Bacteria,Firmicutes,Clostridia,Lachnospirales,Lachnospiraceae,Blautia,uncultured_Blautia_sp.,Bacteria,Firmicutes,Clostridia,Lachnospirales,Lachnospiraceae,Marvinbryantia,unidentified,0.0038948393378773127
Bacteria,Firmicutes,Clostridia,Lachnospirales,Lachnospiraceae,Blautia,uncultured_Blautia_sp.,Bacteria,Firmicutes,Clostridia,Lachnospirales,Lachnospiraceae,Roseburia,None,0.0029211295034079843
Bacteria,Firmicutes,Clostridia,Lachnospirales,Lachnospiraceae,Blautia,uncultured_Blautia_sp.,Bacteria,Firmicutes,Clostridia,Lachnospirales,Lachnospiraceae,Roseburia,gut_metagenome,0.0038948393378773127
Bacteria,Firmicutes,Clostridia,Lachnospirales,Lachnospiraceae,Blautia,uncultured_Blautia_sp.,Bacteria,Firmicutes,Clostridia,Lachnospirales,Lachnospiraceae,Tuzzerella,None,0.0029211295034079843
Bacteria,Firmicutes,Clostridia,Lachnospirales,Lachnospiraceae,Blautia,uncultured_Blautia_sp.,Bacteria,Firmicutes,Clostridia,Lachnospirales,Lachnospiraceae,Tyzzerella,None,0.0029211295034079843
Bacteria,Firmicutes,Clostridia,Lachnospirales,Lachnospiraceae,Blautia,uncultured_Blautia_sp.,Bacteria,Firmicutes,Clostridia,Lachnospirales,Lachnospiraceae,Eubacterium_hallii_group,None,0.0029211295034079843
Bacteria,Firmicutes,Clostridia,Lachnospirales,Lachnospiraceae,Blautia,uncultured_Blautia_sp.,Bacteria,Firmicutes,Clostridia,Lachnospirales,Lachnospiraceae,Eubacterium_ventriosum_group,metagenome,0.0038948393378773127
Bacteria,Firmicutes,Clostridia,Lachnospirales,Lachnospiraceae,Blautia,uncultured_Blautia_sp.,Bacteria,Firmicutes,Clostridia,Lachnospirales,Lachnospiraceae,Ruminococcus_gauvreauii_group,uncultured_Lachnospiraceae_bacterium,0.0038948393378773127
Bacteria,Firmicutes,Clostridia,Lachnospirales,Lachnospiraceae,Blautia,uncultured_Blautia_sp.,Bacteria,Firmicutes,Clostridia,Lachnospirales,Lachnospiraceae,Ruminococcus_gnavus_group,None,0.0029211295034079843
Bacteria,Firmicutes,Clostridia,Lachnospirales,Lachnospiraceae,Blautia,uncultured_Blautia_sp.,Bacteria,Firmicutes,Clostridia,Lachnospirales,Lachnospiraceae,Ruminococcus_torques_group,Clostridiaceae_bacterium_LEMV78,0.0038948393378773127
Bacteria,Firmicutes,Clostridia,Lachnospirales,Lachnospiraceae,Blautia,uncultured_Blautia_sp.,Bacteria,Firmicutes,Clostridia,Lachnospirales,Lachnospiraceae,Ruminococcus_torques_group,None,0.0029211295034079843
Bacteria,Firmicutes,Clostridia,Lachnospirales,Lachnospiraceae,Blautia,uncultured_Blautia_sp.,Bacteria,Firmicutes,Clostridia,Lachnospirales,Lachnospiraceae,None,None,0.0029211295034079843
Bacteria,Firmicutes,Clostridia,Lachnospirales,Lachnospiraceae,Blautia,uncultured_Blautia_sp.,Bacteria,Firmicutes,Clostridia,Lachnospirales,Lachnospiraceae,uncultured,None,0.0029211295034079843
Bacteria,Firmicutes,Clostridia,Lachnospirales,Lachnospiraceae,Blautia,uncultured_Blautia_sp.,Bacteria,Firmicutes,Clostridia,Monoglobales,Monoglobaceae,Monoglobus,None,0.006815968841285297
Bacteria,Firmicutes,Clostridia,Lachnospirales,Lachnospiraceae,Blautia,uncultured_Blautia_sp.,Bacteria,Firmicutes,Clostridia,Oscillospirales,Butyricicoccaceae,Butyricicoccus,None,0.006815968841285297
Bacteria,Firmicutes,Clostridia,Lachnospirales,Lachnospiraceae,Blautia,uncultured_Blautia_sp.,Bacteria,Firmicutes,Clostridia,Oscillospirales,Hydrogenoanaerobacterium,None,None,0.005842259006815969
Bacteria,Firmicutes,Clostridia,Lachnospirales,Lachnospiraceae,Blautia,uncultured_Blautia_sp.,Bacteria,Firmicutes,Clostridia,Oscillospirales,Oscillospiraceae,Colidextribacter,None,0.006815968841285297
Bacteria,Firmicutes,Clostridia,Lachnospirales,Lachnospiraceae,Blautia,uncultured_Blautia_sp.,Bacteria,Firmicutes,Clostridia,Oscillospirales,Oscillospiraceae,Colidextribacter,metagenome,0.007789678675754625
Bacteria,Firmicutes,Clostridia,Lachnospirales,Lachnospiraceae,Blautia,uncultured_Blautia_sp.,Bacteria,Firmicutes,Clostridia,Oscillospirales,Oscillospiraceae,Flavonifractor,None,0.006815968841285297
Bacteria,Firmicutes,Clostridia,Lachnospirales,Lachnospiraceae,Blautia,uncultured_Blautia_sp.,Bacteria,Firmicutes,Clostridia,Oscillospirales,Oscillospiraceae,Intestinimonas,None,0.006815968841285297
Bacteria,Firmicutes,Clostridia,Lachnospirales,Lachnospiraceae,Blautia,uncultured_Blautia_sp.,Bacteria,Firmicutes,Clostridia,Oscillospirales,Oscillospiraceae,Intestinimonas,uncultured,0.007789678675754625
Bacteria,Firmicutes,Clostridia,Lachnospirales,Lachnospiraceae,Blautia,uncultured_Blautia_sp.,Bacteria,Firmicutes,Clostridia,Oscillospirales,Oscillospiraceae,NK4A214_group,None,0.006815968841285297
Bacteria,Firmicutes,Clostridia,Lachnospirales,Lachnospiraceae,Blautia,uncultured_Blautia_sp.,Bacteria,Firmicutes,Clostridia,Oscillospirales,Oscillospiraceae,Oscillibacter,None,0.006815968841285297
Bacteria,Firmicutes,Clostridia,Lachnospirales,Lachnospiraceae,Blautia,uncultured_Blautia_sp.,Bacteria,Firmicutes,Clostridia,Oscillospirales,Oscillospiraceae,Oscillibacter,metagenome,0.007789678675754625
Bacteria,Firmicutes,Clostridia,Lachnospirales,Lachnospiraceae,Blautia,uncultured_Blautia_sp.,Bacteria,Firmicutes,Clostridia,Oscillospirales,Oscillospiraceae,Oscillospira,None,0.006815968841285297
Bacteria,Firmicutes,Clostridia,Lachnospirales,Lachnospiraceae,Blautia,uncultured_Blautia_sp.,Bacteria,Firmicutes,Clostridia,Oscillospirales,Oscillospiraceae,UCG-002,None,0.006815968841285297
Bacteria,Firmicutes,Clostridia,Lachnospirales,Lachnospiraceae,Blautia,uncultured_Blautia_sp.,Bacteria,Firmicutes,Clostridia,Oscillospirales,Oscillospiraceae,UCG-003,None,0.006815968841285297
Bacteria,Firmicutes,Clostridia,Lachnospirales,Lachnospiraceae,Blautia,uncultured_Blautia_sp.,Bacteria,Firmicutes,Clostridia,Oscillospirales,Oscillospiraceae,UCG-005,None,0.006815968841285297
Bacteria,Firmicutes,Clostridia,Lachnospirales,Lachnospiraceae,Blautia,uncultured_Blautia_sp.,Bacteria,Firmicutes,Clostridia,Oscillospirales,Oscillospiraceae,UCG-005,metagenome,0.007789678675754625
Bacteria,Firmicutes,Clostridia,Lachnospirales,Lachnospiraceae,Blautia,uncultured_Blautia_sp.,Bacteria,Firmicutes,Clostridia,Oscillospirales,Oscillospiraceae,UCG-005,uncultured_Clostridiales_bacterium,0.007789678675754625
Bacteria,Firmicutes,Clostridia,Lachnospirales,Lachnospiraceae,Blautia,uncultured_Blautia_sp.,Bacteria,Firmicutes,Clostridia,Oscillospirales,Oscillospiraceae,UCG-005,uncultured_rumen_bacterium,0.007789678675754625
Bacteria,Firmicutes,Clostridia,Lachnospirales,Lachnospiraceae,Blautia,uncultured_Blautia_sp.,Bacteria,Firmicutes,Clostridia,Oscillospirales,Oscillospiraceae,None,None,0.005842259006815969
Bacteria,Firmicutes,Clostridia,Lachnospirales,Lachnospiraceae,Blautia,uncultured_Blautia_sp.,Bacteria,Firmicutes,Clostridia,Oscillospirales,Oscillospiraceae,uncultured,metagenome,0.007789678675754625
Bacteria,Firmicutes,Clostridia,Lachnospirales,Lachnospiraceae,Blautia,uncultured_Blautia_sp.,Bacteria,Firmicutes,Clostridia,Oscillospirales,Oscillospiraceae,uncultured,unidentified,0.007789678675754625
Bacteria,Firmicutes,Clostridia,Lachnospirales,Lachnospiraceae,Blautia,uncultured_Blautia_sp.,Bacteria,Firmicutes,Clostridia,Oscillospirales,Ruminococcaceae,Anaerofilum,uncultured_Firmicutes_bacterium,0.007789678675754625
Bacteria,Firmicutes,Clostridia,Lachnospirales,Lachnospiraceae,Blautia,uncultured_Blautia_sp.,Bacteria,Firmicutes,Clostridia,Oscillospirales,Ruminococcaceae,Anaerotruncus,Anaerotruncus_rubiinfantis,0.007789678675754625
Bacteria,Firmicutes,Clostridia,Lachnospirales,Lachnospiraceae,Blautia,uncultured_Blautia_sp.,Bacteria,Firmicutes,Clostridia,Oscillospirales,Ruminococcaceae,Anaerotruncus,Anaerotruncus_sp._NML_070203,0.007789678675754625
Bacteria,Firmicutes,Clostridia,Lachnospirales,Lachnospiraceae,Blautia,uncultured_Blautia_sp.,Bacteria,Firmicutes,Clostridia,Oscillospirales,Ruminococcaceae,Candidatus_Soleaferrea,Neobitarella_massiliensis,0.007789678675754625
Bacteria,Firmicutes,Clostridia,Lachnospirales,Lachnospiraceae,Blautia,uncultured_Blautia_sp.,Bacteria,Firmicutes,Clostridia,Oscillospirales,Ruminococcaceae,Candidatus_Soleaferrea,None,0.006815968841285297
Bacteria,Firmicutes,Clostridia,Lachnospirales,Lachnospiraceae,Blautia,uncultured_Blautia_sp.,Bacteria,Firmicutes,Clostridia,Oscillospirales,Ruminococcaceae,DTU089,None,0.006815968841285297
Bacteria,Firmicutes,Clostridia,Lachnospirales,Lachnospiraceae,Blautia,uncultured_Blautia_sp.,Bacteria,Firmicutes,Clostridia,Oscillospirales,Ruminococcaceae,Faecalibacterium,None,0.006815968841285297
Bacteria,Firmicutes,Clostridia,Lachnospirales,Lachnospiraceae,Blautia,uncultured_Blautia_sp.,Bacteria,Firmicutes,Clostridia,Oscillospirales,Ruminococcaceae,Fournierella,uncultured_organism,0.007789678675754625
Bacteria,Firmicutes,Clostridia,Lachnospirales,Lachnospiraceae,Blautia,uncultured_Blautia_sp.,Bacteria,Firmicutes,Clostridia,Oscillospirales,Ruminococcaceae,Incertae_Sedis,metagenome,0.007789678675754625
Bacteria,Firmicutes,Clostridia,Lachnospirales,Lachnospiraceae,Blautia,uncultured_Blautia_sp.,Bacteria,Firmicutes,Clostridia,Oscillospirales,Ruminococcaceae,Incertae_Sedis,None,0.006815968841285297
Bacteria,Firmicutes,Clostridia,Lachnospirales,Lachnospiraceae,Blautia,uncultured_Blautia_sp.,Bacteria,Firmicutes,Clostridia,Oscillospirales,Ruminococcaceae,Negativibacillus,None,0.006815968841285297
Bacteria,Firmicutes,Clostridia,Lachnospirales,Lachnospiraceae,Blautia,uncultured_Blautia_sp.,Bacteria,Firmicutes,Clostridia,Oscillospirales,Ruminococcaceae,Ruminococcus,Ruminococcus_champanellensis,0.007789678675754625
Bacteria,Firmicutes,Clostridia,Lachnospirales,Lachnospiraceae,Blautia,uncultured_Blautia_sp.,Bacteria,Firmicutes,Clostridia,Oscillospirales,Ruminococcaceae,Ruminococcus,None,0.006815968841285297
Bacteria,Firmicutes,Clostridia,Lachnospirales,Lachnospiraceae,Blautia,uncultured_Blautia_sp.,Bacteria,Firmicutes,Clostridia,Oscillospirales,Ruminococcaceae,Subdoligranulum,None,0.006815968841285297
Bacteria,Firmicutes,Clostridia,Lachnospirales,Lachnospiraceae,Blautia,uncultured_Blautia_sp.,Bacteria,Firmicutes,Clostridia,Oscillospirales,Ruminococcaceae,UBA1819,None,0.006815968841285297
Bacteria,Firmicutes,Clostridia,Lachnospirales,Lachnospiraceae,Blautia,uncultured_Blautia_sp.,Bacteria,Firmicutes,Clostridia,Oscillospirales,Ruminococcaceae,Eubacterium_siraeum_group,None,0.006815968841285297
Bacteria,Firmicutes,Clostridia,Lachnospirales,Lachnospiraceae,Blautia,uncultured_Blautia_sp.,Bacteria,Firmicutes,Clostridia,Oscillospirales,Ruminococcaceae,None,None,0.005842259006815969
Bacteria,Firmicutes,Clostridia,Lachnospirales,Lachnospiraceae,Blautia,uncultured_Blautia_sp.,Bacteria,Firmicutes,Clostridia,Oscillospirales,UCG-010,None,None,0.005842259006815969
Bacteria,Firmicutes,Clostridia,Lachnospirales,Lachnospiraceae,Blautia,uncultured_Blautia_sp.,Bacteria,Firmicutes,Clostridia,Oscillospirales,UCG-010,metagenome,None,0.006815968841285297
Bacteria,Firmicutes,Clostridia,Lachnospirales,Lachnospiraceae,Blautia,uncultured_Blautia_sp.,Bacteria,Firmicutes,Clostridia,Oscillospirales,UCG-010,uncultured_bacterium,None,0.006815968841285297
Bacteria,Firmicutes,Clostridia,Lachnospirales,Lachnospiraceae,Blautia,uncultured_Blautia_sp.,Bacteria,Firmicutes,Clostridia,Oscillospirales,UCG-010,uncultured_organism,None,0.006815968841285297
Bacteria,Firmicutes,Clostridia,Lachnospirales,Lachnospiraceae,Blautia,uncultured_Blautia_sp.,Bacteria,Firmicutes,Clostridia,Oscillospirales,Clostridium_methylpentosum_group,None,None,0.005842259006815969
Bacteria,Firmicutes,Clostridia,Lachnospirales,Lachnospiraceae,Blautia,uncultured_Blautia_sp.,Bacteria,Firmicutes,Clostridia,Oscillospirales,Eubacterium_coprostanoligenes_group,None,None,0.005842259006815969
Bacteria,Firmicutes,Clostridia,Lachnospirales,Lachnospiraceae,Blautia,uncultured_Blautia_sp.,Bacteria,Firmicutes,Clostridia,Oscillospirales,None,None,None,0.004868549172346641
Bacteria,Firmicutes,Clostridia,Lachnospirales,Lachnospiraceae,Blautia,uncultured_Blautia_sp.,Bacteria,Firmicutes,Clostridia,Peptococcales,Peptococcaceae,uncultured,None,0.006815968841285297
Bacteria,Firmicutes,Clostridia,Lachnospirales,Lachnospiraceae,Blautia,uncultured_Blautia_sp.,Bacteria,Firmicutes,Clostridia,Peptostreptococcales-Tissierellales,Anaerovoracaceae,Family_XIII_AD3011_group,metagenome,0.007789678675754625
Bacteria,Firmicutes,Clostridia,Lachnospirales,Lachnospiraceae,Blautia,uncultured_Blautia_sp.,Bacteria,Firmicutes,Clostridia,Peptostreptococcales-Tissierellales,Anaerovoracaceae,Family_XIII_AD3011_group,None,0.006815968841285297
Bacteria,Firmicutes,Clostridia,Lachnospirales,Lachnospiraceae,Blautia,uncultured_Blautia_sp.,Bacteria,Firmicutes,Clostridia,Peptostreptococcales-Tissierellales,Anaerovoracaceae,Family_XIII_AD3011_group,uncultured,0.007789678675754625
Bacteria,Firmicutes,Clostridia,Lachnospirales,Lachnospiraceae,Blautia,uncultured_Blautia_sp.,Bacteria,Firmicutes,Clostridia,Peptostreptococcales-Tissierellales,Anaerovoracaceae,Family_XIII_UCG-001,metagenome,0.007789678675754625
Bacteria,Firmicutes,Clostridia,Lachnospirales,Lachnospiraceae,Blautia,uncultured_Blautia_sp.,Bacteria,Firmicutes,Clostridia,Peptostreptococcales-Tissierellales,Anaerovoracaceae,Eubacterium_nodatum_group,None,0.006815968841285297
Bacteria,Firmicutes,Clostridia,Lachnospirales,Lachnospiraceae,Blautia,uncultured_Blautia_sp.,Bacteria,Firmicutes,Clostridia,Peptostreptococcales-Tissierellales,Anaerovoracaceae,None,None,0.005842259006815969
Bacteria,Firmicutes,Clostridia,Lachnospirales,Lachnospiraceae,Blautia,uncultured_Blautia_sp.,Bacteria,Firmicutes,Clostridia,Peptostreptococcales-Tissierellales,Parvimonas,None,None,0.005842259006815969
Bacteria,Firmicutes,Clostridia,Lachnospirales,Lachnospiraceae,Blautia,uncultured_Blautia_sp.,Bacteria,Firmicutes,Clostridia,None,None,None,None,0.0038948393378773127
Bacteria,Firmicutes,Clostridia,Lachnospirales,Lachnospiraceae,Blautia,uncultured_Blautia_sp.,Bacteria,Firmicutes,Incertae_Sedis,DTU014,unidentified,None,None,0.007789678675754625
Bacteria,Firmicutes,Clostridia,Lachnospirales,Lachnospiraceae,Blautia,uncultured_Blautia_sp.,Bacteria,Firmicutes,Limnochordia,M55-D21,uncultured_compost_bacterium,None,None,0.007789678675754625
Bacteria,Firmicutes,Clostridia,Lachnospirales,Lachnospiraceae,Blautia,uncultured_Blautia_sp.,Bacteria,Firmicutes,Negativicutes,Acidaminococcales,Acidaminococcaceae,Phascolarctobacterium,None,0.008763388510223954
Bacteria,Firmicutes,Clostridia,Lachnospirales,Lachnospiraceae,Blautia,uncultured_Blautia_sp.,Bacteria,Firmicutes,None,None,None,None,None,0.004868549172346641
Bacteria,Firmicutes,Clostridia,Lachnospirales,Lachnospiraceae,Blautia,uncultured_Blautia_sp.,Bacteria,Firmicutes,uncultured,uncultured_Peptococcaceae_bacterium,None,None,None,0.006815968841285297
Bacteria,Firmicutes,Clostridia,Lachnospirales,Lachnospiraceae,Blautia,uncultured_Blautia_sp.,Bacteria,Proteobacteria,Alphaproteobacteria,Rhodospirillales,uncultured,None,None,0.009737098344693282
Bacteria,Firmicutes,Clostridia,Lachnospirales,Lachnospiraceae,Blautia,uncultured_Blautia_sp.,Bacteria,Proteobacteria,Gammaproteobacteria,Burkholderiales,Sutterellaceae,Sutterella,Sutterella_sp._252,0.011684518013631937
Bacteria,Firmicutes,Clostridia,Lachnospirales,Lachnospiraceae,Blautia,uncultured_Blautia_sp.,Bacteria,Proteobacteria,Gammaproteobacteria,Enterobacterales,Enterobacteriaceae,Escherichia-Shigella,None,0.010710808179162609
Bacteria,Firmicutes,Clostridia,Lachnospirales,Lachnospiraceae,Blautia,uncultured_Blautia_sp.,Bacteria,Proteobacteria,Gammaproteobacteria,Enterobacterales,Enterobacteriaceae,Klebsiella,None,0.010710808179162609
Bacteria,Firmicutes,Clostridia,Lachnospirales,Lachnospiraceae,Blautia,uncultured_Blautia_sp.,Bacteria,Proteobacteria,Gammaproteobacteria,Enterobacterales,Enterobacteriaceae,None,None,0.009737098344693282
Bacteria,Firmicutes,Clostridia,Lachnospirales,Lachnospiraceae,Blautia,uncultured_Blautia_sp.,Bacteria,Proteobacteria,Gammaproteobacteria,Pseudomonadales,Pseudomonadaceae,Pseudomonas,None,0.010710808179162609
Bacteria,Firmicutes,Clostridia,Lachnospirales,Lachnospiraceae,Blautia,uncultured_Blautia_sp.,Bacteria,Synergistota,Synergistia,Synergistales,Synergistaceae,Cloacibacillus,None,0.010710808179162609
Bacteria,Firmicutes,Clostridia,Lachnospirales,Lachnospiraceae,Blautia,uncultured_Blautia_sp.,Bacteria,Verrucomicrobiota,Verrucomicrobiae,Verrucomicrobiales,Akkermansiaceae,Akkermansia,None,0.010710808179162609
Bacteria,Firmicutes,Clostridia,Lachnospirales,Lachnospiraceae,Coprococcus,None,Bacteria,Firmicutes,Clostridia,Lachnospirales,Lachnospiraceae,Coprococcus,uncultured_Coprococcus_sp.,0.0009737098344693282
Bacteria,Firmicutes,Clostridia,Lachnospirales,Lachnospiraceae,Coprococcus,None,Bacteria,Firmicutes,Clostridia,Lachnospirales,Lachnospiraceae,Dorea,None,0.0019474196689386564
Bacteria,Firmicutes,Clostridia,Lachnospirales,Lachnospiraceae,Coprococcus,None,Bacteria,Firmicutes,Clostridia,Lachnospirales,Lachnospiraceae,Eisenbergiella,None,0.0019474196689386564
Bacteria,Firmicutes,Clostridia,Lachnospirales,Lachnospiraceae,Coprococcus,None,Bacteria,Firmicutes,Clostridia,Lachnospirales,Lachnospiraceae,Frisingicoccus,None,0.0019474196689386564
Bacteria,Firmicutes,Clostridia,Lachnospirales,Lachnospiraceae,Coprococcus,None,Bacteria,Firmicutes,Clostridia,Lachnospirales,Lachnospiraceae,Fusicatenibacter,uncultured_Lachnospiraceae_bacterium,0.0029211295034079843
Bacteria,Firmicutes,Clostridia,Lachnospirales,Lachnospiraceae,Coprococcus,None,Bacteria,Firmicutes,Clostridia,Lachnospirales,Lachnospiraceae,GCA-900066575,None,0.0019474196689386564
Bacteria,Firmicutes,Clostridia,Lachnospirales,Lachnospiraceae,Coprococcus,None,Bacteria,Firmicutes,Clostridia,Lachnospirales,Lachnospiraceae,GCA-900066575,metagenome,0.0029211295034079843
Bacteria,Firmicutes,Clostridia,Lachnospirales,Lachnospiraceae,Coprococcus,None,Bacteria,Firmicutes,Clostridia,Lachnospirales,Lachnospiraceae,GCA-900066755,None,0.0019474196689386564
Bacteria,Firmicutes,Clostridia,Lachnospirales,Lachnospiraceae,Coprococcus,None,Bacteria,Firmicutes,Clostridia,Lachnospirales,Lachnospiraceae,Hungatella,metagenome,0.0029211295034079843
Bacteria,Firmicutes,Clostridia,Lachnospirales,Lachnospiraceae,Coprococcus,None,Bacteria,Firmicutes,Clostridia,Lachnospirales,Lachnospiraceae,Lachnoclostridium,Clostridium_symbiosum,0.0029211295034079843
Bacteria,Firmicutes,Clostridia,Lachnospirales,Lachnospiraceae,Coprococcus,None,Bacteria,Firmicutes,Clostridia,Lachnospirales,Lachnospiraceae,Lachnoclostridium,None,0.0019474196689386564
Bacteria,Firmicutes,Clostridia,Lachnospirales,Lachnospiraceae,Coprococcus,None,Bacteria,Firmicutes,Clostridia,Lachnospirales,Lachnospiraceae,Lachnoclostridium,uncultured_Lachnospiraceae_bacterium,0.0029211295034079843
Bacteria,Firmicutes,Clostridia,Lachnospirales,Lachnospiraceae,Coprococcus,None,Bacteria,Firmicutes,Clostridia,Lachnospirales,Lachnospiraceae,Lachnospiraceae_ND3007_group,metagenome,0.0029211295034079843
Bacteria,Firmicutes,Clostridia,Lachnospirales,Lachnospiraceae,Coprococcus,None,Bacteria,Firmicutes,Clostridia,Lachnospirales,Lachnospiraceae,Lachnospiraceae_NK4A136_group,None,0.0019474196689386564
Bacteria,Firmicutes,Clostridia,Lachnospirales,Lachnospiraceae,Coprococcus,None,Bacteria,Firmicutes,Clostridia,Lachnospirales,Lachnospiraceae,Lachnospiraceae_NK4A136_group,uncultured_Lachnospiraceae_bacterium,0.0029211295034079843
Bacteria,Firmicutes,Clostridia,Lachnospirales,Lachnospiraceae,Coprococcus,None,Bacteria,Firmicutes,Clostridia,Lachnospirales,Lachnospiraceae,Lachnospiraceae_NK4A136_group,uncultured_bacterium_Adhufec49.25,0.0029211295034079843
Bacteria,Firmicutes,Clostridia,Lachnospirales,Lachnospiraceae,Coprococcus,None,Bacteria,Firmicutes,Clostridia,Lachnospirales,Lachnospiraceae,Lachnospiraceae_NK4B4_group,None,0.0019474196689386564
Bacteria,Firmicutes,Clostridia,Lachnospirales,Lachnospiraceae,Coprococcus,None,Bacteria,Firmicutes,Clostridia,Lachnospirales,Lachnospiraceae,Lachnospiraceae_UCG-001,metagenome,0.0029211295034079843
Bacteria,Firmicutes,Clostridia,Lachnospirales,Lachnospiraceae,Coprococcus,None,Bacteria,Firmicutes,Clostridia,Lachnospirales,Lachnospiraceae,Lachnospiraceae_UCG-004,None,0.0019474196689386564
Bacteria,Firmicutes,Clostridia,Lachnospirales,Lachnospiraceae,Coprococcus,None,Bacteria,Firmicutes,Clostridia,Lachnospirales,Lachnospiraceae,Lachnospiraceae_UCG-008,metagenome,0.0029211295034079843
Bacteria,Firmicutes,Clostridia,Lachnospirales,Lachnospiraceae,Coprococcus,None,Bacteria,Firmicutes,Clostridia,Lachnospirales,Lachnospiraceae,Lachnospiraceae_UCG-010,None,0.0019474196689386564
Bacteria,Firmicutes,Clostridia,Lachnospirales,Lachnospiraceae,Coprococcus,None,Bacteria,Firmicutes,Clostridia,Lachnospirales,Lachnospiraceae,Marvinbryantia,None,0.0019474196689386564
Bacteria,Firmicutes,Clostridia,Lachnospirales,Lachnospiraceae,Coprococcus,None,Bacteria,Firmicutes,Clostridia,Lachnospirales,Lachnospiraceae,Marvinbryantia,unidentified,0.0029211295034079843
Bacteria,Firmicutes,Clostridia,Lachnospirales,Lachnospiraceae,Coprococcus,None,Bacteria,Firmicutes,Clostridia,Lachnospirales,Lachnospiraceae,Roseburia,None,0.0019474196689386564
Bacteria,Firmicutes,Clostridia,Lachnospirales,Lachnospiraceae,Coprococcus,None,Bacteria,Firmicutes,Clostridia,Lachnospirales,Lachnospiraceae,Roseburia,gut_metagenome,0.0029211295034079843
Bacteria,Firmicutes,Clostridia,Lachnospirales,Lachnospiraceae,Coprococcus,None,Bacteria,Firmicutes,Clostridia,Lachnospirales,Lachnospiraceae,Tuzzerella,None,0.0019474196689386564
Bacteria,Firmicutes,Clostridia,Lachnospirales,Lachnospiraceae,Coprococcus,None,Bacteria,Firmicutes,Clostridia,Lachnospirales,Lachnospiraceae,Tyzzerella,None,0.0019474196689386564
Bacteria,Firmicutes,Clostridia,Lachnospirales,Lachnospiraceae,Coprococcus,None,Bacteria,Firmicutes,Clostridia,Lachnospirales,Lachnospiraceae,Eubacterium_hallii_group,None,0.0019474196689386564
Bacteria,Firmicutes,Clostridia,Lachnospirales,Lachnospiraceae,Coprococcus,None,Bacteria,Firmicutes,Clostridia,Lachnospirales,Lachnospiraceae,Eubacterium_ventriosum_group,metagenome,0.0029211295034079843
Bacteria,Firmicutes,Clostridia,Lachnospirales,Lachnospiraceae,Coprococcus,None,Bacteria,Firmicutes,Clostridia,Lachnospirales,Lachnospiraceae,Ruminococcus_gauvreauii_group,uncultured_Lachnospiraceae_bacterium,0.0029211295034079843
Bacteria,Firmicutes,Clostridia,Lachnospirales,Lachnospiraceae,Coprococcus,None,Bacteria,Firmicutes,Clostridia,Lachnospirales,Lachnospiraceae,Ruminococcus_gnavus_group,None,0.0019474196689386564
Bacteria,Firmicutes,Clostridia,Lachnospirales,Lachnospiraceae,Coprococcus,None,Bacteria,Firmicutes,Clostridia,Lachnospirales,Lachnospiraceae,Ruminococcus_torques_group,Clostridiaceae_bacterium_LEMV78,0.0029211295034079843
Bacteria,Firmicutes,Clostridia,Lachnospirales,Lachnospiraceae,Coprococcus,None,Bacteria,Firmicutes,Clostridia,Lachnospirales,Lachnospiraceae,Ruminococcus_torques_group,None,0.0019474196689386564
Bacteria,Firmicutes,Clostridia,Lachnospirales,Lachnospiraceae,Coprococcus,None,Bacteria,Firmicutes,Clostridia,Lachnospirales,Lachnospiraceae,None,None,0.0019474196689386564
Bacteria,Firmicutes,Clostridia,Lachnospirales,Lachnospiraceae,Coprococcus,None,Bacteria,Firmicutes,Clostridia,Lachnospirales,Lachnospiraceae,uncultured,None,0.0019474196689386564
Bacteria,Firmicutes,Clostridia,Lachnospirales,Lachnospiraceae,Coprococcus,None,Bacteria,Firmicutes,Clostridia,Monoglobales,Monoglobaceae,Monoglobus,None,0.005842259006815969
Bacteria,Firmicutes,Clostridia,Lachnospirales,Lachnospiraceae,Coprococcus,None,Bacteria,Firmicutes,Clostridia,Oscillospirales,Butyricicoccaceae,Butyricicoccus,None,0.005842259006815969
Bacteria,Firmicutes,Clostridia,Lachnospirales,Lachnospiraceae,Coprococcus,None,Bacteria,Firmicutes,Clostridia,Oscillospirales,Hydrogenoanaerobacterium,None,None,0.004868549172346641
Bacteria,Firmicutes,Clostridia,Lachnospirales,Lachnospiraceae,Coprococcus,None,Bacteria,Firmicutes,Clostridia,Oscillospirales,Oscillospiraceae,Colidextribacter,None,0.005842259006815969
Bacteria,Firmicutes,Clostridia,Lachnospirales,Lachnospiraceae,Coprococcus,None,Bacteria,Firmicutes,Clostridia,Oscillospirales,Oscillospiraceae,Colidextribacter,metagenome,0.006815968841285297
Bacteria,Firmicutes,Clostridia,Lachnospirales,Lachnospiraceae,Coprococcus,None,Bacteria,Firmicutes,Clostridia,Oscillospirales,Oscillospiraceae,Flavonifractor,None,0.005842259006815969
Bacteria,Firmicutes,Clostridia,Lachnospirales,Lachnospiraceae,Coprococcus,None,Bacteria,Firmicutes,Clostridia,Oscillospirales,Oscillospiraceae,Intestinimonas,None,0.005842259006815969
Bacteria,Firmicutes,Clostridia,Lachnospirales,Lachnospiraceae,Coprococcus,None,Bacteria,Firmicutes,Clostridia,Oscillospirales,Oscillospiraceae,Intestinimonas,uncultured,0.006815968841285297
Bacteria,Firmicutes,Clostridia,Lachnospirales,Lachnospiraceae,Coprococcus,None,Bacteria,Firmicutes,Clostridia,Oscillospirales,Oscillospiraceae,NK4A214_group,None,0.005842259006815969
Bacteria,Firmicutes,Clostridia,Lachnospirales,Lachnospiraceae,Coprococcus,None,Bacteria,Firmicutes,Clostridia,Oscillospirales,Oscillospiraceae,Oscillibacter,None,0.005842259006815969
Bacteria,Firmicutes,Clostridia,Lachnospirales,Lachnospiraceae,Coprococcus,None,Bacteria,Firmicutes,Clostridia,Oscillospirales,Oscillospiraceae,Oscillibacter,metagenome,0.006815968841285297
Bacteria,Firmicutes,Clostridia,Lachnospirales,Lachnospiraceae,Coprococcus,None,Bacteria,Firmicutes,Clostridia,Oscillospirales,Oscillospiraceae,Oscillospira,None,0.005842259006815969
Bacteria,Firmicutes,Clostridia,Lachnospirales,Lachnospiraceae,Coprococcus,None,Bacteria,Firmicutes,Clostridia,Oscillospirales,Oscillospiraceae,UCG-002,None,0.005842259006815969
Bacteria,Firmicutes,Clostridia,Lachnospirales,Lachnospiraceae,Coprococcus,None,Bacteria,Firmicutes,Clostridia,Oscillospirales,Oscillospiraceae,UCG-003,None,0.005842259006815969
Bacteria,Firmicutes,Clostridia,Lachnospirales,Lachnospiraceae,Coprococcus,None,Bacteria,Firmicutes,Clostridia,Oscillospirales,Oscillospiraceae,UCG-005,None,0.005842259006815969
Bacteria,Firmicutes,Clostridia,Lachnospirales,Lachnospiraceae,Coprococcus,None,Bacteria,Firmicutes,Clostridia,Oscillospirales,Oscillospiraceae,UCG-005,metagenome,0.006815968841285297
Bacteria,Firmicutes,Clostridia,Lachnospirales,Lachnospiraceae,Coprococcus,None,Bacteria,Firmicutes,Clostridia,Oscillospirales,Oscillospiraceae,UCG-005,uncultured_Clostridiales_bacterium,0.006815968841285297
Bacteria,Firmicutes,Clostridia,Lachnospirales,Lachnospiraceae,Coprococcus,None,Bacteria,Firmicutes,Clostridia,Oscillospirales,Oscillospiraceae,UCG-005,uncultured_rumen_bacterium,0.006815968841285297
Bacteria,Firmicutes,Clostridia,Lachnospirales,Lachnospiraceae,Coprococcus,None,Bacteria,Firmicutes,Clostridia,Oscillospirales,Oscillospiraceae,None,None,0.004868549172346641
Bacteria,Firmicutes,Clostridia,Lachnospirales,Lachnospiraceae,Coprococcus,None,Bacteria,Firmicutes,Clostridia,Oscillospirales,Oscillospiraceae,uncultured,metagenome,0.006815968841285297
Bacteria,Firmicutes,Clostridia,Lachnospirales,Lachnospiraceae,Coprococcus,None,Bacteria,Firmicutes,Clostridia,Oscillospirales,Oscillospiraceae,uncultured,unidentified,0.006815968841285297
Bacteria,Firmicutes,Clostridia,Lachnospirales,Lachnospiraceae,Coprococcus,None,Bacteria,Firmicutes,Clostridia,Oscillospirales,Ruminococcaceae,Anaerofilum,uncultured_Firmicutes_bacterium,0.006815968841285297
Bacteria,Firmicutes,Clostridia,Lachnospirales,Lachnospiraceae,Coprococcus,None,Bacteria,Firmicutes,Clostridia,Oscillospirales,Ruminococcaceae,Anaerotruncus,Anaerotruncus_rubiinfantis,0.006815968841285297
Bacteria,Firmicutes,Clostridia,Lachnospirales,Lachnospiraceae,Coprococcus,None,Bacteria,Firmicutes,Clostridia,Oscillospirales,Ruminococcaceae,Anaerotruncus,Anaerotruncus_sp._NML_070203,0.006815968841285297
Bacteria,Firmicutes,Clostridia,Lachnospirales,Lachnospiraceae,Coprococcus,None,Bacteria,Firmicutes,Clostridia,Oscillospirales,Ruminococcaceae,Candidatus_Soleaferrea,Neobitarella_massiliensis,0.006815968841285297
Bacteria,Firmicutes,Clostridia,Lachnospirales,Lachnospiraceae,Coprococcus,None,Bacteria,Firmicutes,Clostridia,Oscillospirales,Ruminococcaceae,Candidatus_Soleaferrea,None,0.005842259006815969
Bacteria,Firmicutes,Clostridia,Lachnospirales,Lachnospiraceae,Coprococcus,None,Bacteria,Firmicutes,Clostridia,Oscillospirales,Ruminococcaceae,DTU089,None,0.005842259006815969
Bacteria,Firmicutes,Clostridia,Lachnospirales,Lachnospiraceae,Coprococcus,None,Bacteria,Firmicutes,Clostridia,Oscillospirales,Ruminococcaceae,Faecalibacterium,None,0.005842259006815969
Bacteria,Firmicutes,Clostridia,Lachnospirales,Lachnospiraceae,Coprococcus,None,Bacteria,Firmicutes,Clostridia,Oscillospirales,Ruminococcaceae,Fournierella,uncultured_organism,0.006815968841285297
Bacteria,Firmicutes,Clostridia,Lachnospirales,Lachnospiraceae,Coprococcus,None,Bacteria,Firmicutes,Clostridia,Oscillospirales,Ruminococcaceae,Incertae_Sedis,metagenome,0.006815968841285297
Bacteria,Firmicutes,Clostridia,Lachnospirales,Lachnospiraceae,Coprococcus,None,Bacteria,Firmicutes,Clostridia,Oscillospirales,Ruminococcaceae,Incertae_Sedis,None,0.005842259006815969
Bacteria,Firmicutes,Clostridia,Lachnospirales,Lachnospiraceae,Coprococcus,None,Bacteria,Firmicutes,Clostridia,Oscillospirales,Ruminococcaceae,Negativibacillus,None,0.005842259006815969
Bacteria,Firmicutes,Clostridia,Lachnospirales,Lachnospiraceae,Coprococcus,None,Bacteria,Firmicutes,Clostridia,Oscillospirales,Ruminococcaceae,Ruminococcus,Ruminococcus_champanellensis,0.006815968841285297
Bacteria,Firmicutes,Clostridia,Lachnospirales,Lachnospiraceae,Coprococcus,None,Bacteria,Firmicutes,Clostridia,Oscillospirales,Ruminococcaceae,Ruminococcus,None,0.005842259006815969
Bacteria,Firmicutes,Clostridia,Lachnospirales,Lachnospiraceae,Coprococcus,None,Bacteria,Firmicutes,Clostridia,Oscillospirales,Ruminococcaceae,Subdoligranulum,None,0.005842259006815969
Bacteria,Firmicutes,Clostridia,Lachnospirales,Lachnospiraceae,Coprococcus,None,Bacteria,Firmicutes,Clostridia,Oscillospirales,Ruminococcaceae,UBA1819,None,0.005842259006815969
Bacteria,Firmicutes,Clostridia,Lachnospirales,Lachnospiraceae,Coprococcus,None,Bacteria,Firmicutes,Clostridia,Oscillospirales,Ruminococcaceae,Eubacterium_siraeum_group,None,0.005842259006815969
Bacteria,Firmicutes,Clostridia,Lachnospirales,Lachnospiraceae,Coprococcus,None,Bacteria,Firmicutes,Clostridia,Oscillospirales,Ruminococcaceae,None,None,0.004868549172346641
Bacteria,Firmicutes,Clostridia,Lachnospirales,Lachnospiraceae,Coprococcus,None,Bacteria,Firmicutes,Clostridia,Oscillospirales,UCG-010,None,None,0.004868549172346641
Bacteria,Firmicutes,Clostridia,Lachnospirales,Lachnospiraceae,Coprococcus,None,Bacteria,Firmicutes,Clostridia,Oscillospirales,UCG-010,metagenome,None,0.005842259006815969
Bacteria,Firmicutes,Clostridia,Lachnospirales,Lachnospiraceae,Coprococcus,None,Bacteria,Firmicutes,Clostridia,Oscillospirales,UCG-010,uncultured_bacterium,None,0.005842259006815969
Bacteria,Firmicutes,Clostridia,Lachnospirales,Lachnospiraceae,Coprococcus,None,Bacteria,Firmicutes,Clostridia,Oscillospirales,UCG-010,uncultured_organism,None,0.005842259006815969
Bacteria,Firmicutes,Clostridia,Lachnospirales,Lachnospiraceae,Coprococcus,None,Bacteria,Firmicutes,Clostridia,Oscillospirales,Clostridium_methylpentosum_group,None,None,0.004868549172346641
Bacteria,Firmicutes,Clostridia,Lachnospirales,Lachnospiraceae,Coprococcus,None,Bacteria,Firmicutes,Clostridia,Oscillospirales,Eubacterium_coprostanoligenes_group,None,None,0.004868549172346641
Bacteria,Firmicutes,Clostridia,Lachnospirales,Lachnospiraceae,Coprococcus,None,Bacteria,Firmicutes,Clostridia,Oscillospirales,None,None,None,0.0038948393378773127
Bacteria,Firmicutes,Clostridia,Lachnospirales,Lachnospiraceae,Coprococcus,None,Bacteria,Firmicutes,Clostridia,Peptococcales,Peptococcaceae,uncultured,None,0.005842259006815969
Bacteria,Firmicutes,Clostridia,Lachnospirales,Lachnospiraceae,Coprococcus,None,Bacteria,Firmicutes,Clostridia,Peptostreptococcales-Tissierellales,Anaerovoracaceae,Family_XIII_AD3011_group,metagenome,0.006815968841285297
Bacteria,Firmicutes,Clostridia,Lachnospirales,Lachnospiraceae,Coprococcus,None,Bacteria,Firmicutes,Clostridia,Peptostreptococcales-Tissierellales,Anaerovoracaceae,Family_XIII_AD3011_group,None,0.005842259006815969
Bacteria,Firmicutes,Clostridia,Lachnospirales,Lachnospiraceae,Coprococcus,None,Bacteria,Firmicutes,Clostridia,Peptostreptococcales-Tissierellales,Anaerovoracaceae,Family_XIII_AD3011_group,uncultured,0.006815968841285297
Bacteria,Firmicutes,Clostridia,Lachnospirales,Lachnospiraceae,Coprococcus,None,Bacteria,Firmicutes,Clostridia,Peptostreptococcales-Tissierellales,Anaerovoracaceae,Family_XIII_UCG-001,metagenome,0.006815968841285297
Bacteria,Firmicutes,Clostridia,Lachnospirales,Lachnospiraceae,Coprococcus,None,Bacteria,Firmicutes,Clostridia,Peptostreptococcales-Tissierellales,Anaerovoracaceae,Eubacterium_nodatum_group,None,0.005842259006815969
Bacteria,Firmicutes,Clostridia,Lachnospirales,Lachnospiraceae,Coprococcus,None,Bacteria,Firmicutes,Clostridia,Peptostreptococcales-Tissierellales,Anaerovoracaceae,None,None,0.004868549172346641
Bacteria,Firmicutes,Clostridia,Lachnospirales,Lachnospiraceae,Coprococcus,None,Bacteria,Firmicutes,Clostridia,Peptostreptococcales-Tissierellales,Parvimonas,None,None,0.004868549172346641
Bacteria,Firmicutes,Clostridia,Lachnospirales,Lachnospiraceae,Coprococcus,None,Bacteria,Firmicutes,Clostridia,None,None,None,None,0.0029211295034079843
Bacteria,Firmicutes,Clostridia,Lachnospirales,Lachnospiraceae,Coprococcus,None,Bacteria,Firmicutes,Incertae_Sedis,DTU014,unidentified,None,None,0.006815968841285297
Bacteria,Firmicutes,Clostridia,Lachnospirales,Lachnospiraceae,Coprococcus,None,Bacteria,Firmicutes,Limnochordia,M55-D21,uncultured_compost_bacterium,None,None,0.006815968841285297
Bacteria,Firmicutes,Clostridia,Lachnospirales,Lachnospiraceae,Coprococcus,None,Bacteria,Firmicutes,Negativicutes,Acidaminococcales,Acidaminococcaceae,Phascolarctobacterium,None,0.007789678675754625
Bacteria,Firmicutes,Clostridia,Lachnospirales,Lachnospiraceae,Coprococcus,None,Bacteria,Firmicutes,None,None,None,None,None,0.0038948393378773127
Bacteria,Firmicutes,Clostridia,Lachnospirales,Lachnospiraceae,Coprococcus,None,Bacteria,Firmicutes,uncultured,uncultured_Peptococcaceae_bacterium,None,None,None,0.005842259006815969
Bacteria,Firmicutes,Clostridia,Lachnospirales,Lachnospiraceae,Coprococcus,None,Bacteria,Proteobacteria,Alphaproteobacteria,Rhodospirillales,uncultured,None,None,0.008763388510223954
Bacteria,Firmicutes,Clostridia,Lachnospirales,Lachnospiraceae,Coprococcus,None,Bacteria,Proteobacteria,Gammaproteobacteria,Burkholderiales,Sutterellaceae,Sutterella,Sutterella_sp._252,0.010710808179162609
Bacteria,Firmicutes,Clostridia,Lachnospirales,Lachnospiraceae,Coprococcus,None,Bacteria,Proteobacteria,Gammaproteobacteria,Enterobacterales,Enterobacteriaceae,Escherichia-Shigella,None,0.009737098344693282
Bacteria,Firmicutes,Clostridia,Lachnospirales,Lachnospiraceae,Coprococcus,None,Bacteria,Proteobacteria,Gammaproteobacteria,Enterobacterales,Enterobacteriaceae,Klebsiella,None,0.009737098344693282
Bacteria,Firmicutes,Clostridia,Lachnospirales,Lachnospiraceae,Coprococcus,None,Bacteria,Proteobacteria,Gammaproteobacteria,Enterobacterales,Enterobacteriaceae,None,None,0.008763388510223954
Bacteria,Firmicutes,Clostridia,Lachnospirales,Lachnospiraceae,Coprococcus,None,Bacteria,Proteobacteria,Gammaproteobacteria,Pseudomonadales,Pseudomonadaceae,Pseudomonas,None,0.009737098344693282
Bacteria,Firmicutes,Clostridia,Lachnospirales,Lachnospiraceae,Coprococcus,None,Bacteria,Synergistota,Synergistia,Synergistales,Synergistaceae,Cloacibacillus,None,0.009737098344693282
Bacteria,Firmicutes,Clostridia,Lachnospirales,Lachnospiraceae,Coprococcus,None,Bacteria,Verrucomicrobiota,Verrucomicrobiae,Verrucomicrobiales,Akkermansiaceae,Akkermansia,None,0.009737098344693282
Bacteria,Firmicutes,Clostridia,Lachnospirales,Lachnospiraceae,Coprococcus,uncultured_Coprococcus_sp.,Bacteria,Firmicutes,Clostridia,Lachnospirales,Lachnospiraceae,Dorea,None,0.0029211295034079843
Bacteria,Firmicutes,Clostridia,Lachnospirales,Lachnospiraceae,Coprococcus,uncultured_Coprococcus_sp.,Bacteria,Firmicutes,Clostridia,Lachnospirales,Lachnospiraceae,Eisenbergiella,None,0.0029211295034079843
Bacteria,Firmicutes,Clostridia,Lachnospirales,Lachnospiraceae,Coprococcus,uncultured_Coprococcus_sp.,Bacteria,Firmicutes,Clostridia,Lachnospirales,Lachnospiraceae,Frisingicoccus,None,0.0029211295034079843
Bacteria,Firmicutes,Clostridia,Lachnospirales,Lachnospiraceae,Coprococcus,uncultured_Coprococcus_sp.,Bacteria,Firmicutes,Clostridia,Lachnospirales,Lachnospiraceae,Fusicatenibacter,uncultured_Lachnospiraceae_bacterium,0.0038948393378773127
Bacteria,Firmicutes,Clostridia,Lachnospirales,Lachnospiraceae,Coprococcus,uncultured_Coprococcus_sp.,Bacteria,Firmicutes,Clostridia,Lachnospirales,Lachnospiraceae,GCA-900066575,None,0.0029211295034079843
Bacteria,Firmicutes,Clostridia,Lachnospirales,Lachnospiraceae,Coprococcus,uncultured_Coprococcus_sp.,Bacteria,Firmicutes,Clostridia,Lachnospirales,Lachnospiraceae,GCA-900066575,metagenome,0.0038948393378773127
Bacteria,Firmicutes,Clostridia,Lachnospirales,Lachnospiraceae,Coprococcus,uncultured_Coprococcus_sp.,Bacteria,Firmicutes,Clostridia,Lachnospirales,Lachnospiraceae,GCA-900066755,None,0.0029211295034079843
Bacteria,Firmicutes,Clostridia,Lachnospirales,Lachnospiraceae,Coprococcus,uncultured_Coprococcus_sp.,Bacteria,Firmicutes,Clostridia,Lachnospirales,Lachnospiraceae,Hungatella,metagenome,0.0038948393378773127
Bacteria,Firmicutes,Clostridia,Lachnospirales,Lachnospiraceae,Coprococcus,uncultured_Coprococcus_sp.,Bacteria,Firmicutes,Clostridia,Lachnospirales,Lachnospiraceae,Lachnoclostridium,Clostridium_symbiosum,0.0038948393378773127
Bacteria,Firmicutes,Clostridia,Lachnospirales,Lachnospiraceae,Coprococcus,uncultured_Coprococcus_sp.,Bacteria,Firmicutes,Clostridia,Lachnospirales,Lachnospiraceae,Lachnoclostridium,None,0.0029211295034079843
Bacteria,Firmicutes,Clostridia,Lachnospirales,Lachnospiraceae,Coprococcus,uncultured_Coprococcus_sp.,Bacteria,Firmicutes,Clostridia,Lachnospirales,Lachnospiraceae,Lachnoclostridium,uncultured_Lachnospiraceae_bacterium,0.0038948393378773127
Bacteria,Firmicutes,Clostridia,Lachnospirales,Lachnospiraceae,Coprococcus,uncultured_Coprococcus_sp.,Bacteria,Firmicutes,Clostridia,Lachnospirales,Lachnospiraceae,Lachnospiraceae_ND3007_group,metagenome,0.0038948393378773127
Bacteria,Firmicutes,Clostridia,Lachnospirales,Lachnospiraceae,Coprococcus,uncultured_Coprococcus_sp.,Bacteria,Firmicutes,Clostridia,Lachnospirales,Lachnospiraceae,Lachnospiraceae_NK4A136_group,None,0.0029211295034079843
Bacteria,Firmicutes,Clostridia,Lachnospirales,Lachnospiraceae,Coprococcus,uncultured_Coprococcus_sp.,Bacteria,Firmicutes,Clostridia,Lachnospirales,Lachnospiraceae,Lachnospiraceae_NK4A136_group,uncultured_Lachnospiraceae_bacterium,0.0038948393378773127
Bacteria,Firmicutes,Clostridia,Lachnospirales,Lachnospiraceae,Coprococcus,uncultured_Coprococcus_sp.,Bacteria,Firmicutes,Clostridia,Lachnospirales,Lachnospiraceae,Lachnospiraceae_NK4A136_group,uncultured_bacterium_Adhufec49.25,0.0038948393378773127
Bacteria,Firmicutes,Clostridia,Lachnospirales,Lachnospiraceae,Coprococcus,uncultured_Coprococcus_sp.,Bacteria,Firmicutes,Clostridia,Lachnospirales,Lachnospiraceae,Lachnospiraceae_NK4B4_group,None,0.0029211295034079843
Bacteria,Firmicutes,Clostridia,Lachnospirales,Lachnospiraceae,Coprococcus,uncultured_Coprococcus_sp.,Bacteria,Firmicutes,Clostridia,Lachnospirales,Lachnospiraceae,Lachnospiraceae_UCG-001,metagenome,0.0038948393378773127
Bacteria,Firmicutes,Clostridia,Lachnospirales,Lachnospiraceae,Coprococcus,uncultured_Coprococcus_sp.,Bacteria,Firmicutes,Clostridia,Lachnospirales,Lachnospiraceae,Lachnospiraceae_UCG-004,None,0.0029211295034079843
Bacteria,Firmicutes,Clostridia,Lachnospirales,Lachnospiraceae,Coprococcus,uncultured_Coprococcus_sp.,Bacteria,Firmicutes,Clostridia,Lachnospirales,Lachnospiraceae,Lachnospiraceae_UCG-008,metagenome,0.0038948393378773127
Bacteria,Firmicutes,Clostridia,Lachnospirales,Lachnospiraceae,Coprococcus,uncultured_Coprococcus_sp.,Bacteria,Firmicutes,Clostridia,Lachnospirales,Lachnospiraceae,Lachnospiraceae_UCG-010,None,0.0029211295034079843
Bacteria,Firmicutes,Clostridia,Lachnospirales,Lachnospiraceae,Coprococcus,uncultured_Coprococcus_sp.,Bacteria,Firmicutes,Clostridia,Lachnospirales,Lachnospiraceae,Marvinbryantia,None,0.0029211295034079843
Bacteria,Firmicutes,Clostridia,Lachnospirales,Lachnospiraceae,Coprococcus,uncultured_Coprococcus_sp.,Bacteria,Firmicutes,Clostridia,Lachnospirales,Lachnospiraceae,Marvinbryantia,unidentified,0.0038948393378773127
Bacteria,Firmicutes,Clostridia,Lachnospirales,Lachnospiraceae,Coprococcus,uncultured_Coprococcus_sp.,Bacteria,Firmicutes,Clostridia,Lachnospirales,Lachnospiraceae,Roseburia,None,0.0029211295034079843
Bacteria,Firmicutes,Clostridia,Lachnospirales,Lachnospiraceae,Coprococcus,uncultured_Coprococcus_sp.,Bacteria,Firmicutes,Clostridia,Lachnospirales,Lachnospiraceae,Roseburia,gut_metagenome,0.0038948393378773127
Bacteria,Firmicutes,Clostridia,Lachnospirales,Lachnospiraceae,Coprococcus,uncultured_Coprococcus_sp.,Bacteria,Firmicutes,Clostridia,Lachnospirales,Lachnospiraceae,Tuzzerella,None,0.0029211295034079843
Bacteria,Firmicutes,Clostridia,Lachnospirales,Lachnospiraceae,Coprococcus,uncultured_Coprococcus_sp.,Bacteria,Firmicutes,Clostridia,Lachnospirales,Lachnospiraceae,Tyzzerella,None,0.0029211295034079843
Bacteria,Firmicutes,Clostridia,Lachnospirales,Lachnospiraceae,Coprococcus,uncultured_Coprococcus_sp.,Bacteria,Firmicutes,Clostridia,Lachnospirales,Lachnospiraceae,Eubacterium_hallii_group,None,0.0029211295034079843
Bacteria,Firmicutes,Clostridia,Lachnospirales,Lachnospiraceae,Coprococcus,uncultured_Coprococcus_sp.,Bacteria,Firmicutes,Clostridia,Lachnospirales,Lachnospiraceae,Eubacterium_ventriosum_group,metagenome,0.0038948393378773127
Bacteria,Firmicutes,Clostridia,Lachnospirales,Lachnospiraceae,Coprococcus,uncultured_Coprococcus_sp.,Bacteria,Firmicutes,Clostridia,Lachnospirales,Lachnospiraceae,Ruminococcus_gauvreauii_group,uncultured_Lachnospiraceae_bacterium,0.0038948393378773127
Bacteria,Firmicutes,Clostridia,Lachnospirales,Lachnospiraceae,Coprococcus,uncultured_Coprococcus_sp.,Bacteria,Firmicutes,Clostridia,Lachnospirales,Lachnospiraceae,Ruminococcus_gnavus_group,None,0.0029211295034079843
Bacteria,Firmicutes,Clostridia,Lachnospirales,Lachnospiraceae,Coprococcus,uncultured_Coprococcus_sp.,Bacteria,Firmicutes,Clostridia,Lachnospirales,Lachnospiraceae,Ruminococcus_torques_group,Clostridiaceae_bacterium_LEMV78,0.0038948393378773127
Bacteria,Firmicutes,Clostridia,Lachnospirales,Lachnospiraceae,Coprococcus,uncultured_Coprococcus_sp.,Bacteria,Firmicutes,Clostridia,Lachnospirales,Lachnospiraceae,Ruminococcus_torques_group,None,0.0029211295034079843
Bacteria,Firmicutes,Clostridia,Lachnospirales,Lachnospiraceae,Coprococcus,uncultured_Coprococcus_sp.,Bacteria,Firmicutes,Clostridia,Lachnospirales,Lachnospiraceae,None,None,0.0029211295034079843
Bacteria,Firmicutes,Clostridia,Lachnospirales,Lachnospiraceae,Coprococcus,uncultured_Coprococcus_sp.,Bacteria,Firmicutes,Clostridia,Lachnospirales,Lachnospiraceae,uncultured,None,0.0029211295034079843
Bacteria,Firmicutes,Clostridia,Lachnospirales,Lachnospiraceae,Coprococcus,uncultured_Coprococcus_sp.,Bacteria,Firmicutes,Clostridia,Monoglobales,Monoglobaceae,Monoglobus,None,0.006815968841285297
Bacteria,Firmicutes,Clostridia,Lachnospirales,Lachnospiraceae,Coprococcus,uncultured_Coprococcus_sp.,Bacteria,Firmicutes,Clostridia,Oscillospirales,Butyricicoccaceae,Butyricicoccus,None,0.006815968841285297
Bacteria,Firmicutes,Clostridia,Lachnospirales,Lachnospiraceae,Coprococcus,uncultured_Coprococcus_sp.,Bacteria,Firmicutes,Clostridia,Oscillospirales,Hydrogenoanaerobacterium,None,None,0.005842259006815969
Bacteria,Firmicutes,Clostridia,Lachnospirales,Lachnospiraceae,Coprococcus,uncultured_Coprococcus_sp.,Bacteria,Firmicutes,Clostridia,Oscillospirales,Oscillospiraceae,Colidextribacter,None,0.006815968841285297
Bacteria,Firmicutes,Clostridia,Lachnospirales,Lachnospiraceae,Coprococcus,uncultured_Coprococcus_sp.,Bacteria,Firmicutes,Clostridia,Oscillospirales,Oscillospiraceae,Colidextribacter,metagenome,0.007789678675754625
Bacteria,Firmicutes,Clostridia,Lachnospirales,Lachnospiraceae,Coprococcus,uncultured_Coprococcus_sp.,Bacteria,Firmicutes,Clostridia,Oscillospirales,Oscillospiraceae,Flavonifractor,None,0.006815968841285297
Bacteria,Firmicutes,Clostridia,Lachnospirales,Lachnospiraceae,Coprococcus,uncultured_Coprococcus_sp.,Bacteria,Firmicutes,Clostridia,Oscillospirales,Oscillospiraceae,Intestinimonas,None,0.006815968841285297
Bacteria,Firmicutes,Clostridia,Lachnospirales,Lachnospiraceae,Coprococcus,uncultured_Coprococcus_sp.,Bacteria,Firmicutes,Clostridia,Oscillospirales,Oscillospiraceae,Intestinimonas,uncultured,0.007789678675754625
Bacteria,Firmicutes,Clostridia,Lachnospirales,Lachnospiraceae,Coprococcus,uncultured_Coprococcus_sp.,Bacteria,Firmicutes,Clostridia,Oscillospirales,Oscillospiraceae,NK4A214_group,None,0.006815968841285297
Bacteria,Firmicutes,Clostridia,Lachnospirales,Lachnospiraceae,Coprococcus,uncultured_Coprococcus_sp.,Bacteria,Firmicutes,Clostridia,Oscillospirales,Oscillospiraceae,Oscillibacter,None,0.006815968841285297
Bacteria,Firmicutes,Clostridia,Lachnospirales,Lachnospiraceae,Coprococcus,uncultured_Coprococcus_sp.,Bacteria,Firmicutes,Clostridia,Oscillospirales,Oscillospiraceae,Oscillibacter,metagenome,0.007789678675754625
Bacteria,Firmicutes,Clostridia,Lachnospirales,Lachnospiraceae,Coprococcus,uncultured_Coprococcus_sp.,Bacteria,Firmicutes,Clostridia,Oscillospirales,Oscillospiraceae,Oscillospira,None,0.006815968841285297
Bacteria,Firmicutes,Clostridia,Lachnospirales,Lachnospiraceae,Coprococcus,uncultured_Coprococcus_sp.,Bacteria,Firmicutes,Clostridia,Oscillospirales,Oscillospiraceae,UCG-002,None,0.006815968841285297
Bacteria,Firmicutes,Clostridia,Lachnospirales,Lachnospiraceae,Coprococcus,uncultured_Coprococcus_sp.,Bacteria,Firmicutes,Clostridia,Oscillospirales,Oscillospiraceae,UCG-003,None,0.006815968841285297
Bacteria,Firmicutes,Clostridia,Lachnospirales,Lachnospiraceae,Coprococcus,uncultured_Coprococcus_sp.,Bacteria,Firmicutes,Clostridia,Oscillospirales,Oscillospiraceae,UCG-005,None,0.006815968841285297
Bacteria,Firmicutes,Clostridia,Lachnospirales,Lachnospiraceae,Coprococcus,uncultured_Coprococcus_sp.,Bacteria,Firmicutes,Clostridia,Oscillospirales,Oscillospiraceae,UCG-005,metagenome,0.007789678675754625
Bacteria,Firmicutes,Clostridia,Lachnospirales,Lachnospiraceae,Coprococcus,uncultured_Coprococcus_sp.,Bacteria,Firmicutes,Clostridia,Oscillospirales,Oscillospiraceae,UCG-005,uncultured_Clostridiales_bacterium,0.007789678675754625
Bacteria,Firmicutes,Clostridia,Lachnospirales,Lachnospiraceae,Coprococcus,uncultured_Coprococcus_sp.,Bacteria,Firmicutes,Clostridia,Oscillospirales,Oscillospiraceae,UCG-005,uncultured_rumen_bacterium,0.007789678675754625
Bacteria,Firmicutes,Clostridia,Lachnospirales,Lachnospiraceae,Coprococcus,uncultured_Coprococcus_sp.,Bacteria,Firmicutes,Clostridia,Oscillospirales,Oscillospiraceae,None,None,0.005842259006815969
Bacteria,Firmicutes,Clostridia,Lachnospirales,Lachnospiraceae,Coprococcus,uncultured_Coprococcus_sp.,Bacteria,Firmicutes,Clostridia,Oscillospirales,Oscillospiraceae,uncultured,metagenome,0.007789678675754625
Bacteria,Firmicutes,Clostridia,Lachnospirales,Lachnospiraceae,Coprococcus,uncultured_Coprococcus_sp.,Bacteria,Firmicutes,Clostridia,Oscillospirales,Oscillospiraceae,uncultured,unidentified,0.007789678675754625
Bacteria,Firmicutes,Clostridia,Lachnospirales,Lachnospiraceae,Coprococcus,uncultured_Coprococcus_sp.,Bacteria,Firmicutes,Clostridia,Oscillospirales,Ruminococcaceae,Anaerofilum,uncultured_Firmicutes_bacterium,0.007789678675754625
Bacteria,Firmicutes,Clostridia,Lachnospirales,Lachnospiraceae,Coprococcus,uncultured_Coprococcus_sp.,Bacteria,Firmicutes,Clostridia,Oscillospirales,Ruminococcaceae,Anaerotruncus,Anaerotruncus_rubiinfantis,0.007789678675754625
Bacteria,Firmicutes,Clostridia,Lachnospirales,Lachnospiraceae,Coprococcus,uncultured_Coprococcus_sp.,Bacteria,Firmicutes,Clostridia,Oscillospirales,Ruminococcaceae,Anaerotruncus,Anaerotruncus_sp._NML_070203,0.007789678675754625
Bacteria,Firmicutes,Clostridia,Lachnospirales,Lachnospiraceae,Coprococcus,uncultured_Coprococcus_sp.,Bacteria,Firmicutes,Clostridia,Oscillospirales,Ruminococcaceae,Candidatus_Soleaferrea,Neobitarella_massiliensis,0.007789678675754625
Bacteria,Firmicutes,Clostridia,Lachnospirales,Lachnospiraceae,Coprococcus,uncultured_Coprococcus_sp.,Bacteria,Firmicutes,Clostridia,Oscillospirales,Ruminococcaceae,Candidatus_Soleaferrea,None,0.006815968841285297
Bacteria,Firmicutes,Clostridia,Lachnospirales,Lachnospiraceae,Coprococcus,uncultured_Coprococcus_sp.,Bacteria,Firmicutes,Clostridia,Oscillospirales,Ruminococcaceae,DTU089,None,0.006815968841285297
Bacteria,Firmicutes,Clostridia,Lachnospirales,Lachnospiraceae,Coprococcus,uncultured_Coprococcus_sp.,Bacteria,Firmicutes,Clostridia,Oscillospirales,Ruminococcaceae,Faecalibacterium,None,0.006815968841285297
Bacteria,Firmicutes,Clostridia,Lachnospirales,Lachnospiraceae,Coprococcus,uncultured_Coprococcus_sp.,Bacteria,Firmicutes,Clostridia,Oscillospirales,Ruminococcaceae,Fournierella,uncultured_organism,0.007789678675754625
Bacteria,Firmicutes,Clostridia,Lachnospirales,Lachnospiraceae,Coprococcus,uncultured_Coprococcus_sp.,Bacteria,Firmicutes,Clostridia,Oscillospirales,Ruminococcaceae,Incertae_Sedis,metagenome,0.007789678675754625
Bacteria,Firmicutes,Clostridia,Lachnospirales,Lachnospiraceae,Coprococcus,uncultured_Coprococcus_sp.,Bacteria,Firmicutes,Clostridia,Oscillospirales,Ruminococcaceae,Incertae_Sedis,None,0.006815968841285297
Bacteria,Firmicutes,Clostridia,Lachnospirales,Lachnospiraceae,Coprococcus,uncultured_Coprococcus_sp.,Bacteria,Firmicutes,Clostridia,Oscillospirales,Ruminococcaceae,Negativibacillus,None,0.006815968841285297
Bacteria,Firmicutes,Clostridia,Lachnospirales,Lachnospiraceae,Coprococcus,uncultured_Coprococcus_sp.,Bacteria,Firmicutes,Clostridia,Oscillospirales,Ruminococcaceae,Ruminococcus,Ruminococcus_champanellensis,0.007789678675754625
Bacteria,Firmicutes,Clostridia,Lachnospirales,Lachnospiraceae,Coprococcus,uncultured_Coprococcus_sp.,Bacteria,Firmicutes,Clostridia,Oscillospirales,Ruminococcaceae,Ruminococcus,None,0.006815968841285297
Bacteria,Firmicutes,Clostridia,Lachnospirales,Lachnospiraceae,Coprococcus,uncultured_Coprococcus_sp.,Bacteria,Firmicutes,Clostridia,Oscillospirales,Ruminococcaceae,Subdoligranulum,None,0.006815968841285297
Bacteria,Firmicutes,Clostridia,Lachnospirales,Lachnospiraceae,Coprococcus,uncultured_Coprococcus_sp.,Bacteria,Firmicutes,Clostridia,Oscillospirales,Ruminococcaceae,UBA1819,None,0.006815968841285297
Bacteria,Firmicutes,Clostridia,Lachnospirales,Lachnospiraceae,Coprococcus,uncultured_Coprococcus_sp.,Bacteria,Firmicutes,Clostridia,Oscillospirales,Ruminococcaceae,Eubacterium_siraeum_group,None,0.006815968841285297
Bacteria,Firmicutes,Clostridia,Lachnospirales,Lachnospiraceae,Coprococcus,uncultured_Coprococcus_sp.,Bacteria,Firmicutes,Clostridia,Oscillospirales,Ruminococcaceae,None,None,0.005842259006815969
Bacteria,Firmicutes,Clostridia,Lachnospirales,Lachnospiraceae,Coprococcus,uncultured_Coprococcus_sp.,Bacteria,Firmicutes,Clostridia,Oscillospirales,UCG-010,None,None,0.005842259006815969
Bacteria,Firmicutes,Clostridia,Lachnospirales,Lachnospiraceae,Coprococcus,uncultured_Coprococcus_sp.,Bacteria,Firmicutes,Clostridia,Oscillospirales,UCG-010,metagenome,None,0.006815968841285297
Bacteria,Firmicutes,Clostridia,Lachnospirales,Lachnospiraceae,Coprococcus,uncultured_Coprococcus_sp.,Bacteria,Firmicutes,Clostridia,Oscillospirales,UCG-010,uncultured_bacterium,None,0.006815968841285297
Bacteria,Firmicutes,Clostridia,Lachnospirales,Lachnospiraceae,Coprococcus,uncultured_Coprococcus_sp.,Bacteria,Firmicutes,Clostridia,Oscillospirales,UCG-010,uncultured_organism,None,0.006815968841285297
Bacteria,Firmicutes,Clostridia,Lachnospirales,Lachnospiraceae,Coprococcus,uncultured_Coprococcus_sp.,Bacteria,Firmicutes,Clostridia,Oscillospirales,Clostridium_methylpentosum_group,None,None,0.005842259006815969
Bacteria,Firmicutes,Clostridia,Lachnospirales,Lachnospiraceae,Coprococcus,uncultured_Coprococcus_sp.,Bacteria,Firmicutes,Clostridia,Oscillospirales,Eubacterium_coprostanoligenes_group,None,None,0.005842259006815969
Bacteria,Firmicutes,Clostridia,Lachnospirales,Lachnospiraceae,Coprococcus,uncultured_Coprococcus_sp.,Bacteria,Firmicutes,Clostridia,Oscillospirales,None,None,None,0.004868549172346641
Bacteria,Firmicutes,Clostridia,Lachnospirales,Lachnospiraceae,Coprococcus,uncultured_Coprococcus_sp.,Bacteria,Firmicutes,Clostridia,Peptococcales,Peptococcaceae,uncultured,None,0.006815968841285297
Bacteria,Firmicutes,Clostridia,Lachnospirales,Lachnospiraceae,Coprococcus,uncultured_Coprococcus_sp.,Bacteria,Firmicutes,Clostridia,Peptostreptococcales-Tissierellales,Anaerovoracaceae,Family_XIII_AD3011_group,metagenome,0.007789678675754625
Bacteria,Firmicutes,Clostridia,Lachnospirales,Lachnospiraceae,Coprococcus,uncultured_Coprococcus_sp.,Bacteria,Firmicutes,Clostridia,Peptostreptococcales-Tissierellales,Anaerovoracaceae,Family_XIII_AD3011_group,None,0.006815968841285297
Bacteria,Firmicutes,Clostridia,Lachnospirales,Lachnospiraceae,Coprococcus,uncultured_Coprococcus_sp.,Bacteria,Firmicutes,Clostridia,Peptostreptococcales-Tissierellales,Anaerovoracaceae,Family_XIII_AD3011_group,uncultured,0.007789678675754625
Bacteria,Firmicutes,Clostridia,Lachnospirales,Lachnospiraceae,Coprococcus,uncultured_Coprococcus_sp.,Bacteria,Firmicutes,Clostridia,Peptostreptococcales-Tissierellales,Anaerovoracaceae,Family_XIII_UCG-001,metagenome,0.007789678675754625
Bacteria,Firmicutes,Clostridia,Lachnospirales,Lachnospiraceae,Coprococcus,uncultured_Coprococcus_sp.,Bacteria,Firmicutes,Clostridia,Peptostreptococcales-Tissierellales,Anaerovoracaceae,Eubacterium_nodatum_group,None,0.006815968841285297
Bacteria,Firmicutes,Clostridia,Lachnospirales,Lachnospiraceae,Coprococcus,uncultured_Coprococcus_sp.,Bacteria,Firmicutes,Clostridia,Peptostreptococcales-Tissierellales,Anaerovoracaceae,None,None,0.005842259006815969
Bacteria,Firmicutes,Clostridia,Lachnospirales,Lachnospiraceae,Coprococcus,uncultured_Coprococcus_sp.,Bacteria,Firmicutes,Clostridia,Peptostreptococcales-Tissierellales,Parvimonas,None,None,0.005842259006815969
Bacteria,Firmicutes,Clostridia,Lachnospirales,Lachnospiraceae,Coprococcus,uncultured_Coprococcus_sp.,Bacteria,Firmicutes,Clostridia,None,None,None,None,0.0038948393378773127
Bacteria,Firmicutes,Clostridia,Lachnospirales,Lachnospiraceae,Coprococcus,uncultured_Coprococcus_sp.,Bacteria,Firmicutes,Incertae_Sedis,DTU014,unidentified,None,None,0.007789678675754625
Bacteria,Firmicutes,Clostridia,Lachnospirales,Lachnospiraceae,Coprococcus,uncultured_Coprococcus_sp.,Bacteria,Firmicutes,Limnochordia,M55-D21,uncultured_compost_bacterium,None,None,0.007789678675754625
Bacteria,Firmicutes,Clostridia,Lachnospirales,Lachnospiraceae,Coprococcus,uncultured_Coprococcus_sp.,Bacteria,Firmicutes,Negativicutes,Acidaminococcales,Acidaminococcaceae,Phascolarctobacterium,None,0.008763388510223954
Bacteria,Firmicutes,Clostridia,Lachnospirales,Lachnospiraceae,Coprococcus,uncultured_Coprococcus_sp.,Bacteria,Firmicutes,None,None,None,None,None,0.004868549172346641
Bacteria,Firmicutes,Clostridia,Lachnospirales,Lachnospiraceae,Coprococcus,uncultured_Coprococcus_sp.,Bacteria,Firmicutes,uncultured,uncultured_Peptococcaceae_bacterium,None,None,None,0.006815968841285297
Bacteria,Firmicutes,Clostridia,Lachnospirales,Lachnospiraceae,Coprococcus,uncultured_Coprococcus_sp.,Bacteria,Proteobacteria,Alphaproteobacteria,Rhodospirillales,uncultured,None,None,0.009737098344693282
Bacteria,Firmicutes,Clostridia,Lachnospirales,Lachnospiraceae,Coprococcus,uncultured_Coprococcus_sp.,Bacteria,Proteobacteria,Gammaproteobacteria,Burkholderiales,Sutterellaceae,Sutterella,Sutterella_sp._252,0.011684518013631937
Bacteria,Firmicutes,Clostridia,Lachnospirales,Lachnospiraceae,Coprococcus,uncultured_Coprococcus_sp.,Bacteria,Proteobacteria,Gammaproteobacteria,Enterobacterales,Enterobacteriaceae,Escherichia-Shigella,None,0.010710808179162609
Bacteria,Firmicutes,Clostridia,Lachnospirales,Lachnospiraceae,Coprococcus,uncultured_Coprococcus_sp.,Bacteria,Proteobacteria,Gammaproteobacteria,Enterobacterales,Enterobacteriaceae,Klebsiella,None,0.010710808179162609
Bacteria,Firmicutes,Clostridia,Lachnospirales,Lachnospiraceae,Coprococcus,uncultured_Coprococcus_sp.,Bacteria,Proteobacteria,Gammaproteobacteria,Enterobacterales,Enterobacteriaceae,None,None,0.009737098344693282
Bacteria,Firmicutes,Clostridia,Lachnospirales,Lachnospiraceae,Coprococcus,uncultured_Coprococcus_sp.,Bacteria,Proteobacteria,Gammaproteobacteria,Pseudomonadales,Pseudomonadaceae,Pseudomonas,None,0.010710808179162609
Bacteria,Firmicutes,Clostridia,Lachnospirales,Lachnospiraceae,Coprococcus,uncultured_Coprococcus_sp.,Bacteria,Synergistota,Synergistia,Synergistales,Synergistaceae,Cloacibacillus,None,0.010710808179162609
Bacteria,Firmicutes,Clostridia,Lachnospirales,Lachnospiraceae,Coprococcus,uncultured_Coprococcus_sp.,Bacteria,Verrucomicrobiota,Verrucomicrobiae,Verrucomicrobiales,Akkermansiaceae,Akkermansia,None,0.010710808179162609
Bacteria,Firmicutes,Clostridia,Lachnospirales,Lachnospiraceae,Dorea,None,Bacteria,Firmicutes,Clostridia,Lachnospirales,Lachnospiraceae,Eisenbergiella,None,0.0019474196689386564
Bacteria,Firmicutes,Clostridia,Lachnospirales,Lachnospiraceae,Dorea,None,Bacteria,Firmicutes,Clostridia,Lachnospirales,Lachnospiraceae,Frisingicoccus,None,0.0019474196689386564
Bacteria,Firmicutes,Clostridia,Lachnospirales,Lachnospiraceae,Dorea,None,Bacteria,Firmicutes,Clostridia,Lachnospirales,Lachnospiraceae,Fusicatenibacter,uncultured_Lachnospiraceae_bacterium,0.0029211295034079843
Bacteria,Firmicutes,Clostridia,Lachnospirales,Lachnospiraceae,Dorea,None,Bacteria,Firmicutes,Clostridia,Lachnospirales,Lachnospiraceae,GCA-900066575,None,0.0019474196689386564
Bacteria,Firmicutes,Clostridia,Lachnospirales,Lachnospiraceae,Dorea,None,Bacteria,Firmicutes,Clostridia,Lachnospirales,Lachnospiraceae,GCA-900066575,metagenome,0.0029211295034079843
Bacteria,Firmicutes,Clostridia,Lachnospirales,Lachnospiraceae,Dorea,None,Bacteria,Firmicutes,Clostridia,Lachnospirales,Lachnospiraceae,GCA-900066755,None,0.0019474196689386564
Bacteria,Firmicutes,Clostridia,Lachnospirales,Lachnospiraceae,Dorea,None,Bacteria,Firmicutes,Clostridia,Lachnospirales,Lachnospiraceae,Hungatella,metagenome,0.0029211295034079843
Bacteria,Firmicutes,Clostridia,Lachnospirales,Lachnospiraceae,Dorea,None,Bacteria,Firmicutes,Clostridia,Lachnospirales,Lachnospiraceae,Lachnoclostridium,Clostridium_symbiosum,0.0029211295034079843
Bacteria,Firmicutes,Clostridia,Lachnospirales,Lachnospiraceae,Dorea,None,Bacteria,Firmicutes,Clostridia,Lachnospirales,Lachnospiraceae,Lachnoclostridium,None,0.0019474196689386564
Bacteria,Firmicutes,Clostridia,Lachnospirales,Lachnospiraceae,Dorea,None,Bacteria,Firmicutes,Clostridia,Lachnospirales,Lachnospiraceae,Lachnoclostridium,uncultured_Lachnospiraceae_bacterium,0.0029211295034079843
Bacteria,Firmicutes,Clostridia,Lachnospirales,Lachnospiraceae,Dorea,None,Bacteria,Firmicutes,Clostridia,Lachnospirales,Lachnospiraceae,Lachnospiraceae_ND3007_group,metagenome,0.0029211295034079843
Bacteria,Firmicutes,Clostridia,Lachnospirales,Lachnospiraceae,Dorea,None,Bacteria,Firmicutes,Clostridia,Lachnospirales,Lachnospiraceae,Lachnospiraceae_NK4A136_group,None,0.0019474196689386564
Bacteria,Firmicutes,Clostridia,Lachnospirales,Lachnospiraceae,Dorea,None,Bacteria,Firmicutes,Clostridia,Lachnospirales,Lachnospiraceae,Lachnospiraceae_NK4A136_group,uncultured_Lachnospiraceae_bacterium,0.0029211295034079843
Bacteria,Firmicutes,Clostridia,Lachnospirales,Lachnospiraceae,Dorea,None,Bacteria,Firmicutes,Clostridia,Lachnospirales,Lachnospiraceae,Lachnospiraceae_NK4A136_group,uncultured_bacterium_Adhufec49.25,0.0029211295034079843
Bacteria,Firmicutes,Clostridia,Lachnospirales,Lachnospiraceae,Dorea,None,Bacteria,Firmicutes,Clostridia,Lachnospirales,Lachnospiraceae,Lachnospiraceae_NK4B4_group,None,0.0019474196689386564
Bacteria,Firmicutes,Clostridia,Lachnospirales,Lachnospiraceae,Dorea,None,Bacteria,Firmicutes,Clostridia,Lachnospirales,Lachnospiraceae,Lachnospiraceae_UCG-001,metagenome,0.0029211295034079843
Bacteria,Firmicutes,Clostridia,Lachnospirales,Lachnospiraceae,Dorea,None,Bacteria,Firmicutes,Clostridia,Lachnospirales,Lachnospiraceae,Lachnospiraceae_UCG-004,None,0.0019474196689386564
Bacteria,Firmicutes,Clostridia,Lachnospirales,Lachnospiraceae,Dorea,None,Bacteria,Firmicutes,Clostridia,Lachnospirales,Lachnospiraceae,Lachnospiraceae_UCG-008,metagenome,0.0029211295034079843
Bacteria,Firmicutes,Clostridia,Lachnospirales,Lachnospiraceae,Dorea,None,Bacteria,Firmicutes,Clostridia,Lachnospirales,Lachnospiraceae,Lachnospiraceae_UCG-010,None,0.0019474196689386564
Bacteria,Firmicutes,Clostridia,Lachnospirales,Lachnospiraceae,Dorea,None,Bacteria,Firmicutes,Clostridia,Lachnospirales,Lachnospiraceae,Marvinbryantia,None,0.0019474196689386564
Bacteria,Firmicutes,Clostridia,Lachnospirales,Lachnospiraceae,Dorea,None,Bacteria,Firmicutes,Clostridia,Lachnospirales,Lachnospiraceae,Marvinbryantia,unidentified,0.0029211295034079843
Bacteria,Firmicutes,Clostridia,Lachnospirales,Lachnospiraceae,Dorea,None,Bacteria,Firmicutes,Clostridia,Lachnospirales,Lachnospiraceae,Roseburia,None,0.0019474196689386564
Bacteria,Firmicutes,Clostridia,Lachnospirales,Lachnospiraceae,Dorea,None,Bacteria,Firmicutes,Clostridia,Lachnospirales,Lachnospiraceae,Roseburia,gut_metagenome,0.0029211295034079843
Bacteria,Firmicutes,Clostridia,Lachnospirales,Lachnospiraceae,Dorea,None,Bacteria,Firmicutes,Clostridia,Lachnospirales,Lachnospiraceae,Tuzzerella,None,0.0019474196689386564
Bacteria,Firmicutes,Clostridia,Lachnospirales,Lachnospiraceae,Dorea,None,Bacteria,Firmicutes,Clostridia,Lachnospirales,Lachnospiraceae,Tyzzerella,None,0.0019474196689386564
Bacteria,Firmicutes,Clostridia,Lachnospirales,Lachnospiraceae,Dorea,None,Bacteria,Firmicutes,Clostridia,Lachnospirales,Lachnospiraceae,Eubacterium_hallii_group,None,0.0019474196689386564
Bacteria,Firmicutes,Clostridia,Lachnospirales,Lachnospiraceae,Dorea,None,Bacteria,Firmicutes,Clostridia,Lachnospirales,Lachnospiraceae,Eubacterium_ventriosum_group,metagenome,0.0029211295034079843
Bacteria,Firmicutes,Clostridia,Lachnospirales,Lachnospiraceae,Dorea,None,Bacteria,Firmicutes,Clostridia,Lachnospirales,Lachnospiraceae,Ruminococcus_gauvreauii_group,uncultured_Lachnospiraceae_bacterium,0.0029211295034079843
Bacteria,Firmicutes,Clostridia,Lachnospirales,Lachnospiraceae,Dorea,None,Bacteria,Firmicutes,Clostridia,Lachnospirales,Lachnospiraceae,Ruminococcus_gnavus_group,None,0.0019474196689386564
Bacteria,Firmicutes,Clostridia,Lachnospirales,Lachnospiraceae,Dorea,None,Bacteria,Firmicutes,Clostridia,Lachnospirales,Lachnospiraceae,Ruminococcus_torques_group,Clostridiaceae_bacterium_LEMV78,0.0029211295034079843
Bacteria,Firmicutes,Clostridia,Lachnospirales,Lachnospiraceae,Dorea,None,Bacteria,Firmicutes,Clostridia,Lachnospirales,Lachnospiraceae,Ruminococcus_torques_group,None,0.0019474196689386564
Bacteria,Firmicutes,Clostridia,Lachnospirales,Lachnospiraceae,Dorea,None,Bacteria,Firmicutes,Clostridia,Lachnospirales,Lachnospiraceae,None,None,0.0019474196689386564
Bacteria,Firmicutes,Clostridia,Lachnospirales,Lachnospiraceae,Dorea,None,Bacteria,Firmicutes,Clostridia,Lachnospirales,Lachnospiraceae,uncultured,None,0.0019474196689386564
Bacteria,Firmicutes,Clostridia,Lachnospirales,Lachnospiraceae,Dorea,None,Bacteria,Firmicutes,Clostridia,Monoglobales,Monoglobaceae,Monoglobus,None,0.005842259006815969
Bacteria,Firmicutes,Clostridia,Lachnospirales,Lachnospiraceae,Dorea,None,Bacteria,Firmicutes,Clostridia,Oscillospirales,Butyricicoccaceae,Butyricicoccus,None,0.005842259006815969
Bacteria,Firmicutes,Clostridia,Lachnospirales,Lachnospiraceae,Dorea,None,Bacteria,Firmicutes,Clostridia,Oscillospirales,Hydrogenoanaerobacterium,None,None,0.004868549172346641
Bacteria,Firmicutes,Clostridia,Lachnospirales,Lachnospiraceae,Dorea,None,Bacteria,Firmicutes,Clostridia,Oscillospirales,Oscillospiraceae,Colidextribacter,None,0.005842259006815969
Bacteria,Firmicutes,Clostridia,Lachnospirales,Lachnospiraceae,Dorea,None,Bacteria,Firmicutes,Clostridia,Oscillospirales,Oscillospiraceae,Colidextribacter,metagenome,0.006815968841285297
Bacteria,Firmicutes,Clostridia,Lachnospirales,Lachnospiraceae,Dorea,None,Bacteria,Firmicutes,Clostridia,Oscillospirales,Oscillospiraceae,Flavonifractor,None,0.005842259006815969
Bacteria,Firmicutes,Clostridia,Lachnospirales,Lachnospiraceae,Dorea,None,Bacteria,Firmicutes,Clostridia,Oscillospirales,Oscillospiraceae,Intestinimonas,None,0.005842259006815969
Bacteria,Firmicutes,Clostridia,Lachnospirales,Lachnospiraceae,Dorea,None,Bacteria,Firmicutes,Clostridia,Oscillospirales,Oscillospiraceae,Intestinimonas,uncultured,0.006815968841285297
Bacteria,Firmicutes,Clostridia,Lachnospirales,Lachnospiraceae,Dorea,None,Bacteria,Firmicutes,Clostridia,Oscillospirales,Oscillospiraceae,NK4A214_group,None,0.005842259006815969
Bacteria,Firmicutes,Clostridia,Lachnospirales,Lachnospiraceae,Dorea,None,Bacteria,Firmicutes,Clostridia,Oscillospirales,Oscillospiraceae,Oscillibacter,None,0.005842259006815969
Bacteria,Firmicutes,Clostridia,Lachnospirales,Lachnospiraceae,Dorea,None,Bacteria,Firmicutes,Clostridia,Oscillospirales,Oscillospiraceae,Oscillibacter,metagenome,0.006815968841285297
Bacteria,Firmicutes,Clostridia,Lachnospirales,Lachnospiraceae,Dorea,None,Bacteria,Firmicutes,Clostridia,Oscillospirales,Oscillospiraceae,Oscillospira,None,0.005842259006815969
Bacteria,Firmicutes,Clostridia,Lachnospirales,Lachnospiraceae,Dorea,None,Bacteria,Firmicutes,Clostridia,Oscillospirales,Oscillospiraceae,UCG-002,None,0.005842259006815969
Bacteria,Firmicutes,Clostridia,Lachnospirales,Lachnospiraceae,Dorea,None,Bacteria,Firmicutes,Clostridia,Oscillospirales,Oscillospiraceae,UCG-003,None,0.005842259006815969
Bacteria,Firmicutes,Clostridia,Lachnospirales,Lachnospiraceae,Dorea,None,Bacteria,Firmicutes,Clostridia,Oscillospirales,Oscillospiraceae,UCG-005,None,0.005842259006815969
Bacteria,Firmicutes,Clostridia,Lachnospirales,Lachnospiraceae,Dorea,None,Bacteria,Firmicutes,Clostridia,Oscillospirales,Oscillospiraceae,UCG-005,metagenome,0.006815968841285297
Bacteria,Firmicutes,Clostridia,Lachnospirales,Lachnospiraceae,Dorea,None,Bacteria,Firmicutes,Clostridia,Oscillospirales,Oscillospiraceae,UCG-005,uncultured_Clostridiales_bacterium,0.006815968841285297
Bacteria,Firmicutes,Clostridia,Lachnospirales,Lachnospiraceae,Dorea,None,Bacteria,Firmicutes,Clostridia,Oscillospirales,Oscillospiraceae,UCG-005,uncultured_rumen_bacterium,0.006815968841285297
Bacteria,Firmicutes,Clostridia,Lachnospirales,Lachnospiraceae,Dorea,None,Bacteria,Firmicutes,Clostridia,Oscillospirales,Oscillospiraceae,None,None,0.004868549172346641
Bacteria,Firmicutes,Clostridia,Lachnospirales,Lachnospiraceae,Dorea,None,Bacteria,Firmicutes,Clostridia,Oscillospirales,Oscillospiraceae,uncultured,metagenome,0.006815968841285297
Bacteria,Firmicutes,Clostridia,Lachnospirales,Lachnospiraceae,Dorea,None,Bacteria,Firmicutes,Clostridia,Oscillospirales,Oscillospiraceae,uncultured,unidentified,0.006815968841285297
Bacteria,Firmicutes,Clostridia,Lachnospirales,Lachnospiraceae,Dorea,None,Bacteria,Firmicutes,Clostridia,Oscillospirales,Ruminococcaceae,Anaerofilum,uncultured_Firmicutes_bacterium,0.006815968841285297
Bacteria,Firmicutes,Clostridia,Lachnospirales,Lachnospiraceae,Dorea,None,Bacteria,Firmicutes,Clostridia,Oscillospirales,Ruminococcaceae,Anaerotruncus,Anaerotruncus_rubiinfantis,0.006815968841285297
Bacteria,Firmicutes,Clostridia,Lachnospirales,Lachnospiraceae,Dorea,None,Bacteria,Firmicutes,Clostridia,Oscillospirales,Ruminococcaceae,Anaerotruncus,Anaerotruncus_sp._NML_070203,0.006815968841285297
Bacteria,Firmicutes,Clostridia,Lachnospirales,Lachnospiraceae,Dorea,None,Bacteria,Firmicutes,Clostridia,Oscillospirales,Ruminococcaceae,Candidatus_Soleaferrea,Neobitarella_massiliensis,0.006815968841285297
Bacteria,Firmicutes,Clostridia,Lachnospirales,Lachnospiraceae,Dorea,None,Bacteria,Firmicutes,Clostridia,Oscillospirales,Ruminococcaceae,Candidatus_Soleaferrea,None,0.005842259006815969
Bacteria,Firmicutes,Clostridia,Lachnospirales,Lachnospiraceae,Dorea,None,Bacteria,Firmicutes,Clostridia,Oscillospirales,Ruminococcaceae,DTU089,None,0.005842259006815969
Bacteria,Firmicutes,Clostridia,Lachnospirales,Lachnospiraceae,Dorea,None,Bacteria,Firmicutes,Clostridia,Oscillospirales,Ruminococcaceae,Faecalibacterium,None,0.005842259006815969
Bacteria,Firmicutes,Clostridia,Lachnospirales,Lachnospiraceae,Dorea,None,Bacteria,Firmicutes,Clostridia,Oscillospirales,Ruminococcaceae,Fournierella,uncultured_organism,0.006815968841285297
Bacteria,Firmicutes,Clostridia,Lachnospirales,Lachnospiraceae,Dorea,None,Bacteria,Firmicutes,Clostridia,Oscillospirales,Ruminococcaceae,Incertae_Sedis,metagenome,0.006815968841285297
Bacteria,Firmicutes,Clostridia,Lachnospirales,Lachnospiraceae,Dorea,None,Bacteria,Firmicutes,Clostridia,Oscillospirales,Ruminococcaceae,Incertae_Sedis,None,0.005842259006815969
Bacteria,Firmicutes,Clostridia,Lachnospirales,Lachnospiraceae,Dorea,None,Bacteria,Firmicutes,Clostridia,Oscillospirales,Ruminococcaceae,Negativibacillus,None,0.005842259006815969
Bacteria,Firmicutes,Clostridia,Lachnospirales,Lachnospiraceae,Dorea,None,Bacteria,Firmicutes,Clostridia,Oscillospirales,Ruminococcaceae,Ruminococcus,Ruminococcus_champanellensis,0.006815968841285297
Bacteria,Firmicutes,Clostridia,Lachnospirales,Lachnospiraceae,Dorea,None,Bacteria,Firmicutes,Clostridia,Oscillospirales,Ruminococcaceae,Ruminococcus,None,0.005842259006815969
Bacteria,Firmicutes,Clostridia,Lachnospirales,Lachnospiraceae,Dorea,None,Bacteria,Firmicutes,Clostridia,Oscillospirales,Ruminococcaceae,Subdoligranulum,None,0.005842259006815969
Bacteria,Firmicutes,Clostridia,Lachnospirales,Lachnospiraceae,Dorea,None,Bacteria,Firmicutes,Clostridia,Oscillospirales,Ruminococcaceae,UBA1819,None,0.005842259006815969
Bacteria,Firmicutes,Clostridia,Lachnospirales,Lachnospiraceae,Dorea,None,Bacteria,Firmicutes,Clostridia,Oscillospirales,Ruminococcaceae,Eubacterium_siraeum_group,None,0.005842259006815969
Bacteria,Firmicutes,Clostridia,Lachnospirales,Lachnospiraceae,Dorea,None,Bacteria,Firmicutes,Clostridia,Oscillospirales,Ruminococcaceae,None,None,0.004868549172346641
Bacteria,Firmicutes,Clostridia,Lachnospirales,Lachnospiraceae,Dorea,None,Bacteria,Firmicutes,Clostridia,Oscillospirales,UCG-010,None,None,0.004868549172346641
Bacteria,Firmicutes,Clostridia,Lachnospirales,Lachnospiraceae,Dorea,None,Bacteria,Firmicutes,Clostridia,Oscillospirales,UCG-010,metagenome,None,0.005842259006815969
Bacteria,Firmicutes,Clostridia,Lachnospirales,Lachnospiraceae,Dorea,None,Bacteria,Firmicutes,Clostridia,Oscillospirales,UCG-010,uncultured_bacterium,None,0.005842259006815969
Bacteria,Firmicutes,Clostridia,Lachnospirales,Lachnospiraceae,Dorea,None,Bacteria,Firmicutes,Clostridia,Oscillospirales,UCG-010,uncultured_organism,None,0.005842259006815969
Bacteria,Firmicutes,Clostridia,Lachnospirales,Lachnospiraceae,Dorea,None,Bacteria,Firmicutes,Clostridia,Oscillospirales,Clostridium_methylpentosum_group,None,None,0.004868549172346641
Bacteria,Firmicutes,Clostridia,Lachnospirales,Lachnospiraceae,Dorea,None,Bacteria,Firmicutes,Clostridia,Oscillospirales,Eubacterium_coprostanoligenes_group,None,None,0.004868549172346641
Bacteria,Firmicutes,Clostridia,Lachnospirales,Lachnospiraceae,Dorea,None,Bacteria,Firmicutes,Clostridia,Oscillospirales,None,None,None,0.0038948393378773127
Bacteria,Firmicutes,Clostridia,Lachnospirales,Lachnospiraceae,Dorea,None,Bacteria,Firmicutes,Clostridia,Peptococcales,Peptococcaceae,uncultured,None,0.005842259006815969
Bacteria,Firmicutes,Clostridia,Lachnospirales,Lachnospiraceae,Dorea,None,Bacteria,Firmicutes,Clostridia,Peptostreptococcales-Tissierellales,Anaerovoracaceae,Family_XIII_AD3011_group,metagenome,0.006815968841285297
Bacteria,Firmicutes,Clostridia,Lachnospirales,Lachnospiraceae,Dorea,None,Bacteria,Firmicutes,Clostridia,Peptostreptococcales-Tissierellales,Anaerovoracaceae,Family_XIII_AD3011_group,None,0.005842259006815969
Bacteria,Firmicutes,Clostridia,Lachnospirales,Lachnospiraceae,Dorea,None,Bacteria,Firmicutes,Clostridia,Peptostreptococcales-Tissierellales,Anaerovoracaceae,Family_XIII_AD3011_group,uncultured,0.006815968841285297
Bacteria,Firmicutes,Clostridia,Lachnospirales,Lachnospiraceae,Dorea,None,Bacteria,Firmicutes,Clostridia,Peptostreptococcales-Tissierellales,Anaerovoracaceae,Family_XIII_UCG-001,metagenome,0.006815968841285297
Bacteria,Firmicutes,Clostridia,Lachnospirales,Lachnospiraceae,Dorea,None,Bacteria,Firmicutes,Clostridia,Peptostreptococcales-Tissierellales,Anaerovoracaceae,Eubacterium_nodatum_group,None,0.005842259006815969
Bacteria,Firmicutes,Clostridia,Lachnospirales,Lachnospiraceae,Dorea,None,Bacteria,Firmicutes,Clostridia,Peptostreptococcales-Tissierellales,Anaerovoracaceae,None,None,0.004868549172346641
Bacteria,Firmicutes,Clostridia,Lachnospirales,Lachnospiraceae,Dorea,None,Bacteria,Firmicutes,Clostridia,Peptostreptococcales-Tissierellales,Parvimonas,None,None,0.004868549172346641
Bacteria,Firmicutes,Clostridia,Lachnospirales,Lachnospiraceae,Dorea,None,Bacteria,Firmicutes,Clostridia,None,None,None,None,0.0029211295034079843
Bacteria,Firmicutes,Clostridia,Lachnospirales,Lachnospiraceae,Dorea,None,Bacteria,Firmicutes,Incertae_Sedis,DTU014,unidentified,None,None,0.006815968841285297
Bacteria,Firmicutes,Clostridia,Lachnospirales,Lachnospiraceae,Dorea,None,Bacteria,Firmicutes,Limnochordia,M55-D21,uncultured_compost_bacterium,None,None,0.006815968841285297
Bacteria,Firmicutes,Clostridia,Lachnospirales,Lachnospiraceae,Dorea,None,Bacteria,Firmicutes,Negativicutes,Acidaminococcales,Acidaminococcaceae,Phascolarctobacterium,None,0.007789678675754625
Bacteria,Firmicutes,Clostridia,Lachnospirales,Lachnospiraceae,Dorea,None,Bacteria,Firmicutes,None,None,None,None,None,0.0038948393378773127
Bacteria,Firmicutes,Clostridia,Lachnospirales,Lachnospiraceae,Dorea,None,Bacteria,Firmicutes,uncultured,uncultured_Peptococcaceae_bacterium,None,None,None,0.005842259006815969
Bacteria,Firmicutes,Clostridia,Lachnospirales,Lachnospiraceae,Dorea,None,Bacteria,Proteobacteria,Alphaproteobacteria,Rhodospirillales,uncultured,None,None,0.008763388510223954
Bacteria,Firmicutes,Clostridia,Lachnospirales,Lachnospiraceae,Dorea,None,Bacteria,Proteobacteria,Gammaproteobacteria,Burkholderiales,Sutterellaceae,Sutterella,Sutterella_sp._252,0.010710808179162609
Bacteria,Firmicutes,Clostridia,Lachnospirales,Lachnospiraceae,Dorea,None,Bacteria,Proteobacteria,Gammaproteobacteria,Enterobacterales,Enterobacteriaceae,Escherichia-Shigella,None,0.009737098344693282
Bacteria,Firmicutes,Clostridia,Lachnospirales,Lachnospiraceae,Dorea,None,Bacteria,Proteobacteria,Gammaproteobacteria,Enterobacterales,Enterobacteriaceae,Klebsiella,None,0.009737098344693282
Bacteria,Firmicutes,Clostridia,Lachnospirales,Lachnospiraceae,Dorea,None,Bacteria,Proteobacteria,Gammaproteobacteria,Enterobacterales,Enterobacteriaceae,None,None,0.008763388510223954
Bacteria,Firmicutes,Clostridia,Lachnospirales,Lachnospiraceae,Dorea,None,Bacteria,Proteobacteria,Gammaproteobacteria,Pseudomonadales,Pseudomonadaceae,Pseudomonas,None,0.009737098344693282
Bacteria,Firmicutes,Clostridia,Lachnospirales,Lachnospiraceae,Dorea,None,Bacteria,Synergistota,Synergistia,Synergistales,Synergistaceae,Cloacibacillus,None,0.009737098344693282
Bacteria,Firmicutes,Clostridia,Lachnospirales,Lachnospiraceae,Dorea,None,Bacteria,Verrucomicrobiota,Verrucomicrobiae,Verrucomicrobiales,Akkermansiaceae,Akkermansia,None,0.009737098344693282
Bacteria,Firmicutes,Clostridia,Lachnospirales,Lachnospiraceae,Eisenbergiella,None,Bacteria,Firmicutes,Clostridia,Lachnospirales,Lachnospiraceae,Frisingicoccus,None,0.0019474196689386564
Bacteria,Firmicutes,Clostridia,Lachnospirales,Lachnospiraceae,Eisenbergiella,None,Bacteria,Firmicutes,Clostridia,Lachnospirales,Lachnospiraceae,Fusicatenibacter,uncultured_Lachnospiraceae_bacterium,0.0029211295034079843
Bacteria,Firmicutes,Clostridia,Lachnospirales,Lachnospiraceae,Eisenbergiella,None,Bacteria,Firmicutes,Clostridia,Lachnospirales,Lachnospiraceae,GCA-900066575,None,0.0019474196689386564
Bacteria,Firmicutes,Clostridia,Lachnospirales,Lachnospiraceae,Eisenbergiella,None,Bacteria,Firmicutes,Clostridia,Lachnospirales,Lachnospiraceae,GCA-900066575,metagenome,0.0029211295034079843
Bacteria,Firmicutes,Clostridia,Lachnospirales,Lachnospiraceae,Eisenbergiella,None,Bacteria,Firmicutes,Clostridia,Lachnospirales,Lachnospiraceae,GCA-900066755,None,0.0019474196689386564
Bacteria,Firmicutes,Clostridia,Lachnospirales,Lachnospiraceae,Eisenbergiella,None,Bacteria,Firmicutes,Clostridia,Lachnospirales,Lachnospiraceae,Hungatella,metagenome,0.0029211295034079843
Bacteria,Firmicutes,Clostridia,Lachnospirales,Lachnospiraceae,Eisenbergiella,None,Bacteria,Firmicutes,Clostridia,Lachnospirales,Lachnospiraceae,Lachnoclostridium,Clostridium_symbiosum,0.0029211295034079843
Bacteria,Firmicutes,Clostridia,Lachnospirales,Lachnospiraceae,Eisenbergiella,None,Bacteria,Firmicutes,Clostridia,Lachnospirales,Lachnospiraceae,Lachnoclostridium,None,0.0019474196689386564
Bacteria,Firmicutes,Clostridia,Lachnospirales,Lachnospiraceae,Eisenbergiella,None,Bacteria,Firmicutes,Clostridia,Lachnospirales,Lachnospiraceae,Lachnoclostridium,uncultured_Lachnospiraceae_bacterium,0.0029211295034079843
Bacteria,Firmicutes,Clostridia,Lachnospirales,Lachnospiraceae,Eisenbergiella,None,Bacteria,Firmicutes,Clostridia,Lachnospirales,Lachnospiraceae,Lachnospiraceae_ND3007_group,metagenome,0.0029211295034079843
Bacteria,Firmicutes,Clostridia,Lachnospirales,Lachnospiraceae,Eisenbergiella,None,Bacteria,Firmicutes,Clostridia,Lachnospirales,Lachnospiraceae,Lachnospiraceae_NK4A136_group,None,0.0019474196689386564
Bacteria,Firmicutes,Clostridia,Lachnospirales,Lachnospiraceae,Eisenbergiella,None,Bacteria,Firmicutes,Clostridia,Lachnospirales,Lachnospiraceae,Lachnospiraceae_NK4A136_group,uncultured_Lachnospiraceae_bacterium,0.0029211295034079843
Bacteria,Firmicutes,Clostridia,Lachnospirales,Lachnospiraceae,Eisenbergiella,None,Bacteria,Firmicutes,Clostridia,Lachnospirales,Lachnospiraceae,Lachnospiraceae_NK4A136_group,uncultured_bacterium_Adhufec49.25,0.0029211295034079843
Bacteria,Firmicutes,Clostridia,Lachnospirales,Lachnospiraceae,Eisenbergiella,None,Bacteria,Firmicutes,Clostridia,Lachnospirales,Lachnospiraceae,Lachnospiraceae_NK4B4_group,None,0.0019474196689386564
Bacteria,Firmicutes,Clostridia,Lachnospirales,Lachnospiraceae,Eisenbergiella,None,Bacteria,Firmicutes,Clostridia,Lachnospirales,Lachnospiraceae,Lachnospiraceae_UCG-001,metagenome,0.0029211295034079843
Bacteria,Firmicutes,Clostridia,Lachnospirales,Lachnospiraceae,Eisenbergiella,None,Bacteria,Firmicutes,Clostridia,Lachnospirales,Lachnospiraceae,Lachnospiraceae_UCG-004,None,0.0019474196689386564
Bacteria,Firmicutes,Clostridia,Lachnospirales,Lachnospiraceae,Eisenbergiella,None,Bacteria,Firmicutes,Clostridia,Lachnospirales,Lachnospiraceae,Lachnospiraceae_UCG-008,metagenome,0.0029211295034079843
Bacteria,Firmicutes,Clostridia,Lachnospirales,Lachnospiraceae,Eisenbergiella,None,Bacteria,Firmicutes,Clostridia,Lachnospirales,Lachnospiraceae,Lachnospiraceae_UCG-010,None,0.0019474196689386564
Bacteria,Firmicutes,Clostridia,Lachnospirales,Lachnospiraceae,Eisenbergiella,None,Bacteria,Firmicutes,Clostridia,Lachnospirales,Lachnospiraceae,Marvinbryantia,None,0.0019474196689386564
Bacteria,Firmicutes,Clostridia,Lachnospirales,Lachnospiraceae,Eisenbergiella,None,Bacteria,Firmicutes,Clostridia,Lachnospirales,Lachnospiraceae,Marvinbryantia,unidentified,0.0029211295034079843
Bacteria,Firmicutes,Clostridia,Lachnospirales,Lachnospiraceae,Eisenbergiella,None,Bacteria,Firmicutes,Clostridia,Lachnospirales,Lachnospiraceae,Roseburia,None,0.0019474196689386564
Bacteria,Firmicutes,Clostridia,Lachnospirales,Lachnospiraceae,Eisenbergiella,None,Bacteria,Firmicutes,Clostridia,Lachnospirales,Lachnospiraceae,Roseburia,gut_metagenome,0.0029211295034079843
Bacteria,Firmicutes,Clostridia,Lachnospirales,Lachnospiraceae,Eisenbergiella,None,Bacteria,Firmicutes,Clostridia,Lachnospirales,Lachnospiraceae,Tuzzerella,None,0.0019474196689386564
Bacteria,Firmicutes,Clostridia,Lachnospirales,Lachnospiraceae,Eisenbergiella,None,Bacteria,Firmicutes,Clostridia,Lachnospirales,Lachnospiraceae,Tyzzerella,None,0.0019474196689386564
Bacteria,Firmicutes,Clostridia,Lachnospirales,Lachnospiraceae,Eisenbergiella,None,Bacteria,Firmicutes,Clostridia,Lachnospirales,Lachnospiraceae,Eubacterium_hallii_group,None,0.0019474196689386564
Bacteria,Firmicutes,Clostridia,Lachnospirales,Lachnospiraceae,Eisenbergiella,None,Bacteria,Firmicutes,Clostridia,Lachnospirales,Lachnospiraceae,Eubacterium_ventriosum_group,metagenome,0.0029211295034079843
Bacteria,Firmicutes,Clostridia,Lachnospirales,Lachnospiraceae,Eisenbergiella,None,Bacteria,Firmicutes,Clostridia,Lachnospirales,Lachnospiraceae,Ruminococcus_gauvreauii_group,uncultured_Lachnospiraceae_bacterium,0.0029211295034079843
Bacteria,Firmicutes,Clostridia,Lachnospirales,Lachnospiraceae,Eisenbergiella,None,Bacteria,Firmicutes,Clostridia,Lachnospirales,Lachnospiraceae,Ruminococcus_gnavus_group,None,0.0019474196689386564
Bacteria,Firmicutes,Clostridia,Lachnospirales,Lachnospiraceae,Eisenbergiella,None,Bacteria,Firmicutes,Clostridia,Lachnospirales,Lachnospiraceae,Ruminococcus_torques_group,Clostridiaceae_bacterium_LEMV78,0.0029211295034079843
Bacteria,Firmicutes,Clostridia,Lachnospirales,Lachnospiraceae,Eisenbergiella,None,Bacteria,Firmicutes,Clostridia,Lachnospirales,Lachnospiraceae,Ruminococcus_torques_group,None,0.0019474196689386564
Bacteria,Firmicutes,Clostridia,Lachnospirales,Lachnospiraceae,Eisenbergiella,None,Bacteria,Firmicutes,Clostridia,Lachnospirales,Lachnospiraceae,None,None,0.0019474196689386564
Bacteria,Firmicutes,Clostridia,Lachnospirales,Lachnospiraceae,Eisenbergiella,None,Bacteria,Firmicutes,Clostridia,Lachnospirales,Lachnospiraceae,uncultured,None,0.0019474196689386564
Bacteria,Firmicutes,Clostridia,Lachnospirales,Lachnospiraceae,Eisenbergiella,None,Bacteria,Firmicutes,Clostridia,Monoglobales,Monoglobaceae,Monoglobus,None,0.005842259006815969
Bacteria,Firmicutes,Clostridia,Lachnospirales,Lachnospiraceae,Eisenbergiella,None,Bacteria,Firmicutes,Clostridia,Oscillospirales,Butyricicoccaceae,Butyricicoccus,None,0.005842259006815969
Bacteria,Firmicutes,Clostridia,Lachnospirales,Lachnospiraceae,Eisenbergiella,None,Bacteria,Firmicutes,Clostridia,Oscillospirales,Hydrogenoanaerobacterium,None,None,0.004868549172346641
Bacteria,Firmicutes,Clostridia,Lachnospirales,Lachnospiraceae,Eisenbergiella,None,Bacteria,Firmicutes,Clostridia,Oscillospirales,Oscillospiraceae,Colidextribacter,None,0.005842259006815969
Bacteria,Firmicutes,Clostridia,Lachnospirales,Lachnospiraceae,Eisenbergiella,None,Bacteria,Firmicutes,Clostridia,Oscillospirales,Oscillospiraceae,Colidextribacter,metagenome,0.006815968841285297
Bacteria,Firmicutes,Clostridia,Lachnospirales,Lachnospiraceae,Eisenbergiella,None,Bacteria,Firmicutes,Clostridia,Oscillospirales,Oscillospiraceae,Flavonifractor,None,0.005842259006815969
Bacteria,Firmicutes,Clostridia,Lachnospirales,Lachnospiraceae,Eisenbergiella,None,Bacteria,Firmicutes,Clostridia,Oscillospirales,Oscillospiraceae,Intestinimonas,None,0.005842259006815969
Bacteria,Firmicutes,Clostridia,Lachnospirales,Lachnospiraceae,Eisenbergiella,None,Bacteria,Firmicutes,Clostridia,Oscillospirales,Oscillospiraceae,Intestinimonas,uncultured,0.006815968841285297
Bacteria,Firmicutes,Clostridia,Lachnospirales,Lachnospiraceae,Eisenbergiella,None,Bacteria,Firmicutes,Clostridia,Oscillospirales,Oscillospiraceae,NK4A214_group,None,0.005842259006815969
Bacteria,Firmicutes,Clostridia,Lachnospirales,Lachnospiraceae,Eisenbergiella,None,Bacteria,Firmicutes,Clostridia,Oscillospirales,Oscillospiraceae,Oscillibacter,None,0.005842259006815969
Bacteria,Firmicutes,Clostridia,Lachnospirales,Lachnospiraceae,Eisenbergiella,None,Bacteria,Firmicutes,Clostridia,Oscillospirales,Oscillospiraceae,Oscillibacter,metagenome,0.006815968841285297
Bacteria,Firmicutes,Clostridia,Lachnospirales,Lachnospiraceae,Eisenbergiella,None,Bacteria,Firmicutes,Clostridia,Oscillospirales,Oscillospiraceae,Oscillospira,None,0.005842259006815969
Bacteria,Firmicutes,Clostridia,Lachnospirales,Lachnospiraceae,Eisenbergiella,None,Bacteria,Firmicutes,Clostridia,Oscillospirales,Oscillospiraceae,UCG-002,None,0.005842259006815969
Bacteria,Firmicutes,Clostridia,Lachnospirales,Lachnospiraceae,Eisenbergiella,None,Bacteria,Firmicutes,Clostridia,Oscillospirales,Oscillospiraceae,UCG-003,None,0.005842259006815969
Bacteria,Firmicutes,Clostridia,Lachnospirales,Lachnospiraceae,Eisenbergiella,None,Bacteria,Firmicutes,Clostridia,Oscillospirales,Oscillospiraceae,UCG-005,None,0.005842259006815969
Bacteria,Firmicutes,Clostridia,Lachnospirales,Lachnospiraceae,Eisenbergiella,None,Bacteria,Firmicutes,Clostridia,Oscillospirales,Oscillospiraceae,UCG-005,metagenome,0.006815968841285297
Bacteria,Firmicutes,Clostridia,Lachnospirales,Lachnospiraceae,Eisenbergiella,None,Bacteria,Firmicutes,Clostridia,Oscillospirales,Oscillospiraceae,UCG-005,uncultured_Clostridiales_bacterium,0.006815968841285297
Bacteria,Firmicutes,Clostridia,Lachnospirales,Lachnospiraceae,Eisenbergiella,None,Bacteria,Firmicutes,Clostridia,Oscillospirales,Oscillospiraceae,UCG-005,uncultured_rumen_bacterium,0.006815968841285297
Bacteria,Firmicutes,Clostridia,Lachnospirales,Lachnospiraceae,Eisenbergiella,None,Bacteria,Firmicutes,Clostridia,Oscillospirales,Oscillospiraceae,None,None,0.004868549172346641
Bacteria,Firmicutes,Clostridia,Lachnospirales,Lachnospiraceae,Eisenbergiella,None,Bacteria,Firmicutes,Clostridia,Oscillospirales,Oscillospiraceae,uncultured,metagenome,0.006815968841285297
Bacteria,Firmicutes,Clostridia,Lachnospirales,Lachnospiraceae,Eisenbergiella,None,Bacteria,Firmicutes,Clostridia,Oscillospirales,Oscillospiraceae,uncultured,unidentified,0.006815968841285297
Bacteria,Firmicutes,Clostridia,Lachnospirales,Lachnospiraceae,Eisenbergiella,None,Bacteria,Firmicutes,Clostridia,Oscillospirales,Ruminococcaceae,Anaerofilum,uncultured_Firmicutes_bacterium,0.006815968841285297
Bacteria,Firmicutes,Clostridia,Lachnospirales,Lachnospiraceae,Eisenbergiella,None,Bacteria,Firmicutes,Clostridia,Oscillospirales,Ruminococcaceae,Anaerotruncus,Anaerotruncus_rubiinfantis,0.006815968841285297
Bacteria,Firmicutes,Clostridia,Lachnospirales,Lachnospiraceae,Eisenbergiella,None,Bacteria,Firmicutes,Clostridia,Oscillospirales,Ruminococcaceae,Anaerotruncus,Anaerotruncus_sp._NML_070203,0.006815968841285297
Bacteria,Firmicutes,Clostridia,Lachnospirales,Lachnospiraceae,Eisenbergiella,None,Bacteria,Firmicutes,Clostridia,Oscillospirales,Ruminococcaceae,Candidatus_Soleaferrea,Neobitarella_massiliensis,0.006815968841285297
Bacteria,Firmicutes,Clostridia,Lachnospirales,Lachnospiraceae,Eisenbergiella,None,Bacteria,Firmicutes,Clostridia,Oscillospirales,Ruminococcaceae,Candidatus_Soleaferrea,None,0.005842259006815969
Bacteria,Firmicutes,Clostridia,Lachnospirales,Lachnospiraceae,Eisenbergiella,None,Bacteria,Firmicutes,Clostridia,Oscillospirales,Ruminococcaceae,DTU089,None,0.005842259006815969
Bacteria,Firmicutes,Clostridia,Lachnospirales,Lachnospiraceae,Eisenbergiella,None,Bacteria,Firmicutes,Clostridia,Oscillospirales,Ruminococcaceae,Faecalibacterium,None,0.005842259006815969
Bacteria,Firmicutes,Clostridia,Lachnospirales,Lachnospiraceae,Eisenbergiella,None,Bacteria,Firmicutes,Clostridia,Oscillospirales,Ruminococcaceae,Fournierella,uncultured_organism,0.006815968841285297
Bacteria,Firmicutes,Clostridia,Lachnospirales,Lachnospiraceae,Eisenbergiella,None,Bacteria,Firmicutes,Clostridia,Oscillospirales,Ruminococcaceae,Incertae_Sedis,metagenome,0.006815968841285297
Bacteria,Firmicutes,Clostridia,Lachnospirales,Lachnospiraceae,Eisenbergiella,None,Bacteria,Firmicutes,Clostridia,Oscillospirales,Ruminococcaceae,Incertae_Sedis,None,0.005842259006815969
Bacteria,Firmicutes,Clostridia,Lachnospirales,Lachnospiraceae,Eisenbergiella,None,Bacteria,Firmicutes,Clostridia,Oscillospirales,Ruminococcaceae,Negativibacillus,None,0.005842259006815969
Bacteria,Firmicutes,Clostridia,Lachnospirales,Lachnospiraceae,Eisenbergiella,None,Bacteria,Firmicutes,Clostridia,Oscillospirales,Ruminococcaceae,Ruminococcus,Ruminococcus_champanellensis,0.006815968841285297
Bacteria,Firmicutes,Clostridia,Lachnospirales,Lachnospiraceae,Eisenbergiella,None,Bacteria,Firmicutes,Clostridia,Oscillospirales,Ruminococcaceae,Ruminococcus,None,0.005842259006815969
Bacteria,Firmicutes,Clostridia,Lachnospirales,Lachnospiraceae,Eisenbergiella,None,Bacteria,Firmicutes,Clostridia,Oscillospirales,Ruminococcaceae,Subdoligranulum,None,0.005842259006815969
Bacteria,Firmicutes,Clostridia,Lachnospirales,Lachnospiraceae,Eisenbergiella,None,Bacteria,Firmicutes,Clostridia,Oscillospirales,Ruminococcaceae,UBA1819,None,0.005842259006815969
Bacteria,Firmicutes,Clostridia,Lachnospirales,Lachnospiraceae,Eisenbergiella,None,Bacteria,Firmicutes,Clostridia,Oscillospirales,Ruminococcaceae,Eubacterium_siraeum_group,None,0.005842259006815969
Bacteria,Firmicutes,Clostridia,Lachnospirales,Lachnospiraceae,Eisenbergiella,None,Bacteria,Firmicutes,Clostridia,Oscillospirales,Ruminococcaceae,None,None,0.004868549172346641
Bacteria,Firmicutes,Clostridia,Lachnospirales,Lachnospiraceae,Eisenbergiella,None,Bacteria,Firmicutes,Clostridia,Oscillospirales,UCG-010,None,None,0.004868549172346641
Bacteria,Firmicutes,Clostridia,Lachnospirales,Lachnospiraceae,Eisenbergiella,None,Bacteria,Firmicutes,Clostridia,Oscillospirales,UCG-010,metagenome,None,0.005842259006815969
Bacteria,Firmicutes,Clostridia,Lachnospirales,Lachnospiraceae,Eisenbergiella,None,Bacteria,Firmicutes,Clostridia,Oscillospirales,UCG-010,uncultured_bacterium,None,0.005842259006815969
Bacteria,Firmicutes,Clostridia,Lachnospirales,Lachnospiraceae,Eisenbergiella,None,Bacteria,Firmicutes,Clostridia,Oscillospirales,UCG-010,uncultured_organism,None,0.005842259006815969
Bacteria,Firmicutes,Clostridia,Lachnospirales,Lachnospiraceae,Eisenbergiella,None,Bacteria,Firmicutes,Clostridia,Oscillospirales,Clostridium_methylpentosum_group,None,None,0.004868549172346641
Bacteria,Firmicutes,Clostridia,Lachnospirales,Lachnospiraceae,Eisenbergiella,None,Bacteria,Firmicutes,Clostridia,Oscillospirales,Eubacterium_coprostanoligenes_group,None,None,0.004868549172346641
Bacteria,Firmicutes,Clostridia,Lachnospirales,Lachnospiraceae,Eisenbergiella,None,Bacteria,Firmicutes,Clostridia,Oscillospirales,None,None,None,0.0038948393378773127
Bacteria,Firmicutes,Clostridia,Lachnospirales,Lachnospiraceae,Eisenbergiella,None,Bacteria,Firmicutes,Clostridia,Peptococcales,Peptococcaceae,uncultured,None,0.005842259006815969
Bacteria,Firmicutes,Clostridia,Lachnospirales,Lachnospiraceae,Eisenbergiella,None,Bacteria,Firmicutes,Clostridia,Peptostreptococcales-Tissierellales,Anaerovoracaceae,Family_XIII_AD3011_group,metagenome,0.006815968841285297
Bacteria,Firmicutes,Clostridia,Lachnospirales,Lachnospiraceae,Eisenbergiella,None,Bacteria,Firmicutes,Clostridia,Peptostreptococcales-Tissierellales,Anaerovoracaceae,Family_XIII_AD3011_group,None,0.005842259006815969
Bacteria,Firmicutes,Clostridia,Lachnospirales,Lachnospiraceae,Eisenbergiella,None,Bacteria,Firmicutes,Clostridia,Peptostreptococcales-Tissierellales,Anaerovoracaceae,Family_XIII_AD3011_group,uncultured,0.006815968841285297
Bacteria,Firmicutes,Clostridia,Lachnospirales,Lachnospiraceae,Eisenbergiella,None,Bacteria,Firmicutes,Clostridia,Peptostreptococcales-Tissierellales,Anaerovoracaceae,Family_XIII_UCG-001,metagenome,0.006815968841285297
Bacteria,Firmicutes,Clostridia,Lachnospirales,Lachnospiraceae,Eisenbergiella,None,Bacteria,Firmicutes,Clostridia,Peptostreptococcales-Tissierellales,Anaerovoracaceae,Eubacterium_nodatum_group,None,0.005842259006815969
Bacteria,Firmicutes,Clostridia,Lachnospirales,Lachnospiraceae,Eisenbergiella,None,Bacteria,Firmicutes,Clostridia,Peptostreptococcales-Tissierellales,Anaerovoracaceae,None,None,0.004868549172346641
Bacteria,Firmicutes,Clostridia,Lachnospirales,Lachnospiraceae,Eisenbergiella,None,Bacteria,Firmicutes,Clostridia,Peptostreptococcales-Tissierellales,Parvimonas,None,None,0.004868549172346641
Bacteria,Firmicutes,Clostridia,Lachnospirales,Lachnospiraceae,Eisenbergiella,None,Bacteria,Firmicutes,Clostridia,None,None,None,None,0.0029211295034079843
Bacteria,Firmicutes,Clostridia,Lachnospirales,Lachnospiraceae,Eisenbergiella,None,Bacteria,Firmicutes,Incertae_Sedis,DTU014,unidentified,None,None,0.006815968841285297
Bacteria,Firmicutes,Clostridia,Lachnospirales,Lachnospiraceae,Eisenbergiella,None,Bacteria,Firmicutes,Limnochordia,M55-D21,uncultured_compost_bacterium,None,None,0.006815968841285297
Bacteria,Firmicutes,Clostridia,Lachnospirales,Lachnospiraceae,Eisenbergiella,None,Bacteria,Firmicutes,Negativicutes,Acidaminococcales,Acidaminococcaceae,Phascolarctobacterium,None,0.007789678675754625
Bacteria,Firmicutes,Clostridia,Lachnospirales,Lachnospiraceae,Eisenbergiella,None,Bacteria,Firmicutes,None,None,None,None,None,0.0038948393378773127
Bacteria,Firmicutes,Clostridia,Lachnospirales,Lachnospiraceae,Eisenbergiella,None,Bacteria,Firmicutes,uncultured,uncultured_Peptococcaceae_bacterium,None,None,None,0.005842259006815969
Bacteria,Firmicutes,Clostridia,Lachnospirales,Lachnospiraceae,Eisenbergiella,None,Bacteria,Proteobacteria,Alphaproteobacteria,Rhodospirillales,uncultured,None,None,0.008763388510223954
Bacteria,Firmicutes,Clostridia,Lachnospirales,Lachnospiraceae,Eisenbergiella,None,Bacteria,Proteobacteria,Gammaproteobacteria,Burkholderiales,Sutterellaceae,Sutterella,Sutterella_sp._252,0.010710808179162609
Bacteria,Firmicutes,Clostridia,Lachnospirales,Lachnospiraceae,Eisenbergiella,None,Bacteria,Proteobacteria,Gammaproteobacteria,Enterobacterales,Enterobacteriaceae,Escherichia-Shigella,None,0.009737098344693282
Bacteria,Firmicutes,Clostridia,Lachnospirales,Lachnospiraceae,Eisenbergiella,None,Bacteria,Proteobacteria,Gammaproteobacteria,Enterobacterales,Enterobacteriaceae,Klebsiella,None,0.009737098344693282
Bacteria,Firmicutes,Clostridia,Lachnospirales,Lachnospiraceae,Eisenbergiella,None,Bacteria,Proteobacteria,Gammaproteobacteria,Enterobacterales,Enterobacteriaceae,None,None,0.008763388510223954
Bacteria,Firmicutes,Clostridia,Lachnospirales,Lachnospiraceae,Eisenbergiella,None,Bacteria,Proteobacteria,Gammaproteobacteria,Pseudomonadales,Pseudomonadaceae,Pseudomonas,None,0.009737098344693282
Bacteria,Firmicutes,Clostridia,Lachnospirales,Lachnospiraceae,Eisenbergiella,None,Bacteria,Synergistota,Synergistia,Synergistales,Synergistaceae,Cloacibacillus,None,0.009737098344693282
Bacteria,Firmicutes,Clostridia,Lachnospirales,Lachnospiraceae,Eisenbergiella,None,Bacteria,Verrucomicrobiota,Verrucomicrobiae,Verrucomicrobiales,Akkermansiaceae,Akkermansia,None,0.009737098344693282
Bacteria,Firmicutes,Clostridia,Lachnospirales,Lachnospiraceae,Frisingicoccus,None,Bacteria,Firmicutes,Clostridia,Lachnospirales,Lachnospiraceae,Fusicatenibacter,uncultured_Lachnospiraceae_bacterium,0.0029211295034079843
Bacteria,Firmicutes,Clostridia,Lachnospirales,Lachnospiraceae,Frisingicoccus,None,Bacteria,Firmicutes,Clostridia,Lachnospirales,Lachnospiraceae,GCA-900066575,None,0.0019474196689386564
Bacteria,Firmicutes,Clostridia,Lachnospirales,Lachnospiraceae,Frisingicoccus,None,Bacteria,Firmicutes,Clostridia,Lachnospirales,Lachnospiraceae,GCA-900066575,metagenome,0.0029211295034079843
Bacteria,Firmicutes,Clostridia,Lachnospirales,Lachnospiraceae,Frisingicoccus,None,Bacteria,Firmicutes,Clostridia,Lachnospirales,Lachnospiraceae,GCA-900066755,None,0.0019474196689386564
Bacteria,Firmicutes,Clostridia,Lachnospirales,Lachnospiraceae,Frisingicoccus,None,Bacteria,Firmicutes,Clostridia,Lachnospirales,Lachnospiraceae,Hungatella,metagenome,0.0029211295034079843
Bacteria,Firmicutes,Clostridia,Lachnospirales,Lachnospiraceae,Frisingicoccus,None,Bacteria,Firmicutes,Clostridia,Lachnospirales,Lachnospiraceae,Lachnoclostridium,Clostridium_symbiosum,0.0029211295034079843
Bacteria,Firmicutes,Clostridia,Lachnospirales,Lachnospiraceae,Frisingicoccus,None,Bacteria,Firmicutes,Clostridia,Lachnospirales,Lachnospiraceae,Lachnoclostridium,None,0.0019474196689386564
Bacteria,Firmicutes,Clostridia,Lachnospirales,Lachnospiraceae,Frisingicoccus,None,Bacteria,Firmicutes,Clostridia,Lachnospirales,Lachnospiraceae,Lachnoclostridium,uncultured_Lachnospiraceae_bacterium,0.0029211295034079843
Bacteria,Firmicutes,Clostridia,Lachnospirales,Lachnospiraceae,Frisingicoccus,None,Bacteria,Firmicutes,Clostridia,Lachnospirales,Lachnospiraceae,Lachnospiraceae_ND3007_group,metagenome,0.0029211295034079843
Bacteria,Firmicutes,Clostridia,Lachnospirales,Lachnospiraceae,Frisingicoccus,None,Bacteria,Firmicutes,Clostridia,Lachnospirales,Lachnospiraceae,Lachnospiraceae_NK4A136_group,None,0.0019474196689386564
Bacteria,Firmicutes,Clostridia,Lachnospirales,Lachnospiraceae,Frisingicoccus,None,Bacteria,Firmicutes,Clostridia,Lachnospirales,Lachnospiraceae,Lachnospiraceae_NK4A136_group,uncultured_Lachnospiraceae_bacterium,0.0029211295034079843
Bacteria,Firmicutes,Clostridia,Lachnospirales,Lachnospiraceae,Frisingicoccus,None,Bacteria,Firmicutes,Clostridia,Lachnospirales,Lachnospiraceae,Lachnospiraceae_NK4A136_group,uncultured_bacterium_Adhufec49.25,0.0029211295034079843
Bacteria,Firmicutes,Clostridia,Lachnospirales,Lachnospiraceae,Frisingicoccus,None,Bacteria,Firmicutes,Clostridia,Lachnospirales,Lachnospiraceae,Lachnospiraceae_NK4B4_group,None,0.0019474196689386564
Bacteria,Firmicutes,Clostridia,Lachnospirales,Lachnospiraceae,Frisingicoccus,None,Bacteria,Firmicutes,Clostridia,Lachnospirales,Lachnospiraceae,Lachnospiraceae_UCG-001,metagenome,0.0029211295034079843
Bacteria,Firmicutes,Clostridia,Lachnospirales,Lachnospiraceae,Frisingicoccus,None,Bacteria,Firmicutes,Clostridia,Lachnospirales,Lachnospiraceae,Lachnospiraceae_UCG-004,None,0.0019474196689386564
Bacteria,Firmicutes,Clostridia,Lachnospirales,Lachnospiraceae,Frisingicoccus,None,Bacteria,Firmicutes,Clostridia,Lachnospirales,Lachnospiraceae,Lachnospiraceae_UCG-008,metagenome,0.0029211295034079843
Bacteria,Firmicutes,Clostridia,Lachnospirales,Lachnospiraceae,Frisingicoccus,None,Bacteria,Firmicutes,Clostridia,Lachnospirales,Lachnospiraceae,Lachnospiraceae_UCG-010,None,0.0019474196689386564
Bacteria,Firmicutes,Clostridia,Lachnospirales,Lachnospiraceae,Frisingicoccus,None,Bacteria,Firmicutes,Clostridia,Lachnospirales,Lachnospiraceae,Marvinbryantia,None,0.0019474196689386564
Bacteria,Firmicutes,Clostridia,Lachnospirales,Lachnospiraceae,Frisingicoccus,None,Bacteria,Firmicutes,Clostridia,Lachnospirales,Lachnospiraceae,Marvinbryantia,unidentified,0.0029211295034079843
Bacteria,Firmicutes,Clostridia,Lachnospirales,Lachnospiraceae,Frisingicoccus,None,Bacteria,Firmicutes,Clostridia,Lachnospirales,Lachnospiraceae,Roseburia,None,0.0019474196689386564
Bacteria,Firmicutes,Clostridia,Lachnospirales,Lachnospiraceae,Frisingicoccus,None,Bacteria,Firmicutes,Clostridia,Lachnospirales,Lachnospiraceae,Roseburia,gut_metagenome,0.0029211295034079843
Bacteria,Firmicutes,Clostridia,Lachnospirales,Lachnospiraceae,Frisingicoccus,None,Bacteria,Firmicutes,Clostridia,Lachnospirales,Lachnospiraceae,Tuzzerella,None,0.0019474196689386564
Bacteria,Firmicutes,Clostridia,Lachnospirales,Lachnospiraceae,Frisingicoccus,None,Bacteria,Firmicutes,Clostridia,Lachnospirales,Lachnospiraceae,Tyzzerella,None,0.0019474196689386564
Bacteria,Firmicutes,Clostridia,Lachnospirales,Lachnospiraceae,Frisingicoccus,None,Bacteria,Firmicutes,Clostridia,Lachnospirales,Lachnospiraceae,Eubacterium_hallii_group,None,0.0019474196689386564
Bacteria,Firmicutes,Clostridia,Lachnospirales,Lachnospiraceae,Frisingicoccus,None,Bacteria,Firmicutes,Clostridia,Lachnospirales,Lachnospiraceae,Eubacterium_ventriosum_group,metagenome,0.0029211295034079843
Bacteria,Firmicutes,Clostridia,Lachnospirales,Lachnospiraceae,Frisingicoccus,None,Bacteria,Firmicutes,Clostridia,Lachnospirales,Lachnospiraceae,Ruminococcus_gauvreauii_group,uncultured_Lachnospiraceae_bacterium,0.0029211295034079843
Bacteria,Firmicutes,Clostridia,Lachnospirales,Lachnospiraceae,Frisingicoccus,None,Bacteria,Firmicutes,Clostridia,Lachnospirales,Lachnospiraceae,Ruminococcus_gnavus_group,None,0.0019474196689386564
Bacteria,Firmicutes,Clostridia,Lachnospirales,Lachnospiraceae,Frisingicoccus,None,Bacteria,Firmicutes,Clostridia,Lachnospirales,Lachnospiraceae,Ruminococcus_torques_group,Clostridiaceae_bacterium_LEMV78,0.0029211295034079843
Bacteria,Firmicutes,Clostridia,Lachnospirales,Lachnospiraceae,Frisingicoccus,None,Bacteria,Firmicutes,Clostridia,Lachnospirales,Lachnospiraceae,Ruminococcus_torques_group,None,0.0019474196689386564
Bacteria,Firmicutes,Clostridia,Lachnospirales,Lachnospiraceae,Frisingicoccus,None,Bacteria,Firmicutes,Clostridia,Lachnospirales,Lachnospiraceae,None,None,0.0019474196689386564
Bacteria,Firmicutes,Clostridia,Lachnospirales,Lachnospiraceae,Frisingicoccus,None,Bacteria,Firmicutes,Clostridia,Lachnospirales,Lachnospiraceae,uncultured,None,0.0019474196689386564
Bacteria,Firmicutes,Clostridia,Lachnospirales,Lachnospiraceae,Frisingicoccus,None,Bacteria,Firmicutes,Clostridia,Monoglobales,Monoglobaceae,Monoglobus,None,0.005842259006815969
Bacteria,Firmicutes,Clostridia,Lachnospirales,Lachnospiraceae,Frisingicoccus,None,Bacteria,Firmicutes,Clostridia,Oscillospirales,Butyricicoccaceae,Butyricicoccus,None,0.005842259006815969
Bacteria,Firmicutes,Clostridia,Lachnospirales,Lachnospiraceae,Frisingicoccus,None,Bacteria,Firmicutes,Clostridia,Oscillospirales,Hydrogenoanaerobacterium,None,None,0.004868549172346641
Bacteria,Firmicutes,Clostridia,Lachnospirales,Lachnospiraceae,Frisingicoccus,None,Bacteria,Firmicutes,Clostridia,Oscillospirales,Oscillospiraceae,Colidextribacter,None,0.005842259006815969
Bacteria,Firmicutes,Clostridia,Lachnospirales,Lachnospiraceae,Frisingicoccus,None,Bacteria,Firmicutes,Clostridia,Oscillospirales,Oscillospiraceae,Colidextribacter,metagenome,0.006815968841285297
Bacteria,Firmicutes,Clostridia,Lachnospirales,Lachnospiraceae,Frisingicoccus,None,Bacteria,Firmicutes,Clostridia,Oscillospirales,Oscillospiraceae,Flavonifractor,None,0.005842259006815969
Bacteria,Firmicutes,Clostridia,Lachnospirales,Lachnospiraceae,Frisingicoccus,None,Bacteria,Firmicutes,Clostridia,Oscillospirales,Oscillospiraceae,Intestinimonas,None,0.005842259006815969
Bacteria,Firmicutes,Clostridia,Lachnospirales,Lachnospiraceae,Frisingicoccus,None,Bacteria,Firmicutes,Clostridia,Oscillospirales,Oscillospiraceae,Intestinimonas,uncultured,0.006815968841285297
Bacteria,Firmicutes,Clostridia,Lachnospirales,Lachnospiraceae,Frisingicoccus,None,Bacteria,Firmicutes,Clostridia,Oscillospirales,Oscillospiraceae,NK4A214_group,None,0.005842259006815969
Bacteria,Firmicutes,Clostridia,Lachnospirales,Lachnospiraceae,Frisingicoccus,None,Bacteria,Firmicutes,Clostridia,Oscillospirales,Oscillospiraceae,Oscillibacter,None,0.005842259006815969
Bacteria,Firmicutes,Clostridia,Lachnospirales,Lachnospiraceae,Frisingicoccus,None,Bacteria,Firmicutes,Clostridia,Oscillospirales,Oscillospiraceae,Oscillibacter,metagenome,0.006815968841285297
Bacteria,Firmicutes,Clostridia,Lachnospirales,Lachnospiraceae,Frisingicoccus,None,Bacteria,Firmicutes,Clostridia,Oscillospirales,Oscillospiraceae,Oscillospira,None,0.005842259006815969
Bacteria,Firmicutes,Clostridia,Lachnospirales,Lachnospiraceae,Frisingicoccus,None,Bacteria,Firmicutes,Clostridia,Oscillospirales,Oscillospiraceae,UCG-002,None,0.005842259006815969
Bacteria,Firmicutes,Clostridia,Lachnospirales,Lachnospiraceae,Frisingicoccus,None,Bacteria,Firmicutes,Clostridia,Oscillospirales,Oscillospiraceae,UCG-003,None,0.005842259006815969
Bacteria,Firmicutes,Clostridia,Lachnospirales,Lachnospiraceae,Frisingicoccus,None,Bacteria,Firmicutes,Clostridia,Oscillospirales,Oscillospiraceae,UCG-005,None,0.005842259006815969
Bacteria,Firmicutes,Clostridia,Lachnospirales,Lachnospiraceae,Frisingicoccus,None,Bacteria,Firmicutes,Clostridia,Oscillospirales,Oscillospiraceae,UCG-005,metagenome,0.006815968841285297
Bacteria,Firmicutes,Clostridia,Lachnospirales,Lachnospiraceae,Frisingicoccus,None,Bacteria,Firmicutes,Clostridia,Oscillospirales,Oscillospiraceae,UCG-005,uncultured_Clostridiales_bacterium,0.006815968841285297
Bacteria,Firmicutes,Clostridia,Lachnospirales,Lachnospiraceae,Frisingicoccus,None,Bacteria,Firmicutes,Clostridia,Oscillospirales,Oscillospiraceae,UCG-005,uncultured_rumen_bacterium,0.006815968841285297
Bacteria,Firmicutes,Clostridia,Lachnospirales,Lachnospiraceae,Frisingicoccus,None,Bacteria,Firmicutes,Clostridia,Oscillospirales,Oscillospiraceae,None,None,0.004868549172346641
Bacteria,Firmicutes,Clostridia,Lachnospirales,Lachnospiraceae,Frisingicoccus,None,Bacteria,Firmicutes,Clostridia,Oscillospirales,Oscillospiraceae,uncultured,metagenome,0.006815968841285297
Bacteria,Firmicutes,Clostridia,Lachnospirales,Lachnospiraceae,Frisingicoccus,None,Bacteria,Firmicutes,Clostridia,Oscillospirales,Oscillospiraceae,uncultured,unidentified,0.006815968841285297
Bacteria,Firmicutes,Clostridia,Lachnospirales,Lachnospiraceae,Frisingicoccus,None,Bacteria,Firmicutes,Clostridia,Oscillospirales,Ruminococcaceae,Anaerofilum,uncultured_Firmicutes_bacterium,0.006815968841285297
Bacteria,Firmicutes,Clostridia,Lachnospirales,Lachnospiraceae,Frisingicoccus,None,Bacteria,Firmicutes,Clostridia,Oscillospirales,Ruminococcaceae,Anaerotruncus,Anaerotruncus_rubiinfantis,0.006815968841285297
Bacteria,Firmicutes,Clostridia,Lachnospirales,Lachnospiraceae,Frisingicoccus,None,Bacteria,Firmicutes,Clostridia,Oscillospirales,Ruminococcaceae,Anaerotruncus,Anaerotruncus_sp._NML_070203,0.006815968841285297
Bacteria,Firmicutes,Clostridia,Lachnospirales,Lachnospiraceae,Frisingicoccus,None,Bacteria,Firmicutes,Clostridia,Oscillospirales,Ruminococcaceae,Candidatus_Soleaferrea,Neobitarella_massiliensis,0.006815968841285297
Bacteria,Firmicutes,Clostridia,Lachnospirales,Lachnospiraceae,Frisingicoccus,None,Bacteria,Firmicutes,Clostridia,Oscillospirales,Ruminococcaceae,Candidatus_Soleaferrea,None,0.005842259006815969
Bacteria,Firmicutes,Clostridia,Lachnospirales,Lachnospiraceae,Frisingicoccus,None,Bacteria,Firmicutes,Clostridia,Oscillospirales,Ruminococcaceae,DTU089,None,0.005842259006815969
Bacteria,Firmicutes,Clostridia,Lachnospirales,Lachnospiraceae,Frisingicoccus,None,Bacteria,Firmicutes,Clostridia,Oscillospirales,Ruminococcaceae,Faecalibacterium,None,0.005842259006815969
Bacteria,Firmicutes,Clostridia,Lachnospirales,Lachnospiraceae,Frisingicoccus,None,Bacteria,Firmicutes,Clostridia,Oscillospirales,Ruminococcaceae,Fournierella,uncultured_organism,0.006815968841285297
Bacteria,Firmicutes,Clostridia,Lachnospirales,Lachnospiraceae,Frisingicoccus,None,Bacteria,Firmicutes,Clostridia,Oscillospirales,Ruminococcaceae,Incertae_Sedis,metagenome,0.006815968841285297
Bacteria,Firmicutes,Clostridia,Lachnospirales,Lachnospiraceae,Frisingicoccus,None,Bacteria,Firmicutes,Clostridia,Oscillospirales,Ruminococcaceae,Incertae_Sedis,None,0.005842259006815969
Bacteria,Firmicutes,Clostridia,Lachnospirales,Lachnospiraceae,Frisingicoccus,None,Bacteria,Firmicutes,Clostridia,Oscillospirales,Ruminococcaceae,Negativibacillus,None,0.005842259006815969
Bacteria,Firmicutes,Clostridia,Lachnospirales,Lachnospiraceae,Frisingicoccus,None,Bacteria,Firmicutes,Clostridia,Oscillospirales,Ruminococcaceae,Ruminococcus,Ruminococcus_champanellensis,0.006815968841285297
Bacteria,Firmicutes,Clostridia,Lachnospirales,Lachnospiraceae,Frisingicoccus,None,Bacteria,Firmicutes,Clostridia,Oscillospirales,Ruminococcaceae,Ruminococcus,None,0.005842259006815969
Bacteria,Firmicutes,Clostridia,Lachnospirales,Lachnospiraceae,Frisingicoccus,None,Bacteria,Firmicutes,Clostridia,Oscillospirales,Ruminococcaceae,Subdoligranulum,None,0.005842259006815969
Bacteria,Firmicutes,Clostridia,Lachnospirales,Lachnospiraceae,Frisingicoccus,None,Bacteria,Firmicutes,Clostridia,Oscillospirales,Ruminococcaceae,UBA1819,None,0.005842259006815969
Bacteria,Firmicutes,Clostridia,Lachnospirales,Lachnospiraceae,Frisingicoccus,None,Bacteria,Firmicutes,Clostridia,Oscillospirales,Ruminococcaceae,Eubacterium_siraeum_group,None,0.005842259006815969
Bacteria,Firmicutes,Clostridia,Lachnospirales,Lachnospiraceae,Frisingicoccus,None,Bacteria,Firmicutes,Clostridia,Oscillospirales,Ruminococcaceae,None,None,0.004868549172346641
Bacteria,Firmicutes,Clostridia,Lachnospirales,Lachnospiraceae,Frisingicoccus,None,Bacteria,Firmicutes,Clostridia,Oscillospirales,UCG-010,None,None,0.004868549172346641
Bacteria,Firmicutes,Clostridia,Lachnospirales,Lachnospiraceae,Frisingicoccus,None,Bacteria,Firmicutes,Clostridia,Oscillospirales,UCG-010,metagenome,None,0.005842259006815969
Bacteria,Firmicutes,Clostridia,Lachnospirales,Lachnospiraceae,Frisingicoccus,None,Bacteria,Firmicutes,Clostridia,Oscillospirales,UCG-010,uncultured_bacterium,None,0.005842259006815969
Bacteria,Firmicutes,Clostridia,Lachnospirales,Lachnospiraceae,Frisingicoccus,None,Bacteria,Firmicutes,Clostridia,Oscillospirales,UCG-010,uncultured_organism,None,0.005842259006815969
Bacteria,Firmicutes,Clostridia,Lachnospirales,Lachnospiraceae,Frisingicoccus,None,Bacteria,Firmicutes,Clostridia,Oscillospirales,Clostridium_methylpentosum_group,None,None,0.004868549172346641
Bacteria,Firmicutes,Clostridia,Lachnospirales,Lachnospiraceae,Frisingicoccus,None,Bacteria,Firmicutes,Clostridia,Oscillospirales,Eubacterium_coprostanoligenes_group,None,None,0.004868549172346641
Bacteria,Firmicutes,Clostridia,Lachnospirales,Lachnospiraceae,Frisingicoccus,None,Bacteria,Firmicutes,Clostridia,Oscillospirales,None,None,None,0.0038948393378773127
Bacteria,Firmicutes,Clostridia,Lachnospirales,Lachnospiraceae,Frisingicoccus,None,Bacteria,Firmicutes,Clostridia,Peptococcales,Peptococcaceae,uncultured,None,0.005842259006815969
Bacteria,Firmicutes,Clostridia,Lachnospirales,Lachnospiraceae,Frisingicoccus,None,Bacteria,Firmicutes,Clostridia,Peptostreptococcales-Tissierellales,Anaerovoracaceae,Family_XIII_AD3011_group,metagenome,0.006815968841285297
Bacteria,Firmicutes,Clostridia,Lachnospirales,Lachnospiraceae,Frisingicoccus,None,Bacteria,Firmicutes,Clostridia,Peptostreptococcales-Tissierellales,Anaerovoracaceae,Family_XIII_AD3011_group,None,0.005842259006815969
Bacteria,Firmicutes,Clostridia,Lachnospirales,Lachnospiraceae,Frisingicoccus,None,Bacteria,Firmicutes,Clostridia,Peptostreptococcales-Tissierellales,Anaerovoracaceae,Family_XIII_AD3011_group,uncultured,0.006815968841285297
Bacteria,Firmicutes,Clostridia,Lachnospirales,Lachnospiraceae,Frisingicoccus,None,Bacteria,Firmicutes,Clostridia,Peptostreptococcales-Tissierellales,Anaerovoracaceae,Family_XIII_UCG-001,metagenome,0.006815968841285297
Bacteria,Firmicutes,Clostridia,Lachnospirales,Lachnospiraceae,Frisingicoccus,None,Bacteria,Firmicutes,Clostridia,Peptostreptococcales-Tissierellales,Anaerovoracaceae,Eubacterium_nodatum_group,None,0.005842259006815969
Bacteria,Firmicutes,Clostridia,Lachnospirales,Lachnospiraceae,Frisingicoccus,None,Bacteria,Firmicutes,Clostridia,Peptostreptococcales-Tissierellales,Anaerovoracaceae,None,None,0.004868549172346641
Bacteria,Firmicutes,Clostridia,Lachnospirales,Lachnospiraceae,Frisingicoccus,None,Bacteria,Firmicutes,Clostridia,Peptostreptococcales-Tissierellales,Parvimonas,None,None,0.004868549172346641
Bacteria,Firmicutes,Clostridia,Lachnospirales,Lachnospiraceae,Frisingicoccus,None,Bacteria,Firmicutes,Clostridia,None,None,None,None,0.0029211295034079843
Bacteria,Firmicutes,Clostridia,Lachnospirales,Lachnospiraceae,Frisingicoccus,None,Bacteria,Firmicutes,Incertae_Sedis,DTU014,unidentified,None,None,0.006815968841285297
Bacteria,Firmicutes,Clostridia,Lachnospirales,Lachnospiraceae,Frisingicoccus,None,Bacteria,Firmicutes,Limnochordia,M55-D21,uncultured_compost_bacterium,None,None,0.006815968841285297
Bacteria,Firmicutes,Clostridia,Lachnospirales,Lachnospiraceae,Frisingicoccus,None,Bacteria,Firmicutes,Negativicutes,Acidaminococcales,Acidaminococcaceae,Phascolarctobacterium,None,0.007789678675754625
Bacteria,Firmicutes,Clostridia,Lachnospirales,Lachnospiraceae,Frisingicoccus,None,Bacteria,Firmicutes,None,None,None,None,None,0.0038948393378773127
Bacteria,Firmicutes,Clostridia,Lachnospirales,Lachnospiraceae,Frisingicoccus,None,Bacteria,Firmicutes,uncultured,uncultured_Peptococcaceae_bacterium,None,None,None,0.005842259006815969
Bacteria,Firmicutes,Clostridia,Lachnospirales,Lachnospiraceae,Frisingicoccus,None,Bacteria,Proteobacteria,Alphaproteobacteria,Rhodospirillales,uncultured,None,None,0.008763388510223954
Bacteria,Firmicutes,Clostridia,Lachnospirales,Lachnospiraceae,Frisingicoccus,None,Bacteria,Proteobacteria,Gammaproteobacteria,Burkholderiales,Sutterellaceae,Sutterella,Sutterella_sp._252,0.010710808179162609
Bacteria,Firmicutes,Clostridia,Lachnospirales,Lachnospiraceae,Frisingicoccus,None,Bacteria,Proteobacteria,Gammaproteobacteria,Enterobacterales,Enterobacteriaceae,Escherichia-Shigella,None,0.009737098344693282
Bacteria,Firmicutes,Clostridia,Lachnospirales,Lachnospiraceae,Frisingicoccus,None,Bacteria,Proteobacteria,Gammaproteobacteria,Enterobacterales,Enterobacteriaceae,Klebsiella,None,0.009737098344693282
Bacteria,Firmicutes,Clostridia,Lachnospirales,Lachnospiraceae,Frisingicoccus,None,Bacteria,Proteobacteria,Gammaproteobacteria,Enterobacterales,Enterobacteriaceae,None,None,0.008763388510223954
Bacteria,Firmicutes,Clostridia,Lachnospirales,Lachnospiraceae,Frisingicoccus,None,Bacteria,Proteobacteria,Gammaproteobacteria,Pseudomonadales,Pseudomonadaceae,Pseudomonas,None,0.009737098344693282
Bacteria,Firmicutes,Clostridia,Lachnospirales,Lachnospiraceae,Frisingicoccus,None,Bacteria,Synergistota,Synergistia,Synergistales,Synergistaceae,Cloacibacillus,None,0.009737098344693282
Bacteria,Firmicutes,Clostridia,Lachnospirales,Lachnospiraceae,Frisingicoccus,None,Bacteria,Verrucomicrobiota,Verrucomicrobiae,Verrucomicrobiales,Akkermansiaceae,Akkermansia,None,0.009737098344693282
Bacteria,Firmicutes,Clostridia,Lachnospirales,Lachnospiraceae,Fusicatenibacter,uncultured_Lachnospiraceae_bacterium,Bacteria,Firmicutes,Clostridia,Lachnospirales,Lachnospiraceae,GCA-900066575,None,0.0029211295034079843
Bacteria,Firmicutes,Clostridia,Lachnospirales,Lachnospiraceae,Fusicatenibacter,uncultured_Lachnospiraceae_bacterium,Bacteria,Firmicutes,Clostridia,Lachnospirales,Lachnospiraceae,GCA-900066575,metagenome,0.0038948393378773127
Bacteria,Firmicutes,Clostridia,Lachnospirales,Lachnospiraceae,Fusicatenibacter,uncultured_Lachnospiraceae_bacterium,Bacteria,Firmicutes,Clostridia,Lachnospirales,Lachnospiraceae,GCA-900066755,None,0.0029211295034079843
Bacteria,Firmicutes,Clostridia,Lachnospirales,Lachnospiraceae,Fusicatenibacter,uncultured_Lachnospiraceae_bacterium,Bacteria,Firmicutes,Clostridia,Lachnospirales,Lachnospiraceae,Hungatella,metagenome,0.0038948393378773127
Bacteria,Firmicutes,Clostridia,Lachnospirales,Lachnospiraceae,Fusicatenibacter,uncultured_Lachnospiraceae_bacterium,Bacteria,Firmicutes,Clostridia,Lachnospirales,Lachnospiraceae,Lachnoclostridium,Clostridium_symbiosum,0.0038948393378773127
Bacteria,Firmicutes,Clostridia,Lachnospirales,Lachnospiraceae,Fusicatenibacter,uncultured_Lachnospiraceae_bacterium,Bacteria,Firmicutes,Clostridia,Lachnospirales,Lachnospiraceae,Lachnoclostridium,None,0.0029211295034079843
Bacteria,Firmicutes,Clostridia,Lachnospirales,Lachnospiraceae,Fusicatenibacter,uncultured_Lachnospiraceae_bacterium,Bacteria,Firmicutes,Clostridia,Lachnospirales,Lachnospiraceae,Lachnoclostridium,uncultured_Lachnospiraceae_bacterium,0.0038948393378773127
Bacteria,Firmicutes,Clostridia,Lachnospirales,Lachnospiraceae,Fusicatenibacter,uncultured_Lachnospiraceae_bacterium,Bacteria,Firmicutes,Clostridia,Lachnospirales,Lachnospiraceae,Lachnospiraceae_ND3007_group,metagenome,0.0038948393378773127
Bacteria,Firmicutes,Clostridia,Lachnospirales,Lachnospiraceae,Fusicatenibacter,uncultured_Lachnospiraceae_bacterium,Bacteria,Firmicutes,Clostridia,Lachnospirales,Lachnospiraceae,Lachnospiraceae_NK4A136_group,None,0.0029211295034079843
Bacteria,Firmicutes,Clostridia,Lachnospirales,Lachnospiraceae,Fusicatenibacter,uncultured_Lachnospiraceae_bacterium,Bacteria,Firmicutes,Clostridia,Lachnospirales,Lachnospiraceae,Lachnospiraceae_NK4A136_group,uncultured_Lachnospiraceae_bacterium,0.0038948393378773127
Bacteria,Firmicutes,Clostridia,Lachnospirales,Lachnospiraceae,Fusicatenibacter,uncultured_Lachnospiraceae_bacterium,Bacteria,Firmicutes,Clostridia,Lachnospirales,Lachnospiraceae,Lachnospiraceae_NK4A136_group,uncultured_bacterium_Adhufec49.25,0.0038948393378773127
Bacteria,Firmicutes,Clostridia,Lachnospirales,Lachnospiraceae,Fusicatenibacter,uncultured_Lachnospiraceae_bacterium,Bacteria,Firmicutes,Clostridia,Lachnospirales,Lachnospiraceae,Lachnospiraceae_NK4B4_group,None,0.0029211295034079843
Bacteria,Firmicutes,Clostridia,Lachnospirales,Lachnospiraceae,Fusicatenibacter,uncultured_Lachnospiraceae_bacterium,Bacteria,Firmicutes,Clostridia,Lachnospirales,Lachnospiraceae,Lachnospiraceae_UCG-001,metagenome,0.0038948393378773127
Bacteria,Firmicutes,Clostridia,Lachnospirales,Lachnospiraceae,Fusicatenibacter,uncultured_Lachnospiraceae_bacterium,Bacteria,Firmicutes,Clostridia,Lachnospirales,Lachnospiraceae,Lachnospiraceae_UCG-004,None,0.0029211295034079843
Bacteria,Firmicutes,Clostridia,Lachnospirales,Lachnospiraceae,Fusicatenibacter,uncultured_Lachnospiraceae_bacterium,Bacteria,Firmicutes,Clostridia,Lachnospirales,Lachnospiraceae,Lachnospiraceae_UCG-008,metagenome,0.0038948393378773127
Bacteria,Firmicutes,Clostridia,Lachnospirales,Lachnospiraceae,Fusicatenibacter,uncultured_Lachnospiraceae_bacterium,Bacteria,Firmicutes,Clostridia,Lachnospirales,Lachnospiraceae,Lachnospiraceae_UCG-010,None,0.0029211295034079843
Bacteria,Firmicutes,Clostridia,Lachnospirales,Lachnospiraceae,Fusicatenibacter,uncultured_Lachnospiraceae_bacterium,Bacteria,Firmicutes,Clostridia,Lachnospirales,Lachnospiraceae,Marvinbryantia,None,0.0029211295034079843
Bacteria,Firmicutes,Clostridia,Lachnospirales,Lachnospiraceae,Fusicatenibacter,uncultured_Lachnospiraceae_bacterium,Bacteria,Firmicutes,Clostridia,Lachnospirales,Lachnospiraceae,Marvinbryantia,unidentified,0.0038948393378773127
Bacteria,Firmicutes,Clostridia,Lachnospirales,Lachnospiraceae,Fusicatenibacter,uncultured_Lachnospiraceae_bacterium,Bacteria,Firmicutes,Clostridia,Lachnospirales,Lachnospiraceae,Roseburia,None,0.0029211295034079843
Bacteria,Firmicutes,Clostridia,Lachnospirales,Lachnospiraceae,Fusicatenibacter,uncultured_Lachnospiraceae_bacterium,Bacteria,Firmicutes,Clostridia,Lachnospirales,Lachnospiraceae,Roseburia,gut_metagenome,0.0038948393378773127
Bacteria,Firmicutes,Clostridia,Lachnospirales,Lachnospiraceae,Fusicatenibacter,uncultured_Lachnospiraceae_bacterium,Bacteria,Firmicutes,Clostridia,Lachnospirales,Lachnospiraceae,Tuzzerella,None,0.0029211295034079843
Bacteria,Firmicutes,Clostridia,Lachnospirales,Lachnospiraceae,Fusicatenibacter,uncultured_Lachnospiraceae_bacterium,Bacteria,Firmicutes,Clostridia,Lachnospirales,Lachnospiraceae,Tyzzerella,None,0.0029211295034079843
Bacteria,Firmicutes,Clostridia,Lachnospirales,Lachnospiraceae,Fusicatenibacter,uncultured_Lachnospiraceae_bacterium,Bacteria,Firmicutes,Clostridia,Lachnospirales,Lachnospiraceae,Eubacterium_hallii_group,None,0.0029211295034079843
Bacteria,Firmicutes,Clostridia,Lachnospirales,Lachnospiraceae,Fusicatenibacter,uncultured_Lachnospiraceae_bacterium,Bacteria,Firmicutes,Clostridia,Lachnospirales,Lachnospiraceae,Eubacterium_ventriosum_group,metagenome,0.0038948393378773127
Bacteria,Firmicutes,Clostridia,Lachnospirales,Lachnospiraceae,Fusicatenibacter,uncultured_Lachnospiraceae_bacterium,Bacteria,Firmicutes,Clostridia,Lachnospirales,Lachnospiraceae,Ruminococcus_gauvreauii_group,uncultured_Lachnospiraceae_bacterium,0.0038948393378773127
Bacteria,Firmicutes,Clostridia,Lachnospirales,Lachnospiraceae,Fusicatenibacter,uncultured_Lachnospiraceae_bacterium,Bacteria,Firmicutes,Clostridia,Lachnospirales,Lachnospiraceae,Ruminococcus_gnavus_group,None,0.0029211295034079843
Bacteria,Firmicutes,Clostridia,Lachnospirales,Lachnospiraceae,Fusicatenibacter,uncultured_Lachnospiraceae_bacterium,Bacteria,Firmicutes,Clostridia,Lachnospirales,Lachnospiraceae,Ruminococcus_torques_group,Clostridiaceae_bacterium_LEMV78,0.0038948393378773127
Bacteria,Firmicutes,Clostridia,Lachnospirales,Lachnospiraceae,Fusicatenibacter,uncultured_Lachnospiraceae_bacterium,Bacteria,Firmicutes,Clostridia,Lachnospirales,Lachnospiraceae,Ruminococcus_torques_group,None,0.0029211295034079843
Bacteria,Firmicutes,Clostridia,Lachnospirales,Lachnospiraceae,Fusicatenibacter,uncultured_Lachnospiraceae_bacterium,Bacteria,Firmicutes,Clostridia,Lachnospirales,Lachnospiraceae,None,None,0.0029211295034079843
Bacteria,Firmicutes,Clostridia,Lachnospirales,Lachnospiraceae,Fusicatenibacter,uncultured_Lachnospiraceae_bacterium,Bacteria,Firmicutes,Clostridia,Lachnospirales,Lachnospiraceae,uncultured,None,0.0029211295034079843
Bacteria,Firmicutes,Clostridia,Lachnospirales,Lachnospiraceae,Fusicatenibacter,uncultured_Lachnospiraceae_bacterium,Bacteria,Firmicutes,Clostridia,Monoglobales,Monoglobaceae,Monoglobus,None,0.006815968841285297
Bacteria,Firmicutes,Clostridia,Lachnospirales,Lachnospiraceae,Fusicatenibacter,uncultured_Lachnospiraceae_bacterium,Bacteria,Firmicutes,Clostridia,Oscillospirales,Butyricicoccaceae,Butyricicoccus,None,0.006815968841285297
Bacteria,Firmicutes,Clostridia,Lachnospirales,Lachnospiraceae,Fusicatenibacter,uncultured_Lachnospiraceae_bacterium,Bacteria,Firmicutes,Clostridia,Oscillospirales,Hydrogenoanaerobacterium,None,None,0.005842259006815969
Bacteria,Firmicutes,Clostridia,Lachnospirales,Lachnospiraceae,Fusicatenibacter,uncultured_Lachnospiraceae_bacterium,Bacteria,Firmicutes,Clostridia,Oscillospirales,Oscillospiraceae,Colidextribacter,None,0.006815968841285297
Bacteria,Firmicutes,Clostridia,Lachnospirales,Lachnospiraceae,Fusicatenibacter,uncultured_Lachnospiraceae_bacterium,Bacteria,Firmicutes,Clostridia,Oscillospirales,Oscillospiraceae,Colidextribacter,metagenome,0.007789678675754625
Bacteria,Firmicutes,Clostridia,Lachnospirales,Lachnospiraceae,Fusicatenibacter,uncultured_Lachnospiraceae_bacterium,Bacteria,Firmicutes,Clostridia,Oscillospirales,Oscillospiraceae,Flavonifractor,None,0.006815968841285297
Bacteria,Firmicutes,Clostridia,Lachnospirales,Lachnospiraceae,Fusicatenibacter,uncultured_Lachnospiraceae_bacterium,Bacteria,Firmicutes,Clostridia,Oscillospirales,Oscillospiraceae,Intestinimonas,None,0.006815968841285297
Bacteria,Firmicutes,Clostridia,Lachnospirales,Lachnospiraceae,Fusicatenibacter,uncultured_Lachnospiraceae_bacterium,Bacteria,Firmicutes,Clostridia,Oscillospirales,Oscillospiraceae,Intestinimonas,uncultured,0.007789678675754625
Bacteria,Firmicutes,Clostridia,Lachnospirales,Lachnospiraceae,Fusicatenibacter,uncultured_Lachnospiraceae_bacterium,Bacteria,Firmicutes,Clostridia,Oscillospirales,Oscillospiraceae,NK4A214_group,None,0.006815968841285297
Bacteria,Firmicutes,Clostridia,Lachnospirales,Lachnospiraceae,Fusicatenibacter,uncultured_Lachnospiraceae_bacterium,Bacteria,Firmicutes,Clostridia,Oscillospirales,Oscillospiraceae,Oscillibacter,None,0.006815968841285297
Bacteria,Firmicutes,Clostridia,Lachnospirales,Lachnospiraceae,Fusicatenibacter,uncultured_Lachnospiraceae_bacterium,Bacteria,Firmicutes,Clostridia,Oscillospirales,Oscillospiraceae,Oscillibacter,metagenome,0.007789678675754625
Bacteria,Firmicutes,Clostridia,Lachnospirales,Lachnospiraceae,Fusicatenibacter,uncultured_Lachnospiraceae_bacterium,Bacteria,Firmicutes,Clostridia,Oscillospirales,Oscillospiraceae,Oscillospira,None,0.006815968841285297
Bacteria,Firmicutes,Clostridia,Lachnospirales,Lachnospiraceae,Fusicatenibacter,uncultured_Lachnospiraceae_bacterium,Bacteria,Firmicutes,Clostridia,Oscillospirales,Oscillospiraceae,UCG-002,None,0.006815968841285297
Bacteria,Firmicutes,Clostridia,Lachnospirales,Lachnospiraceae,Fusicatenibacter,uncultured_Lachnospiraceae_bacterium,Bacteria,Firmicutes,Clostridia,Oscillospirales,Oscillospiraceae,UCG-003,None,0.006815968841285297
Bacteria,Firmicutes,Clostridia,Lachnospirales,Lachnospiraceae,Fusicatenibacter,uncultured_Lachnospiraceae_bacterium,Bacteria,Firmicutes,Clostridia,Oscillospirales,Oscillospiraceae,UCG-005,None,0.006815968841285297
Bacteria,Firmicutes,Clostridia,Lachnospirales,Lachnospiraceae,Fusicatenibacter,uncultured_Lachnospiraceae_bacterium,Bacteria,Firmicutes,Clostridia,Oscillospirales,Oscillospiraceae,UCG-005,metagenome,0.007789678675754625
Bacteria,Firmicutes,Clostridia,Lachnospirales,Lachnospiraceae,Fusicatenibacter,uncultured_Lachnospiraceae_bacterium,Bacteria,Firmicutes,Clostridia,Oscillospirales,Oscillospiraceae,UCG-005,uncultured_Clostridiales_bacterium,0.007789678675754625
Bacteria,Firmicutes,Clostridia,Lachnospirales,Lachnospiraceae,Fusicatenibacter,uncultured_Lachnospiraceae_bacterium,Bacteria,Firmicutes,Clostridia,Oscillospirales,Oscillospiraceae,UCG-005,uncultured_rumen_bacterium,0.007789678675754625
Bacteria,Firmicutes,Clostridia,Lachnospirales,Lachnospiraceae,Fusicatenibacter,uncultured_Lachnospiraceae_bacterium,Bacteria,Firmicutes,Clostridia,Oscillospirales,Oscillospiraceae,None,None,0.005842259006815969
Bacteria,Firmicutes,Clostridia,Lachnospirales,Lachnospiraceae,Fusicatenibacter,uncultured_Lachnospiraceae_bacterium,Bacteria,Firmicutes,Clostridia,Oscillospirales,Oscillospiraceae,uncultured,metagenome,0.007789678675754625
Bacteria,Firmicutes,Clostridia,Lachnospirales,Lachnospiraceae,Fusicatenibacter,uncultured_Lachnospiraceae_bacterium,Bacteria,Firmicutes,Clostridia,Oscillospirales,Oscillospiraceae,uncultured,unidentified,0.007789678675754625
Bacteria,Firmicutes,Clostridia,Lachnospirales,Lachnospiraceae,Fusicatenibacter,uncultured_Lachnospiraceae_bacterium,Bacteria,Firmicutes,Clostridia,Oscillospirales,Ruminococcaceae,Anaerofilum,uncultured_Firmicutes_bacterium,0.007789678675754625
Bacteria,Firmicutes,Clostridia,Lachnospirales,Lachnospiraceae,Fusicatenibacter,uncultured_Lachnospiraceae_bacterium,Bacteria,Firmicutes,Clostridia,Oscillospirales,Ruminococcaceae,Anaerotruncus,Anaerotruncus_rubiinfantis,0.007789678675754625
Bacteria,Firmicutes,Clostridia,Lachnospirales,Lachnospiraceae,Fusicatenibacter,uncultured_Lachnospiraceae_bacterium,Bacteria,Firmicutes,Clostridia,Oscillospirales,Ruminococcaceae,Anaerotruncus,Anaerotruncus_sp._NML_070203,0.007789678675754625
Bacteria,Firmicutes,Clostridia,Lachnospirales,Lachnospiraceae,Fusicatenibacter,uncultured_Lachnospiraceae_bacterium,Bacteria,Firmicutes,Clostridia,Oscillospirales,Ruminococcaceae,Candidatus_Soleaferrea,Neobitarella_massiliensis,0.007789678675754625
Bacteria,Firmicutes,Clostridia,Lachnospirales,Lachnospiraceae,Fusicatenibacter,uncultured_Lachnospiraceae_bacterium,Bacteria,Firmicutes,Clostridia,Oscillospirales,Ruminococcaceae,Candidatus_Soleaferrea,None,0.006815968841285297
Bacteria,Firmicutes,Clostridia,Lachnospirales,Lachnospiraceae,Fusicatenibacter,uncultured_Lachnospiraceae_bacterium,Bacteria,Firmicutes,Clostridia,Oscillospirales,Ruminococcaceae,DTU089,None,0.006815968841285297
Bacteria,Firmicutes,Clostridia,Lachnospirales,Lachnospiraceae,Fusicatenibacter,uncultured_Lachnospiraceae_bacterium,Bacteria,Firmicutes,Clostridia,Oscillospirales,Ruminococcaceae,Faecalibacterium,None,0.006815968841285297
Bacteria,Firmicutes,Clostridia,Lachnospirales,Lachnospiraceae,Fusicatenibacter,uncultured_Lachnospiraceae_bacterium,Bacteria,Firmicutes,Clostridia,Oscillospirales,Ruminococcaceae,Fournierella,uncultured_organism,0.007789678675754625
Bacteria,Firmicutes,Clostridia,Lachnospirales,Lachnospiraceae,Fusicatenibacter,uncultured_Lachnospiraceae_bacterium,Bacteria,Firmicutes,Clostridia,Oscillospirales,Ruminococcaceae,Incertae_Sedis,metagenome,0.007789678675754625
Bacteria,Firmicutes,Clostridia,Lachnospirales,Lachnospiraceae,Fusicatenibacter,uncultured_Lachnospiraceae_bacterium,Bacteria,Firmicutes,Clostridia,Oscillospirales,Ruminococcaceae,Incertae_Sedis,None,0.006815968841285297
Bacteria,Firmicutes,Clostridia,Lachnospirales,Lachnospiraceae,Fusicatenibacter,uncultured_Lachnospiraceae_bacterium,Bacteria,Firmicutes,Clostridia,Oscillospirales,Ruminococcaceae,Negativibacillus,None,0.006815968841285297
Bacteria,Firmicutes,Clostridia,Lachnospirales,Lachnospiraceae,Fusicatenibacter,uncultured_Lachnospiraceae_bacterium,Bacteria,Firmicutes,Clostridia,Oscillospirales,Ruminococcaceae,Ruminococcus,Ruminococcus_champanellensis,0.007789678675754625
Bacteria,Firmicutes,Clostridia,Lachnospirales,Lachnospiraceae,Fusicatenibacter,uncultured_Lachnospiraceae_bacterium,Bacteria,Firmicutes,Clostridia,Oscillospirales,Ruminococcaceae,Ruminococcus,None,0.006815968841285297
Bacteria,Firmicutes,Clostridia,Lachnospirales,Lachnospiraceae,Fusicatenibacter,uncultured_Lachnospiraceae_bacterium,Bacteria,Firmicutes,Clostridia,Oscillospirales,Ruminococcaceae,Subdoligranulum,None,0.006815968841285297
Bacteria,Firmicutes,Clostridia,Lachnospirales,Lachnospiraceae,Fusicatenibacter,uncultured_Lachnospiraceae_bacterium,Bacteria,Firmicutes,Clostridia,Oscillospirales,Ruminococcaceae,UBA1819,None,0.006815968841285297
Bacteria,Firmicutes,Clostridia,Lachnospirales,Lachnospiraceae,Fusicatenibacter,uncultured_Lachnospiraceae_bacterium,Bacteria,Firmicutes,Clostridia,Oscillospirales,Ruminococcaceae,Eubacterium_siraeum_group,None,0.006815968841285297
Bacteria,Firmicutes,Clostridia,Lachnospirales,Lachnospiraceae,Fusicatenibacter,uncultured_Lachnospiraceae_bacterium,Bacteria,Firmicutes,Clostridia,Oscillospirales,Ruminococcaceae,None,None,0.005842259006815969
Bacteria,Firmicutes,Clostridia,Lachnospirales,Lachnospiraceae,Fusicatenibacter,uncultured_Lachnospiraceae_bacterium,Bacteria,Firmicutes,Clostridia,Oscillospirales,UCG-010,None,None,0.005842259006815969
Bacteria,Firmicutes,Clostridia,Lachnospirales,Lachnospiraceae,Fusicatenibacter,uncultured_Lachnospiraceae_bacterium,Bacteria,Firmicutes,Clostridia,Oscillospirales,UCG-010,metagenome,None,0.006815968841285297
Bacteria,Firmicutes,Clostridia,Lachnospirales,Lachnospiraceae,Fusicatenibacter,uncultured_Lachnospiraceae_bacterium,Bacteria,Firmicutes,Clostridia,Oscillospirales,UCG-010,uncultured_bacterium,None,0.006815968841285297
Bacteria,Firmicutes,Clostridia,Lachnospirales,Lachnospiraceae,Fusicatenibacter,uncultured_Lachnospiraceae_bacterium,Bacteria,Firmicutes,Clostridia,Oscillospirales,UCG-010,uncultured_organism,None,0.006815968841285297
Bacteria,Firmicutes,Clostridia,Lachnospirales,Lachnospiraceae,Fusicatenibacter,uncultured_Lachnospiraceae_bacterium,Bacteria,Firmicutes,Clostridia,Oscillospirales,Clostridium_methylpentosum_group,None,None,0.005842259006815969
Bacteria,Firmicutes,Clostridia,Lachnospirales,Lachnospiraceae,Fusicatenibacter,uncultured_Lachnospiraceae_bacterium,Bacteria,Firmicutes,Clostridia,Oscillospirales,Eubacterium_coprostanoligenes_group,None,None,0.005842259006815969
Bacteria,Firmicutes,Clostridia,Lachnospirales,Lachnospiraceae,Fusicatenibacter,uncultured_Lachnospiraceae_bacterium,Bacteria,Firmicutes,Clostridia,Oscillospirales,None,None,None,0.004868549172346641
Bacteria,Firmicutes,Clostridia,Lachnospirales,Lachnospiraceae,Fusicatenibacter,uncultured_Lachnospiraceae_bacterium,Bacteria,Firmicutes,Clostridia,Peptococcales,Peptococcaceae,uncultured,None,0.006815968841285297
Bacteria,Firmicutes,Clostridia,Lachnospirales,Lachnospiraceae,Fusicatenibacter,uncultured_Lachnospiraceae_bacterium,Bacteria,Firmicutes,Clostridia,Peptostreptococcales-Tissierellales,Anaerovoracaceae,Family_XIII_AD3011_group,metagenome,0.007789678675754625
Bacteria,Firmicutes,Clostridia,Lachnospirales,Lachnospiraceae,Fusicatenibacter,uncultured_Lachnospiraceae_bacterium,Bacteria,Firmicutes,Clostridia,Peptostreptococcales-Tissierellales,Anaerovoracaceae,Family_XIII_AD3011_group,None,0.006815968841285297
Bacteria,Firmicutes,Clostridia,Lachnospirales,Lachnospiraceae,Fusicatenibacter,uncultured_Lachnospiraceae_bacterium,Bacteria,Firmicutes,Clostridia,Peptostreptococcales-Tissierellales,Anaerovoracaceae,Family_XIII_AD3011_group,uncultured,0.007789678675754625
Bacteria,Firmicutes,Clostridia,Lachnospirales,Lachnospiraceae,Fusicatenibacter,uncultured_Lachnospiraceae_bacterium,Bacteria,Firmicutes,Clostridia,Peptostreptococcales-Tissierellales,Anaerovoracaceae,Family_XIII_UCG-001,metagenome,0.007789678675754625
Bacteria,Firmicutes,Clostridia,Lachnospirales,Lachnospiraceae,Fusicatenibacter,uncultured_Lachnospiraceae_bacterium,Bacteria,Firmicutes,Clostridia,Peptostreptococcales-Tissierellales,Anaerovoracaceae,Eubacterium_nodatum_group,None,0.006815968841285297
Bacteria,Firmicutes,Clostridia,Lachnospirales,Lachnospiraceae,Fusicatenibacter,uncultured_Lachnospiraceae_bacterium,Bacteria,Firmicutes,Clostridia,Peptostreptococcales-Tissierellales,Anaerovoracaceae,None,None,0.005842259006815969
Bacteria,Firmicutes,Clostridia,Lachnospirales,Lachnospiraceae,Fusicatenibacter,uncultured_Lachnospiraceae_bacterium,Bacteria,Firmicutes,Clostridia,Peptostreptococcales-Tissierellales,Parvimonas,None,None,0.005842259006815969
Bacteria,Firmicutes,Clostridia,Lachnospirales,Lachnospiraceae,Fusicatenibacter,uncultured_Lachnospiraceae_bacterium,Bacteria,Firmicutes,Clostridia,None,None,None,None,0.0038948393378773127
Bacteria,Firmicutes,Clostridia,Lachnospirales,Lachnospiraceae,Fusicatenibacter,uncultured_Lachnospiraceae_bacterium,Bacteria,Firmicutes,Incertae_Sedis,DTU014,unidentified,None,None,0.007789678675754625
Bacteria,Firmicutes,Clostridia,Lachnospirales,Lachnospiraceae,Fusicatenibacter,uncultured_Lachnospiraceae_bacterium,Bacteria,Firmicutes,Limnochordia,M55-D21,uncultured_compost_bacterium,None,None,0.007789678675754625
Bacteria,Firmicutes,Clostridia,Lachnospirales,Lachnospiraceae,Fusicatenibacter,uncultured_Lachnospiraceae_bacterium,Bacteria,Firmicutes,Negativicutes,Acidaminococcales,Acidaminococcaceae,Phascolarctobacterium,None,0.008763388510223954
Bacteria,Firmicutes,Clostridia,Lachnospirales,Lachnospiraceae,Fusicatenibacter,uncultured_Lachnospiraceae_bacterium,Bacteria,Firmicutes,None,None,None,None,None,0.004868549172346641
Bacteria,Firmicutes,Clostridia,Lachnospirales,Lachnospiraceae,Fusicatenibacter,uncultured_Lachnospiraceae_bacterium,Bacteria,Firmicutes,uncultured,uncultured_Peptococcaceae_bacterium,None,None,None,0.006815968841285297
Bacteria,Firmicutes,Clostridia,Lachnospirales,Lachnospiraceae,Fusicatenibacter,uncultured_Lachnospiraceae_bacterium,Bacteria,Proteobacteria,Alphaproteobacteria,Rhodospirillales,uncultured,None,None,0.009737098344693282
Bacteria,Firmicutes,Clostridia,Lachnospirales,Lachnospiraceae,Fusicatenibacter,uncultured_Lachnospiraceae_bacterium,Bacteria,Proteobacteria,Gammaproteobacteria,Burkholderiales,Sutterellaceae,Sutterella,Sutterella_sp._252,0.011684518013631937
Bacteria,Firmicutes,Clostridia,Lachnospirales,Lachnospiraceae,Fusicatenibacter,uncultured_Lachnospiraceae_bacterium,Bacteria,Proteobacteria,Gammaproteobacteria,Enterobacterales,Enterobacteriaceae,Escherichia-Shigella,None,0.010710808179162609
Bacteria,Firmicutes,Clostridia,Lachnospirales,Lachnospiraceae,Fusicatenibacter,uncultured_Lachnospiraceae_bacterium,Bacteria,Proteobacteria,Gammaproteobacteria,Enterobacterales,Enterobacteriaceae,Klebsiella,None,0.010710808179162609
Bacteria,Firmicutes,Clostridia,Lachnospirales,Lachnospiraceae,Fusicatenibacter,uncultured_Lachnospiraceae_bacterium,Bacteria,Proteobacteria,Gammaproteobacteria,Enterobacterales,Enterobacteriaceae,None,None,0.009737098344693282
Bacteria,Firmicutes,Clostridia,Lachnospirales,Lachnospiraceae,Fusicatenibacter,uncultured_Lachnospiraceae_bacterium,Bacteria,Proteobacteria,Gammaproteobacteria,Pseudomonadales,Pseudomonadaceae,Pseudomonas,None,0.010710808179162609
Bacteria,Firmicutes,Clostridia,Lachnospirales,Lachnospiraceae,Fusicatenibacter,uncultured_Lachnospiraceae_bacterium,Bacteria,Synergistota,Synergistia,Synergistales,Synergistaceae,Cloacibacillus,None,0.010710808179162609
Bacteria,Firmicutes,Clostridia,Lachnospirales,Lachnospiraceae,Fusicatenibacter,uncultured_Lachnospiraceae_bacterium,Bacteria,Verrucomicrobiota,Verrucomicrobiae,Verrucomicrobiales,Akkermansiaceae,Akkermansia,None,0.010710808179162609
Bacteria,Firmicutes,Clostridia,Lachnospirales,Lachnospiraceae,GCA-900066575,None,Bacteria,Firmicutes,Clostridia,Lachnospirales,Lachnospiraceae,GCA-900066575,metagenome,0.0009737098344693282
Bacteria,Firmicutes,Clostridia,Lachnospirales,Lachnospiraceae,GCA-900066575,None,Bacteria,Firmicutes,Clostridia,Lachnospirales,Lachnospiraceae,GCA-900066755,None,0.0019474196689386564
Bacteria,Firmicutes,Clostridia,Lachnospirales,Lachnospiraceae,GCA-900066575,None,Bacteria,Firmicutes,Clostridia,Lachnospirales,Lachnospiraceae,Hungatella,metagenome,0.0029211295034079843
Bacteria,Firmicutes,Clostridia,Lachnospirales,Lachnospiraceae,GCA-900066575,None,Bacteria,Firmicutes,Clostridia,Lachnospirales,Lachnospiraceae,Lachnoclostridium,Clostridium_symbiosum,0.0029211295034079843
Bacteria,Firmicutes,Clostridia,Lachnospirales,Lachnospiraceae,GCA-900066575,None,Bacteria,Firmicutes,Clostridia,Lachnospirales,Lachnospiraceae,Lachnoclostridium,None,0.0019474196689386564
Bacteria,Firmicutes,Clostridia,Lachnospirales,Lachnospiraceae,GCA-900066575,None,Bacteria,Firmicutes,Clostridia,Lachnospirales,Lachnospiraceae,Lachnoclostridium,uncultured_Lachnospiraceae_bacterium,0.0029211295034079843
Bacteria,Firmicutes,Clostridia,Lachnospirales,Lachnospiraceae,GCA-900066575,None,Bacteria,Firmicutes,Clostridia,Lachnospirales,Lachnospiraceae,Lachnospiraceae_ND3007_group,metagenome,0.0029211295034079843
Bacteria,Firmicutes,Clostridia,Lachnospirales,Lachnospiraceae,GCA-900066575,None,Bacteria,Firmicutes,Clostridia,Lachnospirales,Lachnospiraceae,Lachnospiraceae_NK4A136_group,None,0.0019474196689386564
Bacteria,Firmicutes,Clostridia,Lachnospirales,Lachnospiraceae,GCA-900066575,None,Bacteria,Firmicutes,Clostridia,Lachnospirales,Lachnospiraceae,Lachnospiraceae_NK4A136_group,uncultured_Lachnospiraceae_bacterium,0.0029211295034079843
Bacteria,Firmicutes,Clostridia,Lachnospirales,Lachnospiraceae,GCA-900066575,None,Bacteria,Firmicutes,Clostridia,Lachnospirales,Lachnospiraceae,Lachnospiraceae_NK4A136_group,uncultured_bacterium_Adhufec49.25,0.0029211295034079843
Bacteria,Firmicutes,Clostridia,Lachnospirales,Lachnospiraceae,GCA-900066575,None,Bacteria,Firmicutes,Clostridia,Lachnospirales,Lachnospiraceae,Lachnospiraceae_NK4B4_group,None,0.0019474196689386564
Bacteria,Firmicutes,Clostridia,Lachnospirales,Lachnospiraceae,GCA-900066575,None,Bacteria,Firmicutes,Clostridia,Lachnospirales,Lachnospiraceae,Lachnospiraceae_UCG-001,metagenome,0.0029211295034079843
Bacteria,Firmicutes,Clostridia,Lachnospirales,Lachnospiraceae,GCA-900066575,None,Bacteria,Firmicutes,Clostridia,Lachnospirales,Lachnospiraceae,Lachnospiraceae_UCG-004,None,0.0019474196689386564
Bacteria,Firmicutes,Clostridia,Lachnospirales,Lachnospiraceae,GCA-900066575,None,Bacteria,Firmicutes,Clostridia,Lachnospirales,Lachnospiraceae,Lachnospiraceae_UCG-008,metagenome,0.0029211295034079843
Bacteria,Firmicutes,Clostridia,Lachnospirales,Lachnospiraceae,GCA-900066575,None,Bacteria,Firmicutes,Clostridia,Lachnospirales,Lachnospiraceae,Lachnospiraceae_UCG-010,None,0.0019474196689386564
Bacteria,Firmicutes,Clostridia,Lachnospirales,Lachnospiraceae,GCA-900066575,None,Bacteria,Firmicutes,Clostridia,Lachnospirales,Lachnospiraceae,Marvinbryantia,None,0.0019474196689386564
Bacteria,Firmicutes,Clostridia,Lachnospirales,Lachnospiraceae,GCA-900066575,None,Bacteria,Firmicutes,Clostridia,Lachnospirales,Lachnospiraceae,Marvinbryantia,unidentified,0.0029211295034079843
Bacteria,Firmicutes,Clostridia,Lachnospirales,Lachnospiraceae,GCA-900066575,None,Bacteria,Firmicutes,Clostridia,Lachnospirales,Lachnospiraceae,Roseburia,None,0.0019474196689386564
Bacteria,Firmicutes,Clostridia,Lachnospirales,Lachnospiraceae,GCA-900066575,None,Bacteria,Firmicutes,Clostridia,Lachnospirales,Lachnospiraceae,Roseburia,gut_metagenome,0.0029211295034079843
Bacteria,Firmicutes,Clostridia,Lachnospirales,Lachnospiraceae,GCA-900066575,None,Bacteria,Firmicutes,Clostridia,Lachnospirales,Lachnospiraceae,Tuzzerella,None,0.0019474196689386564
Bacteria,Firmicutes,Clostridia,Lachnospirales,Lachnospiraceae,GCA-900066575,None,Bacteria,Firmicutes,Clostridia,Lachnospirales,Lachnospiraceae,Tyzzerella,None,0.0019474196689386564
Bacteria,Firmicutes,Clostridia,Lachnospirales,Lachnospiraceae,GCA-900066575,None,Bacteria,Firmicutes,Clostridia,Lachnospirales,Lachnospiraceae,Eubacterium_hallii_group,None,0.0019474196689386564
Bacteria,Firmicutes,Clostridia,Lachnospirales,Lachnospiraceae,GCA-900066575,None,Bacteria,Firmicutes,Clostridia,Lachnospirales,Lachnospiraceae,Eubacterium_ventriosum_group,metagenome,0.0029211295034079843
Bacteria,Firmicutes,Clostridia,Lachnospirales,Lachnospiraceae,GCA-900066575,None,Bacteria,Firmicutes,Clostridia,Lachnospirales,Lachnospiraceae,Ruminococcus_gauvreauii_group,uncultured_Lachnospiraceae_bacterium,0.0029211295034079843
Bacteria,Firmicutes,Clostridia,Lachnospirales,Lachnospiraceae,GCA-900066575,None,Bacteria,Firmicutes,Clostridia,Lachnospirales,Lachnospiraceae,Ruminococcus_gnavus_group,None,0.0019474196689386564
Bacteria,Firmicutes,Clostridia,Lachnospirales,Lachnospiraceae,GCA-900066575,None,Bacteria,Firmicutes,Clostridia,Lachnospirales,Lachnospiraceae,Ruminococcus_torques_group,Clostridiaceae_bacterium_LEMV78,0.0029211295034079843
Bacteria,Firmicutes,Clostridia,Lachnospirales,Lachnospiraceae,GCA-900066575,None,Bacteria,Firmicutes,Clostridia,Lachnospirales,Lachnospiraceae,Ruminococcus_torques_group,None,0.0019474196689386564
Bacteria,Firmicutes,Clostridia,Lachnospirales,Lachnospiraceae,GCA-900066575,None,Bacteria,Firmicutes,Clostridia,Lachnospirales,Lachnospiraceae,None,None,0.0019474196689386564
Bacteria,Firmicutes,Clostridia,Lachnospirales,Lachnospiraceae,GCA-900066575,None,Bacteria,Firmicutes,Clostridia,Lachnospirales,Lachnospiraceae,uncultured,None,0.0019474196689386564
Bacteria,Firmicutes,Clostridia,Lachnospirales,Lachnospiraceae,GCA-900066575,None,Bacteria,Firmicutes,Clostridia,Monoglobales,Monoglobaceae,Monoglobus,None,0.005842259006815969
Bacteria,Firmicutes,Clostridia,Lachnospirales,Lachnospiraceae,GCA-900066575,None,Bacteria,Firmicutes,Clostridia,Oscillospirales,Butyricicoccaceae,Butyricicoccus,None,0.005842259006815969
Bacteria,Firmicutes,Clostridia,Lachnospirales,Lachnospiraceae,GCA-900066575,None,Bacteria,Firmicutes,Clostridia,Oscillospirales,Hydrogenoanaerobacterium,None,None,0.004868549172346641
Bacteria,Firmicutes,Clostridia,Lachnospirales,Lachnospiraceae,GCA-900066575,None,Bacteria,Firmicutes,Clostridia,Oscillospirales,Oscillospiraceae,Colidextribacter,None,0.005842259006815969
Bacteria,Firmicutes,Clostridia,Lachnospirales,Lachnospiraceae,GCA-900066575,None,Bacteria,Firmicutes,Clostridia,Oscillospirales,Oscillospiraceae,Colidextribacter,metagenome,0.006815968841285297
Bacteria,Firmicutes,Clostridia,Lachnospirales,Lachnospiraceae,GCA-900066575,None,Bacteria,Firmicutes,Clostridia,Oscillospirales,Oscillospiraceae,Flavonifractor,None,0.005842259006815969
Bacteria,Firmicutes,Clostridia,Lachnospirales,Lachnospiraceae,GCA-900066575,None,Bacteria,Firmicutes,Clostridia,Oscillospirales,Oscillospiraceae,Intestinimonas,None,0.005842259006815969
Bacteria,Firmicutes,Clostridia,Lachnospirales,Lachnospiraceae,GCA-900066575,None,Bacteria,Firmicutes,Clostridia,Oscillospirales,Oscillospiraceae,Intestinimonas,uncultured,0.006815968841285297
Bacteria,Firmicutes,Clostridia,Lachnospirales,Lachnospiraceae,GCA-900066575,None,Bacteria,Firmicutes,Clostridia,Oscillospirales,Oscillospiraceae,NK4A214_group,None,0.005842259006815969
Bacteria,Firmicutes,Clostridia,Lachnospirales,Lachnospiraceae,GCA-900066575,None,Bacteria,Firmicutes,Clostridia,Oscillospirales,Oscillospiraceae,Oscillibacter,None,0.005842259006815969
Bacteria,Firmicutes,Clostridia,Lachnospirales,Lachnospiraceae,GCA-900066575,None,Bacteria,Firmicutes,Clostridia,Oscillospirales,Oscillospiraceae,Oscillibacter,metagenome,0.006815968841285297
Bacteria,Firmicutes,Clostridia,Lachnospirales,Lachnospiraceae,GCA-900066575,None,Bacteria,Firmicutes,Clostridia,Oscillospirales,Oscillospiraceae,Oscillospira,None,0.005842259006815969
Bacteria,Firmicutes,Clostridia,Lachnospirales,Lachnospiraceae,GCA-900066575,None,Bacteria,Firmicutes,Clostridia,Oscillospirales,Oscillospiraceae,UCG-002,None,0.005842259006815969
Bacteria,Firmicutes,Clostridia,Lachnospirales,Lachnospiraceae,GCA-900066575,None,Bacteria,Firmicutes,Clostridia,Oscillospirales,Oscillospiraceae,UCG-003,None,0.005842259006815969
Bacteria,Firmicutes,Clostridia,Lachnospirales,Lachnospiraceae,GCA-900066575,None,Bacteria,Firmicutes,Clostridia,Oscillospirales,Oscillospiraceae,UCG-005,None,0.005842259006815969
Bacteria,Firmicutes,Clostridia,Lachnospirales,Lachnospiraceae,GCA-900066575,None,Bacteria,Firmicutes,Clostridia,Oscillospirales,Oscillospiraceae,UCG-005,metagenome,0.006815968841285297
Bacteria,Firmicutes,Clostridia,Lachnospirales,Lachnospiraceae,GCA-900066575,None,Bacteria,Firmicutes,Clostridia,Oscillospirales,Oscillospiraceae,UCG-005,uncultured_Clostridiales_bacterium,0.006815968841285297
Bacteria,Firmicutes,Clostridia,Lachnospirales,Lachnospiraceae,GCA-900066575,None,Bacteria,Firmicutes,Clostridia,Oscillospirales,Oscillospiraceae,UCG-005,uncultured_rumen_bacterium,0.006815968841285297
Bacteria,Firmicutes,Clostridia,Lachnospirales,Lachnospiraceae,GCA-900066575,None,Bacteria,Firmicutes,Clostridia,Oscillospirales,Oscillospiraceae,None,None,0.004868549172346641
Bacteria,Firmicutes,Clostridia,Lachnospirales,Lachnospiraceae,GCA-900066575,None,Bacteria,Firmicutes,Clostridia,Oscillospirales,Oscillospiraceae,uncultured,metagenome,0.006815968841285297
Bacteria,Firmicutes,Clostridia,Lachnospirales,Lachnospiraceae,GCA-900066575,None,Bacteria,Firmicutes,Clostridia,Oscillospirales,Oscillospiraceae,uncultured,unidentified,0.006815968841285297
Bacteria,Firmicutes,Clostridia,Lachnospirales,Lachnospiraceae,GCA-900066575,None,Bacteria,Firmicutes,Clostridia,Oscillospirales,Ruminococcaceae,Anaerofilum,uncultured_Firmicutes_bacterium,0.006815968841285297
Bacteria,Firmicutes,Clostridia,Lachnospirales,Lachnospiraceae,GCA-900066575,None,Bacteria,Firmicutes,Clostridia,Oscillospirales,Ruminococcaceae,Anaerotruncus,Anaerotruncus_rubiinfantis,0.006815968841285297
Bacteria,Firmicutes,Clostridia,Lachnospirales,Lachnospiraceae,GCA-900066575,None,Bacteria,Firmicutes,Clostridia,Oscillospirales,Ruminococcaceae,Anaerotruncus,Anaerotruncus_sp._NML_070203,0.006815968841285297
Bacteria,Firmicutes,Clostridia,Lachnospirales,Lachnospiraceae,GCA-900066575,None,Bacteria,Firmicutes,Clostridia,Oscillospirales,Ruminococcaceae,Candidatus_Soleaferrea,Neobitarella_massiliensis,0.006815968841285297
Bacteria,Firmicutes,Clostridia,Lachnospirales,Lachnospiraceae,GCA-900066575,None,Bacteria,Firmicutes,Clostridia,Oscillospirales,Ruminococcaceae,Candidatus_Soleaferrea,None,0.005842259006815969
Bacteria,Firmicutes,Clostridia,Lachnospirales,Lachnospiraceae,GCA-900066575,None,Bacteria,Firmicutes,Clostridia,Oscillospirales,Ruminococcaceae,DTU089,None,0.005842259006815969
Bacteria,Firmicutes,Clostridia,Lachnospirales,Lachnospiraceae,GCA-900066575,None,Bacteria,Firmicutes,Clostridia,Oscillospirales,Ruminococcaceae,Faecalibacterium,None,0.005842259006815969
Bacteria,Firmicutes,Clostridia,Lachnospirales,Lachnospiraceae,GCA-900066575,None,Bacteria,Firmicutes,Clostridia,Oscillospirales,Ruminococcaceae,Fournierella,uncultured_organism,0.006815968841285297
Bacteria,Firmicutes,Clostridia,Lachnospirales,Lachnospiraceae,GCA-900066575,None,Bacteria,Firmicutes,Clostridia,Oscillospirales,Ruminococcaceae,Incertae_Sedis,metagenome,0.006815968841285297
Bacteria,Firmicutes,Clostridia,Lachnospirales,Lachnospiraceae,GCA-900066575,None,Bacteria,Firmicutes,Clostridia,Oscillospirales,Ruminococcaceae,Incertae_Sedis,None,0.005842259006815969
Bacteria,Firmicutes,Clostridia,Lachnospirales,Lachnospiraceae,GCA-900066575,None,Bacteria,Firmicutes,Clostridia,Oscillospirales,Ruminococcaceae,Negativibacillus,None,0.005842259006815969
Bacteria,Firmicutes,Clostridia,Lachnospirales,Lachnospiraceae,GCA-900066575,None,Bacteria,Firmicutes,Clostridia,Oscillospirales,Ruminococcaceae,Ruminococcus,Ruminococcus_champanellensis,0.006815968841285297
Bacteria,Firmicutes,Clostridia,Lachnospirales,Lachnospiraceae,GCA-900066575,None,Bacteria,Firmicutes,Clostridia,Oscillospirales,Ruminococcaceae,Ruminococcus,None,0.005842259006815969
Bacteria,Firmicutes,Clostridia,Lachnospirales,Lachnospiraceae,GCA-900066575,None,Bacteria,Firmicutes,Clostridia,Oscillospirales,Ruminococcaceae,Subdoligranulum,None,0.005842259006815969
Bacteria,Firmicutes,Clostridia,Lachnospirales,Lachnospiraceae,GCA-900066575,None,Bacteria,Firmicutes,Clostridia,Oscillospirales,Ruminococcaceae,UBA1819,None,0.005842259006815969
Bacteria,Firmicutes,Clostridia,Lachnospirales,Lachnospiraceae,GCA-900066575,None,Bacteria,Firmicutes,Clostridia,Oscillospirales,Ruminococcaceae,Eubacterium_siraeum_group,None,0.005842259006815969
Bacteria,Firmicutes,Clostridia,Lachnospirales,Lachnospiraceae,GCA-900066575,None,Bacteria,Firmicutes,Clostridia,Oscillospirales,Ruminococcaceae,None,None,0.004868549172346641
Bacteria,Firmicutes,Clostridia,Lachnospirales,Lachnospiraceae,GCA-900066575,None,Bacteria,Firmicutes,Clostridia,Oscillospirales,UCG-010,None,None,0.004868549172346641
Bacteria,Firmicutes,Clostridia,Lachnospirales,Lachnospiraceae,GCA-900066575,None,Bacteria,Firmicutes,Clostridia,Oscillospirales,UCG-010,metagenome,None,0.005842259006815969
Bacteria,Firmicutes,Clostridia,Lachnospirales,Lachnospiraceae,GCA-900066575,None,Bacteria,Firmicutes,Clostridia,Oscillospirales,UCG-010,uncultured_bacterium,None,0.005842259006815969
Bacteria,Firmicutes,Clostridia,Lachnospirales,Lachnospiraceae,GCA-900066575,None,Bacteria,Firmicutes,Clostridia,Oscillospirales,UCG-010,uncultured_organism,None,0.005842259006815969
Bacteria,Firmicutes,Clostridia,Lachnospirales,Lachnospiraceae,GCA-900066575,None,Bacteria,Firmicutes,Clostridia,Oscillospirales,Clostridium_methylpentosum_group,None,None,0.004868549172346641
Bacteria,Firmicutes,Clostridia,Lachnospirales,Lachnospiraceae,GCA-900066575,None,Bacteria,Firmicutes,Clostridia,Oscillospirales,Eubacterium_coprostanoligenes_group,None,None,0.004868549172346641
Bacteria,Firmicutes,Clostridia,Lachnospirales,Lachnospiraceae,GCA-900066575,None,Bacteria,Firmicutes,Clostridia,Oscillospirales,None,None,None,0.0038948393378773127
Bacteria,Firmicutes,Clostridia,Lachnospirales,Lachnospiraceae,GCA-900066575,None,Bacteria,Firmicutes,Clostridia,Peptococcales,Peptococcaceae,uncultured,None,0.005842259006815969
Bacteria,Firmicutes,Clostridia,Lachnospirales,Lachnospiraceae,GCA-900066575,None,Bacteria,Firmicutes,Clostridia,Peptostreptococcales-Tissierellales,Anaerovoracaceae,Family_XIII_AD3011_group,metagenome,0.006815968841285297
Bacteria,Firmicutes,Clostridia,Lachnospirales,Lachnospiraceae,GCA-900066575,None,Bacteria,Firmicutes,Clostridia,Peptostreptococcales-Tissierellales,Anaerovoracaceae,Family_XIII_AD3011_group,None,0.005842259006815969
Bacteria,Firmicutes,Clostridia,Lachnospirales,Lachnospiraceae,GCA-900066575,None,Bacteria,Firmicutes,Clostridia,Peptostreptococcales-Tissierellales,Anaerovoracaceae,Family_XIII_AD3011_group,uncultured,0.006815968841285297
Bacteria,Firmicutes,Clostridia,Lachnospirales,Lachnospiraceae,GCA-900066575,None,Bacteria,Firmicutes,Clostridia,Peptostreptococcales-Tissierellales,Anaerovoracaceae,Family_XIII_UCG-001,metagenome,0.006815968841285297
Bacteria,Firmicutes,Clostridia,Lachnospirales,Lachnospiraceae,GCA-900066575,None,Bacteria,Firmicutes,Clostridia,Peptostreptococcales-Tissierellales,Anaerovoracaceae,Eubacterium_nodatum_group,None,0.005842259006815969
Bacteria,Firmicutes,Clostridia,Lachnospirales,Lachnospiraceae,GCA-900066575,None,Bacteria,Firmicutes,Clostridia,Peptostreptococcales-Tissierellales,Anaerovoracaceae,None,None,0.004868549172346641
Bacteria,Firmicutes,Clostridia,Lachnospirales,Lachnospiraceae,GCA-900066575,None,Bacteria,Firmicutes,Clostridia,Peptostreptococcales-Tissierellales,Parvimonas,None,None,0.004868549172346641
Bacteria,Firmicutes,Clostridia,Lachnospirales,Lachnospiraceae,GCA-900066575,None,Bacteria,Firmicutes,Clostridia,None,None,None,None,0.0029211295034079843
Bacteria,Firmicutes,Clostridia,Lachnospirales,Lachnospiraceae,GCA-900066575,None,Bacteria,Firmicutes,Incertae_Sedis,DTU014,unidentified,None,None,0.006815968841285297
Bacteria,Firmicutes,Clostridia,Lachnospirales,Lachnospiraceae,GCA-900066575,None,Bacteria,Firmicutes,Limnochordia,M55-D21,uncultured_compost_bacterium,None,None,0.006815968841285297
Bacteria,Firmicutes,Clostridia,Lachnospirales,Lachnospiraceae,GCA-900066575,None,Bacteria,Firmicutes,Negativicutes,Acidaminococcales,Acidaminococcaceae,Phascolarctobacterium,None,0.007789678675754625
Bacteria,Firmicutes,Clostridia,Lachnospirales,Lachnospiraceae,GCA-900066575,None,Bacteria,Firmicutes,None,None,None,None,None,0.0038948393378773127
Bacteria,Firmicutes,Clostridia,Lachnospirales,Lachnospiraceae,GCA-900066575,None,Bacteria,Firmicutes,uncultured,uncultured_Peptococcaceae_bacterium,None,None,None,0.005842259006815969
Bacteria,Firmicutes,Clostridia,Lachnospirales,Lachnospiraceae,GCA-900066575,None,Bacteria,Proteobacteria,Alphaproteobacteria,Rhodospirillales,uncultured,None,None,0.008763388510223954
Bacteria,Firmicutes,Clostridia,Lachnospirales,Lachnospiraceae,GCA-900066575,None,Bacteria,Proteobacteria,Gammaproteobacteria,Burkholderiales,Sutterellaceae,Sutterella,Sutterella_sp._252,0.010710808179162609
Bacteria,Firmicutes,Clostridia,Lachnospirales,Lachnospiraceae,GCA-900066575,None,Bacteria,Proteobacteria,Gammaproteobacteria,Enterobacterales,Enterobacteriaceae,Escherichia-Shigella,None,0.009737098344693282
Bacteria,Firmicutes,Clostridia,Lachnospirales,Lachnospiraceae,GCA-900066575,None,Bacteria,Proteobacteria,Gammaproteobacteria,Enterobacterales,Enterobacteriaceae,Klebsiella,None,0.009737098344693282
Bacteria,Firmicutes,Clostridia,Lachnospirales,Lachnospiraceae,GCA-900066575,None,Bacteria,Proteobacteria,Gammaproteobacteria,Enterobacterales,Enterobacteriaceae,None,None,0.008763388510223954
Bacteria,Firmicutes,Clostridia,Lachnospirales,Lachnospiraceae,GCA-900066575,None,Bacteria,Proteobacteria,Gammaproteobacteria,Pseudomonadales,Pseudomonadaceae,Pseudomonas,None,0.009737098344693282
Bacteria,Firmicutes,Clostridia,Lachnospirales,Lachnospiraceae,GCA-900066575,None,Bacteria,Synergistota,Synergistia,Synergistales,Synergistaceae,Cloacibacillus,None,0.009737098344693282
Bacteria,Firmicutes,Clostridia,Lachnospirales,Lachnospiraceae,GCA-900066575,None,Bacteria,Verrucomicrobiota,Verrucomicrobiae,Verrucomicrobiales,Akkermansiaceae,Akkermansia,None,0.009737098344693282
Bacteria,Firmicutes,Clostridia,Lachnospirales,Lachnospiraceae,GCA-900066575,metagenome,Bacteria,Firmicutes,Clostridia,Lachnospirales,Lachnospiraceae,GCA-900066755,None,0.0029211295034079843
Bacteria,Firmicutes,Clostridia,Lachnospirales,Lachnospiraceae,GCA-900066575,metagenome,Bacteria,Firmicutes,Clostridia,Lachnospirales,Lachnospiraceae,Hungatella,metagenome,0.0038948393378773127
Bacteria,Firmicutes,Clostridia,Lachnospirales,Lachnospiraceae,GCA-900066575,metagenome,Bacteria,Firmicutes,Clostridia,Lachnospirales,Lachnospiraceae,Lachnoclostridium,Clostridium_symbiosum,0.0038948393378773127
Bacteria,Firmicutes,Clostridia,Lachnospirales,Lachnospiraceae,GCA-900066575,metagenome,Bacteria,Firmicutes,Clostridia,Lachnospirales,Lachnospiraceae,Lachnoclostridium,None,0.0029211295034079843
Bacteria,Firmicutes,Clostridia,Lachnospirales,Lachnospiraceae,GCA-900066575,metagenome,Bacteria,Firmicutes,Clostridia,Lachnospirales,Lachnospiraceae,Lachnoclostridium,uncultured_Lachnospiraceae_bacterium,0.0038948393378773127
Bacteria,Firmicutes,Clostridia,Lachnospirales,Lachnospiraceae,GCA-900066575,metagenome,Bacteria,Firmicutes,Clostridia,Lachnospirales,Lachnospiraceae,Lachnospiraceae_ND3007_group,metagenome,0.0038948393378773127
Bacteria,Firmicutes,Clostridia,Lachnospirales,Lachnospiraceae,GCA-900066575,metagenome,Bacteria,Firmicutes,Clostridia,Lachnospirales,Lachnospiraceae,Lachnospiraceae_NK4A136_group,None,0.0029211295034079843
Bacteria,Firmicutes,Clostridia,Lachnospirales,Lachnospiraceae,GCA-900066575,metagenome,Bacteria,Firmicutes,Clostridia,Lachnospirales,Lachnospiraceae,Lachnospiraceae_NK4A136_group,uncultured_Lachnospiraceae_bacterium,0.0038948393378773127
Bacteria,Firmicutes,Clostridia,Lachnospirales,Lachnospiraceae,GCA-900066575,metagenome,Bacteria,Firmicutes,Clostridia,Lachnospirales,Lachnospiraceae,Lachnospiraceae_NK4A136_group,uncultured_bacterium_Adhufec49.25,0.0038948393378773127
Bacteria,Firmicutes,Clostridia,Lachnospirales,Lachnospiraceae,GCA-900066575,metagenome,Bacteria,Firmicutes,Clostridia,Lachnospirales,Lachnospiraceae,Lachnospiraceae_NK4B4_group,None,0.0029211295034079843
Bacteria,Firmicutes,Clostridia,Lachnospirales,Lachnospiraceae,GCA-900066575,metagenome,Bacteria,Firmicutes,Clostridia,Lachnospirales,Lachnospiraceae,Lachnospiraceae_UCG-001,metagenome,0.0038948393378773127
Bacteria,Firmicutes,Clostridia,Lachnospirales,Lachnospiraceae,GCA-900066575,metagenome,Bacteria,Firmicutes,Clostridia,Lachnospirales,Lachnospiraceae,Lachnospiraceae_UCG-004,None,0.0029211295034079843
Bacteria,Firmicutes,Clostridia,Lachnospirales,Lachnospiraceae,GCA-900066575,metagenome,Bacteria,Firmicutes,Clostridia,Lachnospirales,Lachnospiraceae,Lachnospiraceae_UCG-008,metagenome,0.0038948393378773127
Bacteria,Firmicutes,Clostridia,Lachnospirales,Lachnospiraceae,GCA-900066575,metagenome,Bacteria,Firmicutes,Clostridia,Lachnospirales,Lachnospiraceae,Lachnospiraceae_UCG-010,None,0.0029211295034079843
Bacteria,Firmicutes,Clostridia,Lachnospirales,Lachnospiraceae,GCA-900066575,metagenome,Bacteria,Firmicutes,Clostridia,Lachnospirales,Lachnospiraceae,Marvinbryantia,None,0.0029211295034079843
Bacteria,Firmicutes,Clostridia,Lachnospirales,Lachnospiraceae,GCA-900066575,metagenome,Bacteria,Firmicutes,Clostridia,Lachnospirales,Lachnospiraceae,Marvinbryantia,unidentified,0.0038948393378773127
Bacteria,Firmicutes,Clostridia,Lachnospirales,Lachnospiraceae,GCA-900066575,metagenome,Bacteria,Firmicutes,Clostridia,Lachnospirales,Lachnospiraceae,Roseburia,None,0.0029211295034079843
Bacteria,Firmicutes,Clostridia,Lachnospirales,Lachnospiraceae,GCA-900066575,metagenome,Bacteria,Firmicutes,Clostridia,Lachnospirales,Lachnospiraceae,Roseburia,gut_metagenome,0.0038948393378773127
Bacteria,Firmicutes,Clostridia,Lachnospirales,Lachnospiraceae,GCA-900066575,metagenome,Bacteria,Firmicutes,Clostridia,Lachnospirales,Lachnospiraceae,Tuzzerella,None,0.0029211295034079843
Bacteria,Firmicutes,Clostridia,Lachnospirales,Lachnospiraceae,GCA-900066575,metagenome,Bacteria,Firmicutes,Clostridia,Lachnospirales,Lachnospiraceae,Tyzzerella,None,0.0029211295034079843
Bacteria,Firmicutes,Clostridia,Lachnospirales,Lachnospiraceae,GCA-900066575,metagenome,Bacteria,Firmicutes,Clostridia,Lachnospirales,Lachnospiraceae,Eubacterium_hallii_group,None,0.0029211295034079843
Bacteria,Firmicutes,Clostridia,Lachnospirales,Lachnospiraceae,GCA-900066575,metagenome,Bacteria,Firmicutes,Clostridia,Lachnospirales,Lachnospiraceae,Eubacterium_ventriosum_group,metagenome,0.0038948393378773127
Bacteria,Firmicutes,Clostridia,Lachnospirales,Lachnospiraceae,GCA-900066575,metagenome,Bacteria,Firmicutes,Clostridia,Lachnospirales,Lachnospiraceae,Ruminococcus_gauvreauii_group,uncultured_Lachnospiraceae_bacterium,0.0038948393378773127
Bacteria,Firmicutes,Clostridia,Lachnospirales,Lachnospiraceae,GCA-900066575,metagenome,Bacteria,Firmicutes,Clostridia,Lachnospirales,Lachnospiraceae,Ruminococcus_gnavus_group,None,0.0029211295034079843
Bacteria,Firmicutes,Clostridia,Lachnospirales,Lachnospiraceae,GCA-900066575,metagenome,Bacteria,Firmicutes,Clostridia,Lachnospirales,Lachnospiraceae,Ruminococcus_torques_group,Clostridiaceae_bacterium_LEMV78,0.0038948393378773127
Bacteria,Firmicutes,Clostridia,Lachnospirales,Lachnospiraceae,GCA-900066575,metagenome,Bacteria,Firmicutes,Clostridia,Lachnospirales,Lachnospiraceae,Ruminococcus_torques_group,None,0.0029211295034079843
Bacteria,Firmicutes,Clostridia,Lachnospirales,Lachnospiraceae,GCA-900066575,metagenome,Bacteria,Firmicutes,Clostridia,Lachnospirales,Lachnospiraceae,None,None,0.0029211295034079843
Bacteria,Firmicutes,Clostridia,Lachnospirales,Lachnospiraceae,GCA-900066575,metagenome,Bacteria,Firmicutes,Clostridia,Lachnospirales,Lachnospiraceae,uncultured,None,0.0029211295034079843
Bacteria,Firmicutes,Clostridia,Lachnospirales,Lachnospiraceae,GCA-900066575,metagenome,Bacteria,Firmicutes,Clostridia,Monoglobales,Monoglobaceae,Monoglobus,None,0.006815968841285297
Bacteria,Firmicutes,Clostridia,Lachnospirales,Lachnospiraceae,GCA-900066575,metagenome,Bacteria,Firmicutes,Clostridia,Oscillospirales,Butyricicoccaceae,Butyricicoccus,None,0.006815968841285297
Bacteria,Firmicutes,Clostridia,Lachnospirales,Lachnospiraceae,GCA-900066575,metagenome,Bacteria,Firmicutes,Clostridia,Oscillospirales,Hydrogenoanaerobacterium,None,None,0.005842259006815969
Bacteria,Firmicutes,Clostridia,Lachnospirales,Lachnospiraceae,GCA-900066575,metagenome,Bacteria,Firmicutes,Clostridia,Oscillospirales,Oscillospiraceae,Colidextribacter,None,0.006815968841285297
Bacteria,Firmicutes,Clostridia,Lachnospirales,Lachnospiraceae,GCA-900066575,metagenome,Bacteria,Firmicutes,Clostridia,Oscillospirales,Oscillospiraceae,Colidextribacter,metagenome,0.007789678675754625
Bacteria,Firmicutes,Clostridia,Lachnospirales,Lachnospiraceae,GCA-900066575,metagenome,Bacteria,Firmicutes,Clostridia,Oscillospirales,Oscillospiraceae,Flavonifractor,None,0.006815968841285297
Bacteria,Firmicutes,Clostridia,Lachnospirales,Lachnospiraceae,GCA-900066575,metagenome,Bacteria,Firmicutes,Clostridia,Oscillospirales,Oscillospiraceae,Intestinimonas,None,0.006815968841285297
Bacteria,Firmicutes,Clostridia,Lachnospirales,Lachnospiraceae,GCA-900066575,metagenome,Bacteria,Firmicutes,Clostridia,Oscillospirales,Oscillospiraceae,Intestinimonas,uncultured,0.007789678675754625
Bacteria,Firmicutes,Clostridia,Lachnospirales,Lachnospiraceae,GCA-900066575,metagenome,Bacteria,Firmicutes,Clostridia,Oscillospirales,Oscillospiraceae,NK4A214_group,None,0.006815968841285297
Bacteria,Firmicutes,Clostridia,Lachnospirales,Lachnospiraceae,GCA-900066575,metagenome,Bacteria,Firmicutes,Clostridia,Oscillospirales,Oscillospiraceae,Oscillibacter,None,0.006815968841285297
Bacteria,Firmicutes,Clostridia,Lachnospirales,Lachnospiraceae,GCA-900066575,metagenome,Bacteria,Firmicutes,Clostridia,Oscillospirales,Oscillospiraceae,Oscillibacter,metagenome,0.007789678675754625
Bacteria,Firmicutes,Clostridia,Lachnospirales,Lachnospiraceae,GCA-900066575,metagenome,Bacteria,Firmicutes,Clostridia,Oscillospirales,Oscillospiraceae,Oscillospira,None,0.006815968841285297
Bacteria,Firmicutes,Clostridia,Lachnospirales,Lachnospiraceae,GCA-900066575,metagenome,Bacteria,Firmicutes,Clostridia,Oscillospirales,Oscillospiraceae,UCG-002,None,0.006815968841285297
Bacteria,Firmicutes,Clostridia,Lachnospirales,Lachnospiraceae,GCA-900066575,metagenome,Bacteria,Firmicutes,Clostridia,Oscillospirales,Oscillospiraceae,UCG-003,None,0.006815968841285297
Bacteria,Firmicutes,Clostridia,Lachnospirales,Lachnospiraceae,GCA-900066575,metagenome,Bacteria,Firmicutes,Clostridia,Oscillospirales,Oscillospiraceae,UCG-005,None,0.006815968841285297
Bacteria,Firmicutes,Clostridia,Lachnospirales,Lachnospiraceae,GCA-900066575,metagenome,Bacteria,Firmicutes,Clostridia,Oscillospirales,Oscillospiraceae,UCG-005,metagenome,0.007789678675754625
Bacteria,Firmicutes,Clostridia,Lachnospirales,Lachnospiraceae,GCA-900066575,metagenome,Bacteria,Firmicutes,Clostridia,Oscillospirales,Oscillospiraceae,UCG-005,uncultured_Clostridiales_bacterium,0.007789678675754625
Bacteria,Firmicutes,Clostridia,Lachnospirales,Lachnospiraceae,GCA-900066575,metagenome,Bacteria,Firmicutes,Clostridia,Oscillospirales,Oscillospiraceae,UCG-005,uncultured_rumen_bacterium,0.007789678675754625
Bacteria,Firmicutes,Clostridia,Lachnospirales,Lachnospiraceae,GCA-900066575,metagenome,Bacteria,Firmicutes,Clostridia,Oscillospirales,Oscillospiraceae,None,None,0.005842259006815969
Bacteria,Firmicutes,Clostridia,Lachnospirales,Lachnospiraceae,GCA-900066575,metagenome,Bacteria,Firmicutes,Clostridia,Oscillospirales,Oscillospiraceae,uncultured,metagenome,0.007789678675754625
Bacteria,Firmicutes,Clostridia,Lachnospirales,Lachnospiraceae,GCA-900066575,metagenome,Bacteria,Firmicutes,Clostridia,Oscillospirales,Oscillospiraceae,uncultured,unidentified,0.007789678675754625
Bacteria,Firmicutes,Clostridia,Lachnospirales,Lachnospiraceae,GCA-900066575,metagenome,Bacteria,Firmicutes,Clostridia,Oscillospirales,Ruminococcaceae,Anaerofilum,uncultured_Firmicutes_bacterium,0.007789678675754625
Bacteria,Firmicutes,Clostridia,Lachnospirales,Lachnospiraceae,GCA-900066575,metagenome,Bacteria,Firmicutes,Clostridia,Oscillospirales,Ruminococcaceae,Anaerotruncus,Anaerotruncus_rubiinfantis,0.007789678675754625
Bacteria,Firmicutes,Clostridia,Lachnospirales,Lachnospiraceae,GCA-900066575,metagenome,Bacteria,Firmicutes,Clostridia,Oscillospirales,Ruminococcaceae,Anaerotruncus,Anaerotruncus_sp._NML_070203,0.007789678675754625
Bacteria,Firmicutes,Clostridia,Lachnospirales,Lachnospiraceae,GCA-900066575,metagenome,Bacteria,Firmicutes,Clostridia,Oscillospirales,Ruminococcaceae,Candidatus_Soleaferrea,Neobitarella_massiliensis,0.007789678675754625
Bacteria,Firmicutes,Clostridia,Lachnospirales,Lachnospiraceae,GCA-900066575,metagenome,Bacteria,Firmicutes,Clostridia,Oscillospirales,Ruminococcaceae,Candidatus_Soleaferrea,None,0.006815968841285297
Bacteria,Firmicutes,Clostridia,Lachnospirales,Lachnospiraceae,GCA-900066575,metagenome,Bacteria,Firmicutes,Clostridia,Oscillospirales,Ruminococcaceae,DTU089,None,0.006815968841285297
Bacteria,Firmicutes,Clostridia,Lachnospirales,Lachnospiraceae,GCA-900066575,metagenome,Bacteria,Firmicutes,Clostridia,Oscillospirales,Ruminococcaceae,Faecalibacterium,None,0.006815968841285297
Bacteria,Firmicutes,Clostridia,Lachnospirales,Lachnospiraceae,GCA-900066575,metagenome,Bacteria,Firmicutes,Clostridia,Oscillospirales,Ruminococcaceae,Fournierella,uncultured_organism,0.007789678675754625
Bacteria,Firmicutes,Clostridia,Lachnospirales,Lachnospiraceae,GCA-900066575,metagenome,Bacteria,Firmicutes,Clostridia,Oscillospirales,Ruminococcaceae,Incertae_Sedis,metagenome,0.007789678675754625
Bacteria,Firmicutes,Clostridia,Lachnospirales,Lachnospiraceae,GCA-900066575,metagenome,Bacteria,Firmicutes,Clostridia,Oscillospirales,Ruminococcaceae,Incertae_Sedis,None,0.006815968841285297
Bacteria,Firmicutes,Clostridia,Lachnospirales,Lachnospiraceae,GCA-900066575,metagenome,Bacteria,Firmicutes,Clostridia,Oscillospirales,Ruminococcaceae,Negativibacillus,None,0.006815968841285297
Bacteria,Firmicutes,Clostridia,Lachnospirales,Lachnospiraceae,GCA-900066575,metagenome,Bacteria,Firmicutes,Clostridia,Oscillospirales,Ruminococcaceae,Ruminococcus,Ruminococcus_champanellensis,0.007789678675754625
Bacteria,Firmicutes,Clostridia,Lachnospirales,Lachnospiraceae,GCA-900066575,metagenome,Bacteria,Firmicutes,Clostridia,Oscillospirales,Ruminococcaceae,Ruminococcus,None,0.006815968841285297
Bacteria,Firmicutes,Clostridia,Lachnospirales,Lachnospiraceae,GCA-900066575,metagenome,Bacteria,Firmicutes,Clostridia,Oscillospirales,Ruminococcaceae,Subdoligranulum,None,0.006815968841285297
Bacteria,Firmicutes,Clostridia,Lachnospirales,Lachnospiraceae,GCA-900066575,metagenome,Bacteria,Firmicutes,Clostridia,Oscillospirales,Ruminococcaceae,UBA1819,None,0.006815968841285297
Bacteria,Firmicutes,Clostridia,Lachnospirales,Lachnospiraceae,GCA-900066575,metagenome,Bacteria,Firmicutes,Clostridia,Oscillospirales,Ruminococcaceae,Eubacterium_siraeum_group,None,0.006815968841285297
Bacteria,Firmicutes,Clostridia,Lachnospirales,Lachnospiraceae,GCA-900066575,metagenome,Bacteria,Firmicutes,Clostridia,Oscillospirales,Ruminococcaceae,None,None,0.005842259006815969
Bacteria,Firmicutes,Clostridia,Lachnospirales,Lachnospiraceae,GCA-900066575,metagenome,Bacteria,Firmicutes,Clostridia,Oscillospirales,UCG-010,None,None,0.005842259006815969
Bacteria,Firmicutes,Clostridia,Lachnospirales,Lachnospiraceae,GCA-900066575,metagenome,Bacteria,Firmicutes,Clostridia,Oscillospirales,UCG-010,metagenome,None,0.006815968841285297
Bacteria,Firmicutes,Clostridia,Lachnospirales,Lachnospiraceae,GCA-900066575,metagenome,Bacteria,Firmicutes,Clostridia,Oscillospirales,UCG-010,uncultured_bacterium,None,0.006815968841285297
Bacteria,Firmicutes,Clostridia,Lachnospirales,Lachnospiraceae,GCA-900066575,metagenome,Bacteria,Firmicutes,Clostridia,Oscillospirales,UCG-010,uncultured_organism,None,0.006815968841285297
Bacteria,Firmicutes,Clostridia,Lachnospirales,Lachnospiraceae,GCA-900066575,metagenome,Bacteria,Firmicutes,Clostridia,Oscillospirales,Clostridium_methylpentosum_group,None,None,0.005842259006815969
Bacteria,Firmicutes,Clostridia,Lachnospirales,Lachnospiraceae,GCA-900066575,metagenome,Bacteria,Firmicutes,Clostridia,Oscillospirales,Eubacterium_coprostanoligenes_group,None,None,0.005842259006815969
Bacteria,Firmicutes,Clostridia,Lachnospirales,Lachnospiraceae,GCA-900066575,metagenome,Bacteria,Firmicutes,Clostridia,Oscillospirales,None,None,None,0.004868549172346641
Bacteria,Firmicutes,Clostridia,Lachnospirales,Lachnospiraceae,GCA-900066575,metagenome,Bacteria,Firmicutes,Clostridia,Peptococcales,Peptococcaceae,uncultured,None,0.006815968841285297
Bacteria,Firmicutes,Clostridia,Lachnospirales,Lachnospiraceae,GCA-900066575,metagenome,Bacteria,Firmicutes,Clostridia,Peptostreptococcales-Tissierellales,Anaerovoracaceae,Family_XIII_AD3011_group,metagenome,0.007789678675754625
Bacteria,Firmicutes,Clostridia,Lachnospirales,Lachnospiraceae,GCA-900066575,metagenome,Bacteria,Firmicutes,Clostridia,Peptostreptococcales-Tissierellales,Anaerovoracaceae,Family_XIII_AD3011_group,None,0.006815968841285297
Bacteria,Firmicutes,Clostridia,Lachnospirales,Lachnospiraceae,GCA-900066575,metagenome,Bacteria,Firmicutes,Clostridia,Peptostreptococcales-Tissierellales,Anaerovoracaceae,Family_XIII_AD3011_group,uncultured,0.007789678675754625
Bacteria,Firmicutes,Clostridia,Lachnospirales,Lachnospiraceae,GCA-900066575,metagenome,Bacteria,Firmicutes,Clostridia,Peptostreptococcales-Tissierellales,Anaerovoracaceae,Family_XIII_UCG-001,metagenome,0.007789678675754625
Bacteria,Firmicutes,Clostridia,Lachnospirales,Lachnospiraceae,GCA-900066575,metagenome,Bacteria,Firmicutes,Clostridia,Peptostreptococcales-Tissierellales,Anaerovoracaceae,Eubacterium_nodatum_group,None,0.006815968841285297
Bacteria,Firmicutes,Clostridia,Lachnospirales,Lachnospiraceae,GCA-900066575,metagenome,Bacteria,Firmicutes,Clostridia,Peptostreptococcales-Tissierellales,Anaerovoracaceae,None,None,0.005842259006815969
Bacteria,Firmicutes,Clostridia,Lachnospirales,Lachnospiraceae,GCA-900066575,metagenome,Bacteria,Firmicutes,Clostridia,Peptostreptococcales-Tissierellales,Parvimonas,None,None,0.005842259006815969
Bacteria,Firmicutes,Clostridia,Lachnospirales,Lachnospiraceae,GCA-900066575,metagenome,Bacteria,Firmicutes,Clostridia,None,None,None,None,0.0038948393378773127
Bacteria,Firmicutes,Clostridia,Lachnospirales,Lachnospiraceae,GCA-900066575,metagenome,Bacteria,Firmicutes,Incertae_Sedis,DTU014,unidentified,None,None,0.007789678675754625
Bacteria,Firmicutes,Clostridia,Lachnospirales,Lachnospiraceae,GCA-900066575,metagenome,Bacteria,Firmicutes,Limnochordia,M55-D21,uncultured_compost_bacterium,None,None,0.007789678675754625
Bacteria,Firmicutes,Clostridia,Lachnospirales,Lachnospiraceae,GCA-900066575,metagenome,Bacteria,Firmicutes,Negativicutes,Acidaminococcales,Acidaminococcaceae,Phascolarctobacterium,None,0.008763388510223954
Bacteria,Firmicutes,Clostridia,Lachnospirales,Lachnospiraceae,GCA-900066575,metagenome,Bacteria,Firmicutes,None,None,None,None,None,0.004868549172346641
Bacteria,Firmicutes,Clostridia,Lachnospirales,Lachnospiraceae,GCA-900066575,metagenome,Bacteria,Firmicutes,uncultured,uncultured_Peptococcaceae_bacterium,None,None,None,0.006815968841285297
Bacteria,Firmicutes,Clostridia,Lachnospirales,Lachnospiraceae,GCA-900066575,metagenome,Bacteria,Proteobacteria,Alphaproteobacteria,Rhodospirillales,uncultured,None,None,0.009737098344693282
Bacteria,Firmicutes,Clostridia,Lachnospirales,Lachnospiraceae,GCA-900066575,metagenome,Bacteria,Proteobacteria,Gammaproteobacteria,Burkholderiales,Sutterellaceae,Sutterella,Sutterella_sp._252,0.011684518013631937
Bacteria,Firmicutes,Clostridia,Lachnospirales,Lachnospiraceae,GCA-900066575,metagenome,Bacteria,Proteobacteria,Gammaproteobacteria,Enterobacterales,Enterobacteriaceae,Escherichia-Shigella,None,0.010710808179162609
Bacteria,Firmicutes,Clostridia,Lachnospirales,Lachnospiraceae,GCA-900066575,metagenome,Bacteria,Proteobacteria,Gammaproteobacteria,Enterobacterales,Enterobacteriaceae,Klebsiella,None,0.010710808179162609
Bacteria,Firmicutes,Clostridia,Lachnospirales,Lachnospiraceae,GCA-900066575,metagenome,Bacteria,Proteobacteria,Gammaproteobacteria,Enterobacterales,Enterobacteriaceae,None,None,0.009737098344693282
Bacteria,Firmicutes,Clostridia,Lachnospirales,Lachnospiraceae,GCA-900066575,metagenome,Bacteria,Proteobacteria,Gammaproteobacteria,Pseudomonadales,Pseudomonadaceae,Pseudomonas,None,0.010710808179162609
Bacteria,Firmicutes,Clostridia,Lachnospirales,Lachnospiraceae,GCA-900066575,metagenome,Bacteria,Synergistota,Synergistia,Synergistales,Synergistaceae,Cloacibacillus,None,0.010710808179162609
Bacteria,Firmicutes,Clostridia,Lachnospirales,Lachnospiraceae,GCA-900066575,metagenome,Bacteria,Verrucomicrobiota,Verrucomicrobiae,Verrucomicrobiales,Akkermansiaceae,Akkermansia,None,0.010710808179162609
Bacteria,Firmicutes,Clostridia,Lachnospirales,Lachnospiraceae,GCA-900066755,None,Bacteria,Firmicutes,Clostridia,Lachnospirales,Lachnospiraceae,Hungatella,metagenome,0.0029211295034079843
Bacteria,Firmicutes,Clostridia,Lachnospirales,Lachnospiraceae,GCA-900066755,None,Bacteria,Firmicutes,Clostridia,Lachnospirales,Lachnospiraceae,Lachnoclostridium,Clostridium_symbiosum,0.0029211295034079843
Bacteria,Firmicutes,Clostridia,Lachnospirales,Lachnospiraceae,GCA-900066755,None,Bacteria,Firmicutes,Clostridia,Lachnospirales,Lachnospiraceae,Lachnoclostridium,None,0.0019474196689386564
Bacteria,Firmicutes,Clostridia,Lachnospirales,Lachnospiraceae,GCA-900066755,None,Bacteria,Firmicutes,Clostridia,Lachnospirales,Lachnospiraceae,Lachnoclostridium,uncultured_Lachnospiraceae_bacterium,0.0029211295034079843
Bacteria,Firmicutes,Clostridia,Lachnospirales,Lachnospiraceae,GCA-900066755,None,Bacteria,Firmicutes,Clostridia,Lachnospirales,Lachnospiraceae,Lachnospiraceae_ND3007_group,metagenome,0.0029211295034079843
Bacteria,Firmicutes,Clostridia,Lachnospirales,Lachnospiraceae,GCA-900066755,None,Bacteria,Firmicutes,Clostridia,Lachnospirales,Lachnospiraceae,Lachnospiraceae_NK4A136_group,None,0.0019474196689386564
Bacteria,Firmicutes,Clostridia,Lachnospirales,Lachnospiraceae,GCA-900066755,None,Bacteria,Firmicutes,Clostridia,Lachnospirales,Lachnospiraceae,Lachnospiraceae_NK4A136_group,uncultured_Lachnospiraceae_bacterium,0.0029211295034079843
Bacteria,Firmicutes,Clostridia,Lachnospirales,Lachnospiraceae,GCA-900066755,None,Bacteria,Firmicutes,Clostridia,Lachnospirales,Lachnospiraceae,Lachnospiraceae_NK4A136_group,uncultured_bacterium_Adhufec49.25,0.0029211295034079843
Bacteria,Firmicutes,Clostridia,Lachnospirales,Lachnospiraceae,GCA-900066755,None,Bacteria,Firmicutes,Clostridia,Lachnospirales,Lachnospiraceae,Lachnospiraceae_NK4B4_group,None,0.0019474196689386564
Bacteria,Firmicutes,Clostridia,Lachnospirales,Lachnospiraceae,GCA-900066755,None,Bacteria,Firmicutes,Clostridia,Lachnospirales,Lachnospiraceae,Lachnospiraceae_UCG-001,metagenome,0.0029211295034079843
Bacteria,Firmicutes,Clostridia,Lachnospirales,Lachnospiraceae,GCA-900066755,None,Bacteria,Firmicutes,Clostridia,Lachnospirales,Lachnospiraceae,Lachnospiraceae_UCG-004,None,0.0019474196689386564
Bacteria,Firmicutes,Clostridia,Lachnospirales,Lachnospiraceae,GCA-900066755,None,Bacteria,Firmicutes,Clostridia,Lachnospirales,Lachnospiraceae,Lachnospiraceae_UCG-008,metagenome,0.0029211295034079843
Bacteria,Firmicutes,Clostridia,Lachnospirales,Lachnospiraceae,GCA-900066755,None,Bacteria,Firmicutes,Clostridia,Lachnospirales,Lachnospiraceae,Lachnospiraceae_UCG-010,None,0.0019474196689386564
Bacteria,Firmicutes,Clostridia,Lachnospirales,Lachnospiraceae,GCA-900066755,None,Bacteria,Firmicutes,Clostridia,Lachnospirales,Lachnospiraceae,Marvinbryantia,None,0.0019474196689386564
Bacteria,Firmicutes,Clostridia,Lachnospirales,Lachnospiraceae,GCA-900066755,None,Bacteria,Firmicutes,Clostridia,Lachnospirales,Lachnospiraceae,Marvinbryantia,unidentified,0.0029211295034079843
Bacteria,Firmicutes,Clostridia,Lachnospirales,Lachnospiraceae,GCA-900066755,None,Bacteria,Firmicutes,Clostridia,Lachnospirales,Lachnospiraceae,Roseburia,None,0.0019474196689386564
Bacteria,Firmicutes,Clostridia,Lachnospirales,Lachnospiraceae,GCA-900066755,None,Bacteria,Firmicutes,Clostridia,Lachnospirales,Lachnospiraceae,Roseburia,gut_metagenome,0.0029211295034079843
Bacteria,Firmicutes,Clostridia,Lachnospirales,Lachnospiraceae,GCA-900066755,None,Bacteria,Firmicutes,Clostridia,Lachnospirales,Lachnospiraceae,Tuzzerella,None,0.0019474196689386564
Bacteria,Firmicutes,Clostridia,Lachnospirales,Lachnospiraceae,GCA-900066755,None,Bacteria,Firmicutes,Clostridia,Lachnospirales,Lachnospiraceae,Tyzzerella,None,0.0019474196689386564
Bacteria,Firmicutes,Clostridia,Lachnospirales,Lachnospiraceae,GCA-900066755,None,Bacteria,Firmicutes,Clostridia,Lachnospirales,Lachnospiraceae,Eubacterium_hallii_group,None,0.0019474196689386564
Bacteria,Firmicutes,Clostridia,Lachnospirales,Lachnospiraceae,GCA-900066755,None,Bacteria,Firmicutes,Clostridia,Lachnospirales,Lachnospiraceae,Eubacterium_ventriosum_group,metagenome,0.0029211295034079843
Bacteria,Firmicutes,Clostridia,Lachnospirales,Lachnospiraceae,GCA-900066755,None,Bacteria,Firmicutes,Clostridia,Lachnospirales,Lachnospiraceae,Ruminococcus_gauvreauii_group,uncultured_Lachnospiraceae_bacterium,0.0029211295034079843
Bacteria,Firmicutes,Clostridia,Lachnospirales,Lachnospiraceae,GCA-900066755,None,Bacteria,Firmicutes,Clostridia,Lachnospirales,Lachnospiraceae,Ruminococcus_gnavus_group,None,0.0019474196689386564
Bacteria,Firmicutes,Clostridia,Lachnospirales,Lachnospiraceae,GCA-900066755,None,Bacteria,Firmicutes,Clostridia,Lachnospirales,Lachnospiraceae,Ruminococcus_torques_group,Clostridiaceae_bacterium_LEMV78,0.0029211295034079843
Bacteria,Firmicutes,Clostridia,Lachnospirales,Lachnospiraceae,GCA-900066755,None,Bacteria,Firmicutes,Clostridia,Lachnospirales,Lachnospiraceae,Ruminococcus_torques_group,None,0.0019474196689386564
Bacteria,Firmicutes,Clostridia,Lachnospirales,Lachnospiraceae,GCA-900066755,None,Bacteria,Firmicutes,Clostridia,Lachnospirales,Lachnospiraceae,None,None,0.0019474196689386564
Bacteria,Firmicutes,Clostridia,Lachnospirales,Lachnospiraceae,GCA-900066755,None,Bacteria,Firmicutes,Clostridia,Lachnospirales,Lachnospiraceae,uncultured,None,0.0019474196689386564
Bacteria,Firmicutes,Clostridia,Lachnospirales,Lachnospiraceae,GCA-900066755,None,Bacteria,Firmicutes,Clostridia,Monoglobales,Monoglobaceae,Monoglobus,None,0.005842259006815969
Bacteria,Firmicutes,Clostridia,Lachnospirales,Lachnospiraceae,GCA-900066755,None,Bacteria,Firmicutes,Clostridia,Oscillospirales,Butyricicoccaceae,Butyricicoccus,None,0.005842259006815969
Bacteria,Firmicutes,Clostridia,Lachnospirales,Lachnospiraceae,GCA-900066755,None,Bacteria,Firmicutes,Clostridia,Oscillospirales,Hydrogenoanaerobacterium,None,None,0.004868549172346641
Bacteria,Firmicutes,Clostridia,Lachnospirales,Lachnospiraceae,GCA-900066755,None,Bacteria,Firmicutes,Clostridia,Oscillospirales,Oscillospiraceae,Colidextribacter,None,0.005842259006815969
Bacteria,Firmicutes,Clostridia,Lachnospirales,Lachnospiraceae,GCA-900066755,None,Bacteria,Firmicutes,Clostridia,Oscillospirales,Oscillospiraceae,Colidextribacter,metagenome,0.006815968841285297
Bacteria,Firmicutes,Clostridia,Lachnospirales,Lachnospiraceae,GCA-900066755,None,Bacteria,Firmicutes,Clostridia,Oscillospirales,Oscillospiraceae,Flavonifractor,None,0.005842259006815969
Bacteria,Firmicutes,Clostridia,Lachnospirales,Lachnospiraceae,GCA-900066755,None,Bacteria,Firmicutes,Clostridia,Oscillospirales,Oscillospiraceae,Intestinimonas,None,0.005842259006815969
Bacteria,Firmicutes,Clostridia,Lachnospirales,Lachnospiraceae,GCA-900066755,None,Bacteria,Firmicutes,Clostridia,Oscillospirales,Oscillospiraceae,Intestinimonas,uncultured,0.006815968841285297
Bacteria,Firmicutes,Clostridia,Lachnospirales,Lachnospiraceae,GCA-900066755,None,Bacteria,Firmicutes,Clostridia,Oscillospirales,Oscillospiraceae,NK4A214_group,None,0.005842259006815969
Bacteria,Firmicutes,Clostridia,Lachnospirales,Lachnospiraceae,GCA-900066755,None,Bacteria,Firmicutes,Clostridia,Oscillospirales,Oscillospiraceae,Oscillibacter,None,0.005842259006815969
Bacteria,Firmicutes,Clostridia,Lachnospirales,Lachnospiraceae,GCA-900066755,None,Bacteria,Firmicutes,Clostridia,Oscillospirales,Oscillospiraceae,Oscillibacter,metagenome,0.006815968841285297
Bacteria,Firmicutes,Clostridia,Lachnospirales,Lachnospiraceae,GCA-900066755,None,Bacteria,Firmicutes,Clostridia,Oscillospirales,Oscillospiraceae,Oscillospira,None,0.005842259006815969
Bacteria,Firmicutes,Clostridia,Lachnospirales,Lachnospiraceae,GCA-900066755,None,Bacteria,Firmicutes,Clostridia,Oscillospirales,Oscillospiraceae,UCG-002,None,0.005842259006815969
Bacteria,Firmicutes,Clostridia,Lachnospirales,Lachnospiraceae,GCA-900066755,None,Bacteria,Firmicutes,Clostridia,Oscillospirales,Oscillospiraceae,UCG-003,None,0.005842259006815969
Bacteria,Firmicutes,Clostridia,Lachnospirales,Lachnospiraceae,GCA-900066755,None,Bacteria,Firmicutes,Clostridia,Oscillospirales,Oscillospiraceae,UCG-005,None,0.005842259006815969
Bacteria,Firmicutes,Clostridia,Lachnospirales,Lachnospiraceae,GCA-900066755,None,Bacteria,Firmicutes,Clostridia,Oscillospirales,Oscillospiraceae,UCG-005,metagenome,0.006815968841285297
Bacteria,Firmicutes,Clostridia,Lachnospirales,Lachnospiraceae,GCA-900066755,None,Bacteria,Firmicutes,Clostridia,Oscillospirales,Oscillospiraceae,UCG-005,uncultured_Clostridiales_bacterium,0.006815968841285297
Bacteria,Firmicutes,Clostridia,Lachnospirales,Lachnospiraceae,GCA-900066755,None,Bacteria,Firmicutes,Clostridia,Oscillospirales,Oscillospiraceae,UCG-005,uncultured_rumen_bacterium,0.006815968841285297
Bacteria,Firmicutes,Clostridia,Lachnospirales,Lachnospiraceae,GCA-900066755,None,Bacteria,Firmicutes,Clostridia,Oscillospirales,Oscillospiraceae,None,None,0.004868549172346641
Bacteria,Firmicutes,Clostridia,Lachnospirales,Lachnospiraceae,GCA-900066755,None,Bacteria,Firmicutes,Clostridia,Oscillospirales,Oscillospiraceae,uncultured,metagenome,0.006815968841285297
Bacteria,Firmicutes,Clostridia,Lachnospirales,Lachnospiraceae,GCA-900066755,None,Bacteria,Firmicutes,Clostridia,Oscillospirales,Oscillospiraceae,uncultured,unidentified,0.006815968841285297
Bacteria,Firmicutes,Clostridia,Lachnospirales,Lachnospiraceae,GCA-900066755,None,Bacteria,Firmicutes,Clostridia,Oscillospirales,Ruminococcaceae,Anaerofilum,uncultured_Firmicutes_bacterium,0.006815968841285297
Bacteria,Firmicutes,Clostridia,Lachnospirales,Lachnospiraceae,GCA-900066755,None,Bacteria,Firmicutes,Clostridia,Oscillospirales,Ruminococcaceae,Anaerotruncus,Anaerotruncus_rubiinfantis,0.006815968841285297
Bacteria,Firmicutes,Clostridia,Lachnospirales,Lachnospiraceae,GCA-900066755,None,Bacteria,Firmicutes,Clostridia,Oscillospirales,Ruminococcaceae,Anaerotruncus,Anaerotruncus_sp._NML_070203,0.006815968841285297
Bacteria,Firmicutes,Clostridia,Lachnospirales,Lachnospiraceae,GCA-900066755,None,Bacteria,Firmicutes,Clostridia,Oscillospirales,Ruminococcaceae,Candidatus_Soleaferrea,Neobitarella_massiliensis,0.006815968841285297
Bacteria,Firmicutes,Clostridia,Lachnospirales,Lachnospiraceae,GCA-900066755,None,Bacteria,Firmicutes,Clostridia,Oscillospirales,Ruminococcaceae,Candidatus_Soleaferrea,None,0.005842259006815969
Bacteria,Firmicutes,Clostridia,Lachnospirales,Lachnospiraceae,GCA-900066755,None,Bacteria,Firmicutes,Clostridia,Oscillospirales,Ruminococcaceae,DTU089,None,0.005842259006815969
Bacteria,Firmicutes,Clostridia,Lachnospirales,Lachnospiraceae,GCA-900066755,None,Bacteria,Firmicutes,Clostridia,Oscillospirales,Ruminococcaceae,Faecalibacterium,None,0.005842259006815969
Bacteria,Firmicutes,Clostridia,Lachnospirales,Lachnospiraceae,GCA-900066755,None,Bacteria,Firmicutes,Clostridia,Oscillospirales,Ruminococcaceae,Fournierella,uncultured_organism,0.006815968841285297
Bacteria,Firmicutes,Clostridia,Lachnospirales,Lachnospiraceae,GCA-900066755,None,Bacteria,Firmicutes,Clostridia,Oscillospirales,Ruminococcaceae,Incertae_Sedis,metagenome,0.006815968841285297
Bacteria,Firmicutes,Clostridia,Lachnospirales,Lachnospiraceae,GCA-900066755,None,Bacteria,Firmicutes,Clostridia,Oscillospirales,Ruminococcaceae,Incertae_Sedis,None,0.005842259006815969
Bacteria,Firmicutes,Clostridia,Lachnospirales,Lachnospiraceae,GCA-900066755,None,Bacteria,Firmicutes,Clostridia,Oscillospirales,Ruminococcaceae,Negativibacillus,None,0.005842259006815969
Bacteria,Firmicutes,Clostridia,Lachnospirales,Lachnospiraceae,GCA-900066755,None,Bacteria,Firmicutes,Clostridia,Oscillospirales,Ruminococcaceae,Ruminococcus,Ruminococcus_champanellensis,0.006815968841285297
Bacteria,Firmicutes,Clostridia,Lachnospirales,Lachnospiraceae,GCA-900066755,None,Bacteria,Firmicutes,Clostridia,Oscillospirales,Ruminococcaceae,Ruminococcus,None,0.005842259006815969
Bacteria,Firmicutes,Clostridia,Lachnospirales,Lachnospiraceae,GCA-900066755,None,Bacteria,Firmicutes,Clostridia,Oscillospirales,Ruminococcaceae,Subdoligranulum,None,0.005842259006815969
Bacteria,Firmicutes,Clostridia,Lachnospirales,Lachnospiraceae,GCA-900066755,None,Bacteria,Firmicutes,Clostridia,Oscillospirales,Ruminococcaceae,UBA1819,None,0.005842259006815969
Bacteria,Firmicutes,Clostridia,Lachnospirales,Lachnospiraceae,GCA-900066755,None,Bacteria,Firmicutes,Clostridia,Oscillospirales,Ruminococcaceae,Eubacterium_siraeum_group,None,0.005842259006815969
Bacteria,Firmicutes,Clostridia,Lachnospirales,Lachnospiraceae,GCA-900066755,None,Bacteria,Firmicutes,Clostridia,Oscillospirales,Ruminococcaceae,None,None,0.004868549172346641
Bacteria,Firmicutes,Clostridia,Lachnospirales,Lachnospiraceae,GCA-900066755,None,Bacteria,Firmicutes,Clostridia,Oscillospirales,UCG-010,None,None,0.004868549172346641
Bacteria,Firmicutes,Clostridia,Lachnospirales,Lachnospiraceae,GCA-900066755,None,Bacteria,Firmicutes,Clostridia,Oscillospirales,UCG-010,metagenome,None,0.005842259006815969
Bacteria,Firmicutes,Clostridia,Lachnospirales,Lachnospiraceae,GCA-900066755,None,Bacteria,Firmicutes,Clostridia,Oscillospirales,UCG-010,uncultured_bacterium,None,0.005842259006815969
Bacteria,Firmicutes,Clostridia,Lachnospirales,Lachnospiraceae,GCA-900066755,None,Bacteria,Firmicutes,Clostridia,Oscillospirales,UCG-010,uncultured_organism,None,0.005842259006815969
Bacteria,Firmicutes,Clostridia,Lachnospirales,Lachnospiraceae,GCA-900066755,None,Bacteria,Firmicutes,Clostridia,Oscillospirales,Clostridium_methylpentosum_group,None,None,0.004868549172346641
Bacteria,Firmicutes,Clostridia,Lachnospirales,Lachnospiraceae,GCA-900066755,None,Bacteria,Firmicutes,Clostridia,Oscillospirales,Eubacterium_coprostanoligenes_group,None,None,0.004868549172346641
Bacteria,Firmicutes,Clostridia,Lachnospirales,Lachnospiraceae,GCA-900066755,None,Bacteria,Firmicutes,Clostridia,Oscillospirales,None,None,None,0.0038948393378773127
Bacteria,Firmicutes,Clostridia,Lachnospirales,Lachnospiraceae,GCA-900066755,None,Bacteria,Firmicutes,Clostridia,Peptococcales,Peptococcaceae,uncultured,None,0.005842259006815969
Bacteria,Firmicutes,Clostridia,Lachnospirales,Lachnospiraceae,GCA-900066755,None,Bacteria,Firmicutes,Clostridia,Peptostreptococcales-Tissierellales,Anaerovoracaceae,Family_XIII_AD3011_group,metagenome,0.006815968841285297
Bacteria,Firmicutes,Clostridia,Lachnospirales,Lachnospiraceae,GCA-900066755,None,Bacteria,Firmicutes,Clostridia,Peptostreptococcales-Tissierellales,Anaerovoracaceae,Family_XIII_AD3011_group,None,0.005842259006815969
Bacteria,Firmicutes,Clostridia,Lachnospirales,Lachnospiraceae,GCA-900066755,None,Bacteria,Firmicutes,Clostridia,Peptostreptococcales-Tissierellales,Anaerovoracaceae,Family_XIII_AD3011_group,uncultured,0.006815968841285297
Bacteria,Firmicutes,Clostridia,Lachnospirales,Lachnospiraceae,GCA-900066755,None,Bacteria,Firmicutes,Clostridia,Peptostreptococcales-Tissierellales,Anaerovoracaceae,Family_XIII_UCG-001,metagenome,0.006815968841285297
Bacteria,Firmicutes,Clostridia,Lachnospirales,Lachnospiraceae,GCA-900066755,None,Bacteria,Firmicutes,Clostridia,Peptostreptococcales-Tissierellales,Anaerovoracaceae,Eubacterium_nodatum_group,None,0.005842259006815969
Bacteria,Firmicutes,Clostridia,Lachnospirales,Lachnospiraceae,GCA-900066755,None,Bacteria,Firmicutes,Clostridia,Peptostreptococcales-Tissierellales,Anaerovoracaceae,None,None,0.004868549172346641
Bacteria,Firmicutes,Clostridia,Lachnospirales,Lachnospiraceae,GCA-900066755,None,Bacteria,Firmicutes,Clostridia,Peptostreptococcales-Tissierellales,Parvimonas,None,None,0.004868549172346641
Bacteria,Firmicutes,Clostridia,Lachnospirales,Lachnospiraceae,GCA-900066755,None,Bacteria,Firmicutes,Clostridia,None,None,None,None,0.0029211295034079843
Bacteria,Firmicutes,Clostridia,Lachnospirales,Lachnospiraceae,GCA-900066755,None,Bacteria,Firmicutes,Incertae_Sedis,DTU014,unidentified,None,None,0.006815968841285297
Bacteria,Firmicutes,Clostridia,Lachnospirales,Lachnospiraceae,GCA-900066755,None,Bacteria,Firmicutes,Limnochordia,M55-D21,uncultured_compost_bacterium,None,None,0.006815968841285297
Bacteria,Firmicutes,Clostridia,Lachnospirales,Lachnospiraceae,GCA-900066755,None,Bacteria,Firmicutes,Negativicutes,Acidaminococcales,Acidaminococcaceae,Phascolarctobacterium,None,0.007789678675754625
Bacteria,Firmicutes,Clostridia,Lachnospirales,Lachnospiraceae,GCA-900066755,None,Bacteria,Firmicutes,None,None,None,None,None,0.0038948393378773127
Bacteria,Firmicutes,Clostridia,Lachnospirales,Lachnospiraceae,GCA-900066755,None,Bacteria,Firmicutes,uncultured,uncultured_Peptococcaceae_bacterium,None,None,None,0.005842259006815969
Bacteria,Firmicutes,Clostridia,Lachnospirales,Lachnospiraceae,GCA-900066755,None,Bacteria,Proteobacteria,Alphaproteobacteria,Rhodospirillales,uncultured,None,None,0.008763388510223954
Bacteria,Firmicutes,Clostridia,Lachnospirales,Lachnospiraceae,GCA-900066755,None,Bacteria,Proteobacteria,Gammaproteobacteria,Burkholderiales,Sutterellaceae,Sutterella,Sutterella_sp._252,0.010710808179162609
Bacteria,Firmicutes,Clostridia,Lachnospirales,Lachnospiraceae,GCA-900066755,None,Bacteria,Proteobacteria,Gammaproteobacteria,Enterobacterales,Enterobacteriaceae,Escherichia-Shigella,None,0.009737098344693282
Bacteria,Firmicutes,Clostridia,Lachnospirales,Lachnospiraceae,GCA-900066755,None,Bacteria,Proteobacteria,Gammaproteobacteria,Enterobacterales,Enterobacteriaceae,Klebsiella,None,0.009737098344693282
Bacteria,Firmicutes,Clostridia,Lachnospirales,Lachnospiraceae,GCA-900066755,None,Bacteria,Proteobacteria,Gammaproteobacteria,Enterobacterales,Enterobacteriaceae,None,None,0.008763388510223954
Bacteria,Firmicutes,Clostridia,Lachnospirales,Lachnospiraceae,GCA-900066755,None,Bacteria,Proteobacteria,Gammaproteobacteria,Pseudomonadales,Pseudomonadaceae,Pseudomonas,None,0.009737098344693282
Bacteria,Firmicutes,Clostridia,Lachnospirales,Lachnospiraceae,GCA-900066755,None,Bacteria,Synergistota,Synergistia,Synergistales,Synergistaceae,Cloacibacillus,None,0.009737098344693282
Bacteria,Firmicutes,Clostridia,Lachnospirales,Lachnospiraceae,GCA-900066755,None,Bacteria,Verrucomicrobiota,Verrucomicrobiae,Verrucomicrobiales,Akkermansiaceae,Akkermansia,None,0.009737098344693282
Bacteria,Firmicutes,Clostridia,Lachnospirales,Lachnospiraceae,Hungatella,metagenome,Bacteria,Firmicutes,Clostridia,Lachnospirales,Lachnospiraceae,Lachnoclostridium,Clostridium_symbiosum,0.0038948393378773127
Bacteria,Firmicutes,Clostridia,Lachnospirales,Lachnospiraceae,Hungatella,metagenome,Bacteria,Firmicutes,Clostridia,Lachnospirales,Lachnospiraceae,Lachnoclostridium,None,0.0029211295034079843
Bacteria,Firmicutes,Clostridia,Lachnospirales,Lachnospiraceae,Hungatella,metagenome,Bacteria,Firmicutes,Clostridia,Lachnospirales,Lachnospiraceae,Lachnoclostridium,uncultured_Lachnospiraceae_bacterium,0.0038948393378773127
Bacteria,Firmicutes,Clostridia,Lachnospirales,Lachnospiraceae,Hungatella,metagenome,Bacteria,Firmicutes,Clostridia,Lachnospirales,Lachnospiraceae,Lachnospiraceae_ND3007_group,metagenome,0.0038948393378773127
Bacteria,Firmicutes,Clostridia,Lachnospirales,Lachnospiraceae,Hungatella,metagenome,Bacteria,Firmicutes,Clostridia,Lachnospirales,Lachnospiraceae,Lachnospiraceae_NK4A136_group,None,0.0029211295034079843
Bacteria,Firmicutes,Clostridia,Lachnospirales,Lachnospiraceae,Hungatella,metagenome,Bacteria,Firmicutes,Clostridia,Lachnospirales,Lachnospiraceae,Lachnospiraceae_NK4A136_group,uncultured_Lachnospiraceae_bacterium,0.0038948393378773127
Bacteria,Firmicutes,Clostridia,Lachnospirales,Lachnospiraceae,Hungatella,metagenome,Bacteria,Firmicutes,Clostridia,Lachnospirales,Lachnospiraceae,Lachnospiraceae_NK4A136_group,uncultured_bacterium_Adhufec49.25,0.0038948393378773127
Bacteria,Firmicutes,Clostridia,Lachnospirales,Lachnospiraceae,Hungatella,metagenome,Bacteria,Firmicutes,Clostridia,Lachnospirales,Lachnospiraceae,Lachnospiraceae_NK4B4_group,None,0.0029211295034079843
Bacteria,Firmicutes,Clostridia,Lachnospirales,Lachnospiraceae,Hungatella,metagenome,Bacteria,Firmicutes,Clostridia,Lachnospirales,Lachnospiraceae,Lachnospiraceae_UCG-001,metagenome,0.0038948393378773127
Bacteria,Firmicutes,Clostridia,Lachnospirales,Lachnospiraceae,Hungatella,metagenome,Bacteria,Firmicutes,Clostridia,Lachnospirales,Lachnospiraceae,Lachnospiraceae_UCG-004,None,0.0029211295034079843
Bacteria,Firmicutes,Clostridia,Lachnospirales,Lachnospiraceae,Hungatella,metagenome,Bacteria,Firmicutes,Clostridia,Lachnospirales,Lachnospiraceae,Lachnospiraceae_UCG-008,metagenome,0.0038948393378773127
Bacteria,Firmicutes,Clostridia,Lachnospirales,Lachnospiraceae,Hungatella,metagenome,Bacteria,Firmicutes,Clostridia,Lachnospirales,Lachnospiraceae,Lachnospiraceae_UCG-010,None,0.0029211295034079843
Bacteria,Firmicutes,Clostridia,Lachnospirales,Lachnospiraceae,Hungatella,metagenome,Bacteria,Firmicutes,Clostridia,Lachnospirales,Lachnospiraceae,Marvinbryantia,None,0.0029211295034079843
Bacteria,Firmicutes,Clostridia,Lachnospirales,Lachnospiraceae,Hungatella,metagenome,Bacteria,Firmicutes,Clostridia,Lachnospirales,Lachnospiraceae,Marvinbryantia,unidentified,0.0038948393378773127
Bacteria,Firmicutes,Clostridia,Lachnospirales,Lachnospiraceae,Hungatella,metagenome,Bacteria,Firmicutes,Clostridia,Lachnospirales,Lachnospiraceae,Roseburia,None,0.0029211295034079843
Bacteria,Firmicutes,Clostridia,Lachnospirales,Lachnospiraceae,Hungatella,metagenome,Bacteria,Firmicutes,Clostridia,Lachnospirales,Lachnospiraceae,Roseburia,gut_metagenome,0.0038948393378773127
Bacteria,Firmicutes,Clostridia,Lachnospirales,Lachnospiraceae,Hungatella,metagenome,Bacteria,Firmicutes,Clostridia,Lachnospirales,Lachnospiraceae,Tuzzerella,None,0.0029211295034079843
Bacteria,Firmicutes,Clostridia,Lachnospirales,Lachnospiraceae,Hungatella,metagenome,Bacteria,Firmicutes,Clostridia,Lachnospirales,Lachnospiraceae,Tyzzerella,None,0.0029211295034079843
Bacteria,Firmicutes,Clostridia,Lachnospirales,Lachnospiraceae,Hungatella,metagenome,Bacteria,Firmicutes,Clostridia,Lachnospirales,Lachnospiraceae,Eubacterium_hallii_group,None,0.0029211295034079843
Bacteria,Firmicutes,Clostridia,Lachnospirales,Lachnospiraceae,Hungatella,metagenome,Bacteria,Firmicutes,Clostridia,Lachnospirales,Lachnospiraceae,Eubacterium_ventriosum_group,metagenome,0.0038948393378773127
Bacteria,Firmicutes,Clostridia,Lachnospirales,Lachnospiraceae,Hungatella,metagenome,Bacteria,Firmicutes,Clostridia,Lachnospirales,Lachnospiraceae,Ruminococcus_gauvreauii_group,uncultured_Lachnospiraceae_bacterium,0.0038948393378773127
Bacteria,Firmicutes,Clostridia,Lachnospirales,Lachnospiraceae,Hungatella,metagenome,Bacteria,Firmicutes,Clostridia,Lachnospirales,Lachnospiraceae,Ruminococcus_gnavus_group,None,0.0029211295034079843
Bacteria,Firmicutes,Clostridia,Lachnospirales,Lachnospiraceae,Hungatella,metagenome,Bacteria,Firmicutes,Clostridia,Lachnospirales,Lachnospiraceae,Ruminococcus_torques_group,Clostridiaceae_bacterium_LEMV78,0.0038948393378773127
Bacteria,Firmicutes,Clostridia,Lachnospirales,Lachnospiraceae,Hungatella,metagenome,Bacteria,Firmicutes,Clostridia,Lachnospirales,Lachnospiraceae,Ruminococcus_torques_group,None,0.0029211295034079843
Bacteria,Firmicutes,Clostridia,Lachnospirales,Lachnospiraceae,Hungatella,metagenome,Bacteria,Firmicutes,Clostridia,Lachnospirales,Lachnospiraceae,None,None,0.0029211295034079843
Bacteria,Firmicutes,Clostridia,Lachnospirales,Lachnospiraceae,Hungatella,metagenome,Bacteria,Firmicutes,Clostridia,Lachnospirales,Lachnospiraceae,uncultured,None,0.0029211295034079843
Bacteria,Firmicutes,Clostridia,Lachnospirales,Lachnospiraceae,Hungatella,metagenome,Bacteria,Firmicutes,Clostridia,Monoglobales,Monoglobaceae,Monoglobus,None,0.006815968841285297
Bacteria,Firmicutes,Clostridia,Lachnospirales,Lachnospiraceae,Hungatella,metagenome,Bacteria,Firmicutes,Clostridia,Oscillospirales,Butyricicoccaceae,Butyricicoccus,None,0.006815968841285297
Bacteria,Firmicutes,Clostridia,Lachnospirales,Lachnospiraceae,Hungatella,metagenome,Bacteria,Firmicutes,Clostridia,Oscillospirales,Hydrogenoanaerobacterium,None,None,0.005842259006815969
Bacteria,Firmicutes,Clostridia,Lachnospirales,Lachnospiraceae,Hungatella,metagenome,Bacteria,Firmicutes,Clostridia,Oscillospirales,Oscillospiraceae,Colidextribacter,None,0.006815968841285297
Bacteria,Firmicutes,Clostridia,Lachnospirales,Lachnospiraceae,Hungatella,metagenome,Bacteria,Firmicutes,Clostridia,Oscillospirales,Oscillospiraceae,Colidextribacter,metagenome,0.007789678675754625
Bacteria,Firmicutes,Clostridia,Lachnospirales,Lachnospiraceae,Hungatella,metagenome,Bacteria,Firmicutes,Clostridia,Oscillospirales,Oscillospiraceae,Flavonifractor,None,0.006815968841285297
Bacteria,Firmicutes,Clostridia,Lachnospirales,Lachnospiraceae,Hungatella,metagenome,Bacteria,Firmicutes,Clostridia,Oscillospirales,Oscillospiraceae,Intestinimonas,None,0.006815968841285297
Bacteria,Firmicutes,Clostridia,Lachnospirales,Lachnospiraceae,Hungatella,metagenome,Bacteria,Firmicutes,Clostridia,Oscillospirales,Oscillospiraceae,Intestinimonas,uncultured,0.007789678675754625
Bacteria,Firmicutes,Clostridia,Lachnospirales,Lachnospiraceae,Hungatella,metagenome,Bacteria,Firmicutes,Clostridia,Oscillospirales,Oscillospiraceae,NK4A214_group,None,0.006815968841285297
Bacteria,Firmicutes,Clostridia,Lachnospirales,Lachnospiraceae,Hungatella,metagenome,Bacteria,Firmicutes,Clostridia,Oscillospirales,Oscillospiraceae,Oscillibacter,None,0.006815968841285297
Bacteria,Firmicutes,Clostridia,Lachnospirales,Lachnospiraceae,Hungatella,metagenome,Bacteria,Firmicutes,Clostridia,Oscillospirales,Oscillospiraceae,Oscillibacter,metagenome,0.007789678675754625
Bacteria,Firmicutes,Clostridia,Lachnospirales,Lachnospiraceae,Hungatella,metagenome,Bacteria,Firmicutes,Clostridia,Oscillospirales,Oscillospiraceae,Oscillospira,None,0.006815968841285297
Bacteria,Firmicutes,Clostridia,Lachnospirales,Lachnospiraceae,Hungatella,metagenome,Bacteria,Firmicutes,Clostridia,Oscillospirales,Oscillospiraceae,UCG-002,None,0.006815968841285297
Bacteria,Firmicutes,Clostridia,Lachnospirales,Lachnospiraceae,Hungatella,metagenome,Bacteria,Firmicutes,Clostridia,Oscillospirales,Oscillospiraceae,UCG-003,None,0.006815968841285297
Bacteria,Firmicutes,Clostridia,Lachnospirales,Lachnospiraceae,Hungatella,metagenome,Bacteria,Firmicutes,Clostridia,Oscillospirales,Oscillospiraceae,UCG-005,None,0.006815968841285297
Bacteria,Firmicutes,Clostridia,Lachnospirales,Lachnospiraceae,Hungatella,metagenome,Bacteria,Firmicutes,Clostridia,Oscillospirales,Oscillospiraceae,UCG-005,metagenome,0.007789678675754625
Bacteria,Firmicutes,Clostridia,Lachnospirales,Lachnospiraceae,Hungatella,metagenome,Bacteria,Firmicutes,Clostridia,Oscillospirales,Oscillospiraceae,UCG-005,uncultured_Clostridiales_bacterium,0.007789678675754625
Bacteria,Firmicutes,Clostridia,Lachnospirales,Lachnospiraceae,Hungatella,metagenome,Bacteria,Firmicutes,Clostridia,Oscillospirales,Oscillospiraceae,UCG-005,uncultured_rumen_bacterium,0.007789678675754625
Bacteria,Firmicutes,Clostridia,Lachnospirales,Lachnospiraceae,Hungatella,metagenome,Bacteria,Firmicutes,Clostridia,Oscillospirales,Oscillospiraceae,None,None,0.005842259006815969
Bacteria,Firmicutes,Clostridia,Lachnospirales,Lachnospiraceae,Hungatella,metagenome,Bacteria,Firmicutes,Clostridia,Oscillospirales,Oscillospiraceae,uncultured,metagenome,0.007789678675754625
Bacteria,Firmicutes,Clostridia,Lachnospirales,Lachnospiraceae,Hungatella,metagenome,Bacteria,Firmicutes,Clostridia,Oscillospirales,Oscillospiraceae,uncultured,unidentified,0.007789678675754625
Bacteria,Firmicutes,Clostridia,Lachnospirales,Lachnospiraceae,Hungatella,metagenome,Bacteria,Firmicutes,Clostridia,Oscillospirales,Ruminococcaceae,Anaerofilum,uncultured_Firmicutes_bacterium,0.007789678675754625
Bacteria,Firmicutes,Clostridia,Lachnospirales,Lachnospiraceae,Hungatella,metagenome,Bacteria,Firmicutes,Clostridia,Oscillospirales,Ruminococcaceae,Anaerotruncus,Anaerotruncus_rubiinfantis,0.007789678675754625
Bacteria,Firmicutes,Clostridia,Lachnospirales,Lachnospiraceae,Hungatella,metagenome,Bacteria,Firmicutes,Clostridia,Oscillospirales,Ruminococcaceae,Anaerotruncus,Anaerotruncus_sp._NML_070203,0.007789678675754625
Bacteria,Firmicutes,Clostridia,Lachnospirales,Lachnospiraceae,Hungatella,metagenome,Bacteria,Firmicutes,Clostridia,Oscillospirales,Ruminococcaceae,Candidatus_Soleaferrea,Neobitarella_massiliensis,0.007789678675754625
Bacteria,Firmicutes,Clostridia,Lachnospirales,Lachnospiraceae,Hungatella,metagenome,Bacteria,Firmicutes,Clostridia,Oscillospirales,Ruminococcaceae,Candidatus_Soleaferrea,None,0.006815968841285297
Bacteria,Firmicutes,Clostridia,Lachnospirales,Lachnospiraceae,Hungatella,metagenome,Bacteria,Firmicutes,Clostridia,Oscillospirales,Ruminococcaceae,DTU089,None,0.006815968841285297
Bacteria,Firmicutes,Clostridia,Lachnospirales,Lachnospiraceae,Hungatella,metagenome,Bacteria,Firmicutes,Clostridia,Oscillospirales,Ruminococcaceae,Faecalibacterium,None,0.006815968841285297
Bacteria,Firmicutes,Clostridia,Lachnospirales,Lachnospiraceae,Hungatella,metagenome,Bacteria,Firmicutes,Clostridia,Oscillospirales,Ruminococcaceae,Fournierella,uncultured_organism,0.007789678675754625
Bacteria,Firmicutes,Clostridia,Lachnospirales,Lachnospiraceae,Hungatella,metagenome,Bacteria,Firmicutes,Clostridia,Oscillospirales,Ruminococcaceae,Incertae_Sedis,metagenome,0.007789678675754625
Bacteria,Firmicutes,Clostridia,Lachnospirales,Lachnospiraceae,Hungatella,metagenome,Bacteria,Firmicutes,Clostridia,Oscillospirales,Ruminococcaceae,Incertae_Sedis,None,0.006815968841285297
Bacteria,Firmicutes,Clostridia,Lachnospirales,Lachnospiraceae,Hungatella,metagenome,Bacteria,Firmicutes,Clostridia,Oscillospirales,Ruminococcaceae,Negativibacillus,None,0.006815968841285297
Bacteria,Firmicutes,Clostridia,Lachnospirales,Lachnospiraceae,Hungatella,metagenome,Bacteria,Firmicutes,Clostridia,Oscillospirales,Ruminococcaceae,Ruminococcus,Ruminococcus_champanellensis,0.007789678675754625
Bacteria,Firmicutes,Clostridia,Lachnospirales,Lachnospiraceae,Hungatella,metagenome,Bacteria,Firmicutes,Clostridia,Oscillospirales,Ruminococcaceae,Ruminococcus,None,0.006815968841285297
Bacteria,Firmicutes,Clostridia,Lachnospirales,Lachnospiraceae,Hungatella,metagenome,Bacteria,Firmicutes,Clostridia,Oscillospirales,Ruminococcaceae,Subdoligranulum,None,0.006815968841285297
Bacteria,Firmicutes,Clostridia,Lachnospirales,Lachnospiraceae,Hungatella,metagenome,Bacteria,Firmicutes,Clostridia,Oscillospirales,Ruminococcaceae,UBA1819,None,0.006815968841285297
Bacteria,Firmicutes,Clostridia,Lachnospirales,Lachnospiraceae,Hungatella,metagenome,Bacteria,Firmicutes,Clostridia,Oscillospirales,Ruminococcaceae,Eubacterium_siraeum_group,None,0.006815968841285297
Bacteria,Firmicutes,Clostridia,Lachnospirales,Lachnospiraceae,Hungatella,metagenome,Bacteria,Firmicutes,Clostridia,Oscillospirales,Ruminococcaceae,None,None,0.005842259006815969
Bacteria,Firmicutes,Clostridia,Lachnospirales,Lachnospiraceae,Hungatella,metagenome,Bacteria,Firmicutes,Clostridia,Oscillospirales,UCG-010,None,None,0.005842259006815969
Bacteria,Firmicutes,Clostridia,Lachnospirales,Lachnospiraceae,Hungatella,metagenome,Bacteria,Firmicutes,Clostridia,Oscillospirales,UCG-010,metagenome,None,0.006815968841285297
Bacteria,Firmicutes,Clostridia,Lachnospirales,Lachnospiraceae,Hungatella,metagenome,Bacteria,Firmicutes,Clostridia,Oscillospirales,UCG-010,uncultured_bacterium,None,0.006815968841285297
Bacteria,Firmicutes,Clostridia,Lachnospirales,Lachnospiraceae,Hungatella,metagenome,Bacteria,Firmicutes,Clostridia,Oscillospirales,UCG-010,uncultured_organism,None,0.006815968841285297
Bacteria,Firmicutes,Clostridia,Lachnospirales,Lachnospiraceae,Hungatella,metagenome,Bacteria,Firmicutes,Clostridia,Oscillospirales,Clostridium_methylpentosum_group,None,None,0.005842259006815969
Bacteria,Firmicutes,Clostridia,Lachnospirales,Lachnospiraceae,Hungatella,metagenome,Bacteria,Firmicutes,Clostridia,Oscillospirales,Eubacterium_coprostanoligenes_group,None,None,0.005842259006815969
Bacteria,Firmicutes,Clostridia,Lachnospirales,Lachnospiraceae,Hungatella,metagenome,Bacteria,Firmicutes,Clostridia,Oscillospirales,None,None,None,0.004868549172346641
Bacteria,Firmicutes,Clostridia,Lachnospirales,Lachnospiraceae,Hungatella,metagenome,Bacteria,Firmicutes,Clostridia,Peptococcales,Peptococcaceae,uncultured,None,0.006815968841285297
Bacteria,Firmicutes,Clostridia,Lachnospirales,Lachnospiraceae,Hungatella,metagenome,Bacteria,Firmicutes,Clostridia,Peptostreptococcales-Tissierellales,Anaerovoracaceae,Family_XIII_AD3011_group,metagenome,0.007789678675754625
Bacteria,Firmicutes,Clostridia,Lachnospirales,Lachnospiraceae,Hungatella,metagenome,Bacteria,Firmicutes,Clostridia,Peptostreptococcales-Tissierellales,Anaerovoracaceae,Family_XIII_AD3011_group,None,0.006815968841285297
Bacteria,Firmicutes,Clostridia,Lachnospirales,Lachnospiraceae,Hungatella,metagenome,Bacteria,Firmicutes,Clostridia,Peptostreptococcales-Tissierellales,Anaerovoracaceae,Family_XIII_AD3011_group,uncultured,0.007789678675754625
Bacteria,Firmicutes,Clostridia,Lachnospirales,Lachnospiraceae,Hungatella,metagenome,Bacteria,Firmicutes,Clostridia,Peptostreptococcales-Tissierellales,Anaerovoracaceae,Family_XIII_UCG-001,metagenome,0.007789678675754625
Bacteria,Firmicutes,Clostridia,Lachnospirales,Lachnospiraceae,Hungatella,metagenome,Bacteria,Firmicutes,Clostridia,Peptostreptococcales-Tissierellales,Anaerovoracaceae,Eubacterium_nodatum_group,None,0.006815968841285297
Bacteria,Firmicutes,Clostridia,Lachnospirales,Lachnospiraceae,Hungatella,metagenome,Bacteria,Firmicutes,Clostridia,Peptostreptococcales-Tissierellales,Anaerovoracaceae,None,None,0.005842259006815969
Bacteria,Firmicutes,Clostridia,Lachnospirales,Lachnospiraceae,Hungatella,metagenome,Bacteria,Firmicutes,Clostridia,Peptostreptococcales-Tissierellales,Parvimonas,None,None,0.005842259006815969
Bacteria,Firmicutes,Clostridia,Lachnospirales,Lachnospiraceae,Hungatella,metagenome,Bacteria,Firmicutes,Clostridia,None,None,None,None,0.0038948393378773127
Bacteria,Firmicutes,Clostridia,Lachnospirales,Lachnospiraceae,Hungatella,metagenome,Bacteria,Firmicutes,Incertae_Sedis,DTU014,unidentified,None,None,0.007789678675754625
Bacteria,Firmicutes,Clostridia,Lachnospirales,Lachnospiraceae,Hungatella,metagenome,Bacteria,Firmicutes,Limnochordia,M55-D21,uncultured_compost_bacterium,None,None,0.007789678675754625
Bacteria,Firmicutes,Clostridia,Lachnospirales,Lachnospiraceae,Hungatella,metagenome,Bacteria,Firmicutes,Negativicutes,Acidaminococcales,Acidaminococcaceae,Phascolarctobacterium,None,0.008763388510223954
Bacteria,Firmicutes,Clostridia,Lachnospirales,Lachnospiraceae,Hungatella,metagenome,Bacteria,Firmicutes,None,None,None,None,None,0.004868549172346641
Bacteria,Firmicutes,Clostridia,Lachnospirales,Lachnospiraceae,Hungatella,metagenome,Bacteria,Firmicutes,uncultured,uncultured_Peptococcaceae_bacterium,None,None,None,0.006815968841285297
Bacteria,Firmicutes,Clostridia,Lachnospirales,Lachnospiraceae,Hungatella,metagenome,Bacteria,Proteobacteria,Alphaproteobacteria,Rhodospirillales,uncultured,None,None,0.009737098344693282
Bacteria,Firmicutes,Clostridia,Lachnospirales,Lachnospiraceae,Hungatella,metagenome,Bacteria,Proteobacteria,Gammaproteobacteria,Burkholderiales,Sutterellaceae,Sutterella,Sutterella_sp._252,0.011684518013631937
Bacteria,Firmicutes,Clostridia,Lachnospirales,Lachnospiraceae,Hungatella,metagenome,Bacteria,Proteobacteria,Gammaproteobacteria,Enterobacterales,Enterobacteriaceae,Escherichia-Shigella,None,0.010710808179162609
Bacteria,Firmicutes,Clostridia,Lachnospirales,Lachnospiraceae,Hungatella,metagenome,Bacteria,Proteobacteria,Gammaproteobacteria,Enterobacterales,Enterobacteriaceae,Klebsiella,None,0.010710808179162609
Bacteria,Firmicutes,Clostridia,Lachnospirales,Lachnospiraceae,Hungatella,metagenome,Bacteria,Proteobacteria,Gammaproteobacteria,Enterobacterales,Enterobacteriaceae,None,None,0.009737098344693282
Bacteria,Firmicutes,Clostridia,Lachnospirales,Lachnospiraceae,Hungatella,metagenome,Bacteria,Proteobacteria,Gammaproteobacteria,Pseudomonadales,Pseudomonadaceae,Pseudomonas,None,0.010710808179162609
Bacteria,Firmicutes,Clostridia,Lachnospirales,Lachnospiraceae,Hungatella,metagenome,Bacteria,Synergistota,Synergistia,Synergistales,Synergistaceae,Cloacibacillus,None,0.010710808179162609
Bacteria,Firmicutes,Clostridia,Lachnospirales,Lachnospiraceae,Hungatella,metagenome,Bacteria,Verrucomicrobiota,Verrucomicrobiae,Verrucomicrobiales,Akkermansiaceae,Akkermansia,None,0.010710808179162609
Bacteria,Firmicutes,Clostridia,Lachnospirales,Lachnospiraceae,Lachnoclostridium,Clostridium_symbiosum,Bacteria,Firmicutes,Clostridia,Lachnospirales,Lachnospiraceae,Lachnoclostridium,None,0.0009737098344693282
Bacteria,Firmicutes,Clostridia,Lachnospirales,Lachnospiraceae,Lachnoclostridium,Clostridium_symbiosum,Bacteria,Firmicutes,Clostridia,Lachnospirales,Lachnospiraceae,Lachnoclostridium,uncultured_Lachnospiraceae_bacterium,0.0019474196689386564
Bacteria,Firmicutes,Clostridia,Lachnospirales,Lachnospiraceae,Lachnoclostridium,Clostridium_symbiosum,Bacteria,Firmicutes,Clostridia,Lachnospirales,Lachnospiraceae,Lachnospiraceae_ND3007_group,metagenome,0.0038948393378773127
Bacteria,Firmicutes,Clostridia,Lachnospirales,Lachnospiraceae,Lachnoclostridium,Clostridium_symbiosum,Bacteria,Firmicutes,Clostridia,Lachnospirales,Lachnospiraceae,Lachnospiraceae_NK4A136_group,None,0.0029211295034079843
Bacteria,Firmicutes,Clostridia,Lachnospirales,Lachnospiraceae,Lachnoclostridium,Clostridium_symbiosum,Bacteria,Firmicutes,Clostridia,Lachnospirales,Lachnospiraceae,Lachnospiraceae_NK4A136_group,uncultured_Lachnospiraceae_bacterium,0.0038948393378773127
Bacteria,Firmicutes,Clostridia,Lachnospirales,Lachnospiraceae,Lachnoclostridium,Clostridium_symbiosum,Bacteria,Firmicutes,Clostridia,Lachnospirales,Lachnospiraceae,Lachnospiraceae_NK4A136_group,uncultured_bacterium_Adhufec49.25,0.0038948393378773127
Bacteria,Firmicutes,Clostridia,Lachnospirales,Lachnospiraceae,Lachnoclostridium,Clostridium_symbiosum,Bacteria,Firmicutes,Clostridia,Lachnospirales,Lachnospiraceae,Lachnospiraceae_NK4B4_group,None,0.0029211295034079843
Bacteria,Firmicutes,Clostridia,Lachnospirales,Lachnospiraceae,Lachnoclostridium,Clostridium_symbiosum,Bacteria,Firmicutes,Clostridia,Lachnospirales,Lachnospiraceae,Lachnospiraceae_UCG-001,metagenome,0.0038948393378773127
Bacteria,Firmicutes,Clostridia,Lachnospirales,Lachnospiraceae,Lachnoclostridium,Clostridium_symbiosum,Bacteria,Firmicutes,Clostridia,Lachnospirales,Lachnospiraceae,Lachnospiraceae_UCG-004,None,0.0029211295034079843
Bacteria,Firmicutes,Clostridia,Lachnospirales,Lachnospiraceae,Lachnoclostridium,Clostridium_symbiosum,Bacteria,Firmicutes,Clostridia,Lachnospirales,Lachnospiraceae,Lachnospiraceae_UCG-008,metagenome,0.0038948393378773127
Bacteria,Firmicutes,Clostridia,Lachnospirales,Lachnospiraceae,Lachnoclostridium,Clostridium_symbiosum,Bacteria,Firmicutes,Clostridia,Lachnospirales,Lachnospiraceae,Lachnospiraceae_UCG-010,None,0.0029211295034079843
Bacteria,Firmicutes,Clostridia,Lachnospirales,Lachnospiraceae,Lachnoclostridium,Clostridium_symbiosum,Bacteria,Firmicutes,Clostridia,Lachnospirales,Lachnospiraceae,Marvinbryantia,None,0.0029211295034079843
Bacteria,Firmicutes,Clostridia,Lachnospirales,Lachnospiraceae,Lachnoclostridium,Clostridium_symbiosum,Bacteria,Firmicutes,Clostridia,Lachnospirales,Lachnospiraceae,Marvinbryantia,unidentified,0.0038948393378773127
Bacteria,Firmicutes,Clostridia,Lachnospirales,Lachnospiraceae,Lachnoclostridium,Clostridium_symbiosum,Bacteria,Firmicutes,Clostridia,Lachnospirales,Lachnospiraceae,Roseburia,None,0.0029211295034079843
Bacteria,Firmicutes,Clostridia,Lachnospirales,Lachnospiraceae,Lachnoclostridium,Clostridium_symbiosum,Bacteria,Firmicutes,Clostridia,Lachnospirales,Lachnospiraceae,Roseburia,gut_metagenome,0.0038948393378773127
Bacteria,Firmicutes,Clostridia,Lachnospirales,Lachnospiraceae,Lachnoclostridium,Clostridium_symbiosum,Bacteria,Firmicutes,Clostridia,Lachnospirales,Lachnospiraceae,Tuzzerella,None,0.0029211295034079843
Bacteria,Firmicutes,Clostridia,Lachnospirales,Lachnospiraceae,Lachnoclostridium,Clostridium_symbiosum,Bacteria,Firmicutes,Clostridia,Lachnospirales,Lachnospiraceae,Tyzzerella,None,0.0029211295034079843
Bacteria,Firmicutes,Clostridia,Lachnospirales,Lachnospiraceae,Lachnoclostridium,Clostridium_symbiosum,Bacteria,Firmicutes,Clostridia,Lachnospirales,Lachnospiraceae,Eubacterium_hallii_group,None,0.0029211295034079843
Bacteria,Firmicutes,Clostridia,Lachnospirales,Lachnospiraceae,Lachnoclostridium,Clostridium_symbiosum,Bacteria,Firmicutes,Clostridia,Lachnospirales,Lachnospiraceae,Eubacterium_ventriosum_group,metagenome,0.0038948393378773127
Bacteria,Firmicutes,Clostridia,Lachnospirales,Lachnospiraceae,Lachnoclostridium,Clostridium_symbiosum,Bacteria,Firmicutes,Clostridia,Lachnospirales,Lachnospiraceae,Ruminococcus_gauvreauii_group,uncultured_Lachnospiraceae_bacterium,0.0038948393378773127
Bacteria,Firmicutes,Clostridia,Lachnospirales,Lachnospiraceae,Lachnoclostridium,Clostridium_symbiosum,Bacteria,Firmicutes,Clostridia,Lachnospirales,Lachnospiraceae,Ruminococcus_gnavus_group,None,0.0029211295034079843
Bacteria,Firmicutes,Clostridia,Lachnospirales,Lachnospiraceae,Lachnoclostridium,Clostridium_symbiosum,Bacteria,Firmicutes,Clostridia,Lachnospirales,Lachnospiraceae,Ruminococcus_torques_group,Clostridiaceae_bacterium_LEMV78,0.0038948393378773127
Bacteria,Firmicutes,Clostridia,Lachnospirales,Lachnospiraceae,Lachnoclostridium,Clostridium_symbiosum,Bacteria,Firmicutes,Clostridia,Lachnospirales,Lachnospiraceae,Ruminococcus_torques_group,None,0.0029211295034079843
Bacteria,Firmicutes,Clostridia,Lachnospirales,Lachnospiraceae,Lachnoclostridium,Clostridium_symbiosum,Bacteria,Firmicutes,Clostridia,Lachnospirales,Lachnospiraceae,None,None,0.0029211295034079843
Bacteria,Firmicutes,Clostridia,Lachnospirales,Lachnospiraceae,Lachnoclostridium,Clostridium_symbiosum,Bacteria,Firmicutes,Clostridia,Lachnospirales,Lachnospiraceae,uncultured,None,0.0029211295034079843
Bacteria,Firmicutes,Clostridia,Lachnospirales,Lachnospiraceae,Lachnoclostridium,Clostridium_symbiosum,Bacteria,Firmicutes,Clostridia,Monoglobales,Monoglobaceae,Monoglobus,None,0.006815968841285297
Bacteria,Firmicutes,Clostridia,Lachnospirales,Lachnospiraceae,Lachnoclostridium,Clostridium_symbiosum,Bacteria,Firmicutes,Clostridia,Oscillospirales,Butyricicoccaceae,Butyricicoccus,None,0.006815968841285297
Bacteria,Firmicutes,Clostridia,Lachnospirales,Lachnospiraceae,Lachnoclostridium,Clostridium_symbiosum,Bacteria,Firmicutes,Clostridia,Oscillospirales,Hydrogenoanaerobacterium,None,None,0.005842259006815969
Bacteria,Firmicutes,Clostridia,Lachnospirales,Lachnospiraceae,Lachnoclostridium,Clostridium_symbiosum,Bacteria,Firmicutes,Clostridia,Oscillospirales,Oscillospiraceae,Colidextribacter,None,0.006815968841285297
Bacteria,Firmicutes,Clostridia,Lachnospirales,Lachnospiraceae,Lachnoclostridium,Clostridium_symbiosum,Bacteria,Firmicutes,Clostridia,Oscillospirales,Oscillospiraceae,Colidextribacter,metagenome,0.007789678675754625
Bacteria,Firmicutes,Clostridia,Lachnospirales,Lachnospiraceae,Lachnoclostridium,Clostridium_symbiosum,Bacteria,Firmicutes,Clostridia,Oscillospirales,Oscillospiraceae,Flavonifractor,None,0.006815968841285297
Bacteria,Firmicutes,Clostridia,Lachnospirales,Lachnospiraceae,Lachnoclostridium,Clostridium_symbiosum,Bacteria,Firmicutes,Clostridia,Oscillospirales,Oscillospiraceae,Intestinimonas,None,0.006815968841285297
Bacteria,Firmicutes,Clostridia,Lachnospirales,Lachnospiraceae,Lachnoclostridium,Clostridium_symbiosum,Bacteria,Firmicutes,Clostridia,Oscillospirales,Oscillospiraceae,Intestinimonas,uncultured,0.007789678675754625
Bacteria,Firmicutes,Clostridia,Lachnospirales,Lachnospiraceae,Lachnoclostridium,Clostridium_symbiosum,Bacteria,Firmicutes,Clostridia,Oscillospirales,Oscillospiraceae,NK4A214_group,None,0.006815968841285297
Bacteria,Firmicutes,Clostridia,Lachnospirales,Lachnospiraceae,Lachnoclostridium,Clostridium_symbiosum,Bacteria,Firmicutes,Clostridia,Oscillospirales,Oscillospiraceae,Oscillibacter,None,0.006815968841285297
Bacteria,Firmicutes,Clostridia,Lachnospirales,Lachnospiraceae,Lachnoclostridium,Clostridium_symbiosum,Bacteria,Firmicutes,Clostridia,Oscillospirales,Oscillospiraceae,Oscillibacter,metagenome,0.007789678675754625
Bacteria,Firmicutes,Clostridia,Lachnospirales,Lachnospiraceae,Lachnoclostridium,Clostridium_symbiosum,Bacteria,Firmicutes,Clostridia,Oscillospirales,Oscillospiraceae,Oscillospira,None,0.006815968841285297
Bacteria,Firmicutes,Clostridia,Lachnospirales,Lachnospiraceae,Lachnoclostridium,Clostridium_symbiosum,Bacteria,Firmicutes,Clostridia,Oscillospirales,Oscillospiraceae,UCG-002,None,0.006815968841285297
Bacteria,Firmicutes,Clostridia,Lachnospirales,Lachnospiraceae,Lachnoclostridium,Clostridium_symbiosum,Bacteria,Firmicutes,Clostridia,Oscillospirales,Oscillospiraceae,UCG-003,None,0.006815968841285297
Bacteria,Firmicutes,Clostridia,Lachnospirales,Lachnospiraceae,Lachnoclostridium,Clostridium_symbiosum,Bacteria,Firmicutes,Clostridia,Oscillospirales,Oscillospiraceae,UCG-005,None,0.006815968841285297
Bacteria,Firmicutes,Clostridia,Lachnospirales,Lachnospiraceae,Lachnoclostridium,Clostridium_symbiosum,Bacteria,Firmicutes,Clostridia,Oscillospirales,Oscillospiraceae,UCG-005,metagenome,0.007789678675754625
Bacteria,Firmicutes,Clostridia,Lachnospirales,Lachnospiraceae,Lachnoclostridium,Clostridium_symbiosum,Bacteria,Firmicutes,Clostridia,Oscillospirales,Oscillospiraceae,UCG-005,uncultured_Clostridiales_bacterium,0.007789678675754625
Bacteria,Firmicutes,Clostridia,Lachnospirales,Lachnospiraceae,Lachnoclostridium,Clostridium_symbiosum,Bacteria,Firmicutes,Clostridia,Oscillospirales,Oscillospiraceae,UCG-005,uncultured_rumen_bacterium,0.007789678675754625
Bacteria,Firmicutes,Clostridia,Lachnospirales,Lachnospiraceae,Lachnoclostridium,Clostridium_symbiosum,Bacteria,Firmicutes,Clostridia,Oscillospirales,Oscillospiraceae,None,None,0.005842259006815969
Bacteria,Firmicutes,Clostridia,Lachnospirales,Lachnospiraceae,Lachnoclostridium,Clostridium_symbiosum,Bacteria,Firmicutes,Clostridia,Oscillospirales,Oscillospiraceae,uncultured,metagenome,0.007789678675754625
Bacteria,Firmicutes,Clostridia,Lachnospirales,Lachnospiraceae,Lachnoclostridium,Clostridium_symbiosum,Bacteria,Firmicutes,Clostridia,Oscillospirales,Oscillospiraceae,uncultured,unidentified,0.007789678675754625
Bacteria,Firmicutes,Clostridia,Lachnospirales,Lachnospiraceae,Lachnoclostridium,Clostridium_symbiosum,Bacteria,Firmicutes,Clostridia,Oscillospirales,Ruminococcaceae,Anaerofilum,uncultured_Firmicutes_bacterium,0.007789678675754625
Bacteria,Firmicutes,Clostridia,Lachnospirales,Lachnospiraceae,Lachnoclostridium,Clostridium_symbiosum,Bacteria,Firmicutes,Clostridia,Oscillospirales,Ruminococcaceae,Anaerotruncus,Anaerotruncus_rubiinfantis,0.007789678675754625
Bacteria,Firmicutes,Clostridia,Lachnospirales,Lachnospiraceae,Lachnoclostridium,Clostridium_symbiosum,Bacteria,Firmicutes,Clostridia,Oscillospirales,Ruminococcaceae,Anaerotruncus,Anaerotruncus_sp._NML_070203,0.007789678675754625
Bacteria,Firmicutes,Clostridia,Lachnospirales,Lachnospiraceae,Lachnoclostridium,Clostridium_symbiosum,Bacteria,Firmicutes,Clostridia,Oscillospirales,Ruminococcaceae,Candidatus_Soleaferrea,Neobitarella_massiliensis,0.007789678675754625
Bacteria,Firmicutes,Clostridia,Lachnospirales,Lachnospiraceae,Lachnoclostridium,Clostridium_symbiosum,Bacteria,Firmicutes,Clostridia,Oscillospirales,Ruminococcaceae,Candidatus_Soleaferrea,None,0.006815968841285297
Bacteria,Firmicutes,Clostridia,Lachnospirales,Lachnospiraceae,Lachnoclostridium,Clostridium_symbiosum,Bacteria,Firmicutes,Clostridia,Oscillospirales,Ruminococcaceae,DTU089,None,0.006815968841285297
Bacteria,Firmicutes,Clostridia,Lachnospirales,Lachnospiraceae,Lachnoclostridium,Clostridium_symbiosum,Bacteria,Firmicutes,Clostridia,Oscillospirales,Ruminococcaceae,Faecalibacterium,None,0.006815968841285297
Bacteria,Firmicutes,Clostridia,Lachnospirales,Lachnospiraceae,Lachnoclostridium,Clostridium_symbiosum,Bacteria,Firmicutes,Clostridia,Oscillospirales,Ruminococcaceae,Fournierella,uncultured_organism,0.007789678675754625
Bacteria,Firmicutes,Clostridia,Lachnospirales,Lachnospiraceae,Lachnoclostridium,Clostridium_symbiosum,Bacteria,Firmicutes,Clostridia,Oscillospirales,Ruminococcaceae,Incertae_Sedis,metagenome,0.007789678675754625
Bacteria,Firmicutes,Clostridia,Lachnospirales,Lachnospiraceae,Lachnoclostridium,Clostridium_symbiosum,Bacteria,Firmicutes,Clostridia,Oscillospirales,Ruminococcaceae,Incertae_Sedis,None,0.006815968841285297
Bacteria,Firmicutes,Clostridia,Lachnospirales,Lachnospiraceae,Lachnoclostridium,Clostridium_symbiosum,Bacteria,Firmicutes,Clostridia,Oscillospirales,Ruminococcaceae,Negativibacillus,None,0.006815968841285297
Bacteria,Firmicutes,Clostridia,Lachnospirales,Lachnospiraceae,Lachnoclostridium,Clostridium_symbiosum,Bacteria,Firmicutes,Clostridia,Oscillospirales,Ruminococcaceae,Ruminococcus,Ruminococcus_champanellensis,0.007789678675754625
Bacteria,Firmicutes,Clostridia,Lachnospirales,Lachnospiraceae,Lachnoclostridium,Clostridium_symbiosum,Bacteria,Firmicutes,Clostridia,Oscillospirales,Ruminococcaceae,Ruminococcus,None,0.006815968841285297
Bacteria,Firmicutes,Clostridia,Lachnospirales,Lachnospiraceae,Lachnoclostridium,Clostridium_symbiosum,Bacteria,Firmicutes,Clostridia,Oscillospirales,Ruminococcaceae,Subdoligranulum,None,0.006815968841285297
Bacteria,Firmicutes,Clostridia,Lachnospirales,Lachnospiraceae,Lachnoclostridium,Clostridium_symbiosum,Bacteria,Firmicutes,Clostridia,Oscillospirales,Ruminococcaceae,UBA1819,None,0.006815968841285297
Bacteria,Firmicutes,Clostridia,Lachnospirales,Lachnospiraceae,Lachnoclostridium,Clostridium_symbiosum,Bacteria,Firmicutes,Clostridia,Oscillospirales,Ruminococcaceae,Eubacterium_siraeum_group,None,0.006815968841285297
Bacteria,Firmicutes,Clostridia,Lachnospirales,Lachnospiraceae,Lachnoclostridium,Clostridium_symbiosum,Bacteria,Firmicutes,Clostridia,Oscillospirales,Ruminococcaceae,None,None,0.005842259006815969
Bacteria,Firmicutes,Clostridia,Lachnospirales,Lachnospiraceae,Lachnoclostridium,Clostridium_symbiosum,Bacteria,Firmicutes,Clostridia,Oscillospirales,UCG-010,None,None,0.005842259006815969
Bacteria,Firmicutes,Clostridia,Lachnospirales,Lachnospiraceae,Lachnoclostridium,Clostridium_symbiosum,Bacteria,Firmicutes,Clostridia,Oscillospirales,UCG-010,metagenome,None,0.006815968841285297
Bacteria,Firmicutes,Clostridia,Lachnospirales,Lachnospiraceae,Lachnoclostridium,Clostridium_symbiosum,Bacteria,Firmicutes,Clostridia,Oscillospirales,UCG-010,uncultured_bacterium,None,0.006815968841285297
Bacteria,Firmicutes,Clostridia,Lachnospirales,Lachnospiraceae,Lachnoclostridium,Clostridium_symbiosum,Bacteria,Firmicutes,Clostridia,Oscillospirales,UCG-010,uncultured_organism,None,0.006815968841285297
Bacteria,Firmicutes,Clostridia,Lachnospirales,Lachnospiraceae,Lachnoclostridium,Clostridium_symbiosum,Bacteria,Firmicutes,Clostridia,Oscillospirales,Clostridium_methylpentosum_group,None,None,0.005842259006815969
Bacteria,Firmicutes,Clostridia,Lachnospirales,Lachnospiraceae,Lachnoclostridium,Clostridium_symbiosum,Bacteria,Firmicutes,Clostridia,Oscillospirales,Eubacterium_coprostanoligenes_group,None,None,0.005842259006815969
Bacteria,Firmicutes,Clostridia,Lachnospirales,Lachnospiraceae,Lachnoclostridium,Clostridium_symbiosum,Bacteria,Firmicutes,Clostridia,Oscillospirales,None,None,None,0.004868549172346641
Bacteria,Firmicutes,Clostridia,Lachnospirales,Lachnospiraceae,Lachnoclostridium,Clostridium_symbiosum,Bacteria,Firmicutes,Clostridia,Peptococcales,Peptococcaceae,uncultured,None,0.006815968841285297
Bacteria,Firmicutes,Clostridia,Lachnospirales,Lachnospiraceae,Lachnoclostridium,Clostridium_symbiosum,Bacteria,Firmicutes,Clostridia,Peptostreptococcales-Tissierellales,Anaerovoracaceae,Family_XIII_AD3011_group,metagenome,0.007789678675754625
Bacteria,Firmicutes,Clostridia,Lachnospirales,Lachnospiraceae,Lachnoclostridium,Clostridium_symbiosum,Bacteria,Firmicutes,Clostridia,Peptostreptococcales-Tissierellales,Anaerovoracaceae,Family_XIII_AD3011_group,None,0.006815968841285297
Bacteria,Firmicutes,Clostridia,Lachnospirales,Lachnospiraceae,Lachnoclostridium,Clostridium_symbiosum,Bacteria,Firmicutes,Clostridia,Peptostreptococcales-Tissierellales,Anaerovoracaceae,Family_XIII_AD3011_group,uncultured,0.007789678675754625
Bacteria,Firmicutes,Clostridia,Lachnospirales,Lachnospiraceae,Lachnoclostridium,Clostridium_symbiosum,Bacteria,Firmicutes,Clostridia,Peptostreptococcales-Tissierellales,Anaerovoracaceae,Family_XIII_UCG-001,metagenome,0.007789678675754625
Bacteria,Firmicutes,Clostridia,Lachnospirales,Lachnospiraceae,Lachnoclostridium,Clostridium_symbiosum,Bacteria,Firmicutes,Clostridia,Peptostreptococcales-Tissierellales,Anaerovoracaceae,Eubacterium_nodatum_group,None,0.006815968841285297
Bacteria,Firmicutes,Clostridia,Lachnospirales,Lachnospiraceae,Lachnoclostridium,Clostridium_symbiosum,Bacteria,Firmicutes,Clostridia,Peptostreptococcales-Tissierellales,Anaerovoracaceae,None,None,0.005842259006815969
Bacteria,Firmicutes,Clostridia,Lachnospirales,Lachnospiraceae,Lachnoclostridium,Clostridium_symbiosum,Bacteria,Firmicutes,Clostridia,Peptostreptococcales-Tissierellales,Parvimonas,None,None,0.005842259006815969
Bacteria,Firmicutes,Clostridia,Lachnospirales,Lachnospiraceae,Lachnoclostridium,Clostridium_symbiosum,Bacteria,Firmicutes,Clostridia,None,None,None,None,0.0038948393378773127
Bacteria,Firmicutes,Clostridia,Lachnospirales,Lachnospiraceae,Lachnoclostridium,Clostridium_symbiosum,Bacteria,Firmicutes,Incertae_Sedis,DTU014,unidentified,None,None,0.007789678675754625
Bacteria,Firmicutes,Clostridia,Lachnospirales,Lachnospiraceae,Lachnoclostridium,Clostridium_symbiosum,Bacteria,Firmicutes,Limnochordia,M55-D21,uncultured_compost_bacterium,None,None,0.007789678675754625
Bacteria,Firmicutes,Clostridia,Lachnospirales,Lachnospiraceae,Lachnoclostridium,Clostridium_symbiosum,Bacteria,Firmicutes,Negativicutes,Acidaminococcales,Acidaminococcaceae,Phascolarctobacterium,None,0.008763388510223954
Bacteria,Firmicutes,Clostridia,Lachnospirales,Lachnospiraceae,Lachnoclostridium,Clostridium_symbiosum,Bacteria,Firmicutes,None,None,None,None,None,0.004868549172346641
Bacteria,Firmicutes,Clostridia,Lachnospirales,Lachnospiraceae,Lachnoclostridium,Clostridium_symbiosum,Bacteria,Firmicutes,uncultured,uncultured_Peptococcaceae_bacterium,None,None,None,0.006815968841285297
Bacteria,Firmicutes,Clostridia,Lachnospirales,Lachnospiraceae,Lachnoclostridium,Clostridium_symbiosum,Bacteria,Proteobacteria,Alphaproteobacteria,Rhodospirillales,uncultured,None,None,0.009737098344693282
Bacteria,Firmicutes,Clostridia,Lachnospirales,Lachnospiraceae,Lachnoclostridium,Clostridium_symbiosum,Bacteria,Proteobacteria,Gammaproteobacteria,Burkholderiales,Sutterellaceae,Sutterella,Sutterella_sp._252,0.011684518013631937
Bacteria,Firmicutes,Clostridia,Lachnospirales,Lachnospiraceae,Lachnoclostridium,Clostridium_symbiosum,Bacteria,Proteobacteria,Gammaproteobacteria,Enterobacterales,Enterobacteriaceae,Escherichia-Shigella,None,0.010710808179162609
Bacteria,Firmicutes,Clostridia,Lachnospirales,Lachnospiraceae,Lachnoclostridium,Clostridium_symbiosum,Bacteria,Proteobacteria,Gammaproteobacteria,Enterobacterales,Enterobacteriaceae,Klebsiella,None,0.010710808179162609
Bacteria,Firmicutes,Clostridia,Lachnospirales,Lachnospiraceae,Lachnoclostridium,Clostridium_symbiosum,Bacteria,Proteobacteria,Gammaproteobacteria,Enterobacterales,Enterobacteriaceae,None,None,0.009737098344693282
Bacteria,Firmicutes,Clostridia,Lachnospirales,Lachnospiraceae,Lachnoclostridium,Clostridium_symbiosum,Bacteria,Proteobacteria,Gammaproteobacteria,Pseudomonadales,Pseudomonadaceae,Pseudomonas,None,0.010710808179162609
Bacteria,Firmicutes,Clostridia,Lachnospirales,Lachnospiraceae,Lachnoclostridium,Clostridium_symbiosum,Bacteria,Synergistota,Synergistia,Synergistales,Synergistaceae,Cloacibacillus,None,0.010710808179162609
Bacteria,Firmicutes,Clostridia,Lachnospirales,Lachnospiraceae,Lachnoclostridium,Clostridium_symbiosum,Bacteria,Verrucomicrobiota,Verrucomicrobiae,Verrucomicrobiales,Akkermansiaceae,Akkermansia,None,0.010710808179162609
Bacteria,Firmicutes,Clostridia,Lachnospirales,Lachnospiraceae,Lachnoclostridium,None,Bacteria,Firmicutes,Clostridia,Lachnospirales,Lachnospiraceae,Lachnoclostridium,uncultured_Lachnospiraceae_bacterium,0.0009737098344693282
Bacteria,Firmicutes,Clostridia,Lachnospirales,Lachnospiraceae,Lachnoclostridium,None,Bacteria,Firmicutes,Clostridia,Lachnospirales,Lachnospiraceae,Lachnospiraceae_ND3007_group,metagenome,0.0029211295034079843
Bacteria,Firmicutes,Clostridia,Lachnospirales,Lachnospiraceae,Lachnoclostridium,None,Bacteria,Firmicutes,Clostridia,Lachnospirales,Lachnospiraceae,Lachnospiraceae_NK4A136_group,None,0.0019474196689386564
Bacteria,Firmicutes,Clostridia,Lachnospirales,Lachnospiraceae,Lachnoclostridium,None,Bacteria,Firmicutes,Clostridia,Lachnospirales,Lachnospiraceae,Lachnospiraceae_NK4A136_group,uncultured_Lachnospiraceae_bacterium,0.0029211295034079843
Bacteria,Firmicutes,Clostridia,Lachnospirales,Lachnospiraceae,Lachnoclostridium,None,Bacteria,Firmicutes,Clostridia,Lachnospirales,Lachnospiraceae,Lachnospiraceae_NK4A136_group,uncultured_bacterium_Adhufec49.25,0.0029211295034079843
Bacteria,Firmicutes,Clostridia,Lachnospirales,Lachnospiraceae,Lachnoclostridium,None,Bacteria,Firmicutes,Clostridia,Lachnospirales,Lachnospiraceae,Lachnospiraceae_NK4B4_group,None,0.0019474196689386564
Bacteria,Firmicutes,Clostridia,Lachnospirales,Lachnospiraceae,Lachnoclostridium,None,Bacteria,Firmicutes,Clostridia,Lachnospirales,Lachnospiraceae,Lachnospiraceae_UCG-001,metagenome,0.0029211295034079843
Bacteria,Firmicutes,Clostridia,Lachnospirales,Lachnospiraceae,Lachnoclostridium,None,Bacteria,Firmicutes,Clostridia,Lachnospirales,Lachnospiraceae,Lachnospiraceae_UCG-004,None,0.0019474196689386564
Bacteria,Firmicutes,Clostridia,Lachnospirales,Lachnospiraceae,Lachnoclostridium,None,Bacteria,Firmicutes,Clostridia,Lachnospirales,Lachnospiraceae,Lachnospiraceae_UCG-008,metagenome,0.0029211295034079843
Bacteria,Firmicutes,Clostridia,Lachnospirales,Lachnospiraceae,Lachnoclostridium,None,Bacteria,Firmicutes,Clostridia,Lachnospirales,Lachnospiraceae,Lachnospiraceae_UCG-010,None,0.0019474196689386564
Bacteria,Firmicutes,Clostridia,Lachnospirales,Lachnospiraceae,Lachnoclostridium,None,Bacteria,Firmicutes,Clostridia,Lachnospirales,Lachnospiraceae,Marvinbryantia,None,0.0019474196689386564
Bacteria,Firmicutes,Clostridia,Lachnospirales,Lachnospiraceae,Lachnoclostridium,None,Bacteria,Firmicutes,Clostridia,Lachnospirales,Lachnospiraceae,Marvinbryantia,unidentified,0.0029211295034079843
Bacteria,Firmicutes,Clostridia,Lachnospirales,Lachnospiraceae,Lachnoclostridium,None,Bacteria,Firmicutes,Clostridia,Lachnospirales,Lachnospiraceae,Roseburia,None,0.0019474196689386564
Bacteria,Firmicutes,Clostridia,Lachnospirales,Lachnospiraceae,Lachnoclostridium,None,Bacteria,Firmicutes,Clostridia,Lachnospirales,Lachnospiraceae,Roseburia,gut_metagenome,0.0029211295034079843
Bacteria,Firmicutes,Clostridia,Lachnospirales,Lachnospiraceae,Lachnoclostridium,None,Bacteria,Firmicutes,Clostridia,Lachnospirales,Lachnospiraceae,Tuzzerella,None,0.0019474196689386564
Bacteria,Firmicutes,Clostridia,Lachnospirales,Lachnospiraceae,Lachnoclostridium,None,Bacteria,Firmicutes,Clostridia,Lachnospirales,Lachnospiraceae,Tyzzerella,None,0.0019474196689386564
Bacteria,Firmicutes,Clostridia,Lachnospirales,Lachnospiraceae,Lachnoclostridium,None,Bacteria,Firmicutes,Clostridia,Lachnospirales,Lachnospiraceae,Eubacterium_hallii_group,None,0.0019474196689386564
Bacteria,Firmicutes,Clostridia,Lachnospirales,Lachnospiraceae,Lachnoclostridium,None,Bacteria,Firmicutes,Clostridia,Lachnospirales,Lachnospiraceae,Eubacterium_ventriosum_group,metagenome,0.0029211295034079843
Bacteria,Firmicutes,Clostridia,Lachnospirales,Lachnospiraceae,Lachnoclostridium,None,Bacteria,Firmicutes,Clostridia,Lachnospirales,Lachnospiraceae,Ruminococcus_gauvreauii_group,uncultured_Lachnospiraceae_bacterium,0.0029211295034079843
Bacteria,Firmicutes,Clostridia,Lachnospirales,Lachnospiraceae,Lachnoclostridium,None,Bacteria,Firmicutes,Clostridia,Lachnospirales,Lachnospiraceae,Ruminococcus_gnavus_group,None,0.0019474196689386564
Bacteria,Firmicutes,Clostridia,Lachnospirales,Lachnospiraceae,Lachnoclostridium,None,Bacteria,Firmicutes,Clostridia,Lachnospirales,Lachnospiraceae,Ruminococcus_torques_group,Clostridiaceae_bacterium_LEMV78,0.0029211295034079843
Bacteria,Firmicutes,Clostridia,Lachnospirales,Lachnospiraceae,Lachnoclostridium,None,Bacteria,Firmicutes,Clostridia,Lachnospirales,Lachnospiraceae,Ruminococcus_torques_group,None,0.0019474196689386564
Bacteria,Firmicutes,Clostridia,Lachnospirales,Lachnospiraceae,Lachnoclostridium,None,Bacteria,Firmicutes,Clostridia,Lachnospirales,Lachnospiraceae,None,None,0.0019474196689386564
Bacteria,Firmicutes,Clostridia,Lachnospirales,Lachnospiraceae,Lachnoclostridium,None,Bacteria,Firmicutes,Clostridia,Lachnospirales,Lachnospiraceae,uncultured,None,0.0019474196689386564
Bacteria,Firmicutes,Clostridia,Lachnospirales,Lachnospiraceae,Lachnoclostridium,None,Bacteria,Firmicutes,Clostridia,Monoglobales,Monoglobaceae,Monoglobus,None,0.005842259006815969
Bacteria,Firmicutes,Clostridia,Lachnospirales,Lachnospiraceae,Lachnoclostridium,None,Bacteria,Firmicutes,Clostridia,Oscillospirales,Butyricicoccaceae,Butyricicoccus,None,0.005842259006815969
Bacteria,Firmicutes,Clostridia,Lachnospirales,Lachnospiraceae,Lachnoclostridium,None,Bacteria,Firmicutes,Clostridia,Oscillospirales,Hydrogenoanaerobacterium,None,None,0.004868549172346641
Bacteria,Firmicutes,Clostridia,Lachnospirales,Lachnospiraceae,Lachnoclostridium,None,Bacteria,Firmicutes,Clostridia,Oscillospirales,Oscillospiraceae,Colidextribacter,None,0.005842259006815969
Bacteria,Firmicutes,Clostridia,Lachnospirales,Lachnospiraceae,Lachnoclostridium,None,Bacteria,Firmicutes,Clostridia,Oscillospirales,Oscillospiraceae,Colidextribacter,metagenome,0.006815968841285297
Bacteria,Firmicutes,Clostridia,Lachnospirales,Lachnospiraceae,Lachnoclostridium,None,Bacteria,Firmicutes,Clostridia,Oscillospirales,Oscillospiraceae,Flavonifractor,None,0.005842259006815969
Bacteria,Firmicutes,Clostridia,Lachnospirales,Lachnospiraceae,Lachnoclostridium,None,Bacteria,Firmicutes,Clostridia,Oscillospirales,Oscillospiraceae,Intestinimonas,None,0.005842259006815969
Bacteria,Firmicutes,Clostridia,Lachnospirales,Lachnospiraceae,Lachnoclostridium,None,Bacteria,Firmicutes,Clostridia,Oscillospirales,Oscillospiraceae,Intestinimonas,uncultured,0.006815968841285297
Bacteria,Firmicutes,Clostridia,Lachnospirales,Lachnospiraceae,Lachnoclostridium,None,Bacteria,Firmicutes,Clostridia,Oscillospirales,Oscillospiraceae,NK4A214_group,None,0.005842259006815969
Bacteria,Firmicutes,Clostridia,Lachnospirales,Lachnospiraceae,Lachnoclostridium,None,Bacteria,Firmicutes,Clostridia,Oscillospirales,Oscillospiraceae,Oscillibacter,None,0.005842259006815969
Bacteria,Firmicutes,Clostridia,Lachnospirales,Lachnospiraceae,Lachnoclostridium,None,Bacteria,Firmicutes,Clostridia,Oscillospirales,Oscillospiraceae,Oscillibacter,metagenome,0.006815968841285297
Bacteria,Firmicutes,Clostridia,Lachnospirales,Lachnospiraceae,Lachnoclostridium,None,Bacteria,Firmicutes,Clostridia,Oscillospirales,Oscillospiraceae,Oscillospira,None,0.005842259006815969
Bacteria,Firmicutes,Clostridia,Lachnospirales,Lachnospiraceae,Lachnoclostridium,None,Bacteria,Firmicutes,Clostridia,Oscillospirales,Oscillospiraceae,UCG-002,None,0.005842259006815969
Bacteria,Firmicutes,Clostridia,Lachnospirales,Lachnospiraceae,Lachnoclostridium,None,Bacteria,Firmicutes,Clostridia,Oscillospirales,Oscillospiraceae,UCG-003,None,0.005842259006815969
Bacteria,Firmicutes,Clostridia,Lachnospirales,Lachnospiraceae,Lachnoclostridium,None,Bacteria,Firmicutes,Clostridia,Oscillospirales,Oscillospiraceae,UCG-005,None,0.005842259006815969
Bacteria,Firmicutes,Clostridia,Lachnospirales,Lachnospiraceae,Lachnoclostridium,None,Bacteria,Firmicutes,Clostridia,Oscillospirales,Oscillospiraceae,UCG-005,metagenome,0.006815968841285297
Bacteria,Firmicutes,Clostridia,Lachnospirales,Lachnospiraceae,Lachnoclostridium,None,Bacteria,Firmicutes,Clostridia,Oscillospirales,Oscillospiraceae,UCG-005,uncultured_Clostridiales_bacterium,0.006815968841285297
Bacteria,Firmicutes,Clostridia,Lachnospirales,Lachnospiraceae,Lachnoclostridium,None,Bacteria,Firmicutes,Clostridia,Oscillospirales,Oscillospiraceae,UCG-005,uncultured_rumen_bacterium,0.006815968841285297
Bacteria,Firmicutes,Clostridia,Lachnospirales,Lachnospiraceae,Lachnoclostridium,None,Bacteria,Firmicutes,Clostridia,Oscillospirales,Oscillospiraceae,None,None,0.004868549172346641
Bacteria,Firmicutes,Clostridia,Lachnospirales,Lachnospiraceae,Lachnoclostridium,None,Bacteria,Firmicutes,Clostridia,Oscillospirales,Oscillospiraceae,uncultured,metagenome,0.006815968841285297
Bacteria,Firmicutes,Clostridia,Lachnospirales,Lachnospiraceae,Lachnoclostridium,None,Bacteria,Firmicutes,Clostridia,Oscillospirales,Oscillospiraceae,uncultured,unidentified,0.006815968841285297
Bacteria,Firmicutes,Clostridia,Lachnospirales,Lachnospiraceae,Lachnoclostridium,None,Bacteria,Firmicutes,Clostridia,Oscillospirales,Ruminococcaceae,Anaerofilum,uncultured_Firmicutes_bacterium,0.006815968841285297
Bacteria,Firmicutes,Clostridia,Lachnospirales,Lachnospiraceae,Lachnoclostridium,None,Bacteria,Firmicutes,Clostridia,Oscillospirales,Ruminococcaceae,Anaerotruncus,Anaerotruncus_rubiinfantis,0.006815968841285297
Bacteria,Firmicutes,Clostridia,Lachnospirales,Lachnospiraceae,Lachnoclostridium,None,Bacteria,Firmicutes,Clostridia,Oscillospirales,Ruminococcaceae,Anaerotruncus,Anaerotruncus_sp._NML_070203,0.006815968841285297
Bacteria,Firmicutes,Clostridia,Lachnospirales,Lachnospiraceae,Lachnoclostridium,None,Bacteria,Firmicutes,Clostridia,Oscillospirales,Ruminococcaceae,Candidatus_Soleaferrea,Neobitarella_massiliensis,0.006815968841285297
Bacteria,Firmicutes,Clostridia,Lachnospirales,Lachnospiraceae,Lachnoclostridium,None,Bacteria,Firmicutes,Clostridia,Oscillospirales,Ruminococcaceae,Candidatus_Soleaferrea,None,0.005842259006815969
Bacteria,Firmicutes,Clostridia,Lachnospirales,Lachnospiraceae,Lachnoclostridium,None,Bacteria,Firmicutes,Clostridia,Oscillospirales,Ruminococcaceae,DTU089,None,0.005842259006815969
Bacteria,Firmicutes,Clostridia,Lachnospirales,Lachnospiraceae,Lachnoclostridium,None,Bacteria,Firmicutes,Clostridia,Oscillospirales,Ruminococcaceae,Faecalibacterium,None,0.005842259006815969
Bacteria,Firmicutes,Clostridia,Lachnospirales,Lachnospiraceae,Lachnoclostridium,None,Bacteria,Firmicutes,Clostridia,Oscillospirales,Ruminococcaceae,Fournierella,uncultured_organism,0.006815968841285297
Bacteria,Firmicutes,Clostridia,Lachnospirales,Lachnospiraceae,Lachnoclostridium,None,Bacteria,Firmicutes,Clostridia,Oscillospirales,Ruminococcaceae,Incertae_Sedis,metagenome,0.006815968841285297
Bacteria,Firmicutes,Clostridia,Lachnospirales,Lachnospiraceae,Lachnoclostridium,None,Bacteria,Firmicutes,Clostridia,Oscillospirales,Ruminococcaceae,Incertae_Sedis,None,0.005842259006815969
Bacteria,Firmicutes,Clostridia,Lachnospirales,Lachnospiraceae,Lachnoclostridium,None,Bacteria,Firmicutes,Clostridia,Oscillospirales,Ruminococcaceae,Negativibacillus,None,0.005842259006815969
Bacteria,Firmicutes,Clostridia,Lachnospirales,Lachnospiraceae,Lachnoclostridium,None,Bacteria,Firmicutes,Clostridia,Oscillospirales,Ruminococcaceae,Ruminococcus,Ruminococcus_champanellensis,0.006815968841285297
Bacteria,Firmicutes,Clostridia,Lachnospirales,Lachnospiraceae,Lachnoclostridium,None,Bacteria,Firmicutes,Clostridia,Oscillospirales,Ruminococcaceae,Ruminococcus,None,0.005842259006815969
Bacteria,Firmicutes,Clostridia,Lachnospirales,Lachnospiraceae,Lachnoclostridium,None,Bacteria,Firmicutes,Clostridia,Oscillospirales,Ruminococcaceae,Subdoligranulum,None,0.005842259006815969
Bacteria,Firmicutes,Clostridia,Lachnospirales,Lachnospiraceae,Lachnoclostridium,None,Bacteria,Firmicutes,Clostridia,Oscillospirales,Ruminococcaceae,UBA1819,None,0.005842259006815969
Bacteria,Firmicutes,Clostridia,Lachnospirales,Lachnospiraceae,Lachnoclostridium,None,Bacteria,Firmicutes,Clostridia,Oscillospirales,Ruminococcaceae,Eubacterium_siraeum_group,None,0.005842259006815969
Bacteria,Firmicutes,Clostridia,Lachnospirales,Lachnospiraceae,Lachnoclostridium,None,Bacteria,Firmicutes,Clostridia,Oscillospirales,Ruminococcaceae,None,None,0.004868549172346641
Bacteria,Firmicutes,Clostridia,Lachnospirales,Lachnospiraceae,Lachnoclostridium,None,Bacteria,Firmicutes,Clostridia,Oscillospirales,UCG-010,None,None,0.004868549172346641
Bacteria,Firmicutes,Clostridia,Lachnospirales,Lachnospiraceae,Lachnoclostridium,None,Bacteria,Firmicutes,Clostridia,Oscillospirales,UCG-010,metagenome,None,0.005842259006815969
Bacteria,Firmicutes,Clostridia,Lachnospirales,Lachnospiraceae,Lachnoclostridium,None,Bacteria,Firmicutes,Clostridia,Oscillospirales,UCG-010,uncultured_bacterium,None,0.005842259006815969
Bacteria,Firmicutes,Clostridia,Lachnospirales,Lachnospiraceae,Lachnoclostridium,None,Bacteria,Firmicutes,Clostridia,Oscillospirales,UCG-010,uncultured_organism,None,0.005842259006815969
Bacteria,Firmicutes,Clostridia,Lachnospirales,Lachnospiraceae,Lachnoclostridium,None,Bacteria,Firmicutes,Clostridia,Oscillospirales,Clostridium_methylpentosum_group,None,None,0.004868549172346641
Bacteria,Firmicutes,Clostridia,Lachnospirales,Lachnospiraceae,Lachnoclostridium,None,Bacteria,Firmicutes,Clostridia,Oscillospirales,Eubacterium_coprostanoligenes_group,None,None,0.004868549172346641
Bacteria,Firmicutes,Clostridia,Lachnospirales,Lachnospiraceae,Lachnoclostridium,None,Bacteria,Firmicutes,Clostridia,Oscillospirales,None,None,None,0.0038948393378773127
Bacteria,Firmicutes,Clostridia,Lachnospirales,Lachnospiraceae,Lachnoclostridium,None,Bacteria,Firmicutes,Clostridia,Peptococcales,Peptococcaceae,uncultured,None,0.005842259006815969
Bacteria,Firmicutes,Clostridia,Lachnospirales,Lachnospiraceae,Lachnoclostridium,None,Bacteria,Firmicutes,Clostridia,Peptostreptococcales-Tissierellales,Anaerovoracaceae,Family_XIII_AD3011_group,metagenome,0.006815968841285297
Bacteria,Firmicutes,Clostridia,Lachnospirales,Lachnospiraceae,Lachnoclostridium,None,Bacteria,Firmicutes,Clostridia,Peptostreptococcales-Tissierellales,Anaerovoracaceae,Family_XIII_AD3011_group,None,0.005842259006815969
Bacteria,Firmicutes,Clostridia,Lachnospirales,Lachnospiraceae,Lachnoclostridium,None,Bacteria,Firmicutes,Clostridia,Peptostreptococcales-Tissierellales,Anaerovoracaceae,Family_XIII_AD3011_group,uncultured,0.006815968841285297
Bacteria,Firmicutes,Clostridia,Lachnospirales,Lachnospiraceae,Lachnoclostridium,None,Bacteria,Firmicutes,Clostridia,Peptostreptococcales-Tissierellales,Anaerovoracaceae,Family_XIII_UCG-001,metagenome,0.006815968841285297
Bacteria,Firmicutes,Clostridia,Lachnospirales,Lachnospiraceae,Lachnoclostridium,None,Bacteria,Firmicutes,Clostridia,Peptostreptococcales-Tissierellales,Anaerovoracaceae,Eubacterium_nodatum_group,None,0.005842259006815969
Bacteria,Firmicutes,Clostridia,Lachnospirales,Lachnospiraceae,Lachnoclostridium,None,Bacteria,Firmicutes,Clostridia,Peptostreptococcales-Tissierellales,Anaerovoracaceae,None,None,0.004868549172346641
Bacteria,Firmicutes,Clostridia,Lachnospirales,Lachnospiraceae,Lachnoclostridium,None,Bacteria,Firmicutes,Clostridia,Peptostreptococcales-Tissierellales,Parvimonas,None,None,0.004868549172346641
Bacteria,Firmicutes,Clostridia,Lachnospirales,Lachnospiraceae,Lachnoclostridium,None,Bacteria,Firmicutes,Clostridia,None,None,None,None,0.0029211295034079843
Bacteria,Firmicutes,Clostridia,Lachnospirales,Lachnospiraceae,Lachnoclostridium,None,Bacteria,Firmicutes,Incertae_Sedis,DTU014,unidentified,None,None,0.006815968841285297
Bacteria,Firmicutes,Clostridia,Lachnospirales,Lachnospiraceae,Lachnoclostridium,None,Bacteria,Firmicutes,Limnochordia,M55-D21,uncultured_compost_bacterium,None,None,0.006815968841285297
Bacteria,Firmicutes,Clostridia,Lachnospirales,Lachnospiraceae,Lachnoclostridium,None,Bacteria,Firmicutes,Negativicutes,Acidaminococcales,Acidaminococcaceae,Phascolarctobacterium,None,0.007789678675754625
Bacteria,Firmicutes,Clostridia,Lachnospirales,Lachnospiraceae,Lachnoclostridium,None,Bacteria,Firmicutes,None,None,None,None,None,0.0038948393378773127
Bacteria,Firmicutes,Clostridia,Lachnospirales,Lachnospiraceae,Lachnoclostridium,None,Bacteria,Firmicutes,uncultured,uncultured_Peptococcaceae_bacterium,None,None,None,0.005842259006815969
Bacteria,Firmicutes,Clostridia,Lachnospirales,Lachnospiraceae,Lachnoclostridium,None,Bacteria,Proteobacteria,Alphaproteobacteria,Rhodospirillales,uncultured,None,None,0.008763388510223954
Bacteria,Firmicutes,Clostridia,Lachnospirales,Lachnospiraceae,Lachnoclostridium,None,Bacteria,Proteobacteria,Gammaproteobacteria,Burkholderiales,Sutterellaceae,Sutterella,Sutterella_sp._252,0.010710808179162609
Bacteria,Firmicutes,Clostridia,Lachnospirales,Lachnospiraceae,Lachnoclostridium,None,Bacteria,Proteobacteria,Gammaproteobacteria,Enterobacterales,Enterobacteriaceae,Escherichia-Shigella,None,0.009737098344693282
Bacteria,Firmicutes,Clostridia,Lachnospirales,Lachnospiraceae,Lachnoclostridium,None,Bacteria,Proteobacteria,Gammaproteobacteria,Enterobacterales,Enterobacteriaceae,Klebsiella,None,0.009737098344693282
Bacteria,Firmicutes,Clostridia,Lachnospirales,Lachnospiraceae,Lachnoclostridium,None,Bacteria,Proteobacteria,Gammaproteobacteria,Enterobacterales,Enterobacteriaceae,None,None,0.008763388510223954
Bacteria,Firmicutes,Clostridia,Lachnospirales,Lachnospiraceae,Lachnoclostridium,None,Bacteria,Proteobacteria,Gammaproteobacteria,Pseudomonadales,Pseudomonadaceae,Pseudomonas,None,0.009737098344693282
Bacteria,Firmicutes,Clostridia,Lachnospirales,Lachnospiraceae,Lachnoclostridium,None,Bacteria,Synergistota,Synergistia,Synergistales,Synergistaceae,Cloacibacillus,None,0.009737098344693282
Bacteria,Firmicutes,Clostridia,Lachnospirales,Lachnospiraceae,Lachnoclostridium,None,Bacteria,Verrucomicrobiota,Verrucomicrobiae,Verrucomicrobiales,Akkermansiaceae,Akkermansia,None,0.009737098344693282
Bacteria,Firmicutes,Clostridia,Lachnospirales,Lachnospiraceae,Lachnoclostridium,uncultured_Lachnospiraceae_bacterium,Bacteria,Firmicutes,Clostridia,Lachnospirales,Lachnospiraceae,Lachnospiraceae_ND3007_group,metagenome,0.0038948393378773127
Bacteria,Firmicutes,Clostridia,Lachnospirales,Lachnospiraceae,Lachnoclostridium,uncultured_Lachnospiraceae_bacterium,Bacteria,Firmicutes,Clostridia,Lachnospirales,Lachnospiraceae,Lachnospiraceae_NK4A136_group,None,0.0029211295034079843
Bacteria,Firmicutes,Clostridia,Lachnospirales,Lachnospiraceae,Lachnoclostridium,uncultured_Lachnospiraceae_bacterium,Bacteria,Firmicutes,Clostridia,Lachnospirales,Lachnospiraceae,Lachnospiraceae_NK4A136_group,uncultured_Lachnospiraceae_bacterium,0.0038948393378773127
Bacteria,Firmicutes,Clostridia,Lachnospirales,Lachnospiraceae,Lachnoclostridium,uncultured_Lachnospiraceae_bacterium,Bacteria,Firmicutes,Clostridia,Lachnospirales,Lachnospiraceae,Lachnospiraceae_NK4A136_group,uncultured_bacterium_Adhufec49.25,0.0038948393378773127
Bacteria,Firmicutes,Clostridia,Lachnospirales,Lachnospiraceae,Lachnoclostridium,uncultured_Lachnospiraceae_bacterium,Bacteria,Firmicutes,Clostridia,Lachnospirales,Lachnospiraceae,Lachnospiraceae_NK4B4_group,None,0.0029211295034079843
Bacteria,Firmicutes,Clostridia,Lachnospirales,Lachnospiraceae,Lachnoclostridium,uncultured_Lachnospiraceae_bacterium,Bacteria,Firmicutes,Clostridia,Lachnospirales,Lachnospiraceae,Lachnospiraceae_UCG-001,metagenome,0.0038948393378773127
Bacteria,Firmicutes,Clostridia,Lachnospirales,Lachnospiraceae,Lachnoclostridium,uncultured_Lachnospiraceae_bacterium,Bacteria,Firmicutes,Clostridia,Lachnospirales,Lachnospiraceae,Lachnospiraceae_UCG-004,None,0.0029211295034079843
Bacteria,Firmicutes,Clostridia,Lachnospirales,Lachnospiraceae,Lachnoclostridium,uncultured_Lachnospiraceae_bacterium,Bacteria,Firmicutes,Clostridia,Lachnospirales,Lachnospiraceae,Lachnospiraceae_UCG-008,metagenome,0.0038948393378773127
Bacteria,Firmicutes,Clostridia,Lachnospirales,Lachnospiraceae,Lachnoclostridium,uncultured_Lachnospiraceae_bacterium,Bacteria,Firmicutes,Clostridia,Lachnospirales,Lachnospiraceae,Lachnospiraceae_UCG-010,None,0.0029211295034079843
Bacteria,Firmicutes,Clostridia,Lachnospirales,Lachnospiraceae,Lachnoclostridium,uncultured_Lachnospiraceae_bacterium,Bacteria,Firmicutes,Clostridia,Lachnospirales,Lachnospiraceae,Marvinbryantia,None,0.0029211295034079843
Bacteria,Firmicutes,Clostridia,Lachnospirales,Lachnospiraceae,Lachnoclostridium,uncultured_Lachnospiraceae_bacterium,Bacteria,Firmicutes,Clostridia,Lachnospirales,Lachnospiraceae,Marvinbryantia,unidentified,0.0038948393378773127
Bacteria,Firmicutes,Clostridia,Lachnospirales,Lachnospiraceae,Lachnoclostridium,uncultured_Lachnospiraceae_bacterium,Bacteria,Firmicutes,Clostridia,Lachnospirales,Lachnospiraceae,Roseburia,None,0.0029211295034079843
Bacteria,Firmicutes,Clostridia,Lachnospirales,Lachnospiraceae,Lachnoclostridium,uncultured_Lachnospiraceae_bacterium,Bacteria,Firmicutes,Clostridia,Lachnospirales,Lachnospiraceae,Roseburia,gut_metagenome,0.0038948393378773127
Bacteria,Firmicutes,Clostridia,Lachnospirales,Lachnospiraceae,Lachnoclostridium,uncultured_Lachnospiraceae_bacterium,Bacteria,Firmicutes,Clostridia,Lachnospirales,Lachnospiraceae,Tuzzerella,None,0.0029211295034079843
Bacteria,Firmicutes,Clostridia,Lachnospirales,Lachnospiraceae,Lachnoclostridium,uncultured_Lachnospiraceae_bacterium,Bacteria,Firmicutes,Clostridia,Lachnospirales,Lachnospiraceae,Tyzzerella,None,0.0029211295034079843
Bacteria,Firmicutes,Clostridia,Lachnospirales,Lachnospiraceae,Lachnoclostridium,uncultured_Lachnospiraceae_bacterium,Bacteria,Firmicutes,Clostridia,Lachnospirales,Lachnospiraceae,Eubacterium_hallii_group,None,0.0029211295034079843
Bacteria,Firmicutes,Clostridia,Lachnospirales,Lachnospiraceae,Lachnoclostridium,uncultured_Lachnospiraceae_bacterium,Bacteria,Firmicutes,Clostridia,Lachnospirales,Lachnospiraceae,Eubacterium_ventriosum_group,metagenome,0.0038948393378773127
Bacteria,Firmicutes,Clostridia,Lachnospirales,Lachnospiraceae,Lachnoclostridium,uncultured_Lachnospiraceae_bacterium,Bacteria,Firmicutes,Clostridia,Lachnospirales,Lachnospiraceae,Ruminococcus_gauvreauii_group,uncultured_Lachnospiraceae_bacterium,0.0038948393378773127
Bacteria,Firmicutes,Clostridia,Lachnospirales,Lachnospiraceae,Lachnoclostridium,uncultured_Lachnospiraceae_bacterium,Bacteria,Firmicutes,Clostridia,Lachnospirales,Lachnospiraceae,Ruminococcus_gnavus_group,None,0.0029211295034079843
Bacteria,Firmicutes,Clostridia,Lachnospirales,Lachnospiraceae,Lachnoclostridium,uncultured_Lachnospiraceae_bacterium,Bacteria,Firmicutes,Clostridia,Lachnospirales,Lachnospiraceae,Ruminococcus_torques_group,Clostridiaceae_bacterium_LEMV78,0.0038948393378773127
Bacteria,Firmicutes,Clostridia,Lachnospirales,Lachnospiraceae,Lachnoclostridium,uncultured_Lachnospiraceae_bacterium,Bacteria,Firmicutes,Clostridia,Lachnospirales,Lachnospiraceae,Ruminococcus_torques_group,None,0.0029211295034079843
Bacteria,Firmicutes,Clostridia,Lachnospirales,Lachnospiraceae,Lachnoclostridium,uncultured_Lachnospiraceae_bacterium,Bacteria,Firmicutes,Clostridia,Lachnospirales,Lachnospiraceae,None,None,0.0029211295034079843
Bacteria,Firmicutes,Clostridia,Lachnospirales,Lachnospiraceae,Lachnoclostridium,uncultured_Lachnospiraceae_bacterium,Bacteria,Firmicutes,Clostridia,Lachnospirales,Lachnospiraceae,uncultured,None,0.0029211295034079843
Bacteria,Firmicutes,Clostridia,Lachnospirales,Lachnospiraceae,Lachnoclostridium,uncultured_Lachnospiraceae_bacterium,Bacteria,Firmicutes,Clostridia,Monoglobales,Monoglobaceae,Monoglobus,None,0.006815968841285297
Bacteria,Firmicutes,Clostridia,Lachnospirales,Lachnospiraceae,Lachnoclostridium,uncultured_Lachnospiraceae_bacterium,Bacteria,Firmicutes,Clostridia,Oscillospirales,Butyricicoccaceae,Butyricicoccus,None,0.006815968841285297
Bacteria,Firmicutes,Clostridia,Lachnospirales,Lachnospiraceae,Lachnoclostridium,uncultured_Lachnospiraceae_bacterium,Bacteria,Firmicutes,Clostridia,Oscillospirales,Hydrogenoanaerobacterium,None,None,0.005842259006815969
Bacteria,Firmicutes,Clostridia,Lachnospirales,Lachnospiraceae,Lachnoclostridium,uncultured_Lachnospiraceae_bacterium,Bacteria,Firmicutes,Clostridia,Oscillospirales,Oscillospiraceae,Colidextribacter,None,0.006815968841285297
Bacteria,Firmicutes,Clostridia,Lachnospirales,Lachnospiraceae,Lachnoclostridium,uncultured_Lachnospiraceae_bacterium,Bacteria,Firmicutes,Clostridia,Oscillospirales,Oscillospiraceae,Colidextribacter,metagenome,0.007789678675754625
Bacteria,Firmicutes,Clostridia,Lachnospirales,Lachnospiraceae,Lachnoclostridium,uncultured_Lachnospiraceae_bacterium,Bacteria,Firmicutes,Clostridia,Oscillospirales,Oscillospiraceae,Flavonifractor,None,0.006815968841285297
Bacteria,Firmicutes,Clostridia,Lachnospirales,Lachnospiraceae,Lachnoclostridium,uncultured_Lachnospiraceae_bacterium,Bacteria,Firmicutes,Clostridia,Oscillospirales,Oscillospiraceae,Intestinimonas,None,0.006815968841285297
Bacteria,Firmicutes,Clostridia,Lachnospirales,Lachnospiraceae,Lachnoclostridium,uncultured_Lachnospiraceae_bacterium,Bacteria,Firmicutes,Clostridia,Oscillospirales,Oscillospiraceae,Intestinimonas,uncultured,0.007789678675754625
Bacteria,Firmicutes,Clostridia,Lachnospirales,Lachnospiraceae,Lachnoclostridium,uncultured_Lachnospiraceae_bacterium,Bacteria,Firmicutes,Clostridia,Oscillospirales,Oscillospiraceae,NK4A214_group,None,0.006815968841285297
Bacteria,Firmicutes,Clostridia,Lachnospirales,Lachnospiraceae,Lachnoclostridium,uncultured_Lachnospiraceae_bacterium,Bacteria,Firmicutes,Clostridia,Oscillospirales,Oscillospiraceae,Oscillibacter,None,0.006815968841285297
Bacteria,Firmicutes,Clostridia,Lachnospirales,Lachnospiraceae,Lachnoclostridium,uncultured_Lachnospiraceae_bacterium,Bacteria,Firmicutes,Clostridia,Oscillospirales,Oscillospiraceae,Oscillibacter,metagenome,0.007789678675754625
Bacteria,Firmicutes,Clostridia,Lachnospirales,Lachnospiraceae,Lachnoclostridium,uncultured_Lachnospiraceae_bacterium,Bacteria,Firmicutes,Clostridia,Oscillospirales,Oscillospiraceae,Oscillospira,None,0.006815968841285297
Bacteria,Firmicutes,Clostridia,Lachnospirales,Lachnospiraceae,Lachnoclostridium,uncultured_Lachnospiraceae_bacterium,Bacteria,Firmicutes,Clostridia,Oscillospirales,Oscillospiraceae,UCG-002,None,0.006815968841285297
Bacteria,Firmicutes,Clostridia,Lachnospirales,Lachnospiraceae,Lachnoclostridium,uncultured_Lachnospiraceae_bacterium,Bacteria,Firmicutes,Clostridia,Oscillospirales,Oscillospiraceae,UCG-003,None,0.006815968841285297
Bacteria,Firmicutes,Clostridia,Lachnospirales,Lachnospiraceae,Lachnoclostridium,uncultured_Lachnospiraceae_bacterium,Bacteria,Firmicutes,Clostridia,Oscillospirales,Oscillospiraceae,UCG-005,None,0.006815968841285297
Bacteria,Firmicutes,Clostridia,Lachnospirales,Lachnospiraceae,Lachnoclostridium,uncultured_Lachnospiraceae_bacterium,Bacteria,Firmicutes,Clostridia,Oscillospirales,Oscillospiraceae,UCG-005,metagenome,0.007789678675754625
Bacteria,Firmicutes,Clostridia,Lachnospirales,Lachnospiraceae,Lachnoclostridium,uncultured_Lachnospiraceae_bacterium,Bacteria,Firmicutes,Clostridia,Oscillospirales,Oscillospiraceae,UCG-005,uncultured_Clostridiales_bacterium,0.007789678675754625
Bacteria,Firmicutes,Clostridia,Lachnospirales,Lachnospiraceae,Lachnoclostridium,uncultured_Lachnospiraceae_bacterium,Bacteria,Firmicutes,Clostridia,Oscillospirales,Oscillospiraceae,UCG-005,uncultured_rumen_bacterium,0.007789678675754625
Bacteria,Firmicutes,Clostridia,Lachnospirales,Lachnospiraceae,Lachnoclostridium,uncultured_Lachnospiraceae_bacterium,Bacteria,Firmicutes,Clostridia,Oscillospirales,Oscillospiraceae,None,None,0.005842259006815969
Bacteria,Firmicutes,Clostridia,Lachnospirales,Lachnospiraceae,Lachnoclostridium,uncultured_Lachnospiraceae_bacterium,Bacteria,Firmicutes,Clostridia,Oscillospirales,Oscillospiraceae,uncultured,metagenome,0.007789678675754625
Bacteria,Firmicutes,Clostridia,Lachnospirales,Lachnospiraceae,Lachnoclostridium,uncultured_Lachnospiraceae_bacterium,Bacteria,Firmicutes,Clostridia,Oscillospirales,Oscillospiraceae,uncultured,unidentified,0.007789678675754625
Bacteria,Firmicutes,Clostridia,Lachnospirales,Lachnospiraceae,Lachnoclostridium,uncultured_Lachnospiraceae_bacterium,Bacteria,Firmicutes,Clostridia,Oscillospirales,Ruminococcaceae,Anaerofilum,uncultured_Firmicutes_bacterium,0.007789678675754625
Bacteria,Firmicutes,Clostridia,Lachnospirales,Lachnospiraceae,Lachnoclostridium,uncultured_Lachnospiraceae_bacterium,Bacteria,Firmicutes,Clostridia,Oscillospirales,Ruminococcaceae,Anaerotruncus,Anaerotruncus_rubiinfantis,0.007789678675754625
Bacteria,Firmicutes,Clostridia,Lachnospirales,Lachnospiraceae,Lachnoclostridium,uncultured_Lachnospiraceae_bacterium,Bacteria,Firmicutes,Clostridia,Oscillospirales,Ruminococcaceae,Anaerotruncus,Anaerotruncus_sp._NML_070203,0.007789678675754625
Bacteria,Firmicutes,Clostridia,Lachnospirales,Lachnospiraceae,Lachnoclostridium,uncultured_Lachnospiraceae_bacterium,Bacteria,Firmicutes,Clostridia,Oscillospirales,Ruminococcaceae,Candidatus_Soleaferrea,Neobitarella_massiliensis,0.007789678675754625
Bacteria,Firmicutes,Clostridia,Lachnospirales,Lachnospiraceae,Lachnoclostridium,uncultured_Lachnospiraceae_bacterium,Bacteria,Firmicutes,Clostridia,Oscillospirales,Ruminococcaceae,Candidatus_Soleaferrea,None,0.006815968841285297
Bacteria,Firmicutes,Clostridia,Lachnospirales,Lachnospiraceae,Lachnoclostridium,uncultured_Lachnospiraceae_bacterium,Bacteria,Firmicutes,Clostridia,Oscillospirales,Ruminococcaceae,DTU089,None,0.006815968841285297
Bacteria,Firmicutes,Clostridia,Lachnospirales,Lachnospiraceae,Lachnoclostridium,uncultured_Lachnospiraceae_bacterium,Bacteria,Firmicutes,Clostridia,Oscillospirales,Ruminococcaceae,Faecalibacterium,None,0.006815968841285297
Bacteria,Firmicutes,Clostridia,Lachnospirales,Lachnospiraceae,Lachnoclostridium,uncultured_Lachnospiraceae_bacterium,Bacteria,Firmicutes,Clostridia,Oscillospirales,Ruminococcaceae,Fournierella,uncultured_organism,0.007789678675754625
Bacteria,Firmicutes,Clostridia,Lachnospirales,Lachnospiraceae,Lachnoclostridium,uncultured_Lachnospiraceae_bacterium,Bacteria,Firmicutes,Clostridia,Oscillospirales,Ruminococcaceae,Incertae_Sedis,metagenome,0.007789678675754625
Bacteria,Firmicutes,Clostridia,Lachnospirales,Lachnospiraceae,Lachnoclostridium,uncultured_Lachnospiraceae_bacterium,Bacteria,Firmicutes,Clostridia,Oscillospirales,Ruminococcaceae,Incertae_Sedis,None,0.006815968841285297
Bacteria,Firmicutes,Clostridia,Lachnospirales,Lachnospiraceae,Lachnoclostridium,uncultured_Lachnospiraceae_bacterium,Bacteria,Firmicutes,Clostridia,Oscillospirales,Ruminococcaceae,Negativibacillus,None,0.006815968841285297
Bacteria,Firmicutes,Clostridia,Lachnospirales,Lachnospiraceae,Lachnoclostridium,uncultured_Lachnospiraceae_bacterium,Bacteria,Firmicutes,Clostridia,Oscillospirales,Ruminococcaceae,Ruminococcus,Ruminococcus_champanellensis,0.007789678675754625
Bacteria,Firmicutes,Clostridia,Lachnospirales,Lachnospiraceae,Lachnoclostridium,uncultured_Lachnospiraceae_bacterium,Bacteria,Firmicutes,Clostridia,Oscillospirales,Ruminococcaceae,Ruminococcus,None,0.006815968841285297
Bacteria,Firmicutes,Clostridia,Lachnospirales,Lachnospiraceae,Lachnoclostridium,uncultured_Lachnospiraceae_bacterium,Bacteria,Firmicutes,Clostridia,Oscillospirales,Ruminococcaceae,Subdoligranulum,None,0.006815968841285297
Bacteria,Firmicutes,Clostridia,Lachnospirales,Lachnospiraceae,Lachnoclostridium,uncultured_Lachnospiraceae_bacterium,Bacteria,Firmicutes,Clostridia,Oscillospirales,Ruminococcaceae,UBA1819,None,0.006815968841285297
Bacteria,Firmicutes,Clostridia,Lachnospirales,Lachnospiraceae,Lachnoclostridium,uncultured_Lachnospiraceae_bacterium,Bacteria,Firmicutes,Clostridia,Oscillospirales,Ruminococcaceae,Eubacterium_siraeum_group,None,0.006815968841285297
Bacteria,Firmicutes,Clostridia,Lachnospirales,Lachnospiraceae,Lachnoclostridium,uncultured_Lachnospiraceae_bacterium,Bacteria,Firmicutes,Clostridia,Oscillospirales,Ruminococcaceae,None,None,0.005842259006815969
Bacteria,Firmicutes,Clostridia,Lachnospirales,Lachnospiraceae,Lachnoclostridium,uncultured_Lachnospiraceae_bacterium,Bacteria,Firmicutes,Clostridia,Oscillospirales,UCG-010,None,None,0.005842259006815969
Bacteria,Firmicutes,Clostridia,Lachnospirales,Lachnospiraceae,Lachnoclostridium,uncultured_Lachnospiraceae_bacterium,Bacteria,Firmicutes,Clostridia,Oscillospirales,UCG-010,metagenome,None,0.006815968841285297
Bacteria,Firmicutes,Clostridia,Lachnospirales,Lachnospiraceae,Lachnoclostridium,uncultured_Lachnospiraceae_bacterium,Bacteria,Firmicutes,Clostridia,Oscillospirales,UCG-010,uncultured_bacterium,None,0.006815968841285297
Bacteria,Firmicutes,Clostridia,Lachnospirales,Lachnospiraceae,Lachnoclostridium,uncultured_Lachnospiraceae_bacterium,Bacteria,Firmicutes,Clostridia,Oscillospirales,UCG-010,uncultured_organism,None,0.006815968841285297
Bacteria,Firmicutes,Clostridia,Lachnospirales,Lachnospiraceae,Lachnoclostridium,uncultured_Lachnospiraceae_bacterium,Bacteria,Firmicutes,Clostridia,Oscillospirales,Clostridium_methylpentosum_group,None,None,0.005842259006815969
Bacteria,Firmicutes,Clostridia,Lachnospirales,Lachnospiraceae,Lachnoclostridium,uncultured_Lachnospiraceae_bacterium,Bacteria,Firmicutes,Clostridia,Oscillospirales,Eubacterium_coprostanoligenes_group,None,None,0.005842259006815969
Bacteria,Firmicutes,Clostridia,Lachnospirales,Lachnospiraceae,Lachnoclostridium,uncultured_Lachnospiraceae_bacterium,Bacteria,Firmicutes,Clostridia,Oscillospirales,None,None,None,0.004868549172346641
Bacteria,Firmicutes,Clostridia,Lachnospirales,Lachnospiraceae,Lachnoclostridium,uncultured_Lachnospiraceae_bacterium,Bacteria,Firmicutes,Clostridia,Peptococcales,Peptococcaceae,uncultured,None,0.006815968841285297
Bacteria,Firmicutes,Clostridia,Lachnospirales,Lachnospiraceae,Lachnoclostridium,uncultured_Lachnospiraceae_bacterium,Bacteria,Firmicutes,Clostridia,Peptostreptococcales-Tissierellales,Anaerovoracaceae,Family_XIII_AD3011_group,metagenome,0.007789678675754625
Bacteria,Firmicutes,Clostridia,Lachnospirales,Lachnospiraceae,Lachnoclostridium,uncultured_Lachnospiraceae_bacterium,Bacteria,Firmicutes,Clostridia,Peptostreptococcales-Tissierellales,Anaerovoracaceae,Family_XIII_AD3011_group,None,0.006815968841285297
Bacteria,Firmicutes,Clostridia,Lachnospirales,Lachnospiraceae,Lachnoclostridium,uncultured_Lachnospiraceae_bacterium,Bacteria,Firmicutes,Clostridia,Peptostreptococcales-Tissierellales,Anaerovoracaceae,Family_XIII_AD3011_group,uncultured,0.007789678675754625
Bacteria,Firmicutes,Clostridia,Lachnospirales,Lachnospiraceae,Lachnoclostridium,uncultured_Lachnospiraceae_bacterium,Bacteria,Firmicutes,Clostridia,Peptostreptococcales-Tissierellales,Anaerovoracaceae,Family_XIII_UCG-001,metagenome,0.007789678675754625
Bacteria,Firmicutes,Clostridia,Lachnospirales,Lachnospiraceae,Lachnoclostridium,uncultured_Lachnospiraceae_bacterium,Bacteria,Firmicutes,Clostridia,Peptostreptococcales-Tissierellales,Anaerovoracaceae,Eubacterium_nodatum_group,None,0.006815968841285297
Bacteria,Firmicutes,Clostridia,Lachnospirales,Lachnospiraceae,Lachnoclostridium,uncultured_Lachnospiraceae_bacterium,Bacteria,Firmicutes,Clostridia,Peptostreptococcales-Tissierellales,Anaerovoracaceae,None,None,0.005842259006815969
Bacteria,Firmicutes,Clostridia,Lachnospirales,Lachnospiraceae,Lachnoclostridium,uncultured_Lachnospiraceae_bacterium,Bacteria,Firmicutes,Clostridia,Peptostreptococcales-Tissierellales,Parvimonas,None,None,0.005842259006815969
Bacteria,Firmicutes,Clostridia,Lachnospirales,Lachnospiraceae,Lachnoclostridium,uncultured_Lachnospiraceae_bacterium,Bacteria,Firmicutes,Clostridia,None,None,None,None,0.0038948393378773127
Bacteria,Firmicutes,Clostridia,Lachnospirales,Lachnospiraceae,Lachnoclostridium,uncultured_Lachnospiraceae_bacterium,Bacteria,Firmicutes,Incertae_Sedis,DTU014,unidentified,None,None,0.007789678675754625
Bacteria,Firmicutes,Clostridia,Lachnospirales,Lachnospiraceae,Lachnoclostridium,uncultured_Lachnospiraceae_bacterium,Bacteria,Firmicutes,Limnochordia,M55-D21,uncultured_compost_bacterium,None,None,0.007789678675754625
Bacteria,Firmicutes,Clostridia,Lachnospirales,Lachnospiraceae,Lachnoclostridium,uncultured_Lachnospiraceae_bacterium,Bacteria,Firmicutes,Negativicutes,Acidaminococcales,Acidaminococcaceae,Phascolarctobacterium,None,0.008763388510223954
Bacteria,Firmicutes,Clostridia,Lachnospirales,Lachnospiraceae,Lachnoclostridium,uncultured_Lachnospiraceae_bacterium,Bacteria,Firmicutes,None,None,None,None,None,0.004868549172346641
Bacteria,Firmicutes,Clostridia,Lachnospirales,Lachnospiraceae,Lachnoclostridium,uncultured_Lachnospiraceae_bacterium,Bacteria,Firmicutes,uncultured,uncultured_Peptococcaceae_bacterium,None,None,None,0.006815968841285297
Bacteria,Firmicutes,Clostridia,Lachnospirales,Lachnospiraceae,Lachnoclostridium,uncultured_Lachnospiraceae_bacterium,Bacteria,Proteobacteria,Alphaproteobacteria,Rhodospirillales,uncultured,None,None,0.009737098344693282
Bacteria,Firmicutes,Clostridia,Lachnospirales,Lachnospiraceae,Lachnoclostridium,uncultured_Lachnospiraceae_bacterium,Bacteria,Proteobacteria,Gammaproteobacteria,Burkholderiales,Sutterellaceae,Sutterella,Sutterella_sp._252,0.011684518013631937
Bacteria,Firmicutes,Clostridia,Lachnospirales,Lachnospiraceae,Lachnoclostridium,uncultured_Lachnospiraceae_bacterium,Bacteria,Proteobacteria,Gammaproteobacteria,Enterobacterales,Enterobacteriaceae,Escherichia-Shigella,None,0.010710808179162609
Bacteria,Firmicutes,Clostridia,Lachnospirales,Lachnospiraceae,Lachnoclostridium,uncultured_Lachnospiraceae_bacterium,Bacteria,Proteobacteria,Gammaproteobacteria,Enterobacterales,Enterobacteriaceae,Klebsiella,None,0.010710808179162609
Bacteria,Firmicutes,Clostridia,Lachnospirales,Lachnospiraceae,Lachnoclostridium,uncultured_Lachnospiraceae_bacterium,Bacteria,Proteobacteria,Gammaproteobacteria,Enterobacterales,Enterobacteriaceae,None,None,0.009737098344693282
Bacteria,Firmicutes,Clostridia,Lachnospirales,Lachnospiraceae,Lachnoclostridium,uncultured_Lachnospiraceae_bacterium,Bacteria,Proteobacteria,Gammaproteobacteria,Pseudomonadales,Pseudomonadaceae,Pseudomonas,None,0.010710808179162609
Bacteria,Firmicutes,Clostridia,Lachnospirales,Lachnospiraceae,Lachnoclostridium,uncultured_Lachnospiraceae_bacterium,Bacteria,Synergistota,Synergistia,Synergistales,Synergistaceae,Cloacibacillus,None,0.010710808179162609
Bacteria,Firmicutes,Clostridia,Lachnospirales,Lachnospiraceae,Lachnoclostridium,uncultured_Lachnospiraceae_bacterium,Bacteria,Verrucomicrobiota,Verrucomicrobiae,Verrucomicrobiales,Akkermansiaceae,Akkermansia,None,0.010710808179162609
Bacteria,Firmicutes,Clostridia,Lachnospirales,Lachnospiraceae,Lachnospiraceae_ND3007_group,metagenome,Bacteria,Firmicutes,Clostridia,Lachnospirales,Lachnospiraceae,Lachnospiraceae_NK4A136_group,None,0.0029211295034079843
Bacteria,Firmicutes,Clostridia,Lachnospirales,Lachnospiraceae,Lachnospiraceae_ND3007_group,metagenome,Bacteria,Firmicutes,Clostridia,Lachnospirales,Lachnospiraceae,Lachnospiraceae_NK4A136_group,uncultured_Lachnospiraceae_bacterium,0.0038948393378773127
Bacteria,Firmicutes,Clostridia,Lachnospirales,Lachnospiraceae,Lachnospiraceae_ND3007_group,metagenome,Bacteria,Firmicutes,Clostridia,Lachnospirales,Lachnospiraceae,Lachnospiraceae_NK4A136_group,uncultured_bacterium_Adhufec49.25,0.0038948393378773127
Bacteria,Firmicutes,Clostridia,Lachnospirales,Lachnospiraceae,Lachnospiraceae_ND3007_group,metagenome,Bacteria,Firmicutes,Clostridia,Lachnospirales,Lachnospiraceae,Lachnospiraceae_NK4B4_group,None,0.0029211295034079843
Bacteria,Firmicutes,Clostridia,Lachnospirales,Lachnospiraceae,Lachnospiraceae_ND3007_group,metagenome,Bacteria,Firmicutes,Clostridia,Lachnospirales,Lachnospiraceae,Lachnospiraceae_UCG-001,metagenome,0.0038948393378773127
Bacteria,Firmicutes,Clostridia,Lachnospirales,Lachnospiraceae,Lachnospiraceae_ND3007_group,metagenome,Bacteria,Firmicutes,Clostridia,Lachnospirales,Lachnospiraceae,Lachnospiraceae_UCG-004,None,0.0029211295034079843
Bacteria,Firmicutes,Clostridia,Lachnospirales,Lachnospiraceae,Lachnospiraceae_ND3007_group,metagenome,Bacteria,Firmicutes,Clostridia,Lachnospirales,Lachnospiraceae,Lachnospiraceae_UCG-008,metagenome,0.0038948393378773127
Bacteria,Firmicutes,Clostridia,Lachnospirales,Lachnospiraceae,Lachnospiraceae_ND3007_group,metagenome,Bacteria,Firmicutes,Clostridia,Lachnospirales,Lachnospiraceae,Lachnospiraceae_UCG-010,None,0.0029211295034079843
Bacteria,Firmicutes,Clostridia,Lachnospirales,Lachnospiraceae,Lachnospiraceae_ND3007_group,metagenome,Bacteria,Firmicutes,Clostridia,Lachnospirales,Lachnospiraceae,Marvinbryantia,None,0.0029211295034079843
Bacteria,Firmicutes,Clostridia,Lachnospirales,Lachnospiraceae,Lachnospiraceae_ND3007_group,metagenome,Bacteria,Firmicutes,Clostridia,Lachnospirales,Lachnospiraceae,Marvinbryantia,unidentified,0.0038948393378773127
Bacteria,Firmicutes,Clostridia,Lachnospirales,Lachnospiraceae,Lachnospiraceae_ND3007_group,metagenome,Bacteria,Firmicutes,Clostridia,Lachnospirales,Lachnospiraceae,Roseburia,None,0.0029211295034079843
Bacteria,Firmicutes,Clostridia,Lachnospirales,Lachnospiraceae,Lachnospiraceae_ND3007_group,metagenome,Bacteria,Firmicutes,Clostridia,Lachnospirales,Lachnospiraceae,Roseburia,gut_metagenome,0.0038948393378773127
Bacteria,Firmicutes,Clostridia,Lachnospirales,Lachnospiraceae,Lachnospiraceae_ND3007_group,metagenome,Bacteria,Firmicutes,Clostridia,Lachnospirales,Lachnospiraceae,Tuzzerella,None,0.0029211295034079843
Bacteria,Firmicutes,Clostridia,Lachnospirales,Lachnospiraceae,Lachnospiraceae_ND3007_group,metagenome,Bacteria,Firmicutes,Clostridia,Lachnospirales,Lachnospiraceae,Tyzzerella,None,0.0029211295034079843
Bacteria,Firmicutes,Clostridia,Lachnospirales,Lachnospiraceae,Lachnospiraceae_ND3007_group,metagenome,Bacteria,Firmicutes,Clostridia,Lachnospirales,Lachnospiraceae,Eubacterium_hallii_group,None,0.0029211295034079843
Bacteria,Firmicutes,Clostridia,Lachnospirales,Lachnospiraceae,Lachnospiraceae_ND3007_group,metagenome,Bacteria,Firmicutes,Clostridia,Lachnospirales,Lachnospiraceae,Eubacterium_ventriosum_group,metagenome,0.0038948393378773127
Bacteria,Firmicutes,Clostridia,Lachnospirales,Lachnospiraceae,Lachnospiraceae_ND3007_group,metagenome,Bacteria,Firmicutes,Clostridia,Lachnospirales,Lachnospiraceae,Ruminococcus_gauvreauii_group,uncultured_Lachnospiraceae_bacterium,0.0038948393378773127
Bacteria,Firmicutes,Clostridia,Lachnospirales,Lachnospiraceae,Lachnospiraceae_ND3007_group,metagenome,Bacteria,Firmicutes,Clostridia,Lachnospirales,Lachnospiraceae,Ruminococcus_gnavus_group,None,0.0029211295034079843
Bacteria,Firmicutes,Clostridia,Lachnospirales,Lachnospiraceae,Lachnospiraceae_ND3007_group,metagenome,Bacteria,Firmicutes,Clostridia,Lachnospirales,Lachnospiraceae,Ruminococcus_torques_group,Clostridiaceae_bacterium_LEMV78,0.0038948393378773127
Bacteria,Firmicutes,Clostridia,Lachnospirales,Lachnospiraceae,Lachnospiraceae_ND3007_group,metagenome,Bacteria,Firmicutes,Clostridia,Lachnospirales,Lachnospiraceae,Ruminococcus_torques_group,None,0.0029211295034079843
Bacteria,Firmicutes,Clostridia,Lachnospirales,Lachnospiraceae,Lachnospiraceae_ND3007_group,metagenome,Bacteria,Firmicutes,Clostridia,Lachnospirales,Lachnospiraceae,None,None,0.0029211295034079843
Bacteria,Firmicutes,Clostridia,Lachnospirales,Lachnospiraceae,Lachnospiraceae_ND3007_group,metagenome,Bacteria,Firmicutes,Clostridia,Lachnospirales,Lachnospiraceae,uncultured,None,0.0029211295034079843
Bacteria,Firmicutes,Clostridia,Lachnospirales,Lachnospiraceae,Lachnospiraceae_ND3007_group,metagenome,Bacteria,Firmicutes,Clostridia,Monoglobales,Monoglobaceae,Monoglobus,None,0.006815968841285297
Bacteria,Firmicutes,Clostridia,Lachnospirales,Lachnospiraceae,Lachnospiraceae_ND3007_group,metagenome,Bacteria,Firmicutes,Clostridia,Oscillospirales,Butyricicoccaceae,Butyricicoccus,None,0.006815968841285297
Bacteria,Firmicutes,Clostridia,Lachnospirales,Lachnospiraceae,Lachnospiraceae_ND3007_group,metagenome,Bacteria,Firmicutes,Clostridia,Oscillospirales,Hydrogenoanaerobacterium,None,None,0.005842259006815969
Bacteria,Firmicutes,Clostridia,Lachnospirales,Lachnospiraceae,Lachnospiraceae_ND3007_group,metagenome,Bacteria,Firmicutes,Clostridia,Oscillospirales,Oscillospiraceae,Colidextribacter,None,0.006815968841285297
Bacteria,Firmicutes,Clostridia,Lachnospirales,Lachnospiraceae,Lachnospiraceae_ND3007_group,metagenome,Bacteria,Firmicutes,Clostridia,Oscillospirales,Oscillospiraceae,Colidextribacter,metagenome,0.007789678675754625
Bacteria,Firmicutes,Clostridia,Lachnospirales,Lachnospiraceae,Lachnospiraceae_ND3007_group,metagenome,Bacteria,Firmicutes,Clostridia,Oscillospirales,Oscillospiraceae,Flavonifractor,None,0.006815968841285297
Bacteria,Firmicutes,Clostridia,Lachnospirales,Lachnospiraceae,Lachnospiraceae_ND3007_group,metagenome,Bacteria,Firmicutes,Clostridia,Oscillospirales,Oscillospiraceae,Intestinimonas,None,0.006815968841285297
Bacteria,Firmicutes,Clostridia,Lachnospirales,Lachnospiraceae,Lachnospiraceae_ND3007_group,metagenome,Bacteria,Firmicutes,Clostridia,Oscillospirales,Oscillospiraceae,Intestinimonas,uncultured,0.007789678675754625
Bacteria,Firmicutes,Clostridia,Lachnospirales,Lachnospiraceae,Lachnospiraceae_ND3007_group,metagenome,Bacteria,Firmicutes,Clostridia,Oscillospirales,Oscillospiraceae,NK4A214_group,None,0.006815968841285297
Bacteria,Firmicutes,Clostridia,Lachnospirales,Lachnospiraceae,Lachnospiraceae_ND3007_group,metagenome,Bacteria,Firmicutes,Clostridia,Oscillospirales,Oscillospiraceae,Oscillibacter,None,0.006815968841285297
Bacteria,Firmicutes,Clostridia,Lachnospirales,Lachnospiraceae,Lachnospiraceae_ND3007_group,metagenome,Bacteria,Firmicutes,Clostridia,Oscillospirales,Oscillospiraceae,Oscillibacter,metagenome,0.007789678675754625
Bacteria,Firmicutes,Clostridia,Lachnospirales,Lachnospiraceae,Lachnospiraceae_ND3007_group,metagenome,Bacteria,Firmicutes,Clostridia,Oscillospirales,Oscillospiraceae,Oscillospira,None,0.006815968841285297
Bacteria,Firmicutes,Clostridia,Lachnospirales,Lachnospiraceae,Lachnospiraceae_ND3007_group,metagenome,Bacteria,Firmicutes,Clostridia,Oscillospirales,Oscillospiraceae,UCG-002,None,0.006815968841285297
Bacteria,Firmicutes,Clostridia,Lachnospirales,Lachnospiraceae,Lachnospiraceae_ND3007_group,metagenome,Bacteria,Firmicutes,Clostridia,Oscillospirales,Oscillospiraceae,UCG-003,None,0.006815968841285297
Bacteria,Firmicutes,Clostridia,Lachnospirales,Lachnospiraceae,Lachnospiraceae_ND3007_group,metagenome,Bacteria,Firmicutes,Clostridia,Oscillospirales,Oscillospiraceae,UCG-005,None,0.006815968841285297
Bacteria,Firmicutes,Clostridia,Lachnospirales,Lachnospiraceae,Lachnospiraceae_ND3007_group,metagenome,Bacteria,Firmicutes,Clostridia,Oscillospirales,Oscillospiraceae,UCG-005,metagenome,0.007789678675754625
Bacteria,Firmicutes,Clostridia,Lachnospirales,Lachnospiraceae,Lachnospiraceae_ND3007_group,metagenome,Bacteria,Firmicutes,Clostridia,Oscillospirales,Oscillospiraceae,UCG-005,uncultured_Clostridiales_bacterium,0.007789678675754625
Bacteria,Firmicutes,Clostridia,Lachnospirales,Lachnospiraceae,Lachnospiraceae_ND3007_group,metagenome,Bacteria,Firmicutes,Clostridia,Oscillospirales,Oscillospiraceae,UCG-005,uncultured_rumen_bacterium,0.007789678675754625
Bacteria,Firmicutes,Clostridia,Lachnospirales,Lachnospiraceae,Lachnospiraceae_ND3007_group,metagenome,Bacteria,Firmicutes,Clostridia,Oscillospirales,Oscillospiraceae,None,None,0.005842259006815969
Bacteria,Firmicutes,Clostridia,Lachnospirales,Lachnospiraceae,Lachnospiraceae_ND3007_group,metagenome,Bacteria,Firmicutes,Clostridia,Oscillospirales,Oscillospiraceae,uncultured,metagenome,0.007789678675754625
Bacteria,Firmicutes,Clostridia,Lachnospirales,Lachnospiraceae,Lachnospiraceae_ND3007_group,metagenome,Bacteria,Firmicutes,Clostridia,Oscillospirales,Oscillospiraceae,uncultured,unidentified,0.007789678675754625
Bacteria,Firmicutes,Clostridia,Lachnospirales,Lachnospiraceae,Lachnospiraceae_ND3007_group,metagenome,Bacteria,Firmicutes,Clostridia,Oscillospirales,Ruminococcaceae,Anaerofilum,uncultured_Firmicutes_bacterium,0.007789678675754625
Bacteria,Firmicutes,Clostridia,Lachnospirales,Lachnospiraceae,Lachnospiraceae_ND3007_group,metagenome,Bacteria,Firmicutes,Clostridia,Oscillospirales,Ruminococcaceae,Anaerotruncus,Anaerotruncus_rubiinfantis,0.007789678675754625
Bacteria,Firmicutes,Clostridia,Lachnospirales,Lachnospiraceae,Lachnospiraceae_ND3007_group,metagenome,Bacteria,Firmicutes,Clostridia,Oscillospirales,Ruminococcaceae,Anaerotruncus,Anaerotruncus_sp._NML_070203,0.007789678675754625
Bacteria,Firmicutes,Clostridia,Lachnospirales,Lachnospiraceae,Lachnospiraceae_ND3007_group,metagenome,Bacteria,Firmicutes,Clostridia,Oscillospirales,Ruminococcaceae,Candidatus_Soleaferrea,Neobitarella_massiliensis,0.007789678675754625
Bacteria,Firmicutes,Clostridia,Lachnospirales,Lachnospiraceae,Lachnospiraceae_ND3007_group,metagenome,Bacteria,Firmicutes,Clostridia,Oscillospirales,Ruminococcaceae,Candidatus_Soleaferrea,None,0.006815968841285297
Bacteria,Firmicutes,Clostridia,Lachnospirales,Lachnospiraceae,Lachnospiraceae_ND3007_group,metagenome,Bacteria,Firmicutes,Clostridia,Oscillospirales,Ruminococcaceae,DTU089,None,0.006815968841285297
Bacteria,Firmicutes,Clostridia,Lachnospirales,Lachnospiraceae,Lachnospiraceae_ND3007_group,metagenome,Bacteria,Firmicutes,Clostridia,Oscillospirales,Ruminococcaceae,Faecalibacterium,None,0.006815968841285297
Bacteria,Firmicutes,Clostridia,Lachnospirales,Lachnospiraceae,Lachnospiraceae_ND3007_group,metagenome,Bacteria,Firmicutes,Clostridia,Oscillospirales,Ruminococcaceae,Fournierella,uncultured_organism,0.007789678675754625
Bacteria,Firmicutes,Clostridia,Lachnospirales,Lachnospiraceae,Lachnospiraceae_ND3007_group,metagenome,Bacteria,Firmicutes,Clostridia,Oscillospirales,Ruminococcaceae,Incertae_Sedis,metagenome,0.007789678675754625
Bacteria,Firmicutes,Clostridia,Lachnospirales,Lachnospiraceae,Lachnospiraceae_ND3007_group,metagenome,Bacteria,Firmicutes,Clostridia,Oscillospirales,Ruminococcaceae,Incertae_Sedis,None,0.006815968841285297
Bacteria,Firmicutes,Clostridia,Lachnospirales,Lachnospiraceae,Lachnospiraceae_ND3007_group,metagenome,Bacteria,Firmicutes,Clostridia,Oscillospirales,Ruminococcaceae,Negativibacillus,None,0.006815968841285297
Bacteria,Firmicutes,Clostridia,Lachnospirales,Lachnospiraceae,Lachnospiraceae_ND3007_group,metagenome,Bacteria,Firmicutes,Clostridia,Oscillospirales,Ruminococcaceae,Ruminococcus,Ruminococcus_champanellensis,0.007789678675754625
Bacteria,Firmicutes,Clostridia,Lachnospirales,Lachnospiraceae,Lachnospiraceae_ND3007_group,metagenome,Bacteria,Firmicutes,Clostridia,Oscillospirales,Ruminococcaceae,Ruminococcus,None,0.006815968841285297
Bacteria,Firmicutes,Clostridia,Lachnospirales,Lachnospiraceae,Lachnospiraceae_ND3007_group,metagenome,Bacteria,Firmicutes,Clostridia,Oscillospirales,Ruminococcaceae,Subdoligranulum,None,0.006815968841285297
Bacteria,Firmicutes,Clostridia,Lachnospirales,Lachnospiraceae,Lachnospiraceae_ND3007_group,metagenome,Bacteria,Firmicutes,Clostridia,Oscillospirales,Ruminococcaceae,UBA1819,None,0.006815968841285297
Bacteria,Firmicutes,Clostridia,Lachnospirales,Lachnospiraceae,Lachnospiraceae_ND3007_group,metagenome,Bacteria,Firmicutes,Clostridia,Oscillospirales,Ruminococcaceae,Eubacterium_siraeum_group,None,0.006815968841285297
Bacteria,Firmicutes,Clostridia,Lachnospirales,Lachnospiraceae,Lachnospiraceae_ND3007_group,metagenome,Bacteria,Firmicutes,Clostridia,Oscillospirales,Ruminococcaceae,None,None,0.005842259006815969
Bacteria,Firmicutes,Clostridia,Lachnospirales,Lachnospiraceae,Lachnospiraceae_ND3007_group,metagenome,Bacteria,Firmicutes,Clostridia,Oscillospirales,UCG-010,None,None,0.005842259006815969
Bacteria,Firmicutes,Clostridia,Lachnospirales,Lachnospiraceae,Lachnospiraceae_ND3007_group,metagenome,Bacteria,Firmicutes,Clostridia,Oscillospirales,UCG-010,metagenome,None,0.006815968841285297
Bacteria,Firmicutes,Clostridia,Lachnospirales,Lachnospiraceae,Lachnospiraceae_ND3007_group,metagenome,Bacteria,Firmicutes,Clostridia,Oscillospirales,UCG-010,uncultured_bacterium,None,0.006815968841285297
Bacteria,Firmicutes,Clostridia,Lachnospirales,Lachnospiraceae,Lachnospiraceae_ND3007_group,metagenome,Bacteria,Firmicutes,Clostridia,Oscillospirales,UCG-010,uncultured_organism,None,0.006815968841285297
Bacteria,Firmicutes,Clostridia,Lachnospirales,Lachnospiraceae,Lachnospiraceae_ND3007_group,metagenome,Bacteria,Firmicutes,Clostridia,Oscillospirales,Clostridium_methylpentosum_group,None,None,0.005842259006815969
Bacteria,Firmicutes,Clostridia,Lachnospirales,Lachnospiraceae,Lachnospiraceae_ND3007_group,metagenome,Bacteria,Firmicutes,Clostridia,Oscillospirales,Eubacterium_coprostanoligenes_group,None,None,0.005842259006815969
Bacteria,Firmicutes,Clostridia,Lachnospirales,Lachnospiraceae,Lachnospiraceae_ND3007_group,metagenome,Bacteria,Firmicutes,Clostridia,Oscillospirales,None,None,None,0.004868549172346641
Bacteria,Firmicutes,Clostridia,Lachnospirales,Lachnospiraceae,Lachnospiraceae_ND3007_group,metagenome,Bacteria,Firmicutes,Clostridia,Peptococcales,Peptococcaceae,uncultured,None,0.006815968841285297
Bacteria,Firmicutes,Clostridia,Lachnospirales,Lachnospiraceae,Lachnospiraceae_ND3007_group,metagenome,Bacteria,Firmicutes,Clostridia,Peptostreptococcales-Tissierellales,Anaerovoracaceae,Family_XIII_AD3011_group,metagenome,0.007789678675754625
Bacteria,Firmicutes,Clostridia,Lachnospirales,Lachnospiraceae,Lachnospiraceae_ND3007_group,metagenome,Bacteria,Firmicutes,Clostridia,Peptostreptococcales-Tissierellales,Anaerovoracaceae,Family_XIII_AD3011_group,None,0.006815968841285297
Bacteria,Firmicutes,Clostridia,Lachnospirales,Lachnospiraceae,Lachnospiraceae_ND3007_group,metagenome,Bacteria,Firmicutes,Clostridia,Peptostreptococcales-Tissierellales,Anaerovoracaceae,Family_XIII_AD3011_group,uncultured,0.007789678675754625
Bacteria,Firmicutes,Clostridia,Lachnospirales,Lachnospiraceae,Lachnospiraceae_ND3007_group,metagenome,Bacteria,Firmicutes,Clostridia,Peptostreptococcales-Tissierellales,Anaerovoracaceae,Family_XIII_UCG-001,metagenome,0.007789678675754625
Bacteria,Firmicutes,Clostridia,Lachnospirales,Lachnospiraceae,Lachnospiraceae_ND3007_group,metagenome,Bacteria,Firmicutes,Clostridia,Peptostreptococcales-Tissierellales,Anaerovoracaceae,Eubacterium_nodatum_group,None,0.006815968841285297
Bacteria,Firmicutes,Clostridia,Lachnospirales,Lachnospiraceae,Lachnospiraceae_ND3007_group,metagenome,Bacteria,Firmicutes,Clostridia,Peptostreptococcales-Tissierellales,Anaerovoracaceae,None,None,0.005842259006815969
Bacteria,Firmicutes,Clostridia,Lachnospirales,Lachnospiraceae,Lachnospiraceae_ND3007_group,metagenome,Bacteria,Firmicutes,Clostridia,Peptostreptococcales-Tissierellales,Parvimonas,None,None,0.005842259006815969
Bacteria,Firmicutes,Clostridia,Lachnospirales,Lachnospiraceae,Lachnospiraceae_ND3007_group,metagenome,Bacteria,Firmicutes,Clostridia,None,None,None,None,0.0038948393378773127
Bacteria,Firmicutes,Clostridia,Lachnospirales,Lachnospiraceae,Lachnospiraceae_ND3007_group,metagenome,Bacteria,Firmicutes,Incertae_Sedis,DTU014,unidentified,None,None,0.007789678675754625
Bacteria,Firmicutes,Clostridia,Lachnospirales,Lachnospiraceae,Lachnospiraceae_ND3007_group,metagenome,Bacteria,Firmicutes,Limnochordia,M55-D21,uncultured_compost_bacterium,None,None,0.007789678675754625
Bacteria,Firmicutes,Clostridia,Lachnospirales,Lachnospiraceae,Lachnospiraceae_ND3007_group,metagenome,Bacteria,Firmicutes,Negativicutes,Acidaminococcales,Acidaminococcaceae,Phascolarctobacterium,None,0.008763388510223954
Bacteria,Firmicutes,Clostridia,Lachnospirales,Lachnospiraceae,Lachnospiraceae_ND3007_group,metagenome,Bacteria,Firmicutes,None,None,None,None,None,0.004868549172346641
Bacteria,Firmicutes,Clostridia,Lachnospirales,Lachnospiraceae,Lachnospiraceae_ND3007_group,metagenome,Bacteria,Firmicutes,uncultured,uncultured_Peptococcaceae_bacterium,None,None,None,0.006815968841285297
Bacteria,Firmicutes,Clostridia,Lachnospirales,Lachnospiraceae,Lachnospiraceae_ND3007_group,metagenome,Bacteria,Proteobacteria,Alphaproteobacteria,Rhodospirillales,uncultured,None,None,0.009737098344693282
Bacteria,Firmicutes,Clostridia,Lachnospirales,Lachnospiraceae,Lachnospiraceae_ND3007_group,metagenome,Bacteria,Proteobacteria,Gammaproteobacteria,Burkholderiales,Sutterellaceae,Sutterella,Sutterella_sp._252,0.011684518013631937
Bacteria,Firmicutes,Clostridia,Lachnospirales,Lachnospiraceae,Lachnospiraceae_ND3007_group,metagenome,Bacteria,Proteobacteria,Gammaproteobacteria,Enterobacterales,Enterobacteriaceae,Escherichia-Shigella,None,0.010710808179162609
Bacteria,Firmicutes,Clostridia,Lachnospirales,Lachnospiraceae,Lachnospiraceae_ND3007_group,metagenome,Bacteria,Proteobacteria,Gammaproteobacteria,Enterobacterales,Enterobacteriaceae,Klebsiella,None,0.010710808179162609
Bacteria,Firmicutes,Clostridia,Lachnospirales,Lachnospiraceae,Lachnospiraceae_ND3007_group,metagenome,Bacteria,Proteobacteria,Gammaproteobacteria,Enterobacterales,Enterobacteriaceae,None,None,0.009737098344693282
Bacteria,Firmicutes,Clostridia,Lachnospirales,Lachnospiraceae,Lachnospiraceae_ND3007_group,metagenome,Bacteria,Proteobacteria,Gammaproteobacteria,Pseudomonadales,Pseudomonadaceae,Pseudomonas,None,0.010710808179162609
Bacteria,Firmicutes,Clostridia,Lachnospirales,Lachnospiraceae,Lachnospiraceae_ND3007_group,metagenome,Bacteria,Synergistota,Synergistia,Synergistales,Synergistaceae,Cloacibacillus,None,0.010710808179162609
Bacteria,Firmicutes,Clostridia,Lachnospirales,Lachnospiraceae,Lachnospiraceae_ND3007_group,metagenome,Bacteria,Verrucomicrobiota,Verrucomicrobiae,Verrucomicrobiales,Akkermansiaceae,Akkermansia,None,0.010710808179162609
Bacteria,Firmicutes,Clostridia,Lachnospirales,Lachnospiraceae,Lachnospiraceae_NK4A136_group,None,Bacteria,Firmicutes,Clostridia,Lachnospirales,Lachnospiraceae,Lachnospiraceae_NK4A136_group,uncultured_Lachnospiraceae_bacterium,0.0009737098344693282
Bacteria,Firmicutes,Clostridia,Lachnospirales,Lachnospiraceae,Lachnospiraceae_NK4A136_group,None,Bacteria,Firmicutes,Clostridia,Lachnospirales,Lachnospiraceae,Lachnospiraceae_NK4A136_group,uncultured_bacterium_Adhufec49.25,0.0009737098344693282
Bacteria,Firmicutes,Clostridia,Lachnospirales,Lachnospiraceae,Lachnospiraceae_NK4A136_group,None,Bacteria,Firmicutes,Clostridia,Lachnospirales,Lachnospiraceae,Lachnospiraceae_NK4B4_group,None,0.0019474196689386564
Bacteria,Firmicutes,Clostridia,Lachnospirales,Lachnospiraceae,Lachnospiraceae_NK4A136_group,None,Bacteria,Firmicutes,Clostridia,Lachnospirales,Lachnospiraceae,Lachnospiraceae_UCG-001,metagenome,0.0029211295034079843
Bacteria,Firmicutes,Clostridia,Lachnospirales,Lachnospiraceae,Lachnospiraceae_NK4A136_group,None,Bacteria,Firmicutes,Clostridia,Lachnospirales,Lachnospiraceae,Lachnospiraceae_UCG-004,None,0.0019474196689386564
Bacteria,Firmicutes,Clostridia,Lachnospirales,Lachnospiraceae,Lachnospiraceae_NK4A136_group,None,Bacteria,Firmicutes,Clostridia,Lachnospirales,Lachnospiraceae,Lachnospiraceae_UCG-008,metagenome,0.0029211295034079843
Bacteria,Firmicutes,Clostridia,Lachnospirales,Lachnospiraceae,Lachnospiraceae_NK4A136_group,None,Bacteria,Firmicutes,Clostridia,Lachnospirales,Lachnospiraceae,Lachnospiraceae_UCG-010,None,0.0019474196689386564
Bacteria,Firmicutes,Clostridia,Lachnospirales,Lachnospiraceae,Lachnospiraceae_NK4A136_group,None,Bacteria,Firmicutes,Clostridia,Lachnospirales,Lachnospiraceae,Marvinbryantia,None,0.0019474196689386564
Bacteria,Firmicutes,Clostridia,Lachnospirales,Lachnospiraceae,Lachnospiraceae_NK4A136_group,None,Bacteria,Firmicutes,Clostridia,Lachnospirales,Lachnospiraceae,Marvinbryantia,unidentified,0.0029211295034079843
Bacteria,Firmicutes,Clostridia,Lachnospirales,Lachnospiraceae,Lachnospiraceae_NK4A136_group,None,Bacteria,Firmicutes,Clostridia,Lachnospirales,Lachnospiraceae,Roseburia,None,0.0019474196689386564
Bacteria,Firmicutes,Clostridia,Lachnospirales,Lachnospiraceae,Lachnospiraceae_NK4A136_group,None,Bacteria,Firmicutes,Clostridia,Lachnospirales,Lachnospiraceae,Roseburia,gut_metagenome,0.0029211295034079843
Bacteria,Firmicutes,Clostridia,Lachnospirales,Lachnospiraceae,Lachnospiraceae_NK4A136_group,None,Bacteria,Firmicutes,Clostridia,Lachnospirales,Lachnospiraceae,Tuzzerella,None,0.0019474196689386564
Bacteria,Firmicutes,Clostridia,Lachnospirales,Lachnospiraceae,Lachnospiraceae_NK4A136_group,None,Bacteria,Firmicutes,Clostridia,Lachnospirales,Lachnospiraceae,Tyzzerella,None,0.0019474196689386564
Bacteria,Firmicutes,Clostridia,Lachnospirales,Lachnospiraceae,Lachnospiraceae_NK4A136_group,None,Bacteria,Firmicutes,Clostridia,Lachnospirales,Lachnospiraceae,Eubacterium_hallii_group,None,0.0019474196689386564
Bacteria,Firmicutes,Clostridia,Lachnospirales,Lachnospiraceae,Lachnospiraceae_NK4A136_group,None,Bacteria,Firmicutes,Clostridia,Lachnospirales,Lachnospiraceae,Eubacterium_ventriosum_group,metagenome,0.0029211295034079843
Bacteria,Firmicutes,Clostridia,Lachnospirales,Lachnospiraceae,Lachnospiraceae_NK4A136_group,None,Bacteria,Firmicutes,Clostridia,Lachnospirales,Lachnospiraceae,Ruminococcus_gauvreauii_group,uncultured_Lachnospiraceae_bacterium,0.0029211295034079843
Bacteria,Firmicutes,Clostridia,Lachnospirales,Lachnospiraceae,Lachnospiraceae_NK4A136_group,None,Bacteria,Firmicutes,Clostridia,Lachnospirales,Lachnospiraceae,Ruminococcus_gnavus_group,None,0.0019474196689386564
Bacteria,Firmicutes,Clostridia,Lachnospirales,Lachnospiraceae,Lachnospiraceae_NK4A136_group,None,Bacteria,Firmicutes,Clostridia,Lachnospirales,Lachnospiraceae,Ruminococcus_torques_group,Clostridiaceae_bacterium_LEMV78,0.0029211295034079843
Bacteria,Firmicutes,Clostridia,Lachnospirales,Lachnospiraceae,Lachnospiraceae_NK4A136_group,None,Bacteria,Firmicutes,Clostridia,Lachnospirales,Lachnospiraceae,Ruminococcus_torques_group,None,0.0019474196689386564
Bacteria,Firmicutes,Clostridia,Lachnospirales,Lachnospiraceae,Lachnospiraceae_NK4A136_group,None,Bacteria,Firmicutes,Clostridia,Lachnospirales,Lachnospiraceae,None,None,0.0019474196689386564
Bacteria,Firmicutes,Clostridia,Lachnospirales,Lachnospiraceae,Lachnospiraceae_NK4A136_group,None,Bacteria,Firmicutes,Clostridia,Lachnospirales,Lachnospiraceae,uncultured,None,0.0019474196689386564
Bacteria,Firmicutes,Clostridia,Lachnospirales,Lachnospiraceae,Lachnospiraceae_NK4A136_group,None,Bacteria,Firmicutes,Clostridia,Monoglobales,Monoglobaceae,Monoglobus,None,0.005842259006815969
Bacteria,Firmicutes,Clostridia,Lachnospirales,Lachnospiraceae,Lachnospiraceae_NK4A136_group,None,Bacteria,Firmicutes,Clostridia,Oscillospirales,Butyricicoccaceae,Butyricicoccus,None,0.005842259006815969
Bacteria,Firmicutes,Clostridia,Lachnospirales,Lachnospiraceae,Lachnospiraceae_NK4A136_group,None,Bacteria,Firmicutes,Clostridia,Oscillospirales,Hydrogenoanaerobacterium,None,None,0.004868549172346641
Bacteria,Firmicutes,Clostridia,Lachnospirales,Lachnospiraceae,Lachnospiraceae_NK4A136_group,None,Bacteria,Firmicutes,Clostridia,Oscillospirales,Oscillospiraceae,Colidextribacter,None,0.005842259006815969
Bacteria,Firmicutes,Clostridia,Lachnospirales,Lachnospiraceae,Lachnospiraceae_NK4A136_group,None,Bacteria,Firmicutes,Clostridia,Oscillospirales,Oscillospiraceae,Colidextribacter,metagenome,0.006815968841285297
Bacteria,Firmicutes,Clostridia,Lachnospirales,Lachnospiraceae,Lachnospiraceae_NK4A136_group,None,Bacteria,Firmicutes,Clostridia,Oscillospirales,Oscillospiraceae,Flavonifractor,None,0.005842259006815969
Bacteria,Firmicutes,Clostridia,Lachnospirales,Lachnospiraceae,Lachnospiraceae_NK4A136_group,None,Bacteria,Firmicutes,Clostridia,Oscillospirales,Oscillospiraceae,Intestinimonas,None,0.005842259006815969
Bacteria,Firmicutes,Clostridia,Lachnospirales,Lachnospiraceae,Lachnospiraceae_NK4A136_group,None,Bacteria,Firmicutes,Clostridia,Oscillospirales,Oscillospiraceae,Intestinimonas,uncultured,0.006815968841285297
Bacteria,Firmicutes,Clostridia,Lachnospirales,Lachnospiraceae,Lachnospiraceae_NK4A136_group,None,Bacteria,Firmicutes,Clostridia,Oscillospirales,Oscillospiraceae,NK4A214_group,None,0.005842259006815969
Bacteria,Firmicutes,Clostridia,Lachnospirales,Lachnospiraceae,Lachnospiraceae_NK4A136_group,None,Bacteria,Firmicutes,Clostridia,Oscillospirales,Oscillospiraceae,Oscillibacter,None,0.005842259006815969
Bacteria,Firmicutes,Clostridia,Lachnospirales,Lachnospiraceae,Lachnospiraceae_NK4A136_group,None,Bacteria,Firmicutes,Clostridia,Oscillospirales,Oscillospiraceae,Oscillibacter,metagenome,0.006815968841285297
Bacteria,Firmicutes,Clostridia,Lachnospirales,Lachnospiraceae,Lachnospiraceae_NK4A136_group,None,Bacteria,Firmicutes,Clostridia,Oscillospirales,Oscillospiraceae,Oscillospira,None,0.005842259006815969
Bacteria,Firmicutes,Clostridia,Lachnospirales,Lachnospiraceae,Lachnospiraceae_NK4A136_group,None,Bacteria,Firmicutes,Clostridia,Oscillospirales,Oscillospiraceae,UCG-002,None,0.005842259006815969
Bacteria,Firmicutes,Clostridia,Lachnospirales,Lachnospiraceae,Lachnospiraceae_NK4A136_group,None,Bacteria,Firmicutes,Clostridia,Oscillospirales,Oscillospiraceae,UCG-003,None,0.005842259006815969
Bacteria,Firmicutes,Clostridia,Lachnospirales,Lachnospiraceae,Lachnospiraceae_NK4A136_group,None,Bacteria,Firmicutes,Clostridia,Oscillospirales,Oscillospiraceae,UCG-005,None,0.005842259006815969
Bacteria,Firmicutes,Clostridia,Lachnospirales,Lachnospiraceae,Lachnospiraceae_NK4A136_group,None,Bacteria,Firmicutes,Clostridia,Oscillospirales,Oscillospiraceae,UCG-005,metagenome,0.006815968841285297
Bacteria,Firmicutes,Clostridia,Lachnospirales,Lachnospiraceae,Lachnospiraceae_NK4A136_group,None,Bacteria,Firmicutes,Clostridia,Oscillospirales,Oscillospiraceae,UCG-005,uncultured_Clostridiales_bacterium,0.006815968841285297
Bacteria,Firmicutes,Clostridia,Lachnospirales,Lachnospiraceae,Lachnospiraceae_NK4A136_group,None,Bacteria,Firmicutes,Clostridia,Oscillospirales,Oscillospiraceae,UCG-005,uncultured_rumen_bacterium,0.006815968841285297
Bacteria,Firmicutes,Clostridia,Lachnospirales,Lachnospiraceae,Lachnospiraceae_NK4A136_group,None,Bacteria,Firmicutes,Clostridia,Oscillospirales,Oscillospiraceae,None,None,0.004868549172346641
Bacteria,Firmicutes,Clostridia,Lachnospirales,Lachnospiraceae,Lachnospiraceae_NK4A136_group,None,Bacteria,Firmicutes,Clostridia,Oscillospirales,Oscillospiraceae,uncultured,metagenome,0.006815968841285297
Bacteria,Firmicutes,Clostridia,Lachnospirales,Lachnospiraceae,Lachnospiraceae_NK4A136_group,None,Bacteria,Firmicutes,Clostridia,Oscillospirales,Oscillospiraceae,uncultured,unidentified,0.006815968841285297
Bacteria,Firmicutes,Clostridia,Lachnospirales,Lachnospiraceae,Lachnospiraceae_NK4A136_group,None,Bacteria,Firmicutes,Clostridia,Oscillospirales,Ruminococcaceae,Anaerofilum,uncultured_Firmicutes_bacterium,0.006815968841285297
Bacteria,Firmicutes,Clostridia,Lachnospirales,Lachnospiraceae,Lachnospiraceae_NK4A136_group,None,Bacteria,Firmicutes,Clostridia,Oscillospirales,Ruminococcaceae,Anaerotruncus,Anaerotruncus_rubiinfantis,0.006815968841285297
Bacteria,Firmicutes,Clostridia,Lachnospirales,Lachnospiraceae,Lachnospiraceae_NK4A136_group,None,Bacteria,Firmicutes,Clostridia,Oscillospirales,Ruminococcaceae,Anaerotruncus,Anaerotruncus_sp._NML_070203,0.006815968841285297
Bacteria,Firmicutes,Clostridia,Lachnospirales,Lachnospiraceae,Lachnospiraceae_NK4A136_group,None,Bacteria,Firmicutes,Clostridia,Oscillospirales,Ruminococcaceae,Candidatus_Soleaferrea,Neobitarella_massiliensis,0.006815968841285297
Bacteria,Firmicutes,Clostridia,Lachnospirales,Lachnospiraceae,Lachnospiraceae_NK4A136_group,None,Bacteria,Firmicutes,Clostridia,Oscillospirales,Ruminococcaceae,Candidatus_Soleaferrea,None,0.005842259006815969
Bacteria,Firmicutes,Clostridia,Lachnospirales,Lachnospiraceae,Lachnospiraceae_NK4A136_group,None,Bacteria,Firmicutes,Clostridia,Oscillospirales,Ruminococcaceae,DTU089,None,0.005842259006815969
Bacteria,Firmicutes,Clostridia,Lachnospirales,Lachnospiraceae,Lachnospiraceae_NK4A136_group,None,Bacteria,Firmicutes,Clostridia,Oscillospirales,Ruminococcaceae,Faecalibacterium,None,0.005842259006815969
Bacteria,Firmicutes,Clostridia,Lachnospirales,Lachnospiraceae,Lachnospiraceae_NK4A136_group,None,Bacteria,Firmicutes,Clostridia,Oscillospirales,Ruminococcaceae,Fournierella,uncultured_organism,0.006815968841285297
Bacteria,Firmicutes,Clostridia,Lachnospirales,Lachnospiraceae,Lachnospiraceae_NK4A136_group,None,Bacteria,Firmicutes,Clostridia,Oscillospirales,Ruminococcaceae,Incertae_Sedis,metagenome,0.006815968841285297
Bacteria,Firmicutes,Clostridia,Lachnospirales,Lachnospiraceae,Lachnospiraceae_NK4A136_group,None,Bacteria,Firmicutes,Clostridia,Oscillospirales,Ruminococcaceae,Incertae_Sedis,None,0.005842259006815969
Bacteria,Firmicutes,Clostridia,Lachnospirales,Lachnospiraceae,Lachnospiraceae_NK4A136_group,None,Bacteria,Firmicutes,Clostridia,Oscillospirales,Ruminococcaceae,Negativibacillus,None,0.005842259006815969
Bacteria,Firmicutes,Clostridia,Lachnospirales,Lachnospiraceae,Lachnospiraceae_NK4A136_group,None,Bacteria,Firmicutes,Clostridia,Oscillospirales,Ruminococcaceae,Ruminococcus,Ruminococcus_champanellensis,0.006815968841285297
Bacteria,Firmicutes,Clostridia,Lachnospirales,Lachnospiraceae,Lachnospiraceae_NK4A136_group,None,Bacteria,Firmicutes,Clostridia,Oscillospirales,Ruminococcaceae,Ruminococcus,None,0.005842259006815969
Bacteria,Firmicutes,Clostridia,Lachnospirales,Lachnospiraceae,Lachnospiraceae_NK4A136_group,None,Bacteria,Firmicutes,Clostridia,Oscillospirales,Ruminococcaceae,Subdoligranulum,None,0.005842259006815969
Bacteria,Firmicutes,Clostridia,Lachnospirales,Lachnospiraceae,Lachnospiraceae_NK4A136_group,None,Bacteria,Firmicutes,Clostridia,Oscillospirales,Ruminococcaceae,UBA1819,None,0.005842259006815969
Bacteria,Firmicutes,Clostridia,Lachnospirales,Lachnospiraceae,Lachnospiraceae_NK4A136_group,None,Bacteria,Firmicutes,Clostridia,Oscillospirales,Ruminococcaceae,Eubacterium_siraeum_group,None,0.005842259006815969
Bacteria,Firmicutes,Clostridia,Lachnospirales,Lachnospiraceae,Lachnospiraceae_NK4A136_group,None,Bacteria,Firmicutes,Clostridia,Oscillospirales,Ruminococcaceae,None,None,0.004868549172346641
Bacteria,Firmicutes,Clostridia,Lachnospirales,Lachnospiraceae,Lachnospiraceae_NK4A136_group,None,Bacteria,Firmicutes,Clostridia,Oscillospirales,UCG-010,None,None,0.004868549172346641
Bacteria,Firmicutes,Clostridia,Lachnospirales,Lachnospiraceae,Lachnospiraceae_NK4A136_group,None,Bacteria,Firmicutes,Clostridia,Oscillospirales,UCG-010,metagenome,None,0.005842259006815969
Bacteria,Firmicutes,Clostridia,Lachnospirales,Lachnospiraceae,Lachnospiraceae_NK4A136_group,None,Bacteria,Firmicutes,Clostridia,Oscillospirales,UCG-010,uncultured_bacterium,None,0.005842259006815969
Bacteria,Firmicutes,Clostridia,Lachnospirales,Lachnospiraceae,Lachnospiraceae_NK4A136_group,None,Bacteria,Firmicutes,Clostridia,Oscillospirales,UCG-010,uncultured_organism,None,0.005842259006815969
Bacteria,Firmicutes,Clostridia,Lachnospirales,Lachnospiraceae,Lachnospiraceae_NK4A136_group,None,Bacteria,Firmicutes,Clostridia,Oscillospirales,Clostridium_methylpentosum_group,None,None,0.004868549172346641
Bacteria,Firmicutes,Clostridia,Lachnospirales,Lachnospiraceae,Lachnospiraceae_NK4A136_group,None,Bacteria,Firmicutes,Clostridia,Oscillospirales,Eubacterium_coprostanoligenes_group,None,None,0.004868549172346641
Bacteria,Firmicutes,Clostridia,Lachnospirales,Lachnospiraceae,Lachnospiraceae_NK4A136_group,None,Bacteria,Firmicutes,Clostridia,Oscillospirales,None,None,None,0.0038948393378773127
Bacteria,Firmicutes,Clostridia,Lachnospirales,Lachnospiraceae,Lachnospiraceae_NK4A136_group,None,Bacteria,Firmicutes,Clostridia,Peptococcales,Peptococcaceae,uncultured,None,0.005842259006815969
Bacteria,Firmicutes,Clostridia,Lachnospirales,Lachnospiraceae,Lachnospiraceae_NK4A136_group,None,Bacteria,Firmicutes,Clostridia,Peptostreptococcales-Tissierellales,Anaerovoracaceae,Family_XIII_AD3011_group,metagenome,0.006815968841285297
Bacteria,Firmicutes,Clostridia,Lachnospirales,Lachnospiraceae,Lachnospiraceae_NK4A136_group,None,Bacteria,Firmicutes,Clostridia,Peptostreptococcales-Tissierellales,Anaerovoracaceae,Family_XIII_AD3011_group,None,0.005842259006815969
Bacteria,Firmicutes,Clostridia,Lachnospirales,Lachnospiraceae,Lachnospiraceae_NK4A136_group,None,Bacteria,Firmicutes,Clostridia,Peptostreptococcales-Tissierellales,Anaerovoracaceae,Family_XIII_AD3011_group,uncultured,0.006815968841285297
Bacteria,Firmicutes,Clostridia,Lachnospirales,Lachnospiraceae,Lachnospiraceae_NK4A136_group,None,Bacteria,Firmicutes,Clostridia,Peptostreptococcales-Tissierellales,Anaerovoracaceae,Family_XIII_UCG-001,metagenome,0.006815968841285297
Bacteria,Firmicutes,Clostridia,Lachnospirales,Lachnospiraceae,Lachnospiraceae_NK4A136_group,None,Bacteria,Firmicutes,Clostridia,Peptostreptococcales-Tissierellales,Anaerovoracaceae,Eubacterium_nodatum_group,None,0.005842259006815969
Bacteria,Firmicutes,Clostridia,Lachnospirales,Lachnospiraceae,Lachnospiraceae_NK4A136_group,None,Bacteria,Firmicutes,Clostridia,Peptostreptococcales-Tissierellales,Anaerovoracaceae,None,None,0.004868549172346641
Bacteria,Firmicutes,Clostridia,Lachnospirales,Lachnospiraceae,Lachnospiraceae_NK4A136_group,None,Bacteria,Firmicutes,Clostridia,Peptostreptococcales-Tissierellales,Parvimonas,None,None,0.004868549172346641
Bacteria,Firmicutes,Clostridia,Lachnospirales,Lachnospiraceae,Lachnospiraceae_NK4A136_group,None,Bacteria,Firmicutes,Clostridia,None,None,None,None,0.0029211295034079843
Bacteria,Firmicutes,Clostridia,Lachnospirales,Lachnospiraceae,Lachnospiraceae_NK4A136_group,None,Bacteria,Firmicutes,Incertae_Sedis,DTU014,unidentified,None,None,0.006815968841285297
Bacteria,Firmicutes,Clostridia,Lachnospirales,Lachnospiraceae,Lachnospiraceae_NK4A136_group,None,Bacteria,Firmicutes,Limnochordia,M55-D21,uncultured_compost_bacterium,None,None,0.006815968841285297
Bacteria,Firmicutes,Clostridia,Lachnospirales,Lachnospiraceae,Lachnospiraceae_NK4A136_group,None,Bacteria,Firmicutes,Negativicutes,Acidaminococcales,Acidaminococcaceae,Phascolarctobacterium,None,0.007789678675754625
Bacteria,Firmicutes,Clostridia,Lachnospirales,Lachnospiraceae,Lachnospiraceae_NK4A136_group,None,Bacteria,Firmicutes,None,None,None,None,None,0.0038948393378773127
Bacteria,Firmicutes,Clostridia,Lachnospirales,Lachnospiraceae,Lachnospiraceae_NK4A136_group,None,Bacteria,Firmicutes,uncultured,uncultured_Peptococcaceae_bacterium,None,None,None,0.005842259006815969
Bacteria,Firmicutes,Clostridia,Lachnospirales,Lachnospiraceae,Lachnospiraceae_NK4A136_group,None,Bacteria,Proteobacteria,Alphaproteobacteria,Rhodospirillales,uncultured,None,None,0.008763388510223954
Bacteria,Firmicutes,Clostridia,Lachnospirales,Lachnospiraceae,Lachnospiraceae_NK4A136_group,None,Bacteria,Proteobacteria,Gammaproteobacteria,Burkholderiales,Sutterellaceae,Sutterella,Sutterella_sp._252,0.010710808179162609
Bacteria,Firmicutes,Clostridia,Lachnospirales,Lachnospiraceae,Lachnospiraceae_NK4A136_group,None,Bacteria,Proteobacteria,Gammaproteobacteria,Enterobacterales,Enterobacteriaceae,Escherichia-Shigella,None,0.009737098344693282
Bacteria,Firmicutes,Clostridia,Lachnospirales,Lachnospiraceae,Lachnospiraceae_NK4A136_group,None,Bacteria,Proteobacteria,Gammaproteobacteria,Enterobacterales,Enterobacteriaceae,Klebsiella,None,0.009737098344693282
Bacteria,Firmicutes,Clostridia,Lachnospirales,Lachnospiraceae,Lachnospiraceae_NK4A136_group,None,Bacteria,Proteobacteria,Gammaproteobacteria,Enterobacterales,Enterobacteriaceae,None,None,0.008763388510223954
Bacteria,Firmicutes,Clostridia,Lachnospirales,Lachnospiraceae,Lachnospiraceae_NK4A136_group,None,Bacteria,Proteobacteria,Gammaproteobacteria,Pseudomonadales,Pseudomonadaceae,Pseudomonas,None,0.009737098344693282
Bacteria,Firmicutes,Clostridia,Lachnospirales,Lachnospiraceae,Lachnospiraceae_NK4A136_group,None,Bacteria,Synergistota,Synergistia,Synergistales,Synergistaceae,Cloacibacillus,None,0.009737098344693282
Bacteria,Firmicutes,Clostridia,Lachnospirales,Lachnospiraceae,Lachnospiraceae_NK4A136_group,None,Bacteria,Verrucomicrobiota,Verrucomicrobiae,Verrucomicrobiales,Akkermansiaceae,Akkermansia,None,0.009737098344693282
Bacteria,Firmicutes,Clostridia,Lachnospirales,Lachnospiraceae,Lachnospiraceae_NK4A136_group,uncultured_Lachnospiraceae_bacterium,Bacteria,Firmicutes,Clostridia,Lachnospirales,Lachnospiraceae,Lachnospiraceae_NK4A136_group,uncultured_bacterium_Adhufec49.25,0.0019474196689386564
Bacteria,Firmicutes,Clostridia,Lachnospirales,Lachnospiraceae,Lachnospiraceae_NK4A136_group,uncultured_Lachnospiraceae_bacterium,Bacteria,Firmicutes,Clostridia,Lachnospirales,Lachnospiraceae,Lachnospiraceae_NK4B4_group,None,0.0029211295034079843
Bacteria,Firmicutes,Clostridia,Lachnospirales,Lachnospiraceae,Lachnospiraceae_NK4A136_group,uncultured_Lachnospiraceae_bacterium,Bacteria,Firmicutes,Clostridia,Lachnospirales,Lachnospiraceae,Lachnospiraceae_UCG-001,metagenome,0.0038948393378773127
Bacteria,Firmicutes,Clostridia,Lachnospirales,Lachnospiraceae,Lachnospiraceae_NK4A136_group,uncultured_Lachnospiraceae_bacterium,Bacteria,Firmicutes,Clostridia,Lachnospirales,Lachnospiraceae,Lachnospiraceae_UCG-004,None,0.0029211295034079843
Bacteria,Firmicutes,Clostridia,Lachnospirales,Lachnospiraceae,Lachnospiraceae_NK4A136_group,uncultured_Lachnospiraceae_bacterium,Bacteria,Firmicutes,Clostridia,Lachnospirales,Lachnospiraceae,Lachnospiraceae_UCG-008,metagenome,0.0038948393378773127
Bacteria,Firmicutes,Clostridia,Lachnospirales,Lachnospiraceae,Lachnospiraceae_NK4A136_group,uncultured_Lachnospiraceae_bacterium,Bacteria,Firmicutes,Clostridia,Lachnospirales,Lachnospiraceae,Lachnospiraceae_UCG-010,None,0.0029211295034079843
Bacteria,Firmicutes,Clostridia,Lachnospirales,Lachnospiraceae,Lachnospiraceae_NK4A136_group,uncultured_Lachnospiraceae_bacterium,Bacteria,Firmicutes,Clostridia,Lachnospirales,Lachnospiraceae,Marvinbryantia,None,0.0029211295034079843
Bacteria,Firmicutes,Clostridia,Lachnospirales,Lachnospiraceae,Lachnospiraceae_NK4A136_group,uncultured_Lachnospiraceae_bacterium,Bacteria,Firmicutes,Clostridia,Lachnospirales,Lachnospiraceae,Marvinbryantia,unidentified,0.0038948393378773127
Bacteria,Firmicutes,Clostridia,Lachnospirales,Lachnospiraceae,Lachnospiraceae_NK4A136_group,uncultured_Lachnospiraceae_bacterium,Bacteria,Firmicutes,Clostridia,Lachnospirales,Lachnospiraceae,Roseburia,None,0.0029211295034079843
Bacteria,Firmicutes,Clostridia,Lachnospirales,Lachnospiraceae,Lachnospiraceae_NK4A136_group,uncultured_Lachnospiraceae_bacterium,Bacteria,Firmicutes,Clostridia,Lachnospirales,Lachnospiraceae,Roseburia,gut_metagenome,0.0038948393378773127
Bacteria,Firmicutes,Clostridia,Lachnospirales,Lachnospiraceae,Lachnospiraceae_NK4A136_group,uncultured_Lachnospiraceae_bacterium,Bacteria,Firmicutes,Clostridia,Lachnospirales,Lachnospiraceae,Tuzzerella,None,0.0029211295034079843
Bacteria,Firmicutes,Clostridia,Lachnospirales,Lachnospiraceae,Lachnospiraceae_NK4A136_group,uncultured_Lachnospiraceae_bacterium,Bacteria,Firmicutes,Clostridia,Lachnospirales,Lachnospiraceae,Tyzzerella,None,0.0029211295034079843
Bacteria,Firmicutes,Clostridia,Lachnospirales,Lachnospiraceae,Lachnospiraceae_NK4A136_group,uncultured_Lachnospiraceae_bacterium,Bacteria,Firmicutes,Clostridia,Lachnospirales,Lachnospiraceae,Eubacterium_hallii_group,None,0.0029211295034079843
Bacteria,Firmicutes,Clostridia,Lachnospirales,Lachnospiraceae,Lachnospiraceae_NK4A136_group,uncultured_Lachnospiraceae_bacterium,Bacteria,Firmicutes,Clostridia,Lachnospirales,Lachnospiraceae,Eubacterium_ventriosum_group,metagenome,0.0038948393378773127
Bacteria,Firmicutes,Clostridia,Lachnospirales,Lachnospiraceae,Lachnospiraceae_NK4A136_group,uncultured_Lachnospiraceae_bacterium,Bacteria,Firmicutes,Clostridia,Lachnospirales,Lachnospiraceae,Ruminococcus_gauvreauii_group,uncultured_Lachnospiraceae_bacterium,0.0038948393378773127
Bacteria,Firmicutes,Clostridia,Lachnospirales,Lachnospiraceae,Lachnospiraceae_NK4A136_group,uncultured_Lachnospiraceae_bacterium,Bacteria,Firmicutes,Clostridia,Lachnospirales,Lachnospiraceae,Ruminococcus_gnavus_group,None,0.0029211295034079843
Bacteria,Firmicutes,Clostridia,Lachnospirales,Lachnospiraceae,Lachnospiraceae_NK4A136_group,uncultured_Lachnospiraceae_bacterium,Bacteria,Firmicutes,Clostridia,Lachnospirales,Lachnospiraceae,Ruminococcus_torques_group,Clostridiaceae_bacterium_LEMV78,0.0038948393378773127
Bacteria,Firmicutes,Clostridia,Lachnospirales,Lachnospiraceae,Lachnospiraceae_NK4A136_group,uncultured_Lachnospiraceae_bacterium,Bacteria,Firmicutes,Clostridia,Lachnospirales,Lachnospiraceae,Ruminococcus_torques_group,None,0.0029211295034079843
Bacteria,Firmicutes,Clostridia,Lachnospirales,Lachnospiraceae,Lachnospiraceae_NK4A136_group,uncultured_Lachnospiraceae_bacterium,Bacteria,Firmicutes,Clostridia,Lachnospirales,Lachnospiraceae,None,None,0.0029211295034079843
Bacteria,Firmicutes,Clostridia,Lachnospirales,Lachnospiraceae,Lachnospiraceae_NK4A136_group,uncultured_Lachnospiraceae_bacterium,Bacteria,Firmicutes,Clostridia,Lachnospirales,Lachnospiraceae,uncultured,None,0.0029211295034079843
Bacteria,Firmicutes,Clostridia,Lachnospirales,Lachnospiraceae,Lachnospiraceae_NK4A136_group,uncultured_Lachnospiraceae_bacterium,Bacteria,Firmicutes,Clostridia,Monoglobales,Monoglobaceae,Monoglobus,None,0.006815968841285297
Bacteria,Firmicutes,Clostridia,Lachnospirales,Lachnospiraceae,Lachnospiraceae_NK4A136_group,uncultured_Lachnospiraceae_bacterium,Bacteria,Firmicutes,Clostridia,Oscillospirales,Butyricicoccaceae,Butyricicoccus,None,0.006815968841285297
Bacteria,Firmicutes,Clostridia,Lachnospirales,Lachnospiraceae,Lachnospiraceae_NK4A136_group,uncultured_Lachnospiraceae_bacterium,Bacteria,Firmicutes,Clostridia,Oscillospirales,Hydrogenoanaerobacterium,None,None,0.005842259006815969
Bacteria,Firmicutes,Clostridia,Lachnospirales,Lachnospiraceae,Lachnospiraceae_NK4A136_group,uncultured_Lachnospiraceae_bacterium,Bacteria,Firmicutes,Clostridia,Oscillospirales,Oscillospiraceae,Colidextribacter,None,0.006815968841285297
Bacteria,Firmicutes,Clostridia,Lachnospirales,Lachnospiraceae,Lachnospiraceae_NK4A136_group,uncultured_Lachnospiraceae_bacterium,Bacteria,Firmicutes,Clostridia,Oscillospirales,Oscillospiraceae,Colidextribacter,metagenome,0.007789678675754625
Bacteria,Firmicutes,Clostridia,Lachnospirales,Lachnospiraceae,Lachnospiraceae_NK4A136_group,uncultured_Lachnospiraceae_bacterium,Bacteria,Firmicutes,Clostridia,Oscillospirales,Oscillospiraceae,Flavonifractor,None,0.006815968841285297
Bacteria,Firmicutes,Clostridia,Lachnospirales,Lachnospiraceae,Lachnospiraceae_NK4A136_group,uncultured_Lachnospiraceae_bacterium,Bacteria,Firmicutes,Clostridia,Oscillospirales,Oscillospiraceae,Intestinimonas,None,0.006815968841285297
Bacteria,Firmicutes,Clostridia,Lachnospirales,Lachnospiraceae,Lachnospiraceae_NK4A136_group,uncultured_Lachnospiraceae_bacterium,Bacteria,Firmicutes,Clostridia,Oscillospirales,Oscillospiraceae,Intestinimonas,uncultured,0.007789678675754625
Bacteria,Firmicutes,Clostridia,Lachnospirales,Lachnospiraceae,Lachnospiraceae_NK4A136_group,uncultured_Lachnospiraceae_bacterium,Bacteria,Firmicutes,Clostridia,Oscillospirales,Oscillospiraceae,NK4A214_group,None,0.006815968841285297
Bacteria,Firmicutes,Clostridia,Lachnospirales,Lachnospiraceae,Lachnospiraceae_NK4A136_group,uncultured_Lachnospiraceae_bacterium,Bacteria,Firmicutes,Clostridia,Oscillospirales,Oscillospiraceae,Oscillibacter,None,0.006815968841285297
Bacteria,Firmicutes,Clostridia,Lachnospirales,Lachnospiraceae,Lachnospiraceae_NK4A136_group,uncultured_Lachnospiraceae_bacterium,Bacteria,Firmicutes,Clostridia,Oscillospirales,Oscillospiraceae,Oscillibacter,metagenome,0.007789678675754625
Bacteria,Firmicutes,Clostridia,Lachnospirales,Lachnospiraceae,Lachnospiraceae_NK4A136_group,uncultured_Lachnospiraceae_bacterium,Bacteria,Firmicutes,Clostridia,Oscillospirales,Oscillospiraceae,Oscillospira,None,0.006815968841285297
Bacteria,Firmicutes,Clostridia,Lachnospirales,Lachnospiraceae,Lachnospiraceae_NK4A136_group,uncultured_Lachnospiraceae_bacterium,Bacteria,Firmicutes,Clostridia,Oscillospirales,Oscillospiraceae,UCG-002,None,0.006815968841285297
Bacteria,Firmicutes,Clostridia,Lachnospirales,Lachnospiraceae,Lachnospiraceae_NK4A136_group,uncultured_Lachnospiraceae_bacterium,Bacteria,Firmicutes,Clostridia,Oscillospirales,Oscillospiraceae,UCG-003,None,0.006815968841285297
Bacteria,Firmicutes,Clostridia,Lachnospirales,Lachnospiraceae,Lachnospiraceae_NK4A136_group,uncultured_Lachnospiraceae_bacterium,Bacteria,Firmicutes,Clostridia,Oscillospirales,Oscillospiraceae,UCG-005,None,0.006815968841285297
Bacteria,Firmicutes,Clostridia,Lachnospirales,Lachnospiraceae,Lachnospiraceae_NK4A136_group,uncultured_Lachnospiraceae_bacterium,Bacteria,Firmicutes,Clostridia,Oscillospirales,Oscillospiraceae,UCG-005,metagenome,0.007789678675754625
Bacteria,Firmicutes,Clostridia,Lachnospirales,Lachnospiraceae,Lachnospiraceae_NK4A136_group,uncultured_Lachnospiraceae_bacterium,Bacteria,Firmicutes,Clostridia,Oscillospirales,Oscillospiraceae,UCG-005,uncultured_Clostridiales_bacterium,0.007789678675754625
Bacteria,Firmicutes,Clostridia,Lachnospirales,Lachnospiraceae,Lachnospiraceae_NK4A136_group,uncultured_Lachnospiraceae_bacterium,Bacteria,Firmicutes,Clostridia,Oscillospirales,Oscillospiraceae,UCG-005,uncultured_rumen_bacterium,0.007789678675754625
Bacteria,Firmicutes,Clostridia,Lachnospirales,Lachnospiraceae,Lachnospiraceae_NK4A136_group,uncultured_Lachnospiraceae_bacterium,Bacteria,Firmicutes,Clostridia,Oscillospirales,Oscillospiraceae,None,None,0.005842259006815969
Bacteria,Firmicutes,Clostridia,Lachnospirales,Lachnospiraceae,Lachnospiraceae_NK4A136_group,uncultured_Lachnospiraceae_bacterium,Bacteria,Firmicutes,Clostridia,Oscillospirales,Oscillospiraceae,uncultured,metagenome,0.007789678675754625
Bacteria,Firmicutes,Clostridia,Lachnospirales,Lachnospiraceae,Lachnospiraceae_NK4A136_group,uncultured_Lachnospiraceae_bacterium,Bacteria,Firmicutes,Clostridia,Oscillospirales,Oscillospiraceae,uncultured,unidentified,0.007789678675754625
Bacteria,Firmicutes,Clostridia,Lachnospirales,Lachnospiraceae,Lachnospiraceae_NK4A136_group,uncultured_Lachnospiraceae_bacterium,Bacteria,Firmicutes,Clostridia,Oscillospirales,Ruminococcaceae,Anaerofilum,uncultured_Firmicutes_bacterium,0.007789678675754625
Bacteria,Firmicutes,Clostridia,Lachnospirales,Lachnospiraceae,Lachnospiraceae_NK4A136_group,uncultured_Lachnospiraceae_bacterium,Bacteria,Firmicutes,Clostridia,Oscillospirales,Ruminococcaceae,Anaerotruncus,Anaerotruncus_rubiinfantis,0.007789678675754625
Bacteria,Firmicutes,Clostridia,Lachnospirales,Lachnospiraceae,Lachnospiraceae_NK4A136_group,uncultured_Lachnospiraceae_bacterium,Bacteria,Firmicutes,Clostridia,Oscillospirales,Ruminococcaceae,Anaerotruncus,Anaerotruncus_sp._NML_070203,0.007789678675754625
Bacteria,Firmicutes,Clostridia,Lachnospirales,Lachnospiraceae,Lachnospiraceae_NK4A136_group,uncultured_Lachnospiraceae_bacterium,Bacteria,Firmicutes,Clostridia,Oscillospirales,Ruminococcaceae,Candidatus_Soleaferrea,Neobitarella_massiliensis,0.007789678675754625
Bacteria,Firmicutes,Clostridia,Lachnospirales,Lachnospiraceae,Lachnospiraceae_NK4A136_group,uncultured_Lachnospiraceae_bacterium,Bacteria,Firmicutes,Clostridia,Oscillospirales,Ruminococcaceae,Candidatus_Soleaferrea,None,0.006815968841285297
Bacteria,Firmicutes,Clostridia,Lachnospirales,Lachnospiraceae,Lachnospiraceae_NK4A136_group,uncultured_Lachnospiraceae_bacterium,Bacteria,Firmicutes,Clostridia,Oscillospirales,Ruminococcaceae,DTU089,None,0.006815968841285297
Bacteria,Firmicutes,Clostridia,Lachnospirales,Lachnospiraceae,Lachnospiraceae_NK4A136_group,uncultured_Lachnospiraceae_bacterium,Bacteria,Firmicutes,Clostridia,Oscillospirales,Ruminococcaceae,Faecalibacterium,None,0.006815968841285297
Bacteria,Firmicutes,Clostridia,Lachnospirales,Lachnospiraceae,Lachnospiraceae_NK4A136_group,uncultured_Lachnospiraceae_bacterium,Bacteria,Firmicutes,Clostridia,Oscillospirales,Ruminococcaceae,Fournierella,uncultured_organism,0.007789678675754625
Bacteria,Firmicutes,Clostridia,Lachnospirales,Lachnospiraceae,Lachnospiraceae_NK4A136_group,uncultured_Lachnospiraceae_bacterium,Bacteria,Firmicutes,Clostridia,Oscillospirales,Ruminococcaceae,Incertae_Sedis,metagenome,0.007789678675754625
Bacteria,Firmicutes,Clostridia,Lachnospirales,Lachnospiraceae,Lachnospiraceae_NK4A136_group,uncultured_Lachnospiraceae_bacterium,Bacteria,Firmicutes,Clostridia,Oscillospirales,Ruminococcaceae,Incertae_Sedis,None,0.006815968841285297
Bacteria,Firmicutes,Clostridia,Lachnospirales,Lachnospiraceae,Lachnospiraceae_NK4A136_group,uncultured_Lachnospiraceae_bacterium,Bacteria,Firmicutes,Clostridia,Oscillospirales,Ruminococcaceae,Negativibacillus,None,0.006815968841285297
Bacteria,Firmicutes,Clostridia,Lachnospirales,Lachnospiraceae,Lachnospiraceae_NK4A136_group,uncultured_Lachnospiraceae_bacterium,Bacteria,Firmicutes,Clostridia,Oscillospirales,Ruminococcaceae,Ruminococcus,Ruminococcus_champanellensis,0.007789678675754625
Bacteria,Firmicutes,Clostridia,Lachnospirales,Lachnospiraceae,Lachnospiraceae_NK4A136_group,uncultured_Lachnospiraceae_bacterium,Bacteria,Firmicutes,Clostridia,Oscillospirales,Ruminococcaceae,Ruminococcus,None,0.006815968841285297
Bacteria,Firmicutes,Clostridia,Lachnospirales,Lachnospiraceae,Lachnospiraceae_NK4A136_group,uncultured_Lachnospiraceae_bacterium,Bacteria,Firmicutes,Clostridia,Oscillospirales,Ruminococcaceae,Subdoligranulum,None,0.006815968841285297
Bacteria,Firmicutes,Clostridia,Lachnospirales,Lachnospiraceae,Lachnospiraceae_NK4A136_group,uncultured_Lachnospiraceae_bacterium,Bacteria,Firmicutes,Clostridia,Oscillospirales,Ruminococcaceae,UBA1819,None,0.006815968841285297
Bacteria,Firmicutes,Clostridia,Lachnospirales,Lachnospiraceae,Lachnospiraceae_NK4A136_group,uncultured_Lachnospiraceae_bacterium,Bacteria,Firmicutes,Clostridia,Oscillospirales,Ruminococcaceae,Eubacterium_siraeum_group,None,0.006815968841285297
Bacteria,Firmicutes,Clostridia,Lachnospirales,Lachnospiraceae,Lachnospiraceae_NK4A136_group,uncultured_Lachnospiraceae_bacterium,Bacteria,Firmicutes,Clostridia,Oscillospirales,Ruminococcaceae,None,None,0.005842259006815969
Bacteria,Firmicutes,Clostridia,Lachnospirales,Lachnospiraceae,Lachnospiraceae_NK4A136_group,uncultured_Lachnospiraceae_bacterium,Bacteria,Firmicutes,Clostridia,Oscillospirales,UCG-010,None,None,0.005842259006815969
Bacteria,Firmicutes,Clostridia,Lachnospirales,Lachnospiraceae,Lachnospiraceae_NK4A136_group,uncultured_Lachnospiraceae_bacterium,Bacteria,Firmicutes,Clostridia,Oscillospirales,UCG-010,metagenome,None,0.006815968841285297
Bacteria,Firmicutes,Clostridia,Lachnospirales,Lachnospiraceae,Lachnospiraceae_NK4A136_group,uncultured_Lachnospiraceae_bacterium,Bacteria,Firmicutes,Clostridia,Oscillospirales,UCG-010,uncultured_bacterium,None,0.006815968841285297
Bacteria,Firmicutes,Clostridia,Lachnospirales,Lachnospiraceae,Lachnospiraceae_NK4A136_group,uncultured_Lachnospiraceae_bacterium,Bacteria,Firmicutes,Clostridia,Oscillospirales,UCG-010,uncultured_organism,None,0.006815968841285297
Bacteria,Firmicutes,Clostridia,Lachnospirales,Lachnospiraceae,Lachnospiraceae_NK4A136_group,uncultured_Lachnospiraceae_bacterium,Bacteria,Firmicutes,Clostridia,Oscillospirales,Clostridium_methylpentosum_group,None,None,0.005842259006815969
Bacteria,Firmicutes,Clostridia,Lachnospirales,Lachnospiraceae,Lachnospiraceae_NK4A136_group,uncultured_Lachnospiraceae_bacterium,Bacteria,Firmicutes,Clostridia,Oscillospirales,Eubacterium_coprostanoligenes_group,None,None,0.005842259006815969
Bacteria,Firmicutes,Clostridia,Lachnospirales,Lachnospiraceae,Lachnospiraceae_NK4A136_group,uncultured_Lachnospiraceae_bacterium,Bacteria,Firmicutes,Clostridia,Oscillospirales,None,None,None,0.004868549172346641
Bacteria,Firmicutes,Clostridia,Lachnospirales,Lachnospiraceae,Lachnospiraceae_NK4A136_group,uncultured_Lachnospiraceae_bacterium,Bacteria,Firmicutes,Clostridia,Peptococcales,Peptococcaceae,uncultured,None,0.006815968841285297
Bacteria,Firmicutes,Clostridia,Lachnospirales,Lachnospiraceae,Lachnospiraceae_NK4A136_group,uncultured_Lachnospiraceae_bacterium,Bacteria,Firmicutes,Clostridia,Peptostreptococcales-Tissierellales,Anaerovoracaceae,Family_XIII_AD3011_group,metagenome,0.007789678675754625
Bacteria,Firmicutes,Clostridia,Lachnospirales,Lachnospiraceae,Lachnospiraceae_NK4A136_group,uncultured_Lachnospiraceae_bacterium,Bacteria,Firmicutes,Clostridia,Peptostreptococcales-Tissierellales,Anaerovoracaceae,Family_XIII_AD3011_group,None,0.006815968841285297
Bacteria,Firmicutes,Clostridia,Lachnospirales,Lachnospiraceae,Lachnospiraceae_NK4A136_group,uncultured_Lachnospiraceae_bacterium,Bacteria,Firmicutes,Clostridia,Peptostreptococcales-Tissierellales,Anaerovoracaceae,Family_XIII_AD3011_group,uncultured,0.007789678675754625
Bacteria,Firmicutes,Clostridia,Lachnospirales,Lachnospiraceae,Lachnospiraceae_NK4A136_group,uncultured_Lachnospiraceae_bacterium,Bacteria,Firmicutes,Clostridia,Peptostreptococcales-Tissierellales,Anaerovoracaceae,Family_XIII_UCG-001,metagenome,0.007789678675754625
Bacteria,Firmicutes,Clostridia,Lachnospirales,Lachnospiraceae,Lachnospiraceae_NK4A136_group,uncultured_Lachnospiraceae_bacterium,Bacteria,Firmicutes,Clostridia,Peptostreptococcales-Tissierellales,Anaerovoracaceae,Eubacterium_nodatum_group,None,0.006815968841285297
Bacteria,Firmicutes,Clostridia,Lachnospirales,Lachnospiraceae,Lachnospiraceae_NK4A136_group,uncultured_Lachnospiraceae_bacterium,Bacteria,Firmicutes,Clostridia,Peptostreptococcales-Tissierellales,Anaerovoracaceae,None,None,0.005842259006815969
Bacteria,Firmicutes,Clostridia,Lachnospirales,Lachnospiraceae,Lachnospiraceae_NK4A136_group,uncultured_Lachnospiraceae_bacterium,Bacteria,Firmicutes,Clostridia,Peptostreptococcales-Tissierellales,Parvimonas,None,None,0.005842259006815969
Bacteria,Firmicutes,Clostridia,Lachnospirales,Lachnospiraceae,Lachnospiraceae_NK4A136_group,uncultured_Lachnospiraceae_bacterium,Bacteria,Firmicutes,Clostridia,None,None,None,None,0.0038948393378773127
Bacteria,Firmicutes,Clostridia,Lachnospirales,Lachnospiraceae,Lachnospiraceae_NK4A136_group,uncultured_Lachnospiraceae_bacterium,Bacteria,Firmicutes,Incertae_Sedis,DTU014,unidentified,None,None,0.007789678675754625
Bacteria,Firmicutes,Clostridia,Lachnospirales,Lachnospiraceae,Lachnospiraceae_NK4A136_group,uncultured_Lachnospiraceae_bacterium,Bacteria,Firmicutes,Limnochordia,M55-D21,uncultured_compost_bacterium,None,None,0.007789678675754625
Bacteria,Firmicutes,Clostridia,Lachnospirales,Lachnospiraceae,Lachnospiraceae_NK4A136_group,uncultured_Lachnospiraceae_bacterium,Bacteria,Firmicutes,Negativicutes,Acidaminococcales,Acidaminococcaceae,Phascolarctobacterium,None,0.008763388510223954
Bacteria,Firmicutes,Clostridia,Lachnospirales,Lachnospiraceae,Lachnospiraceae_NK4A136_group,uncultured_Lachnospiraceae_bacterium,Bacteria,Firmicutes,None,None,None,None,None,0.004868549172346641
Bacteria,Firmicutes,Clostridia,Lachnospirales,Lachnospiraceae,Lachnospiraceae_NK4A136_group,uncultured_Lachnospiraceae_bacterium,Bacteria,Firmicutes,uncultured,uncultured_Peptococcaceae_bacterium,None,None,None,0.006815968841285297
Bacteria,Firmicutes,Clostridia,Lachnospirales,Lachnospiraceae,Lachnospiraceae_NK4A136_group,uncultured_Lachnospiraceae_bacterium,Bacteria,Proteobacteria,Alphaproteobacteria,Rhodospirillales,uncultured,None,None,0.009737098344693282
Bacteria,Firmicutes,Clostridia,Lachnospirales,Lachnospiraceae,Lachnospiraceae_NK4A136_group,uncultured_Lachnospiraceae_bacterium,Bacteria,Proteobacteria,Gammaproteobacteria,Burkholderiales,Sutterellaceae,Sutterella,Sutterella_sp._252,0.011684518013631937
Bacteria,Firmicutes,Clostridia,Lachnospirales,Lachnospiraceae,Lachnospiraceae_NK4A136_group,uncultured_Lachnospiraceae_bacterium,Bacteria,Proteobacteria,Gammaproteobacteria,Enterobacterales,Enterobacteriaceae,Escherichia-Shigella,None,0.010710808179162609
Bacteria,Firmicutes,Clostridia,Lachnospirales,Lachnospiraceae,Lachnospiraceae_NK4A136_group,uncultured_Lachnospiraceae_bacterium,Bacteria,Proteobacteria,Gammaproteobacteria,Enterobacterales,Enterobacteriaceae,Klebsiella,None,0.010710808179162609
Bacteria,Firmicutes,Clostridia,Lachnospirales,Lachnospiraceae,Lachnospiraceae_NK4A136_group,uncultured_Lachnospiraceae_bacterium,Bacteria,Proteobacteria,Gammaproteobacteria,Enterobacterales,Enterobacteriaceae,None,None,0.009737098344693282
Bacteria,Firmicutes,Clostridia,Lachnospirales,Lachnospiraceae,Lachnospiraceae_NK4A136_group,uncultured_Lachnospiraceae_bacterium,Bacteria,Proteobacteria,Gammaproteobacteria,Pseudomonadales,Pseudomonadaceae,Pseudomonas,None,0.010710808179162609
Bacteria,Firmicutes,Clostridia,Lachnospirales,Lachnospiraceae,Lachnospiraceae_NK4A136_group,uncultured_Lachnospiraceae_bacterium,Bacteria,Synergistota,Synergistia,Synergistales,Synergistaceae,Cloacibacillus,None,0.010710808179162609
Bacteria,Firmicutes,Clostridia,Lachnospirales,Lachnospiraceae,Lachnospiraceae_NK4A136_group,uncultured_Lachnospiraceae_bacterium,Bacteria,Verrucomicrobiota,Verrucomicrobiae,Verrucomicrobiales,Akkermansiaceae,Akkermansia,None,0.010710808179162609
Bacteria,Firmicutes,Clostridia,Lachnospirales,Lachnospiraceae,Lachnospiraceae_NK4A136_group,uncultured_bacterium_Adhufec49.25,Bacteria,Firmicutes,Clostridia,Lachnospirales,Lachnospiraceae,Lachnospiraceae_NK4B4_group,None,0.0029211295034079843
Bacteria,Firmicutes,Clostridia,Lachnospirales,Lachnospiraceae,Lachnospiraceae_NK4A136_group,uncultured_bacterium_Adhufec49.25,Bacteria,Firmicutes,Clostridia,Lachnospirales,Lachnospiraceae,Lachnospiraceae_UCG-001,metagenome,0.0038948393378773127
Bacteria,Firmicutes,Clostridia,Lachnospirales,Lachnospiraceae,Lachnospiraceae_NK4A136_group,uncultured_bacterium_Adhufec49.25,Bacteria,Firmicutes,Clostridia,Lachnospirales,Lachnospiraceae,Lachnospiraceae_UCG-004,None,0.0029211295034079843
Bacteria,Firmicutes,Clostridia,Lachnospirales,Lachnospiraceae,Lachnospiraceae_NK4A136_group,uncultured_bacterium_Adhufec49.25,Bacteria,Firmicutes,Clostridia,Lachnospirales,Lachnospiraceae,Lachnospiraceae_UCG-008,metagenome,0.0038948393378773127
Bacteria,Firmicutes,Clostridia,Lachnospirales,Lachnospiraceae,Lachnospiraceae_NK4A136_group,uncultured_bacterium_Adhufec49.25,Bacteria,Firmicutes,Clostridia,Lachnospirales,Lachnospiraceae,Lachnospiraceae_UCG-010,None,0.0029211295034079843
Bacteria,Firmicutes,Clostridia,Lachnospirales,Lachnospiraceae,Lachnospiraceae_NK4A136_group,uncultured_bacterium_Adhufec49.25,Bacteria,Firmicutes,Clostridia,Lachnospirales,Lachnospiraceae,Marvinbryantia,None,0.0029211295034079843
Bacteria,Firmicutes,Clostridia,Lachnospirales,Lachnospiraceae,Lachnospiraceae_NK4A136_group,uncultured_bacterium_Adhufec49.25,Bacteria,Firmicutes,Clostridia,Lachnospirales,Lachnospiraceae,Marvinbryantia,unidentified,0.0038948393378773127
Bacteria,Firmicutes,Clostridia,Lachnospirales,Lachnospiraceae,Lachnospiraceae_NK4A136_group,uncultured_bacterium_Adhufec49.25,Bacteria,Firmicutes,Clostridia,Lachnospirales,Lachnospiraceae,Roseburia,None,0.0029211295034079843
Bacteria,Firmicutes,Clostridia,Lachnospirales,Lachnospiraceae,Lachnospiraceae_NK4A136_group,uncultured_bacterium_Adhufec49.25,Bacteria,Firmicutes,Clostridia,Lachnospirales,Lachnospiraceae,Roseburia,gut_metagenome,0.0038948393378773127
Bacteria,Firmicutes,Clostridia,Lachnospirales,Lachnospiraceae,Lachnospiraceae_NK4A136_group,uncultured_bacterium_Adhufec49.25,Bacteria,Firmicutes,Clostridia,Lachnospirales,Lachnospiraceae,Tuzzerella,None,0.0029211295034079843
Bacteria,Firmicutes,Clostridia,Lachnospirales,Lachnospiraceae,Lachnospiraceae_NK4A136_group,uncultured_bacterium_Adhufec49.25,Bacteria,Firmicutes,Clostridia,Lachnospirales,Lachnospiraceae,Tyzzerella,None,0.0029211295034079843
Bacteria,Firmicutes,Clostridia,Lachnospirales,Lachnospiraceae,Lachnospiraceae_NK4A136_group,uncultured_bacterium_Adhufec49.25,Bacteria,Firmicutes,Clostridia,Lachnospirales,Lachnospiraceae,Eubacterium_hallii_group,None,0.0029211295034079843
Bacteria,Firmicutes,Clostridia,Lachnospirales,Lachnospiraceae,Lachnospiraceae_NK4A136_group,uncultured_bacterium_Adhufec49.25,Bacteria,Firmicutes,Clostridia,Lachnospirales,Lachnospiraceae,Eubacterium_ventriosum_group,metagenome,0.0038948393378773127
Bacteria,Firmicutes,Clostridia,Lachnospirales,Lachnospiraceae,Lachnospiraceae_NK4A136_group,uncultured_bacterium_Adhufec49.25,Bacteria,Firmicutes,Clostridia,Lachnospirales,Lachnospiraceae,Ruminococcus_gauvreauii_group,uncultured_Lachnospiraceae_bacterium,0.0038948393378773127
Bacteria,Firmicutes,Clostridia,Lachnospirales,Lachnospiraceae,Lachnospiraceae_NK4A136_group,uncultured_bacterium_Adhufec49.25,Bacteria,Firmicutes,Clostridia,Lachnospirales,Lachnospiraceae,Ruminococcus_gnavus_group,None,0.0029211295034079843
Bacteria,Firmicutes,Clostridia,Lachnospirales,Lachnospiraceae,Lachnospiraceae_NK4A136_group,uncultured_bacterium_Adhufec49.25,Bacteria,Firmicutes,Clostridia,Lachnospirales,Lachnospiraceae,Ruminococcus_torques_group,Clostridiaceae_bacterium_LEMV78,0.0038948393378773127
Bacteria,Firmicutes,Clostridia,Lachnospirales,Lachnospiraceae,Lachnospiraceae_NK4A136_group,uncultured_bacterium_Adhufec49.25,Bacteria,Firmicutes,Clostridia,Lachnospirales,Lachnospiraceae,Ruminococcus_torques_group,None,0.0029211295034079843
Bacteria,Firmicutes,Clostridia,Lachnospirales,Lachnospiraceae,Lachnospiraceae_NK4A136_group,uncultured_bacterium_Adhufec49.25,Bacteria,Firmicutes,Clostridia,Lachnospirales,Lachnospiraceae,None,None,0.0029211295034079843
Bacteria,Firmicutes,Clostridia,Lachnospirales,Lachnospiraceae,Lachnospiraceae_NK4A136_group,uncultured_bacterium_Adhufec49.25,Bacteria,Firmicutes,Clostridia,Lachnospirales,Lachnospiraceae,uncultured,None,0.0029211295034079843
Bacteria,Firmicutes,Clostridia,Lachnospirales,Lachnospiraceae,Lachnospiraceae_NK4A136_group,uncultured_bacterium_Adhufec49.25,Bacteria,Firmicutes,Clostridia,Monoglobales,Monoglobaceae,Monoglobus,None,0.006815968841285297
Bacteria,Firmicutes,Clostridia,Lachnospirales,Lachnospiraceae,Lachnospiraceae_NK4A136_group,uncultured_bacterium_Adhufec49.25,Bacteria,Firmicutes,Clostridia,Oscillospirales,Butyricicoccaceae,Butyricicoccus,None,0.006815968841285297
Bacteria,Firmicutes,Clostridia,Lachnospirales,Lachnospiraceae,Lachnospiraceae_NK4A136_group,uncultured_bacterium_Adhufec49.25,Bacteria,Firmicutes,Clostridia,Oscillospirales,Hydrogenoanaerobacterium,None,None,0.005842259006815969
Bacteria,Firmicutes,Clostridia,Lachnospirales,Lachnospiraceae,Lachnospiraceae_NK4A136_group,uncultured_bacterium_Adhufec49.25,Bacteria,Firmicutes,Clostridia,Oscillospirales,Oscillospiraceae,Colidextribacter,None,0.006815968841285297
Bacteria,Firmicutes,Clostridia,Lachnospirales,Lachnospiraceae,Lachnospiraceae_NK4A136_group,uncultured_bacterium_Adhufec49.25,Bacteria,Firmicutes,Clostridia,Oscillospirales,Oscillospiraceae,Colidextribacter,metagenome,0.007789678675754625
Bacteria,Firmicutes,Clostridia,Lachnospirales,Lachnospiraceae,Lachnospiraceae_NK4A136_group,uncultured_bacterium_Adhufec49.25,Bacteria,Firmicutes,Clostridia,Oscillospirales,Oscillospiraceae,Flavonifractor,None,0.006815968841285297
Bacteria,Firmicutes,Clostridia,Lachnospirales,Lachnospiraceae,Lachnospiraceae_NK4A136_group,uncultured_bacterium_Adhufec49.25,Bacteria,Firmicutes,Clostridia,Oscillospirales,Oscillospiraceae,Intestinimonas,None,0.006815968841285297
Bacteria,Firmicutes,Clostridia,Lachnospirales,Lachnospiraceae,Lachnospiraceae_NK4A136_group,uncultured_bacterium_Adhufec49.25,Bacteria,Firmicutes,Clostridia,Oscillospirales,Oscillospiraceae,Intestinimonas,uncultured,0.007789678675754625
Bacteria,Firmicutes,Clostridia,Lachnospirales,Lachnospiraceae,Lachnospiraceae_NK4A136_group,uncultured_bacterium_Adhufec49.25,Bacteria,Firmicutes,Clostridia,Oscillospirales,Oscillospiraceae,NK4A214_group,None,0.006815968841285297
Bacteria,Firmicutes,Clostridia,Lachnospirales,Lachnospiraceae,Lachnospiraceae_NK4A136_group,uncultured_bacterium_Adhufec49.25,Bacteria,Firmicutes,Clostridia,Oscillospirales,Oscillospiraceae,Oscillibacter,None,0.006815968841285297
Bacteria,Firmicutes,Clostridia,Lachnospirales,Lachnospiraceae,Lachnospiraceae_NK4A136_group,uncultured_bacterium_Adhufec49.25,Bacteria,Firmicutes,Clostridia,Oscillospirales,Oscillospiraceae,Oscillibacter,metagenome,0.007789678675754625
Bacteria,Firmicutes,Clostridia,Lachnospirales,Lachnospiraceae,Lachnospiraceae_NK4A136_group,uncultured_bacterium_Adhufec49.25,Bacteria,Firmicutes,Clostridia,Oscillospirales,Oscillospiraceae,Oscillospira,None,0.006815968841285297
Bacteria,Firmicutes,Clostridia,Lachnospirales,Lachnospiraceae,Lachnospiraceae_NK4A136_group,uncultured_bacterium_Adhufec49.25,Bacteria,Firmicutes,Clostridia,Oscillospirales,Oscillospiraceae,UCG-002,None,0.006815968841285297
Bacteria,Firmicutes,Clostridia,Lachnospirales,Lachnospiraceae,Lachnospiraceae_NK4A136_group,uncultured_bacterium_Adhufec49.25,Bacteria,Firmicutes,Clostridia,Oscillospirales,Oscillospiraceae,UCG-003,None,0.006815968841285297
Bacteria,Firmicutes,Clostridia,Lachnospirales,Lachnospiraceae,Lachnospiraceae_NK4A136_group,uncultured_bacterium_Adhufec49.25,Bacteria,Firmicutes,Clostridia,Oscillospirales,Oscillospiraceae,UCG-005,None,0.006815968841285297
Bacteria,Firmicutes,Clostridia,Lachnospirales,Lachnospiraceae,Lachnospiraceae_NK4A136_group,uncultured_bacterium_Adhufec49.25,Bacteria,Firmicutes,Clostridia,Oscillospirales,Oscillospiraceae,UCG-005,metagenome,0.007789678675754625
Bacteria,Firmicutes,Clostridia,Lachnospirales,Lachnospiraceae,Lachnospiraceae_NK4A136_group,uncultured_bacterium_Adhufec49.25,Bacteria,Firmicutes,Clostridia,Oscillospirales,Oscillospiraceae,UCG-005,uncultured_Clostridiales_bacterium,0.007789678675754625
Bacteria,Firmicutes,Clostridia,Lachnospirales,Lachnospiraceae,Lachnospiraceae_NK4A136_group,uncultured_bacterium_Adhufec49.25,Bacteria,Firmicutes,Clostridia,Oscillospirales,Oscillospiraceae,UCG-005,uncultured_rumen_bacterium,0.007789678675754625
Bacteria,Firmicutes,Clostridia,Lachnospirales,Lachnospiraceae,Lachnospiraceae_NK4A136_group,uncultured_bacterium_Adhufec49.25,Bacteria,Firmicutes,Clostridia,Oscillospirales,Oscillospiraceae,None,None,0.005842259006815969
Bacteria,Firmicutes,Clostridia,Lachnospirales,Lachnospiraceae,Lachnospiraceae_NK4A136_group,uncultured_bacterium_Adhufec49.25,Bacteria,Firmicutes,Clostridia,Oscillospirales,Oscillospiraceae,uncultured,metagenome,0.007789678675754625
Bacteria,Firmicutes,Clostridia,Lachnospirales,Lachnospiraceae,Lachnospiraceae_NK4A136_group,uncultured_bacterium_Adhufec49.25,Bacteria,Firmicutes,Clostridia,Oscillospirales,Oscillospiraceae,uncultured,unidentified,0.007789678675754625
Bacteria,Firmicutes,Clostridia,Lachnospirales,Lachnospiraceae,Lachnospiraceae_NK4A136_group,uncultured_bacterium_Adhufec49.25,Bacteria,Firmicutes,Clostridia,Oscillospirales,Ruminococcaceae,Anaerofilum,uncultured_Firmicutes_bacterium,0.007789678675754625
Bacteria,Firmicutes,Clostridia,Lachnospirales,Lachnospiraceae,Lachnospiraceae_NK4A136_group,uncultured_bacterium_Adhufec49.25,Bacteria,Firmicutes,Clostridia,Oscillospirales,Ruminococcaceae,Anaerotruncus,Anaerotruncus_rubiinfantis,0.007789678675754625
Bacteria,Firmicutes,Clostridia,Lachnospirales,Lachnospiraceae,Lachnospiraceae_NK4A136_group,uncultured_bacterium_Adhufec49.25,Bacteria,Firmicutes,Clostridia,Oscillospirales,Ruminococcaceae,Anaerotruncus,Anaerotruncus_sp._NML_070203,0.007789678675754625
Bacteria,Firmicutes,Clostridia,Lachnospirales,Lachnospiraceae,Lachnospiraceae_NK4A136_group,uncultured_bacterium_Adhufec49.25,Bacteria,Firmicutes,Clostridia,Oscillospirales,Ruminococcaceae,Candidatus_Soleaferrea,Neobitarella_massiliensis,0.007789678675754625
Bacteria,Firmicutes,Clostridia,Lachnospirales,Lachnospiraceae,Lachnospiraceae_NK4A136_group,uncultured_bacterium_Adhufec49.25,Bacteria,Firmicutes,Clostridia,Oscillospirales,Ruminococcaceae,Candidatus_Soleaferrea,None,0.006815968841285297
Bacteria,Firmicutes,Clostridia,Lachnospirales,Lachnospiraceae,Lachnospiraceae_NK4A136_group,uncultured_bacterium_Adhufec49.25,Bacteria,Firmicutes,Clostridia,Oscillospirales,Ruminococcaceae,DTU089,None,0.006815968841285297
Bacteria,Firmicutes,Clostridia,Lachnospirales,Lachnospiraceae,Lachnospiraceae_NK4A136_group,uncultured_bacterium_Adhufec49.25,Bacteria,Firmicutes,Clostridia,Oscillospirales,Ruminococcaceae,Faecalibacterium,None,0.006815968841285297
Bacteria,Firmicutes,Clostridia,Lachnospirales,Lachnospiraceae,Lachnospiraceae_NK4A136_group,uncultured_bacterium_Adhufec49.25,Bacteria,Firmicutes,Clostridia,Oscillospirales,Ruminococcaceae,Fournierella,uncultured_organism,0.007789678675754625
Bacteria,Firmicutes,Clostridia,Lachnospirales,Lachnospiraceae,Lachnospiraceae_NK4A136_group,uncultured_bacterium_Adhufec49.25,Bacteria,Firmicutes,Clostridia,Oscillospirales,Ruminococcaceae,Incertae_Sedis,metagenome,0.007789678675754625
Bacteria,Firmicutes,Clostridia,Lachnospirales,Lachnospiraceae,Lachnospiraceae_NK4A136_group,uncultured_bacterium_Adhufec49.25,Bacteria,Firmicutes,Clostridia,Oscillospirales,Ruminococcaceae,Incertae_Sedis,None,0.006815968841285297
Bacteria,Firmicutes,Clostridia,Lachnospirales,Lachnospiraceae,Lachnospiraceae_NK4A136_group,uncultured_bacterium_Adhufec49.25,Bacteria,Firmicutes,Clostridia,Oscillospirales,Ruminococcaceae,Negativibacillus,None,0.006815968841285297
Bacteria,Firmicutes,Clostridia,Lachnospirales,Lachnospiraceae,Lachnospiraceae_NK4A136_group,uncultured_bacterium_Adhufec49.25,Bacteria,Firmicutes,Clostridia,Oscillospirales,Ruminococcaceae,Ruminococcus,Ruminococcus_champanellensis,0.007789678675754625
Bacteria,Firmicutes,Clostridia,Lachnospirales,Lachnospiraceae,Lachnospiraceae_NK4A136_group,uncultured_bacterium_Adhufec49.25,Bacteria,Firmicutes,Clostridia,Oscillospirales,Ruminococcaceae,Ruminococcus,None,0.006815968841285297
Bacteria,Firmicutes,Clostridia,Lachnospirales,Lachnospiraceae,Lachnospiraceae_NK4A136_group,uncultured_bacterium_Adhufec49.25,Bacteria,Firmicutes,Clostridia,Oscillospirales,Ruminococcaceae,Subdoligranulum,None,0.006815968841285297
Bacteria,Firmicutes,Clostridia,Lachnospirales,Lachnospiraceae,Lachnospiraceae_NK4A136_group,uncultured_bacterium_Adhufec49.25,Bacteria,Firmicutes,Clostridia,Oscillospirales,Ruminococcaceae,UBA1819,None,0.006815968841285297
Bacteria,Firmicutes,Clostridia,Lachnospirales,Lachnospiraceae,Lachnospiraceae_NK4A136_group,uncultured_bacterium_Adhufec49.25,Bacteria,Firmicutes,Clostridia,Oscillospirales,Ruminococcaceae,Eubacterium_siraeum_group,None,0.006815968841285297
Bacteria,Firmicutes,Clostridia,Lachnospirales,Lachnospiraceae,Lachnospiraceae_NK4A136_group,uncultured_bacterium_Adhufec49.25,Bacteria,Firmicutes,Clostridia,Oscillospirales,Ruminococcaceae,None,None,0.005842259006815969
Bacteria,Firmicutes,Clostridia,Lachnospirales,Lachnospiraceae,Lachnospiraceae_NK4A136_group,uncultured_bacterium_Adhufec49.25,Bacteria,Firmicutes,Clostridia,Oscillospirales,UCG-010,None,None,0.005842259006815969
Bacteria,Firmicutes,Clostridia,Lachnospirales,Lachnospiraceae,Lachnospiraceae_NK4A136_group,uncultured_bacterium_Adhufec49.25,Bacteria,Firmicutes,Clostridia,Oscillospirales,UCG-010,metagenome,None,0.006815968841285297
Bacteria,Firmicutes,Clostridia,Lachnospirales,Lachnospiraceae,Lachnospiraceae_NK4A136_group,uncultured_bacterium_Adhufec49.25,Bacteria,Firmicutes,Clostridia,Oscillospirales,UCG-010,uncultured_bacterium,None,0.006815968841285297
Bacteria,Firmicutes,Clostridia,Lachnospirales,Lachnospiraceae,Lachnospiraceae_NK4A136_group,uncultured_bacterium_Adhufec49.25,Bacteria,Firmicutes,Clostridia,Oscillospirales,UCG-010,uncultured_organism,None,0.006815968841285297
Bacteria,Firmicutes,Clostridia,Lachnospirales,Lachnospiraceae,Lachnospiraceae_NK4A136_group,uncultured_bacterium_Adhufec49.25,Bacteria,Firmicutes,Clostridia,Oscillospirales,Clostridium_methylpentosum_group,None,None,0.005842259006815969
Bacteria,Firmicutes,Clostridia,Lachnospirales,Lachnospiraceae,Lachnospiraceae_NK4A136_group,uncultured_bacterium_Adhufec49.25,Bacteria,Firmicutes,Clostridia,Oscillospirales,Eubacterium_coprostanoligenes_group,None,None,0.005842259006815969
Bacteria,Firmicutes,Clostridia,Lachnospirales,Lachnospiraceae,Lachnospiraceae_NK4A136_group,uncultured_bacterium_Adhufec49.25,Bacteria,Firmicutes,Clostridia,Oscillospirales,None,None,None,0.004868549172346641
Bacteria,Firmicutes,Clostridia,Lachnospirales,Lachnospiraceae,Lachnospiraceae_NK4A136_group,uncultured_bacterium_Adhufec49.25,Bacteria,Firmicutes,Clostridia,Peptococcales,Peptococcaceae,uncultured,None,0.006815968841285297
Bacteria,Firmicutes,Clostridia,Lachnospirales,Lachnospiraceae,Lachnospiraceae_NK4A136_group,uncultured_bacterium_Adhufec49.25,Bacteria,Firmicutes,Clostridia,Peptostreptococcales-Tissierellales,Anaerovoracaceae,Family_XIII_AD3011_group,metagenome,0.007789678675754625
Bacteria,Firmicutes,Clostridia,Lachnospirales,Lachnospiraceae,Lachnospiraceae_NK4A136_group,uncultured_bacterium_Adhufec49.25,Bacteria,Firmicutes,Clostridia,Peptostreptococcales-Tissierellales,Anaerovoracaceae,Family_XIII_AD3011_group,None,0.006815968841285297
Bacteria,Firmicutes,Clostridia,Lachnospirales,Lachnospiraceae,Lachnospiraceae_NK4A136_group,uncultured_bacterium_Adhufec49.25,Bacteria,Firmicutes,Clostridia,Peptostreptococcales-Tissierellales,Anaerovoracaceae,Family_XIII_AD3011_group,uncultured,0.007789678675754625
Bacteria,Firmicutes,Clostridia,Lachnospirales,Lachnospiraceae,Lachnospiraceae_NK4A136_group,uncultured_bacterium_Adhufec49.25,Bacteria,Firmicutes,Clostridia,Peptostreptococcales-Tissierellales,Anaerovoracaceae,Family_XIII_UCG-001,metagenome,0.007789678675754625
Bacteria,Firmicutes,Clostridia,Lachnospirales,Lachnospiraceae,Lachnospiraceae_NK4A136_group,uncultured_bacterium_Adhufec49.25,Bacteria,Firmicutes,Clostridia,Peptostreptococcales-Tissierellales,Anaerovoracaceae,Eubacterium_nodatum_group,None,0.006815968841285297
Bacteria,Firmicutes,Clostridia,Lachnospirales,Lachnospiraceae,Lachnospiraceae_NK4A136_group,uncultured_bacterium_Adhufec49.25,Bacteria,Firmicutes,Clostridia,Peptostreptococcales-Tissierellales,Anaerovoracaceae,None,None,0.005842259006815969
Bacteria,Firmicutes,Clostridia,Lachnospirales,Lachnospiraceae,Lachnospiraceae_NK4A136_group,uncultured_bacterium_Adhufec49.25,Bacteria,Firmicutes,Clostridia,Peptostreptococcales-Tissierellales,Parvimonas,None,None,0.005842259006815969
Bacteria,Firmicutes,Clostridia,Lachnospirales,Lachnospiraceae,Lachnospiraceae_NK4A136_group,uncultured_bacterium_Adhufec49.25,Bacteria,Firmicutes,Clostridia,None,None,None,None,0.0038948393378773127
Bacteria,Firmicutes,Clostridia,Lachnospirales,Lachnospiraceae,Lachnospiraceae_NK4A136_group,uncultured_bacterium_Adhufec49.25,Bacteria,Firmicutes,Incertae_Sedis,DTU014,unidentified,None,None,0.007789678675754625
Bacteria,Firmicutes,Clostridia,Lachnospirales,Lachnospiraceae,Lachnospiraceae_NK4A136_group,uncultured_bacterium_Adhufec49.25,Bacteria,Firmicutes,Limnochordia,M55-D21,uncultured_compost_bacterium,None,None,0.007789678675754625
Bacteria,Firmicutes,Clostridia,Lachnospirales,Lachnospiraceae,Lachnospiraceae_NK4A136_group,uncultured_bacterium_Adhufec49.25,Bacteria,Firmicutes,Negativicutes,Acidaminococcales,Acidaminococcaceae,Phascolarctobacterium,None,0.008763388510223954
Bacteria,Firmicutes,Clostridia,Lachnospirales,Lachnospiraceae,Lachnospiraceae_NK4A136_group,uncultured_bacterium_Adhufec49.25,Bacteria,Firmicutes,None,None,None,None,None,0.004868549172346641
Bacteria,Firmicutes,Clostridia,Lachnospirales,Lachnospiraceae,Lachnospiraceae_NK4A136_group,uncultured_bacterium_Adhufec49.25,Bacteria,Firmicutes,uncultured,uncultured_Peptococcaceae_bacterium,None,None,None,0.006815968841285297
Bacteria,Firmicutes,Clostridia,Lachnospirales,Lachnospiraceae,Lachnospiraceae_NK4A136_group,uncultured_bacterium_Adhufec49.25,Bacteria,Proteobacteria,Alphaproteobacteria,Rhodospirillales,uncultured,None,None,0.009737098344693282
Bacteria,Firmicutes,Clostridia,Lachnospirales,Lachnospiraceae,Lachnospiraceae_NK4A136_group,uncultured_bacterium_Adhufec49.25,Bacteria,Proteobacteria,Gammaproteobacteria,Burkholderiales,Sutterellaceae,Sutterella,Sutterella_sp._252,0.011684518013631937
Bacteria,Firmicutes,Clostridia,Lachnospirales,Lachnospiraceae,Lachnospiraceae_NK4A136_group,uncultured_bacterium_Adhufec49.25,Bacteria,Proteobacteria,Gammaproteobacteria,Enterobacterales,Enterobacteriaceae,Escherichia-Shigella,None,0.010710808179162609
Bacteria,Firmicutes,Clostridia,Lachnospirales,Lachnospiraceae,Lachnospiraceae_NK4A136_group,uncultured_bacterium_Adhufec49.25,Bacteria,Proteobacteria,Gammaproteobacteria,Enterobacterales,Enterobacteriaceae,Klebsiella,None,0.010710808179162609
Bacteria,Firmicutes,Clostridia,Lachnospirales,Lachnospiraceae,Lachnospiraceae_NK4A136_group,uncultured_bacterium_Adhufec49.25,Bacteria,Proteobacteria,Gammaproteobacteria,Enterobacterales,Enterobacteriaceae,None,None,0.009737098344693282
Bacteria,Firmicutes,Clostridia,Lachnospirales,Lachnospiraceae,Lachnospiraceae_NK4A136_group,uncultured_bacterium_Adhufec49.25,Bacteria,Proteobacteria,Gammaproteobacteria,Pseudomonadales,Pseudomonadaceae,Pseudomonas,None,0.010710808179162609
Bacteria,Firmicutes,Clostridia,Lachnospirales,Lachnospiraceae,Lachnospiraceae_NK4A136_group,uncultured_bacterium_Adhufec49.25,Bacteria,Synergistota,Synergistia,Synergistales,Synergistaceae,Cloacibacillus,None,0.010710808179162609
Bacteria,Firmicutes,Clostridia,Lachnospirales,Lachnospiraceae,Lachnospiraceae_NK4A136_group,uncultured_bacterium_Adhufec49.25,Bacteria,Verrucomicrobiota,Verrucomicrobiae,Verrucomicrobiales,Akkermansiaceae,Akkermansia,None,0.010710808179162609
Bacteria,Firmicutes,Clostridia,Lachnospirales,Lachnospiraceae,Lachnospiraceae_NK4B4_group,None,Bacteria,Firmicutes,Clostridia,Lachnospirales,Lachnospiraceae,Lachnospiraceae_UCG-001,metagenome,0.0029211295034079843
Bacteria,Firmicutes,Clostridia,Lachnospirales,Lachnospiraceae,Lachnospiraceae_NK4B4_group,None,Bacteria,Firmicutes,Clostridia,Lachnospirales,Lachnospiraceae,Lachnospiraceae_UCG-004,None,0.0019474196689386564
Bacteria,Firmicutes,Clostridia,Lachnospirales,Lachnospiraceae,Lachnospiraceae_NK4B4_group,None,Bacteria,Firmicutes,Clostridia,Lachnospirales,Lachnospiraceae,Lachnospiraceae_UCG-008,metagenome,0.0029211295034079843
Bacteria,Firmicutes,Clostridia,Lachnospirales,Lachnospiraceae,Lachnospiraceae_NK4B4_group,None,Bacteria,Firmicutes,Clostridia,Lachnospirales,Lachnospiraceae,Lachnospiraceae_UCG-010,None,0.0019474196689386564
Bacteria,Firmicutes,Clostridia,Lachnospirales,Lachnospiraceae,Lachnospiraceae_NK4B4_group,None,Bacteria,Firmicutes,Clostridia,Lachnospirales,Lachnospiraceae,Marvinbryantia,None,0.0019474196689386564
Bacteria,Firmicutes,Clostridia,Lachnospirales,Lachnospiraceae,Lachnospiraceae_NK4B4_group,None,Bacteria,Firmicutes,Clostridia,Lachnospirales,Lachnospiraceae,Marvinbryantia,unidentified,0.0029211295034079843
Bacteria,Firmicutes,Clostridia,Lachnospirales,Lachnospiraceae,Lachnospiraceae_NK4B4_group,None,Bacteria,Firmicutes,Clostridia,Lachnospirales,Lachnospiraceae,Roseburia,None,0.0019474196689386564
Bacteria,Firmicutes,Clostridia,Lachnospirales,Lachnospiraceae,Lachnospiraceae_NK4B4_group,None,Bacteria,Firmicutes,Clostridia,Lachnospirales,Lachnospiraceae,Roseburia,gut_metagenome,0.0029211295034079843
Bacteria,Firmicutes,Clostridia,Lachnospirales,Lachnospiraceae,Lachnospiraceae_NK4B4_group,None,Bacteria,Firmicutes,Clostridia,Lachnospirales,Lachnospiraceae,Tuzzerella,None,0.0019474196689386564
Bacteria,Firmicutes,Clostridia,Lachnospirales,Lachnospiraceae,Lachnospiraceae_NK4B4_group,None,Bacteria,Firmicutes,Clostridia,Lachnospirales,Lachnospiraceae,Tyzzerella,None,0.0019474196689386564
Bacteria,Firmicutes,Clostridia,Lachnospirales,Lachnospiraceae,Lachnospiraceae_NK4B4_group,None,Bacteria,Firmicutes,Clostridia,Lachnospirales,Lachnospiraceae,Eubacterium_hallii_group,None,0.0019474196689386564
Bacteria,Firmicutes,Clostridia,Lachnospirales,Lachnospiraceae,Lachnospiraceae_NK4B4_group,None,Bacteria,Firmicutes,Clostridia,Lachnospirales,Lachnospiraceae,Eubacterium_ventriosum_group,metagenome,0.0029211295034079843
Bacteria,Firmicutes,Clostridia,Lachnospirales,Lachnospiraceae,Lachnospiraceae_NK4B4_group,None,Bacteria,Firmicutes,Clostridia,Lachnospirales,Lachnospiraceae,Ruminococcus_gauvreauii_group,uncultured_Lachnospiraceae_bacterium,0.0029211295034079843
Bacteria,Firmicutes,Clostridia,Lachnospirales,Lachnospiraceae,Lachnospiraceae_NK4B4_group,None,Bacteria,Firmicutes,Clostridia,Lachnospirales,Lachnospiraceae,Ruminococcus_gnavus_group,None,0.0019474196689386564
Bacteria,Firmicutes,Clostridia,Lachnospirales,Lachnospiraceae,Lachnospiraceae_NK4B4_group,None,Bacteria,Firmicutes,Clostridia,Lachnospirales,Lachnospiraceae,Ruminococcus_torques_group,Clostridiaceae_bacterium_LEMV78,0.0029211295034079843
Bacteria,Firmicutes,Clostridia,Lachnospirales,Lachnospiraceae,Lachnospiraceae_NK4B4_group,None,Bacteria,Firmicutes,Clostridia,Lachnospirales,Lachnospiraceae,Ruminococcus_torques_group,None,0.0019474196689386564
Bacteria,Firmicutes,Clostridia,Lachnospirales,Lachnospiraceae,Lachnospiraceae_NK4B4_group,None,Bacteria,Firmicutes,Clostridia,Lachnospirales,Lachnospiraceae,None,None,0.0019474196689386564
Bacteria,Firmicutes,Clostridia,Lachnospirales,Lachnospiraceae,Lachnospiraceae_NK4B4_group,None,Bacteria,Firmicutes,Clostridia,Lachnospirales,Lachnospiraceae,uncultured,None,0.0019474196689386564
Bacteria,Firmicutes,Clostridia,Lachnospirales,Lachnospiraceae,Lachnospiraceae_NK4B4_group,None,Bacteria,Firmicutes,Clostridia,Monoglobales,Monoglobaceae,Monoglobus,None,0.005842259006815969
Bacteria,Firmicutes,Clostridia,Lachnospirales,Lachnospiraceae,Lachnospiraceae_NK4B4_group,None,Bacteria,Firmicutes,Clostridia,Oscillospirales,Butyricicoccaceae,Butyricicoccus,None,0.005842259006815969
Bacteria,Firmicutes,Clostridia,Lachnospirales,Lachnospiraceae,Lachnospiraceae_NK4B4_group,None,Bacteria,Firmicutes,Clostridia,Oscillospirales,Hydrogenoanaerobacterium,None,None,0.004868549172346641
Bacteria,Firmicutes,Clostridia,Lachnospirales,Lachnospiraceae,Lachnospiraceae_NK4B4_group,None,Bacteria,Firmicutes,Clostridia,Oscillospirales,Oscillospiraceae,Colidextribacter,None,0.005842259006815969
Bacteria,Firmicutes,Clostridia,Lachnospirales,Lachnospiraceae,Lachnospiraceae_NK4B4_group,None,Bacteria,Firmicutes,Clostridia,Oscillospirales,Oscillospiraceae,Colidextribacter,metagenome,0.006815968841285297
Bacteria,Firmicutes,Clostridia,Lachnospirales,Lachnospiraceae,Lachnospiraceae_NK4B4_group,None,Bacteria,Firmicutes,Clostridia,Oscillospirales,Oscillospiraceae,Flavonifractor,None,0.005842259006815969
Bacteria,Firmicutes,Clostridia,Lachnospirales,Lachnospiraceae,Lachnospiraceae_NK4B4_group,None,Bacteria,Firmicutes,Clostridia,Oscillospirales,Oscillospiraceae,Intestinimonas,None,0.005842259006815969
Bacteria,Firmicutes,Clostridia,Lachnospirales,Lachnospiraceae,Lachnospiraceae_NK4B4_group,None,Bacteria,Firmicutes,Clostridia,Oscillospirales,Oscillospiraceae,Intestinimonas,uncultured,0.006815968841285297
Bacteria,Firmicutes,Clostridia,Lachnospirales,Lachnospiraceae,Lachnospiraceae_NK4B4_group,None,Bacteria,Firmicutes,Clostridia,Oscillospirales,Oscillospiraceae,NK4A214_group,None,0.005842259006815969
Bacteria,Firmicutes,Clostridia,Lachnospirales,Lachnospiraceae,Lachnospiraceae_NK4B4_group,None,Bacteria,Firmicutes,Clostridia,Oscillospirales,Oscillospiraceae,Oscillibacter,None,0.005842259006815969
Bacteria,Firmicutes,Clostridia,Lachnospirales,Lachnospiraceae,Lachnospiraceae_NK4B4_group,None,Bacteria,Firmicutes,Clostridia,Oscillospirales,Oscillospiraceae,Oscillibacter,metagenome,0.006815968841285297
Bacteria,Firmicutes,Clostridia,Lachnospirales,Lachnospiraceae,Lachnospiraceae_NK4B4_group,None,Bacteria,Firmicutes,Clostridia,Oscillospirales,Oscillospiraceae,Oscillospira,None,0.005842259006815969
Bacteria,Firmicutes,Clostridia,Lachnospirales,Lachnospiraceae,Lachnospiraceae_NK4B4_group,None,Bacteria,Firmicutes,Clostridia,Oscillospirales,Oscillospiraceae,UCG-002,None,0.005842259006815969
Bacteria,Firmicutes,Clostridia,Lachnospirales,Lachnospiraceae,Lachnospiraceae_NK4B4_group,None,Bacteria,Firmicutes,Clostridia,Oscillospirales,Oscillospiraceae,UCG-003,None,0.005842259006815969
Bacteria,Firmicutes,Clostridia,Lachnospirales,Lachnospiraceae,Lachnospiraceae_NK4B4_group,None,Bacteria,Firmicutes,Clostridia,Oscillospirales,Oscillospiraceae,UCG-005,None,0.005842259006815969
Bacteria,Firmicutes,Clostridia,Lachnospirales,Lachnospiraceae,Lachnospiraceae_NK4B4_group,None,Bacteria,Firmicutes,Clostridia,Oscillospirales,Oscillospiraceae,UCG-005,metagenome,0.006815968841285297
Bacteria,Firmicutes,Clostridia,Lachnospirales,Lachnospiraceae,Lachnospiraceae_NK4B4_group,None,Bacteria,Firmicutes,Clostridia,Oscillospirales,Oscillospiraceae,UCG-005,uncultured_Clostridiales_bacterium,0.006815968841285297
Bacteria,Firmicutes,Clostridia,Lachnospirales,Lachnospiraceae,Lachnospiraceae_NK4B4_group,None,Bacteria,Firmicutes,Clostridia,Oscillospirales,Oscillospiraceae,UCG-005,uncultured_rumen_bacterium,0.006815968841285297
Bacteria,Firmicutes,Clostridia,Lachnospirales,Lachnospiraceae,Lachnospiraceae_NK4B4_group,None,Bacteria,Firmicutes,Clostridia,Oscillospirales,Oscillospiraceae,None,None,0.004868549172346641
Bacteria,Firmicutes,Clostridia,Lachnospirales,Lachnospiraceae,Lachnospiraceae_NK4B4_group,None,Bacteria,Firmicutes,Clostridia,Oscillospirales,Oscillospiraceae,uncultured,metagenome,0.006815968841285297
Bacteria,Firmicutes,Clostridia,Lachnospirales,Lachnospiraceae,Lachnospiraceae_NK4B4_group,None,Bacteria,Firmicutes,Clostridia,Oscillospirales,Oscillospiraceae,uncultured,unidentified,0.006815968841285297
Bacteria,Firmicutes,Clostridia,Lachnospirales,Lachnospiraceae,Lachnospiraceae_NK4B4_group,None,Bacteria,Firmicutes,Clostridia,Oscillospirales,Ruminococcaceae,Anaerofilum,uncultured_Firmicutes_bacterium,0.006815968841285297
Bacteria,Firmicutes,Clostridia,Lachnospirales,Lachnospiraceae,Lachnospiraceae_NK4B4_group,None,Bacteria,Firmicutes,Clostridia,Oscillospirales,Ruminococcaceae,Anaerotruncus,Anaerotruncus_rubiinfantis,0.006815968841285297
Bacteria,Firmicutes,Clostridia,Lachnospirales,Lachnospiraceae,Lachnospiraceae_NK4B4_group,None,Bacteria,Firmicutes,Clostridia,Oscillospirales,Ruminococcaceae,Anaerotruncus,Anaerotruncus_sp._NML_070203,0.006815968841285297
Bacteria,Firmicutes,Clostridia,Lachnospirales,Lachnospiraceae,Lachnospiraceae_NK4B4_group,None,Bacteria,Firmicutes,Clostridia,Oscillospirales,Ruminococcaceae,Candidatus_Soleaferrea,Neobitarella_massiliensis,0.006815968841285297
Bacteria,Firmicutes,Clostridia,Lachnospirales,Lachnospiraceae,Lachnospiraceae_NK4B4_group,None,Bacteria,Firmicutes,Clostridia,Oscillospirales,Ruminococcaceae,Candidatus_Soleaferrea,None,0.005842259006815969
Bacteria,Firmicutes,Clostridia,Lachnospirales,Lachnospiraceae,Lachnospiraceae_NK4B4_group,None,Bacteria,Firmicutes,Clostridia,Oscillospirales,Ruminococcaceae,DTU089,None,0.005842259006815969
Bacteria,Firmicutes,Clostridia,Lachnospirales,Lachnospiraceae,Lachnospiraceae_NK4B4_group,None,Bacteria,Firmicutes,Clostridia,Oscillospirales,Ruminococcaceae,Faecalibacterium,None,0.005842259006815969
Bacteria,Firmicutes,Clostridia,Lachnospirales,Lachnospiraceae,Lachnospiraceae_NK4B4_group,None,Bacteria,Firmicutes,Clostridia,Oscillospirales,Ruminococcaceae,Fournierella,uncultured_organism,0.006815968841285297
Bacteria,Firmicutes,Clostridia,Lachnospirales,Lachnospiraceae,Lachnospiraceae_NK4B4_group,None,Bacteria,Firmicutes,Clostridia,Oscillospirales,Ruminococcaceae,Incertae_Sedis,metagenome,0.006815968841285297
Bacteria,Firmicutes,Clostridia,Lachnospirales,Lachnospiraceae,Lachnospiraceae_NK4B4_group,None,Bacteria,Firmicutes,Clostridia,Oscillospirales,Ruminococcaceae,Incertae_Sedis,None,0.005842259006815969
Bacteria,Firmicutes,Clostridia,Lachnospirales,Lachnospiraceae,Lachnospiraceae_NK4B4_group,None,Bacteria,Firmicutes,Clostridia,Oscillospirales,Ruminococcaceae,Negativibacillus,None,0.005842259006815969
Bacteria,Firmicutes,Clostridia,Lachnospirales,Lachnospiraceae,Lachnospiraceae_NK4B4_group,None,Bacteria,Firmicutes,Clostridia,Oscillospirales,Ruminococcaceae,Ruminococcus,Ruminococcus_champanellensis,0.006815968841285297
Bacteria,Firmicutes,Clostridia,Lachnospirales,Lachnospiraceae,Lachnospiraceae_NK4B4_group,None,Bacteria,Firmicutes,Clostridia,Oscillospirales,Ruminococcaceae,Ruminococcus,None,0.005842259006815969
Bacteria,Firmicutes,Clostridia,Lachnospirales,Lachnospiraceae,Lachnospiraceae_NK4B4_group,None,Bacteria,Firmicutes,Clostridia,Oscillospirales,Ruminococcaceae,Subdoligranulum,None,0.005842259006815969
Bacteria,Firmicutes,Clostridia,Lachnospirales,Lachnospiraceae,Lachnospiraceae_NK4B4_group,None,Bacteria,Firmicutes,Clostridia,Oscillospirales,Ruminococcaceae,UBA1819,None,0.005842259006815969
Bacteria,Firmicutes,Clostridia,Lachnospirales,Lachnospiraceae,Lachnospiraceae_NK4B4_group,None,Bacteria,Firmicutes,Clostridia,Oscillospirales,Ruminococcaceae,Eubacterium_siraeum_group,None,0.005842259006815969
Bacteria,Firmicutes,Clostridia,Lachnospirales,Lachnospiraceae,Lachnospiraceae_NK4B4_group,None,Bacteria,Firmicutes,Clostridia,Oscillospirales,Ruminococcaceae,None,None,0.004868549172346641
Bacteria,Firmicutes,Clostridia,Lachnospirales,Lachnospiraceae,Lachnospiraceae_NK4B4_group,None,Bacteria,Firmicutes,Clostridia,Oscillospirales,UCG-010,None,None,0.004868549172346641
Bacteria,Firmicutes,Clostridia,Lachnospirales,Lachnospiraceae,Lachnospiraceae_NK4B4_group,None,Bacteria,Firmicutes,Clostridia,Oscillospirales,UCG-010,metagenome,None,0.005842259006815969
Bacteria,Firmicutes,Clostridia,Lachnospirales,Lachnospiraceae,Lachnospiraceae_NK4B4_group,None,Bacteria,Firmicutes,Clostridia,Oscillospirales,UCG-010,uncultured_bacterium,None,0.005842259006815969
Bacteria,Firmicutes,Clostridia,Lachnospirales,Lachnospiraceae,Lachnospiraceae_NK4B4_group,None,Bacteria,Firmicutes,Clostridia,Oscillospirales,UCG-010,uncultured_organism,None,0.005842259006815969
Bacteria,Firmicutes,Clostridia,Lachnospirales,Lachnospiraceae,Lachnospiraceae_NK4B4_group,None,Bacteria,Firmicutes,Clostridia,Oscillospirales,Clostridium_methylpentosum_group,None,None,0.004868549172346641
Bacteria,Firmicutes,Clostridia,Lachnospirales,Lachnospiraceae,Lachnospiraceae_NK4B4_group,None,Bacteria,Firmicutes,Clostridia,Oscillospirales,Eubacterium_coprostanoligenes_group,None,None,0.004868549172346641
Bacteria,Firmicutes,Clostridia,Lachnospirales,Lachnospiraceae,Lachnospiraceae_NK4B4_group,None,Bacteria,Firmicutes,Clostridia,Oscillospirales,None,None,None,0.0038948393378773127
Bacteria,Firmicutes,Clostridia,Lachnospirales,Lachnospiraceae,Lachnospiraceae_NK4B4_group,None,Bacteria,Firmicutes,Clostridia,Peptococcales,Peptococcaceae,uncultured,None,0.005842259006815969
Bacteria,Firmicutes,Clostridia,Lachnospirales,Lachnospiraceae,Lachnospiraceae_NK4B4_group,None,Bacteria,Firmicutes,Clostridia,Peptostreptococcales-Tissierellales,Anaerovoracaceae,Family_XIII_AD3011_group,metagenome,0.006815968841285297
Bacteria,Firmicutes,Clostridia,Lachnospirales,Lachnospiraceae,Lachnospiraceae_NK4B4_group,None,Bacteria,Firmicutes,Clostridia,Peptostreptococcales-Tissierellales,Anaerovoracaceae,Family_XIII_AD3011_group,None,0.005842259006815969
Bacteria,Firmicutes,Clostridia,Lachnospirales,Lachnospiraceae,Lachnospiraceae_NK4B4_group,None,Bacteria,Firmicutes,Clostridia,Peptostreptococcales-Tissierellales,Anaerovoracaceae,Family_XIII_AD3011_group,uncultured,0.006815968841285297
Bacteria,Firmicutes,Clostridia,Lachnospirales,Lachnospiraceae,Lachnospiraceae_NK4B4_group,None,Bacteria,Firmicutes,Clostridia,Peptostreptococcales-Tissierellales,Anaerovoracaceae,Family_XIII_UCG-001,metagenome,0.006815968841285297
Bacteria,Firmicutes,Clostridia,Lachnospirales,Lachnospiraceae,Lachnospiraceae_NK4B4_group,None,Bacteria,Firmicutes,Clostridia,Peptostreptococcales-Tissierellales,Anaerovoracaceae,Eubacterium_nodatum_group,None,0.005842259006815969
Bacteria,Firmicutes,Clostridia,Lachnospirales,Lachnospiraceae,Lachnospiraceae_NK4B4_group,None,Bacteria,Firmicutes,Clostridia,Peptostreptococcales-Tissierellales,Anaerovoracaceae,None,None,0.004868549172346641
Bacteria,Firmicutes,Clostridia,Lachnospirales,Lachnospiraceae,Lachnospiraceae_NK4B4_group,None,Bacteria,Firmicutes,Clostridia,Peptostreptococcales-Tissierellales,Parvimonas,None,None,0.004868549172346641
Bacteria,Firmicutes,Clostridia,Lachnospirales,Lachnospiraceae,Lachnospiraceae_NK4B4_group,None,Bacteria,Firmicutes,Clostridia,None,None,None,None,0.0029211295034079843
Bacteria,Firmicutes,Clostridia,Lachnospirales,Lachnospiraceae,Lachnospiraceae_NK4B4_group,None,Bacteria,Firmicutes,Incertae_Sedis,DTU014,unidentified,None,None,0.006815968841285297
Bacteria,Firmicutes,Clostridia,Lachnospirales,Lachnospiraceae,Lachnospiraceae_NK4B4_group,None,Bacteria,Firmicutes,Limnochordia,M55-D21,uncultured_compost_bacterium,None,None,0.006815968841285297
Bacteria,Firmicutes,Clostridia,Lachnospirales,Lachnospiraceae,Lachnospiraceae_NK4B4_group,None,Bacteria,Firmicutes,Negativicutes,Acidaminococcales,Acidaminococcaceae,Phascolarctobacterium,None,0.007789678675754625
Bacteria,Firmicutes,Clostridia,Lachnospirales,Lachnospiraceae,Lachnospiraceae_NK4B4_group,None,Bacteria,Firmicutes,None,None,None,None,None,0.0038948393378773127
Bacteria,Firmicutes,Clostridia,Lachnospirales,Lachnospiraceae,Lachnospiraceae_NK4B4_group,None,Bacteria,Firmicutes,uncultured,uncultured_Peptococcaceae_bacterium,None,None,None,0.005842259006815969
Bacteria,Firmicutes,Clostridia,Lachnospirales,Lachnospiraceae,Lachnospiraceae_NK4B4_group,None,Bacteria,Proteobacteria,Alphaproteobacteria,Rhodospirillales,uncultured,None,None,0.008763388510223954
Bacteria,Firmicutes,Clostridia,Lachnospirales,Lachnospiraceae,Lachnospiraceae_NK4B4_group,None,Bacteria,Proteobacteria,Gammaproteobacteria,Burkholderiales,Sutterellaceae,Sutterella,Sutterella_sp._252,0.010710808179162609
Bacteria,Firmicutes,Clostridia,Lachnospirales,Lachnospiraceae,Lachnospiraceae_NK4B4_group,None,Bacteria,Proteobacteria,Gammaproteobacteria,Enterobacterales,Enterobacteriaceae,Escherichia-Shigella,None,0.009737098344693282
Bacteria,Firmicutes,Clostridia,Lachnospirales,Lachnospiraceae,Lachnospiraceae_NK4B4_group,None,Bacteria,Proteobacteria,Gammaproteobacteria,Enterobacterales,Enterobacteriaceae,Klebsiella,None,0.009737098344693282
Bacteria,Firmicutes,Clostridia,Lachnospirales,Lachnospiraceae,Lachnospiraceae_NK4B4_group,None,Bacteria,Proteobacteria,Gammaproteobacteria,Enterobacterales,Enterobacteriaceae,None,None,0.008763388510223954
Bacteria,Firmicutes,Clostridia,Lachnospirales,Lachnospiraceae,Lachnospiraceae_NK4B4_group,None,Bacteria,Proteobacteria,Gammaproteobacteria,Pseudomonadales,Pseudomonadaceae,Pseudomonas,None,0.009737098344693282
Bacteria,Firmicutes,Clostridia,Lachnospirales,Lachnospiraceae,Lachnospiraceae_NK4B4_group,None,Bacteria,Synergistota,Synergistia,Synergistales,Synergistaceae,Cloacibacillus,None,0.009737098344693282
Bacteria,Firmicutes,Clostridia,Lachnospirales,Lachnospiraceae,Lachnospiraceae_NK4B4_group,None,Bacteria,Verrucomicrobiota,Verrucomicrobiae,Verrucomicrobiales,Akkermansiaceae,Akkermansia,None,0.009737098344693282
Bacteria,Firmicutes,Clostridia,Lachnospirales,Lachnospiraceae,Lachnospiraceae_UCG-001,metagenome,Bacteria,Firmicutes,Clostridia,Lachnospirales,Lachnospiraceae,Lachnospiraceae_UCG-004,None,0.0029211295034079843
Bacteria,Firmicutes,Clostridia,Lachnospirales,Lachnospiraceae,Lachnospiraceae_UCG-001,metagenome,Bacteria,Firmicutes,Clostridia,Lachnospirales,Lachnospiraceae,Lachnospiraceae_UCG-008,metagenome,0.0038948393378773127
Bacteria,Firmicutes,Clostridia,Lachnospirales,Lachnospiraceae,Lachnospiraceae_UCG-001,metagenome,Bacteria,Firmicutes,Clostridia,Lachnospirales,Lachnospiraceae,Lachnospiraceae_UCG-010,None,0.0029211295034079843
Bacteria,Firmicutes,Clostridia,Lachnospirales,Lachnospiraceae,Lachnospiraceae_UCG-001,metagenome,Bacteria,Firmicutes,Clostridia,Lachnospirales,Lachnospiraceae,Marvinbryantia,None,0.0029211295034079843
Bacteria,Firmicutes,Clostridia,Lachnospirales,Lachnospiraceae,Lachnospiraceae_UCG-001,metagenome,Bacteria,Firmicutes,Clostridia,Lachnospirales,Lachnospiraceae,Marvinbryantia,unidentified,0.0038948393378773127
Bacteria,Firmicutes,Clostridia,Lachnospirales,Lachnospiraceae,Lachnospiraceae_UCG-001,metagenome,Bacteria,Firmicutes,Clostridia,Lachnospirales,Lachnospiraceae,Roseburia,None,0.0029211295034079843
Bacteria,Firmicutes,Clostridia,Lachnospirales,Lachnospiraceae,Lachnospiraceae_UCG-001,metagenome,Bacteria,Firmicutes,Clostridia,Lachnospirales,Lachnospiraceae,Roseburia,gut_metagenome,0.0038948393378773127
Bacteria,Firmicutes,Clostridia,Lachnospirales,Lachnospiraceae,Lachnospiraceae_UCG-001,metagenome,Bacteria,Firmicutes,Clostridia,Lachnospirales,Lachnospiraceae,Tuzzerella,None,0.0029211295034079843
Bacteria,Firmicutes,Clostridia,Lachnospirales,Lachnospiraceae,Lachnospiraceae_UCG-001,metagenome,Bacteria,Firmicutes,Clostridia,Lachnospirales,Lachnospiraceae,Tyzzerella,None,0.0029211295034079843
Bacteria,Firmicutes,Clostridia,Lachnospirales,Lachnospiraceae,Lachnospiraceae_UCG-001,metagenome,Bacteria,Firmicutes,Clostridia,Lachnospirales,Lachnospiraceae,Eubacterium_hallii_group,None,0.0029211295034079843
Bacteria,Firmicutes,Clostridia,Lachnospirales,Lachnospiraceae,Lachnospiraceae_UCG-001,metagenome,Bacteria,Firmicutes,Clostridia,Lachnospirales,Lachnospiraceae,Eubacterium_ventriosum_group,metagenome,0.0038948393378773127
Bacteria,Firmicutes,Clostridia,Lachnospirales,Lachnospiraceae,Lachnospiraceae_UCG-001,metagenome,Bacteria,Firmicutes,Clostridia,Lachnospirales,Lachnospiraceae,Ruminococcus_gauvreauii_group,uncultured_Lachnospiraceae_bacterium,0.0038948393378773127
Bacteria,Firmicutes,Clostridia,Lachnospirales,Lachnospiraceae,Lachnospiraceae_UCG-001,metagenome,Bacteria,Firmicutes,Clostridia,Lachnospirales,Lachnospiraceae,Ruminococcus_gnavus_group,None,0.0029211295034079843
Bacteria,Firmicutes,Clostridia,Lachnospirales,Lachnospiraceae,Lachnospiraceae_UCG-001,metagenome,Bacteria,Firmicutes,Clostridia,Lachnospirales,Lachnospiraceae,Ruminococcus_torques_group,Clostridiaceae_bacterium_LEMV78,0.0038948393378773127
Bacteria,Firmicutes,Clostridia,Lachnospirales,Lachnospiraceae,Lachnospiraceae_UCG-001,metagenome,Bacteria,Firmicutes,Clostridia,Lachnospirales,Lachnospiraceae,Ruminococcus_torques_group,None,0.0029211295034079843
Bacteria,Firmicutes,Clostridia,Lachnospirales,Lachnospiraceae,Lachnospiraceae_UCG-001,metagenome,Bacteria,Firmicutes,Clostridia,Lachnospirales,Lachnospiraceae,None,None,0.0029211295034079843
Bacteria,Firmicutes,Clostridia,Lachnospirales,Lachnospiraceae,Lachnospiraceae_UCG-001,metagenome,Bacteria,Firmicutes,Clostridia,Lachnospirales,Lachnospiraceae,uncultured,None,0.0029211295034079843
Bacteria,Firmicutes,Clostridia,Lachnospirales,Lachnospiraceae,Lachnospiraceae_UCG-001,metagenome,Bacteria,Firmicutes,Clostridia,Monoglobales,Monoglobaceae,Monoglobus,None,0.006815968841285297
Bacteria,Firmicutes,Clostridia,Lachnospirales,Lachnospiraceae,Lachnospiraceae_UCG-001,metagenome,Bacteria,Firmicutes,Clostridia,Oscillospirales,Butyricicoccaceae,Butyricicoccus,None,0.006815968841285297
Bacteria,Firmicutes,Clostridia,Lachnospirales,Lachnospiraceae,Lachnospiraceae_UCG-001,metagenome,Bacteria,Firmicutes,Clostridia,Oscillospirales,Hydrogenoanaerobacterium,None,None,0.005842259006815969
Bacteria,Firmicutes,Clostridia,Lachnospirales,Lachnospiraceae,Lachnospiraceae_UCG-001,metagenome,Bacteria,Firmicutes,Clostridia,Oscillospirales,Oscillospiraceae,Colidextribacter,None,0.006815968841285297
Bacteria,Firmicutes,Clostridia,Lachnospirales,Lachnospiraceae,Lachnospiraceae_UCG-001,metagenome,Bacteria,Firmicutes,Clostridia,Oscillospirales,Oscillospiraceae,Colidextribacter,metagenome,0.007789678675754625
Bacteria,Firmicutes,Clostridia,Lachnospirales,Lachnospiraceae,Lachnospiraceae_UCG-001,metagenome,Bacteria,Firmicutes,Clostridia,Oscillospirales,Oscillospiraceae,Flavonifractor,None,0.006815968841285297
Bacteria,Firmicutes,Clostridia,Lachnospirales,Lachnospiraceae,Lachnospiraceae_UCG-001,metagenome,Bacteria,Firmicutes,Clostridia,Oscillospirales,Oscillospiraceae,Intestinimonas,None,0.006815968841285297
Bacteria,Firmicutes,Clostridia,Lachnospirales,Lachnospiraceae,Lachnospiraceae_UCG-001,metagenome,Bacteria,Firmicutes,Clostridia,Oscillospirales,Oscillospiraceae,Intestinimonas,uncultured,0.007789678675754625
Bacteria,Firmicutes,Clostridia,Lachnospirales,Lachnospiraceae,Lachnospiraceae_UCG-001,metagenome,Bacteria,Firmicutes,Clostridia,Oscillospirales,Oscillospiraceae,NK4A214_group,None,0.006815968841285297
Bacteria,Firmicutes,Clostridia,Lachnospirales,Lachnospiraceae,Lachnospiraceae_UCG-001,metagenome,Bacteria,Firmicutes,Clostridia,Oscillospirales,Oscillospiraceae,Oscillibacter,None,0.006815968841285297
Bacteria,Firmicutes,Clostridia,Lachnospirales,Lachnospiraceae,Lachnospiraceae_UCG-001,metagenome,Bacteria,Firmicutes,Clostridia,Oscillospirales,Oscillospiraceae,Oscillibacter,metagenome,0.007789678675754625
Bacteria,Firmicutes,Clostridia,Lachnospirales,Lachnospiraceae,Lachnospiraceae_UCG-001,metagenome,Bacteria,Firmicutes,Clostridia,Oscillospirales,Oscillospiraceae,Oscillospira,None,0.006815968841285297
Bacteria,Firmicutes,Clostridia,Lachnospirales,Lachnospiraceae,Lachnospiraceae_UCG-001,metagenome,Bacteria,Firmicutes,Clostridia,Oscillospirales,Oscillospiraceae,UCG-002,None,0.006815968841285297
Bacteria,Firmicutes,Clostridia,Lachnospirales,Lachnospiraceae,Lachnospiraceae_UCG-001,metagenome,Bacteria,Firmicutes,Clostridia,Oscillospirales,Oscillospiraceae,UCG-003,None,0.006815968841285297
Bacteria,Firmicutes,Clostridia,Lachnospirales,Lachnospiraceae,Lachnospiraceae_UCG-001,metagenome,Bacteria,Firmicutes,Clostridia,Oscillospirales,Oscillospiraceae,UCG-005,None,0.006815968841285297
Bacteria,Firmicutes,Clostridia,Lachnospirales,Lachnospiraceae,Lachnospiraceae_UCG-001,metagenome,Bacteria,Firmicutes,Clostridia,Oscillospirales,Oscillospiraceae,UCG-005,metagenome,0.007789678675754625
Bacteria,Firmicutes,Clostridia,Lachnospirales,Lachnospiraceae,Lachnospiraceae_UCG-001,metagenome,Bacteria,Firmicutes,Clostridia,Oscillospirales,Oscillospiraceae,UCG-005,uncultured_Clostridiales_bacterium,0.007789678675754625
Bacteria,Firmicutes,Clostridia,Lachnospirales,Lachnospiraceae,Lachnospiraceae_UCG-001,metagenome,Bacteria,Firmicutes,Clostridia,Oscillospirales,Oscillospiraceae,UCG-005,uncultured_rumen_bacterium,0.007789678675754625
Bacteria,Firmicutes,Clostridia,Lachnospirales,Lachnospiraceae,Lachnospiraceae_UCG-001,metagenome,Bacteria,Firmicutes,Clostridia,Oscillospirales,Oscillospiraceae,None,None,0.005842259006815969
Bacteria,Firmicutes,Clostridia,Lachnospirales,Lachnospiraceae,Lachnospiraceae_UCG-001,metagenome,Bacteria,Firmicutes,Clostridia,Oscillospirales,Oscillospiraceae,uncultured,metagenome,0.007789678675754625
Bacteria,Firmicutes,Clostridia,Lachnospirales,Lachnospiraceae,Lachnospiraceae_UCG-001,metagenome,Bacteria,Firmicutes,Clostridia,Oscillospirales,Oscillospiraceae,uncultured,unidentified,0.007789678675754625
Bacteria,Firmicutes,Clostridia,Lachnospirales,Lachnospiraceae,Lachnospiraceae_UCG-001,metagenome,Bacteria,Firmicutes,Clostridia,Oscillospirales,Ruminococcaceae,Anaerofilum,uncultured_Firmicutes_bacterium,0.007789678675754625
Bacteria,Firmicutes,Clostridia,Lachnospirales,Lachnospiraceae,Lachnospiraceae_UCG-001,metagenome,Bacteria,Firmicutes,Clostridia,Oscillospirales,Ruminococcaceae,Anaerotruncus,Anaerotruncus_rubiinfantis,0.007789678675754625
Bacteria,Firmicutes,Clostridia,Lachnospirales,Lachnospiraceae,Lachnospiraceae_UCG-001,metagenome,Bacteria,Firmicutes,Clostridia,Oscillospirales,Ruminococcaceae,Anaerotruncus,Anaerotruncus_sp._NML_070203,0.007789678675754625
Bacteria,Firmicutes,Clostridia,Lachnospirales,Lachnospiraceae,Lachnospiraceae_UCG-001,metagenome,Bacteria,Firmicutes,Clostridia,Oscillospirales,Ruminococcaceae,Candidatus_Soleaferrea,Neobitarella_massiliensis,0.007789678675754625
Bacteria,Firmicutes,Clostridia,Lachnospirales,Lachnospiraceae,Lachnospiraceae_UCG-001,metagenome,Bacteria,Firmicutes,Clostridia,Oscillospirales,Ruminococcaceae,Candidatus_Soleaferrea,None,0.006815968841285297
Bacteria,Firmicutes,Clostridia,Lachnospirales,Lachnospiraceae,Lachnospiraceae_UCG-001,metagenome,Bacteria,Firmicutes,Clostridia,Oscillospirales,Ruminococcaceae,DTU089,None,0.006815968841285297
Bacteria,Firmicutes,Clostridia,Lachnospirales,Lachnospiraceae,Lachnospiraceae_UCG-001,metagenome,Bacteria,Firmicutes,Clostridia,Oscillospirales,Ruminococcaceae,Faecalibacterium,None,0.006815968841285297
Bacteria,Firmicutes,Clostridia,Lachnospirales,Lachnospiraceae,Lachnospiraceae_UCG-001,metagenome,Bacteria,Firmicutes,Clostridia,Oscillospirales,Ruminococcaceae,Fournierella,uncultured_organism,0.007789678675754625
Bacteria,Firmicutes,Clostridia,Lachnospirales,Lachnospiraceae,Lachnospiraceae_UCG-001,metagenome,Bacteria,Firmicutes,Clostridia,Oscillospirales,Ruminococcaceae,Incertae_Sedis,metagenome,0.007789678675754625
Bacteria,Firmicutes,Clostridia,Lachnospirales,Lachnospiraceae,Lachnospiraceae_UCG-001,metagenome,Bacteria,Firmicutes,Clostridia,Oscillospirales,Ruminococcaceae,Incertae_Sedis,None,0.006815968841285297
Bacteria,Firmicutes,Clostridia,Lachnospirales,Lachnospiraceae,Lachnospiraceae_UCG-001,metagenome,Bacteria,Firmicutes,Clostridia,Oscillospirales,Ruminococcaceae,Negativibacillus,None,0.006815968841285297
Bacteria,Firmicutes,Clostridia,Lachnospirales,Lachnospiraceae,Lachnospiraceae_UCG-001,metagenome,Bacteria,Firmicutes,Clostridia,Oscillospirales,Ruminococcaceae,Ruminococcus,Ruminococcus_champanellensis,0.007789678675754625
Bacteria,Firmicutes,Clostridia,Lachnospirales,Lachnospiraceae,Lachnospiraceae_UCG-001,metagenome,Bacteria,Firmicutes,Clostridia,Oscillospirales,Ruminococcaceae,Ruminococcus,None,0.006815968841285297
Bacteria,Firmicutes,Clostridia,Lachnospirales,Lachnospiraceae,Lachnospiraceae_UCG-001,metagenome,Bacteria,Firmicutes,Clostridia,Oscillospirales,Ruminococcaceae,Subdoligranulum,None,0.006815968841285297
Bacteria,Firmicutes,Clostridia,Lachnospirales,Lachnospiraceae,Lachnospiraceae_UCG-001,metagenome,Bacteria,Firmicutes,Clostridia,Oscillospirales,Ruminococcaceae,UBA1819,None,0.006815968841285297
Bacteria,Firmicutes,Clostridia,Lachnospirales,Lachnospiraceae,Lachnospiraceae_UCG-001,metagenome,Bacteria,Firmicutes,Clostridia,Oscillospirales,Ruminococcaceae,Eubacterium_siraeum_group,None,0.006815968841285297
Bacteria,Firmicutes,Clostridia,Lachnospirales,Lachnospiraceae,Lachnospiraceae_UCG-001,metagenome,Bacteria,Firmicutes,Clostridia,Oscillospirales,Ruminococcaceae,None,None,0.005842259006815969
Bacteria,Firmicutes,Clostridia,Lachnospirales,Lachnospiraceae,Lachnospiraceae_UCG-001,metagenome,Bacteria,Firmicutes,Clostridia,Oscillospirales,UCG-010,None,None,0.005842259006815969
Bacteria,Firmicutes,Clostridia,Lachnospirales,Lachnospiraceae,Lachnospiraceae_UCG-001,metagenome,Bacteria,Firmicutes,Clostridia,Oscillospirales,UCG-010,metagenome,None,0.006815968841285297
Bacteria,Firmicutes,Clostridia,Lachnospirales,Lachnospiraceae,Lachnospiraceae_UCG-001,metagenome,Bacteria,Firmicutes,Clostridia,Oscillospirales,UCG-010,uncultured_bacterium,None,0.006815968841285297
Bacteria,Firmicutes,Clostridia,Lachnospirales,Lachnospiraceae,Lachnospiraceae_UCG-001,metagenome,Bacteria,Firmicutes,Clostridia,Oscillospirales,UCG-010,uncultured_organism,None,0.006815968841285297
Bacteria,Firmicutes,Clostridia,Lachnospirales,Lachnospiraceae,Lachnospiraceae_UCG-001,metagenome,Bacteria,Firmicutes,Clostridia,Oscillospirales,Clostridium_methylpentosum_group,None,None,0.005842259006815969
Bacteria,Firmicutes,Clostridia,Lachnospirales,Lachnospiraceae,Lachnospiraceae_UCG-001,metagenome,Bacteria,Firmicutes,Clostridia,Oscillospirales,Eubacterium_coprostanoligenes_group,None,None,0.005842259006815969
Bacteria,Firmicutes,Clostridia,Lachnospirales,Lachnospiraceae,Lachnospiraceae_UCG-001,metagenome,Bacteria,Firmicutes,Clostridia,Oscillospirales,None,None,None,0.004868549172346641
Bacteria,Firmicutes,Clostridia,Lachnospirales,Lachnospiraceae,Lachnospiraceae_UCG-001,metagenome,Bacteria,Firmicutes,Clostridia,Peptococcales,Peptococcaceae,uncultured,None,0.006815968841285297
Bacteria,Firmicutes,Clostridia,Lachnospirales,Lachnospiraceae,Lachnospiraceae_UCG-001,metagenome,Bacteria,Firmicutes,Clostridia,Peptostreptococcales-Tissierellales,Anaerovoracaceae,Family_XIII_AD3011_group,metagenome,0.007789678675754625
Bacteria,Firmicutes,Clostridia,Lachnospirales,Lachnospiraceae,Lachnospiraceae_UCG-001,metagenome,Bacteria,Firmicutes,Clostridia,Peptostreptococcales-Tissierellales,Anaerovoracaceae,Family_XIII_AD3011_group,None,0.006815968841285297
Bacteria,Firmicutes,Clostridia,Lachnospirales,Lachnospiraceae,Lachnospiraceae_UCG-001,metagenome,Bacteria,Firmicutes,Clostridia,Peptostreptococcales-Tissierellales,Anaerovoracaceae,Family_XIII_AD3011_group,uncultured,0.007789678675754625
Bacteria,Firmicutes,Clostridia,Lachnospirales,Lachnospiraceae,Lachnospiraceae_UCG-001,metagenome,Bacteria,Firmicutes,Clostridia,Peptostreptococcales-Tissierellales,Anaerovoracaceae,Family_XIII_UCG-001,metagenome,0.007789678675754625
Bacteria,Firmicutes,Clostridia,Lachnospirales,Lachnospiraceae,Lachnospiraceae_UCG-001,metagenome,Bacteria,Firmicutes,Clostridia,Peptostreptococcales-Tissierellales,Anaerovoracaceae,Eubacterium_nodatum_group,None,0.006815968841285297
Bacteria,Firmicutes,Clostridia,Lachnospirales,Lachnospiraceae,Lachnospiraceae_UCG-001,metagenome,Bacteria,Firmicutes,Clostridia,Peptostreptococcales-Tissierellales,Anaerovoracaceae,None,None,0.005842259006815969
Bacteria,Firmicutes,Clostridia,Lachnospirales,Lachnospiraceae,Lachnospiraceae_UCG-001,metagenome,Bacteria,Firmicutes,Clostridia,Peptostreptococcales-Tissierellales,Parvimonas,None,None,0.005842259006815969
Bacteria,Firmicutes,Clostridia,Lachnospirales,Lachnospiraceae,Lachnospiraceae_UCG-001,metagenome,Bacteria,Firmicutes,Clostridia,None,None,None,None,0.0038948393378773127
Bacteria,Firmicutes,Clostridia,Lachnospirales,Lachnospiraceae,Lachnospiraceae_UCG-001,metagenome,Bacteria,Firmicutes,Incertae_Sedis,DTU014,unidentified,None,None,0.007789678675754625
Bacteria,Firmicutes,Clostridia,Lachnospirales,Lachnospiraceae,Lachnospiraceae_UCG-001,metagenome,Bacteria,Firmicutes,Limnochordia,M55-D21,uncultured_compost_bacterium,None,None,0.007789678675754625
Bacteria,Firmicutes,Clostridia,Lachnospirales,Lachnospiraceae,Lachnospiraceae_UCG-001,metagenome,Bacteria,Firmicutes,Negativicutes,Acidaminococcales,Acidaminococcaceae,Phascolarctobacterium,None,0.008763388510223954
Bacteria,Firmicutes,Clostridia,Lachnospirales,Lachnospiraceae,Lachnospiraceae_UCG-001,metagenome,Bacteria,Firmicutes,None,None,None,None,None,0.004868549172346641
Bacteria,Firmicutes,Clostridia,Lachnospirales,Lachnospiraceae,Lachnospiraceae_UCG-001,metagenome,Bacteria,Firmicutes,uncultured,uncultured_Peptococcaceae_bacterium,None,None,None,0.006815968841285297
Bacteria,Firmicutes,Clostridia,Lachnospirales,Lachnospiraceae,Lachnospiraceae_UCG-001,metagenome,Bacteria,Proteobacteria,Alphaproteobacteria,Rhodospirillales,uncultured,None,None,0.009737098344693282
Bacteria,Firmicutes,Clostridia,Lachnospirales,Lachnospiraceae,Lachnospiraceae_UCG-001,metagenome,Bacteria,Proteobacteria,Gammaproteobacteria,Burkholderiales,Sutterellaceae,Sutterella,Sutterella_sp._252,0.011684518013631937
Bacteria,Firmicutes,Clostridia,Lachnospirales,Lachnospiraceae,Lachnospiraceae_UCG-001,metagenome,Bacteria,Proteobacteria,Gammaproteobacteria,Enterobacterales,Enterobacteriaceae,Escherichia-Shigella,None,0.010710808179162609
Bacteria,Firmicutes,Clostridia,Lachnospirales,Lachnospiraceae,Lachnospiraceae_UCG-001,metagenome,Bacteria,Proteobacteria,Gammaproteobacteria,Enterobacterales,Enterobacteriaceae,Klebsiella,None,0.010710808179162609
Bacteria,Firmicutes,Clostridia,Lachnospirales,Lachnospiraceae,Lachnospiraceae_UCG-001,metagenome,Bacteria,Proteobacteria,Gammaproteobacteria,Enterobacterales,Enterobacteriaceae,None,None,0.009737098344693282
Bacteria,Firmicutes,Clostridia,Lachnospirales,Lachnospiraceae,Lachnospiraceae_UCG-001,metagenome,Bacteria,Proteobacteria,Gammaproteobacteria,Pseudomonadales,Pseudomonadaceae,Pseudomonas,None,0.010710808179162609
Bacteria,Firmicutes,Clostridia,Lachnospirales,Lachnospiraceae,Lachnospiraceae_UCG-001,metagenome,Bacteria,Synergistota,Synergistia,Synergistales,Synergistaceae,Cloacibacillus,None,0.010710808179162609
Bacteria,Firmicutes,Clostridia,Lachnospirales,Lachnospiraceae,Lachnospiraceae_UCG-001,metagenome,Bacteria,Verrucomicrobiota,Verrucomicrobiae,Verrucomicrobiales,Akkermansiaceae,Akkermansia,None,0.010710808179162609
Bacteria,Firmicutes,Clostridia,Lachnospirales,Lachnospiraceae,Lachnospiraceae_UCG-004,None,Bacteria,Firmicutes,Clostridia,Lachnospirales,Lachnospiraceae,Lachnospiraceae_UCG-008,metagenome,0.0029211295034079843
Bacteria,Firmicutes,Clostridia,Lachnospirales,Lachnospiraceae,Lachnospiraceae_UCG-004,None,Bacteria,Firmicutes,Clostridia,Lachnospirales,Lachnospiraceae,Lachnospiraceae_UCG-010,None,0.0019474196689386564
Bacteria,Firmicutes,Clostridia,Lachnospirales,Lachnospiraceae,Lachnospiraceae_UCG-004,None,Bacteria,Firmicutes,Clostridia,Lachnospirales,Lachnospiraceae,Marvinbryantia,None,0.0019474196689386564
Bacteria,Firmicutes,Clostridia,Lachnospirales,Lachnospiraceae,Lachnospiraceae_UCG-004,None,Bacteria,Firmicutes,Clostridia,Lachnospirales,Lachnospiraceae,Marvinbryantia,unidentified,0.0029211295034079843
Bacteria,Firmicutes,Clostridia,Lachnospirales,Lachnospiraceae,Lachnospiraceae_UCG-004,None,Bacteria,Firmicutes,Clostridia,Lachnospirales,Lachnospiraceae,Roseburia,None,0.0019474196689386564
Bacteria,Firmicutes,Clostridia,Lachnospirales,Lachnospiraceae,Lachnospiraceae_UCG-004,None,Bacteria,Firmicutes,Clostridia,Lachnospirales,Lachnospiraceae,Roseburia,gut_metagenome,0.0029211295034079843
Bacteria,Firmicutes,Clostridia,Lachnospirales,Lachnospiraceae,Lachnospiraceae_UCG-004,None,Bacteria,Firmicutes,Clostridia,Lachnospirales,Lachnospiraceae,Tuzzerella,None,0.0019474196689386564
Bacteria,Firmicutes,Clostridia,Lachnospirales,Lachnospiraceae,Lachnospiraceae_UCG-004,None,Bacteria,Firmicutes,Clostridia,Lachnospirales,Lachnospiraceae,Tyzzerella,None,0.0019474196689386564
Bacteria,Firmicutes,Clostridia,Lachnospirales,Lachnospiraceae,Lachnospiraceae_UCG-004,None,Bacteria,Firmicutes,Clostridia,Lachnospirales,Lachnospiraceae,Eubacterium_hallii_group,None,0.0019474196689386564
Bacteria,Firmicutes,Clostridia,Lachnospirales,Lachnospiraceae,Lachnospiraceae_UCG-004,None,Bacteria,Firmicutes,Clostridia,Lachnospirales,Lachnospiraceae,Eubacterium_ventriosum_group,metagenome,0.0029211295034079843
Bacteria,Firmicutes,Clostridia,Lachnospirales,Lachnospiraceae,Lachnospiraceae_UCG-004,None,Bacteria,Firmicutes,Clostridia,Lachnospirales,Lachnospiraceae,Ruminococcus_gauvreauii_group,uncultured_Lachnospiraceae_bacterium,0.0029211295034079843
Bacteria,Firmicutes,Clostridia,Lachnospirales,Lachnospiraceae,Lachnospiraceae_UCG-004,None,Bacteria,Firmicutes,Clostridia,Lachnospirales,Lachnospiraceae,Ruminococcus_gnavus_group,None,0.0019474196689386564
Bacteria,Firmicutes,Clostridia,Lachnospirales,Lachnospiraceae,Lachnospiraceae_UCG-004,None,Bacteria,Firmicutes,Clostridia,Lachnospirales,Lachnospiraceae,Ruminococcus_torques_group,Clostridiaceae_bacterium_LEMV78,0.0029211295034079843
Bacteria,Firmicutes,Clostridia,Lachnospirales,Lachnospiraceae,Lachnospiraceae_UCG-004,None,Bacteria,Firmicutes,Clostridia,Lachnospirales,Lachnospiraceae,Ruminococcus_torques_group,None,0.0019474196689386564
Bacteria,Firmicutes,Clostridia,Lachnospirales,Lachnospiraceae,Lachnospiraceae_UCG-004,None,Bacteria,Firmicutes,Clostridia,Lachnospirales,Lachnospiraceae,None,None,0.0019474196689386564
Bacteria,Firmicutes,Clostridia,Lachnospirales,Lachnospiraceae,Lachnospiraceae_UCG-004,None,Bacteria,Firmicutes,Clostridia,Lachnospirales,Lachnospiraceae,uncultured,None,0.0019474196689386564
Bacteria,Firmicutes,Clostridia,Lachnospirales,Lachnospiraceae,Lachnospiraceae_UCG-004,None,Bacteria,Firmicutes,Clostridia,Monoglobales,Monoglobaceae,Monoglobus,None,0.005842259006815969
Bacteria,Firmicutes,Clostridia,Lachnospirales,Lachnospiraceae,Lachnospiraceae_UCG-004,None,Bacteria,Firmicutes,Clostridia,Oscillospirales,Butyricicoccaceae,Butyricicoccus,None,0.005842259006815969
Bacteria,Firmicutes,Clostridia,Lachnospirales,Lachnospiraceae,Lachnospiraceae_UCG-004,None,Bacteria,Firmicutes,Clostridia,Oscillospirales,Hydrogenoanaerobacterium,None,None,0.004868549172346641
Bacteria,Firmicutes,Clostridia,Lachnospirales,Lachnospiraceae,Lachnospiraceae_UCG-004,None,Bacteria,Firmicutes,Clostridia,Oscillospirales,Oscillospiraceae,Colidextribacter,None,0.005842259006815969
Bacteria,Firmicutes,Clostridia,Lachnospirales,Lachnospiraceae,Lachnospiraceae_UCG-004,None,Bacteria,Firmicutes,Clostridia,Oscillospirales,Oscillospiraceae,Colidextribacter,metagenome,0.006815968841285297
Bacteria,Firmicutes,Clostridia,Lachnospirales,Lachnospiraceae,Lachnospiraceae_UCG-004,None,Bacteria,Firmicutes,Clostridia,Oscillospirales,Oscillospiraceae,Flavonifractor,None,0.005842259006815969
Bacteria,Firmicutes,Clostridia,Lachnospirales,Lachnospiraceae,Lachnospiraceae_UCG-004,None,Bacteria,Firmicutes,Clostridia,Oscillospirales,Oscillospiraceae,Intestinimonas,None,0.005842259006815969
Bacteria,Firmicutes,Clostridia,Lachnospirales,Lachnospiraceae,Lachnospiraceae_UCG-004,None,Bacteria,Firmicutes,Clostridia,Oscillospirales,Oscillospiraceae,Intestinimonas,uncultured,0.006815968841285297
Bacteria,Firmicutes,Clostridia,Lachnospirales,Lachnospiraceae,Lachnospiraceae_UCG-004,None,Bacteria,Firmicutes,Clostridia,Oscillospirales,Oscillospiraceae,NK4A214_group,None,0.005842259006815969
Bacteria,Firmicutes,Clostridia,Lachnospirales,Lachnospiraceae,Lachnospiraceae_UCG-004,None,Bacteria,Firmicutes,Clostridia,Oscillospirales,Oscillospiraceae,Oscillibacter,None,0.005842259006815969
Bacteria,Firmicutes,Clostridia,Lachnospirales,Lachnospiraceae,Lachnospiraceae_UCG-004,None,Bacteria,Firmicutes,Clostridia,Oscillospirales,Oscillospiraceae,Oscillibacter,metagenome,0.006815968841285297
Bacteria,Firmicutes,Clostridia,Lachnospirales,Lachnospiraceae,Lachnospiraceae_UCG-004,None,Bacteria,Firmicutes,Clostridia,Oscillospirales,Oscillospiraceae,Oscillospira,None,0.005842259006815969
Bacteria,Firmicutes,Clostridia,Lachnospirales,Lachnospiraceae,Lachnospiraceae_UCG-004,None,Bacteria,Firmicutes,Clostridia,Oscillospirales,Oscillospiraceae,UCG-002,None,0.005842259006815969
Bacteria,Firmicutes,Clostridia,Lachnospirales,Lachnospiraceae,Lachnospiraceae_UCG-004,None,Bacteria,Firmicutes,Clostridia,Oscillospirales,Oscillospiraceae,UCG-003,None,0.005842259006815969
Bacteria,Firmicutes,Clostridia,Lachnospirales,Lachnospiraceae,Lachnospiraceae_UCG-004,None,Bacteria,Firmicutes,Clostridia,Oscillospirales,Oscillospiraceae,UCG-005,None,0.005842259006815969
Bacteria,Firmicutes,Clostridia,Lachnospirales,Lachnospiraceae,Lachnospiraceae_UCG-004,None,Bacteria,Firmicutes,Clostridia,Oscillospirales,Oscillospiraceae,UCG-005,metagenome,0.006815968841285297
Bacteria,Firmicutes,Clostridia,Lachnospirales,Lachnospiraceae,Lachnospiraceae_UCG-004,None,Bacteria,Firmicutes,Clostridia,Oscillospirales,Oscillospiraceae,UCG-005,uncultured_Clostridiales_bacterium,0.006815968841285297
Bacteria,Firmicutes,Clostridia,Lachnospirales,Lachnospiraceae,Lachnospiraceae_UCG-004,None,Bacteria,Firmicutes,Clostridia,Oscillospirales,Oscillospiraceae,UCG-005,uncultured_rumen_bacterium,0.006815968841285297
Bacteria,Firmicutes,Clostridia,Lachnospirales,Lachnospiraceae,Lachnospiraceae_UCG-004,None,Bacteria,Firmicutes,Clostridia,Oscillospirales,Oscillospiraceae,None,None,0.004868549172346641
Bacteria,Firmicutes,Clostridia,Lachnospirales,Lachnospiraceae,Lachnospiraceae_UCG-004,None,Bacteria,Firmicutes,Clostridia,Oscillospirales,Oscillospiraceae,uncultured,metagenome,0.006815968841285297
Bacteria,Firmicutes,Clostridia,Lachnospirales,Lachnospiraceae,Lachnospiraceae_UCG-004,None,Bacteria,Firmicutes,Clostridia,Oscillospirales,Oscillospiraceae,uncultured,unidentified,0.006815968841285297
Bacteria,Firmicutes,Clostridia,Lachnospirales,Lachnospiraceae,Lachnospiraceae_UCG-004,None,Bacteria,Firmicutes,Clostridia,Oscillospirales,Ruminococcaceae,Anaerofilum,uncultured_Firmicutes_bacterium,0.006815968841285297
Bacteria,Firmicutes,Clostridia,Lachnospirales,Lachnospiraceae,Lachnospiraceae_UCG-004,None,Bacteria,Firmicutes,Clostridia,Oscillospirales,Ruminococcaceae,Anaerotruncus,Anaerotruncus_rubiinfantis,0.006815968841285297
Bacteria,Firmicutes,Clostridia,Lachnospirales,Lachnospiraceae,Lachnospiraceae_UCG-004,None,Bacteria,Firmicutes,Clostridia,Oscillospirales,Ruminococcaceae,Anaerotruncus,Anaerotruncus_sp._NML_070203,0.006815968841285297
Bacteria,Firmicutes,Clostridia,Lachnospirales,Lachnospiraceae,Lachnospiraceae_UCG-004,None,Bacteria,Firmicutes,Clostridia,Oscillospirales,Ruminococcaceae,Candidatus_Soleaferrea,Neobitarella_massiliensis,0.006815968841285297
Bacteria,Firmicutes,Clostridia,Lachnospirales,Lachnospiraceae,Lachnospiraceae_UCG-004,None,Bacteria,Firmicutes,Clostridia,Oscillospirales,Ruminococcaceae,Candidatus_Soleaferrea,None,0.005842259006815969
Bacteria,Firmicutes,Clostridia,Lachnospirales,Lachnospiraceae,Lachnospiraceae_UCG-004,None,Bacteria,Firmicutes,Clostridia,Oscillospirales,Ruminococcaceae,DTU089,None,0.005842259006815969
Bacteria,Firmicutes,Clostridia,Lachnospirales,Lachnospiraceae,Lachnospiraceae_UCG-004,None,Bacteria,Firmicutes,Clostridia,Oscillospirales,Ruminococcaceae,Faecalibacterium,None,0.005842259006815969
Bacteria,Firmicutes,Clostridia,Lachnospirales,Lachnospiraceae,Lachnospiraceae_UCG-004,None,Bacteria,Firmicutes,Clostridia,Oscillospirales,Ruminococcaceae,Fournierella,uncultured_organism,0.006815968841285297
Bacteria,Firmicutes,Clostridia,Lachnospirales,Lachnospiraceae,Lachnospiraceae_UCG-004,None,Bacteria,Firmicutes,Clostridia,Oscillospirales,Ruminococcaceae,Incertae_Sedis,metagenome,0.006815968841285297
Bacteria,Firmicutes,Clostridia,Lachnospirales,Lachnospiraceae,Lachnospiraceae_UCG-004,None,Bacteria,Firmicutes,Clostridia,Oscillospirales,Ruminococcaceae,Incertae_Sedis,None,0.005842259006815969
Bacteria,Firmicutes,Clostridia,Lachnospirales,Lachnospiraceae,Lachnospiraceae_UCG-004,None,Bacteria,Firmicutes,Clostridia,Oscillospirales,Ruminococcaceae,Negativibacillus,None,0.005842259006815969
Bacteria,Firmicutes,Clostridia,Lachnospirales,Lachnospiraceae,Lachnospiraceae_UCG-004,None,Bacteria,Firmicutes,Clostridia,Oscillospirales,Ruminococcaceae,Ruminococcus,Ruminococcus_champanellensis,0.006815968841285297
Bacteria,Firmicutes,Clostridia,Lachnospirales,Lachnospiraceae,Lachnospiraceae_UCG-004,None,Bacteria,Firmicutes,Clostridia,Oscillospirales,Ruminococcaceae,Ruminococcus,None,0.005842259006815969
Bacteria,Firmicutes,Clostridia,Lachnospirales,Lachnospiraceae,Lachnospiraceae_UCG-004,None,Bacteria,Firmicutes,Clostridia,Oscillospirales,Ruminococcaceae,Subdoligranulum,None,0.005842259006815969
Bacteria,Firmicutes,Clostridia,Lachnospirales,Lachnospiraceae,Lachnospiraceae_UCG-004,None,Bacteria,Firmicutes,Clostridia,Oscillospirales,Ruminococcaceae,UBA1819,None,0.005842259006815969
Bacteria,Firmicutes,Clostridia,Lachnospirales,Lachnospiraceae,Lachnospiraceae_UCG-004,None,Bacteria,Firmicutes,Clostridia,Oscillospirales,Ruminococcaceae,Eubacterium_siraeum_group,None,0.005842259006815969
Bacteria,Firmicutes,Clostridia,Lachnospirales,Lachnospiraceae,Lachnospiraceae_UCG-004,None,Bacteria,Firmicutes,Clostridia,Oscillospirales,Ruminococcaceae,None,None,0.004868549172346641
Bacteria,Firmicutes,Clostridia,Lachnospirales,Lachnospiraceae,Lachnospiraceae_UCG-004,None,Bacteria,Firmicutes,Clostridia,Oscillospirales,UCG-010,None,None,0.004868549172346641
Bacteria,Firmicutes,Clostridia,Lachnospirales,Lachnospiraceae,Lachnospiraceae_UCG-004,None,Bacteria,Firmicutes,Clostridia,Oscillospirales,UCG-010,metagenome,None,0.005842259006815969
Bacteria,Firmicutes,Clostridia,Lachnospirales,Lachnospiraceae,Lachnospiraceae_UCG-004,None,Bacteria,Firmicutes,Clostridia,Oscillospirales,UCG-010,uncultured_bacterium,None,0.005842259006815969
Bacteria,Firmicutes,Clostridia,Lachnospirales,Lachnospiraceae,Lachnospiraceae_UCG-004,None,Bacteria,Firmicutes,Clostridia,Oscillospirales,UCG-010,uncultured_organism,None,0.005842259006815969
Bacteria,Firmicutes,Clostridia,Lachnospirales,Lachnospiraceae,Lachnospiraceae_UCG-004,None,Bacteria,Firmicutes,Clostridia,Oscillospirales,Clostridium_methylpentosum_group,None,None,0.004868549172346641
Bacteria,Firmicutes,Clostridia,Lachnospirales,Lachnospiraceae,Lachnospiraceae_UCG-004,None,Bacteria,Firmicutes,Clostridia,Oscillospirales,Eubacterium_coprostanoligenes_group,None,None,0.004868549172346641
Bacteria,Firmicutes,Clostridia,Lachnospirales,Lachnospiraceae,Lachnospiraceae_UCG-004,None,Bacteria,Firmicutes,Clostridia,Oscillospirales,None,None,None,0.0038948393378773127
Bacteria,Firmicutes,Clostridia,Lachnospirales,Lachnospiraceae,Lachnospiraceae_UCG-004,None,Bacteria,Firmicutes,Clostridia,Peptococcales,Peptococcaceae,uncultured,None,0.005842259006815969
Bacteria,Firmicutes,Clostridia,Lachnospirales,Lachnospiraceae,Lachnospiraceae_UCG-004,None,Bacteria,Firmicutes,Clostridia,Peptostreptococcales-Tissierellales,Anaerovoracaceae,Family_XIII_AD3011_group,metagenome,0.006815968841285297
Bacteria,Firmicutes,Clostridia,Lachnospirales,Lachnospiraceae,Lachnospiraceae_UCG-004,None,Bacteria,Firmicutes,Clostridia,Peptostreptococcales-Tissierellales,Anaerovoracaceae,Family_XIII_AD3011_group,None,0.005842259006815969
Bacteria,Firmicutes,Clostridia,Lachnospirales,Lachnospiraceae,Lachnospiraceae_UCG-004,None,Bacteria,Firmicutes,Clostridia,Peptostreptococcales-Tissierellales,Anaerovoracaceae,Family_XIII_AD3011_group,uncultured,0.006815968841285297
Bacteria,Firmicutes,Clostridia,Lachnospirales,Lachnospiraceae,Lachnospiraceae_UCG-004,None,Bacteria,Firmicutes,Clostridia,Peptostreptococcales-Tissierellales,Anaerovoracaceae,Family_XIII_UCG-001,metagenome,0.006815968841285297
Bacteria,Firmicutes,Clostridia,Lachnospirales,Lachnospiraceae,Lachnospiraceae_UCG-004,None,Bacteria,Firmicutes,Clostridia,Peptostreptococcales-Tissierellales,Anaerovoracaceae,Eubacterium_nodatum_group,None,0.005842259006815969
Bacteria,Firmicutes,Clostridia,Lachnospirales,Lachnospiraceae,Lachnospiraceae_UCG-004,None,Bacteria,Firmicutes,Clostridia,Peptostreptococcales-Tissierellales,Anaerovoracaceae,None,None,0.004868549172346641
Bacteria,Firmicutes,Clostridia,Lachnospirales,Lachnospiraceae,Lachnospiraceae_UCG-004,None,Bacteria,Firmicutes,Clostridia,Peptostreptococcales-Tissierellales,Parvimonas,None,None,0.004868549172346641
Bacteria,Firmicutes,Clostridia,Lachnospirales,Lachnospiraceae,Lachnospiraceae_UCG-004,None,Bacteria,Firmicutes,Clostridia,None,None,None,None,0.0029211295034079843
Bacteria,Firmicutes,Clostridia,Lachnospirales,Lachnospiraceae,Lachnospiraceae_UCG-004,None,Bacteria,Firmicutes,Incertae_Sedis,DTU014,unidentified,None,None,0.006815968841285297
Bacteria,Firmicutes,Clostridia,Lachnospirales,Lachnospiraceae,Lachnospiraceae_UCG-004,None,Bacteria,Firmicutes,Limnochordia,M55-D21,uncultured_compost_bacterium,None,None,0.006815968841285297
Bacteria,Firmicutes,Clostridia,Lachnospirales,Lachnospiraceae,Lachnospiraceae_UCG-004,None,Bacteria,Firmicutes,Negativicutes,Acidaminococcales,Acidaminococcaceae,Phascolarctobacterium,None,0.007789678675754625
Bacteria,Firmicutes,Clostridia,Lachnospirales,Lachnospiraceae,Lachnospiraceae_UCG-004,None,Bacteria,Firmicutes,None,None,None,None,None,0.0038948393378773127
Bacteria,Firmicutes,Clostridia,Lachnospirales,Lachnospiraceae,Lachnospiraceae_UCG-004,None,Bacteria,Firmicutes,uncultured,uncultured_Peptococcaceae_bacterium,None,None,None,0.005842259006815969
Bacteria,Firmicutes,Clostridia,Lachnospirales,Lachnospiraceae,Lachnospiraceae_UCG-004,None,Bacteria,Proteobacteria,Alphaproteobacteria,Rhodospirillales,uncultured,None,None,0.008763388510223954
Bacteria,Firmicutes,Clostridia,Lachnospirales,Lachnospiraceae,Lachnospiraceae_UCG-004,None,Bacteria,Proteobacteria,Gammaproteobacteria,Burkholderiales,Sutterellaceae,Sutterella,Sutterella_sp._252,0.010710808179162609
Bacteria,Firmicutes,Clostridia,Lachnospirales,Lachnospiraceae,Lachnospiraceae_UCG-004,None,Bacteria,Proteobacteria,Gammaproteobacteria,Enterobacterales,Enterobacteriaceae,Escherichia-Shigella,None,0.009737098344693282
Bacteria,Firmicutes,Clostridia,Lachnospirales,Lachnospiraceae,Lachnospiraceae_UCG-004,None,Bacteria,Proteobacteria,Gammaproteobacteria,Enterobacterales,Enterobacteriaceae,Klebsiella,None,0.009737098344693282
Bacteria,Firmicutes,Clostridia,Lachnospirales,Lachnospiraceae,Lachnospiraceae_UCG-004,None,Bacteria,Proteobacteria,Gammaproteobacteria,Enterobacterales,Enterobacteriaceae,None,None,0.008763388510223954
Bacteria,Firmicutes,Clostridia,Lachnospirales,Lachnospiraceae,Lachnospiraceae_UCG-004,None,Bacteria,Proteobacteria,Gammaproteobacteria,Pseudomonadales,Pseudomonadaceae,Pseudomonas,None,0.009737098344693282
Bacteria,Firmicutes,Clostridia,Lachnospirales,Lachnospiraceae,Lachnospiraceae_UCG-004,None,Bacteria,Synergistota,Synergistia,Synergistales,Synergistaceae,Cloacibacillus,None,0.009737098344693282
Bacteria,Firmicutes,Clostridia,Lachnospirales,Lachnospiraceae,Lachnospiraceae_UCG-004,None,Bacteria,Verrucomicrobiota,Verrucomicrobiae,Verrucomicrobiales,Akkermansiaceae,Akkermansia,None,0.009737098344693282
Bacteria,Firmicutes,Clostridia,Lachnospirales,Lachnospiraceae,Lachnospiraceae_UCG-008,metagenome,Bacteria,Firmicutes,Clostridia,Lachnospirales,Lachnospiraceae,Lachnospiraceae_UCG-010,None,0.0029211295034079843
Bacteria,Firmicutes,Clostridia,Lachnospirales,Lachnospiraceae,Lachnospiraceae_UCG-008,metagenome,Bacteria,Firmicutes,Clostridia,Lachnospirales,Lachnospiraceae,Marvinbryantia,None,0.0029211295034079843
Bacteria,Firmicutes,Clostridia,Lachnospirales,Lachnospiraceae,Lachnospiraceae_UCG-008,metagenome,Bacteria,Firmicutes,Clostridia,Lachnospirales,Lachnospiraceae,Marvinbryantia,unidentified,0.0038948393378773127
Bacteria,Firmicutes,Clostridia,Lachnospirales,Lachnospiraceae,Lachnospiraceae_UCG-008,metagenome,Bacteria,Firmicutes,Clostridia,Lachnospirales,Lachnospiraceae,Roseburia,None,0.0029211295034079843
Bacteria,Firmicutes,Clostridia,Lachnospirales,Lachnospiraceae,Lachnospiraceae_UCG-008,metagenome,Bacteria,Firmicutes,Clostridia,Lachnospirales,Lachnospiraceae,Roseburia,gut_metagenome,0.0038948393378773127
Bacteria,Firmicutes,Clostridia,Lachnospirales,Lachnospiraceae,Lachnospiraceae_UCG-008,metagenome,Bacteria,Firmicutes,Clostridia,Lachnospirales,Lachnospiraceae,Tuzzerella,None,0.0029211295034079843
Bacteria,Firmicutes,Clostridia,Lachnospirales,Lachnospiraceae,Lachnospiraceae_UCG-008,metagenome,Bacteria,Firmicutes,Clostridia,Lachnospirales,Lachnospiraceae,Tyzzerella,None,0.0029211295034079843
Bacteria,Firmicutes,Clostridia,Lachnospirales,Lachnospiraceae,Lachnospiraceae_UCG-008,metagenome,Bacteria,Firmicutes,Clostridia,Lachnospirales,Lachnospiraceae,Eubacterium_hallii_group,None,0.0029211295034079843
Bacteria,Firmicutes,Clostridia,Lachnospirales,Lachnospiraceae,Lachnospiraceae_UCG-008,metagenome,Bacteria,Firmicutes,Clostridia,Lachnospirales,Lachnospiraceae,Eubacterium_ventriosum_group,metagenome,0.0038948393378773127
Bacteria,Firmicutes,Clostridia,Lachnospirales,Lachnospiraceae,Lachnospiraceae_UCG-008,metagenome,Bacteria,Firmicutes,Clostridia,Lachnospirales,Lachnospiraceae,Ruminococcus_gauvreauii_group,uncultured_Lachnospiraceae_bacterium,0.0038948393378773127
Bacteria,Firmicutes,Clostridia,Lachnospirales,Lachnospiraceae,Lachnospiraceae_UCG-008,metagenome,Bacteria,Firmicutes,Clostridia,Lachnospirales,Lachnospiraceae,Ruminococcus_gnavus_group,None,0.0029211295034079843
Bacteria,Firmicutes,Clostridia,Lachnospirales,Lachnospiraceae,Lachnospiraceae_UCG-008,metagenome,Bacteria,Firmicutes,Clostridia,Lachnospirales,Lachnospiraceae,Ruminococcus_torques_group,Clostridiaceae_bacterium_LEMV78,0.0038948393378773127
Bacteria,Firmicutes,Clostridia,Lachnospirales,Lachnospiraceae,Lachnospiraceae_UCG-008,metagenome,Bacteria,Firmicutes,Clostridia,Lachnospirales,Lachnospiraceae,Ruminococcus_torques_group,None,0.0029211295034079843
Bacteria,Firmicutes,Clostridia,Lachnospirales,Lachnospiraceae,Lachnospiraceae_UCG-008,metagenome,Bacteria,Firmicutes,Clostridia,Lachnospirales,Lachnospiraceae,None,None,0.0029211295034079843
Bacteria,Firmicutes,Clostridia,Lachnospirales,Lachnospiraceae,Lachnospiraceae_UCG-008,metagenome,Bacteria,Firmicutes,Clostridia,Lachnospirales,Lachnospiraceae,uncultured,None,0.0029211295034079843
Bacteria,Firmicutes,Clostridia,Lachnospirales,Lachnospiraceae,Lachnospiraceae_UCG-008,metagenome,Bacteria,Firmicutes,Clostridia,Monoglobales,Monoglobaceae,Monoglobus,None,0.006815968841285297
Bacteria,Firmicutes,Clostridia,Lachnospirales,Lachnospiraceae,Lachnospiraceae_UCG-008,metagenome,Bacteria,Firmicutes,Clostridia,Oscillospirales,Butyricicoccaceae,Butyricicoccus,None,0.006815968841285297
Bacteria,Firmicutes,Clostridia,Lachnospirales,Lachnospiraceae,Lachnospiraceae_UCG-008,metagenome,Bacteria,Firmicutes,Clostridia,Oscillospirales,Hydrogenoanaerobacterium,None,None,0.005842259006815969
Bacteria,Firmicutes,Clostridia,Lachnospirales,Lachnospiraceae,Lachnospiraceae_UCG-008,metagenome,Bacteria,Firmicutes,Clostridia,Oscillospirales,Oscillospiraceae,Colidextribacter,None,0.006815968841285297
Bacteria,Firmicutes,Clostridia,Lachnospirales,Lachnospiraceae,Lachnospiraceae_UCG-008,metagenome,Bacteria,Firmicutes,Clostridia,Oscillospirales,Oscillospiraceae,Colidextribacter,metagenome,0.007789678675754625
Bacteria,Firmicutes,Clostridia,Lachnospirales,Lachnospiraceae,Lachnospiraceae_UCG-008,metagenome,Bacteria,Firmicutes,Clostridia,Oscillospirales,Oscillospiraceae,Flavonifractor,None,0.006815968841285297
Bacteria,Firmicutes,Clostridia,Lachnospirales,Lachnospiraceae,Lachnospiraceae_UCG-008,metagenome,Bacteria,Firmicutes,Clostridia,Oscillospirales,Oscillospiraceae,Intestinimonas,None,0.006815968841285297
Bacteria,Firmicutes,Clostridia,Lachnospirales,Lachnospiraceae,Lachnospiraceae_UCG-008,metagenome,Bacteria,Firmicutes,Clostridia,Oscillospirales,Oscillospiraceae,Intestinimonas,uncultured,0.007789678675754625
Bacteria,Firmicutes,Clostridia,Lachnospirales,Lachnospiraceae,Lachnospiraceae_UCG-008,metagenome,Bacteria,Firmicutes,Clostridia,Oscillospirales,Oscillospiraceae,NK4A214_group,None,0.006815968841285297
Bacteria,Firmicutes,Clostridia,Lachnospirales,Lachnospiraceae,Lachnospiraceae_UCG-008,metagenome,Bacteria,Firmicutes,Clostridia,Oscillospirales,Oscillospiraceae,Oscillibacter,None,0.006815968841285297
Bacteria,Firmicutes,Clostridia,Lachnospirales,Lachnospiraceae,Lachnospiraceae_UCG-008,metagenome,Bacteria,Firmicutes,Clostridia,Oscillospirales,Oscillospiraceae,Oscillibacter,metagenome,0.007789678675754625
Bacteria,Firmicutes,Clostridia,Lachnospirales,Lachnospiraceae,Lachnospiraceae_UCG-008,metagenome,Bacteria,Firmicutes,Clostridia,Oscillospirales,Oscillospiraceae,Oscillospira,None,0.006815968841285297
Bacteria,Firmicutes,Clostridia,Lachnospirales,Lachnospiraceae,Lachnospiraceae_UCG-008,metagenome,Bacteria,Firmicutes,Clostridia,Oscillospirales,Oscillospiraceae,UCG-002,None,0.006815968841285297
Bacteria,Firmicutes,Clostridia,Lachnospirales,Lachnospiraceae,Lachnospiraceae_UCG-008,metagenome,Bacteria,Firmicutes,Clostridia,Oscillospirales,Oscillospiraceae,UCG-003,None,0.006815968841285297
Bacteria,Firmicutes,Clostridia,Lachnospirales,Lachnospiraceae,Lachnospiraceae_UCG-008,metagenome,Bacteria,Firmicutes,Clostridia,Oscillospirales,Oscillospiraceae,UCG-005,None,0.006815968841285297
Bacteria,Firmicutes,Clostridia,Lachnospirales,Lachnospiraceae,Lachnospiraceae_UCG-008,metagenome,Bacteria,Firmicutes,Clostridia,Oscillospirales,Oscillospiraceae,UCG-005,metagenome,0.007789678675754625
Bacteria,Firmicutes,Clostridia,Lachnospirales,Lachnospiraceae,Lachnospiraceae_UCG-008,metagenome,Bacteria,Firmicutes,Clostridia,Oscillospirales,Oscillospiraceae,UCG-005,uncultured_Clostridiales_bacterium,0.007789678675754625
Bacteria,Firmicutes,Clostridia,Lachnospirales,Lachnospiraceae,Lachnospiraceae_UCG-008,metagenome,Bacteria,Firmicutes,Clostridia,Oscillospirales,Oscillospiraceae,UCG-005,uncultured_rumen_bacterium,0.007789678675754625
Bacteria,Firmicutes,Clostridia,Lachnospirales,Lachnospiraceae,Lachnospiraceae_UCG-008,metagenome,Bacteria,Firmicutes,Clostridia,Oscillospirales,Oscillospiraceae,None,None,0.005842259006815969
Bacteria,Firmicutes,Clostridia,Lachnospirales,Lachnospiraceae,Lachnospiraceae_UCG-008,metagenome,Bacteria,Firmicutes,Clostridia,Oscillospirales,Oscillospiraceae,uncultured,metagenome,0.007789678675754625
Bacteria,Firmicutes,Clostridia,Lachnospirales,Lachnospiraceae,Lachnospiraceae_UCG-008,metagenome,Bacteria,Firmicutes,Clostridia,Oscillospirales,Oscillospiraceae,uncultured,unidentified,0.007789678675754625
Bacteria,Firmicutes,Clostridia,Lachnospirales,Lachnospiraceae,Lachnospiraceae_UCG-008,metagenome,Bacteria,Firmicutes,Clostridia,Oscillospirales,Ruminococcaceae,Anaerofilum,uncultured_Firmicutes_bacterium,0.007789678675754625
Bacteria,Firmicutes,Clostridia,Lachnospirales,Lachnospiraceae,Lachnospiraceae_UCG-008,metagenome,Bacteria,Firmicutes,Clostridia,Oscillospirales,Ruminococcaceae,Anaerotruncus,Anaerotruncus_rubiinfantis,0.007789678675754625
Bacteria,Firmicutes,Clostridia,Lachnospirales,Lachnospiraceae,Lachnospiraceae_UCG-008,metagenome,Bacteria,Firmicutes,Clostridia,Oscillospirales,Ruminococcaceae,Anaerotruncus,Anaerotruncus_sp._NML_070203,0.007789678675754625
Bacteria,Firmicutes,Clostridia,Lachnospirales,Lachnospiraceae,Lachnospiraceae_UCG-008,metagenome,Bacteria,Firmicutes,Clostridia,Oscillospirales,Ruminococcaceae,Candidatus_Soleaferrea,Neobitarella_massiliensis,0.007789678675754625
Bacteria,Firmicutes,Clostridia,Lachnospirales,Lachnospiraceae,Lachnospiraceae_UCG-008,metagenome,Bacteria,Firmicutes,Clostridia,Oscillospirales,Ruminococcaceae,Candidatus_Soleaferrea,None,0.006815968841285297
Bacteria,Firmicutes,Clostridia,Lachnospirales,Lachnospiraceae,Lachnospiraceae_UCG-008,metagenome,Bacteria,Firmicutes,Clostridia,Oscillospirales,Ruminococcaceae,DTU089,None,0.006815968841285297
Bacteria,Firmicutes,Clostridia,Lachnospirales,Lachnospiraceae,Lachnospiraceae_UCG-008,metagenome,Bacteria,Firmicutes,Clostridia,Oscillospirales,Ruminococcaceae,Faecalibacterium,None,0.006815968841285297
Bacteria,Firmicutes,Clostridia,Lachnospirales,Lachnospiraceae,Lachnospiraceae_UCG-008,metagenome,Bacteria,Firmicutes,Clostridia,Oscillospirales,Ruminococcaceae,Fournierella,uncultured_organism,0.007789678675754625
Bacteria,Firmicutes,Clostridia,Lachnospirales,Lachnospiraceae,Lachnospiraceae_UCG-008,metagenome,Bacteria,Firmicutes,Clostridia,Oscillospirales,Ruminococcaceae,Incertae_Sedis,metagenome,0.007789678675754625
Bacteria,Firmicutes,Clostridia,Lachnospirales,Lachnospiraceae,Lachnospiraceae_UCG-008,metagenome,Bacteria,Firmicutes,Clostridia,Oscillospirales,Ruminococcaceae,Incertae_Sedis,None,0.006815968841285297
Bacteria,Firmicutes,Clostridia,Lachnospirales,Lachnospiraceae,Lachnospiraceae_UCG-008,metagenome,Bacteria,Firmicutes,Clostridia,Oscillospirales,Ruminococcaceae,Negativibacillus,None,0.006815968841285297
Bacteria,Firmicutes,Clostridia,Lachnospirales,Lachnospiraceae,Lachnospiraceae_UCG-008,metagenome,Bacteria,Firmicutes,Clostridia,Oscillospirales,Ruminococcaceae,Ruminococcus,Ruminococcus_champanellensis,0.007789678675754625
Bacteria,Firmicutes,Clostridia,Lachnospirales,Lachnospiraceae,Lachnospiraceae_UCG-008,metagenome,Bacteria,Firmicutes,Clostridia,Oscillospirales,Ruminococcaceae,Ruminococcus,None,0.006815968841285297
Bacteria,Firmicutes,Clostridia,Lachnospirales,Lachnospiraceae,Lachnospiraceae_UCG-008,metagenome,Bacteria,Firmicutes,Clostridia,Oscillospirales,Ruminococcaceae,Subdoligranulum,None,0.006815968841285297
Bacteria,Firmicutes,Clostridia,Lachnospirales,Lachnospiraceae,Lachnospiraceae_UCG-008,metagenome,Bacteria,Firmicutes,Clostridia,Oscillospirales,Ruminococcaceae,UBA1819,None,0.006815968841285297
Bacteria,Firmicutes,Clostridia,Lachnospirales,Lachnospiraceae,Lachnospiraceae_UCG-008,metagenome,Bacteria,Firmicutes,Clostridia,Oscillospirales,Ruminococcaceae,Eubacterium_siraeum_group,None,0.006815968841285297
Bacteria,Firmicutes,Clostridia,Lachnospirales,Lachnospiraceae,Lachnospiraceae_UCG-008,metagenome,Bacteria,Firmicutes,Clostridia,Oscillospirales,Ruminococcaceae,None,None,0.005842259006815969
Bacteria,Firmicutes,Clostridia,Lachnospirales,Lachnospiraceae,Lachnospiraceae_UCG-008,metagenome,Bacteria,Firmicutes,Clostridia,Oscillospirales,UCG-010,None,None,0.005842259006815969
Bacteria,Firmicutes,Clostridia,Lachnospirales,Lachnospiraceae,Lachnospiraceae_UCG-008,metagenome,Bacteria,Firmicutes,Clostridia,Oscillospirales,UCG-010,metagenome,None,0.006815968841285297
Bacteria,Firmicutes,Clostridia,Lachnospirales,Lachnospiraceae,Lachnospiraceae_UCG-008,metagenome,Bacteria,Firmicutes,Clostridia,Oscillospirales,UCG-010,uncultured_bacterium,None,0.006815968841285297
Bacteria,Firmicutes,Clostridia,Lachnospirales,Lachnospiraceae,Lachnospiraceae_UCG-008,metagenome,Bacteria,Firmicutes,Clostridia,Oscillospirales,UCG-010,uncultured_organism,None,0.006815968841285297
Bacteria,Firmicutes,Clostridia,Lachnospirales,Lachnospiraceae,Lachnospiraceae_UCG-008,metagenome,Bacteria,Firmicutes,Clostridia,Oscillospirales,Clostridium_methylpentosum_group,None,None,0.005842259006815969
Bacteria,Firmicutes,Clostridia,Lachnospirales,Lachnospiraceae,Lachnospiraceae_UCG-008,metagenome,Bacteria,Firmicutes,Clostridia,Oscillospirales,Eubacterium_coprostanoligenes_group,None,None,0.005842259006815969
Bacteria,Firmicutes,Clostridia,Lachnospirales,Lachnospiraceae,Lachnospiraceae_UCG-008,metagenome,Bacteria,Firmicutes,Clostridia,Oscillospirales,None,None,None,0.004868549172346641
Bacteria,Firmicutes,Clostridia,Lachnospirales,Lachnospiraceae,Lachnospiraceae_UCG-008,metagenome,Bacteria,Firmicutes,Clostridia,Peptococcales,Peptococcaceae,uncultured,None,0.006815968841285297
Bacteria,Firmicutes,Clostridia,Lachnospirales,Lachnospiraceae,Lachnospiraceae_UCG-008,metagenome,Bacteria,Firmicutes,Clostridia,Peptostreptococcales-Tissierellales,Anaerovoracaceae,Family_XIII_AD3011_group,metagenome,0.007789678675754625
Bacteria,Firmicutes,Clostridia,Lachnospirales,Lachnospiraceae,Lachnospiraceae_UCG-008,metagenome,Bacteria,Firmicutes,Clostridia,Peptostreptococcales-Tissierellales,Anaerovoracaceae,Family_XIII_AD3011_group,None,0.006815968841285297
Bacteria,Firmicutes,Clostridia,Lachnospirales,Lachnospiraceae,Lachnospiraceae_UCG-008,metagenome,Bacteria,Firmicutes,Clostridia,Peptostreptococcales-Tissierellales,Anaerovoracaceae,Family_XIII_AD3011_group,uncultured,0.007789678675754625
Bacteria,Firmicutes,Clostridia,Lachnospirales,Lachnospiraceae,Lachnospiraceae_UCG-008,metagenome,Bacteria,Firmicutes,Clostridia,Peptostreptococcales-Tissierellales,Anaerovoracaceae,Family_XIII_UCG-001,metagenome,0.007789678675754625
Bacteria,Firmicutes,Clostridia,Lachnospirales,Lachnospiraceae,Lachnospiraceae_UCG-008,metagenome,Bacteria,Firmicutes,Clostridia,Peptostreptococcales-Tissierellales,Anaerovoracaceae,Eubacterium_nodatum_group,None,0.006815968841285297
Bacteria,Firmicutes,Clostridia,Lachnospirales,Lachnospiraceae,Lachnospiraceae_UCG-008,metagenome,Bacteria,Firmicutes,Clostridia,Peptostreptococcales-Tissierellales,Anaerovoracaceae,None,None,0.005842259006815969
Bacteria,Firmicutes,Clostridia,Lachnospirales,Lachnospiraceae,Lachnospiraceae_UCG-008,metagenome,Bacteria,Firmicutes,Clostridia,Peptostreptococcales-Tissierellales,Parvimonas,None,None,0.005842259006815969
Bacteria,Firmicutes,Clostridia,Lachnospirales,Lachnospiraceae,Lachnospiraceae_UCG-008,metagenome,Bacteria,Firmicutes,Clostridia,None,None,None,None,0.0038948393378773127
Bacteria,Firmicutes,Clostridia,Lachnospirales,Lachnospiraceae,Lachnospiraceae_UCG-008,metagenome,Bacteria,Firmicutes,Incertae_Sedis,DTU014,unidentified,None,None,0.007789678675754625
Bacteria,Firmicutes,Clostridia,Lachnospirales,Lachnospiraceae,Lachnospiraceae_UCG-008,metagenome,Bacteria,Firmicutes,Limnochordia,M55-D21,uncultured_compost_bacterium,None,None,0.007789678675754625
Bacteria,Firmicutes,Clostridia,Lachnospirales,Lachnospiraceae,Lachnospiraceae_UCG-008,metagenome,Bacteria,Firmicutes,Negativicutes,Acidaminococcales,Acidaminococcaceae,Phascolarctobacterium,None,0.008763388510223954
Bacteria,Firmicutes,Clostridia,Lachnospirales,Lachnospiraceae,Lachnospiraceae_UCG-008,metagenome,Bacteria,Firmicutes,None,None,None,None,None,0.004868549172346641
Bacteria,Firmicutes,Clostridia,Lachnospirales,Lachnospiraceae,Lachnospiraceae_UCG-008,metagenome,Bacteria,Firmicutes,uncultured,uncultured_Peptococcaceae_bacterium,None,None,None,0.006815968841285297
Bacteria,Firmicutes,Clostridia,Lachnospirales,Lachnospiraceae,Lachnospiraceae_UCG-008,metagenome,Bacteria,Proteobacteria,Alphaproteobacteria,Rhodospirillales,uncultured,None,None,0.009737098344693282
Bacteria,Firmicutes,Clostridia,Lachnospirales,Lachnospiraceae,Lachnospiraceae_UCG-008,metagenome,Bacteria,Proteobacteria,Gammaproteobacteria,Burkholderiales,Sutterellaceae,Sutterella,Sutterella_sp._252,0.011684518013631937
Bacteria,Firmicutes,Clostridia,Lachnospirales,Lachnospiraceae,Lachnospiraceae_UCG-008,metagenome,Bacteria,Proteobacteria,Gammaproteobacteria,Enterobacterales,Enterobacteriaceae,Escherichia-Shigella,None,0.010710808179162609
Bacteria,Firmicutes,Clostridia,Lachnospirales,Lachnospiraceae,Lachnospiraceae_UCG-008,metagenome,Bacteria,Proteobacteria,Gammaproteobacteria,Enterobacterales,Enterobacteriaceae,Klebsiella,None,0.010710808179162609
Bacteria,Firmicutes,Clostridia,Lachnospirales,Lachnospiraceae,Lachnospiraceae_UCG-008,metagenome,Bacteria,Proteobacteria,Gammaproteobacteria,Enterobacterales,Enterobacteriaceae,None,None,0.009737098344693282
Bacteria,Firmicutes,Clostridia,Lachnospirales,Lachnospiraceae,Lachnospiraceae_UCG-008,metagenome,Bacteria,Proteobacteria,Gammaproteobacteria,Pseudomonadales,Pseudomonadaceae,Pseudomonas,None,0.010710808179162609
Bacteria,Firmicutes,Clostridia,Lachnospirales,Lachnospiraceae,Lachnospiraceae_UCG-008,metagenome,Bacteria,Synergistota,Synergistia,Synergistales,Synergistaceae,Cloacibacillus,None,0.010710808179162609
Bacteria,Firmicutes,Clostridia,Lachnospirales,Lachnospiraceae,Lachnospiraceae_UCG-008,metagenome,Bacteria,Verrucomicrobiota,Verrucomicrobiae,Verrucomicrobiales,Akkermansiaceae,Akkermansia,None,0.010710808179162609
Bacteria,Firmicutes,Clostridia,Lachnospirales,Lachnospiraceae,Lachnospiraceae_UCG-010,None,Bacteria,Firmicutes,Clostridia,Lachnospirales,Lachnospiraceae,Marvinbryantia,None,0.0019474196689386564
Bacteria,Firmicutes,Clostridia,Lachnospirales,Lachnospiraceae,Lachnospiraceae_UCG-010,None,Bacteria,Firmicutes,Clostridia,Lachnospirales,Lachnospiraceae,Marvinbryantia,unidentified,0.0029211295034079843
Bacteria,Firmicutes,Clostridia,Lachnospirales,Lachnospiraceae,Lachnospiraceae_UCG-010,None,Bacteria,Firmicutes,Clostridia,Lachnospirales,Lachnospiraceae,Roseburia,None,0.0019474196689386564
Bacteria,Firmicutes,Clostridia,Lachnospirales,Lachnospiraceae,Lachnospiraceae_UCG-010,None,Bacteria,Firmicutes,Clostridia,Lachnospirales,Lachnospiraceae,Roseburia,gut_metagenome,0.0029211295034079843
Bacteria,Firmicutes,Clostridia,Lachnospirales,Lachnospiraceae,Lachnospiraceae_UCG-010,None,Bacteria,Firmicutes,Clostridia,Lachnospirales,Lachnospiraceae,Tuzzerella,None,0.0019474196689386564
Bacteria,Firmicutes,Clostridia,Lachnospirales,Lachnospiraceae,Lachnospiraceae_UCG-010,None,Bacteria,Firmicutes,Clostridia,Lachnospirales,Lachnospiraceae,Tyzzerella,None,0.0019474196689386564
Bacteria,Firmicutes,Clostridia,Lachnospirales,Lachnospiraceae,Lachnospiraceae_UCG-010,None,Bacteria,Firmicutes,Clostridia,Lachnospirales,Lachnospiraceae,Eubacterium_hallii_group,None,0.0019474196689386564
Bacteria,Firmicutes,Clostridia,Lachnospirales,Lachnospiraceae,Lachnospiraceae_UCG-010,None,Bacteria,Firmicutes,Clostridia,Lachnospirales,Lachnospiraceae,Eubacterium_ventriosum_group,metagenome,0.0029211295034079843
Bacteria,Firmicutes,Clostridia,Lachnospirales,Lachnospiraceae,Lachnospiraceae_UCG-010,None,Bacteria,Firmicutes,Clostridia,Lachnospirales,Lachnospiraceae,Ruminococcus_gauvreauii_group,uncultured_Lachnospiraceae_bacterium,0.0029211295034079843
Bacteria,Firmicutes,Clostridia,Lachnospirales,Lachnospiraceae,Lachnospiraceae_UCG-010,None,Bacteria,Firmicutes,Clostridia,Lachnospirales,Lachnospiraceae,Ruminococcus_gnavus_group,None,0.0019474196689386564
Bacteria,Firmicutes,Clostridia,Lachnospirales,Lachnospiraceae,Lachnospiraceae_UCG-010,None,Bacteria,Firmicutes,Clostridia,Lachnospirales,Lachnospiraceae,Ruminococcus_torques_group,Clostridiaceae_bacterium_LEMV78,0.0029211295034079843
Bacteria,Firmicutes,Clostridia,Lachnospirales,Lachnospiraceae,Lachnospiraceae_UCG-010,None,Bacteria,Firmicutes,Clostridia,Lachnospirales,Lachnospiraceae,Ruminococcus_torques_group,None,0.0019474196689386564
Bacteria,Firmicutes,Clostridia,Lachnospirales,Lachnospiraceae,Lachnospiraceae_UCG-010,None,Bacteria,Firmicutes,Clostridia,Lachnospirales,Lachnospiraceae,None,None,0.0019474196689386564
Bacteria,Firmicutes,Clostridia,Lachnospirales,Lachnospiraceae,Lachnospiraceae_UCG-010,None,Bacteria,Firmicutes,Clostridia,Lachnospirales,Lachnospiraceae,uncultured,None,0.0019474196689386564
Bacteria,Firmicutes,Clostridia,Lachnospirales,Lachnospiraceae,Lachnospiraceae_UCG-010,None,Bacteria,Firmicutes,Clostridia,Monoglobales,Monoglobaceae,Monoglobus,None,0.005842259006815969
Bacteria,Firmicutes,Clostridia,Lachnospirales,Lachnospiraceae,Lachnospiraceae_UCG-010,None,Bacteria,Firmicutes,Clostridia,Oscillospirales,Butyricicoccaceae,Butyricicoccus,None,0.005842259006815969
Bacteria,Firmicutes,Clostridia,Lachnospirales,Lachnospiraceae,Lachnospiraceae_UCG-010,None,Bacteria,Firmicutes,Clostridia,Oscillospirales,Hydrogenoanaerobacterium,None,None,0.004868549172346641
Bacteria,Firmicutes,Clostridia,Lachnospirales,Lachnospiraceae,Lachnospiraceae_UCG-010,None,Bacteria,Firmicutes,Clostridia,Oscillospirales,Oscillospiraceae,Colidextribacter,None,0.005842259006815969
Bacteria,Firmicutes,Clostridia,Lachnospirales,Lachnospiraceae,Lachnospiraceae_UCG-010,None,Bacteria,Firmicutes,Clostridia,Oscillospirales,Oscillospiraceae,Colidextribacter,metagenome,0.006815968841285297
Bacteria,Firmicutes,Clostridia,Lachnospirales,Lachnospiraceae,Lachnospiraceae_UCG-010,None,Bacteria,Firmicutes,Clostridia,Oscillospirales,Oscillospiraceae,Flavonifractor,None,0.005842259006815969
Bacteria,Firmicutes,Clostridia,Lachnospirales,Lachnospiraceae,Lachnospiraceae_UCG-010,None,Bacteria,Firmicutes,Clostridia,Oscillospirales,Oscillospiraceae,Intestinimonas,None,0.005842259006815969
Bacteria,Firmicutes,Clostridia,Lachnospirales,Lachnospiraceae,Lachnospiraceae_UCG-010,None,Bacteria,Firmicutes,Clostridia,Oscillospirales,Oscillospiraceae,Intestinimonas,uncultured,0.006815968841285297
Bacteria,Firmicutes,Clostridia,Lachnospirales,Lachnospiraceae,Lachnospiraceae_UCG-010,None,Bacteria,Firmicutes,Clostridia,Oscillospirales,Oscillospiraceae,NK4A214_group,None,0.005842259006815969
Bacteria,Firmicutes,Clostridia,Lachnospirales,Lachnospiraceae,Lachnospiraceae_UCG-010,None,Bacteria,Firmicutes,Clostridia,Oscillospirales,Oscillospiraceae,Oscillibacter,None,0.005842259006815969
Bacteria,Firmicutes,Clostridia,Lachnospirales,Lachnospiraceae,Lachnospiraceae_UCG-010,None,Bacteria,Firmicutes,Clostridia,Oscillospirales,Oscillospiraceae,Oscillibacter,metagenome,0.006815968841285297
Bacteria,Firmicutes,Clostridia,Lachnospirales,Lachnospiraceae,Lachnospiraceae_UCG-010,None,Bacteria,Firmicutes,Clostridia,Oscillospirales,Oscillospiraceae,Oscillospira,None,0.005842259006815969
Bacteria,Firmicutes,Clostridia,Lachnospirales,Lachnospiraceae,Lachnospiraceae_UCG-010,None,Bacteria,Firmicutes,Clostridia,Oscillospirales,Oscillospiraceae,UCG-002,None,0.005842259006815969
Bacteria,Firmicutes,Clostridia,Lachnospirales,Lachnospiraceae,Lachnospiraceae_UCG-010,None,Bacteria,Firmicutes,Clostridia,Oscillospirales,Oscillospiraceae,UCG-003,None,0.005842259006815969
Bacteria,Firmicutes,Clostridia,Lachnospirales,Lachnospiraceae,Lachnospiraceae_UCG-010,None,Bacteria,Firmicutes,Clostridia,Oscillospirales,Oscillospiraceae,UCG-005,None,0.005842259006815969
Bacteria,Firmicutes,Clostridia,Lachnospirales,Lachnospiraceae,Lachnospiraceae_UCG-010,None,Bacteria,Firmicutes,Clostridia,Oscillospirales,Oscillospiraceae,UCG-005,metagenome,0.006815968841285297
Bacteria,Firmicutes,Clostridia,Lachnospirales,Lachnospiraceae,Lachnospiraceae_UCG-010,None,Bacteria,Firmicutes,Clostridia,Oscillospirales,Oscillospiraceae,UCG-005,uncultured_Clostridiales_bacterium,0.006815968841285297
Bacteria,Firmicutes,Clostridia,Lachnospirales,Lachnospiraceae,Lachnospiraceae_UCG-010,None,Bacteria,Firmicutes,Clostridia,Oscillospirales,Oscillospiraceae,UCG-005,uncultured_rumen_bacterium,0.006815968841285297
Bacteria,Firmicutes,Clostridia,Lachnospirales,Lachnospiraceae,Lachnospiraceae_UCG-010,None,Bacteria,Firmicutes,Clostridia,Oscillospirales,Oscillospiraceae,None,None,0.004868549172346641
Bacteria,Firmicutes,Clostridia,Lachnospirales,Lachnospiraceae,Lachnospiraceae_UCG-010,None,Bacteria,Firmicutes,Clostridia,Oscillospirales,Oscillospiraceae,uncultured,metagenome,0.006815968841285297
Bacteria,Firmicutes,Clostridia,Lachnospirales,Lachnospiraceae,Lachnospiraceae_UCG-010,None,Bacteria,Firmicutes,Clostridia,Oscillospirales,Oscillospiraceae,uncultured,unidentified,0.006815968841285297
Bacteria,Firmicutes,Clostridia,Lachnospirales,Lachnospiraceae,Lachnospiraceae_UCG-010,None,Bacteria,Firmicutes,Clostridia,Oscillospirales,Ruminococcaceae,Anaerofilum,uncultured_Firmicutes_bacterium,0.006815968841285297
Bacteria,Firmicutes,Clostridia,Lachnospirales,Lachnospiraceae,Lachnospiraceae_UCG-010,None,Bacteria,Firmicutes,Clostridia,Oscillospirales,Ruminococcaceae,Anaerotruncus,Anaerotruncus_rubiinfantis,0.006815968841285297
Bacteria,Firmicutes,Clostridia,Lachnospirales,Lachnospiraceae,Lachnospiraceae_UCG-010,None,Bacteria,Firmicutes,Clostridia,Oscillospirales,Ruminococcaceae,Anaerotruncus,Anaerotruncus_sp._NML_070203,0.006815968841285297
Bacteria,Firmicutes,Clostridia,Lachnospirales,Lachnospiraceae,Lachnospiraceae_UCG-010,None,Bacteria,Firmicutes,Clostridia,Oscillospirales,Ruminococcaceae,Candidatus_Soleaferrea,Neobitarella_massiliensis,0.006815968841285297
Bacteria,Firmicutes,Clostridia,Lachnospirales,Lachnospiraceae,Lachnospiraceae_UCG-010,None,Bacteria,Firmicutes,Clostridia,Oscillospirales,Ruminococcaceae,Candidatus_Soleaferrea,None,0.005842259006815969
Bacteria,Firmicutes,Clostridia,Lachnospirales,Lachnospiraceae,Lachnospiraceae_UCG-010,None,Bacteria,Firmicutes,Clostridia,Oscillospirales,Ruminococcaceae,DTU089,None,0.005842259006815969
Bacteria,Firmicutes,Clostridia,Lachnospirales,Lachnospiraceae,Lachnospiraceae_UCG-010,None,Bacteria,Firmicutes,Clostridia,Oscillospirales,Ruminococcaceae,Faecalibacterium,None,0.005842259006815969
Bacteria,Firmicutes,Clostridia,Lachnospirales,Lachnospiraceae,Lachnospiraceae_UCG-010,None,Bacteria,Firmicutes,Clostridia,Oscillospirales,Ruminococcaceae,Fournierella,uncultured_organism,0.006815968841285297
Bacteria,Firmicutes,Clostridia,Lachnospirales,Lachnospiraceae,Lachnospiraceae_UCG-010,None,Bacteria,Firmicutes,Clostridia,Oscillospirales,Ruminococcaceae,Incertae_Sedis,metagenome,0.006815968841285297
Bacteria,Firmicutes,Clostridia,Lachnospirales,Lachnospiraceae,Lachnospiraceae_UCG-010,None,Bacteria,Firmicutes,Clostridia,Oscillospirales,Ruminococcaceae,Incertae_Sedis,None,0.005842259006815969
Bacteria,Firmicutes,Clostridia,Lachnospirales,Lachnospiraceae,Lachnospiraceae_UCG-010,None,Bacteria,Firmicutes,Clostridia,Oscillospirales,Ruminococcaceae,Negativibacillus,None,0.005842259006815969
Bacteria,Firmicutes,Clostridia,Lachnospirales,Lachnospiraceae,Lachnospiraceae_UCG-010,None,Bacteria,Firmicutes,Clostridia,Oscillospirales,Ruminococcaceae,Ruminococcus,Ruminococcus_champanellensis,0.006815968841285297
Bacteria,Firmicutes,Clostridia,Lachnospirales,Lachnospiraceae,Lachnospiraceae_UCG-010,None,Bacteria,Firmicutes,Clostridia,Oscillospirales,Ruminococcaceae,Ruminococcus,None,0.005842259006815969
Bacteria,Firmicutes,Clostridia,Lachnospirales,Lachnospiraceae,Lachnospiraceae_UCG-010,None,Bacteria,Firmicutes,Clostridia,Oscillospirales,Ruminococcaceae,Subdoligranulum,None,0.005842259006815969
Bacteria,Firmicutes,Clostridia,Lachnospirales,Lachnospiraceae,Lachnospiraceae_UCG-010,None,Bacteria,Firmicutes,Clostridia,Oscillospirales,Ruminococcaceae,UBA1819,None,0.005842259006815969
Bacteria,Firmicutes,Clostridia,Lachnospirales,Lachnospiraceae,Lachnospiraceae_UCG-010,None,Bacteria,Firmicutes,Clostridia,Oscillospirales,Ruminococcaceae,Eubacterium_siraeum_group,None,0.005842259006815969
Bacteria,Firmicutes,Clostridia,Lachnospirales,Lachnospiraceae,Lachnospiraceae_UCG-010,None,Bacteria,Firmicutes,Clostridia,Oscillospirales,Ruminococcaceae,None,None,0.004868549172346641
Bacteria,Firmicutes,Clostridia,Lachnospirales,Lachnospiraceae,Lachnospiraceae_UCG-010,None,Bacteria,Firmicutes,Clostridia,Oscillospirales,UCG-010,None,None,0.004868549172346641
Bacteria,Firmicutes,Clostridia,Lachnospirales,Lachnospiraceae,Lachnospiraceae_UCG-010,None,Bacteria,Firmicutes,Clostridia,Oscillospirales,UCG-010,metagenome,None,0.005842259006815969
Bacteria,Firmicutes,Clostridia,Lachnospirales,Lachnospiraceae,Lachnospiraceae_UCG-010,None,Bacteria,Firmicutes,Clostridia,Oscillospirales,UCG-010,uncultured_bacterium,None,0.005842259006815969
Bacteria,Firmicutes,Clostridia,Lachnospirales,Lachnospiraceae,Lachnospiraceae_UCG-010,None,Bacteria,Firmicutes,Clostridia,Oscillospirales,UCG-010,uncultured_organism,None,0.005842259006815969
Bacteria,Firmicutes,Clostridia,Lachnospirales,Lachnospiraceae,Lachnospiraceae_UCG-010,None,Bacteria,Firmicutes,Clostridia,Oscillospirales,Clostridium_methylpentosum_group,None,None,0.004868549172346641
Bacteria,Firmicutes,Clostridia,Lachnospirales,Lachnospiraceae,Lachnospiraceae_UCG-010,None,Bacteria,Firmicutes,Clostridia,Oscillospirales,Eubacterium_coprostanoligenes_group,None,None,0.004868549172346641
Bacteria,Firmicutes,Clostridia,Lachnospirales,Lachnospiraceae,Lachnospiraceae_UCG-010,None,Bacteria,Firmicutes,Clostridia,Oscillospirales,None,None,None,0.0038948393378773127
Bacteria,Firmicutes,Clostridia,Lachnospirales,Lachnospiraceae,Lachnospiraceae_UCG-010,None,Bacteria,Firmicutes,Clostridia,Peptococcales,Peptococcaceae,uncultured,None,0.005842259006815969
Bacteria,Firmicutes,Clostridia,Lachnospirales,Lachnospiraceae,Lachnospiraceae_UCG-010,None,Bacteria,Firmicutes,Clostridia,Peptostreptococcales-Tissierellales,Anaerovoracaceae,Family_XIII_AD3011_group,metagenome,0.006815968841285297
Bacteria,Firmicutes,Clostridia,Lachnospirales,Lachnospiraceae,Lachnospiraceae_UCG-010,None,Bacteria,Firmicutes,Clostridia,Peptostreptococcales-Tissierellales,Anaerovoracaceae,Family_XIII_AD3011_group,None,0.005842259006815969
Bacteria,Firmicutes,Clostridia,Lachnospirales,Lachnospiraceae,Lachnospiraceae_UCG-010,None,Bacteria,Firmicutes,Clostridia,Peptostreptococcales-Tissierellales,Anaerovoracaceae,Family_XIII_AD3011_group,uncultured,0.006815968841285297
Bacteria,Firmicutes,Clostridia,Lachnospirales,Lachnospiraceae,Lachnospiraceae_UCG-010,None,Bacteria,Firmicutes,Clostridia,Peptostreptococcales-Tissierellales,Anaerovoracaceae,Family_XIII_UCG-001,metagenome,0.006815968841285297
Bacteria,Firmicutes,Clostridia,Lachnospirales,Lachnospiraceae,Lachnospiraceae_UCG-010,None,Bacteria,Firmicutes,Clostridia,Peptostreptococcales-Tissierellales,Anaerovoracaceae,Eubacterium_nodatum_group,None,0.005842259006815969
Bacteria,Firmicutes,Clostridia,Lachnospirales,Lachnospiraceae,Lachnospiraceae_UCG-010,None,Bacteria,Firmicutes,Clostridia,Peptostreptococcales-Tissierellales,Anaerovoracaceae,None,None,0.004868549172346641
Bacteria,Firmicutes,Clostridia,Lachnospirales,Lachnospiraceae,Lachnospiraceae_UCG-010,None,Bacteria,Firmicutes,Clostridia,Peptostreptococcales-Tissierellales,Parvimonas,None,None,0.004868549172346641
Bacteria,Firmicutes,Clostridia,Lachnospirales,Lachnospiraceae,Lachnospiraceae_UCG-010,None,Bacteria,Firmicutes,Clostridia,None,None,None,None,0.0029211295034079843
Bacteria,Firmicutes,Clostridia,Lachnospirales,Lachnospiraceae,Lachnospiraceae_UCG-010,None,Bacteria,Firmicutes,Incertae_Sedis,DTU014,unidentified,None,None,0.006815968841285297
Bacteria,Firmicutes,Clostridia,Lachnospirales,Lachnospiraceae,Lachnospiraceae_UCG-010,None,Bacteria,Firmicutes,Limnochordia,M55-D21,uncultured_compost_bacterium,None,None,0.006815968841285297
Bacteria,Firmicutes,Clostridia,Lachnospirales,Lachnospiraceae,Lachnospiraceae_UCG-010,None,Bacteria,Firmicutes,Negativicutes,Acidaminococcales,Acidaminococcaceae,Phascolarctobacterium,None,0.007789678675754625
Bacteria,Firmicutes,Clostridia,Lachnospirales,Lachnospiraceae,Lachnospiraceae_UCG-010,None,Bacteria,Firmicutes,None,None,None,None,None,0.0038948393378773127
Bacteria,Firmicutes,Clostridia,Lachnospirales,Lachnospiraceae,Lachnospiraceae_UCG-010,None,Bacteria,Firmicutes,uncultured,uncultured_Peptococcaceae_bacterium,None,None,None,0.005842259006815969
Bacteria,Firmicutes,Clostridia,Lachnospirales,Lachnospiraceae,Lachnospiraceae_UCG-010,None,Bacteria,Proteobacteria,Alphaproteobacteria,Rhodospirillales,uncultured,None,None,0.008763388510223954
Bacteria,Firmicutes,Clostridia,Lachnospirales,Lachnospiraceae,Lachnospiraceae_UCG-010,None,Bacteria,Proteobacteria,Gammaproteobacteria,Burkholderiales,Sutterellaceae,Sutterella,Sutterella_sp._252,0.010710808179162609
Bacteria,Firmicutes,Clostridia,Lachnospirales,Lachnospiraceae,Lachnospiraceae_UCG-010,None,Bacteria,Proteobacteria,Gammaproteobacteria,Enterobacterales,Enterobacteriaceae,Escherichia-Shigella,None,0.009737098344693282
Bacteria,Firmicutes,Clostridia,Lachnospirales,Lachnospiraceae,Lachnospiraceae_UCG-010,None,Bacteria,Proteobacteria,Gammaproteobacteria,Enterobacterales,Enterobacteriaceae,Klebsiella,None,0.009737098344693282
Bacteria,Firmicutes,Clostridia,Lachnospirales,Lachnospiraceae,Lachnospiraceae_UCG-010,None,Bacteria,Proteobacteria,Gammaproteobacteria,Enterobacterales,Enterobacteriaceae,None,None,0.008763388510223954
Bacteria,Firmicutes,Clostridia,Lachnospirales,Lachnospiraceae,Lachnospiraceae_UCG-010,None,Bacteria,Proteobacteria,Gammaproteobacteria,Pseudomonadales,Pseudomonadaceae,Pseudomonas,None,0.009737098344693282
Bacteria,Firmicutes,Clostridia,Lachnospirales,Lachnospiraceae,Lachnospiraceae_UCG-010,None,Bacteria,Synergistota,Synergistia,Synergistales,Synergistaceae,Cloacibacillus,None,0.009737098344693282
Bacteria,Firmicutes,Clostridia,Lachnospirales,Lachnospiraceae,Lachnospiraceae_UCG-010,None,Bacteria,Verrucomicrobiota,Verrucomicrobiae,Verrucomicrobiales,Akkermansiaceae,Akkermansia,None,0.009737098344693282
Bacteria,Firmicutes,Clostridia,Lachnospirales,Lachnospiraceae,Marvinbryantia,None,Bacteria,Firmicutes,Clostridia,Lachnospirales,Lachnospiraceae,Marvinbryantia,unidentified,0.0009737098344693282
Bacteria,Firmicutes,Clostridia,Lachnospirales,Lachnospiraceae,Marvinbryantia,None,Bacteria,Firmicutes,Clostridia,Lachnospirales,Lachnospiraceae,Roseburia,None,0.0019474196689386564
Bacteria,Firmicutes,Clostridia,Lachnospirales,Lachnospiraceae,Marvinbryantia,None,Bacteria,Firmicutes,Clostridia,Lachnospirales,Lachnospiraceae,Roseburia,gut_metagenome,0.0029211295034079843
Bacteria,Firmicutes,Clostridia,Lachnospirales,Lachnospiraceae,Marvinbryantia,None,Bacteria,Firmicutes,Clostridia,Lachnospirales,Lachnospiraceae,Tuzzerella,None,0.0019474196689386564
Bacteria,Firmicutes,Clostridia,Lachnospirales,Lachnospiraceae,Marvinbryantia,None,Bacteria,Firmicutes,Clostridia,Lachnospirales,Lachnospiraceae,Tyzzerella,None,0.0019474196689386564
Bacteria,Firmicutes,Clostridia,Lachnospirales,Lachnospiraceae,Marvinbryantia,None,Bacteria,Firmicutes,Clostridia,Lachnospirales,Lachnospiraceae,Eubacterium_hallii_group,None,0.0019474196689386564
Bacteria,Firmicutes,Clostridia,Lachnospirales,Lachnospiraceae,Marvinbryantia,None,Bacteria,Firmicutes,Clostridia,Lachnospirales,Lachnospiraceae,Eubacterium_ventriosum_group,metagenome,0.0029211295034079843
Bacteria,Firmicutes,Clostridia,Lachnospirales,Lachnospiraceae,Marvinbryantia,None,Bacteria,Firmicutes,Clostridia,Lachnospirales,Lachnospiraceae,Ruminococcus_gauvreauii_group,uncultured_Lachnospiraceae_bacterium,0.0029211295034079843
Bacteria,Firmicutes,Clostridia,Lachnospirales,Lachnospiraceae,Marvinbryantia,None,Bacteria,Firmicutes,Clostridia,Lachnospirales,Lachnospiraceae,Ruminococcus_gnavus_group,None,0.0019474196689386564
Bacteria,Firmicutes,Clostridia,Lachnospirales,Lachnospiraceae,Marvinbryantia,None,Bacteria,Firmicutes,Clostridia,Lachnospirales,Lachnospiraceae,Ruminococcus_torques_group,Clostridiaceae_bacterium_LEMV78,0.0029211295034079843
Bacteria,Firmicutes,Clostridia,Lachnospirales,Lachnospiraceae,Marvinbryantia,None,Bacteria,Firmicutes,Clostridia,Lachnospirales,Lachnospiraceae,Ruminococcus_torques_group,None,0.0019474196689386564
Bacteria,Firmicutes,Clostridia,Lachnospirales,Lachnospiraceae,Marvinbryantia,None,Bacteria,Firmicutes,Clostridia,Lachnospirales,Lachnospiraceae,None,None,0.0019474196689386564
Bacteria,Firmicutes,Clostridia,Lachnospirales,Lachnospiraceae,Marvinbryantia,None,Bacteria,Firmicutes,Clostridia,Lachnospirales,Lachnospiraceae,uncultured,None,0.0019474196689386564
Bacteria,Firmicutes,Clostridia,Lachnospirales,Lachnospiraceae,Marvinbryantia,None,Bacteria,Firmicutes,Clostridia,Monoglobales,Monoglobaceae,Monoglobus,None,0.005842259006815969
Bacteria,Firmicutes,Clostridia,Lachnospirales,Lachnospiraceae,Marvinbryantia,None,Bacteria,Firmicutes,Clostridia,Oscillospirales,Butyricicoccaceae,Butyricicoccus,None,0.005842259006815969
Bacteria,Firmicutes,Clostridia,Lachnospirales,Lachnospiraceae,Marvinbryantia,None,Bacteria,Firmicutes,Clostridia,Oscillospirales,Hydrogenoanaerobacterium,None,None,0.004868549172346641
Bacteria,Firmicutes,Clostridia,Lachnospirales,Lachnospiraceae,Marvinbryantia,None,Bacteria,Firmicutes,Clostridia,Oscillospirales,Oscillospiraceae,Colidextribacter,None,0.005842259006815969
Bacteria,Firmicutes,Clostridia,Lachnospirales,Lachnospiraceae,Marvinbryantia,None,Bacteria,Firmicutes,Clostridia,Oscillospirales,Oscillospiraceae,Colidextribacter,metagenome,0.006815968841285297
Bacteria,Firmicutes,Clostridia,Lachnospirales,Lachnospiraceae,Marvinbryantia,None,Bacteria,Firmicutes,Clostridia,Oscillospirales,Oscillospiraceae,Flavonifractor,None,0.005842259006815969
Bacteria,Firmicutes,Clostridia,Lachnospirales,Lachnospiraceae,Marvinbryantia,None,Bacteria,Firmicutes,Clostridia,Oscillospirales,Oscillospiraceae,Intestinimonas,None,0.005842259006815969
Bacteria,Firmicutes,Clostridia,Lachnospirales,Lachnospiraceae,Marvinbryantia,None,Bacteria,Firmicutes,Clostridia,Oscillospirales,Oscillospiraceae,Intestinimonas,uncultured,0.006815968841285297
Bacteria,Firmicutes,Clostridia,Lachnospirales,Lachnospiraceae,Marvinbryantia,None,Bacteria,Firmicutes,Clostridia,Oscillospirales,Oscillospiraceae,NK4A214_group,None,0.005842259006815969
Bacteria,Firmicutes,Clostridia,Lachnospirales,Lachnospiraceae,Marvinbryantia,None,Bacteria,Firmicutes,Clostridia,Oscillospirales,Oscillospiraceae,Oscillibacter,None,0.005842259006815969
Bacteria,Firmicutes,Clostridia,Lachnospirales,Lachnospiraceae,Marvinbryantia,None,Bacteria,Firmicutes,Clostridia,Oscillospirales,Oscillospiraceae,Oscillibacter,metagenome,0.006815968841285297
Bacteria,Firmicutes,Clostridia,Lachnospirales,Lachnospiraceae,Marvinbryantia,None,Bacteria,Firmicutes,Clostridia,Oscillospirales,Oscillospiraceae,Oscillospira,None,0.005842259006815969
Bacteria,Firmicutes,Clostridia,Lachnospirales,Lachnospiraceae,Marvinbryantia,None,Bacteria,Firmicutes,Clostridia,Oscillospirales,Oscillospiraceae,UCG-002,None,0.005842259006815969
Bacteria,Firmicutes,Clostridia,Lachnospirales,Lachnospiraceae,Marvinbryantia,None,Bacteria,Firmicutes,Clostridia,Oscillospirales,Oscillospiraceae,UCG-003,None,0.005842259006815969
Bacteria,Firmicutes,Clostridia,Lachnospirales,Lachnospiraceae,Marvinbryantia,None,Bacteria,Firmicutes,Clostridia,Oscillospirales,Oscillospiraceae,UCG-005,None,0.005842259006815969
Bacteria,Firmicutes,Clostridia,Lachnospirales,Lachnospiraceae,Marvinbryantia,None,Bacteria,Firmicutes,Clostridia,Oscillospirales,Oscillospiraceae,UCG-005,metagenome,0.006815968841285297
Bacteria,Firmicutes,Clostridia,Lachnospirales,Lachnospiraceae,Marvinbryantia,None,Bacteria,Firmicutes,Clostridia,Oscillospirales,Oscillospiraceae,UCG-005,uncultured_Clostridiales_bacterium,0.006815968841285297
Bacteria,Firmicutes,Clostridia,Lachnospirales,Lachnospiraceae,Marvinbryantia,None,Bacteria,Firmicutes,Clostridia,Oscillospirales,Oscillospiraceae,UCG-005,uncultured_rumen_bacterium,0.006815968841285297
Bacteria,Firmicutes,Clostridia,Lachnospirales,Lachnospiraceae,Marvinbryantia,None,Bacteria,Firmicutes,Clostridia,Oscillospirales,Oscillospiraceae,None,None,0.004868549172346641
Bacteria,Firmicutes,Clostridia,Lachnospirales,Lachnospiraceae,Marvinbryantia,None,Bacteria,Firmicutes,Clostridia,Oscillospirales,Oscillospiraceae,uncultured,metagenome,0.006815968841285297
Bacteria,Firmicutes,Clostridia,Lachnospirales,Lachnospiraceae,Marvinbryantia,None,Bacteria,Firmicutes,Clostridia,Oscillospirales,Oscillospiraceae,uncultured,unidentified,0.006815968841285297
Bacteria,Firmicutes,Clostridia,Lachnospirales,Lachnospiraceae,Marvinbryantia,None,Bacteria,Firmicutes,Clostridia,Oscillospirales,Ruminococcaceae,Anaerofilum,uncultured_Firmicutes_bacterium,0.006815968841285297
Bacteria,Firmicutes,Clostridia,Lachnospirales,Lachnospiraceae,Marvinbryantia,None,Bacteria,Firmicutes,Clostridia,Oscillospirales,Ruminococcaceae,Anaerotruncus,Anaerotruncus_rubiinfantis,0.006815968841285297
Bacteria,Firmicutes,Clostridia,Lachnospirales,Lachnospiraceae,Marvinbryantia,None,Bacteria,Firmicutes,Clostridia,Oscillospirales,Ruminococcaceae,Anaerotruncus,Anaerotruncus_sp._NML_070203,0.006815968841285297
Bacteria,Firmicutes,Clostridia,Lachnospirales,Lachnospiraceae,Marvinbryantia,None,Bacteria,Firmicutes,Clostridia,Oscillospirales,Ruminococcaceae,Candidatus_Soleaferrea,Neobitarella_massiliensis,0.006815968841285297
Bacteria,Firmicutes,Clostridia,Lachnospirales,Lachnospiraceae,Marvinbryantia,None,Bacteria,Firmicutes,Clostridia,Oscillospirales,Ruminococcaceae,Candidatus_Soleaferrea,None,0.005842259006815969
Bacteria,Firmicutes,Clostridia,Lachnospirales,Lachnospiraceae,Marvinbryantia,None,Bacteria,Firmicutes,Clostridia,Oscillospirales,Ruminococcaceae,DTU089,None,0.005842259006815969
Bacteria,Firmicutes,Clostridia,Lachnospirales,Lachnospiraceae,Marvinbryantia,None,Bacteria,Firmicutes,Clostridia,Oscillospirales,Ruminococcaceae,Faecalibacterium,None,0.005842259006815969
Bacteria,Firmicutes,Clostridia,Lachnospirales,Lachnospiraceae,Marvinbryantia,None,Bacteria,Firmicutes,Clostridia,Oscillospirales,Ruminococcaceae,Fournierella,uncultured_organism,0.006815968841285297
Bacteria,Firmicutes,Clostridia,Lachnospirales,Lachnospiraceae,Marvinbryantia,None,Bacteria,Firmicutes,Clostridia,Oscillospirales,Ruminococcaceae,Incertae_Sedis,metagenome,0.006815968841285297
Bacteria,Firmicutes,Clostridia,Lachnospirales,Lachnospiraceae,Marvinbryantia,None,Bacteria,Firmicutes,Clostridia,Oscillospirales,Ruminococcaceae,Incertae_Sedis,None,0.005842259006815969
Bacteria,Firmicutes,Clostridia,Lachnospirales,Lachnospiraceae,Marvinbryantia,None,Bacteria,Firmicutes,Clostridia,Oscillospirales,Ruminococcaceae,Negativibacillus,None,0.005842259006815969
Bacteria,Firmicutes,Clostridia,Lachnospirales,Lachnospiraceae,Marvinbryantia,None,Bacteria,Firmicutes,Clostridia,Oscillospirales,Ruminococcaceae,Ruminococcus,Ruminococcus_champanellensis,0.006815968841285297
Bacteria,Firmicutes,Clostridia,Lachnospirales,Lachnospiraceae,Marvinbryantia,None,Bacteria,Firmicutes,Clostridia,Oscillospirales,Ruminococcaceae,Ruminococcus,None,0.005842259006815969
Bacteria,Firmicutes,Clostridia,Lachnospirales,Lachnospiraceae,Marvinbryantia,None,Bacteria,Firmicutes,Clostridia,Oscillospirales,Ruminococcaceae,Subdoligranulum,None,0.005842259006815969
Bacteria,Firmicutes,Clostridia,Lachnospirales,Lachnospiraceae,Marvinbryantia,None,Bacteria,Firmicutes,Clostridia,Oscillospirales,Ruminococcaceae,UBA1819,None,0.005842259006815969
Bacteria,Firmicutes,Clostridia,Lachnospirales,Lachnospiraceae,Marvinbryantia,None,Bacteria,Firmicutes,Clostridia,Oscillospirales,Ruminococcaceae,Eubacterium_siraeum_group,None,0.005842259006815969
Bacteria,Firmicutes,Clostridia,Lachnospirales,Lachnospiraceae,Marvinbryantia,None,Bacteria,Firmicutes,Clostridia,Oscillospirales,Ruminococcaceae,None,None,0.004868549172346641
Bacteria,Firmicutes,Clostridia,Lachnospirales,Lachnospiraceae,Marvinbryantia,None,Bacteria,Firmicutes,Clostridia,Oscillospirales,UCG-010,None,None,0.004868549172346641
Bacteria,Firmicutes,Clostridia,Lachnospirales,Lachnospiraceae,Marvinbryantia,None,Bacteria,Firmicutes,Clostridia,Oscillospirales,UCG-010,metagenome,None,0.005842259006815969
Bacteria,Firmicutes,Clostridia,Lachnospirales,Lachnospiraceae,Marvinbryantia,None,Bacteria,Firmicutes,Clostridia,Oscillospirales,UCG-010,uncultured_bacterium,None,0.005842259006815969
Bacteria,Firmicutes,Clostridia,Lachnospirales,Lachnospiraceae,Marvinbryantia,None,Bacteria,Firmicutes,Clostridia,Oscillospirales,UCG-010,uncultured_organism,None,0.005842259006815969
Bacteria,Firmicutes,Clostridia,Lachnospirales,Lachnospiraceae,Marvinbryantia,None,Bacteria,Firmicutes,Clostridia,Oscillospirales,Clostridium_methylpentosum_group,None,None,0.004868549172346641
Bacteria,Firmicutes,Clostridia,Lachnospirales,Lachnospiraceae,Marvinbryantia,None,Bacteria,Firmicutes,Clostridia,Oscillospirales,Eubacterium_coprostanoligenes_group,None,None,0.004868549172346641
Bacteria,Firmicutes,Clostridia,Lachnospirales,Lachnospiraceae,Marvinbryantia,None,Bacteria,Firmicutes,Clostridia,Oscillospirales,None,None,None,0.0038948393378773127
Bacteria,Firmicutes,Clostridia,Lachnospirales,Lachnospiraceae,Marvinbryantia,None,Bacteria,Firmicutes,Clostridia,Peptococcales,Peptococcaceae,uncultured,None,0.005842259006815969
Bacteria,Firmicutes,Clostridia,Lachnospirales,Lachnospiraceae,Marvinbryantia,None,Bacteria,Firmicutes,Clostridia,Peptostreptococcales-Tissierellales,Anaerovoracaceae,Family_XIII_AD3011_group,metagenome,0.006815968841285297
Bacteria,Firmicutes,Clostridia,Lachnospirales,Lachnospiraceae,Marvinbryantia,None,Bacteria,Firmicutes,Clostridia,Peptostreptococcales-Tissierellales,Anaerovoracaceae,Family_XIII_AD3011_group,None,0.005842259006815969
Bacteria,Firmicutes,Clostridia,Lachnospirales,Lachnospiraceae,Marvinbryantia,None,Bacteria,Firmicutes,Clostridia,Peptostreptococcales-Tissierellales,Anaerovoracaceae,Family_XIII_AD3011_group,uncultured,0.006815968841285297
Bacteria,Firmicutes,Clostridia,Lachnospirales,Lachnospiraceae,Marvinbryantia,None,Bacteria,Firmicutes,Clostridia,Peptostreptococcales-Tissierellales,Anaerovoracaceae,Family_XIII_UCG-001,metagenome,0.006815968841285297
Bacteria,Firmicutes,Clostridia,Lachnospirales,Lachnospiraceae,Marvinbryantia,None,Bacteria,Firmicutes,Clostridia,Peptostreptococcales-Tissierellales,Anaerovoracaceae,Eubacterium_nodatum_group,None,0.005842259006815969
Bacteria,Firmicutes,Clostridia,Lachnospirales,Lachnospiraceae,Marvinbryantia,None,Bacteria,Firmicutes,Clostridia,Peptostreptococcales-Tissierellales,Anaerovoracaceae,None,None,0.004868549172346641
Bacteria,Firmicutes,Clostridia,Lachnospirales,Lachnospiraceae,Marvinbryantia,None,Bacteria,Firmicutes,Clostridia,Peptostreptococcales-Tissierellales,Parvimonas,None,None,0.004868549172346641
Bacteria,Firmicutes,Clostridia,Lachnospirales,Lachnospiraceae,Marvinbryantia,None,Bacteria,Firmicutes,Clostridia,None,None,None,None,0.0029211295034079843
Bacteria,Firmicutes,Clostridia,Lachnospirales,Lachnospiraceae,Marvinbryantia,None,Bacteria,Firmicutes,Incertae_Sedis,DTU014,unidentified,None,None,0.006815968841285297
Bacteria,Firmicutes,Clostridia,Lachnospirales,Lachnospiraceae,Marvinbryantia,None,Bacteria,Firmicutes,Limnochordia,M55-D21,uncultured_compost_bacterium,None,None,0.006815968841285297
Bacteria,Firmicutes,Clostridia,Lachnospirales,Lachnospiraceae,Marvinbryantia,None,Bacteria,Firmicutes,Negativicutes,Acidaminococcales,Acidaminococcaceae,Phascolarctobacterium,None,0.007789678675754625
Bacteria,Firmicutes,Clostridia,Lachnospirales,Lachnospiraceae,Marvinbryantia,None,Bacteria,Firmicutes,None,None,None,None,None,0.0038948393378773127
Bacteria,Firmicutes,Clostridia,Lachnospirales,Lachnospiraceae,Marvinbryantia,None,Bacteria,Firmicutes,uncultured,uncultured_Peptococcaceae_bacterium,None,None,None,0.005842259006815969
Bacteria,Firmicutes,Clostridia,Lachnospirales,Lachnospiraceae,Marvinbryantia,None,Bacteria,Proteobacteria,Alphaproteobacteria,Rhodospirillales,uncultured,None,None,0.008763388510223954
Bacteria,Firmicutes,Clostridia,Lachnospirales,Lachnospiraceae,Marvinbryantia,None,Bacteria,Proteobacteria,Gammaproteobacteria,Burkholderiales,Sutterellaceae,Sutterella,Sutterella_sp._252,0.010710808179162609
Bacteria,Firmicutes,Clostridia,Lachnospirales,Lachnospiraceae,Marvinbryantia,None,Bacteria,Proteobacteria,Gammaproteobacteria,Enterobacterales,Enterobacteriaceae,Escherichia-Shigella,None,0.009737098344693282
Bacteria,Firmicutes,Clostridia,Lachnospirales,Lachnospiraceae,Marvinbryantia,None,Bacteria,Proteobacteria,Gammaproteobacteria,Enterobacterales,Enterobacteriaceae,Klebsiella,None,0.009737098344693282
Bacteria,Firmicutes,Clostridia,Lachnospirales,Lachnospiraceae,Marvinbryantia,None,Bacteria,Proteobacteria,Gammaproteobacteria,Enterobacterales,Enterobacteriaceae,None,None,0.008763388510223954
Bacteria,Firmicutes,Clostridia,Lachnospirales,Lachnospiraceae,Marvinbryantia,None,Bacteria,Proteobacteria,Gammaproteobacteria,Pseudomonadales,Pseudomonadaceae,Pseudomonas,None,0.009737098344693282
Bacteria,Firmicutes,Clostridia,Lachnospirales,Lachnospiraceae,Marvinbryantia,None,Bacteria,Synergistota,Synergistia,Synergistales,Synergistaceae,Cloacibacillus,None,0.009737098344693282
Bacteria,Firmicutes,Clostridia,Lachnospirales,Lachnospiraceae,Marvinbryantia,None,Bacteria,Verrucomicrobiota,Verrucomicrobiae,Verrucomicrobiales,Akkermansiaceae,Akkermansia,None,0.009737098344693282
Bacteria,Firmicutes,Clostridia,Lachnospirales,Lachnospiraceae,Marvinbryantia,unidentified,Bacteria,Firmicutes,Clostridia,Lachnospirales,Lachnospiraceae,Roseburia,None,0.0029211295034079843
Bacteria,Firmicutes,Clostridia,Lachnospirales,Lachnospiraceae,Marvinbryantia,unidentified,Bacteria,Firmicutes,Clostridia,Lachnospirales,Lachnospiraceae,Roseburia,gut_metagenome,0.0038948393378773127
Bacteria,Firmicutes,Clostridia,Lachnospirales,Lachnospiraceae,Marvinbryantia,unidentified,Bacteria,Firmicutes,Clostridia,Lachnospirales,Lachnospiraceae,Tuzzerella,None,0.0029211295034079843
Bacteria,Firmicutes,Clostridia,Lachnospirales,Lachnospiraceae,Marvinbryantia,unidentified,Bacteria,Firmicutes,Clostridia,Lachnospirales,Lachnospiraceae,Tyzzerella,None,0.0029211295034079843
Bacteria,Firmicutes,Clostridia,Lachnospirales,Lachnospiraceae,Marvinbryantia,unidentified,Bacteria,Firmicutes,Clostridia,Lachnospirales,Lachnospiraceae,Eubacterium_hallii_group,None,0.0029211295034079843
Bacteria,Firmicutes,Clostridia,Lachnospirales,Lachnospiraceae,Marvinbryantia,unidentified,Bacteria,Firmicutes,Clostridia,Lachnospirales,Lachnospiraceae,Eubacterium_ventriosum_group,metagenome,0.0038948393378773127
Bacteria,Firmicutes,Clostridia,Lachnospirales,Lachnospiraceae,Marvinbryantia,unidentified,Bacteria,Firmicutes,Clostridia,Lachnospirales,Lachnospiraceae,Ruminococcus_gauvreauii_group,uncultured_Lachnospiraceae_bacterium,0.0038948393378773127
Bacteria,Firmicutes,Clostridia,Lachnospirales,Lachnospiraceae,Marvinbryantia,unidentified,Bacteria,Firmicutes,Clostridia,Lachnospirales,Lachnospiraceae,Ruminococcus_gnavus_group,None,0.0029211295034079843
Bacteria,Firmicutes,Clostridia,Lachnospirales,Lachnospiraceae,Marvinbryantia,unidentified,Bacteria,Firmicutes,Clostridia,Lachnospirales,Lachnospiraceae,Ruminococcus_torques_group,Clostridiaceae_bacterium_LEMV78,0.0038948393378773127
Bacteria,Firmicutes,Clostridia,Lachnospirales,Lachnospiraceae,Marvinbryantia,unidentified,Bacteria,Firmicutes,Clostridia,Lachnospirales,Lachnospiraceae,Ruminococcus_torques_group,None,0.0029211295034079843
Bacteria,Firmicutes,Clostridia,Lachnospirales,Lachnospiraceae,Marvinbryantia,unidentified,Bacteria,Firmicutes,Clostridia,Lachnospirales,Lachnospiraceae,None,None,0.0029211295034079843
Bacteria,Firmicutes,Clostridia,Lachnospirales,Lachnospiraceae,Marvinbryantia,unidentified,Bacteria,Firmicutes,Clostridia,Lachnospirales,Lachnospiraceae,uncultured,None,0.0029211295034079843
Bacteria,Firmicutes,Clostridia,Lachnospirales,Lachnospiraceae,Marvinbryantia,unidentified,Bacteria,Firmicutes,Clostridia,Monoglobales,Monoglobaceae,Monoglobus,None,0.006815968841285297
Bacteria,Firmicutes,Clostridia,Lachnospirales,Lachnospiraceae,Marvinbryantia,unidentified,Bacteria,Firmicutes,Clostridia,Oscillospirales,Butyricicoccaceae,Butyricicoccus,None,0.006815968841285297
Bacteria,Firmicutes,Clostridia,Lachnospirales,Lachnospiraceae,Marvinbryantia,unidentified,Bacteria,Firmicutes,Clostridia,Oscillospirales,Hydrogenoanaerobacterium,None,None,0.005842259006815969
Bacteria,Firmicutes,Clostridia,Lachnospirales,Lachnospiraceae,Marvinbryantia,unidentified,Bacteria,Firmicutes,Clostridia,Oscillospirales,Oscillospiraceae,Colidextribacter,None,0.006815968841285297
Bacteria,Firmicutes,Clostridia,Lachnospirales,Lachnospiraceae,Marvinbryantia,unidentified,Bacteria,Firmicutes,Clostridia,Oscillospirales,Oscillospiraceae,Colidextribacter,metagenome,0.007789678675754625
Bacteria,Firmicutes,Clostridia,Lachnospirales,Lachnospiraceae,Marvinbryantia,unidentified,Bacteria,Firmicutes,Clostridia,Oscillospirales,Oscillospiraceae,Flavonifractor,None,0.006815968841285297
Bacteria,Firmicutes,Clostridia,Lachnospirales,Lachnospiraceae,Marvinbryantia,unidentified,Bacteria,Firmicutes,Clostridia,Oscillospirales,Oscillospiraceae,Intestinimonas,None,0.006815968841285297
Bacteria,Firmicutes,Clostridia,Lachnospirales,Lachnospiraceae,Marvinbryantia,unidentified,Bacteria,Firmicutes,Clostridia,Oscillospirales,Oscillospiraceae,Intestinimonas,uncultured,0.007789678675754625
Bacteria,Firmicutes,Clostridia,Lachnospirales,Lachnospiraceae,Marvinbryantia,unidentified,Bacteria,Firmicutes,Clostridia,Oscillospirales,Oscillospiraceae,NK4A214_group,None,0.006815968841285297
Bacteria,Firmicutes,Clostridia,Lachnospirales,Lachnospiraceae,Marvinbryantia,unidentified,Bacteria,Firmicutes,Clostridia,Oscillospirales,Oscillospiraceae,Oscillibacter,None,0.006815968841285297
Bacteria,Firmicutes,Clostridia,Lachnospirales,Lachnospiraceae,Marvinbryantia,unidentified,Bacteria,Firmicutes,Clostridia,Oscillospirales,Oscillospiraceae,Oscillibacter,metagenome,0.007789678675754625
Bacteria,Firmicutes,Clostridia,Lachnospirales,Lachnospiraceae,Marvinbryantia,unidentified,Bacteria,Firmicutes,Clostridia,Oscillospirales,Oscillospiraceae,Oscillospira,None,0.006815968841285297
Bacteria,Firmicutes,Clostridia,Lachnospirales,Lachnospiraceae,Marvinbryantia,unidentified,Bacteria,Firmicutes,Clostridia,Oscillospirales,Oscillospiraceae,UCG-002,None,0.006815968841285297
Bacteria,Firmicutes,Clostridia,Lachnospirales,Lachnospiraceae,Marvinbryantia,unidentified,Bacteria,Firmicutes,Clostridia,Oscillospirales,Oscillospiraceae,UCG-003,None,0.006815968841285297
Bacteria,Firmicutes,Clostridia,Lachnospirales,Lachnospiraceae,Marvinbryantia,unidentified,Bacteria,Firmicutes,Clostridia,Oscillospirales,Oscillospiraceae,UCG-005,None,0.006815968841285297
Bacteria,Firmicutes,Clostridia,Lachnospirales,Lachnospiraceae,Marvinbryantia,unidentified,Bacteria,Firmicutes,Clostridia,Oscillospirales,Oscillospiraceae,UCG-005,metagenome,0.007789678675754625
Bacteria,Firmicutes,Clostridia,Lachnospirales,Lachnospiraceae,Marvinbryantia,unidentified,Bacteria,Firmicutes,Clostridia,Oscillospirales,Oscillospiraceae,UCG-005,uncultured_Clostridiales_bacterium,0.007789678675754625
Bacteria,Firmicutes,Clostridia,Lachnospirales,Lachnospiraceae,Marvinbryantia,unidentified,Bacteria,Firmicutes,Clostridia,Oscillospirales,Oscillospiraceae,UCG-005,uncultured_rumen_bacterium,0.007789678675754625
Bacteria,Firmicutes,Clostridia,Lachnospirales,Lachnospiraceae,Marvinbryantia,unidentified,Bacteria,Firmicutes,Clostridia,Oscillospirales,Oscillospiraceae,None,None,0.005842259006815969
Bacteria,Firmicutes,Clostridia,Lachnospirales,Lachnospiraceae,Marvinbryantia,unidentified,Bacteria,Firmicutes,Clostridia,Oscillospirales,Oscillospiraceae,uncultured,metagenome,0.007789678675754625
Bacteria,Firmicutes,Clostridia,Lachnospirales,Lachnospiraceae,Marvinbryantia,unidentified,Bacteria,Firmicutes,Clostridia,Oscillospirales,Oscillospiraceae,uncultured,unidentified,0.007789678675754625
Bacteria,Firmicutes,Clostridia,Lachnospirales,Lachnospiraceae,Marvinbryantia,unidentified,Bacteria,Firmicutes,Clostridia,Oscillospirales,Ruminococcaceae,Anaerofilum,uncultured_Firmicutes_bacterium,0.007789678675754625
Bacteria,Firmicutes,Clostridia,Lachnospirales,Lachnospiraceae,Marvinbryantia,unidentified,Bacteria,Firmicutes,Clostridia,Oscillospirales,Ruminococcaceae,Anaerotruncus,Anaerotruncus_rubiinfantis,0.007789678675754625
Bacteria,Firmicutes,Clostridia,Lachnospirales,Lachnospiraceae,Marvinbryantia,unidentified,Bacteria,Firmicutes,Clostridia,Oscillospirales,Ruminococcaceae,Anaerotruncus,Anaerotruncus_sp._NML_070203,0.007789678675754625
Bacteria,Firmicutes,Clostridia,Lachnospirales,Lachnospiraceae,Marvinbryantia,unidentified,Bacteria,Firmicutes,Clostridia,Oscillospirales,Ruminococcaceae,Candidatus_Soleaferrea,Neobitarella_massiliensis,0.007789678675754625
Bacteria,Firmicutes,Clostridia,Lachnospirales,Lachnospiraceae,Marvinbryantia,unidentified,Bacteria,Firmicutes,Clostridia,Oscillospirales,Ruminococcaceae,Candidatus_Soleaferrea,None,0.006815968841285297
Bacteria,Firmicutes,Clostridia,Lachnospirales,Lachnospiraceae,Marvinbryantia,unidentified,Bacteria,Firmicutes,Clostridia,Oscillospirales,Ruminococcaceae,DTU089,None,0.006815968841285297
Bacteria,Firmicutes,Clostridia,Lachnospirales,Lachnospiraceae,Marvinbryantia,unidentified,Bacteria,Firmicutes,Clostridia,Oscillospirales,Ruminococcaceae,Faecalibacterium,None,0.006815968841285297
Bacteria,Firmicutes,Clostridia,Lachnospirales,Lachnospiraceae,Marvinbryantia,unidentified,Bacteria,Firmicutes,Clostridia,Oscillospirales,Ruminococcaceae,Fournierella,uncultured_organism,0.007789678675754625
Bacteria,Firmicutes,Clostridia,Lachnospirales,Lachnospiraceae,Marvinbryantia,unidentified,Bacteria,Firmicutes,Clostridia,Oscillospirales,Ruminococcaceae,Incertae_Sedis,metagenome,0.007789678675754625
Bacteria,Firmicutes,Clostridia,Lachnospirales,Lachnospiraceae,Marvinbryantia,unidentified,Bacteria,Firmicutes,Clostridia,Oscillospirales,Ruminococcaceae,Incertae_Sedis,None,0.006815968841285297
Bacteria,Firmicutes,Clostridia,Lachnospirales,Lachnospiraceae,Marvinbryantia,unidentified,Bacteria,Firmicutes,Clostridia,Oscillospirales,Ruminococcaceae,Negativibacillus,None,0.006815968841285297
Bacteria,Firmicutes,Clostridia,Lachnospirales,Lachnospiraceae,Marvinbryantia,unidentified,Bacteria,Firmicutes,Clostridia,Oscillospirales,Ruminococcaceae,Ruminococcus,Ruminococcus_champanellensis,0.007789678675754625
Bacteria,Firmicutes,Clostridia,Lachnospirales,Lachnospiraceae,Marvinbryantia,unidentified,Bacteria,Firmicutes,Clostridia,Oscillospirales,Ruminococcaceae,Ruminococcus,None,0.006815968841285297
Bacteria,Firmicutes,Clostridia,Lachnospirales,Lachnospiraceae,Marvinbryantia,unidentified,Bacteria,Firmicutes,Clostridia,Oscillospirales,Ruminococcaceae,Subdoligranulum,None,0.006815968841285297
Bacteria,Firmicutes,Clostridia,Lachnospirales,Lachnospiraceae,Marvinbryantia,unidentified,Bacteria,Firmicutes,Clostridia,Oscillospirales,Ruminococcaceae,UBA1819,None,0.006815968841285297
Bacteria,Firmicutes,Clostridia,Lachnospirales,Lachnospiraceae,Marvinbryantia,unidentified,Bacteria,Firmicutes,Clostridia,Oscillospirales,Ruminococcaceae,Eubacterium_siraeum_group,None,0.006815968841285297
Bacteria,Firmicutes,Clostridia,Lachnospirales,Lachnospiraceae,Marvinbryantia,unidentified,Bacteria,Firmicutes,Clostridia,Oscillospirales,Ruminococcaceae,None,None,0.005842259006815969
Bacteria,Firmicutes,Clostridia,Lachnospirales,Lachnospiraceae,Marvinbryantia,unidentified,Bacteria,Firmicutes,Clostridia,Oscillospirales,UCG-010,None,None,0.005842259006815969
Bacteria,Firmicutes,Clostridia,Lachnospirales,Lachnospiraceae,Marvinbryantia,unidentified,Bacteria,Firmicutes,Clostridia,Oscillospirales,UCG-010,metagenome,None,0.006815968841285297
Bacteria,Firmicutes,Clostridia,Lachnospirales,Lachnospiraceae,Marvinbryantia,unidentified,Bacteria,Firmicutes,Clostridia,Oscillospirales,UCG-010,uncultured_bacterium,None,0.006815968841285297
Bacteria,Firmicutes,Clostridia,Lachnospirales,Lachnospiraceae,Marvinbryantia,unidentified,Bacteria,Firmicutes,Clostridia,Oscillospirales,UCG-010,uncultured_organism,None,0.006815968841285297
Bacteria,Firmicutes,Clostridia,Lachnospirales,Lachnospiraceae,Marvinbryantia,unidentified,Bacteria,Firmicutes,Clostridia,Oscillospirales,Clostridium_methylpentosum_group,None,None,0.005842259006815969
Bacteria,Firmicutes,Clostridia,Lachnospirales,Lachnospiraceae,Marvinbryantia,unidentified,Bacteria,Firmicutes,Clostridia,Oscillospirales,Eubacterium_coprostanoligenes_group,None,None,0.005842259006815969
Bacteria,Firmicutes,Clostridia,Lachnospirales,Lachnospiraceae,Marvinbryantia,unidentified,Bacteria,Firmicutes,Clostridia,Oscillospirales,None,None,None,0.004868549172346641
Bacteria,Firmicutes,Clostridia,Lachnospirales,Lachnospiraceae,Marvinbryantia,unidentified,Bacteria,Firmicutes,Clostridia,Peptococcales,Peptococcaceae,uncultured,None,0.006815968841285297
Bacteria,Firmicutes,Clostridia,Lachnospirales,Lachnospiraceae,Marvinbryantia,unidentified,Bacteria,Firmicutes,Clostridia,Peptostreptococcales-Tissierellales,Anaerovoracaceae,Family_XIII_AD3011_group,metagenome,0.007789678675754625
Bacteria,Firmicutes,Clostridia,Lachnospirales,Lachnospiraceae,Marvinbryantia,unidentified,Bacteria,Firmicutes,Clostridia,Peptostreptococcales-Tissierellales,Anaerovoracaceae,Family_XIII_AD3011_group,None,0.006815968841285297
Bacteria,Firmicutes,Clostridia,Lachnospirales,Lachnospiraceae,Marvinbryantia,unidentified,Bacteria,Firmicutes,Clostridia,Peptostreptococcales-Tissierellales,Anaerovoracaceae,Family_XIII_AD3011_group,uncultured,0.007789678675754625
Bacteria,Firmicutes,Clostridia,Lachnospirales,Lachnospiraceae,Marvinbryantia,unidentified,Bacteria,Firmicutes,Clostridia,Peptostreptococcales-Tissierellales,Anaerovoracaceae,Family_XIII_UCG-001,metagenome,0.007789678675754625
Bacteria,Firmicutes,Clostridia,Lachnospirales,Lachnospiraceae,Marvinbryantia,unidentified,Bacteria,Firmicutes,Clostridia,Peptostreptococcales-Tissierellales,Anaerovoracaceae,Eubacterium_nodatum_group,None,0.006815968841285297
Bacteria,Firmicutes,Clostridia,Lachnospirales,Lachnospiraceae,Marvinbryantia,unidentified,Bacteria,Firmicutes,Clostridia,Peptostreptococcales-Tissierellales,Anaerovoracaceae,None,None,0.005842259006815969
Bacteria,Firmicutes,Clostridia,Lachnospirales,Lachnospiraceae,Marvinbryantia,unidentified,Bacteria,Firmicutes,Clostridia,Peptostreptococcales-Tissierellales,Parvimonas,None,None,0.005842259006815969
Bacteria,Firmicutes,Clostridia,Lachnospirales,Lachnospiraceae,Marvinbryantia,unidentified,Bacteria,Firmicutes,Clostridia,None,None,None,None,0.0038948393378773127
Bacteria,Firmicutes,Clostridia,Lachnospirales,Lachnospiraceae,Marvinbryantia,unidentified,Bacteria,Firmicutes,Incertae_Sedis,DTU014,unidentified,None,None,0.007789678675754625
Bacteria,Firmicutes,Clostridia,Lachnospirales,Lachnospiraceae,Marvinbryantia,unidentified,Bacteria,Firmicutes,Limnochordia,M55-D21,uncultured_compost_bacterium,None,None,0.007789678675754625
Bacteria,Firmicutes,Clostridia,Lachnospirales,Lachnospiraceae,Marvinbryantia,unidentified,Bacteria,Firmicutes,Negativicutes,Acidaminococcales,Acidaminococcaceae,Phascolarctobacterium,None,0.008763388510223954
Bacteria,Firmicutes,Clostridia,Lachnospirales,Lachnospiraceae,Marvinbryantia,unidentified,Bacteria,Firmicutes,None,None,None,None,None,0.004868549172346641
Bacteria,Firmicutes,Clostridia,Lachnospirales,Lachnospiraceae,Marvinbryantia,unidentified,Bacteria,Firmicutes,uncultured,uncultured_Peptococcaceae_bacterium,None,None,None,0.006815968841285297
Bacteria,Firmicutes,Clostridia,Lachnospirales,Lachnospiraceae,Marvinbryantia,unidentified,Bacteria,Proteobacteria,Alphaproteobacteria,Rhodospirillales,uncultured,None,None,0.009737098344693282
Bacteria,Firmicutes,Clostridia,Lachnospirales,Lachnospiraceae,Marvinbryantia,unidentified,Bacteria,Proteobacteria,Gammaproteobacteria,Burkholderiales,Sutterellaceae,Sutterella,Sutterella_sp._252,0.011684518013631937
Bacteria,Firmicutes,Clostridia,Lachnospirales,Lachnospiraceae,Marvinbryantia,unidentified,Bacteria,Proteobacteria,Gammaproteobacteria,Enterobacterales,Enterobacteriaceae,Escherichia-Shigella,None,0.010710808179162609
Bacteria,Firmicutes,Clostridia,Lachnospirales,Lachnospiraceae,Marvinbryantia,unidentified,Bacteria,Proteobacteria,Gammaproteobacteria,Enterobacterales,Enterobacteriaceae,Klebsiella,None,0.010710808179162609
Bacteria,Firmicutes,Clostridia,Lachnospirales,Lachnospiraceae,Marvinbryantia,unidentified,Bacteria,Proteobacteria,Gammaproteobacteria,Enterobacterales,Enterobacteriaceae,None,None,0.009737098344693282
Bacteria,Firmicutes,Clostridia,Lachnospirales,Lachnospiraceae,Marvinbryantia,unidentified,Bacteria,Proteobacteria,Gammaproteobacteria,Pseudomonadales,Pseudomonadaceae,Pseudomonas,None,0.010710808179162609
Bacteria,Firmicutes,Clostridia,Lachnospirales,Lachnospiraceae,Marvinbryantia,unidentified,Bacteria,Synergistota,Synergistia,Synergistales,Synergistaceae,Cloacibacillus,None,0.010710808179162609
Bacteria,Firmicutes,Clostridia,Lachnospirales,Lachnospiraceae,Marvinbryantia,unidentified,Bacteria,Verrucomicrobiota,Verrucomicrobiae,Verrucomicrobiales,Akkermansiaceae,Akkermansia,None,0.010710808179162609
Bacteria,Firmicutes,Clostridia,Lachnospirales,Lachnospiraceae,Roseburia,None,Bacteria,Firmicutes,Clostridia,Lachnospirales,Lachnospiraceae,Roseburia,gut_metagenome,0.0009737098344693282
Bacteria,Firmicutes,Clostridia,Lachnospirales,Lachnospiraceae,Roseburia,None,Bacteria,Firmicutes,Clostridia,Lachnospirales,Lachnospiraceae,Tuzzerella,None,0.0019474196689386564
Bacteria,Firmicutes,Clostridia,Lachnospirales,Lachnospiraceae,Roseburia,None,Bacteria,Firmicutes,Clostridia,Lachnospirales,Lachnospiraceae,Tyzzerella,None,0.0019474196689386564
Bacteria,Firmicutes,Clostridia,Lachnospirales,Lachnospiraceae,Roseburia,None,Bacteria,Firmicutes,Clostridia,Lachnospirales,Lachnospiraceae,Eubacterium_hallii_group,None,0.0019474196689386564
Bacteria,Firmicutes,Clostridia,Lachnospirales,Lachnospiraceae,Roseburia,None,Bacteria,Firmicutes,Clostridia,Lachnospirales,Lachnospiraceae,Eubacterium_ventriosum_group,metagenome,0.0029211295034079843
Bacteria,Firmicutes,Clostridia,Lachnospirales,Lachnospiraceae,Roseburia,None,Bacteria,Firmicutes,Clostridia,Lachnospirales,Lachnospiraceae,Ruminococcus_gauvreauii_group,uncultured_Lachnospiraceae_bacterium,0.0029211295034079843
Bacteria,Firmicutes,Clostridia,Lachnospirales,Lachnospiraceae,Roseburia,None,Bacteria,Firmicutes,Clostridia,Lachnospirales,Lachnospiraceae,Ruminococcus_gnavus_group,None,0.0019474196689386564
Bacteria,Firmicutes,Clostridia,Lachnospirales,Lachnospiraceae,Roseburia,None,Bacteria,Firmicutes,Clostridia,Lachnospirales,Lachnospiraceae,Ruminococcus_torques_group,Clostridiaceae_bacterium_LEMV78,0.0029211295034079843
Bacteria,Firmicutes,Clostridia,Lachnospirales,Lachnospiraceae,Roseburia,None,Bacteria,Firmicutes,Clostridia,Lachnospirales,Lachnospiraceae,Ruminococcus_torques_group,None,0.0019474196689386564
Bacteria,Firmicutes,Clostridia,Lachnospirales,Lachnospiraceae,Roseburia,None,Bacteria,Firmicutes,Clostridia,Lachnospirales,Lachnospiraceae,None,None,0.0019474196689386564
Bacteria,Firmicutes,Clostridia,Lachnospirales,Lachnospiraceae,Roseburia,None,Bacteria,Firmicutes,Clostridia,Lachnospirales,Lachnospiraceae,uncultured,None,0.0019474196689386564
Bacteria,Firmicutes,Clostridia,Lachnospirales,Lachnospiraceae,Roseburia,None,Bacteria,Firmicutes,Clostridia,Monoglobales,Monoglobaceae,Monoglobus,None,0.005842259006815969
Bacteria,Firmicutes,Clostridia,Lachnospirales,Lachnospiraceae,Roseburia,None,Bacteria,Firmicutes,Clostridia,Oscillospirales,Butyricicoccaceae,Butyricicoccus,None,0.005842259006815969
Bacteria,Firmicutes,Clostridia,Lachnospirales,Lachnospiraceae,Roseburia,None,Bacteria,Firmicutes,Clostridia,Oscillospirales,Hydrogenoanaerobacterium,None,None,0.004868549172346641
Bacteria,Firmicutes,Clostridia,Lachnospirales,Lachnospiraceae,Roseburia,None,Bacteria,Firmicutes,Clostridia,Oscillospirales,Oscillospiraceae,Colidextribacter,None,0.005842259006815969
Bacteria,Firmicutes,Clostridia,Lachnospirales,Lachnospiraceae,Roseburia,None,Bacteria,Firmicutes,Clostridia,Oscillospirales,Oscillospiraceae,Colidextribacter,metagenome,0.006815968841285297
Bacteria,Firmicutes,Clostridia,Lachnospirales,Lachnospiraceae,Roseburia,None,Bacteria,Firmicutes,Clostridia,Oscillospirales,Oscillospiraceae,Flavonifractor,None,0.005842259006815969
Bacteria,Firmicutes,Clostridia,Lachnospirales,Lachnospiraceae,Roseburia,None,Bacteria,Firmicutes,Clostridia,Oscillospirales,Oscillospiraceae,Intestinimonas,None,0.005842259006815969
Bacteria,Firmicutes,Clostridia,Lachnospirales,Lachnospiraceae,Roseburia,None,Bacteria,Firmicutes,Clostridia,Oscillospirales,Oscillospiraceae,Intestinimonas,uncultured,0.006815968841285297
Bacteria,Firmicutes,Clostridia,Lachnospirales,Lachnospiraceae,Roseburia,None,Bacteria,Firmicutes,Clostridia,Oscillospirales,Oscillospiraceae,NK4A214_group,None,0.005842259006815969
Bacteria,Firmicutes,Clostridia,Lachnospirales,Lachnospiraceae,Roseburia,None,Bacteria,Firmicutes,Clostridia,Oscillospirales,Oscillospiraceae,Oscillibacter,None,0.005842259006815969
Bacteria,Firmicutes,Clostridia,Lachnospirales,Lachnospiraceae,Roseburia,None,Bacteria,Firmicutes,Clostridia,Oscillospirales,Oscillospiraceae,Oscillibacter,metagenome,0.006815968841285297
Bacteria,Firmicutes,Clostridia,Lachnospirales,Lachnospiraceae,Roseburia,None,Bacteria,Firmicutes,Clostridia,Oscillospirales,Oscillospiraceae,Oscillospira,None,0.005842259006815969
Bacteria,Firmicutes,Clostridia,Lachnospirales,Lachnospiraceae,Roseburia,None,Bacteria,Firmicutes,Clostridia,Oscillospirales,Oscillospiraceae,UCG-002,None,0.005842259006815969
Bacteria,Firmicutes,Clostridia,Lachnospirales,Lachnospiraceae,Roseburia,None,Bacteria,Firmicutes,Clostridia,Oscillospirales,Oscillospiraceae,UCG-003,None,0.005842259006815969
Bacteria,Firmicutes,Clostridia,Lachnospirales,Lachnospiraceae,Roseburia,None,Bacteria,Firmicutes,Clostridia,Oscillospirales,Oscillospiraceae,UCG-005,None,0.005842259006815969
Bacteria,Firmicutes,Clostridia,Lachnospirales,Lachnospiraceae,Roseburia,None,Bacteria,Firmicutes,Clostridia,Oscillospirales,Oscillospiraceae,UCG-005,metagenome,0.006815968841285297
Bacteria,Firmicutes,Clostridia,Lachnospirales,Lachnospiraceae,Roseburia,None,Bacteria,Firmicutes,Clostridia,Oscillospirales,Oscillospiraceae,UCG-005,uncultured_Clostridiales_bacterium,0.006815968841285297
Bacteria,Firmicutes,Clostridia,Lachnospirales,Lachnospiraceae,Roseburia,None,Bacteria,Firmicutes,Clostridia,Oscillospirales,Oscillospiraceae,UCG-005,uncultured_rumen_bacterium,0.006815968841285297
Bacteria,Firmicutes,Clostridia,Lachnospirales,Lachnospiraceae,Roseburia,None,Bacteria,Firmicutes,Clostridia,Oscillospirales,Oscillospiraceae,None,None,0.004868549172346641
Bacteria,Firmicutes,Clostridia,Lachnospirales,Lachnospiraceae,Roseburia,None,Bacteria,Firmicutes,Clostridia,Oscillospirales,Oscillospiraceae,uncultured,metagenome,0.006815968841285297
Bacteria,Firmicutes,Clostridia,Lachnospirales,Lachnospiraceae,Roseburia,None,Bacteria,Firmicutes,Clostridia,Oscillospirales,Oscillospiraceae,uncultured,unidentified,0.006815968841285297
Bacteria,Firmicutes,Clostridia,Lachnospirales,Lachnospiraceae,Roseburia,None,Bacteria,Firmicutes,Clostridia,Oscillospirales,Ruminococcaceae,Anaerofilum,uncultured_Firmicutes_bacterium,0.006815968841285297
Bacteria,Firmicutes,Clostridia,Lachnospirales,Lachnospiraceae,Roseburia,None,Bacteria,Firmicutes,Clostridia,Oscillospirales,Ruminococcaceae,Anaerotruncus,Anaerotruncus_rubiinfantis,0.006815968841285297
Bacteria,Firmicutes,Clostridia,Lachnospirales,Lachnospiraceae,Roseburia,None,Bacteria,Firmicutes,Clostridia,Oscillospirales,Ruminococcaceae,Anaerotruncus,Anaerotruncus_sp._NML_070203,0.006815968841285297
Bacteria,Firmicutes,Clostridia,Lachnospirales,Lachnospiraceae,Roseburia,None,Bacteria,Firmicutes,Clostridia,Oscillospirales,Ruminococcaceae,Candidatus_Soleaferrea,Neobitarella_massiliensis,0.006815968841285297
Bacteria,Firmicutes,Clostridia,Lachnospirales,Lachnospiraceae,Roseburia,None,Bacteria,Firmicutes,Clostridia,Oscillospirales,Ruminococcaceae,Candidatus_Soleaferrea,None,0.005842259006815969
Bacteria,Firmicutes,Clostridia,Lachnospirales,Lachnospiraceae,Roseburia,None,Bacteria,Firmicutes,Clostridia,Oscillospirales,Ruminococcaceae,DTU089,None,0.005842259006815969
Bacteria,Firmicutes,Clostridia,Lachnospirales,Lachnospiraceae,Roseburia,None,Bacteria,Firmicutes,Clostridia,Oscillospirales,Ruminococcaceae,Faecalibacterium,None,0.005842259006815969
Bacteria,Firmicutes,Clostridia,Lachnospirales,Lachnospiraceae,Roseburia,None,Bacteria,Firmicutes,Clostridia,Oscillospirales,Ruminococcaceae,Fournierella,uncultured_organism,0.006815968841285297
Bacteria,Firmicutes,Clostridia,Lachnospirales,Lachnospiraceae,Roseburia,None,Bacteria,Firmicutes,Clostridia,Oscillospirales,Ruminococcaceae,Incertae_Sedis,metagenome,0.006815968841285297
Bacteria,Firmicutes,Clostridia,Lachnospirales,Lachnospiraceae,Roseburia,None,Bacteria,Firmicutes,Clostridia,Oscillospirales,Ruminococcaceae,Incertae_Sedis,None,0.005842259006815969
Bacteria,Firmicutes,Clostridia,Lachnospirales,Lachnospiraceae,Roseburia,None,Bacteria,Firmicutes,Clostridia,Oscillospirales,Ruminococcaceae,Negativibacillus,None,0.005842259006815969
Bacteria,Firmicutes,Clostridia,Lachnospirales,Lachnospiraceae,Roseburia,None,Bacteria,Firmicutes,Clostridia,Oscillospirales,Ruminococcaceae,Ruminococcus,Ruminococcus_champanellensis,0.006815968841285297
Bacteria,Firmicutes,Clostridia,Lachnospirales,Lachnospiraceae,Roseburia,None,Bacteria,Firmicutes,Clostridia,Oscillospirales,Ruminococcaceae,Ruminococcus,None,0.005842259006815969
Bacteria,Firmicutes,Clostridia,Lachnospirales,Lachnospiraceae,Roseburia,None,Bacteria,Firmicutes,Clostridia,Oscillospirales,Ruminococcaceae,Subdoligranulum,None,0.005842259006815969
Bacteria,Firmicutes,Clostridia,Lachnospirales,Lachnospiraceae,Roseburia,None,Bacteria,Firmicutes,Clostridia,Oscillospirales,Ruminococcaceae,UBA1819,None,0.005842259006815969
Bacteria,Firmicutes,Clostridia,Lachnospirales,Lachnospiraceae,Roseburia,None,Bacteria,Firmicutes,Clostridia,Oscillospirales,Ruminococcaceae,Eubacterium_siraeum_group,None,0.005842259006815969
Bacteria,Firmicutes,Clostridia,Lachnospirales,Lachnospiraceae,Roseburia,None,Bacteria,Firmicutes,Clostridia,Oscillospirales,Ruminococcaceae,None,None,0.004868549172346641
Bacteria,Firmicutes,Clostridia,Lachnospirales,Lachnospiraceae,Roseburia,None,Bacteria,Firmicutes,Clostridia,Oscillospirales,UCG-010,None,None,0.004868549172346641
Bacteria,Firmicutes,Clostridia,Lachnospirales,Lachnospiraceae,Roseburia,None,Bacteria,Firmicutes,Clostridia,Oscillospirales,UCG-010,metagenome,None,0.005842259006815969
Bacteria,Firmicutes,Clostridia,Lachnospirales,Lachnospiraceae,Roseburia,None,Bacteria,Firmicutes,Clostridia,Oscillospirales,UCG-010,uncultured_bacterium,None,0.005842259006815969
Bacteria,Firmicutes,Clostridia,Lachnospirales,Lachnospiraceae,Roseburia,None,Bacteria,Firmicutes,Clostridia,Oscillospirales,UCG-010,uncultured_organism,None,0.005842259006815969
Bacteria,Firmicutes,Clostridia,Lachnospirales,Lachnospiraceae,Roseburia,None,Bacteria,Firmicutes,Clostridia,Oscillospirales,Clostridium_methylpentosum_group,None,None,0.004868549172346641
Bacteria,Firmicutes,Clostridia,Lachnospirales,Lachnospiraceae,Roseburia,None,Bacteria,Firmicutes,Clostridia,Oscillospirales,Eubacterium_coprostanoligenes_group,None,None,0.004868549172346641
Bacteria,Firmicutes,Clostridia,Lachnospirales,Lachnospiraceae,Roseburia,None,Bacteria,Firmicutes,Clostridia,Oscillospirales,None,None,None,0.0038948393378773127
Bacteria,Firmicutes,Clostridia,Lachnospirales,Lachnospiraceae,Roseburia,None,Bacteria,Firmicutes,Clostridia,Peptococcales,Peptococcaceae,uncultured,None,0.005842259006815969
Bacteria,Firmicutes,Clostridia,Lachnospirales,Lachnospiraceae,Roseburia,None,Bacteria,Firmicutes,Clostridia,Peptostreptococcales-Tissierellales,Anaerovoracaceae,Family_XIII_AD3011_group,metagenome,0.006815968841285297
Bacteria,Firmicutes,Clostridia,Lachnospirales,Lachnospiraceae,Roseburia,None,Bacteria,Firmicutes,Clostridia,Peptostreptococcales-Tissierellales,Anaerovoracaceae,Family_XIII_AD3011_group,None,0.005842259006815969
Bacteria,Firmicutes,Clostridia,Lachnospirales,Lachnospiraceae,Roseburia,None,Bacteria,Firmicutes,Clostridia,Peptostreptococcales-Tissierellales,Anaerovoracaceae,Family_XIII_AD3011_group,uncultured,0.006815968841285297
Bacteria,Firmicutes,Clostridia,Lachnospirales,Lachnospiraceae,Roseburia,None,Bacteria,Firmicutes,Clostridia,Peptostreptococcales-Tissierellales,Anaerovoracaceae,Family_XIII_UCG-001,metagenome,0.006815968841285297
Bacteria,Firmicutes,Clostridia,Lachnospirales,Lachnospiraceae,Roseburia,None,Bacteria,Firmicutes,Clostridia,Peptostreptococcales-Tissierellales,Anaerovoracaceae,Eubacterium_nodatum_group,None,0.005842259006815969
Bacteria,Firmicutes,Clostridia,Lachnospirales,Lachnospiraceae,Roseburia,None,Bacteria,Firmicutes,Clostridia,Peptostreptococcales-Tissierellales,Anaerovoracaceae,None,None,0.004868549172346641
Bacteria,Firmicutes,Clostridia,Lachnospirales,Lachnospiraceae,Roseburia,None,Bacteria,Firmicutes,Clostridia,Peptostreptococcales-Tissierellales,Parvimonas,None,None,0.004868549172346641
Bacteria,Firmicutes,Clostridia,Lachnospirales,Lachnospiraceae,Roseburia,None,Bacteria,Firmicutes,Clostridia,None,None,None,None,0.0029211295034079843
Bacteria,Firmicutes,Clostridia,Lachnospirales,Lachnospiraceae,Roseburia,None,Bacteria,Firmicutes,Incertae_Sedis,DTU014,unidentified,None,None,0.006815968841285297
Bacteria,Firmicutes,Clostridia,Lachnospirales,Lachnospiraceae,Roseburia,None,Bacteria,Firmicutes,Limnochordia,M55-D21,uncultured_compost_bacterium,None,None,0.006815968841285297
Bacteria,Firmicutes,Clostridia,Lachnospirales,Lachnospiraceae,Roseburia,None,Bacteria,Firmicutes,Negativicutes,Acidaminococcales,Acidaminococcaceae,Phascolarctobacterium,None,0.007789678675754625
Bacteria,Firmicutes,Clostridia,Lachnospirales,Lachnospiraceae,Roseburia,None,Bacteria,Firmicutes,None,None,None,None,None,0.0038948393378773127
Bacteria,Firmicutes,Clostridia,Lachnospirales,Lachnospiraceae,Roseburia,None,Bacteria,Firmicutes,uncultured,uncultured_Peptococcaceae_bacterium,None,None,None,0.005842259006815969
Bacteria,Firmicutes,Clostridia,Lachnospirales,Lachnospiraceae,Roseburia,None,Bacteria,Proteobacteria,Alphaproteobacteria,Rhodospirillales,uncultured,None,None,0.008763388510223954
Bacteria,Firmicutes,Clostridia,Lachnospirales,Lachnospiraceae,Roseburia,None,Bacteria,Proteobacteria,Gammaproteobacteria,Burkholderiales,Sutterellaceae,Sutterella,Sutterella_sp._252,0.010710808179162609
Bacteria,Firmicutes,Clostridia,Lachnospirales,Lachnospiraceae,Roseburia,None,Bacteria,Proteobacteria,Gammaproteobacteria,Enterobacterales,Enterobacteriaceae,Escherichia-Shigella,None,0.009737098344693282
Bacteria,Firmicutes,Clostridia,Lachnospirales,Lachnospiraceae,Roseburia,None,Bacteria,Proteobacteria,Gammaproteobacteria,Enterobacterales,Enterobacteriaceae,Klebsiella,None,0.009737098344693282
Bacteria,Firmicutes,Clostridia,Lachnospirales,Lachnospiraceae,Roseburia,None,Bacteria,Proteobacteria,Gammaproteobacteria,Enterobacterales,Enterobacteriaceae,None,None,0.008763388510223954
Bacteria,Firmicutes,Clostridia,Lachnospirales,Lachnospiraceae,Roseburia,None,Bacteria,Proteobacteria,Gammaproteobacteria,Pseudomonadales,Pseudomonadaceae,Pseudomonas,None,0.009737098344693282
Bacteria,Firmicutes,Clostridia,Lachnospirales,Lachnospiraceae,Roseburia,None,Bacteria,Synergistota,Synergistia,Synergistales,Synergistaceae,Cloacibacillus,None,0.009737098344693282
Bacteria,Firmicutes,Clostridia,Lachnospirales,Lachnospiraceae,Roseburia,None,Bacteria,Verrucomicrobiota,Verrucomicrobiae,Verrucomicrobiales,Akkermansiaceae,Akkermansia,None,0.009737098344693282
Bacteria,Firmicutes,Clostridia,Lachnospirales,Lachnospiraceae,Roseburia,gut_metagenome,Bacteria,Firmicutes,Clostridia,Lachnospirales,Lachnospiraceae,Tuzzerella,None,0.0029211295034079843
Bacteria,Firmicutes,Clostridia,Lachnospirales,Lachnospiraceae,Roseburia,gut_metagenome,Bacteria,Firmicutes,Clostridia,Lachnospirales,Lachnospiraceae,Tyzzerella,None,0.0029211295034079843
Bacteria,Firmicutes,Clostridia,Lachnospirales,Lachnospiraceae,Roseburia,gut_metagenome,Bacteria,Firmicutes,Clostridia,Lachnospirales,Lachnospiraceae,Eubacterium_hallii_group,None,0.0029211295034079843
Bacteria,Firmicutes,Clostridia,Lachnospirales,Lachnospiraceae,Roseburia,gut_metagenome,Bacteria,Firmicutes,Clostridia,Lachnospirales,Lachnospiraceae,Eubacterium_ventriosum_group,metagenome,0.0038948393378773127
Bacteria,Firmicutes,Clostridia,Lachnospirales,Lachnospiraceae,Roseburia,gut_metagenome,Bacteria,Firmicutes,Clostridia,Lachnospirales,Lachnospiraceae,Ruminococcus_gauvreauii_group,uncultured_Lachnospiraceae_bacterium,0.0038948393378773127
Bacteria,Firmicutes,Clostridia,Lachnospirales,Lachnospiraceae,Roseburia,gut_metagenome,Bacteria,Firmicutes,Clostridia,Lachnospirales,Lachnospiraceae,Ruminococcus_gnavus_group,None,0.0029211295034079843
Bacteria,Firmicutes,Clostridia,Lachnospirales,Lachnospiraceae,Roseburia,gut_metagenome,Bacteria,Firmicutes,Clostridia,Lachnospirales,Lachnospiraceae,Ruminococcus_torques_group,Clostridiaceae_bacterium_LEMV78,0.0038948393378773127
Bacteria,Firmicutes,Clostridia,Lachnospirales,Lachnospiraceae,Roseburia,gut_metagenome,Bacteria,Firmicutes,Clostridia,Lachnospirales,Lachnospiraceae,Ruminococcus_torques_group,None,0.0029211295034079843
Bacteria,Firmicutes,Clostridia,Lachnospirales,Lachnospiraceae,Roseburia,gut_metagenome,Bacteria,Firmicutes,Clostridia,Lachnospirales,Lachnospiraceae,None,None,0.0029211295034079843
Bacteria,Firmicutes,Clostridia,Lachnospirales,Lachnospiraceae,Roseburia,gut_metagenome,Bacteria,Firmicutes,Clostridia,Lachnospirales,Lachnospiraceae,uncultured,None,0.0029211295034079843
Bacteria,Firmicutes,Clostridia,Lachnospirales,Lachnospiraceae,Roseburia,gut_metagenome,Bacteria,Firmicutes,Clostridia,Monoglobales,Monoglobaceae,Monoglobus,None,0.006815968841285297
Bacteria,Firmicutes,Clostridia,Lachnospirales,Lachnospiraceae,Roseburia,gut_metagenome,Bacteria,Firmicutes,Clostridia,Oscillospirales,Butyricicoccaceae,Butyricicoccus,None,0.006815968841285297
Bacteria,Firmicutes,Clostridia,Lachnospirales,Lachnospiraceae,Roseburia,gut_metagenome,Bacteria,Firmicutes,Clostridia,Oscillospirales,Hydrogenoanaerobacterium,None,None,0.005842259006815969
Bacteria,Firmicutes,Clostridia,Lachnospirales,Lachnospiraceae,Roseburia,gut_metagenome,Bacteria,Firmicutes,Clostridia,Oscillospirales,Oscillospiraceae,Colidextribacter,None,0.006815968841285297
Bacteria,Firmicutes,Clostridia,Lachnospirales,Lachnospiraceae,Roseburia,gut_metagenome,Bacteria,Firmicutes,Clostridia,Oscillospirales,Oscillospiraceae,Colidextribacter,metagenome,0.007789678675754625
Bacteria,Firmicutes,Clostridia,Lachnospirales,Lachnospiraceae,Roseburia,gut_metagenome,Bacteria,Firmicutes,Clostridia,Oscillospirales,Oscillospiraceae,Flavonifractor,None,0.006815968841285297
Bacteria,Firmicutes,Clostridia,Lachnospirales,Lachnospiraceae,Roseburia,gut_metagenome,Bacteria,Firmicutes,Clostridia,Oscillospirales,Oscillospiraceae,Intestinimonas,None,0.006815968841285297
Bacteria,Firmicutes,Clostridia,Lachnospirales,Lachnospiraceae,Roseburia,gut_metagenome,Bacteria,Firmicutes,Clostridia,Oscillospirales,Oscillospiraceae,Intestinimonas,uncultured,0.007789678675754625
Bacteria,Firmicutes,Clostridia,Lachnospirales,Lachnospiraceae,Roseburia,gut_metagenome,Bacteria,Firmicutes,Clostridia,Oscillospirales,Oscillospiraceae,NK4A214_group,None,0.006815968841285297
Bacteria,Firmicutes,Clostridia,Lachnospirales,Lachnospiraceae,Roseburia,gut_metagenome,Bacteria,Firmicutes,Clostridia,Oscillospirales,Oscillospiraceae,Oscillibacter,None,0.006815968841285297
Bacteria,Firmicutes,Clostridia,Lachnospirales,Lachnospiraceae,Roseburia,gut_metagenome,Bacteria,Firmicutes,Clostridia,Oscillospirales,Oscillospiraceae,Oscillibacter,metagenome,0.007789678675754625
Bacteria,Firmicutes,Clostridia,Lachnospirales,Lachnospiraceae,Roseburia,gut_metagenome,Bacteria,Firmicutes,Clostridia,Oscillospirales,Oscillospiraceae,Oscillospira,None,0.006815968841285297
Bacteria,Firmicutes,Clostridia,Lachnospirales,Lachnospiraceae,Roseburia,gut_metagenome,Bacteria,Firmicutes,Clostridia,Oscillospirales,Oscillospiraceae,UCG-002,None,0.006815968841285297
Bacteria,Firmicutes,Clostridia,Lachnospirales,Lachnospiraceae,Roseburia,gut_metagenome,Bacteria,Firmicutes,Clostridia,Oscillospirales,Oscillospiraceae,UCG-003,None,0.006815968841285297
Bacteria,Firmicutes,Clostridia,Lachnospirales,Lachnospiraceae,Roseburia,gut_metagenome,Bacteria,Firmicutes,Clostridia,Oscillospirales,Oscillospiraceae,UCG-005,None,0.006815968841285297
Bacteria,Firmicutes,Clostridia,Lachnospirales,Lachnospiraceae,Roseburia,gut_metagenome,Bacteria,Firmicutes,Clostridia,Oscillospirales,Oscillospiraceae,UCG-005,metagenome,0.007789678675754625
Bacteria,Firmicutes,Clostridia,Lachnospirales,Lachnospiraceae,Roseburia,gut_metagenome,Bacteria,Firmicutes,Clostridia,Oscillospirales,Oscillospiraceae,UCG-005,uncultured_Clostridiales_bacterium,0.007789678675754625
Bacteria,Firmicutes,Clostridia,Lachnospirales,Lachnospiraceae,Roseburia,gut_metagenome,Bacteria,Firmicutes,Clostridia,Oscillospirales,Oscillospiraceae,UCG-005,uncultured_rumen_bacterium,0.007789678675754625
Bacteria,Firmicutes,Clostridia,Lachnospirales,Lachnospiraceae,Roseburia,gut_metagenome,Bacteria,Firmicutes,Clostridia,Oscillospirales,Oscillospiraceae,None,None,0.005842259006815969
Bacteria,Firmicutes,Clostridia,Lachnospirales,Lachnospiraceae,Roseburia,gut_metagenome,Bacteria,Firmicutes,Clostridia,Oscillospirales,Oscillospiraceae,uncultured,metagenome,0.007789678675754625
Bacteria,Firmicutes,Clostridia,Lachnospirales,Lachnospiraceae,Roseburia,gut_metagenome,Bacteria,Firmicutes,Clostridia,Oscillospirales,Oscillospiraceae,uncultured,unidentified,0.007789678675754625
Bacteria,Firmicutes,Clostridia,Lachnospirales,Lachnospiraceae,Roseburia,gut_metagenome,Bacteria,Firmicutes,Clostridia,Oscillospirales,Ruminococcaceae,Anaerofilum,uncultured_Firmicutes_bacterium,0.007789678675754625
Bacteria,Firmicutes,Clostridia,Lachnospirales,Lachnospiraceae,Roseburia,gut_metagenome,Bacteria,Firmicutes,Clostridia,Oscillospirales,Ruminococcaceae,Anaerotruncus,Anaerotruncus_rubiinfantis,0.007789678675754625
Bacteria,Firmicutes,Clostridia,Lachnospirales,Lachnospiraceae,Roseburia,gut_metagenome,Bacteria,Firmicutes,Clostridia,Oscillospirales,Ruminococcaceae,Anaerotruncus,Anaerotruncus_sp._NML_070203,0.007789678675754625
Bacteria,Firmicutes,Clostridia,Lachnospirales,Lachnospiraceae,Roseburia,gut_metagenome,Bacteria,Firmicutes,Clostridia,Oscillospirales,Ruminococcaceae,Candidatus_Soleaferrea,Neobitarella_massiliensis,0.007789678675754625
Bacteria,Firmicutes,Clostridia,Lachnospirales,Lachnospiraceae,Roseburia,gut_metagenome,Bacteria,Firmicutes,Clostridia,Oscillospirales,Ruminococcaceae,Candidatus_Soleaferrea,None,0.006815968841285297
Bacteria,Firmicutes,Clostridia,Lachnospirales,Lachnospiraceae,Roseburia,gut_metagenome,Bacteria,Firmicutes,Clostridia,Oscillospirales,Ruminococcaceae,DTU089,None,0.006815968841285297
Bacteria,Firmicutes,Clostridia,Lachnospirales,Lachnospiraceae,Roseburia,gut_metagenome,Bacteria,Firmicutes,Clostridia,Oscillospirales,Ruminococcaceae,Faecalibacterium,None,0.006815968841285297
Bacteria,Firmicutes,Clostridia,Lachnospirales,Lachnospiraceae,Roseburia,gut_metagenome,Bacteria,Firmicutes,Clostridia,Oscillospirales,Ruminococcaceae,Fournierella,uncultured_organism,0.007789678675754625
Bacteria,Firmicutes,Clostridia,Lachnospirales,Lachnospiraceae,Roseburia,gut_metagenome,Bacteria,Firmicutes,Clostridia,Oscillospirales,Ruminococcaceae,Incertae_Sedis,metagenome,0.007789678675754625
Bacteria,Firmicutes,Clostridia,Lachnospirales,Lachnospiraceae,Roseburia,gut_metagenome,Bacteria,Firmicutes,Clostridia,Oscillospirales,Ruminococcaceae,Incertae_Sedis,None,0.006815968841285297
Bacteria,Firmicutes,Clostridia,Lachnospirales,Lachnospiraceae,Roseburia,gut_metagenome,Bacteria,Firmicutes,Clostridia,Oscillospirales,Ruminococcaceae,Negativibacillus,None,0.006815968841285297
Bacteria,Firmicutes,Clostridia,Lachnospirales,Lachnospiraceae,Roseburia,gut_metagenome,Bacteria,Firmicutes,Clostridia,Oscillospirales,Ruminococcaceae,Ruminococcus,Ruminococcus_champanellensis,0.007789678675754625
Bacteria,Firmicutes,Clostridia,Lachnospirales,Lachnospiraceae,Roseburia,gut_metagenome,Bacteria,Firmicutes,Clostridia,Oscillospirales,Ruminococcaceae,Ruminococcus,None,0.006815968841285297
Bacteria,Firmicutes,Clostridia,Lachnospirales,Lachnospiraceae,Roseburia,gut_metagenome,Bacteria,Firmicutes,Clostridia,Oscillospirales,Ruminococcaceae,Subdoligranulum,None,0.006815968841285297
Bacteria,Firmicutes,Clostridia,Lachnospirales,Lachnospiraceae,Roseburia,gut_metagenome,Bacteria,Firmicutes,Clostridia,Oscillospirales,Ruminococcaceae,UBA1819,None,0.006815968841285297
Bacteria,Firmicutes,Clostridia,Lachnospirales,Lachnospiraceae,Roseburia,gut_metagenome,Bacteria,Firmicutes,Clostridia,Oscillospirales,Ruminococcaceae,Eubacterium_siraeum_group,None,0.006815968841285297
Bacteria,Firmicutes,Clostridia,Lachnospirales,Lachnospiraceae,Roseburia,gut_metagenome,Bacteria,Firmicutes,Clostridia,Oscillospirales,Ruminococcaceae,None,None,0.005842259006815969
Bacteria,Firmicutes,Clostridia,Lachnospirales,Lachnospiraceae,Roseburia,gut_metagenome,Bacteria,Firmicutes,Clostridia,Oscillospirales,UCG-010,None,None,0.005842259006815969
Bacteria,Firmicutes,Clostridia,Lachnospirales,Lachnospiraceae,Roseburia,gut_metagenome,Bacteria,Firmicutes,Clostridia,Oscillospirales,UCG-010,metagenome,None,0.006815968841285297
Bacteria,Firmicutes,Clostridia,Lachnospirales,Lachnospiraceae,Roseburia,gut_metagenome,Bacteria,Firmicutes,Clostridia,Oscillospirales,UCG-010,uncultured_bacterium,None,0.006815968841285297
Bacteria,Firmicutes,Clostridia,Lachnospirales,Lachnospiraceae,Roseburia,gut_metagenome,Bacteria,Firmicutes,Clostridia,Oscillospirales,UCG-010,uncultured_organism,None,0.006815968841285297
Bacteria,Firmicutes,Clostridia,Lachnospirales,Lachnospiraceae,Roseburia,gut_metagenome,Bacteria,Firmicutes,Clostridia,Oscillospirales,Clostridium_methylpentosum_group,None,None,0.005842259006815969
Bacteria,Firmicutes,Clostridia,Lachnospirales,Lachnospiraceae,Roseburia,gut_metagenome,Bacteria,Firmicutes,Clostridia,Oscillospirales,Eubacterium_coprostanoligenes_group,None,None,0.005842259006815969
Bacteria,Firmicutes,Clostridia,Lachnospirales,Lachnospiraceae,Roseburia,gut_metagenome,Bacteria,Firmicutes,Clostridia,Oscillospirales,None,None,None,0.004868549172346641
Bacteria,Firmicutes,Clostridia,Lachnospirales,Lachnospiraceae,Roseburia,gut_metagenome,Bacteria,Firmicutes,Clostridia,Peptococcales,Peptococcaceae,uncultured,None,0.006815968841285297
Bacteria,Firmicutes,Clostridia,Lachnospirales,Lachnospiraceae,Roseburia,gut_metagenome,Bacteria,Firmicutes,Clostridia,Peptostreptococcales-Tissierellales,Anaerovoracaceae,Family_XIII_AD3011_group,metagenome,0.007789678675754625
Bacteria,Firmicutes,Clostridia,Lachnospirales,Lachnospiraceae,Roseburia,gut_metagenome,Bacteria,Firmicutes,Clostridia,Peptostreptococcales-Tissierellales,Anaerovoracaceae,Family_XIII_AD3011_group,None,0.006815968841285297
Bacteria,Firmicutes,Clostridia,Lachnospirales,Lachnospiraceae,Roseburia,gut_metagenome,Bacteria,Firmicutes,Clostridia,Peptostreptococcales-Tissierellales,Anaerovoracaceae,Family_XIII_AD3011_group,uncultured,0.007789678675754625
Bacteria,Firmicutes,Clostridia,Lachnospirales,Lachnospiraceae,Roseburia,gut_metagenome,Bacteria,Firmicutes,Clostridia,Peptostreptococcales-Tissierellales,Anaerovoracaceae,Family_XIII_UCG-001,metagenome,0.007789678675754625
Bacteria,Firmicutes,Clostridia,Lachnospirales,Lachnospiraceae,Roseburia,gut_metagenome,Bacteria,Firmicutes,Clostridia,Peptostreptococcales-Tissierellales,Anaerovoracaceae,Eubacterium_nodatum_group,None,0.006815968841285297
Bacteria,Firmicutes,Clostridia,Lachnospirales,Lachnospiraceae,Roseburia,gut_metagenome,Bacteria,Firmicutes,Clostridia,Peptostreptococcales-Tissierellales,Anaerovoracaceae,None,None,0.005842259006815969
Bacteria,Firmicutes,Clostridia,Lachnospirales,Lachnospiraceae,Roseburia,gut_metagenome,Bacteria,Firmicutes,Clostridia,Peptostreptococcales-Tissierellales,Parvimonas,None,None,0.005842259006815969
Bacteria,Firmicutes,Clostridia,Lachnospirales,Lachnospiraceae,Roseburia,gut_metagenome,Bacteria,Firmicutes,Clostridia,None,None,None,None,0.0038948393378773127
Bacteria,Firmicutes,Clostridia,Lachnospirales,Lachnospiraceae,Roseburia,gut_metagenome,Bacteria,Firmicutes,Incertae_Sedis,DTU014,unidentified,None,None,0.007789678675754625
Bacteria,Firmicutes,Clostridia,Lachnospirales,Lachnospiraceae,Roseburia,gut_metagenome,Bacteria,Firmicutes,Limnochordia,M55-D21,uncultured_compost_bacterium,None,None,0.007789678675754625
Bacteria,Firmicutes,Clostridia,Lachnospirales,Lachnospiraceae,Roseburia,gut_metagenome,Bacteria,Firmicutes,Negativicutes,Acidaminococcales,Acidaminococcaceae,Phascolarctobacterium,None,0.008763388510223954
Bacteria,Firmicutes,Clostridia,Lachnospirales,Lachnospiraceae,Roseburia,gut_metagenome,Bacteria,Firmicutes,None,None,None,None,None,0.004868549172346641
Bacteria,Firmicutes,Clostridia,Lachnospirales,Lachnospiraceae,Roseburia,gut_metagenome,Bacteria,Firmicutes,uncultured,uncultured_Peptococcaceae_bacterium,None,None,None,0.006815968841285297
Bacteria,Firmicutes,Clostridia,Lachnospirales,Lachnospiraceae,Roseburia,gut_metagenome,Bacteria,Proteobacteria,Alphaproteobacteria,Rhodospirillales,uncultured,None,None,0.009737098344693282
Bacteria,Firmicutes,Clostridia,Lachnospirales,Lachnospiraceae,Roseburia,gut_metagenome,Bacteria,Proteobacteria,Gammaproteobacteria,Burkholderiales,Sutterellaceae,Sutterella,Sutterella_sp._252,0.011684518013631937
Bacteria,Firmicutes,Clostridia,Lachnospirales,Lachnospiraceae,Roseburia,gut_metagenome,Bacteria,Proteobacteria,Gammaproteobacteria,Enterobacterales,Enterobacteriaceae,Escherichia-Shigella,None,0.010710808179162609
Bacteria,Firmicutes,Clostridia,Lachnospirales,Lachnospiraceae,Roseburia,gut_metagenome,Bacteria,Proteobacteria,Gammaproteobacteria,Enterobacterales,Enterobacteriaceae,Klebsiella,None,0.010710808179162609
Bacteria,Firmicutes,Clostridia,Lachnospirales,Lachnospiraceae,Roseburia,gut_metagenome,Bacteria,Proteobacteria,Gammaproteobacteria,Enterobacterales,Enterobacteriaceae,None,None,0.009737098344693282
Bacteria,Firmicutes,Clostridia,Lachnospirales,Lachnospiraceae,Roseburia,gut_metagenome,Bacteria,Proteobacteria,Gammaproteobacteria,Pseudomonadales,Pseudomonadaceae,Pseudomonas,None,0.010710808179162609
Bacteria,Firmicutes,Clostridia,Lachnospirales,Lachnospiraceae,Roseburia,gut_metagenome,Bacteria,Synergistota,Synergistia,Synergistales,Synergistaceae,Cloacibacillus,None,0.010710808179162609
Bacteria,Firmicutes,Clostridia,Lachnospirales,Lachnospiraceae,Roseburia,gut_metagenome,Bacteria,Verrucomicrobiota,Verrucomicrobiae,Verrucomicrobiales,Akkermansiaceae,Akkermansia,None,0.010710808179162609
Bacteria,Firmicutes,Clostridia,Lachnospirales,Lachnospiraceae,Tuzzerella,None,Bacteria,Firmicutes,Clostridia,Lachnospirales,Lachnospiraceae,Tyzzerella,None,0.0019474196689386564
Bacteria,Firmicutes,Clostridia,Lachnospirales,Lachnospiraceae,Tuzzerella,None,Bacteria,Firmicutes,Clostridia,Lachnospirales,Lachnospiraceae,Eubacterium_hallii_group,None,0.0019474196689386564
Bacteria,Firmicutes,Clostridia,Lachnospirales,Lachnospiraceae,Tuzzerella,None,Bacteria,Firmicutes,Clostridia,Lachnospirales,Lachnospiraceae,Eubacterium_ventriosum_group,metagenome,0.0029211295034079843
Bacteria,Firmicutes,Clostridia,Lachnospirales,Lachnospiraceae,Tuzzerella,None,Bacteria,Firmicutes,Clostridia,Lachnospirales,Lachnospiraceae,Ruminococcus_gauvreauii_group,uncultured_Lachnospiraceae_bacterium,0.0029211295034079843
Bacteria,Firmicutes,Clostridia,Lachnospirales,Lachnospiraceae,Tuzzerella,None,Bacteria,Firmicutes,Clostridia,Lachnospirales,Lachnospiraceae,Ruminococcus_gnavus_group,None,0.0019474196689386564
Bacteria,Firmicutes,Clostridia,Lachnospirales,Lachnospiraceae,Tuzzerella,None,Bacteria,Firmicutes,Clostridia,Lachnospirales,Lachnospiraceae,Ruminococcus_torques_group,Clostridiaceae_bacterium_LEMV78,0.0029211295034079843
Bacteria,Firmicutes,Clostridia,Lachnospirales,Lachnospiraceae,Tuzzerella,None,Bacteria,Firmicutes,Clostridia,Lachnospirales,Lachnospiraceae,Ruminococcus_torques_group,None,0.0019474196689386564
Bacteria,Firmicutes,Clostridia,Lachnospirales,Lachnospiraceae,Tuzzerella,None,Bacteria,Firmicutes,Clostridia,Lachnospirales,Lachnospiraceae,None,None,0.0019474196689386564
Bacteria,Firmicutes,Clostridia,Lachnospirales,Lachnospiraceae,Tuzzerella,None,Bacteria,Firmicutes,Clostridia,Lachnospirales,Lachnospiraceae,uncultured,None,0.0019474196689386564
Bacteria,Firmicutes,Clostridia,Lachnospirales,Lachnospiraceae,Tuzzerella,None,Bacteria,Firmicutes,Clostridia,Monoglobales,Monoglobaceae,Monoglobus,None,0.005842259006815969
Bacteria,Firmicutes,Clostridia,Lachnospirales,Lachnospiraceae,Tuzzerella,None,Bacteria,Firmicutes,Clostridia,Oscillospirales,Butyricicoccaceae,Butyricicoccus,None,0.005842259006815969
Bacteria,Firmicutes,Clostridia,Lachnospirales,Lachnospiraceae,Tuzzerella,None,Bacteria,Firmicutes,Clostridia,Oscillospirales,Hydrogenoanaerobacterium,None,None,0.004868549172346641
Bacteria,Firmicutes,Clostridia,Lachnospirales,Lachnospiraceae,Tuzzerella,None,Bacteria,Firmicutes,Clostridia,Oscillospirales,Oscillospiraceae,Colidextribacter,None,0.005842259006815969
Bacteria,Firmicutes,Clostridia,Lachnospirales,Lachnospiraceae,Tuzzerella,None,Bacteria,Firmicutes,Clostridia,Oscillospirales,Oscillospiraceae,Colidextribacter,metagenome,0.006815968841285297
Bacteria,Firmicutes,Clostridia,Lachnospirales,Lachnospiraceae,Tuzzerella,None,Bacteria,Firmicutes,Clostridia,Oscillospirales,Oscillospiraceae,Flavonifractor,None,0.005842259006815969
Bacteria,Firmicutes,Clostridia,Lachnospirales,Lachnospiraceae,Tuzzerella,None,Bacteria,Firmicutes,Clostridia,Oscillospirales,Oscillospiraceae,Intestinimonas,None,0.005842259006815969
Bacteria,Firmicutes,Clostridia,Lachnospirales,Lachnospiraceae,Tuzzerella,None,Bacteria,Firmicutes,Clostridia,Oscillospirales,Oscillospiraceae,Intestinimonas,uncultured,0.006815968841285297
Bacteria,Firmicutes,Clostridia,Lachnospirales,Lachnospiraceae,Tuzzerella,None,Bacteria,Firmicutes,Clostridia,Oscillospirales,Oscillospiraceae,NK4A214_group,None,0.005842259006815969
Bacteria,Firmicutes,Clostridia,Lachnospirales,Lachnospiraceae,Tuzzerella,None,Bacteria,Firmicutes,Clostridia,Oscillospirales,Oscillospiraceae,Oscillibacter,None,0.005842259006815969
Bacteria,Firmicutes,Clostridia,Lachnospirales,Lachnospiraceae,Tuzzerella,None,Bacteria,Firmicutes,Clostridia,Oscillospirales,Oscillospiraceae,Oscillibacter,metagenome,0.006815968841285297
Bacteria,Firmicutes,Clostridia,Lachnospirales,Lachnospiraceae,Tuzzerella,None,Bacteria,Firmicutes,Clostridia,Oscillospirales,Oscillospiraceae,Oscillospira,None,0.005842259006815969
Bacteria,Firmicutes,Clostridia,Lachnospirales,Lachnospiraceae,Tuzzerella,None,Bacteria,Firmicutes,Clostridia,Oscillospirales,Oscillospiraceae,UCG-002,None,0.005842259006815969
Bacteria,Firmicutes,Clostridia,Lachnospirales,Lachnospiraceae,Tuzzerella,None,Bacteria,Firmicutes,Clostridia,Oscillospirales,Oscillospiraceae,UCG-003,None,0.005842259006815969
Bacteria,Firmicutes,Clostridia,Lachnospirales,Lachnospiraceae,Tuzzerella,None,Bacteria,Firmicutes,Clostridia,Oscillospirales,Oscillospiraceae,UCG-005,None,0.005842259006815969
Bacteria,Firmicutes,Clostridia,Lachnospirales,Lachnospiraceae,Tuzzerella,None,Bacteria,Firmicutes,Clostridia,Oscillospirales,Oscillospiraceae,UCG-005,metagenome,0.006815968841285297
Bacteria,Firmicutes,Clostridia,Lachnospirales,Lachnospiraceae,Tuzzerella,None,Bacteria,Firmicutes,Clostridia,Oscillospirales,Oscillospiraceae,UCG-005,uncultured_Clostridiales_bacterium,0.006815968841285297
Bacteria,Firmicutes,Clostridia,Lachnospirales,Lachnospiraceae,Tuzzerella,None,Bacteria,Firmicutes,Clostridia,Oscillospirales,Oscillospiraceae,UCG-005,uncultured_rumen_bacterium,0.006815968841285297
Bacteria,Firmicutes,Clostridia,Lachnospirales,Lachnospiraceae,Tuzzerella,None,Bacteria,Firmicutes,Clostridia,Oscillospirales,Oscillospiraceae,None,None,0.004868549172346641
Bacteria,Firmicutes,Clostridia,Lachnospirales,Lachnospiraceae,Tuzzerella,None,Bacteria,Firmicutes,Clostridia,Oscillospirales,Oscillospiraceae,uncultured,metagenome,0.006815968841285297
Bacteria,Firmicutes,Clostridia,Lachnospirales,Lachnospiraceae,Tuzzerella,None,Bacteria,Firmicutes,Clostridia,Oscillospirales,Oscillospiraceae,uncultured,unidentified,0.006815968841285297
Bacteria,Firmicutes,Clostridia,Lachnospirales,Lachnospiraceae,Tuzzerella,None,Bacteria,Firmicutes,Clostridia,Oscillospirales,Ruminococcaceae,Anaerofilum,uncultured_Firmicutes_bacterium,0.006815968841285297
Bacteria,Firmicutes,Clostridia,Lachnospirales,Lachnospiraceae,Tuzzerella,None,Bacteria,Firmicutes,Clostridia,Oscillospirales,Ruminococcaceae,Anaerotruncus,Anaerotruncus_rubiinfantis,0.006815968841285297
Bacteria,Firmicutes,Clostridia,Lachnospirales,Lachnospiraceae,Tuzzerella,None,Bacteria,Firmicutes,Clostridia,Oscillospirales,Ruminococcaceae,Anaerotruncus,Anaerotruncus_sp._NML_070203,0.006815968841285297
Bacteria,Firmicutes,Clostridia,Lachnospirales,Lachnospiraceae,Tuzzerella,None,Bacteria,Firmicutes,Clostridia,Oscillospirales,Ruminococcaceae,Candidatus_Soleaferrea,Neobitarella_massiliensis,0.006815968841285297
Bacteria,Firmicutes,Clostridia,Lachnospirales,Lachnospiraceae,Tuzzerella,None,Bacteria,Firmicutes,Clostridia,Oscillospirales,Ruminococcaceae,Candidatus_Soleaferrea,None,0.005842259006815969
Bacteria,Firmicutes,Clostridia,Lachnospirales,Lachnospiraceae,Tuzzerella,None,Bacteria,Firmicutes,Clostridia,Oscillospirales,Ruminococcaceae,DTU089,None,0.005842259006815969
Bacteria,Firmicutes,Clostridia,Lachnospirales,Lachnospiraceae,Tuzzerella,None,Bacteria,Firmicutes,Clostridia,Oscillospirales,Ruminococcaceae,Faecalibacterium,None,0.005842259006815969
Bacteria,Firmicutes,Clostridia,Lachnospirales,Lachnospiraceae,Tuzzerella,None,Bacteria,Firmicutes,Clostridia,Oscillospirales,Ruminococcaceae,Fournierella,uncultured_organism,0.006815968841285297
Bacteria,Firmicutes,Clostridia,Lachnospirales,Lachnospiraceae,Tuzzerella,None,Bacteria,Firmicutes,Clostridia,Oscillospirales,Ruminococcaceae,Incertae_Sedis,metagenome,0.006815968841285297
Bacteria,Firmicutes,Clostridia,Lachnospirales,Lachnospiraceae,Tuzzerella,None,Bacteria,Firmicutes,Clostridia,Oscillospirales,Ruminococcaceae,Incertae_Sedis,None,0.005842259006815969
Bacteria,Firmicutes,Clostridia,Lachnospirales,Lachnospiraceae,Tuzzerella,None,Bacteria,Firmicutes,Clostridia,Oscillospirales,Ruminococcaceae,Negativibacillus,None,0.005842259006815969
Bacteria,Firmicutes,Clostridia,Lachnospirales,Lachnospiraceae,Tuzzerella,None,Bacteria,Firmicutes,Clostridia,Oscillospirales,Ruminococcaceae,Ruminococcus,Ruminococcus_champanellensis,0.006815968841285297
Bacteria,Firmicutes,Clostridia,Lachnospirales,Lachnospiraceae,Tuzzerella,None,Bacteria,Firmicutes,Clostridia,Oscillospirales,Ruminococcaceae,Ruminococcus,None,0.005842259006815969
Bacteria,Firmicutes,Clostridia,Lachnospirales,Lachnospiraceae,Tuzzerella,None,Bacteria,Firmicutes,Clostridia,Oscillospirales,Ruminococcaceae,Subdoligranulum,None,0.005842259006815969
Bacteria,Firmicutes,Clostridia,Lachnospirales,Lachnospiraceae,Tuzzerella,None,Bacteria,Firmicutes,Clostridia,Oscillospirales,Ruminococcaceae,UBA1819,None,0.005842259006815969
Bacteria,Firmicutes,Clostridia,Lachnospirales,Lachnospiraceae,Tuzzerella,None,Bacteria,Firmicutes,Clostridia,Oscillospirales,Ruminococcaceae,Eubacterium_siraeum_group,None,0.005842259006815969
Bacteria,Firmicutes,Clostridia,Lachnospirales,Lachnospiraceae,Tuzzerella,None,Bacteria,Firmicutes,Clostridia,Oscillospirales,Ruminococcaceae,None,None,0.004868549172346641
Bacteria,Firmicutes,Clostridia,Lachnospirales,Lachnospiraceae,Tuzzerella,None,Bacteria,Firmicutes,Clostridia,Oscillospirales,UCG-010,None,None,0.004868549172346641
Bacteria,Firmicutes,Clostridia,Lachnospirales,Lachnospiraceae,Tuzzerella,None,Bacteria,Firmicutes,Clostridia,Oscillospirales,UCG-010,metagenome,None,0.005842259006815969
Bacteria,Firmicutes,Clostridia,Lachnospirales,Lachnospiraceae,Tuzzerella,None,Bacteria,Firmicutes,Clostridia,Oscillospirales,UCG-010,uncultured_bacterium,None,0.005842259006815969
Bacteria,Firmicutes,Clostridia,Lachnospirales,Lachnospiraceae,Tuzzerella,None,Bacteria,Firmicutes,Clostridia,Oscillospirales,UCG-010,uncultured_organism,None,0.005842259006815969
Bacteria,Firmicutes,Clostridia,Lachnospirales,Lachnospiraceae,Tuzzerella,None,Bacteria,Firmicutes,Clostridia,Oscillospirales,Clostridium_methylpentosum_group,None,None,0.004868549172346641
Bacteria,Firmicutes,Clostridia,Lachnospirales,Lachnospiraceae,Tuzzerella,None,Bacteria,Firmicutes,Clostridia,Oscillospirales,Eubacterium_coprostanoligenes_group,None,None,0.004868549172346641
Bacteria,Firmicutes,Clostridia,Lachnospirales,Lachnospiraceae,Tuzzerella,None,Bacteria,Firmicutes,Clostridia,Oscillospirales,None,None,None,0.0038948393378773127
Bacteria,Firmicutes,Clostridia,Lachnospirales,Lachnospiraceae,Tuzzerella,None,Bacteria,Firmicutes,Clostridia,Peptococcales,Peptococcaceae,uncultured,None,0.005842259006815969
Bacteria,Firmicutes,Clostridia,Lachnospirales,Lachnospiraceae,Tuzzerella,None,Bacteria,Firmicutes,Clostridia,Peptostreptococcales-Tissierellales,Anaerovoracaceae,Family_XIII_AD3011_group,metagenome,0.006815968841285297
Bacteria,Firmicutes,Clostridia,Lachnospirales,Lachnospiraceae,Tuzzerella,None,Bacteria,Firmicutes,Clostridia,Peptostreptococcales-Tissierellales,Anaerovoracaceae,Family_XIII_AD3011_group,None,0.005842259006815969
Bacteria,Firmicutes,Clostridia,Lachnospirales,Lachnospiraceae,Tuzzerella,None,Bacteria,Firmicutes,Clostridia,Peptostreptococcales-Tissierellales,Anaerovoracaceae,Family_XIII_AD3011_group,uncultured,0.006815968841285297
Bacteria,Firmicutes,Clostridia,Lachnospirales,Lachnospiraceae,Tuzzerella,None,Bacteria,Firmicutes,Clostridia,Peptostreptococcales-Tissierellales,Anaerovoracaceae,Family_XIII_UCG-001,metagenome,0.006815968841285297
Bacteria,Firmicutes,Clostridia,Lachnospirales,Lachnospiraceae,Tuzzerella,None,Bacteria,Firmicutes,Clostridia,Peptostreptococcales-Tissierellales,Anaerovoracaceae,Eubacterium_nodatum_group,None,0.005842259006815969
Bacteria,Firmicutes,Clostridia,Lachnospirales,Lachnospiraceae,Tuzzerella,None,Bacteria,Firmicutes,Clostridia,Peptostreptococcales-Tissierellales,Anaerovoracaceae,None,None,0.004868549172346641
Bacteria,Firmicutes,Clostridia,Lachnospirales,Lachnospiraceae,Tuzzerella,None,Bacteria,Firmicutes,Clostridia,Peptostreptococcales-Tissierellales,Parvimonas,None,None,0.004868549172346641
Bacteria,Firmicutes,Clostridia,Lachnospirales,Lachnospiraceae,Tuzzerella,None,Bacteria,Firmicutes,Clostridia,None,None,None,None,0.0029211295034079843
Bacteria,Firmicutes,Clostridia,Lachnospirales,Lachnospiraceae,Tuzzerella,None,Bacteria,Firmicutes,Incertae_Sedis,DTU014,unidentified,None,None,0.006815968841285297
Bacteria,Firmicutes,Clostridia,Lachnospirales,Lachnospiraceae,Tuzzerella,None,Bacteria,Firmicutes,Limnochordia,M55-D21,uncultured_compost_bacterium,None,None,0.006815968841285297
Bacteria,Firmicutes,Clostridia,Lachnospirales,Lachnospiraceae,Tuzzerella,None,Bacteria,Firmicutes,Negativicutes,Acidaminococcales,Acidaminococcaceae,Phascolarctobacterium,None,0.007789678675754625
Bacteria,Firmicutes,Clostridia,Lachnospirales,Lachnospiraceae,Tuzzerella,None,Bacteria,Firmicutes,None,None,None,None,None,0.0038948393378773127
Bacteria,Firmicutes,Clostridia,Lachnospirales,Lachnospiraceae,Tuzzerella,None,Bacteria,Firmicutes,uncultured,uncultured_Peptococcaceae_bacterium,None,None,None,0.005842259006815969
Bacteria,Firmicutes,Clostridia,Lachnospirales,Lachnospiraceae,Tuzzerella,None,Bacteria,Proteobacteria,Alphaproteobacteria,Rhodospirillales,uncultured,None,None,0.008763388510223954
Bacteria,Firmicutes,Clostridia,Lachnospirales,Lachnospiraceae,Tuzzerella,None,Bacteria,Proteobacteria,Gammaproteobacteria,Burkholderiales,Sutterellaceae,Sutterella,Sutterella_sp._252,0.010710808179162609
Bacteria,Firmicutes,Clostridia,Lachnospirales,Lachnospiraceae,Tuzzerella,None,Bacteria,Proteobacteria,Gammaproteobacteria,Enterobacterales,Enterobacteriaceae,Escherichia-Shigella,None,0.009737098344693282
Bacteria,Firmicutes,Clostridia,Lachnospirales,Lachnospiraceae,Tuzzerella,None,Bacteria,Proteobacteria,Gammaproteobacteria,Enterobacterales,Enterobacteriaceae,Klebsiella,None,0.009737098344693282
Bacteria,Firmicutes,Clostridia,Lachnospirales,Lachnospiraceae,Tuzzerella,None,Bacteria,Proteobacteria,Gammaproteobacteria,Enterobacterales,Enterobacteriaceae,None,None,0.008763388510223954
Bacteria,Firmicutes,Clostridia,Lachnospirales,Lachnospiraceae,Tuzzerella,None,Bacteria,Proteobacteria,Gammaproteobacteria,Pseudomonadales,Pseudomonadaceae,Pseudomonas,None,0.009737098344693282
Bacteria,Firmicutes,Clostridia,Lachnospirales,Lachnospiraceae,Tuzzerella,None,Bacteria,Synergistota,Synergistia,Synergistales,Synergistaceae,Cloacibacillus,None,0.009737098344693282
Bacteria,Firmicutes,Clostridia,Lachnospirales,Lachnospiraceae,Tuzzerella,None,Bacteria,Verrucomicrobiota,Verrucomicrobiae,Verrucomicrobiales,Akkermansiaceae,Akkermansia,None,0.009737098344693282
Bacteria,Firmicutes,Clostridia,Lachnospirales,Lachnospiraceae,Tyzzerella,None,Bacteria,Firmicutes,Clostridia,Lachnospirales,Lachnospiraceae,Eubacterium_hallii_group,None,0.0019474196689386564
Bacteria,Firmicutes,Clostridia,Lachnospirales,Lachnospiraceae,Tyzzerella,None,Bacteria,Firmicutes,Clostridia,Lachnospirales,Lachnospiraceae,Eubacterium_ventriosum_group,metagenome,0.0029211295034079843
Bacteria,Firmicutes,Clostridia,Lachnospirales,Lachnospiraceae,Tyzzerella,None,Bacteria,Firmicutes,Clostridia,Lachnospirales,Lachnospiraceae,Ruminococcus_gauvreauii_group,uncultured_Lachnospiraceae_bacterium,0.0029211295034079843
Bacteria,Firmicutes,Clostridia,Lachnospirales,Lachnospiraceae,Tyzzerella,None,Bacteria,Firmicutes,Clostridia,Lachnospirales,Lachnospiraceae,Ruminococcus_gnavus_group,None,0.0019474196689386564
Bacteria,Firmicutes,Clostridia,Lachnospirales,Lachnospiraceae,Tyzzerella,None,Bacteria,Firmicutes,Clostridia,Lachnospirales,Lachnospiraceae,Ruminococcus_torques_group,Clostridiaceae_bacterium_LEMV78,0.0029211295034079843
Bacteria,Firmicutes,Clostridia,Lachnospirales,Lachnospiraceae,Tyzzerella,None,Bacteria,Firmicutes,Clostridia,Lachnospirales,Lachnospiraceae,Ruminococcus_torques_group,None,0.0019474196689386564
Bacteria,Firmicutes,Clostridia,Lachnospirales,Lachnospiraceae,Tyzzerella,None,Bacteria,Firmicutes,Clostridia,Lachnospirales,Lachnospiraceae,None,None,0.0019474196689386564
Bacteria,Firmicutes,Clostridia,Lachnospirales,Lachnospiraceae,Tyzzerella,None,Bacteria,Firmicutes,Clostridia,Lachnospirales,Lachnospiraceae,uncultured,None,0.0019474196689386564
Bacteria,Firmicutes,Clostridia,Lachnospirales,Lachnospiraceae,Tyzzerella,None,Bacteria,Firmicutes,Clostridia,Monoglobales,Monoglobaceae,Monoglobus,None,0.005842259006815969
Bacteria,Firmicutes,Clostridia,Lachnospirales,Lachnospiraceae,Tyzzerella,None,Bacteria,Firmicutes,Clostridia,Oscillospirales,Butyricicoccaceae,Butyricicoccus,None,0.005842259006815969
Bacteria,Firmicutes,Clostridia,Lachnospirales,Lachnospiraceae,Tyzzerella,None,Bacteria,Firmicutes,Clostridia,Oscillospirales,Hydrogenoanaerobacterium,None,None,0.004868549172346641
Bacteria,Firmicutes,Clostridia,Lachnospirales,Lachnospiraceae,Tyzzerella,None,Bacteria,Firmicutes,Clostridia,Oscillospirales,Oscillospiraceae,Colidextribacter,None,0.005842259006815969
Bacteria,Firmicutes,Clostridia,Lachnospirales,Lachnospiraceae,Tyzzerella,None,Bacteria,Firmicutes,Clostridia,Oscillospirales,Oscillospiraceae,Colidextribacter,metagenome,0.006815968841285297
Bacteria,Firmicutes,Clostridia,Lachnospirales,Lachnospiraceae,Tyzzerella,None,Bacteria,Firmicutes,Clostridia,Oscillospirales,Oscillospiraceae,Flavonifractor,None,0.005842259006815969
Bacteria,Firmicutes,Clostridia,Lachnospirales,Lachnospiraceae,Tyzzerella,None,Bacteria,Firmicutes,Clostridia,Oscillospirales,Oscillospiraceae,Intestinimonas,None,0.005842259006815969
Bacteria,Firmicutes,Clostridia,Lachnospirales,Lachnospiraceae,Tyzzerella,None,Bacteria,Firmicutes,Clostridia,Oscillospirales,Oscillospiraceae,Intestinimonas,uncultured,0.006815968841285297
Bacteria,Firmicutes,Clostridia,Lachnospirales,Lachnospiraceae,Tyzzerella,None,Bacteria,Firmicutes,Clostridia,Oscillospirales,Oscillospiraceae,NK4A214_group,None,0.005842259006815969
Bacteria,Firmicutes,Clostridia,Lachnospirales,Lachnospiraceae,Tyzzerella,None,Bacteria,Firmicutes,Clostridia,Oscillospirales,Oscillospiraceae,Oscillibacter,None,0.005842259006815969
Bacteria,Firmicutes,Clostridia,Lachnospirales,Lachnospiraceae,Tyzzerella,None,Bacteria,Firmicutes,Clostridia,Oscillospirales,Oscillospiraceae,Oscillibacter,metagenome,0.006815968841285297
Bacteria,Firmicutes,Clostridia,Lachnospirales,Lachnospiraceae,Tyzzerella,None,Bacteria,Firmicutes,Clostridia,Oscillospirales,Oscillospiraceae,Oscillospira,None,0.005842259006815969
Bacteria,Firmicutes,Clostridia,Lachnospirales,Lachnospiraceae,Tyzzerella,None,Bacteria,Firmicutes,Clostridia,Oscillospirales,Oscillospiraceae,UCG-002,None,0.005842259006815969
Bacteria,Firmicutes,Clostridia,Lachnospirales,Lachnospiraceae,Tyzzerella,None,Bacteria,Firmicutes,Clostridia,Oscillospirales,Oscillospiraceae,UCG-003,None,0.005842259006815969
Bacteria,Firmicutes,Clostridia,Lachnospirales,Lachnospiraceae,Tyzzerella,None,Bacteria,Firmicutes,Clostridia,Oscillospirales,Oscillospiraceae,UCG-005,None,0.005842259006815969
Bacteria,Firmicutes,Clostridia,Lachnospirales,Lachnospiraceae,Tyzzerella,None,Bacteria,Firmicutes,Clostridia,Oscillospirales,Oscillospiraceae,UCG-005,metagenome,0.006815968841285297
Bacteria,Firmicutes,Clostridia,Lachnospirales,Lachnospiraceae,Tyzzerella,None,Bacteria,Firmicutes,Clostridia,Oscillospirales,Oscillospiraceae,UCG-005,uncultured_Clostridiales_bacterium,0.006815968841285297
Bacteria,Firmicutes,Clostridia,Lachnospirales,Lachnospiraceae,Tyzzerella,None,Bacteria,Firmicutes,Clostridia,Oscillospirales,Oscillospiraceae,UCG-005,uncultured_rumen_bacterium,0.006815968841285297
Bacteria,Firmicutes,Clostridia,Lachnospirales,Lachnospiraceae,Tyzzerella,None,Bacteria,Firmicutes,Clostridia,Oscillospirales,Oscillospiraceae,None,None,0.004868549172346641
Bacteria,Firmicutes,Clostridia,Lachnospirales,Lachnospiraceae,Tyzzerella,None,Bacteria,Firmicutes,Clostridia,Oscillospirales,Oscillospiraceae,uncultured,metagenome,0.006815968841285297
Bacteria,Firmicutes,Clostridia,Lachnospirales,Lachnospiraceae,Tyzzerella,None,Bacteria,Firmicutes,Clostridia,Oscillospirales,Oscillospiraceae,uncultured,unidentified,0.006815968841285297
Bacteria,Firmicutes,Clostridia,Lachnospirales,Lachnospiraceae,Tyzzerella,None,Bacteria,Firmicutes,Clostridia,Oscillospirales,Ruminococcaceae,Anaerofilum,uncultured_Firmicutes_bacterium,0.006815968841285297
Bacteria,Firmicutes,Clostridia,Lachnospirales,Lachnospiraceae,Tyzzerella,None,Bacteria,Firmicutes,Clostridia,Oscillospirales,Ruminococcaceae,Anaerotruncus,Anaerotruncus_rubiinfantis,0.006815968841285297
Bacteria,Firmicutes,Clostridia,Lachnospirales,Lachnospiraceae,Tyzzerella,None,Bacteria,Firmicutes,Clostridia,Oscillospirales,Ruminococcaceae,Anaerotruncus,Anaerotruncus_sp._NML_070203,0.006815968841285297
Bacteria,Firmicutes,Clostridia,Lachnospirales,Lachnospiraceae,Tyzzerella,None,Bacteria,Firmicutes,Clostridia,Oscillospirales,Ruminococcaceae,Candidatus_Soleaferrea,Neobitarella_massiliensis,0.006815968841285297
Bacteria,Firmicutes,Clostridia,Lachnospirales,Lachnospiraceae,Tyzzerella,None,Bacteria,Firmicutes,Clostridia,Oscillospirales,Ruminococcaceae,Candidatus_Soleaferrea,None,0.005842259006815969
Bacteria,Firmicutes,Clostridia,Lachnospirales,Lachnospiraceae,Tyzzerella,None,Bacteria,Firmicutes,Clostridia,Oscillospirales,Ruminococcaceae,DTU089,None,0.005842259006815969
Bacteria,Firmicutes,Clostridia,Lachnospirales,Lachnospiraceae,Tyzzerella,None,Bacteria,Firmicutes,Clostridia,Oscillospirales,Ruminococcaceae,Faecalibacterium,None,0.005842259006815969
Bacteria,Firmicutes,Clostridia,Lachnospirales,Lachnospiraceae,Tyzzerella,None,Bacteria,Firmicutes,Clostridia,Oscillospirales,Ruminococcaceae,Fournierella,uncultured_organism,0.006815968841285297
Bacteria,Firmicutes,Clostridia,Lachnospirales,Lachnospiraceae,Tyzzerella,None,Bacteria,Firmicutes,Clostridia,Oscillospirales,Ruminococcaceae,Incertae_Sedis,metagenome,0.006815968841285297
Bacteria,Firmicutes,Clostridia,Lachnospirales,Lachnospiraceae,Tyzzerella,None,Bacteria,Firmicutes,Clostridia,Oscillospirales,Ruminococcaceae,Incertae_Sedis,None,0.005842259006815969
Bacteria,Firmicutes,Clostridia,Lachnospirales,Lachnospiraceae,Tyzzerella,None,Bacteria,Firmicutes,Clostridia,Oscillospirales,Ruminococcaceae,Negativibacillus,None,0.005842259006815969
Bacteria,Firmicutes,Clostridia,Lachnospirales,Lachnospiraceae,Tyzzerella,None,Bacteria,Firmicutes,Clostridia,Oscillospirales,Ruminococcaceae,Ruminococcus,Ruminococcus_champanellensis,0.006815968841285297
Bacteria,Firmicutes,Clostridia,Lachnospirales,Lachnospiraceae,Tyzzerella,None,Bacteria,Firmicutes,Clostridia,Oscillospirales,Ruminococcaceae,Ruminococcus,None,0.005842259006815969
Bacteria,Firmicutes,Clostridia,Lachnospirales,Lachnospiraceae,Tyzzerella,None,Bacteria,Firmicutes,Clostridia,Oscillospirales,Ruminococcaceae,Subdoligranulum,None,0.005842259006815969
Bacteria,Firmicutes,Clostridia,Lachnospirales,Lachnospiraceae,Tyzzerella,None,Bacteria,Firmicutes,Clostridia,Oscillospirales,Ruminococcaceae,UBA1819,None,0.005842259006815969
Bacteria,Firmicutes,Clostridia,Lachnospirales,Lachnospiraceae,Tyzzerella,None,Bacteria,Firmicutes,Clostridia,Oscillospirales,Ruminococcaceae,Eubacterium_siraeum_group,None,0.005842259006815969
Bacteria,Firmicutes,Clostridia,Lachnospirales,Lachnospiraceae,Tyzzerella,None,Bacteria,Firmicutes,Clostridia,Oscillospirales,Ruminococcaceae,None,None,0.004868549172346641
Bacteria,Firmicutes,Clostridia,Lachnospirales,Lachnospiraceae,Tyzzerella,None,Bacteria,Firmicutes,Clostridia,Oscillospirales,UCG-010,None,None,0.004868549172346641
Bacteria,Firmicutes,Clostridia,Lachnospirales,Lachnospiraceae,Tyzzerella,None,Bacteria,Firmicutes,Clostridia,Oscillospirales,UCG-010,metagenome,None,0.005842259006815969
Bacteria,Firmicutes,Clostridia,Lachnospirales,Lachnospiraceae,Tyzzerella,None,Bacteria,Firmicutes,Clostridia,Oscillospirales,UCG-010,uncultured_bacterium,None,0.005842259006815969
Bacteria,Firmicutes,Clostridia,Lachnospirales,Lachnospiraceae,Tyzzerella,None,Bacteria,Firmicutes,Clostridia,Oscillospirales,UCG-010,uncultured_organism,None,0.005842259006815969
Bacteria,Firmicutes,Clostridia,Lachnospirales,Lachnospiraceae,Tyzzerella,None,Bacteria,Firmicutes,Clostridia,Oscillospirales,Clostridium_methylpentosum_group,None,None,0.004868549172346641
Bacteria,Firmicutes,Clostridia,Lachnospirales,Lachnospiraceae,Tyzzerella,None,Bacteria,Firmicutes,Clostridia,Oscillospirales,Eubacterium_coprostanoligenes_group,None,None,0.004868549172346641
Bacteria,Firmicutes,Clostridia,Lachnospirales,Lachnospiraceae,Tyzzerella,None,Bacteria,Firmicutes,Clostridia,Oscillospirales,None,None,None,0.0038948393378773127
Bacteria,Firmicutes,Clostridia,Lachnospirales,Lachnospiraceae,Tyzzerella,None,Bacteria,Firmicutes,Clostridia,Peptococcales,Peptococcaceae,uncultured,None,0.005842259006815969
Bacteria,Firmicutes,Clostridia,Lachnospirales,Lachnospiraceae,Tyzzerella,None,Bacteria,Firmicutes,Clostridia,Peptostreptococcales-Tissierellales,Anaerovoracaceae,Family_XIII_AD3011_group,metagenome,0.006815968841285297
Bacteria,Firmicutes,Clostridia,Lachnospirales,Lachnospiraceae,Tyzzerella,None,Bacteria,Firmicutes,Clostridia,Peptostreptococcales-Tissierellales,Anaerovoracaceae,Family_XIII_AD3011_group,None,0.005842259006815969
Bacteria,Firmicutes,Clostridia,Lachnospirales,Lachnospiraceae,Tyzzerella,None,Bacteria,Firmicutes,Clostridia,Peptostreptococcales-Tissierellales,Anaerovoracaceae,Family_XIII_AD3011_group,uncultured,0.006815968841285297
Bacteria,Firmicutes,Clostridia,Lachnospirales,Lachnospiraceae,Tyzzerella,None,Bacteria,Firmicutes,Clostridia,Peptostreptococcales-Tissierellales,Anaerovoracaceae,Family_XIII_UCG-001,metagenome,0.006815968841285297
Bacteria,Firmicutes,Clostridia,Lachnospirales,Lachnospiraceae,Tyzzerella,None,Bacteria,Firmicutes,Clostridia,Peptostreptococcales-Tissierellales,Anaerovoracaceae,Eubacterium_nodatum_group,None,0.005842259006815969
Bacteria,Firmicutes,Clostridia,Lachnospirales,Lachnospiraceae,Tyzzerella,None,Bacteria,Firmicutes,Clostridia,Peptostreptococcales-Tissierellales,Anaerovoracaceae,None,None,0.004868549172346641
Bacteria,Firmicutes,Clostridia,Lachnospirales,Lachnospiraceae,Tyzzerella,None,Bacteria,Firmicutes,Clostridia,Peptostreptococcales-Tissierellales,Parvimonas,None,None,0.004868549172346641
Bacteria,Firmicutes,Clostridia,Lachnospirales,Lachnospiraceae,Tyzzerella,None,Bacteria,Firmicutes,Clostridia,None,None,None,None,0.0029211295034079843
Bacteria,Firmicutes,Clostridia,Lachnospirales,Lachnospiraceae,Tyzzerella,None,Bacteria,Firmicutes,Incertae_Sedis,DTU014,unidentified,None,None,0.006815968841285297
Bacteria,Firmicutes,Clostridia,Lachnospirales,Lachnospiraceae,Tyzzerella,None,Bacteria,Firmicutes,Limnochordia,M55-D21,uncultured_compost_bacterium,None,None,0.006815968841285297
Bacteria,Firmicutes,Clostridia,Lachnospirales,Lachnospiraceae,Tyzzerella,None,Bacteria,Firmicutes,Negativicutes,Acidaminococcales,Acidaminococcaceae,Phascolarctobacterium,None,0.007789678675754625
Bacteria,Firmicutes,Clostridia,Lachnospirales,Lachnospiraceae,Tyzzerella,None,Bacteria,Firmicutes,None,None,None,None,None,0.0038948393378773127
Bacteria,Firmicutes,Clostridia,Lachnospirales,Lachnospiraceae,Tyzzerella,None,Bacteria,Firmicutes,uncultured,uncultured_Peptococcaceae_bacterium,None,None,None,0.005842259006815969
Bacteria,Firmicutes,Clostridia,Lachnospirales,Lachnospiraceae,Tyzzerella,None,Bacteria,Proteobacteria,Alphaproteobacteria,Rhodospirillales,uncultured,None,None,0.008763388510223954
Bacteria,Firmicutes,Clostridia,Lachnospirales,Lachnospiraceae,Tyzzerella,None,Bacteria,Proteobacteria,Gammaproteobacteria,Burkholderiales,Sutterellaceae,Sutterella,Sutterella_sp._252,0.010710808179162609
Bacteria,Firmicutes,Clostridia,Lachnospirales,Lachnospiraceae,Tyzzerella,None,Bacteria,Proteobacteria,Gammaproteobacteria,Enterobacterales,Enterobacteriaceae,Escherichia-Shigella,None,0.009737098344693282
Bacteria,Firmicutes,Clostridia,Lachnospirales,Lachnospiraceae,Tyzzerella,None,Bacteria,Proteobacteria,Gammaproteobacteria,Enterobacterales,Enterobacteriaceae,Klebsiella,None,0.009737098344693282
Bacteria,Firmicutes,Clostridia,Lachnospirales,Lachnospiraceae,Tyzzerella,None,Bacteria,Proteobacteria,Gammaproteobacteria,Enterobacterales,Enterobacteriaceae,None,None,0.008763388510223954
Bacteria,Firmicutes,Clostridia,Lachnospirales,Lachnospiraceae,Tyzzerella,None,Bacteria,Proteobacteria,Gammaproteobacteria,Pseudomonadales,Pseudomonadaceae,Pseudomonas,None,0.009737098344693282
Bacteria,Firmicutes,Clostridia,Lachnospirales,Lachnospiraceae,Tyzzerella,None,Bacteria,Synergistota,Synergistia,Synergistales,Synergistaceae,Cloacibacillus,None,0.009737098344693282
Bacteria,Firmicutes,Clostridia,Lachnospirales,Lachnospiraceae,Tyzzerella,None,Bacteria,Verrucomicrobiota,Verrucomicrobiae,Verrucomicrobiales,Akkermansiaceae,Akkermansia,None,0.009737098344693282
Bacteria,Firmicutes,Clostridia,Lachnospirales,Lachnospiraceae,Eubacterium_hallii_group,None,Bacteria,Firmicutes,Clostridia,Lachnospirales,Lachnospiraceae,Eubacterium_ventriosum_group,metagenome,0.0029211295034079843
Bacteria,Firmicutes,Clostridia,Lachnospirales,Lachnospiraceae,Eubacterium_hallii_group,None,Bacteria,Firmicutes,Clostridia,Lachnospirales,Lachnospiraceae,Ruminococcus_gauvreauii_group,uncultured_Lachnospiraceae_bacterium,0.0029211295034079843
Bacteria,Firmicutes,Clostridia,Lachnospirales,Lachnospiraceae,Eubacterium_hallii_group,None,Bacteria,Firmicutes,Clostridia,Lachnospirales,Lachnospiraceae,Ruminococcus_gnavus_group,None,0.0019474196689386564
Bacteria,Firmicutes,Clostridia,Lachnospirales,Lachnospiraceae,Eubacterium_hallii_group,None,Bacteria,Firmicutes,Clostridia,Lachnospirales,Lachnospiraceae,Ruminococcus_torques_group,Clostridiaceae_bacterium_LEMV78,0.0029211295034079843
Bacteria,Firmicutes,Clostridia,Lachnospirales,Lachnospiraceae,Eubacterium_hallii_group,None,Bacteria,Firmicutes,Clostridia,Lachnospirales,Lachnospiraceae,Ruminococcus_torques_group,None,0.0019474196689386564
Bacteria,Firmicutes,Clostridia,Lachnospirales,Lachnospiraceae,Eubacterium_hallii_group,None,Bacteria,Firmicutes,Clostridia,Lachnospirales,Lachnospiraceae,None,None,0.0019474196689386564
Bacteria,Firmicutes,Clostridia,Lachnospirales,Lachnospiraceae,Eubacterium_hallii_group,None,Bacteria,Firmicutes,Clostridia,Lachnospirales,Lachnospiraceae,uncultured,None,0.0019474196689386564
Bacteria,Firmicutes,Clostridia,Lachnospirales,Lachnospiraceae,Eubacterium_hallii_group,None,Bacteria,Firmicutes,Clostridia,Monoglobales,Monoglobaceae,Monoglobus,None,0.005842259006815969
Bacteria,Firmicutes,Clostridia,Lachnospirales,Lachnospiraceae,Eubacterium_hallii_group,None,Bacteria,Firmicutes,Clostridia,Oscillospirales,Butyricicoccaceae,Butyricicoccus,None,0.005842259006815969
Bacteria,Firmicutes,Clostridia,Lachnospirales,Lachnospiraceae,Eubacterium_hallii_group,None,Bacteria,Firmicutes,Clostridia,Oscillospirales,Hydrogenoanaerobacterium,None,None,0.004868549172346641
Bacteria,Firmicutes,Clostridia,Lachnospirales,Lachnospiraceae,Eubacterium_hallii_group,None,Bacteria,Firmicutes,Clostridia,Oscillospirales,Oscillospiraceae,Colidextribacter,None,0.005842259006815969
Bacteria,Firmicutes,Clostridia,Lachnospirales,Lachnospiraceae,Eubacterium_hallii_group,None,Bacteria,Firmicutes,Clostridia,Oscillospirales,Oscillospiraceae,Colidextribacter,metagenome,0.006815968841285297
Bacteria,Firmicutes,Clostridia,Lachnospirales,Lachnospiraceae,Eubacterium_hallii_group,None,Bacteria,Firmicutes,Clostridia,Oscillospirales,Oscillospiraceae,Flavonifractor,None,0.005842259006815969
Bacteria,Firmicutes,Clostridia,Lachnospirales,Lachnospiraceae,Eubacterium_hallii_group,None,Bacteria,Firmicutes,Clostridia,Oscillospirales,Oscillospiraceae,Intestinimonas,None,0.005842259006815969
Bacteria,Firmicutes,Clostridia,Lachnospirales,Lachnospiraceae,Eubacterium_hallii_group,None,Bacteria,Firmicutes,Clostridia,Oscillospirales,Oscillospiraceae,Intestinimonas,uncultured,0.006815968841285297
Bacteria,Firmicutes,Clostridia,Lachnospirales,Lachnospiraceae,Eubacterium_hallii_group,None,Bacteria,Firmicutes,Clostridia,Oscillospirales,Oscillospiraceae,NK4A214_group,None,0.005842259006815969
Bacteria,Firmicutes,Clostridia,Lachnospirales,Lachnospiraceae,Eubacterium_hallii_group,None,Bacteria,Firmicutes,Clostridia,Oscillospirales,Oscillospiraceae,Oscillibacter,None,0.005842259006815969
Bacteria,Firmicutes,Clostridia,Lachnospirales,Lachnospiraceae,Eubacterium_hallii_group,None,Bacteria,Firmicutes,Clostridia,Oscillospirales,Oscillospiraceae,Oscillibacter,metagenome,0.006815968841285297
Bacteria,Firmicutes,Clostridia,Lachnospirales,Lachnospiraceae,Eubacterium_hallii_group,None,Bacteria,Firmicutes,Clostridia,Oscillospirales,Oscillospiraceae,Oscillospira,None,0.005842259006815969
Bacteria,Firmicutes,Clostridia,Lachnospirales,Lachnospiraceae,Eubacterium_hallii_group,None,Bacteria,Firmicutes,Clostridia,Oscillospirales,Oscillospiraceae,UCG-002,None,0.005842259006815969
Bacteria,Firmicutes,Clostridia,Lachnospirales,Lachnospiraceae,Eubacterium_hallii_group,None,Bacteria,Firmicutes,Clostridia,Oscillospirales,Oscillospiraceae,UCG-003,None,0.005842259006815969
Bacteria,Firmicutes,Clostridia,Lachnospirales,Lachnospiraceae,Eubacterium_hallii_group,None,Bacteria,Firmicutes,Clostridia,Oscillospirales,Oscillospiraceae,UCG-005,None,0.005842259006815969
Bacteria,Firmicutes,Clostridia,Lachnospirales,Lachnospiraceae,Eubacterium_hallii_group,None,Bacteria,Firmicutes,Clostridia,Oscillospirales,Oscillospiraceae,UCG-005,metagenome,0.006815968841285297
Bacteria,Firmicutes,Clostridia,Lachnospirales,Lachnospiraceae,Eubacterium_hallii_group,None,Bacteria,Firmicutes,Clostridia,Oscillospirales,Oscillospiraceae,UCG-005,uncultured_Clostridiales_bacterium,0.006815968841285297
Bacteria,Firmicutes,Clostridia,Lachnospirales,Lachnospiraceae,Eubacterium_hallii_group,None,Bacteria,Firmicutes,Clostridia,Oscillospirales,Oscillospiraceae,UCG-005,uncultured_rumen_bacterium,0.006815968841285297
Bacteria,Firmicutes,Clostridia,Lachnospirales,Lachnospiraceae,Eubacterium_hallii_group,None,Bacteria,Firmicutes,Clostridia,Oscillospirales,Oscillospiraceae,None,None,0.004868549172346641
Bacteria,Firmicutes,Clostridia,Lachnospirales,Lachnospiraceae,Eubacterium_hallii_group,None,Bacteria,Firmicutes,Clostridia,Oscillospirales,Oscillospiraceae,uncultured,metagenome,0.006815968841285297
Bacteria,Firmicutes,Clostridia,Lachnospirales,Lachnospiraceae,Eubacterium_hallii_group,None,Bacteria,Firmicutes,Clostridia,Oscillospirales,Oscillospiraceae,uncultured,unidentified,0.006815968841285297
Bacteria,Firmicutes,Clostridia,Lachnospirales,Lachnospiraceae,Eubacterium_hallii_group,None,Bacteria,Firmicutes,Clostridia,Oscillospirales,Ruminococcaceae,Anaerofilum,uncultured_Firmicutes_bacterium,0.006815968841285297
Bacteria,Firmicutes,Clostridia,Lachnospirales,Lachnospiraceae,Eubacterium_hallii_group,None,Bacteria,Firmicutes,Clostridia,Oscillospirales,Ruminococcaceae,Anaerotruncus,Anaerotruncus_rubiinfantis,0.006815968841285297
Bacteria,Firmicutes,Clostridia,Lachnospirales,Lachnospiraceae,Eubacterium_hallii_group,None,Bacteria,Firmicutes,Clostridia,Oscillospirales,Ruminococcaceae,Anaerotruncus,Anaerotruncus_sp._NML_070203,0.006815968841285297
Bacteria,Firmicutes,Clostridia,Lachnospirales,Lachnospiraceae,Eubacterium_hallii_group,None,Bacteria,Firmicutes,Clostridia,Oscillospirales,Ruminococcaceae,Candidatus_Soleaferrea,Neobitarella_massiliensis,0.006815968841285297
Bacteria,Firmicutes,Clostridia,Lachnospirales,Lachnospiraceae,Eubacterium_hallii_group,None,Bacteria,Firmicutes,Clostridia,Oscillospirales,Ruminococcaceae,Candidatus_Soleaferrea,None,0.005842259006815969
Bacteria,Firmicutes,Clostridia,Lachnospirales,Lachnospiraceae,Eubacterium_hallii_group,None,Bacteria,Firmicutes,Clostridia,Oscillospirales,Ruminococcaceae,DTU089,None,0.005842259006815969
Bacteria,Firmicutes,Clostridia,Lachnospirales,Lachnospiraceae,Eubacterium_hallii_group,None,Bacteria,Firmicutes,Clostridia,Oscillospirales,Ruminococcaceae,Faecalibacterium,None,0.005842259006815969
Bacteria,Firmicutes,Clostridia,Lachnospirales,Lachnospiraceae,Eubacterium_hallii_group,None,Bacteria,Firmicutes,Clostridia,Oscillospirales,Ruminococcaceae,Fournierella,uncultured_organism,0.006815968841285297
Bacteria,Firmicutes,Clostridia,Lachnospirales,Lachnospiraceae,Eubacterium_hallii_group,None,Bacteria,Firmicutes,Clostridia,Oscillospirales,Ruminococcaceae,Incertae_Sedis,metagenome,0.006815968841285297
Bacteria,Firmicutes,Clostridia,Lachnospirales,Lachnospiraceae,Eubacterium_hallii_group,None,Bacteria,Firmicutes,Clostridia,Oscillospirales,Ruminococcaceae,Incertae_Sedis,None,0.005842259006815969
Bacteria,Firmicutes,Clostridia,Lachnospirales,Lachnospiraceae,Eubacterium_hallii_group,None,Bacteria,Firmicutes,Clostridia,Oscillospirales,Ruminococcaceae,Negativibacillus,None,0.005842259006815969
Bacteria,Firmicutes,Clostridia,Lachnospirales,Lachnospiraceae,Eubacterium_hallii_group,None,Bacteria,Firmicutes,Clostridia,Oscillospirales,Ruminococcaceae,Ruminococcus,Ruminococcus_champanellensis,0.006815968841285297
Bacteria,Firmicutes,Clostridia,Lachnospirales,Lachnospiraceae,Eubacterium_hallii_group,None,Bacteria,Firmicutes,Clostridia,Oscillospirales,Ruminococcaceae,Ruminococcus,None,0.005842259006815969
Bacteria,Firmicutes,Clostridia,Lachnospirales,Lachnospiraceae,Eubacterium_hallii_group,None,Bacteria,Firmicutes,Clostridia,Oscillospirales,Ruminococcaceae,Subdoligranulum,None,0.005842259006815969
Bacteria,Firmicutes,Clostridia,Lachnospirales,Lachnospiraceae,Eubacterium_hallii_group,None,Bacteria,Firmicutes,Clostridia,Oscillospirales,Ruminococcaceae,UBA1819,None,0.005842259006815969
Bacteria,Firmicutes,Clostridia,Lachnospirales,Lachnospiraceae,Eubacterium_hallii_group,None,Bacteria,Firmicutes,Clostridia,Oscillospirales,Ruminococcaceae,Eubacterium_siraeum_group,None,0.005842259006815969
Bacteria,Firmicutes,Clostridia,Lachnospirales,Lachnospiraceae,Eubacterium_hallii_group,None,Bacteria,Firmicutes,Clostridia,Oscillospirales,Ruminococcaceae,None,None,0.004868549172346641
Bacteria,Firmicutes,Clostridia,Lachnospirales,Lachnospiraceae,Eubacterium_hallii_group,None,Bacteria,Firmicutes,Clostridia,Oscillospirales,UCG-010,None,None,0.004868549172346641
Bacteria,Firmicutes,Clostridia,Lachnospirales,Lachnospiraceae,Eubacterium_hallii_group,None,Bacteria,Firmicutes,Clostridia,Oscillospirales,UCG-010,metagenome,None,0.005842259006815969
Bacteria,Firmicutes,Clostridia,Lachnospirales,Lachnospiraceae,Eubacterium_hallii_group,None,Bacteria,Firmicutes,Clostridia,Oscillospirales,UCG-010,uncultured_bacterium,None,0.005842259006815969
Bacteria,Firmicutes,Clostridia,Lachnospirales,Lachnospiraceae,Eubacterium_hallii_group,None,Bacteria,Firmicutes,Clostridia,Oscillospirales,UCG-010,uncultured_organism,None,0.005842259006815969
Bacteria,Firmicutes,Clostridia,Lachnospirales,Lachnospiraceae,Eubacterium_hallii_group,None,Bacteria,Firmicutes,Clostridia,Oscillospirales,Clostridium_methylpentosum_group,None,None,0.004868549172346641
Bacteria,Firmicutes,Clostridia,Lachnospirales,Lachnospiraceae,Eubacterium_hallii_group,None,Bacteria,Firmicutes,Clostridia,Oscillospirales,Eubacterium_coprostanoligenes_group,None,None,0.004868549172346641
Bacteria,Firmicutes,Clostridia,Lachnospirales,Lachnospiraceae,Eubacterium_hallii_group,None,Bacteria,Firmicutes,Clostridia,Oscillospirales,None,None,None,0.0038948393378773127
Bacteria,Firmicutes,Clostridia,Lachnospirales,Lachnospiraceae,Eubacterium_hallii_group,None,Bacteria,Firmicutes,Clostridia,Peptococcales,Peptococcaceae,uncultured,None,0.005842259006815969
Bacteria,Firmicutes,Clostridia,Lachnospirales,Lachnospiraceae,Eubacterium_hallii_group,None,Bacteria,Firmicutes,Clostridia,Peptostreptococcales-Tissierellales,Anaerovoracaceae,Family_XIII_AD3011_group,metagenome,0.006815968841285297
Bacteria,Firmicutes,Clostridia,Lachnospirales,Lachnospiraceae,Eubacterium_hallii_group,None,Bacteria,Firmicutes,Clostridia,Peptostreptococcales-Tissierellales,Anaerovoracaceae,Family_XIII_AD3011_group,None,0.005842259006815969
Bacteria,Firmicutes,Clostridia,Lachnospirales,Lachnospiraceae,Eubacterium_hallii_group,None,Bacteria,Firmicutes,Clostridia,Peptostreptococcales-Tissierellales,Anaerovoracaceae,Family_XIII_AD3011_group,uncultured,0.006815968841285297
Bacteria,Firmicutes,Clostridia,Lachnospirales,Lachnospiraceae,Eubacterium_hallii_group,None,Bacteria,Firmicutes,Clostridia,Peptostreptococcales-Tissierellales,Anaerovoracaceae,Family_XIII_UCG-001,metagenome,0.006815968841285297
Bacteria,Firmicutes,Clostridia,Lachnospirales,Lachnospiraceae,Eubacterium_hallii_group,None,Bacteria,Firmicutes,Clostridia,Peptostreptococcales-Tissierellales,Anaerovoracaceae,Eubacterium_nodatum_group,None,0.005842259006815969
Bacteria,Firmicutes,Clostridia,Lachnospirales,Lachnospiraceae,Eubacterium_hallii_group,None,Bacteria,Firmicutes,Clostridia,Peptostreptococcales-Tissierellales,Anaerovoracaceae,None,None,0.004868549172346641
Bacteria,Firmicutes,Clostridia,Lachnospirales,Lachnospiraceae,Eubacterium_hallii_group,None,Bacteria,Firmicutes,Clostridia,Peptostreptococcales-Tissierellales,Parvimonas,None,None,0.004868549172346641
Bacteria,Firmicutes,Clostridia,Lachnospirales,Lachnospiraceae,Eubacterium_hallii_group,None,Bacteria,Firmicutes,Clostridia,None,None,None,None,0.0029211295034079843
Bacteria,Firmicutes,Clostridia,Lachnospirales,Lachnospiraceae,Eubacterium_hallii_group,None,Bacteria,Firmicutes,Incertae_Sedis,DTU014,unidentified,None,None,0.006815968841285297
Bacteria,Firmicutes,Clostridia,Lachnospirales,Lachnospiraceae,Eubacterium_hallii_group,None,Bacteria,Firmicutes,Limnochordia,M55-D21,uncultured_compost_bacterium,None,None,0.006815968841285297
Bacteria,Firmicutes,Clostridia,Lachnospirales,Lachnospiraceae,Eubacterium_hallii_group,None,Bacteria,Firmicutes,Negativicutes,Acidaminococcales,Acidaminococcaceae,Phascolarctobacterium,None,0.007789678675754625
Bacteria,Firmicutes,Clostridia,Lachnospirales,Lachnospiraceae,Eubacterium_hallii_group,None,Bacteria,Firmicutes,None,None,None,None,None,0.0038948393378773127
Bacteria,Firmicutes,Clostridia,Lachnospirales,Lachnospiraceae,Eubacterium_hallii_group,None,Bacteria,Firmicutes,uncultured,uncultured_Peptococcaceae_bacterium,None,None,None,0.005842259006815969
Bacteria,Firmicutes,Clostridia,Lachnospirales,Lachnospiraceae,Eubacterium_hallii_group,None,Bacteria,Proteobacteria,Alphaproteobacteria,Rhodospirillales,uncultured,None,None,0.008763388510223954
Bacteria,Firmicutes,Clostridia,Lachnospirales,Lachnospiraceae,Eubacterium_hallii_group,None,Bacteria,Proteobacteria,Gammaproteobacteria,Burkholderiales,Sutterellaceae,Sutterella,Sutterella_sp._252,0.010710808179162609
Bacteria,Firmicutes,Clostridia,Lachnospirales,Lachnospiraceae,Eubacterium_hallii_group,None,Bacteria,Proteobacteria,Gammaproteobacteria,Enterobacterales,Enterobacteriaceae,Escherichia-Shigella,None,0.009737098344693282
Bacteria,Firmicutes,Clostridia,Lachnospirales,Lachnospiraceae,Eubacterium_hallii_group,None,Bacteria,Proteobacteria,Gammaproteobacteria,Enterobacterales,Enterobacteriaceae,Klebsiella,None,0.009737098344693282
Bacteria,Firmicutes,Clostridia,Lachnospirales,Lachnospiraceae,Eubacterium_hallii_group,None,Bacteria,Proteobacteria,Gammaproteobacteria,Enterobacterales,Enterobacteriaceae,None,None,0.008763388510223954
Bacteria,Firmicutes,Clostridia,Lachnospirales,Lachnospiraceae,Eubacterium_hallii_group,None,Bacteria,Proteobacteria,Gammaproteobacteria,Pseudomonadales,Pseudomonadaceae,Pseudomonas,None,0.009737098344693282
Bacteria,Firmicutes,Clostridia,Lachnospirales,Lachnospiraceae,Eubacterium_hallii_group,None,Bacteria,Synergistota,Synergistia,Synergistales,Synergistaceae,Cloacibacillus,None,0.009737098344693282
Bacteria,Firmicutes,Clostridia,Lachnospirales,Lachnospiraceae,Eubacterium_hallii_group,None,Bacteria,Verrucomicrobiota,Verrucomicrobiae,Verrucomicrobiales,Akkermansiaceae,Akkermansia,None,0.009737098344693282
Bacteria,Firmicutes,Clostridia,Lachnospirales,Lachnospiraceae,Eubacterium_ventriosum_group,metagenome,Bacteria,Firmicutes,Clostridia,Lachnospirales,Lachnospiraceae,Ruminococcus_gauvreauii_group,uncultured_Lachnospiraceae_bacterium,0.0038948393378773127
Bacteria,Firmicutes,Clostridia,Lachnospirales,Lachnospiraceae,Eubacterium_ventriosum_group,metagenome,Bacteria,Firmicutes,Clostridia,Lachnospirales,Lachnospiraceae,Ruminococcus_gnavus_group,None,0.0029211295034079843
Bacteria,Firmicutes,Clostridia,Lachnospirales,Lachnospiraceae,Eubacterium_ventriosum_group,metagenome,Bacteria,Firmicutes,Clostridia,Lachnospirales,Lachnospiraceae,Ruminococcus_torques_group,Clostridiaceae_bacterium_LEMV78,0.0038948393378773127
Bacteria,Firmicutes,Clostridia,Lachnospirales,Lachnospiraceae,Eubacterium_ventriosum_group,metagenome,Bacteria,Firmicutes,Clostridia,Lachnospirales,Lachnospiraceae,Ruminococcus_torques_group,None,0.0029211295034079843
Bacteria,Firmicutes,Clostridia,Lachnospirales,Lachnospiraceae,Eubacterium_ventriosum_group,metagenome,Bacteria,Firmicutes,Clostridia,Lachnospirales,Lachnospiraceae,None,None,0.0029211295034079843
Bacteria,Firmicutes,Clostridia,Lachnospirales,Lachnospiraceae,Eubacterium_ventriosum_group,metagenome,Bacteria,Firmicutes,Clostridia,Lachnospirales,Lachnospiraceae,uncultured,None,0.0029211295034079843
Bacteria,Firmicutes,Clostridia,Lachnospirales,Lachnospiraceae,Eubacterium_ventriosum_group,metagenome,Bacteria,Firmicutes,Clostridia,Monoglobales,Monoglobaceae,Monoglobus,None,0.006815968841285297
Bacteria,Firmicutes,Clostridia,Lachnospirales,Lachnospiraceae,Eubacterium_ventriosum_group,metagenome,Bacteria,Firmicutes,Clostridia,Oscillospirales,Butyricicoccaceae,Butyricicoccus,None,0.006815968841285297
Bacteria,Firmicutes,Clostridia,Lachnospirales,Lachnospiraceae,Eubacterium_ventriosum_group,metagenome,Bacteria,Firmicutes,Clostridia,Oscillospirales,Hydrogenoanaerobacterium,None,None,0.005842259006815969
Bacteria,Firmicutes,Clostridia,Lachnospirales,Lachnospiraceae,Eubacterium_ventriosum_group,metagenome,Bacteria,Firmicutes,Clostridia,Oscillospirales,Oscillospiraceae,Colidextribacter,None,0.006815968841285297
Bacteria,Firmicutes,Clostridia,Lachnospirales,Lachnospiraceae,Eubacterium_ventriosum_group,metagenome,Bacteria,Firmicutes,Clostridia,Oscillospirales,Oscillospiraceae,Colidextribacter,metagenome,0.007789678675754625
Bacteria,Firmicutes,Clostridia,Lachnospirales,Lachnospiraceae,Eubacterium_ventriosum_group,metagenome,Bacteria,Firmicutes,Clostridia,Oscillospirales,Oscillospiraceae,Flavonifractor,None,0.006815968841285297
Bacteria,Firmicutes,Clostridia,Lachnospirales,Lachnospiraceae,Eubacterium_ventriosum_group,metagenome,Bacteria,Firmicutes,Clostridia,Oscillospirales,Oscillospiraceae,Intestinimonas,None,0.006815968841285297
Bacteria,Firmicutes,Clostridia,Lachnospirales,Lachnospiraceae,Eubacterium_ventriosum_group,metagenome,Bacteria,Firmicutes,Clostridia,Oscillospirales,Oscillospiraceae,Intestinimonas,uncultured,0.007789678675754625
Bacteria,Firmicutes,Clostridia,Lachnospirales,Lachnospiraceae,Eubacterium_ventriosum_group,metagenome,Bacteria,Firmicutes,Clostridia,Oscillospirales,Oscillospiraceae,NK4A214_group,None,0.006815968841285297
Bacteria,Firmicutes,Clostridia,Lachnospirales,Lachnospiraceae,Eubacterium_ventriosum_group,metagenome,Bacteria,Firmicutes,Clostridia,Oscillospirales,Oscillospiraceae,Oscillibacter,None,0.006815968841285297
Bacteria,Firmicutes,Clostridia,Lachnospirales,Lachnospiraceae,Eubacterium_ventriosum_group,metagenome,Bacteria,Firmicutes,Clostridia,Oscillospirales,Oscillospiraceae,Oscillibacter,metagenome,0.007789678675754625
Bacteria,Firmicutes,Clostridia,Lachnospirales,Lachnospiraceae,Eubacterium_ventriosum_group,metagenome,Bacteria,Firmicutes,Clostridia,Oscillospirales,Oscillospiraceae,Oscillospira,None,0.006815968841285297
Bacteria,Firmicutes,Clostridia,Lachnospirales,Lachnospiraceae,Eubacterium_ventriosum_group,metagenome,Bacteria,Firmicutes,Clostridia,Oscillospirales,Oscillospiraceae,UCG-002,None,0.006815968841285297
Bacteria,Firmicutes,Clostridia,Lachnospirales,Lachnospiraceae,Eubacterium_ventriosum_group,metagenome,Bacteria,Firmicutes,Clostridia,Oscillospirales,Oscillospiraceae,UCG-003,None,0.006815968841285297
Bacteria,Firmicutes,Clostridia,Lachnospirales,Lachnospiraceae,Eubacterium_ventriosum_group,metagenome,Bacteria,Firmicutes,Clostridia,Oscillospirales,Oscillospiraceae,UCG-005,None,0.006815968841285297
Bacteria,Firmicutes,Clostridia,Lachnospirales,Lachnospiraceae,Eubacterium_ventriosum_group,metagenome,Bacteria,Firmicutes,Clostridia,Oscillospirales,Oscillospiraceae,UCG-005,metagenome,0.007789678675754625
Bacteria,Firmicutes,Clostridia,Lachnospirales,Lachnospiraceae,Eubacterium_ventriosum_group,metagenome,Bacteria,Firmicutes,Clostridia,Oscillospirales,Oscillospiraceae,UCG-005,uncultured_Clostridiales_bacterium,0.007789678675754625
Bacteria,Firmicutes,Clostridia,Lachnospirales,Lachnospiraceae,Eubacterium_ventriosum_group,metagenome,Bacteria,Firmicutes,Clostridia,Oscillospirales,Oscillospiraceae,UCG-005,uncultured_rumen_bacterium,0.007789678675754625
Bacteria,Firmicutes,Clostridia,Lachnospirales,Lachnospiraceae,Eubacterium_ventriosum_group,metagenome,Bacteria,Firmicutes,Clostridia,Oscillospirales,Oscillospiraceae,None,None,0.005842259006815969
Bacteria,Firmicutes,Clostridia,Lachnospirales,Lachnospiraceae,Eubacterium_ventriosum_group,metagenome,Bacteria,Firmicutes,Clostridia,Oscillospirales,Oscillospiraceae,uncultured,metagenome,0.007789678675754625
Bacteria,Firmicutes,Clostridia,Lachnospirales,Lachnospiraceae,Eubacterium_ventriosum_group,metagenome,Bacteria,Firmicutes,Clostridia,Oscillospirales,Oscillospiraceae,uncultured,unidentified,0.007789678675754625
Bacteria,Firmicutes,Clostridia,Lachnospirales,Lachnospiraceae,Eubacterium_ventriosum_group,metagenome,Bacteria,Firmicutes,Clostridia,Oscillospirales,Ruminococcaceae,Anaerofilum,uncultured_Firmicutes_bacterium,0.007789678675754625
Bacteria,Firmicutes,Clostridia,Lachnospirales,Lachnospiraceae,Eubacterium_ventriosum_group,metagenome,Bacteria,Firmicutes,Clostridia,Oscillospirales,Ruminococcaceae,Anaerotruncus,Anaerotruncus_rubiinfantis,0.007789678675754625
Bacteria,Firmicutes,Clostridia,Lachnospirales,Lachnospiraceae,Eubacterium_ventriosum_group,metagenome,Bacteria,Firmicutes,Clostridia,Oscillospirales,Ruminococcaceae,Anaerotruncus,Anaerotruncus_sp._NML_070203,0.007789678675754625
Bacteria,Firmicutes,Clostridia,Lachnospirales,Lachnospiraceae,Eubacterium_ventriosum_group,metagenome,Bacteria,Firmicutes,Clostridia,Oscillospirales,Ruminococcaceae,Candidatus_Soleaferrea,Neobitarella_massiliensis,0.007789678675754625
Bacteria,Firmicutes,Clostridia,Lachnospirales,Lachnospiraceae,Eubacterium_ventriosum_group,metagenome,Bacteria,Firmicutes,Clostridia,Oscillospirales,Ruminococcaceae,Candidatus_Soleaferrea,None,0.006815968841285297
Bacteria,Firmicutes,Clostridia,Lachnospirales,Lachnospiraceae,Eubacterium_ventriosum_group,metagenome,Bacteria,Firmicutes,Clostridia,Oscillospirales,Ruminococcaceae,DTU089,None,0.006815968841285297
Bacteria,Firmicutes,Clostridia,Lachnospirales,Lachnospiraceae,Eubacterium_ventriosum_group,metagenome,Bacteria,Firmicutes,Clostridia,Oscillospirales,Ruminococcaceae,Faecalibacterium,None,0.006815968841285297
Bacteria,Firmicutes,Clostridia,Lachnospirales,Lachnospiraceae,Eubacterium_ventriosum_group,metagenome,Bacteria,Firmicutes,Clostridia,Oscillospirales,Ruminococcaceae,Fournierella,uncultured_organism,0.007789678675754625
Bacteria,Firmicutes,Clostridia,Lachnospirales,Lachnospiraceae,Eubacterium_ventriosum_group,metagenome,Bacteria,Firmicutes,Clostridia,Oscillospirales,Ruminococcaceae,Incertae_Sedis,metagenome,0.007789678675754625
Bacteria,Firmicutes,Clostridia,Lachnospirales,Lachnospiraceae,Eubacterium_ventriosum_group,metagenome,Bacteria,Firmicutes,Clostridia,Oscillospirales,Ruminococcaceae,Incertae_Sedis,None,0.006815968841285297
Bacteria,Firmicutes,Clostridia,Lachnospirales,Lachnospiraceae,Eubacterium_ventriosum_group,metagenome,Bacteria,Firmicutes,Clostridia,Oscillospirales,Ruminococcaceae,Negativibacillus,None,0.006815968841285297
Bacteria,Firmicutes,Clostridia,Lachnospirales,Lachnospiraceae,Eubacterium_ventriosum_group,metagenome,Bacteria,Firmicutes,Clostridia,Oscillospirales,Ruminococcaceae,Ruminococcus,Ruminococcus_champanellensis,0.007789678675754625
Bacteria,Firmicutes,Clostridia,Lachnospirales,Lachnospiraceae,Eubacterium_ventriosum_group,metagenome,Bacteria,Firmicutes,Clostridia,Oscillospirales,Ruminococcaceae,Ruminococcus,None,0.006815968841285297
Bacteria,Firmicutes,Clostridia,Lachnospirales,Lachnospiraceae,Eubacterium_ventriosum_group,metagenome,Bacteria,Firmicutes,Clostridia,Oscillospirales,Ruminococcaceae,Subdoligranulum,None,0.006815968841285297
Bacteria,Firmicutes,Clostridia,Lachnospirales,Lachnospiraceae,Eubacterium_ventriosum_group,metagenome,Bacteria,Firmicutes,Clostridia,Oscillospirales,Ruminococcaceae,UBA1819,None,0.006815968841285297
Bacteria,Firmicutes,Clostridia,Lachnospirales,Lachnospiraceae,Eubacterium_ventriosum_group,metagenome,Bacteria,Firmicutes,Clostridia,Oscillospirales,Ruminococcaceae,Eubacterium_siraeum_group,None,0.006815968841285297
Bacteria,Firmicutes,Clostridia,Lachnospirales,Lachnospiraceae,Eubacterium_ventriosum_group,metagenome,Bacteria,Firmicutes,Clostridia,Oscillospirales,Ruminococcaceae,None,None,0.005842259006815969
Bacteria,Firmicutes,Clostridia,Lachnospirales,Lachnospiraceae,Eubacterium_ventriosum_group,metagenome,Bacteria,Firmicutes,Clostridia,Oscillospirales,UCG-010,None,None,0.005842259006815969
Bacteria,Firmicutes,Clostridia,Lachnospirales,Lachnospiraceae,Eubacterium_ventriosum_group,metagenome,Bacteria,Firmicutes,Clostridia,Oscillospirales,UCG-010,metagenome,None,0.006815968841285297
Bacteria,Firmicutes,Clostridia,Lachnospirales,Lachnospiraceae,Eubacterium_ventriosum_group,metagenome,Bacteria,Firmicutes,Clostridia,Oscillospirales,UCG-010,uncultured_bacterium,None,0.006815968841285297
Bacteria,Firmicutes,Clostridia,Lachnospirales,Lachnospiraceae,Eubacterium_ventriosum_group,metagenome,Bacteria,Firmicutes,Clostridia,Oscillospirales,UCG-010,uncultured_organism,None,0.006815968841285297
Bacteria,Firmicutes,Clostridia,Lachnospirales,Lachnospiraceae,Eubacterium_ventriosum_group,metagenome,Bacteria,Firmicutes,Clostridia,Oscillospirales,Clostridium_methylpentosum_group,None,None,0.005842259006815969
Bacteria,Firmicutes,Clostridia,Lachnospirales,Lachnospiraceae,Eubacterium_ventriosum_group,metagenome,Bacteria,Firmicutes,Clostridia,Oscillospirales,Eubacterium_coprostanoligenes_group,None,None,0.005842259006815969
Bacteria,Firmicutes,Clostridia,Lachnospirales,Lachnospiraceae,Eubacterium_ventriosum_group,metagenome,Bacteria,Firmicutes,Clostridia,Oscillospirales,None,None,None,0.004868549172346641
Bacteria,Firmicutes,Clostridia,Lachnospirales,Lachnospiraceae,Eubacterium_ventriosum_group,metagenome,Bacteria,Firmicutes,Clostridia,Peptococcales,Peptococcaceae,uncultured,None,0.006815968841285297
Bacteria,Firmicutes,Clostridia,Lachnospirales,Lachnospiraceae,Eubacterium_ventriosum_group,metagenome,Bacteria,Firmicutes,Clostridia,Peptostreptococcales-Tissierellales,Anaerovoracaceae,Family_XIII_AD3011_group,metagenome,0.007789678675754625
Bacteria,Firmicutes,Clostridia,Lachnospirales,Lachnospiraceae,Eubacterium_ventriosum_group,metagenome,Bacteria,Firmicutes,Clostridia,Peptostreptococcales-Tissierellales,Anaerovoracaceae,Family_XIII_AD3011_group,None,0.006815968841285297
Bacteria,Firmicutes,Clostridia,Lachnospirales,Lachnospiraceae,Eubacterium_ventriosum_group,metagenome,Bacteria,Firmicutes,Clostridia,Peptostreptococcales-Tissierellales,Anaerovoracaceae,Family_XIII_AD3011_group,uncultured,0.007789678675754625
Bacteria,Firmicutes,Clostridia,Lachnospirales,Lachnospiraceae,Eubacterium_ventriosum_group,metagenome,Bacteria,Firmicutes,Clostridia,Peptostreptococcales-Tissierellales,Anaerovoracaceae,Family_XIII_UCG-001,metagenome,0.007789678675754625
Bacteria,Firmicutes,Clostridia,Lachnospirales,Lachnospiraceae,Eubacterium_ventriosum_group,metagenome,Bacteria,Firmicutes,Clostridia,Peptostreptococcales-Tissierellales,Anaerovoracaceae,Eubacterium_nodatum_group,None,0.006815968841285297
Bacteria,Firmicutes,Clostridia,Lachnospirales,Lachnospiraceae,Eubacterium_ventriosum_group,metagenome,Bacteria,Firmicutes,Clostridia,Peptostreptococcales-Tissierellales,Anaerovoracaceae,None,None,0.005842259006815969
Bacteria,Firmicutes,Clostridia,Lachnospirales,Lachnospiraceae,Eubacterium_ventriosum_group,metagenome,Bacteria,Firmicutes,Clostridia,Peptostreptococcales-Tissierellales,Parvimonas,None,None,0.005842259006815969
Bacteria,Firmicutes,Clostridia,Lachnospirales,Lachnospiraceae,Eubacterium_ventriosum_group,metagenome,Bacteria,Firmicutes,Clostridia,None,None,None,None,0.0038948393378773127
Bacteria,Firmicutes,Clostridia,Lachnospirales,Lachnospiraceae,Eubacterium_ventriosum_group,metagenome,Bacteria,Firmicutes,Incertae_Sedis,DTU014,unidentified,None,None,0.007789678675754625
Bacteria,Firmicutes,Clostridia,Lachnospirales,Lachnospiraceae,Eubacterium_ventriosum_group,metagenome,Bacteria,Firmicutes,Limnochordia,M55-D21,uncultured_compost_bacterium,None,None,0.007789678675754625
Bacteria,Firmicutes,Clostridia,Lachnospirales,Lachnospiraceae,Eubacterium_ventriosum_group,metagenome,Bacteria,Firmicutes,Negativicutes,Acidaminococcales,Acidaminococcaceae,Phascolarctobacterium,None,0.008763388510223954
Bacteria,Firmicutes,Clostridia,Lachnospirales,Lachnospiraceae,Eubacterium_ventriosum_group,metagenome,Bacteria,Firmicutes,None,None,None,None,None,0.004868549172346641
Bacteria,Firmicutes,Clostridia,Lachnospirales,Lachnospiraceae,Eubacterium_ventriosum_group,metagenome,Bacteria,Firmicutes,uncultured,uncultured_Peptococcaceae_bacterium,None,None,None,0.006815968841285297
Bacteria,Firmicutes,Clostridia,Lachnospirales,Lachnospiraceae,Eubacterium_ventriosum_group,metagenome,Bacteria,Proteobacteria,Alphaproteobacteria,Rhodospirillales,uncultured,None,None,0.009737098344693282
Bacteria,Firmicutes,Clostridia,Lachnospirales,Lachnospiraceae,Eubacterium_ventriosum_group,metagenome,Bacteria,Proteobacteria,Gammaproteobacteria,Burkholderiales,Sutterellaceae,Sutterella,Sutterella_sp._252,0.011684518013631937
Bacteria,Firmicutes,Clostridia,Lachnospirales,Lachnospiraceae,Eubacterium_ventriosum_group,metagenome,Bacteria,Proteobacteria,Gammaproteobacteria,Enterobacterales,Enterobacteriaceae,Escherichia-Shigella,None,0.010710808179162609
Bacteria,Firmicutes,Clostridia,Lachnospirales,Lachnospiraceae,Eubacterium_ventriosum_group,metagenome,Bacteria,Proteobacteria,Gammaproteobacteria,Enterobacterales,Enterobacteriaceae,Klebsiella,None,0.010710808179162609
Bacteria,Firmicutes,Clostridia,Lachnospirales,Lachnospiraceae,Eubacterium_ventriosum_group,metagenome,Bacteria,Proteobacteria,Gammaproteobacteria,Enterobacterales,Enterobacteriaceae,None,None,0.009737098344693282
Bacteria,Firmicutes,Clostridia,Lachnospirales,Lachnospiraceae,Eubacterium_ventriosum_group,metagenome,Bacteria,Proteobacteria,Gammaproteobacteria,Pseudomonadales,Pseudomonadaceae,Pseudomonas,None,0.010710808179162609
Bacteria,Firmicutes,Clostridia,Lachnospirales,Lachnospiraceae,Eubacterium_ventriosum_group,metagenome,Bacteria,Synergistota,Synergistia,Synergistales,Synergistaceae,Cloacibacillus,None,0.010710808179162609
Bacteria,Firmicutes,Clostridia,Lachnospirales,Lachnospiraceae,Eubacterium_ventriosum_group,metagenome,Bacteria,Verrucomicrobiota,Verrucomicrobiae,Verrucomicrobiales,Akkermansiaceae,Akkermansia,None,0.010710808179162609
Bacteria,Firmicutes,Clostridia,Lachnospirales,Lachnospiraceae,Ruminococcus_gauvreauii_group,uncultured_Lachnospiraceae_bacterium,Bacteria,Firmicutes,Clostridia,Lachnospirales,Lachnospiraceae,Ruminococcus_gnavus_group,None,0.0029211295034079843
Bacteria,Firmicutes,Clostridia,Lachnospirales,Lachnospiraceae,Ruminococcus_gauvreauii_group,uncultured_Lachnospiraceae_bacterium,Bacteria,Firmicutes,Clostridia,Lachnospirales,Lachnospiraceae,Ruminococcus_torques_group,Clostridiaceae_bacterium_LEMV78,0.0038948393378773127
Bacteria,Firmicutes,Clostridia,Lachnospirales,Lachnospiraceae,Ruminococcus_gauvreauii_group,uncultured_Lachnospiraceae_bacterium,Bacteria,Firmicutes,Clostridia,Lachnospirales,Lachnospiraceae,Ruminococcus_torques_group,None,0.0029211295034079843
Bacteria,Firmicutes,Clostridia,Lachnospirales,Lachnospiraceae,Ruminococcus_gauvreauii_group,uncultured_Lachnospiraceae_bacterium,Bacteria,Firmicutes,Clostridia,Lachnospirales,Lachnospiraceae,None,None,0.0029211295034079843
Bacteria,Firmicutes,Clostridia,Lachnospirales,Lachnospiraceae,Ruminococcus_gauvreauii_group,uncultured_Lachnospiraceae_bacterium,Bacteria,Firmicutes,Clostridia,Lachnospirales,Lachnospiraceae,uncultured,None,0.0029211295034079843
Bacteria,Firmicutes,Clostridia,Lachnospirales,Lachnospiraceae,Ruminococcus_gauvreauii_group,uncultured_Lachnospiraceae_bacterium,Bacteria,Firmicutes,Clostridia,Monoglobales,Monoglobaceae,Monoglobus,None,0.006815968841285297
Bacteria,Firmicutes,Clostridia,Lachnospirales,Lachnospiraceae,Ruminococcus_gauvreauii_group,uncultured_Lachnospiraceae_bacterium,Bacteria,Firmicutes,Clostridia,Oscillospirales,Butyricicoccaceae,Butyricicoccus,None,0.006815968841285297
Bacteria,Firmicutes,Clostridia,Lachnospirales,Lachnospiraceae,Ruminococcus_gauvreauii_group,uncultured_Lachnospiraceae_bacterium,Bacteria,Firmicutes,Clostridia,Oscillospirales,Hydrogenoanaerobacterium,None,None,0.005842259006815969
Bacteria,Firmicutes,Clostridia,Lachnospirales,Lachnospiraceae,Ruminococcus_gauvreauii_group,uncultured_Lachnospiraceae_bacterium,Bacteria,Firmicutes,Clostridia,Oscillospirales,Oscillospiraceae,Colidextribacter,None,0.006815968841285297
Bacteria,Firmicutes,Clostridia,Lachnospirales,Lachnospiraceae,Ruminococcus_gauvreauii_group,uncultured_Lachnospiraceae_bacterium,Bacteria,Firmicutes,Clostridia,Oscillospirales,Oscillospiraceae,Colidextribacter,metagenome,0.007789678675754625
Bacteria,Firmicutes,Clostridia,Lachnospirales,Lachnospiraceae,Ruminococcus_gauvreauii_group,uncultured_Lachnospiraceae_bacterium,Bacteria,Firmicutes,Clostridia,Oscillospirales,Oscillospiraceae,Flavonifractor,None,0.006815968841285297
Bacteria,Firmicutes,Clostridia,Lachnospirales,Lachnospiraceae,Ruminococcus_gauvreauii_group,uncultured_Lachnospiraceae_bacterium,Bacteria,Firmicutes,Clostridia,Oscillospirales,Oscillospiraceae,Intestinimonas,None,0.006815968841285297
Bacteria,Firmicutes,Clostridia,Lachnospirales,Lachnospiraceae,Ruminococcus_gauvreauii_group,uncultured_Lachnospiraceae_bacterium,Bacteria,Firmicutes,Clostridia,Oscillospirales,Oscillospiraceae,Intestinimonas,uncultured,0.007789678675754625
Bacteria,Firmicutes,Clostridia,Lachnospirales,Lachnospiraceae,Ruminococcus_gauvreauii_group,uncultured_Lachnospiraceae_bacterium,Bacteria,Firmicutes,Clostridia,Oscillospirales,Oscillospiraceae,NK4A214_group,None,0.006815968841285297
Bacteria,Firmicutes,Clostridia,Lachnospirales,Lachnospiraceae,Ruminococcus_gauvreauii_group,uncultured_Lachnospiraceae_bacterium,Bacteria,Firmicutes,Clostridia,Oscillospirales,Oscillospiraceae,Oscillibacter,None,0.006815968841285297
Bacteria,Firmicutes,Clostridia,Lachnospirales,Lachnospiraceae,Ruminococcus_gauvreauii_group,uncultured_Lachnospiraceae_bacterium,Bacteria,Firmicutes,Clostridia,Oscillospirales,Oscillospiraceae,Oscillibacter,metagenome,0.007789678675754625
Bacteria,Firmicutes,Clostridia,Lachnospirales,Lachnospiraceae,Ruminococcus_gauvreauii_group,uncultured_Lachnospiraceae_bacterium,Bacteria,Firmicutes,Clostridia,Oscillospirales,Oscillospiraceae,Oscillospira,None,0.006815968841285297
Bacteria,Firmicutes,Clostridia,Lachnospirales,Lachnospiraceae,Ruminococcus_gauvreauii_group,uncultured_Lachnospiraceae_bacterium,Bacteria,Firmicutes,Clostridia,Oscillospirales,Oscillospiraceae,UCG-002,None,0.006815968841285297
Bacteria,Firmicutes,Clostridia,Lachnospirales,Lachnospiraceae,Ruminococcus_gauvreauii_group,uncultured_Lachnospiraceae_bacterium,Bacteria,Firmicutes,Clostridia,Oscillospirales,Oscillospiraceae,UCG-003,None,0.006815968841285297
Bacteria,Firmicutes,Clostridia,Lachnospirales,Lachnospiraceae,Ruminococcus_gauvreauii_group,uncultured_Lachnospiraceae_bacterium,Bacteria,Firmicutes,Clostridia,Oscillospirales,Oscillospiraceae,UCG-005,None,0.006815968841285297
Bacteria,Firmicutes,Clostridia,Lachnospirales,Lachnospiraceae,Ruminococcus_gauvreauii_group,uncultured_Lachnospiraceae_bacterium,Bacteria,Firmicutes,Clostridia,Oscillospirales,Oscillospiraceae,UCG-005,metagenome,0.007789678675754625
Bacteria,Firmicutes,Clostridia,Lachnospirales,Lachnospiraceae,Ruminococcus_gauvreauii_group,uncultured_Lachnospiraceae_bacterium,Bacteria,Firmicutes,Clostridia,Oscillospirales,Oscillospiraceae,UCG-005,uncultured_Clostridiales_bacterium,0.007789678675754625
Bacteria,Firmicutes,Clostridia,Lachnospirales,Lachnospiraceae,Ruminococcus_gauvreauii_group,uncultured_Lachnospiraceae_bacterium,Bacteria,Firmicutes,Clostridia,Oscillospirales,Oscillospiraceae,UCG-005,uncultured_rumen_bacterium,0.007789678675754625
Bacteria,Firmicutes,Clostridia,Lachnospirales,Lachnospiraceae,Ruminococcus_gauvreauii_group,uncultured_Lachnospiraceae_bacterium,Bacteria,Firmicutes,Clostridia,Oscillospirales,Oscillospiraceae,None,None,0.005842259006815969
Bacteria,Firmicutes,Clostridia,Lachnospirales,Lachnospiraceae,Ruminococcus_gauvreauii_group,uncultured_Lachnospiraceae_bacterium,Bacteria,Firmicutes,Clostridia,Oscillospirales,Oscillospiraceae,uncultured,metagenome,0.007789678675754625
Bacteria,Firmicutes,Clostridia,Lachnospirales,Lachnospiraceae,Ruminococcus_gauvreauii_group,uncultured_Lachnospiraceae_bacterium,Bacteria,Firmicutes,Clostridia,Oscillospirales,Oscillospiraceae,uncultured,unidentified,0.007789678675754625
Bacteria,Firmicutes,Clostridia,Lachnospirales,Lachnospiraceae,Ruminococcus_gauvreauii_group,uncultured_Lachnospiraceae_bacterium,Bacteria,Firmicutes,Clostridia,Oscillospirales,Ruminococcaceae,Anaerofilum,uncultured_Firmicutes_bacterium,0.007789678675754625
Bacteria,Firmicutes,Clostridia,Lachnospirales,Lachnospiraceae,Ruminococcus_gauvreauii_group,uncultured_Lachnospiraceae_bacterium,Bacteria,Firmicutes,Clostridia,Oscillospirales,Ruminococcaceae,Anaerotruncus,Anaerotruncus_rubiinfantis,0.007789678675754625
Bacteria,Firmicutes,Clostridia,Lachnospirales,Lachnospiraceae,Ruminococcus_gauvreauii_group,uncultured_Lachnospiraceae_bacterium,Bacteria,Firmicutes,Clostridia,Oscillospirales,Ruminococcaceae,Anaerotruncus,Anaerotruncus_sp._NML_070203,0.007789678675754625
Bacteria,Firmicutes,Clostridia,Lachnospirales,Lachnospiraceae,Ruminococcus_gauvreauii_group,uncultured_Lachnospiraceae_bacterium,Bacteria,Firmicutes,Clostridia,Oscillospirales,Ruminococcaceae,Candidatus_Soleaferrea,Neobitarella_massiliensis,0.007789678675754625
Bacteria,Firmicutes,Clostridia,Lachnospirales,Lachnospiraceae,Ruminococcus_gauvreauii_group,uncultured_Lachnospiraceae_bacterium,Bacteria,Firmicutes,Clostridia,Oscillospirales,Ruminococcaceae,Candidatus_Soleaferrea,None,0.006815968841285297
Bacteria,Firmicutes,Clostridia,Lachnospirales,Lachnospiraceae,Ruminococcus_gauvreauii_group,uncultured_Lachnospiraceae_bacterium,Bacteria,Firmicutes,Clostridia,Oscillospirales,Ruminococcaceae,DTU089,None,0.006815968841285297
Bacteria,Firmicutes,Clostridia,Lachnospirales,Lachnospiraceae,Ruminococcus_gauvreauii_group,uncultured_Lachnospiraceae_bacterium,Bacteria,Firmicutes,Clostridia,Oscillospirales,Ruminococcaceae,Faecalibacterium,None,0.006815968841285297
Bacteria,Firmicutes,Clostridia,Lachnospirales,Lachnospiraceae,Ruminococcus_gauvreauii_group,uncultured_Lachnospiraceae_bacterium,Bacteria,Firmicutes,Clostridia,Oscillospirales,Ruminococcaceae,Fournierella,uncultured_organism,0.007789678675754625
Bacteria,Firmicutes,Clostridia,Lachnospirales,Lachnospiraceae,Ruminococcus_gauvreauii_group,uncultured_Lachnospiraceae_bacterium,Bacteria,Firmicutes,Clostridia,Oscillospirales,Ruminococcaceae,Incertae_Sedis,metagenome,0.007789678675754625
Bacteria,Firmicutes,Clostridia,Lachnospirales,Lachnospiraceae,Ruminococcus_gauvreauii_group,uncultured_Lachnospiraceae_bacterium,Bacteria,Firmicutes,Clostridia,Oscillospirales,Ruminococcaceae,Incertae_Sedis,None,0.006815968841285297
Bacteria,Firmicutes,Clostridia,Lachnospirales,Lachnospiraceae,Ruminococcus_gauvreauii_group,uncultured_Lachnospiraceae_bacterium,Bacteria,Firmicutes,Clostridia,Oscillospirales,Ruminococcaceae,Negativibacillus,None,0.006815968841285297
Bacteria,Firmicutes,Clostridia,Lachnospirales,Lachnospiraceae,Ruminococcus_gauvreauii_group,uncultured_Lachnospiraceae_bacterium,Bacteria,Firmicutes,Clostridia,Oscillospirales,Ruminococcaceae,Ruminococcus,Ruminococcus_champanellensis,0.007789678675754625
Bacteria,Firmicutes,Clostridia,Lachnospirales,Lachnospiraceae,Ruminococcus_gauvreauii_group,uncultured_Lachnospiraceae_bacterium,Bacteria,Firmicutes,Clostridia,Oscillospirales,Ruminococcaceae,Ruminococcus,None,0.006815968841285297
Bacteria,Firmicutes,Clostridia,Lachnospirales,Lachnospiraceae,Ruminococcus_gauvreauii_group,uncultured_Lachnospiraceae_bacterium,Bacteria,Firmicutes,Clostridia,Oscillospirales,Ruminococcaceae,Subdoligranulum,None,0.006815968841285297
Bacteria,Firmicutes,Clostridia,Lachnospirales,Lachnospiraceae,Ruminococcus_gauvreauii_group,uncultured_Lachnospiraceae_bacterium,Bacteria,Firmicutes,Clostridia,Oscillospirales,Ruminococcaceae,UBA1819,None,0.006815968841285297
Bacteria,Firmicutes,Clostridia,Lachnospirales,Lachnospiraceae,Ruminococcus_gauvreauii_group,uncultured_Lachnospiraceae_bacterium,Bacteria,Firmicutes,Clostridia,Oscillospirales,Ruminococcaceae,Eubacterium_siraeum_group,None,0.006815968841285297
Bacteria,Firmicutes,Clostridia,Lachnospirales,Lachnospiraceae,Ruminococcus_gauvreauii_group,uncultured_Lachnospiraceae_bacterium,Bacteria,Firmicutes,Clostridia,Oscillospirales,Ruminococcaceae,None,None,0.005842259006815969
Bacteria,Firmicutes,Clostridia,Lachnospirales,Lachnospiraceae,Ruminococcus_gauvreauii_group,uncultured_Lachnospiraceae_bacterium,Bacteria,Firmicutes,Clostridia,Oscillospirales,UCG-010,None,None,0.005842259006815969
Bacteria,Firmicutes,Clostridia,Lachnospirales,Lachnospiraceae,Ruminococcus_gauvreauii_group,uncultured_Lachnospiraceae_bacterium,Bacteria,Firmicutes,Clostridia,Oscillospirales,UCG-010,metagenome,None,0.006815968841285297
Bacteria,Firmicutes,Clostridia,Lachnospirales,Lachnospiraceae,Ruminococcus_gauvreauii_group,uncultured_Lachnospiraceae_bacterium,Bacteria,Firmicutes,Clostridia,Oscillospirales,UCG-010,uncultured_bacterium,None,0.006815968841285297
Bacteria,Firmicutes,Clostridia,Lachnospirales,Lachnospiraceae,Ruminococcus_gauvreauii_group,uncultured_Lachnospiraceae_bacterium,Bacteria,Firmicutes,Clostridia,Oscillospirales,UCG-010,uncultured_organism,None,0.006815968841285297
Bacteria,Firmicutes,Clostridia,Lachnospirales,Lachnospiraceae,Ruminococcus_gauvreauii_group,uncultured_Lachnospiraceae_bacterium,Bacteria,Firmicutes,Clostridia,Oscillospirales,Clostridium_methylpentosum_group,None,None,0.005842259006815969
Bacteria,Firmicutes,Clostridia,Lachnospirales,Lachnospiraceae,Ruminococcus_gauvreauii_group,uncultured_Lachnospiraceae_bacterium,Bacteria,Firmicutes,Clostridia,Oscillospirales,Eubacterium_coprostanoligenes_group,None,None,0.005842259006815969
Bacteria,Firmicutes,Clostridia,Lachnospirales,Lachnospiraceae,Ruminococcus_gauvreauii_group,uncultured_Lachnospiraceae_bacterium,Bacteria,Firmicutes,Clostridia,Oscillospirales,None,None,None,0.004868549172346641
Bacteria,Firmicutes,Clostridia,Lachnospirales,Lachnospiraceae,Ruminococcus_gauvreauii_group,uncultured_Lachnospiraceae_bacterium,Bacteria,Firmicutes,Clostridia,Peptococcales,Peptococcaceae,uncultured,None,0.006815968841285297
Bacteria,Firmicutes,Clostridia,Lachnospirales,Lachnospiraceae,Ruminococcus_gauvreauii_group,uncultured_Lachnospiraceae_bacterium,Bacteria,Firmicutes,Clostridia,Peptostreptococcales-Tissierellales,Anaerovoracaceae,Family_XIII_AD3011_group,metagenome,0.007789678675754625
Bacteria,Firmicutes,Clostridia,Lachnospirales,Lachnospiraceae,Ruminococcus_gauvreauii_group,uncultured_Lachnospiraceae_bacterium,Bacteria,Firmicutes,Clostridia,Peptostreptococcales-Tissierellales,Anaerovoracaceae,Family_XIII_AD3011_group,None,0.006815968841285297
Bacteria,Firmicutes,Clostridia,Lachnospirales,Lachnospiraceae,Ruminococcus_gauvreauii_group,uncultured_Lachnospiraceae_bacterium,Bacteria,Firmicutes,Clostridia,Peptostreptococcales-Tissierellales,Anaerovoracaceae,Family_XIII_AD3011_group,uncultured,0.007789678675754625
Bacteria,Firmicutes,Clostridia,Lachnospirales,Lachnospiraceae,Ruminococcus_gauvreauii_group,uncultured_Lachnospiraceae_bacterium,Bacteria,Firmicutes,Clostridia,Peptostreptococcales-Tissierellales,Anaerovoracaceae,Family_XIII_UCG-001,metagenome,0.007789678675754625
Bacteria,Firmicutes,Clostridia,Lachnospirales,Lachnospiraceae,Ruminococcus_gauvreauii_group,uncultured_Lachnospiraceae_bacterium,Bacteria,Firmicutes,Clostridia,Peptostreptococcales-Tissierellales,Anaerovoracaceae,Eubacterium_nodatum_group,None,0.006815968841285297
Bacteria,Firmicutes,Clostridia,Lachnospirales,Lachnospiraceae,Ruminococcus_gauvreauii_group,uncultured_Lachnospiraceae_bacterium,Bacteria,Firmicutes,Clostridia,Peptostreptococcales-Tissierellales,Anaerovoracaceae,None,None,0.005842259006815969
Bacteria,Firmicutes,Clostridia,Lachnospirales,Lachnospiraceae,Ruminococcus_gauvreauii_group,uncultured_Lachnospiraceae_bacterium,Bacteria,Firmicutes,Clostridia,Peptostreptococcales-Tissierellales,Parvimonas,None,None,0.005842259006815969
Bacteria,Firmicutes,Clostridia,Lachnospirales,Lachnospiraceae,Ruminococcus_gauvreauii_group,uncultured_Lachnospiraceae_bacterium,Bacteria,Firmicutes,Clostridia,None,None,None,None,0.0038948393378773127
Bacteria,Firmicutes,Clostridia,Lachnospirales,Lachnospiraceae,Ruminococcus_gauvreauii_group,uncultured_Lachnospiraceae_bacterium,Bacteria,Firmicutes,Incertae_Sedis,DTU014,unidentified,None,None,0.007789678675754625
Bacteria,Firmicutes,Clostridia,Lachnospirales,Lachnospiraceae,Ruminococcus_gauvreauii_group,uncultured_Lachnospiraceae_bacterium,Bacteria,Firmicutes,Limnochordia,M55-D21,uncultured_compost_bacterium,None,None,0.007789678675754625
Bacteria,Firmicutes,Clostridia,Lachnospirales,Lachnospiraceae,Ruminococcus_gauvreauii_group,uncultured_Lachnospiraceae_bacterium,Bacteria,Firmicutes,Negativicutes,Acidaminococcales,Acidaminococcaceae,Phascolarctobacterium,None,0.008763388510223954
Bacteria,Firmicutes,Clostridia,Lachnospirales,Lachnospiraceae,Ruminococcus_gauvreauii_group,uncultured_Lachnospiraceae_bacterium,Bacteria,Firmicutes,None,None,None,None,None,0.004868549172346641
Bacteria,Firmicutes,Clostridia,Lachnospirales,Lachnospiraceae,Ruminococcus_gauvreauii_group,uncultured_Lachnospiraceae_bacterium,Bacteria,Firmicutes,uncultured,uncultured_Peptococcaceae_bacterium,None,None,None,0.006815968841285297
Bacteria,Firmicutes,Clostridia,Lachnospirales,Lachnospiraceae,Ruminococcus_gauvreauii_group,uncultured_Lachnospiraceae_bacterium,Bacteria,Proteobacteria,Alphaproteobacteria,Rhodospirillales,uncultured,None,None,0.009737098344693282
Bacteria,Firmicutes,Clostridia,Lachnospirales,Lachnospiraceae,Ruminococcus_gauvreauii_group,uncultured_Lachnospiraceae_bacterium,Bacteria,Proteobacteria,Gammaproteobacteria,Burkholderiales,Sutterellaceae,Sutterella,Sutterella_sp._252,0.011684518013631937
Bacteria,Firmicutes,Clostridia,Lachnospirales,Lachnospiraceae,Ruminococcus_gauvreauii_group,uncultured_Lachnospiraceae_bacterium,Bacteria,Proteobacteria,Gammaproteobacteria,Enterobacterales,Enterobacteriaceae,Escherichia-Shigella,None,0.010710808179162609
Bacteria,Firmicutes,Clostridia,Lachnospirales,Lachnospiraceae,Ruminococcus_gauvreauii_group,uncultured_Lachnospiraceae_bacterium,Bacteria,Proteobacteria,Gammaproteobacteria,Enterobacterales,Enterobacteriaceae,Klebsiella,None,0.010710808179162609
Bacteria,Firmicutes,Clostridia,Lachnospirales,Lachnospiraceae,Ruminococcus_gauvreauii_group,uncultured_Lachnospiraceae_bacterium,Bacteria,Proteobacteria,Gammaproteobacteria,Enterobacterales,Enterobacteriaceae,None,None,0.009737098344693282
Bacteria,Firmicutes,Clostridia,Lachnospirales,Lachnospiraceae,Ruminococcus_gauvreauii_group,uncultured_Lachnospiraceae_bacterium,Bacteria,Proteobacteria,Gammaproteobacteria,Pseudomonadales,Pseudomonadaceae,Pseudomonas,None,0.010710808179162609
Bacteria,Firmicutes,Clostridia,Lachnospirales,Lachnospiraceae,Ruminococcus_gauvreauii_group,uncultured_Lachnospiraceae_bacterium,Bacteria,Synergistota,Synergistia,Synergistales,Synergistaceae,Cloacibacillus,None,0.010710808179162609
Bacteria,Firmicutes,Clostridia,Lachnospirales,Lachnospiraceae,Ruminococcus_gauvreauii_group,uncultured_Lachnospiraceae_bacterium,Bacteria,Verrucomicrobiota,Verrucomicrobiae,Verrucomicrobiales,Akkermansiaceae,Akkermansia,None,0.010710808179162609
Bacteria,Firmicutes,Clostridia,Lachnospirales,Lachnospiraceae,Ruminococcus_gnavus_group,None,Bacteria,Firmicutes,Clostridia,Lachnospirales,Lachnospiraceae,Ruminococcus_torques_group,Clostridiaceae_bacterium_LEMV78,0.0029211295034079843
Bacteria,Firmicutes,Clostridia,Lachnospirales,Lachnospiraceae,Ruminococcus_gnavus_group,None,Bacteria,Firmicutes,Clostridia,Lachnospirales,Lachnospiraceae,Ruminococcus_torques_group,None,0.0019474196689386564
Bacteria,Firmicutes,Clostridia,Lachnospirales,Lachnospiraceae,Ruminococcus_gnavus_group,None,Bacteria,Firmicutes,Clostridia,Lachnospirales,Lachnospiraceae,None,None,0.0019474196689386564
Bacteria,Firmicutes,Clostridia,Lachnospirales,Lachnospiraceae,Ruminococcus_gnavus_group,None,Bacteria,Firmicutes,Clostridia,Lachnospirales,Lachnospiraceae,uncultured,None,0.0019474196689386564
Bacteria,Firmicutes,Clostridia,Lachnospirales,Lachnospiraceae,Ruminococcus_gnavus_group,None,Bacteria,Firmicutes,Clostridia,Monoglobales,Monoglobaceae,Monoglobus,None,0.005842259006815969
Bacteria,Firmicutes,Clostridia,Lachnospirales,Lachnospiraceae,Ruminococcus_gnavus_group,None,Bacteria,Firmicutes,Clostridia,Oscillospirales,Butyricicoccaceae,Butyricicoccus,None,0.005842259006815969
Bacteria,Firmicutes,Clostridia,Lachnospirales,Lachnospiraceae,Ruminococcus_gnavus_group,None,Bacteria,Firmicutes,Clostridia,Oscillospirales,Hydrogenoanaerobacterium,None,None,0.004868549172346641
Bacteria,Firmicutes,Clostridia,Lachnospirales,Lachnospiraceae,Ruminococcus_gnavus_group,None,Bacteria,Firmicutes,Clostridia,Oscillospirales,Oscillospiraceae,Colidextribacter,None,0.005842259006815969
Bacteria,Firmicutes,Clostridia,Lachnospirales,Lachnospiraceae,Ruminococcus_gnavus_group,None,Bacteria,Firmicutes,Clostridia,Oscillospirales,Oscillospiraceae,Colidextribacter,metagenome,0.006815968841285297
Bacteria,Firmicutes,Clostridia,Lachnospirales,Lachnospiraceae,Ruminococcus_gnavus_group,None,Bacteria,Firmicutes,Clostridia,Oscillospirales,Oscillospiraceae,Flavonifractor,None,0.005842259006815969
Bacteria,Firmicutes,Clostridia,Lachnospirales,Lachnospiraceae,Ruminococcus_gnavus_group,None,Bacteria,Firmicutes,Clostridia,Oscillospirales,Oscillospiraceae,Intestinimonas,None,0.005842259006815969
Bacteria,Firmicutes,Clostridia,Lachnospirales,Lachnospiraceae,Ruminococcus_gnavus_group,None,Bacteria,Firmicutes,Clostridia,Oscillospirales,Oscillospiraceae,Intestinimonas,uncultured,0.006815968841285297
Bacteria,Firmicutes,Clostridia,Lachnospirales,Lachnospiraceae,Ruminococcus_gnavus_group,None,Bacteria,Firmicutes,Clostridia,Oscillospirales,Oscillospiraceae,NK4A214_group,None,0.005842259006815969
Bacteria,Firmicutes,Clostridia,Lachnospirales,Lachnospiraceae,Ruminococcus_gnavus_group,None,Bacteria,Firmicutes,Clostridia,Oscillospirales,Oscillospiraceae,Oscillibacter,None,0.005842259006815969
Bacteria,Firmicutes,Clostridia,Lachnospirales,Lachnospiraceae,Ruminococcus_gnavus_group,None,Bacteria,Firmicutes,Clostridia,Oscillospirales,Oscillospiraceae,Oscillibacter,metagenome,0.006815968841285297
Bacteria,Firmicutes,Clostridia,Lachnospirales,Lachnospiraceae,Ruminococcus_gnavus_group,None,Bacteria,Firmicutes,Clostridia,Oscillospirales,Oscillospiraceae,Oscillospira,None,0.005842259006815969
Bacteria,Firmicutes,Clostridia,Lachnospirales,Lachnospiraceae,Ruminococcus_gnavus_group,None,Bacteria,Firmicutes,Clostridia,Oscillospirales,Oscillospiraceae,UCG-002,None,0.005842259006815969
Bacteria,Firmicutes,Clostridia,Lachnospirales,Lachnospiraceae,Ruminococcus_gnavus_group,None,Bacteria,Firmicutes,Clostridia,Oscillospirales,Oscillospiraceae,UCG-003,None,0.005842259006815969
Bacteria,Firmicutes,Clostridia,Lachnospirales,Lachnospiraceae,Ruminococcus_gnavus_group,None,Bacteria,Firmicutes,Clostridia,Oscillospirales,Oscillospiraceae,UCG-005,None,0.005842259006815969
Bacteria,Firmicutes,Clostridia,Lachnospirales,Lachnospiraceae,Ruminococcus_gnavus_group,None,Bacteria,Firmicutes,Clostridia,Oscillospirales,Oscillospiraceae,UCG-005,metagenome,0.006815968841285297
Bacteria,Firmicutes,Clostridia,Lachnospirales,Lachnospiraceae,Ruminococcus_gnavus_group,None,Bacteria,Firmicutes,Clostridia,Oscillospirales,Oscillospiraceae,UCG-005,uncultured_Clostridiales_bacterium,0.006815968841285297
Bacteria,Firmicutes,Clostridia,Lachnospirales,Lachnospiraceae,Ruminococcus_gnavus_group,None,Bacteria,Firmicutes,Clostridia,Oscillospirales,Oscillospiraceae,UCG-005,uncultured_rumen_bacterium,0.006815968841285297
Bacteria,Firmicutes,Clostridia,Lachnospirales,Lachnospiraceae,Ruminococcus_gnavus_group,None,Bacteria,Firmicutes,Clostridia,Oscillospirales,Oscillospiraceae,None,None,0.004868549172346641
Bacteria,Firmicutes,Clostridia,Lachnospirales,Lachnospiraceae,Ruminococcus_gnavus_group,None,Bacteria,Firmicutes,Clostridia,Oscillospirales,Oscillospiraceae,uncultured,metagenome,0.006815968841285297
Bacteria,Firmicutes,Clostridia,Lachnospirales,Lachnospiraceae,Ruminococcus_gnavus_group,None,Bacteria,Firmicutes,Clostridia,Oscillospirales,Oscillospiraceae,uncultured,unidentified,0.006815968841285297
Bacteria,Firmicutes,Clostridia,Lachnospirales,Lachnospiraceae,Ruminococcus_gnavus_group,None,Bacteria,Firmicutes,Clostridia,Oscillospirales,Ruminococcaceae,Anaerofilum,uncultured_Firmicutes_bacterium,0.006815968841285297
Bacteria,Firmicutes,Clostridia,Lachnospirales,Lachnospiraceae,Ruminococcus_gnavus_group,None,Bacteria,Firmicutes,Clostridia,Oscillospirales,Ruminococcaceae,Anaerotruncus,Anaerotruncus_rubiinfantis,0.006815968841285297
Bacteria,Firmicutes,Clostridia,Lachnospirales,Lachnospiraceae,Ruminococcus_gnavus_group,None,Bacteria,Firmicutes,Clostridia,Oscillospirales,Ruminococcaceae,Anaerotruncus,Anaerotruncus_sp._NML_070203,0.006815968841285297
Bacteria,Firmicutes,Clostridia,Lachnospirales,Lachnospiraceae,Ruminococcus_gnavus_group,None,Bacteria,Firmicutes,Clostridia,Oscillospirales,Ruminococcaceae,Candidatus_Soleaferrea,Neobitarella_massiliensis,0.006815968841285297
Bacteria,Firmicutes,Clostridia,Lachnospirales,Lachnospiraceae,Ruminococcus_gnavus_group,None,Bacteria,Firmicutes,Clostridia,Oscillospirales,Ruminococcaceae,Candidatus_Soleaferrea,None,0.005842259006815969
Bacteria,Firmicutes,Clostridia,Lachnospirales,Lachnospiraceae,Ruminococcus_gnavus_group,None,Bacteria,Firmicutes,Clostridia,Oscillospirales,Ruminococcaceae,DTU089,None,0.005842259006815969
Bacteria,Firmicutes,Clostridia,Lachnospirales,Lachnospiraceae,Ruminococcus_gnavus_group,None,Bacteria,Firmicutes,Clostridia,Oscillospirales,Ruminococcaceae,Faecalibacterium,None,0.005842259006815969
Bacteria,Firmicutes,Clostridia,Lachnospirales,Lachnospiraceae,Ruminococcus_gnavus_group,None,Bacteria,Firmicutes,Clostridia,Oscillospirales,Ruminococcaceae,Fournierella,uncultured_organism,0.006815968841285297
Bacteria,Firmicutes,Clostridia,Lachnospirales,Lachnospiraceae,Ruminococcus_gnavus_group,None,Bacteria,Firmicutes,Clostridia,Oscillospirales,Ruminococcaceae,Incertae_Sedis,metagenome,0.006815968841285297
Bacteria,Firmicutes,Clostridia,Lachnospirales,Lachnospiraceae,Ruminococcus_gnavus_group,None,Bacteria,Firmicutes,Clostridia,Oscillospirales,Ruminococcaceae,Incertae_Sedis,None,0.005842259006815969
Bacteria,Firmicutes,Clostridia,Lachnospirales,Lachnospiraceae,Ruminococcus_gnavus_group,None,Bacteria,Firmicutes,Clostridia,Oscillospirales,Ruminococcaceae,Negativibacillus,None,0.005842259006815969
Bacteria,Firmicutes,Clostridia,Lachnospirales,Lachnospiraceae,Ruminococcus_gnavus_group,None,Bacteria,Firmicutes,Clostridia,Oscillospirales,Ruminococcaceae,Ruminococcus,Ruminococcus_champanellensis,0.006815968841285297
Bacteria,Firmicutes,Clostridia,Lachnospirales,Lachnospiraceae,Ruminococcus_gnavus_group,None,Bacteria,Firmicutes,Clostridia,Oscillospirales,Ruminococcaceae,Ruminococcus,None,0.005842259006815969
Bacteria,Firmicutes,Clostridia,Lachnospirales,Lachnospiraceae,Ruminococcus_gnavus_group,None,Bacteria,Firmicutes,Clostridia,Oscillospirales,Ruminococcaceae,Subdoligranulum,None,0.005842259006815969
Bacteria,Firmicutes,Clostridia,Lachnospirales,Lachnospiraceae,Ruminococcus_gnavus_group,None,Bacteria,Firmicutes,Clostridia,Oscillospirales,Ruminococcaceae,UBA1819,None,0.005842259006815969
Bacteria,Firmicutes,Clostridia,Lachnospirales,Lachnospiraceae,Ruminococcus_gnavus_group,None,Bacteria,Firmicutes,Clostridia,Oscillospirales,Ruminococcaceae,Eubacterium_siraeum_group,None,0.005842259006815969
Bacteria,Firmicutes,Clostridia,Lachnospirales,Lachnospiraceae,Ruminococcus_gnavus_group,None,Bacteria,Firmicutes,Clostridia,Oscillospirales,Ruminococcaceae,None,None,0.004868549172346641
Bacteria,Firmicutes,Clostridia,Lachnospirales,Lachnospiraceae,Ruminococcus_gnavus_group,None,Bacteria,Firmicutes,Clostridia,Oscillospirales,UCG-010,None,None,0.004868549172346641
Bacteria,Firmicutes,Clostridia,Lachnospirales,Lachnospiraceae,Ruminococcus_gnavus_group,None,Bacteria,Firmicutes,Clostridia,Oscillospirales,UCG-010,metagenome,None,0.005842259006815969
Bacteria,Firmicutes,Clostridia,Lachnospirales,Lachnospiraceae,Ruminococcus_gnavus_group,None,Bacteria,Firmicutes,Clostridia,Oscillospirales,UCG-010,uncultured_bacterium,None,0.005842259006815969
Bacteria,Firmicutes,Clostridia,Lachnospirales,Lachnospiraceae,Ruminococcus_gnavus_group,None,Bacteria,Firmicutes,Clostridia,Oscillospirales,UCG-010,uncultured_organism,None,0.005842259006815969
Bacteria,Firmicutes,Clostridia,Lachnospirales,Lachnospiraceae,Ruminococcus_gnavus_group,None,Bacteria,Firmicutes,Clostridia,Oscillospirales,Clostridium_methylpentosum_group,None,None,0.004868549172346641
Bacteria,Firmicutes,Clostridia,Lachnospirales,Lachnospiraceae,Ruminococcus_gnavus_group,None,Bacteria,Firmicutes,Clostridia,Oscillospirales,Eubacterium_coprostanoligenes_group,None,None,0.004868549172346641
Bacteria,Firmicutes,Clostridia,Lachnospirales,Lachnospiraceae,Ruminococcus_gnavus_group,None,Bacteria,Firmicutes,Clostridia,Oscillospirales,None,None,None,0.0038948393378773127
Bacteria,Firmicutes,Clostridia,Lachnospirales,Lachnospiraceae,Ruminococcus_gnavus_group,None,Bacteria,Firmicutes,Clostridia,Peptococcales,Peptococcaceae,uncultured,None,0.005842259006815969
Bacteria,Firmicutes,Clostridia,Lachnospirales,Lachnospiraceae,Ruminococcus_gnavus_group,None,Bacteria,Firmicutes,Clostridia,Peptostreptococcales-Tissierellales,Anaerovoracaceae,Family_XIII_AD3011_group,metagenome,0.006815968841285297
Bacteria,Firmicutes,Clostridia,Lachnospirales,Lachnospiraceae,Ruminococcus_gnavus_group,None,Bacteria,Firmicutes,Clostridia,Peptostreptococcales-Tissierellales,Anaerovoracaceae,Family_XIII_AD3011_group,None,0.005842259006815969
Bacteria,Firmicutes,Clostridia,Lachnospirales,Lachnospiraceae,Ruminococcus_gnavus_group,None,Bacteria,Firmicutes,Clostridia,Peptostreptococcales-Tissierellales,Anaerovoracaceae,Family_XIII_AD3011_group,uncultured,0.006815968841285297
Bacteria,Firmicutes,Clostridia,Lachnospirales,Lachnospiraceae,Ruminococcus_gnavus_group,None,Bacteria,Firmicutes,Clostridia,Peptostreptococcales-Tissierellales,Anaerovoracaceae,Family_XIII_UCG-001,metagenome,0.006815968841285297
Bacteria,Firmicutes,Clostridia,Lachnospirales,Lachnospiraceae,Ruminococcus_gnavus_group,None,Bacteria,Firmicutes,Clostridia,Peptostreptococcales-Tissierellales,Anaerovoracaceae,Eubacterium_nodatum_group,None,0.005842259006815969
Bacteria,Firmicutes,Clostridia,Lachnospirales,Lachnospiraceae,Ruminococcus_gnavus_group,None,Bacteria,Firmicutes,Clostridia,Peptostreptococcales-Tissierellales,Anaerovoracaceae,None,None,0.004868549172346641
Bacteria,Firmicutes,Clostridia,Lachnospirales,Lachnospiraceae,Ruminococcus_gnavus_group,None,Bacteria,Firmicutes,Clostridia,Peptostreptococcales-Tissierellales,Parvimonas,None,None,0.004868549172346641
Bacteria,Firmicutes,Clostridia,Lachnospirales,Lachnospiraceae,Ruminococcus_gnavus_group,None,Bacteria,Firmicutes,Clostridia,None,None,None,None,0.0029211295034079843
Bacteria,Firmicutes,Clostridia,Lachnospirales,Lachnospiraceae,Ruminococcus_gnavus_group,None,Bacteria,Firmicutes,Incertae_Sedis,DTU014,unidentified,None,None,0.006815968841285297
Bacteria,Firmicutes,Clostridia,Lachnospirales,Lachnospiraceae,Ruminococcus_gnavus_group,None,Bacteria,Firmicutes,Limnochordia,M55-D21,uncultured_compost_bacterium,None,None,0.006815968841285297
Bacteria,Firmicutes,Clostridia,Lachnospirales,Lachnospiraceae,Ruminococcus_gnavus_group,None,Bacteria,Firmicutes,Negativicutes,Acidaminococcales,Acidaminococcaceae,Phascolarctobacterium,None,0.007789678675754625
Bacteria,Firmicutes,Clostridia,Lachnospirales,Lachnospiraceae,Ruminococcus_gnavus_group,None,Bacteria,Firmicutes,None,None,None,None,None,0.0038948393378773127
Bacteria,Firmicutes,Clostridia,Lachnospirales,Lachnospiraceae,Ruminococcus_gnavus_group,None,Bacteria,Firmicutes,uncultured,uncultured_Peptococcaceae_bacterium,None,None,None,0.005842259006815969
Bacteria,Firmicutes,Clostridia,Lachnospirales,Lachnospiraceae,Ruminococcus_gnavus_group,None,Bacteria,Proteobacteria,Alphaproteobacteria,Rhodospirillales,uncultured,None,None,0.008763388510223954
Bacteria,Firmicutes,Clostridia,Lachnospirales,Lachnospiraceae,Ruminococcus_gnavus_group,None,Bacteria,Proteobacteria,Gammaproteobacteria,Burkholderiales,Sutterellaceae,Sutterella,Sutterella_sp._252,0.010710808179162609
Bacteria,Firmicutes,Clostridia,Lachnospirales,Lachnospiraceae,Ruminococcus_gnavus_group,None,Bacteria,Proteobacteria,Gammaproteobacteria,Enterobacterales,Enterobacteriaceae,Escherichia-Shigella,None,0.009737098344693282
Bacteria,Firmicutes,Clostridia,Lachnospirales,Lachnospiraceae,Ruminococcus_gnavus_group,None,Bacteria,Proteobacteria,Gammaproteobacteria,Enterobacterales,Enterobacteriaceae,Klebsiella,None,0.009737098344693282
Bacteria,Firmicutes,Clostridia,Lachnospirales,Lachnospiraceae,Ruminococcus_gnavus_group,None,Bacteria,Proteobacteria,Gammaproteobacteria,Enterobacterales,Enterobacteriaceae,None,None,0.008763388510223954
Bacteria,Firmicutes,Clostridia,Lachnospirales,Lachnospiraceae,Ruminococcus_gnavus_group,None,Bacteria,Proteobacteria,Gammaproteobacteria,Pseudomonadales,Pseudomonadaceae,Pseudomonas,None,0.009737098344693282
Bacteria,Firmicutes,Clostridia,Lachnospirales,Lachnospiraceae,Ruminococcus_gnavus_group,None,Bacteria,Synergistota,Synergistia,Synergistales,Synergistaceae,Cloacibacillus,None,0.009737098344693282
Bacteria,Firmicutes,Clostridia,Lachnospirales,Lachnospiraceae,Ruminococcus_gnavus_group,None,Bacteria,Verrucomicrobiota,Verrucomicrobiae,Verrucomicrobiales,Akkermansiaceae,Akkermansia,None,0.009737098344693282
Bacteria,Firmicutes,Clostridia,Lachnospirales,Lachnospiraceae,Ruminococcus_torques_group,Clostridiaceae_bacterium_LEMV78,Bacteria,Firmicutes,Clostridia,Lachnospirales,Lachnospiraceae,Ruminococcus_torques_group,None,0.0009737098344693282
Bacteria,Firmicutes,Clostridia,Lachnospirales,Lachnospiraceae,Ruminococcus_torques_group,Clostridiaceae_bacterium_LEMV78,Bacteria,Firmicutes,Clostridia,Lachnospirales,Lachnospiraceae,None,None,0.0029211295034079843
Bacteria,Firmicutes,Clostridia,Lachnospirales,Lachnospiraceae,Ruminococcus_torques_group,Clostridiaceae_bacterium_LEMV78,Bacteria,Firmicutes,Clostridia,Lachnospirales,Lachnospiraceae,uncultured,None,0.0029211295034079843
Bacteria,Firmicutes,Clostridia,Lachnospirales,Lachnospiraceae,Ruminococcus_torques_group,Clostridiaceae_bacterium_LEMV78,Bacteria,Firmicutes,Clostridia,Monoglobales,Monoglobaceae,Monoglobus,None,0.006815968841285297
Bacteria,Firmicutes,Clostridia,Lachnospirales,Lachnospiraceae,Ruminococcus_torques_group,Clostridiaceae_bacterium_LEMV78,Bacteria,Firmicutes,Clostridia,Oscillospirales,Butyricicoccaceae,Butyricicoccus,None,0.006815968841285297
Bacteria,Firmicutes,Clostridia,Lachnospirales,Lachnospiraceae,Ruminococcus_torques_group,Clostridiaceae_bacterium_LEMV78,Bacteria,Firmicutes,Clostridia,Oscillospirales,Hydrogenoanaerobacterium,None,None,0.005842259006815969
Bacteria,Firmicutes,Clostridia,Lachnospirales,Lachnospiraceae,Ruminococcus_torques_group,Clostridiaceae_bacterium_LEMV78,Bacteria,Firmicutes,Clostridia,Oscillospirales,Oscillospiraceae,Colidextribacter,None,0.006815968841285297
Bacteria,Firmicutes,Clostridia,Lachnospirales,Lachnospiraceae,Ruminococcus_torques_group,Clostridiaceae_bacterium_LEMV78,Bacteria,Firmicutes,Clostridia,Oscillospirales,Oscillospiraceae,Colidextribacter,metagenome,0.007789678675754625
Bacteria,Firmicutes,Clostridia,Lachnospirales,Lachnospiraceae,Ruminococcus_torques_group,Clostridiaceae_bacterium_LEMV78,Bacteria,Firmicutes,Clostridia,Oscillospirales,Oscillospiraceae,Flavonifractor,None,0.006815968841285297
Bacteria,Firmicutes,Clostridia,Lachnospirales,Lachnospiraceae,Ruminococcus_torques_group,Clostridiaceae_bacterium_LEMV78,Bacteria,Firmicutes,Clostridia,Oscillospirales,Oscillospiraceae,Intestinimonas,None,0.006815968841285297
Bacteria,Firmicutes,Clostridia,Lachnospirales,Lachnospiraceae,Ruminococcus_torques_group,Clostridiaceae_bacterium_LEMV78,Bacteria,Firmicutes,Clostridia,Oscillospirales,Oscillospiraceae,Intestinimonas,uncultured,0.007789678675754625
Bacteria,Firmicutes,Clostridia,Lachnospirales,Lachnospiraceae,Ruminococcus_torques_group,Clostridiaceae_bacterium_LEMV78,Bacteria,Firmicutes,Clostridia,Oscillospirales,Oscillospiraceae,NK4A214_group,None,0.006815968841285297
Bacteria,Firmicutes,Clostridia,Lachnospirales,Lachnospiraceae,Ruminococcus_torques_group,Clostridiaceae_bacterium_LEMV78,Bacteria,Firmicutes,Clostridia,Oscillospirales,Oscillospiraceae,Oscillibacter,None,0.006815968841285297
Bacteria,Firmicutes,Clostridia,Lachnospirales,Lachnospiraceae,Ruminococcus_torques_group,Clostridiaceae_bacterium_LEMV78,Bacteria,Firmicutes,Clostridia,Oscillospirales,Oscillospiraceae,Oscillibacter,metagenome,0.007789678675754625
Bacteria,Firmicutes,Clostridia,Lachnospirales,Lachnospiraceae,Ruminococcus_torques_group,Clostridiaceae_bacterium_LEMV78,Bacteria,Firmicutes,Clostridia,Oscillospirales,Oscillospiraceae,Oscillospira,None,0.006815968841285297
Bacteria,Firmicutes,Clostridia,Lachnospirales,Lachnospiraceae,Ruminococcus_torques_group,Clostridiaceae_bacterium_LEMV78,Bacteria,Firmicutes,Clostridia,Oscillospirales,Oscillospiraceae,UCG-002,None,0.006815968841285297
Bacteria,Firmicutes,Clostridia,Lachnospirales,Lachnospiraceae,Ruminococcus_torques_group,Clostridiaceae_bacterium_LEMV78,Bacteria,Firmicutes,Clostridia,Oscillospirales,Oscillospiraceae,UCG-003,None,0.006815968841285297
Bacteria,Firmicutes,Clostridia,Lachnospirales,Lachnospiraceae,Ruminococcus_torques_group,Clostridiaceae_bacterium_LEMV78,Bacteria,Firmicutes,Clostridia,Oscillospirales,Oscillospiraceae,UCG-005,None,0.006815968841285297
Bacteria,Firmicutes,Clostridia,Lachnospirales,Lachnospiraceae,Ruminococcus_torques_group,Clostridiaceae_bacterium_LEMV78,Bacteria,Firmicutes,Clostridia,Oscillospirales,Oscillospiraceae,UCG-005,metagenome,0.007789678675754625
Bacteria,Firmicutes,Clostridia,Lachnospirales,Lachnospiraceae,Ruminococcus_torques_group,Clostridiaceae_bacterium_LEMV78,Bacteria,Firmicutes,Clostridia,Oscillospirales,Oscillospiraceae,UCG-005,uncultured_Clostridiales_bacterium,0.007789678675754625
Bacteria,Firmicutes,Clostridia,Lachnospirales,Lachnospiraceae,Ruminococcus_torques_group,Clostridiaceae_bacterium_LEMV78,Bacteria,Firmicutes,Clostridia,Oscillospirales,Oscillospiraceae,UCG-005,uncultured_rumen_bacterium,0.007789678675754625
Bacteria,Firmicutes,Clostridia,Lachnospirales,Lachnospiraceae,Ruminococcus_torques_group,Clostridiaceae_bacterium_LEMV78,Bacteria,Firmicutes,Clostridia,Oscillospirales,Oscillospiraceae,None,None,0.005842259006815969
Bacteria,Firmicutes,Clostridia,Lachnospirales,Lachnospiraceae,Ruminococcus_torques_group,Clostridiaceae_bacterium_LEMV78,Bacteria,Firmicutes,Clostridia,Oscillospirales,Oscillospiraceae,uncultured,metagenome,0.007789678675754625
Bacteria,Firmicutes,Clostridia,Lachnospirales,Lachnospiraceae,Ruminococcus_torques_group,Clostridiaceae_bacterium_LEMV78,Bacteria,Firmicutes,Clostridia,Oscillospirales,Oscillospiraceae,uncultured,unidentified,0.007789678675754625
Bacteria,Firmicutes,Clostridia,Lachnospirales,Lachnospiraceae,Ruminococcus_torques_group,Clostridiaceae_bacterium_LEMV78,Bacteria,Firmicutes,Clostridia,Oscillospirales,Ruminococcaceae,Anaerofilum,uncultured_Firmicutes_bacterium,0.007789678675754625
Bacteria,Firmicutes,Clostridia,Lachnospirales,Lachnospiraceae,Ruminococcus_torques_group,Clostridiaceae_bacterium_LEMV78,Bacteria,Firmicutes,Clostridia,Oscillospirales,Ruminococcaceae,Anaerotruncus,Anaerotruncus_rubiinfantis,0.007789678675754625
Bacteria,Firmicutes,Clostridia,Lachnospirales,Lachnospiraceae,Ruminococcus_torques_group,Clostridiaceae_bacterium_LEMV78,Bacteria,Firmicutes,Clostridia,Oscillospirales,Ruminococcaceae,Anaerotruncus,Anaerotruncus_sp._NML_070203,0.007789678675754625
Bacteria,Firmicutes,Clostridia,Lachnospirales,Lachnospiraceae,Ruminococcus_torques_group,Clostridiaceae_bacterium_LEMV78,Bacteria,Firmicutes,Clostridia,Oscillospirales,Ruminococcaceae,Candidatus_Soleaferrea,Neobitarella_massiliensis,0.007789678675754625
Bacteria,Firmicutes,Clostridia,Lachnospirales,Lachnospiraceae,Ruminococcus_torques_group,Clostridiaceae_bacterium_LEMV78,Bacteria,Firmicutes,Clostridia,Oscillospirales,Ruminococcaceae,Candidatus_Soleaferrea,None,0.006815968841285297
Bacteria,Firmicutes,Clostridia,Lachnospirales,Lachnospiraceae,Ruminococcus_torques_group,Clostridiaceae_bacterium_LEMV78,Bacteria,Firmicutes,Clostridia,Oscillospirales,Ruminococcaceae,DTU089,None,0.006815968841285297
Bacteria,Firmicutes,Clostridia,Lachnospirales,Lachnospiraceae,Ruminococcus_torques_group,Clostridiaceae_bacterium_LEMV78,Bacteria,Firmicutes,Clostridia,Oscillospirales,Ruminococcaceae,Faecalibacterium,None,0.006815968841285297
Bacteria,Firmicutes,Clostridia,Lachnospirales,Lachnospiraceae,Ruminococcus_torques_group,Clostridiaceae_bacterium_LEMV78,Bacteria,Firmicutes,Clostridia,Oscillospirales,Ruminococcaceae,Fournierella,uncultured_organism,0.007789678675754625
Bacteria,Firmicutes,Clostridia,Lachnospirales,Lachnospiraceae,Ruminococcus_torques_group,Clostridiaceae_bacterium_LEMV78,Bacteria,Firmicutes,Clostridia,Oscillospirales,Ruminococcaceae,Incertae_Sedis,metagenome,0.007789678675754625
Bacteria,Firmicutes,Clostridia,Lachnospirales,Lachnospiraceae,Ruminococcus_torques_group,Clostridiaceae_bacterium_LEMV78,Bacteria,Firmicutes,Clostridia,Oscillospirales,Ruminococcaceae,Incertae_Sedis,None,0.006815968841285297
Bacteria,Firmicutes,Clostridia,Lachnospirales,Lachnospiraceae,Ruminococcus_torques_group,Clostridiaceae_bacterium_LEMV78,Bacteria,Firmicutes,Clostridia,Oscillospirales,Ruminococcaceae,Negativibacillus,None,0.006815968841285297
Bacteria,Firmicutes,Clostridia,Lachnospirales,Lachnospiraceae,Ruminococcus_torques_group,Clostridiaceae_bacterium_LEMV78,Bacteria,Firmicutes,Clostridia,Oscillospirales,Ruminococcaceae,Ruminococcus,Ruminococcus_champanellensis,0.007789678675754625
Bacteria,Firmicutes,Clostridia,Lachnospirales,Lachnospiraceae,Ruminococcus_torques_group,Clostridiaceae_bacterium_LEMV78,Bacteria,Firmicutes,Clostridia,Oscillospirales,Ruminococcaceae,Ruminococcus,None,0.006815968841285297
Bacteria,Firmicutes,Clostridia,Lachnospirales,Lachnospiraceae,Ruminococcus_torques_group,Clostridiaceae_bacterium_LEMV78,Bacteria,Firmicutes,Clostridia,Oscillospirales,Ruminococcaceae,Subdoligranulum,None,0.006815968841285297
Bacteria,Firmicutes,Clostridia,Lachnospirales,Lachnospiraceae,Ruminococcus_torques_group,Clostridiaceae_bacterium_LEMV78,Bacteria,Firmicutes,Clostridia,Oscillospirales,Ruminococcaceae,UBA1819,None,0.006815968841285297
Bacteria,Firmicutes,Clostridia,Lachnospirales,Lachnospiraceae,Ruminococcus_torques_group,Clostridiaceae_bacterium_LEMV78,Bacteria,Firmicutes,Clostridia,Oscillospirales,Ruminococcaceae,Eubacterium_siraeum_group,None,0.006815968841285297
Bacteria,Firmicutes,Clostridia,Lachnospirales,Lachnospiraceae,Ruminococcus_torques_group,Clostridiaceae_bacterium_LEMV78,Bacteria,Firmicutes,Clostridia,Oscillospirales,Ruminococcaceae,None,None,0.005842259006815969
Bacteria,Firmicutes,Clostridia,Lachnospirales,Lachnospiraceae,Ruminococcus_torques_group,Clostridiaceae_bacterium_LEMV78,Bacteria,Firmicutes,Clostridia,Oscillospirales,UCG-010,None,None,0.005842259006815969
Bacteria,Firmicutes,Clostridia,Lachnospirales,Lachnospiraceae,Ruminococcus_torques_group,Clostridiaceae_bacterium_LEMV78,Bacteria,Firmicutes,Clostridia,Oscillospirales,UCG-010,metagenome,None,0.006815968841285297
Bacteria,Firmicutes,Clostridia,Lachnospirales,Lachnospiraceae,Ruminococcus_torques_group,Clostridiaceae_bacterium_LEMV78,Bacteria,Firmicutes,Clostridia,Oscillospirales,UCG-010,uncultured_bacterium,None,0.006815968841285297
Bacteria,Firmicutes,Clostridia,Lachnospirales,Lachnospiraceae,Ruminococcus_torques_group,Clostridiaceae_bacterium_LEMV78,Bacteria,Firmicutes,Clostridia,Oscillospirales,UCG-010,uncultured_organism,None,0.006815968841285297
Bacteria,Firmicutes,Clostridia,Lachnospirales,Lachnospiraceae,Ruminococcus_torques_group,Clostridiaceae_bacterium_LEMV78,Bacteria,Firmicutes,Clostridia,Oscillospirales,Clostridium_methylpentosum_group,None,None,0.005842259006815969
Bacteria,Firmicutes,Clostridia,Lachnospirales,Lachnospiraceae,Ruminococcus_torques_group,Clostridiaceae_bacterium_LEMV78,Bacteria,Firmicutes,Clostridia,Oscillospirales,Eubacterium_coprostanoligenes_group,None,None,0.005842259006815969
Bacteria,Firmicutes,Clostridia,Lachnospirales,Lachnospiraceae,Ruminococcus_torques_group,Clostridiaceae_bacterium_LEMV78,Bacteria,Firmicutes,Clostridia,Oscillospirales,None,None,None,0.004868549172346641
Bacteria,Firmicutes,Clostridia,Lachnospirales,Lachnospiraceae,Ruminococcus_torques_group,Clostridiaceae_bacterium_LEMV78,Bacteria,Firmicutes,Clostridia,Peptococcales,Peptococcaceae,uncultured,None,0.006815968841285297
Bacteria,Firmicutes,Clostridia,Lachnospirales,Lachnospiraceae,Ruminococcus_torques_group,Clostridiaceae_bacterium_LEMV78,Bacteria,Firmicutes,Clostridia,Peptostreptococcales-Tissierellales,Anaerovoracaceae,Family_XIII_AD3011_group,metagenome,0.007789678675754625
Bacteria,Firmicutes,Clostridia,Lachnospirales,Lachnospiraceae,Ruminococcus_torques_group,Clostridiaceae_bacterium_LEMV78,Bacteria,Firmicutes,Clostridia,Peptostreptococcales-Tissierellales,Anaerovoracaceae,Family_XIII_AD3011_group,None,0.006815968841285297
Bacteria,Firmicutes,Clostridia,Lachnospirales,Lachnospiraceae,Ruminococcus_torques_group,Clostridiaceae_bacterium_LEMV78,Bacteria,Firmicutes,Clostridia,Peptostreptococcales-Tissierellales,Anaerovoracaceae,Family_XIII_AD3011_group,uncultured,0.007789678675754625
Bacteria,Firmicutes,Clostridia,Lachnospirales,Lachnospiraceae,Ruminococcus_torques_group,Clostridiaceae_bacterium_LEMV78,Bacteria,Firmicutes,Clostridia,Peptostreptococcales-Tissierellales,Anaerovoracaceae,Family_XIII_UCG-001,metagenome,0.007789678675754625
Bacteria,Firmicutes,Clostridia,Lachnospirales,Lachnospiraceae,Ruminococcus_torques_group,Clostridiaceae_bacterium_LEMV78,Bacteria,Firmicutes,Clostridia,Peptostreptococcales-Tissierellales,Anaerovoracaceae,Eubacterium_nodatum_group,None,0.006815968841285297
Bacteria,Firmicutes,Clostridia,Lachnospirales,Lachnospiraceae,Ruminococcus_torques_group,Clostridiaceae_bacterium_LEMV78,Bacteria,Firmicutes,Clostridia,Peptostreptococcales-Tissierellales,Anaerovoracaceae,None,None,0.005842259006815969
Bacteria,Firmicutes,Clostridia,Lachnospirales,Lachnospiraceae,Ruminococcus_torques_group,Clostridiaceae_bacterium_LEMV78,Bacteria,Firmicutes,Clostridia,Peptostreptococcales-Tissierellales,Parvimonas,None,None,0.005842259006815969
Bacteria,Firmicutes,Clostridia,Lachnospirales,Lachnospiraceae,Ruminococcus_torques_group,Clostridiaceae_bacterium_LEMV78,Bacteria,Firmicutes,Clostridia,None,None,None,None,0.0038948393378773127
Bacteria,Firmicutes,Clostridia,Lachnospirales,Lachnospiraceae,Ruminococcus_torques_group,Clostridiaceae_bacterium_LEMV78,Bacteria,Firmicutes,Incertae_Sedis,DTU014,unidentified,None,None,0.007789678675754625
Bacteria,Firmicutes,Clostridia,Lachnospirales,Lachnospiraceae,Ruminococcus_torques_group,Clostridiaceae_bacterium_LEMV78,Bacteria,Firmicutes,Limnochordia,M55-D21,uncultured_compost_bacterium,None,None,0.007789678675754625
Bacteria,Firmicutes,Clostridia,Lachnospirales,Lachnospiraceae,Ruminococcus_torques_group,Clostridiaceae_bacterium_LEMV78,Bacteria,Firmicutes,Negativicutes,Acidaminococcales,Acidaminococcaceae,Phascolarctobacterium,None,0.008763388510223954
Bacteria,Firmicutes,Clostridia,Lachnospirales,Lachnospiraceae,Ruminococcus_torques_group,Clostridiaceae_bacterium_LEMV78,Bacteria,Firmicutes,None,None,None,None,None,0.004868549172346641
Bacteria,Firmicutes,Clostridia,Lachnospirales,Lachnospiraceae,Ruminococcus_torques_group,Clostridiaceae_bacterium_LEMV78,Bacteria,Firmicutes,uncultured,uncultured_Peptococcaceae_bacterium,None,None,None,0.006815968841285297
Bacteria,Firmicutes,Clostridia,Lachnospirales,Lachnospiraceae,Ruminococcus_torques_group,Clostridiaceae_bacterium_LEMV78,Bacteria,Proteobacteria,Alphaproteobacteria,Rhodospirillales,uncultured,None,None,0.009737098344693282
Bacteria,Firmicutes,Clostridia,Lachnospirales,Lachnospiraceae,Ruminococcus_torques_group,Clostridiaceae_bacterium_LEMV78,Bacteria,Proteobacteria,Gammaproteobacteria,Burkholderiales,Sutterellaceae,Sutterella,Sutterella_sp._252,0.011684518013631937
Bacteria,Firmicutes,Clostridia,Lachnospirales,Lachnospiraceae,Ruminococcus_torques_group,Clostridiaceae_bacterium_LEMV78,Bacteria,Proteobacteria,Gammaproteobacteria,Enterobacterales,Enterobacteriaceae,Escherichia-Shigella,None,0.010710808179162609
Bacteria,Firmicutes,Clostridia,Lachnospirales,Lachnospiraceae,Ruminococcus_torques_group,Clostridiaceae_bacterium_LEMV78,Bacteria,Proteobacteria,Gammaproteobacteria,Enterobacterales,Enterobacteriaceae,Klebsiella,None,0.010710808179162609
Bacteria,Firmicutes,Clostridia,Lachnospirales,Lachnospiraceae,Ruminococcus_torques_group,Clostridiaceae_bacterium_LEMV78,Bacteria,Proteobacteria,Gammaproteobacteria,Enterobacterales,Enterobacteriaceae,None,None,0.009737098344693282
Bacteria,Firmicutes,Clostridia,Lachnospirales,Lachnospiraceae,Ruminococcus_torques_group,Clostridiaceae_bacterium_LEMV78,Bacteria,Proteobacteria,Gammaproteobacteria,Pseudomonadales,Pseudomonadaceae,Pseudomonas,None,0.010710808179162609
Bacteria,Firmicutes,Clostridia,Lachnospirales,Lachnospiraceae,Ruminococcus_torques_group,Clostridiaceae_bacterium_LEMV78,Bacteria,Synergistota,Synergistia,Synergistales,Synergistaceae,Cloacibacillus,None,0.010710808179162609
Bacteria,Firmicutes,Clostridia,Lachnospirales,Lachnospiraceae,Ruminococcus_torques_group,Clostridiaceae_bacterium_LEMV78,Bacteria,Verrucomicrobiota,Verrucomicrobiae,Verrucomicrobiales,Akkermansiaceae,Akkermansia,None,0.010710808179162609
Bacteria,Firmicutes,Clostridia,Lachnospirales,Lachnospiraceae,Ruminococcus_torques_group,None,Bacteria,Firmicutes,Clostridia,Lachnospirales,Lachnospiraceae,None,None,0.0019474196689386564
Bacteria,Firmicutes,Clostridia,Lachnospirales,Lachnospiraceae,Ruminococcus_torques_group,None,Bacteria,Firmicutes,Clostridia,Lachnospirales,Lachnospiraceae,uncultured,None,0.0019474196689386564
Bacteria,Firmicutes,Clostridia,Lachnospirales,Lachnospiraceae,Ruminococcus_torques_group,None,Bacteria,Firmicutes,Clostridia,Monoglobales,Monoglobaceae,Monoglobus,None,0.005842259006815969
Bacteria,Firmicutes,Clostridia,Lachnospirales,Lachnospiraceae,Ruminococcus_torques_group,None,Bacteria,Firmicutes,Clostridia,Oscillospirales,Butyricicoccaceae,Butyricicoccus,None,0.005842259006815969
Bacteria,Firmicutes,Clostridia,Lachnospirales,Lachnospiraceae,Ruminococcus_torques_group,None,Bacteria,Firmicutes,Clostridia,Oscillospirales,Hydrogenoanaerobacterium,None,None,0.004868549172346641
Bacteria,Firmicutes,Clostridia,Lachnospirales,Lachnospiraceae,Ruminococcus_torques_group,None,Bacteria,Firmicutes,Clostridia,Oscillospirales,Oscillospiraceae,Colidextribacter,None,0.005842259006815969
Bacteria,Firmicutes,Clostridia,Lachnospirales,Lachnospiraceae,Ruminococcus_torques_group,None,Bacteria,Firmicutes,Clostridia,Oscillospirales,Oscillospiraceae,Colidextribacter,metagenome,0.006815968841285297
Bacteria,Firmicutes,Clostridia,Lachnospirales,Lachnospiraceae,Ruminococcus_torques_group,None,Bacteria,Firmicutes,Clostridia,Oscillospirales,Oscillospiraceae,Flavonifractor,None,0.005842259006815969
Bacteria,Firmicutes,Clostridia,Lachnospirales,Lachnospiraceae,Ruminococcus_torques_group,None,Bacteria,Firmicutes,Clostridia,Oscillospirales,Oscillospiraceae,Intestinimonas,None,0.005842259006815969
Bacteria,Firmicutes,Clostridia,Lachnospirales,Lachnospiraceae,Ruminococcus_torques_group,None,Bacteria,Firmicutes,Clostridia,Oscillospirales,Oscillospiraceae,Intestinimonas,uncultured,0.006815968841285297
Bacteria,Firmicutes,Clostridia,Lachnospirales,Lachnospiraceae,Ruminococcus_torques_group,None,Bacteria,Firmicutes,Clostridia,Oscillospirales,Oscillospiraceae,NK4A214_group,None,0.005842259006815969
Bacteria,Firmicutes,Clostridia,Lachnospirales,Lachnospiraceae,Ruminococcus_torques_group,None,Bacteria,Firmicutes,Clostridia,Oscillospirales,Oscillospiraceae,Oscillibacter,None,0.005842259006815969
Bacteria,Firmicutes,Clostridia,Lachnospirales,Lachnospiraceae,Ruminococcus_torques_group,None,Bacteria,Firmicutes,Clostridia,Oscillospirales,Oscillospiraceae,Oscillibacter,metagenome,0.006815968841285297
Bacteria,Firmicutes,Clostridia,Lachnospirales,Lachnospiraceae,Ruminococcus_torques_group,None,Bacteria,Firmicutes,Clostridia,Oscillospirales,Oscillospiraceae,Oscillospira,None,0.005842259006815969
Bacteria,Firmicutes,Clostridia,Lachnospirales,Lachnospiraceae,Ruminococcus_torques_group,None,Bacteria,Firmicutes,Clostridia,Oscillospirales,Oscillospiraceae,UCG-002,None,0.005842259006815969
Bacteria,Firmicutes,Clostridia,Lachnospirales,Lachnospiraceae,Ruminococcus_torques_group,None,Bacteria,Firmicutes,Clostridia,Oscillospirales,Oscillospiraceae,UCG-003,None,0.005842259006815969
Bacteria,Firmicutes,Clostridia,Lachnospirales,Lachnospiraceae,Ruminococcus_torques_group,None,Bacteria,Firmicutes,Clostridia,Oscillospirales,Oscillospiraceae,UCG-005,None,0.005842259006815969
Bacteria,Firmicutes,Clostridia,Lachnospirales,Lachnospiraceae,Ruminococcus_torques_group,None,Bacteria,Firmicutes,Clostridia,Oscillospirales,Oscillospiraceae,UCG-005,metagenome,0.006815968841285297
Bacteria,Firmicutes,Clostridia,Lachnospirales,Lachnospiraceae,Ruminococcus_torques_group,None,Bacteria,Firmicutes,Clostridia,Oscillospirales,Oscillospiraceae,UCG-005,uncultured_Clostridiales_bacterium,0.006815968841285297
Bacteria,Firmicutes,Clostridia,Lachnospirales,Lachnospiraceae,Ruminococcus_torques_group,None,Bacteria,Firmicutes,Clostridia,Oscillospirales,Oscillospiraceae,UCG-005,uncultured_rumen_bacterium,0.006815968841285297
Bacteria,Firmicutes,Clostridia,Lachnospirales,Lachnospiraceae,Ruminococcus_torques_group,None,Bacteria,Firmicutes,Clostridia,Oscillospirales,Oscillospiraceae,None,None,0.004868549172346641
Bacteria,Firmicutes,Clostridia,Lachnospirales,Lachnospiraceae,Ruminococcus_torques_group,None,Bacteria,Firmicutes,Clostridia,Oscillospirales,Oscillospiraceae,uncultured,metagenome,0.006815968841285297
Bacteria,Firmicutes,Clostridia,Lachnospirales,Lachnospiraceae,Ruminococcus_torques_group,None,Bacteria,Firmicutes,Clostridia,Oscillospirales,Oscillospiraceae,uncultured,unidentified,0.006815968841285297
Bacteria,Firmicutes,Clostridia,Lachnospirales,Lachnospiraceae,Ruminococcus_torques_group,None,Bacteria,Firmicutes,Clostridia,Oscillospirales,Ruminococcaceae,Anaerofilum,uncultured_Firmicutes_bacterium,0.006815968841285297
Bacteria,Firmicutes,Clostridia,Lachnospirales,Lachnospiraceae,Ruminococcus_torques_group,None,Bacteria,Firmicutes,Clostridia,Oscillospirales,Ruminococcaceae,Anaerotruncus,Anaerotruncus_rubiinfantis,0.006815968841285297
Bacteria,Firmicutes,Clostridia,Lachnospirales,Lachnospiraceae,Ruminococcus_torques_group,None,Bacteria,Firmicutes,Clostridia,Oscillospirales,Ruminococcaceae,Anaerotruncus,Anaerotruncus_sp._NML_070203,0.006815968841285297
Bacteria,Firmicutes,Clostridia,Lachnospirales,Lachnospiraceae,Ruminococcus_torques_group,None,Bacteria,Firmicutes,Clostridia,Oscillospirales,Ruminococcaceae,Candidatus_Soleaferrea,Neobitarella_massiliensis,0.006815968841285297
Bacteria,Firmicutes,Clostridia,Lachnospirales,Lachnospiraceae,Ruminococcus_torques_group,None,Bacteria,Firmicutes,Clostridia,Oscillospirales,Ruminococcaceae,Candidatus_Soleaferrea,None,0.005842259006815969
Bacteria,Firmicutes,Clostridia,Lachnospirales,Lachnospiraceae,Ruminococcus_torques_group,None,Bacteria,Firmicutes,Clostridia,Oscillospirales,Ruminococcaceae,DTU089,None,0.005842259006815969
Bacteria,Firmicutes,Clostridia,Lachnospirales,Lachnospiraceae,Ruminococcus_torques_group,None,Bacteria,Firmicutes,Clostridia,Oscillospirales,Ruminococcaceae,Faecalibacterium,None,0.005842259006815969
Bacteria,Firmicutes,Clostridia,Lachnospirales,Lachnospiraceae,Ruminococcus_torques_group,None,Bacteria,Firmicutes,Clostridia,Oscillospirales,Ruminococcaceae,Fournierella,uncultured_organism,0.006815968841285297
Bacteria,Firmicutes,Clostridia,Lachnospirales,Lachnospiraceae,Ruminococcus_torques_group,None,Bacteria,Firmicutes,Clostridia,Oscillospirales,Ruminococcaceae,Incertae_Sedis,metagenome,0.006815968841285297
Bacteria,Firmicutes,Clostridia,Lachnospirales,Lachnospiraceae,Ruminococcus_torques_group,None,Bacteria,Firmicutes,Clostridia,Oscillospirales,Ruminococcaceae,Incertae_Sedis,None,0.005842259006815969
Bacteria,Firmicutes,Clostridia,Lachnospirales,Lachnospiraceae,Ruminococcus_torques_group,None,Bacteria,Firmicutes,Clostridia,Oscillospirales,Ruminococcaceae,Negativibacillus,None,0.005842259006815969
Bacteria,Firmicutes,Clostridia,Lachnospirales,Lachnospiraceae,Ruminococcus_torques_group,None,Bacteria,Firmicutes,Clostridia,Oscillospirales,Ruminococcaceae,Ruminococcus,Ruminococcus_champanellensis,0.006815968841285297
Bacteria,Firmicutes,Clostridia,Lachnospirales,Lachnospiraceae,Ruminococcus_torques_group,None,Bacteria,Firmicutes,Clostridia,Oscillospirales,Ruminococcaceae,Ruminococcus,None,0.005842259006815969
Bacteria,Firmicutes,Clostridia,Lachnospirales,Lachnospiraceae,Ruminococcus_torques_group,None,Bacteria,Firmicutes,Clostridia,Oscillospirales,Ruminococcaceae,Subdoligranulum,None,0.005842259006815969
Bacteria,Firmicutes,Clostridia,Lachnospirales,Lachnospiraceae,Ruminococcus_torques_group,None,Bacteria,Firmicutes,Clostridia,Oscillospirales,Ruminococcaceae,UBA1819,None,0.005842259006815969
Bacteria,Firmicutes,Clostridia,Lachnospirales,Lachnospiraceae,Ruminococcus_torques_group,None,Bacteria,Firmicutes,Clostridia,Oscillospirales,Ruminococcaceae,Eubacterium_siraeum_group,None,0.005842259006815969
Bacteria,Firmicutes,Clostridia,Lachnospirales,Lachnospiraceae,Ruminococcus_torques_group,None,Bacteria,Firmicutes,Clostridia,Oscillospirales,Ruminococcaceae,None,None,0.004868549172346641
Bacteria,Firmicutes,Clostridia,Lachnospirales,Lachnospiraceae,Ruminococcus_torques_group,None,Bacteria,Firmicutes,Clostridia,Oscillospirales,UCG-010,None,None,0.004868549172346641
Bacteria,Firmicutes,Clostridia,Lachnospirales,Lachnospiraceae,Ruminococcus_torques_group,None,Bacteria,Firmicutes,Clostridia,Oscillospirales,UCG-010,metagenome,None,0.005842259006815969
Bacteria,Firmicutes,Clostridia,Lachnospirales,Lachnospiraceae,Ruminococcus_torques_group,None,Bacteria,Firmicutes,Clostridia,Oscillospirales,UCG-010,uncultured_bacterium,None,0.005842259006815969
Bacteria,Firmicutes,Clostridia,Lachnospirales,Lachnospiraceae,Ruminococcus_torques_group,None,Bacteria,Firmicutes,Clostridia,Oscillospirales,UCG-010,uncultured_organism,None,0.005842259006815969
Bacteria,Firmicutes,Clostridia,Lachnospirales,Lachnospiraceae,Ruminococcus_torques_group,None,Bacteria,Firmicutes,Clostridia,Oscillospirales,Clostridium_methylpentosum_group,None,None,0.004868549172346641
Bacteria,Firmicutes,Clostridia,Lachnospirales,Lachnospiraceae,Ruminococcus_torques_group,None,Bacteria,Firmicutes,Clostridia,Oscillospirales,Eubacterium_coprostanoligenes_group,None,None,0.004868549172346641
Bacteria,Firmicutes,Clostridia,Lachnospirales,Lachnospiraceae,Ruminococcus_torques_group,None,Bacteria,Firmicutes,Clostridia,Oscillospirales,None,None,None,0.0038948393378773127
Bacteria,Firmicutes,Clostridia,Lachnospirales,Lachnospiraceae,Ruminococcus_torques_group,None,Bacteria,Firmicutes,Clostridia,Peptococcales,Peptococcaceae,uncultured,None,0.005842259006815969
Bacteria,Firmicutes,Clostridia,Lachnospirales,Lachnospiraceae,Ruminococcus_torques_group,None,Bacteria,Firmicutes,Clostridia,Peptostreptococcales-Tissierellales,Anaerovoracaceae,Family_XIII_AD3011_group,metagenome,0.006815968841285297
Bacteria,Firmicutes,Clostridia,Lachnospirales,Lachnospiraceae,Ruminococcus_torques_group,None,Bacteria,Firmicutes,Clostridia,Peptostreptococcales-Tissierellales,Anaerovoracaceae,Family_XIII_AD3011_group,None,0.005842259006815969
Bacteria,Firmicutes,Clostridia,Lachnospirales,Lachnospiraceae,Ruminococcus_torques_group,None,Bacteria,Firmicutes,Clostridia,Peptostreptococcales-Tissierellales,Anaerovoracaceae,Family_XIII_AD3011_group,uncultured,0.006815968841285297
Bacteria,Firmicutes,Clostridia,Lachnospirales,Lachnospiraceae,Ruminococcus_torques_group,None,Bacteria,Firmicutes,Clostridia,Peptostreptococcales-Tissierellales,Anaerovoracaceae,Family_XIII_UCG-001,metagenome,0.006815968841285297
Bacteria,Firmicutes,Clostridia,Lachnospirales,Lachnospiraceae,Ruminococcus_torques_group,None,Bacteria,Firmicutes,Clostridia,Peptostreptococcales-Tissierellales,Anaerovoracaceae,Eubacterium_nodatum_group,None,0.005842259006815969
Bacteria,Firmicutes,Clostridia,Lachnospirales,Lachnospiraceae,Ruminococcus_torques_group,None,Bacteria,Firmicutes,Clostridia,Peptostreptococcales-Tissierellales,Anaerovoracaceae,None,None,0.004868549172346641
Bacteria,Firmicutes,Clostridia,Lachnospirales,Lachnospiraceae,Ruminococcus_torques_group,None,Bacteria,Firmicutes,Clostridia,Peptostreptococcales-Tissierellales,Parvimonas,None,None,0.004868549172346641
Bacteria,Firmicutes,Clostridia,Lachnospirales,Lachnospiraceae,Ruminococcus_torques_group,None,Bacteria,Firmicutes,Clostridia,None,None,None,None,0.0029211295034079843
Bacteria,Firmicutes,Clostridia,Lachnospirales,Lachnospiraceae,Ruminococcus_torques_group,None,Bacteria,Firmicutes,Incertae_Sedis,DTU014,unidentified,None,None,0.006815968841285297
Bacteria,Firmicutes,Clostridia,Lachnospirales,Lachnospiraceae,Ruminococcus_torques_group,None,Bacteria,Firmicutes,Limnochordia,M55-D21,uncultured_compost_bacterium,None,None,0.006815968841285297
Bacteria,Firmicutes,Clostridia,Lachnospirales,Lachnospiraceae,Ruminococcus_torques_group,None,Bacteria,Firmicutes,Negativicutes,Acidaminococcales,Acidaminococcaceae,Phascolarctobacterium,None,0.007789678675754625
Bacteria,Firmicutes,Clostridia,Lachnospirales,Lachnospiraceae,Ruminococcus_torques_group,None,Bacteria,Firmicutes,None,None,None,None,None,0.0038948393378773127
Bacteria,Firmicutes,Clostridia,Lachnospirales,Lachnospiraceae,Ruminococcus_torques_group,None,Bacteria,Firmicutes,uncultured,uncultured_Peptococcaceae_bacterium,None,None,None,0.005842259006815969
Bacteria,Firmicutes,Clostridia,Lachnospirales,Lachnospiraceae,Ruminococcus_torques_group,None,Bacteria,Proteobacteria,Alphaproteobacteria,Rhodospirillales,uncultured,None,None,0.008763388510223954
Bacteria,Firmicutes,Clostridia,Lachnospirales,Lachnospiraceae,Ruminococcus_torques_group,None,Bacteria,Proteobacteria,Gammaproteobacteria,Burkholderiales,Sutterellaceae,Sutterella,Sutterella_sp._252,0.010710808179162609
Bacteria,Firmicutes,Clostridia,Lachnospirales,Lachnospiraceae,Ruminococcus_torques_group,None,Bacteria,Proteobacteria,Gammaproteobacteria,Enterobacterales,Enterobacteriaceae,Escherichia-Shigella,None,0.009737098344693282
Bacteria,Firmicutes,Clostridia,Lachnospirales,Lachnospiraceae,Ruminococcus_torques_group,None,Bacteria,Proteobacteria,Gammaproteobacteria,Enterobacterales,Enterobacteriaceae,Klebsiella,None,0.009737098344693282
Bacteria,Firmicutes,Clostridia,Lachnospirales,Lachnospiraceae,Ruminococcus_torques_group,None,Bacteria,Proteobacteria,Gammaproteobacteria,Enterobacterales,Enterobacteriaceae,None,None,0.008763388510223954
Bacteria,Firmicutes,Clostridia,Lachnospirales,Lachnospiraceae,Ruminococcus_torques_group,None,Bacteria,Proteobacteria,Gammaproteobacteria,Pseudomonadales,Pseudomonadaceae,Pseudomonas,None,0.009737098344693282
Bacteria,Firmicutes,Clostridia,Lachnospirales,Lachnospiraceae,Ruminococcus_torques_group,None,Bacteria,Synergistota,Synergistia,Synergistales,Synergistaceae,Cloacibacillus,None,0.009737098344693282
Bacteria,Firmicutes,Clostridia,Lachnospirales,Lachnospiraceae,Ruminococcus_torques_group,None,Bacteria,Verrucomicrobiota,Verrucomicrobiae,Verrucomicrobiales,Akkermansiaceae,Akkermansia,None,0.009737098344693282
Bacteria,Firmicutes,Clostridia,Lachnospirales,Lachnospiraceae,None,None,Bacteria,Firmicutes,Clostridia,Lachnospirales,Lachnospiraceae,uncultured,None,0.0019474196689386564
Bacteria,Firmicutes,Clostridia,Lachnospirales,Lachnospiraceae,None,None,Bacteria,Firmicutes,Clostridia,Monoglobales,Monoglobaceae,Monoglobus,None,0.004868549172346641
Bacteria,Firmicutes,Clostridia,Lachnospirales,Lachnospiraceae,None,None,Bacteria,Firmicutes,Clostridia,Oscillospirales,Butyricicoccaceae,Butyricicoccus,None,0.004868549172346641
Bacteria,Firmicutes,Clostridia,Lachnospirales,Lachnospiraceae,None,None,Bacteria,Firmicutes,Clostridia,Oscillospirales,Hydrogenoanaerobacterium,None,None,0.0038948393378773127
Bacteria,Firmicutes,Clostridia,Lachnospirales,Lachnospiraceae,None,None,Bacteria,Firmicutes,Clostridia,Oscillospirales,Oscillospiraceae,Colidextribacter,None,0.004868549172346641
Bacteria,Firmicutes,Clostridia,Lachnospirales,Lachnospiraceae,None,None,Bacteria,Firmicutes,Clostridia,Oscillospirales,Oscillospiraceae,Colidextribacter,metagenome,0.005842259006815969
Bacteria,Firmicutes,Clostridia,Lachnospirales,Lachnospiraceae,None,None,Bacteria,Firmicutes,Clostridia,Oscillospirales,Oscillospiraceae,Flavonifractor,None,0.004868549172346641
Bacteria,Firmicutes,Clostridia,Lachnospirales,Lachnospiraceae,None,None,Bacteria,Firmicutes,Clostridia,Oscillospirales,Oscillospiraceae,Intestinimonas,None,0.004868549172346641
Bacteria,Firmicutes,Clostridia,Lachnospirales,Lachnospiraceae,None,None,Bacteria,Firmicutes,Clostridia,Oscillospirales,Oscillospiraceae,Intestinimonas,uncultured,0.005842259006815969
Bacteria,Firmicutes,Clostridia,Lachnospirales,Lachnospiraceae,None,None,Bacteria,Firmicutes,Clostridia,Oscillospirales,Oscillospiraceae,NK4A214_group,None,0.004868549172346641
Bacteria,Firmicutes,Clostridia,Lachnospirales,Lachnospiraceae,None,None,Bacteria,Firmicutes,Clostridia,Oscillospirales,Oscillospiraceae,Oscillibacter,None,0.004868549172346641
Bacteria,Firmicutes,Clostridia,Lachnospirales,Lachnospiraceae,None,None,Bacteria,Firmicutes,Clostridia,Oscillospirales,Oscillospiraceae,Oscillibacter,metagenome,0.005842259006815969
Bacteria,Firmicutes,Clostridia,Lachnospirales,Lachnospiraceae,None,None,Bacteria,Firmicutes,Clostridia,Oscillospirales,Oscillospiraceae,Oscillospira,None,0.004868549172346641
Bacteria,Firmicutes,Clostridia,Lachnospirales,Lachnospiraceae,None,None,Bacteria,Firmicutes,Clostridia,Oscillospirales,Oscillospiraceae,UCG-002,None,0.004868549172346641
Bacteria,Firmicutes,Clostridia,Lachnospirales,Lachnospiraceae,None,None,Bacteria,Firmicutes,Clostridia,Oscillospirales,Oscillospiraceae,UCG-003,None,0.004868549172346641
Bacteria,Firmicutes,Clostridia,Lachnospirales,Lachnospiraceae,None,None,Bacteria,Firmicutes,Clostridia,Oscillospirales,Oscillospiraceae,UCG-005,None,0.004868549172346641
Bacteria,Firmicutes,Clostridia,Lachnospirales,Lachnospiraceae,None,None,Bacteria,Firmicutes,Clostridia,Oscillospirales,Oscillospiraceae,UCG-005,metagenome,0.005842259006815969
Bacteria,Firmicutes,Clostridia,Lachnospirales,Lachnospiraceae,None,None,Bacteria,Firmicutes,Clostridia,Oscillospirales,Oscillospiraceae,UCG-005,uncultured_Clostridiales_bacterium,0.005842259006815969
Bacteria,Firmicutes,Clostridia,Lachnospirales,Lachnospiraceae,None,None,Bacteria,Firmicutes,Clostridia,Oscillospirales,Oscillospiraceae,UCG-005,uncultured_rumen_bacterium,0.005842259006815969
Bacteria,Firmicutes,Clostridia,Lachnospirales,Lachnospiraceae,None,None,Bacteria,Firmicutes,Clostridia,Oscillospirales,Oscillospiraceae,None,None,0.0038948393378773127
Bacteria,Firmicutes,Clostridia,Lachnospirales,Lachnospiraceae,None,None,Bacteria,Firmicutes,Clostridia,Oscillospirales,Oscillospiraceae,uncultured,metagenome,0.005842259006815969
Bacteria,Firmicutes,Clostridia,Lachnospirales,Lachnospiraceae,None,None,Bacteria,Firmicutes,Clostridia,Oscillospirales,Oscillospiraceae,uncultured,unidentified,0.005842259006815969
Bacteria,Firmicutes,Clostridia,Lachnospirales,Lachnospiraceae,None,None,Bacteria,Firmicutes,Clostridia,Oscillospirales,Ruminococcaceae,Anaerofilum,uncultured_Firmicutes_bacterium,0.005842259006815969
Bacteria,Firmicutes,Clostridia,Lachnospirales,Lachnospiraceae,None,None,Bacteria,Firmicutes,Clostridia,Oscillospirales,Ruminococcaceae,Anaerotruncus,Anaerotruncus_rubiinfantis,0.005842259006815969
Bacteria,Firmicutes,Clostridia,Lachnospirales,Lachnospiraceae,None,None,Bacteria,Firmicutes,Clostridia,Oscillospirales,Ruminococcaceae,Anaerotruncus,Anaerotruncus_sp._NML_070203,0.005842259006815969
Bacteria,Firmicutes,Clostridia,Lachnospirales,Lachnospiraceae,None,None,Bacteria,Firmicutes,Clostridia,Oscillospirales,Ruminococcaceae,Candidatus_Soleaferrea,Neobitarella_massiliensis,0.005842259006815969
Bacteria,Firmicutes,Clostridia,Lachnospirales,Lachnospiraceae,None,None,Bacteria,Firmicutes,Clostridia,Oscillospirales,Ruminococcaceae,Candidatus_Soleaferrea,None,0.004868549172346641
Bacteria,Firmicutes,Clostridia,Lachnospirales,Lachnospiraceae,None,None,Bacteria,Firmicutes,Clostridia,Oscillospirales,Ruminococcaceae,DTU089,None,0.004868549172346641
Bacteria,Firmicutes,Clostridia,Lachnospirales,Lachnospiraceae,None,None,Bacteria,Firmicutes,Clostridia,Oscillospirales,Ruminococcaceae,Faecalibacterium,None,0.004868549172346641
Bacteria,Firmicutes,Clostridia,Lachnospirales,Lachnospiraceae,None,None,Bacteria,Firmicutes,Clostridia,Oscillospirales,Ruminococcaceae,Fournierella,uncultured_organism,0.005842259006815969
Bacteria,Firmicutes,Clostridia,Lachnospirales,Lachnospiraceae,None,None,Bacteria,Firmicutes,Clostridia,Oscillospirales,Ruminococcaceae,Incertae_Sedis,metagenome,0.005842259006815969
Bacteria,Firmicutes,Clostridia,Lachnospirales,Lachnospiraceae,None,None,Bacteria,Firmicutes,Clostridia,Oscillospirales,Ruminococcaceae,Incertae_Sedis,None,0.004868549172346641
Bacteria,Firmicutes,Clostridia,Lachnospirales,Lachnospiraceae,None,None,Bacteria,Firmicutes,Clostridia,Oscillospirales,Ruminococcaceae,Negativibacillus,None,0.004868549172346641
Bacteria,Firmicutes,Clostridia,Lachnospirales,Lachnospiraceae,None,None,Bacteria,Firmicutes,Clostridia,Oscillospirales,Ruminococcaceae,Ruminococcus,Ruminococcus_champanellensis,0.005842259006815969
Bacteria,Firmicutes,Clostridia,Lachnospirales,Lachnospiraceae,None,None,Bacteria,Firmicutes,Clostridia,Oscillospirales,Ruminococcaceae,Ruminococcus,None,0.004868549172346641
Bacteria,Firmicutes,Clostridia,Lachnospirales,Lachnospiraceae,None,None,Bacteria,Firmicutes,Clostridia,Oscillospirales,Ruminococcaceae,Subdoligranulum,None,0.004868549172346641
Bacteria,Firmicutes,Clostridia,Lachnospirales,Lachnospiraceae,None,None,Bacteria,Firmicutes,Clostridia,Oscillospirales,Ruminococcaceae,UBA1819,None,0.004868549172346641
Bacteria,Firmicutes,Clostridia,Lachnospirales,Lachnospiraceae,None,None,Bacteria,Firmicutes,Clostridia,Oscillospirales,Ruminococcaceae,Eubacterium_siraeum_group,None,0.004868549172346641
Bacteria,Firmicutes,Clostridia,Lachnospirales,Lachnospiraceae,None,None,Bacteria,Firmicutes,Clostridia,Oscillospirales,Ruminococcaceae,None,None,0.0038948393378773127
Bacteria,Firmicutes,Clostridia,Lachnospirales,Lachnospiraceae,None,None,Bacteria,Firmicutes,Clostridia,Oscillospirales,UCG-010,None,None,0.0038948393378773127
Bacteria,Firmicutes,Clostridia,Lachnospirales,Lachnospiraceae,None,None,Bacteria,Firmicutes,Clostridia,Oscillospirales,UCG-010,metagenome,None,0.004868549172346641
Bacteria,Firmicutes,Clostridia,Lachnospirales,Lachnospiraceae,None,None,Bacteria,Firmicutes,Clostridia,Oscillospirales,UCG-010,uncultured_bacterium,None,0.004868549172346641
Bacteria,Firmicutes,Clostridia,Lachnospirales,Lachnospiraceae,None,None,Bacteria,Firmicutes,Clostridia,Oscillospirales,UCG-010,uncultured_organism,None,0.004868549172346641
Bacteria,Firmicutes,Clostridia,Lachnospirales,Lachnospiraceae,None,None,Bacteria,Firmicutes,Clostridia,Oscillospirales,Clostridium_methylpentosum_group,None,None,0.0038948393378773127
Bacteria,Firmicutes,Clostridia,Lachnospirales,Lachnospiraceae,None,None,Bacteria,Firmicutes,Clostridia,Oscillospirales,Eubacterium_coprostanoligenes_group,None,None,0.0038948393378773127
Bacteria,Firmicutes,Clostridia,Lachnospirales,Lachnospiraceae,None,None,Bacteria,Firmicutes,Clostridia,Oscillospirales,None,None,None,0.0029211295034079843
Bacteria,Firmicutes,Clostridia,Lachnospirales,Lachnospiraceae,None,None,Bacteria,Firmicutes,Clostridia,Peptococcales,Peptococcaceae,uncultured,None,0.004868549172346641
Bacteria,Firmicutes,Clostridia,Lachnospirales,Lachnospiraceae,None,None,Bacteria,Firmicutes,Clostridia,Peptostreptococcales-Tissierellales,Anaerovoracaceae,Family_XIII_AD3011_group,metagenome,0.005842259006815969
Bacteria,Firmicutes,Clostridia,Lachnospirales,Lachnospiraceae,None,None,Bacteria,Firmicutes,Clostridia,Peptostreptococcales-Tissierellales,Anaerovoracaceae,Family_XIII_AD3011_group,None,0.004868549172346641
Bacteria,Firmicutes,Clostridia,Lachnospirales,Lachnospiraceae,None,None,Bacteria,Firmicutes,Clostridia,Peptostreptococcales-Tissierellales,Anaerovoracaceae,Family_XIII_AD3011_group,uncultured,0.005842259006815969
Bacteria,Firmicutes,Clostridia,Lachnospirales,Lachnospiraceae,None,None,Bacteria,Firmicutes,Clostridia,Peptostreptococcales-Tissierellales,Anaerovoracaceae,Family_XIII_UCG-001,metagenome,0.005842259006815969
Bacteria,Firmicutes,Clostridia,Lachnospirales,Lachnospiraceae,None,None,Bacteria,Firmicutes,Clostridia,Peptostreptococcales-Tissierellales,Anaerovoracaceae,Eubacterium_nodatum_group,None,0.004868549172346641
Bacteria,Firmicutes,Clostridia,Lachnospirales,Lachnospiraceae,None,None,Bacteria,Firmicutes,Clostridia,Peptostreptococcales-Tissierellales,Anaerovoracaceae,None,None,0.0038948393378773127
Bacteria,Firmicutes,Clostridia,Lachnospirales,Lachnospiraceae,None,None,Bacteria,Firmicutes,Clostridia,Peptostreptococcales-Tissierellales,Parvimonas,None,None,0.0038948393378773127
Bacteria,Firmicutes,Clostridia,Lachnospirales,Lachnospiraceae,None,None,Bacteria,Firmicutes,Clostridia,None,None,None,None,0.0019474196689386564
Bacteria,Firmicutes,Clostridia,Lachnospirales,Lachnospiraceae,None,None,Bacteria,Firmicutes,Incertae_Sedis,DTU014,unidentified,None,None,0.005842259006815969
Bacteria,Firmicutes,Clostridia,Lachnospirales,Lachnospiraceae,None,None,Bacteria,Firmicutes,Limnochordia,M55-D21,uncultured_compost_bacterium,None,None,0.005842259006815969
Bacteria,Firmicutes,Clostridia,Lachnospirales,Lachnospiraceae,None,None,Bacteria,Firmicutes,Negativicutes,Acidaminococcales,Acidaminococcaceae,Phascolarctobacterium,None,0.006815968841285297
Bacteria,Firmicutes,Clostridia,Lachnospirales,Lachnospiraceae,None,None,Bacteria,Firmicutes,None,None,None,None,None,0.0029211295034079843
Bacteria,Firmicutes,Clostridia,Lachnospirales,Lachnospiraceae,None,None,Bacteria,Firmicutes,uncultured,uncultured_Peptococcaceae_bacterium,None,None,None,0.004868549172346641
Bacteria,Firmicutes,Clostridia,Lachnospirales,Lachnospiraceae,None,None,Bacteria,Proteobacteria,Alphaproteobacteria,Rhodospirillales,uncultured,None,None,0.007789678675754625
Bacteria,Firmicutes,Clostridia,Lachnospirales,Lachnospiraceae,None,None,Bacteria,Proteobacteria,Gammaproteobacteria,Burkholderiales,Sutterellaceae,Sutterella,Sutterella_sp._252,0.009737098344693282
Bacteria,Firmicutes,Clostridia,Lachnospirales,Lachnospiraceae,None,None,Bacteria,Proteobacteria,Gammaproteobacteria,Enterobacterales,Enterobacteriaceae,Escherichia-Shigella,None,0.008763388510223954
Bacteria,Firmicutes,Clostridia,Lachnospirales,Lachnospiraceae,None,None,Bacteria,Proteobacteria,Gammaproteobacteria,Enterobacterales,Enterobacteriaceae,Klebsiella,None,0.008763388510223954
Bacteria,Firmicutes,Clostridia,Lachnospirales,Lachnospiraceae,None,None,Bacteria,Proteobacteria,Gammaproteobacteria,Enterobacterales,Enterobacteriaceae,None,None,0.007789678675754625
Bacteria,Firmicutes,Clostridia,Lachnospirales,Lachnospiraceae,None,None,Bacteria,Proteobacteria,Gammaproteobacteria,Pseudomonadales,Pseudomonadaceae,Pseudomonas,None,0.008763388510223954
Bacteria,Firmicutes,Clostridia,Lachnospirales,Lachnospiraceae,None,None,Bacteria,Synergistota,Synergistia,Synergistales,Synergistaceae,Cloacibacillus,None,0.008763388510223954
Bacteria,Firmicutes,Clostridia,Lachnospirales,Lachnospiraceae,None,None,Bacteria,Verrucomicrobiota,Verrucomicrobiae,Verrucomicrobiales,Akkermansiaceae,Akkermansia,None,0.008763388510223954
Bacteria,Firmicutes,Clostridia,Lachnospirales,Lachnospiraceae,uncultured,None,Bacteria,Firmicutes,Clostridia,Monoglobales,Monoglobaceae,Monoglobus,None,0.005842259006815969
Bacteria,Firmicutes,Clostridia,Lachnospirales,Lachnospiraceae,uncultured,None,Bacteria,Firmicutes,Clostridia,Oscillospirales,Butyricicoccaceae,Butyricicoccus,None,0.005842259006815969
Bacteria,Firmicutes,Clostridia,Lachnospirales,Lachnospiraceae,uncultured,None,Bacteria,Firmicutes,Clostridia,Oscillospirales,Hydrogenoanaerobacterium,None,None,0.004868549172346641
Bacteria,Firmicutes,Clostridia,Lachnospirales,Lachnospiraceae,uncultured,None,Bacteria,Firmicutes,Clostridia,Oscillospirales,Oscillospiraceae,Colidextribacter,None,0.005842259006815969
Bacteria,Firmicutes,Clostridia,Lachnospirales,Lachnospiraceae,uncultured,None,Bacteria,Firmicutes,Clostridia,Oscillospirales,Oscillospiraceae,Colidextribacter,metagenome,0.006815968841285297
Bacteria,Firmicutes,Clostridia,Lachnospirales,Lachnospiraceae,uncultured,None,Bacteria,Firmicutes,Clostridia,Oscillospirales,Oscillospiraceae,Flavonifractor,None,0.005842259006815969
Bacteria,Firmicutes,Clostridia,Lachnospirales,Lachnospiraceae,uncultured,None,Bacteria,Firmicutes,Clostridia,Oscillospirales,Oscillospiraceae,Intestinimonas,None,0.005842259006815969
Bacteria,Firmicutes,Clostridia,Lachnospirales,Lachnospiraceae,uncultured,None,Bacteria,Firmicutes,Clostridia,Oscillospirales,Oscillospiraceae,Intestinimonas,uncultured,0.006815968841285297
Bacteria,Firmicutes,Clostridia,Lachnospirales,Lachnospiraceae,uncultured,None,Bacteria,Firmicutes,Clostridia,Oscillospirales,Oscillospiraceae,NK4A214_group,None,0.005842259006815969
Bacteria,Firmicutes,Clostridia,Lachnospirales,Lachnospiraceae,uncultured,None,Bacteria,Firmicutes,Clostridia,Oscillospirales,Oscillospiraceae,Oscillibacter,None,0.005842259006815969
Bacteria,Firmicutes,Clostridia,Lachnospirales,Lachnospiraceae,uncultured,None,Bacteria,Firmicutes,Clostridia,Oscillospirales,Oscillospiraceae,Oscillibacter,metagenome,0.006815968841285297
Bacteria,Firmicutes,Clostridia,Lachnospirales,Lachnospiraceae,uncultured,None,Bacteria,Firmicutes,Clostridia,Oscillospirales,Oscillospiraceae,Oscillospira,None,0.005842259006815969
Bacteria,Firmicutes,Clostridia,Lachnospirales,Lachnospiraceae,uncultured,None,Bacteria,Firmicutes,Clostridia,Oscillospirales,Oscillospiraceae,UCG-002,None,0.005842259006815969
Bacteria,Firmicutes,Clostridia,Lachnospirales,Lachnospiraceae,uncultured,None,Bacteria,Firmicutes,Clostridia,Oscillospirales,Oscillospiraceae,UCG-003,None,0.005842259006815969
Bacteria,Firmicutes,Clostridia,Lachnospirales,Lachnospiraceae,uncultured,None,Bacteria,Firmicutes,Clostridia,Oscillospirales,Oscillospiraceae,UCG-005,None,0.005842259006815969
Bacteria,Firmicutes,Clostridia,Lachnospirales,Lachnospiraceae,uncultured,None,Bacteria,Firmicutes,Clostridia,Oscillospirales,Oscillospiraceae,UCG-005,metagenome,0.006815968841285297
Bacteria,Firmicutes,Clostridia,Lachnospirales,Lachnospiraceae,uncultured,None,Bacteria,Firmicutes,Clostridia,Oscillospirales,Oscillospiraceae,UCG-005,uncultured_Clostridiales_bacterium,0.006815968841285297
Bacteria,Firmicutes,Clostridia,Lachnospirales,Lachnospiraceae,uncultured,None,Bacteria,Firmicutes,Clostridia,Oscillospirales,Oscillospiraceae,UCG-005,uncultured_rumen_bacterium,0.006815968841285297
Bacteria,Firmicutes,Clostridia,Lachnospirales,Lachnospiraceae,uncultured,None,Bacteria,Firmicutes,Clostridia,Oscillospirales,Oscillospiraceae,None,None,0.004868549172346641
Bacteria,Firmicutes,Clostridia,Lachnospirales,Lachnospiraceae,uncultured,None,Bacteria,Firmicutes,Clostridia,Oscillospirales,Oscillospiraceae,uncultured,metagenome,0.006815968841285297
Bacteria,Firmicutes,Clostridia,Lachnospirales,Lachnospiraceae,uncultured,None,Bacteria,Firmicutes,Clostridia,Oscillospirales,Oscillospiraceae,uncultured,unidentified,0.006815968841285297
Bacteria,Firmicutes,Clostridia,Lachnospirales,Lachnospiraceae,uncultured,None,Bacteria,Firmicutes,Clostridia,Oscillospirales,Ruminococcaceae,Anaerofilum,uncultured_Firmicutes_bacterium,0.006815968841285297
Bacteria,Firmicutes,Clostridia,Lachnospirales,Lachnospiraceae,uncultured,None,Bacteria,Firmicutes,Clostridia,Oscillospirales,Ruminococcaceae,Anaerotruncus,Anaerotruncus_rubiinfantis,0.006815968841285297
Bacteria,Firmicutes,Clostridia,Lachnospirales,Lachnospiraceae,uncultured,None,Bacteria,Firmicutes,Clostridia,Oscillospirales,Ruminococcaceae,Anaerotruncus,Anaerotruncus_sp._NML_070203,0.006815968841285297
Bacteria,Firmicutes,Clostridia,Lachnospirales,Lachnospiraceae,uncultured,None,Bacteria,Firmicutes,Clostridia,Oscillospirales,Ruminococcaceae,Candidatus_Soleaferrea,Neobitarella_massiliensis,0.006815968841285297
Bacteria,Firmicutes,Clostridia,Lachnospirales,Lachnospiraceae,uncultured,None,Bacteria,Firmicutes,Clostridia,Oscillospirales,Ruminococcaceae,Candidatus_Soleaferrea,None,0.005842259006815969
Bacteria,Firmicutes,Clostridia,Lachnospirales,Lachnospiraceae,uncultured,None,Bacteria,Firmicutes,Clostridia,Oscillospirales,Ruminococcaceae,DTU089,None,0.005842259006815969
Bacteria,Firmicutes,Clostridia,Lachnospirales,Lachnospiraceae,uncultured,None,Bacteria,Firmicutes,Clostridia,Oscillospirales,Ruminococcaceae,Faecalibacterium,None,0.005842259006815969
Bacteria,Firmicutes,Clostridia,Lachnospirales,Lachnospiraceae,uncultured,None,Bacteria,Firmicutes,Clostridia,Oscillospirales,Ruminococcaceae,Fournierella,uncultured_organism,0.006815968841285297
Bacteria,Firmicutes,Clostridia,Lachnospirales,Lachnospiraceae,uncultured,None,Bacteria,Firmicutes,Clostridia,Oscillospirales,Ruminococcaceae,Incertae_Sedis,metagenome,0.006815968841285297
Bacteria,Firmicutes,Clostridia,Lachnospirales,Lachnospiraceae,uncultured,None,Bacteria,Firmicutes,Clostridia,Oscillospirales,Ruminococcaceae,Incertae_Sedis,None,0.005842259006815969
Bacteria,Firmicutes,Clostridia,Lachnospirales,Lachnospiraceae,uncultured,None,Bacteria,Firmicutes,Clostridia,Oscillospirales,Ruminococcaceae,Negativibacillus,None,0.005842259006815969
Bacteria,Firmicutes,Clostridia,Lachnospirales,Lachnospiraceae,uncultured,None,Bacteria,Firmicutes,Clostridia,Oscillospirales,Ruminococcaceae,Ruminococcus,Ruminococcus_champanellensis,0.006815968841285297
Bacteria,Firmicutes,Clostridia,Lachnospirales,Lachnospiraceae,uncultured,None,Bacteria,Firmicutes,Clostridia,Oscillospirales,Ruminococcaceae,Ruminococcus,None,0.005842259006815969
Bacteria,Firmicutes,Clostridia,Lachnospirales,Lachnospiraceae,uncultured,None,Bacteria,Firmicutes,Clostridia,Oscillospirales,Ruminococcaceae,Subdoligranulum,None,0.005842259006815969
Bacteria,Firmicutes,Clostridia,Lachnospirales,Lachnospiraceae,uncultured,None,Bacteria,Firmicutes,Clostridia,Oscillospirales,Ruminococcaceae,UBA1819,None,0.005842259006815969
Bacteria,Firmicutes,Clostridia,Lachnospirales,Lachnospiraceae,uncultured,None,Bacteria,Firmicutes,Clostridia,Oscillospirales,Ruminococcaceae,Eubacterium_siraeum_group,None,0.005842259006815969
Bacteria,Firmicutes,Clostridia,Lachnospirales,Lachnospiraceae,uncultured,None,Bacteria,Firmicutes,Clostridia,Oscillospirales,Ruminococcaceae,None,None,0.004868549172346641
Bacteria,Firmicutes,Clostridia,Lachnospirales,Lachnospiraceae,uncultured,None,Bacteria,Firmicutes,Clostridia,Oscillospirales,UCG-010,None,None,0.004868549172346641
Bacteria,Firmicutes,Clostridia,Lachnospirales,Lachnospiraceae,uncultured,None,Bacteria,Firmicutes,Clostridia,Oscillospirales,UCG-010,metagenome,None,0.005842259006815969
Bacteria,Firmicutes,Clostridia,Lachnospirales,Lachnospiraceae,uncultured,None,Bacteria,Firmicutes,Clostridia,Oscillospirales,UCG-010,uncultured_bacterium,None,0.005842259006815969
Bacteria,Firmicutes,Clostridia,Lachnospirales,Lachnospiraceae,uncultured,None,Bacteria,Firmicutes,Clostridia,Oscillospirales,UCG-010,uncultured_organism,None,0.005842259006815969
Bacteria,Firmicutes,Clostridia,Lachnospirales,Lachnospiraceae,uncultured,None,Bacteria,Firmicutes,Clostridia,Oscillospirales,Clostridium_methylpentosum_group,None,None,0.004868549172346641
Bacteria,Firmicutes,Clostridia,Lachnospirales,Lachnospiraceae,uncultured,None,Bacteria,Firmicutes,Clostridia,Oscillospirales,Eubacterium_coprostanoligenes_group,None,None,0.004868549172346641
Bacteria,Firmicutes,Clostridia,Lachnospirales,Lachnospiraceae,uncultured,None,Bacteria,Firmicutes,Clostridia,Oscillospirales,None,None,None,0.0038948393378773127
Bacteria,Firmicutes,Clostridia,Lachnospirales,Lachnospiraceae,uncultured,None,Bacteria,Firmicutes,Clostridia,Peptococcales,Peptococcaceae,uncultured,None,0.005842259006815969
Bacteria,Firmicutes,Clostridia,Lachnospirales,Lachnospiraceae,uncultured,None,Bacteria,Firmicutes,Clostridia,Peptostreptococcales-Tissierellales,Anaerovoracaceae,Family_XIII_AD3011_group,metagenome,0.006815968841285297
Bacteria,Firmicutes,Clostridia,Lachnospirales,Lachnospiraceae,uncultured,None,Bacteria,Firmicutes,Clostridia,Peptostreptococcales-Tissierellales,Anaerovoracaceae,Family_XIII_AD3011_group,None,0.005842259006815969
Bacteria,Firmicutes,Clostridia,Lachnospirales,Lachnospiraceae,uncultured,None,Bacteria,Firmicutes,Clostridia,Peptostreptococcales-Tissierellales,Anaerovoracaceae,Family_XIII_AD3011_group,uncultured,0.006815968841285297
Bacteria,Firmicutes,Clostridia,Lachnospirales,Lachnospiraceae,uncultured,None,Bacteria,Firmicutes,Clostridia,Peptostreptococcales-Tissierellales,Anaerovoracaceae,Family_XIII_UCG-001,metagenome,0.006815968841285297
Bacteria,Firmicutes,Clostridia,Lachnospirales,Lachnospiraceae,uncultured,None,Bacteria,Firmicutes,Clostridia,Peptostreptococcales-Tissierellales,Anaerovoracaceae,Eubacterium_nodatum_group,None,0.005842259006815969
Bacteria,Firmicutes,Clostridia,Lachnospirales,Lachnospiraceae,uncultured,None,Bacteria,Firmicutes,Clostridia,Peptostreptococcales-Tissierellales,Anaerovoracaceae,None,None,0.004868549172346641
Bacteria,Firmicutes,Clostridia,Lachnospirales,Lachnospiraceae,uncultured,None,Bacteria,Firmicutes,Clostridia,Peptostreptococcales-Tissierellales,Parvimonas,None,None,0.004868549172346641
Bacteria,Firmicutes,Clostridia,Lachnospirales,Lachnospiraceae,uncultured,None,Bacteria,Firmicutes,Clostridia,None,None,None,None,0.0029211295034079843
Bacteria,Firmicutes,Clostridia,Lachnospirales,Lachnospiraceae,uncultured,None,Bacteria,Firmicutes,Incertae_Sedis,DTU014,unidentified,None,None,0.006815968841285297
Bacteria,Firmicutes,Clostridia,Lachnospirales,Lachnospiraceae,uncultured,None,Bacteria,Firmicutes,Limnochordia,M55-D21,uncultured_compost_bacterium,None,None,0.006815968841285297
Bacteria,Firmicutes,Clostridia,Lachnospirales,Lachnospiraceae,uncultured,None,Bacteria,Firmicutes,Negativicutes,Acidaminococcales,Acidaminococcaceae,Phascolarctobacterium,None,0.007789678675754625
Bacteria,Firmicutes,Clostridia,Lachnospirales,Lachnospiraceae,uncultured,None,Bacteria,Firmicutes,None,None,None,None,None,0.0038948393378773127
Bacteria,Firmicutes,Clostridia,Lachnospirales,Lachnospiraceae,uncultured,None,Bacteria,Firmicutes,uncultured,uncultured_Peptococcaceae_bacterium,None,None,None,0.005842259006815969
Bacteria,Firmicutes,Clostridia,Lachnospirales,Lachnospiraceae,uncultured,None,Bacteria,Proteobacteria,Alphaproteobacteria,Rhodospirillales,uncultured,None,None,0.008763388510223954
Bacteria,Firmicutes,Clostridia,Lachnospirales,Lachnospiraceae,uncultured,None,Bacteria,Proteobacteria,Gammaproteobacteria,Burkholderiales,Sutterellaceae,Sutterella,Sutterella_sp._252,0.010710808179162609
Bacteria,Firmicutes,Clostridia,Lachnospirales,Lachnospiraceae,uncultured,None,Bacteria,Proteobacteria,Gammaproteobacteria,Enterobacterales,Enterobacteriaceae,Escherichia-Shigella,None,0.009737098344693282
Bacteria,Firmicutes,Clostridia,Lachnospirales,Lachnospiraceae,uncultured,None,Bacteria,Proteobacteria,Gammaproteobacteria,Enterobacterales,Enterobacteriaceae,Klebsiella,None,0.009737098344693282
Bacteria,Firmicutes,Clostridia,Lachnospirales,Lachnospiraceae,uncultured,None,Bacteria,Proteobacteria,Gammaproteobacteria,Enterobacterales,Enterobacteriaceae,None,None,0.008763388510223954
Bacteria,Firmicutes,Clostridia,Lachnospirales,Lachnospiraceae,uncultured,None,Bacteria,Proteobacteria,Gammaproteobacteria,Pseudomonadales,Pseudomonadaceae,Pseudomonas,None,0.009737098344693282
Bacteria,Firmicutes,Clostridia,Lachnospirales,Lachnospiraceae,uncultured,None,Bacteria,Synergistota,Synergistia,Synergistales,Synergistaceae,Cloacibacillus,None,0.009737098344693282
Bacteria,Firmicutes,Clostridia,Lachnospirales,Lachnospiraceae,uncultured,None,Bacteria,Verrucomicrobiota,Verrucomicrobiae,Verrucomicrobiales,Akkermansiaceae,Akkermansia,None,0.009737098344693282
Bacteria,Firmicutes,Clostridia,Monoglobales,Monoglobaceae,Monoglobus,None,Bacteria,Firmicutes,Clostridia,Oscillospirales,Butyricicoccaceae,Butyricicoccus,None,0.005842259006815969
Bacteria,Firmicutes,Clostridia,Monoglobales,Monoglobaceae,Monoglobus,None,Bacteria,Firmicutes,Clostridia,Oscillospirales,Hydrogenoanaerobacterium,None,None,0.004868549172346641
Bacteria,Firmicutes,Clostridia,Monoglobales,Monoglobaceae,Monoglobus,None,Bacteria,Firmicutes,Clostridia,Oscillospirales,Oscillospiraceae,Colidextribacter,None,0.005842259006815969
Bacteria,Firmicutes,Clostridia,Monoglobales,Monoglobaceae,Monoglobus,None,Bacteria,Firmicutes,Clostridia,Oscillospirales,Oscillospiraceae,Colidextribacter,metagenome,0.006815968841285297
Bacteria,Firmicutes,Clostridia,Monoglobales,Monoglobaceae,Monoglobus,None,Bacteria,Firmicutes,Clostridia,Oscillospirales,Oscillospiraceae,Flavonifractor,None,0.005842259006815969
Bacteria,Firmicutes,Clostridia,Monoglobales,Monoglobaceae,Monoglobus,None,Bacteria,Firmicutes,Clostridia,Oscillospirales,Oscillospiraceae,Intestinimonas,None,0.005842259006815969
Bacteria,Firmicutes,Clostridia,Monoglobales,Monoglobaceae,Monoglobus,None,Bacteria,Firmicutes,Clostridia,Oscillospirales,Oscillospiraceae,Intestinimonas,uncultured,0.006815968841285297
Bacteria,Firmicutes,Clostridia,Monoglobales,Monoglobaceae,Monoglobus,None,Bacteria,Firmicutes,Clostridia,Oscillospirales,Oscillospiraceae,NK4A214_group,None,0.005842259006815969
Bacteria,Firmicutes,Clostridia,Monoglobales,Monoglobaceae,Monoglobus,None,Bacteria,Firmicutes,Clostridia,Oscillospirales,Oscillospiraceae,Oscillibacter,None,0.005842259006815969
Bacteria,Firmicutes,Clostridia,Monoglobales,Monoglobaceae,Monoglobus,None,Bacteria,Firmicutes,Clostridia,Oscillospirales,Oscillospiraceae,Oscillibacter,metagenome,0.006815968841285297
Bacteria,Firmicutes,Clostridia,Monoglobales,Monoglobaceae,Monoglobus,None,Bacteria,Firmicutes,Clostridia,Oscillospirales,Oscillospiraceae,Oscillospira,None,0.005842259006815969
Bacteria,Firmicutes,Clostridia,Monoglobales,Monoglobaceae,Monoglobus,None,Bacteria,Firmicutes,Clostridia,Oscillospirales,Oscillospiraceae,UCG-002,None,0.005842259006815969
Bacteria,Firmicutes,Clostridia,Monoglobales,Monoglobaceae,Monoglobus,None,Bacteria,Firmicutes,Clostridia,Oscillospirales,Oscillospiraceae,UCG-003,None,0.005842259006815969
Bacteria,Firmicutes,Clostridia,Monoglobales,Monoglobaceae,Monoglobus,None,Bacteria,Firmicutes,Clostridia,Oscillospirales,Oscillospiraceae,UCG-005,None,0.005842259006815969
Bacteria,Firmicutes,Clostridia,Monoglobales,Monoglobaceae,Monoglobus,None,Bacteria,Firmicutes,Clostridia,Oscillospirales,Oscillospiraceae,UCG-005,metagenome,0.006815968841285297
Bacteria,Firmicutes,Clostridia,Monoglobales,Monoglobaceae,Monoglobus,None,Bacteria,Firmicutes,Clostridia,Oscillospirales,Oscillospiraceae,UCG-005,uncultured_Clostridiales_bacterium,0.006815968841285297
Bacteria,Firmicutes,Clostridia,Monoglobales,Monoglobaceae,Monoglobus,None,Bacteria,Firmicutes,Clostridia,Oscillospirales,Oscillospiraceae,UCG-005,uncultured_rumen_bacterium,0.006815968841285297
Bacteria,Firmicutes,Clostridia,Monoglobales,Monoglobaceae,Monoglobus,None,Bacteria,Firmicutes,Clostridia,Oscillospirales,Oscillospiraceae,None,None,0.004868549172346641
Bacteria,Firmicutes,Clostridia,Monoglobales,Monoglobaceae,Monoglobus,None,Bacteria,Firmicutes,Clostridia,Oscillospirales,Oscillospiraceae,uncultured,metagenome,0.006815968841285297
Bacteria,Firmicutes,Clostridia,Monoglobales,Monoglobaceae,Monoglobus,None,Bacteria,Firmicutes,Clostridia,Oscillospirales,Oscillospiraceae,uncultured,unidentified,0.006815968841285297
Bacteria,Firmicutes,Clostridia,Monoglobales,Monoglobaceae,Monoglobus,None,Bacteria,Firmicutes,Clostridia,Oscillospirales,Ruminococcaceae,Anaerofilum,uncultured_Firmicutes_bacterium,0.006815968841285297
Bacteria,Firmicutes,Clostridia,Monoglobales,Monoglobaceae,Monoglobus,None,Bacteria,Firmicutes,Clostridia,Oscillospirales,Ruminococcaceae,Anaerotruncus,Anaerotruncus_rubiinfantis,0.006815968841285297
Bacteria,Firmicutes,Clostridia,Monoglobales,Monoglobaceae,Monoglobus,None,Bacteria,Firmicutes,Clostridia,Oscillospirales,Ruminococcaceae,Anaerotruncus,Anaerotruncus_sp._NML_070203,0.006815968841285297
Bacteria,Firmicutes,Clostridia,Monoglobales,Monoglobaceae,Monoglobus,None,Bacteria,Firmicutes,Clostridia,Oscillospirales,Ruminococcaceae,Candidatus_Soleaferrea,Neobitarella_massiliensis,0.006815968841285297
Bacteria,Firmicutes,Clostridia,Monoglobales,Monoglobaceae,Monoglobus,None,Bacteria,Firmicutes,Clostridia,Oscillospirales,Ruminococcaceae,Candidatus_Soleaferrea,None,0.005842259006815969
Bacteria,Firmicutes,Clostridia,Monoglobales,Monoglobaceae,Monoglobus,None,Bacteria,Firmicutes,Clostridia,Oscillospirales,Ruminococcaceae,DTU089,None,0.005842259006815969
Bacteria,Firmicutes,Clostridia,Monoglobales,Monoglobaceae,Monoglobus,None,Bacteria,Firmicutes,Clostridia,Oscillospirales,Ruminococcaceae,Faecalibacterium,None,0.005842259006815969
Bacteria,Firmicutes,Clostridia,Monoglobales,Monoglobaceae,Monoglobus,None,Bacteria,Firmicutes,Clostridia,Oscillospirales,Ruminococcaceae,Fournierella,uncultured_organism,0.006815968841285297
Bacteria,Firmicutes,Clostridia,Monoglobales,Monoglobaceae,Monoglobus,None,Bacteria,Firmicutes,Clostridia,Oscillospirales,Ruminococcaceae,Incertae_Sedis,metagenome,0.006815968841285297
Bacteria,Firmicutes,Clostridia,Monoglobales,Monoglobaceae,Monoglobus,None,Bacteria,Firmicutes,Clostridia,Oscillospirales,Ruminococcaceae,Incertae_Sedis,None,0.005842259006815969
Bacteria,Firmicutes,Clostridia,Monoglobales,Monoglobaceae,Monoglobus,None,Bacteria,Firmicutes,Clostridia,Oscillospirales,Ruminococcaceae,Negativibacillus,None,0.005842259006815969
Bacteria,Firmicutes,Clostridia,Monoglobales,Monoglobaceae,Monoglobus,None,Bacteria,Firmicutes,Clostridia,Oscillospirales,Ruminococcaceae,Ruminococcus,Ruminococcus_champanellensis,0.006815968841285297
Bacteria,Firmicutes,Clostridia,Monoglobales,Monoglobaceae,Monoglobus,None,Bacteria,Firmicutes,Clostridia,Oscillospirales,Ruminococcaceae,Ruminococcus,None,0.005842259006815969
Bacteria,Firmicutes,Clostridia,Monoglobales,Monoglobaceae,Monoglobus,None,Bacteria,Firmicutes,Clostridia,Oscillospirales,Ruminococcaceae,Subdoligranulum,None,0.005842259006815969
Bacteria,Firmicutes,Clostridia,Monoglobales,Monoglobaceae,Monoglobus,None,Bacteria,Firmicutes,Clostridia,Oscillospirales,Ruminococcaceae,UBA1819,None,0.005842259006815969
Bacteria,Firmicutes,Clostridia,Monoglobales,Monoglobaceae,Monoglobus,None,Bacteria,Firmicutes,Clostridia,Oscillospirales,Ruminococcaceae,Eubacterium_siraeum_group,None,0.005842259006815969
Bacteria,Firmicutes,Clostridia,Monoglobales,Monoglobaceae,Monoglobus,None,Bacteria,Firmicutes,Clostridia,Oscillospirales,Ruminococcaceae,None,None,0.004868549172346641
Bacteria,Firmicutes,Clostridia,Monoglobales,Monoglobaceae,Monoglobus,None,Bacteria,Firmicutes,Clostridia,Oscillospirales,UCG-010,None,None,0.004868549172346641
Bacteria,Firmicutes,Clostridia,Monoglobales,Monoglobaceae,Monoglobus,None,Bacteria,Firmicutes,Clostridia,Oscillospirales,UCG-010,metagenome,None,0.005842259006815969
Bacteria,Firmicutes,Clostridia,Monoglobales,Monoglobaceae,Monoglobus,None,Bacteria,Firmicutes,Clostridia,Oscillospirales,UCG-010,uncultured_bacterium,None,0.005842259006815969
Bacteria,Firmicutes,Clostridia,Monoglobales,Monoglobaceae,Monoglobus,None,Bacteria,Firmicutes,Clostridia,Oscillospirales,UCG-010,uncultured_organism,None,0.005842259006815969
Bacteria,Firmicutes,Clostridia,Monoglobales,Monoglobaceae,Monoglobus,None,Bacteria,Firmicutes,Clostridia,Oscillospirales,Clostridium_methylpentosum_group,None,None,0.004868549172346641
Bacteria,Firmicutes,Clostridia,Monoglobales,Monoglobaceae,Monoglobus,None,Bacteria,Firmicutes,Clostridia,Oscillospirales,Eubacterium_coprostanoligenes_group,None,None,0.004868549172346641
Bacteria,Firmicutes,Clostridia,Monoglobales,Monoglobaceae,Monoglobus,None,Bacteria,Firmicutes,Clostridia,Oscillospirales,None,None,None,0.0038948393378773127
Bacteria,Firmicutes,Clostridia,Monoglobales,Monoglobaceae,Monoglobus,None,Bacteria,Firmicutes,Clostridia,Peptococcales,Peptococcaceae,uncultured,None,0.005842259006815969
Bacteria,Firmicutes,Clostridia,Monoglobales,Monoglobaceae,Monoglobus,None,Bacteria,Firmicutes,Clostridia,Peptostreptococcales-Tissierellales,Anaerovoracaceae,Family_XIII_AD3011_group,metagenome,0.006815968841285297
Bacteria,Firmicutes,Clostridia,Monoglobales,Monoglobaceae,Monoglobus,None,Bacteria,Firmicutes,Clostridia,Peptostreptococcales-Tissierellales,Anaerovoracaceae,Family_XIII_AD3011_group,None,0.005842259006815969
Bacteria,Firmicutes,Clostridia,Monoglobales,Monoglobaceae,Monoglobus,None,Bacteria,Firmicutes,Clostridia,Peptostreptococcales-Tissierellales,Anaerovoracaceae,Family_XIII_AD3011_group,uncultured,0.006815968841285297
Bacteria,Firmicutes,Clostridia,Monoglobales,Monoglobaceae,Monoglobus,None,Bacteria,Firmicutes,Clostridia,Peptostreptococcales-Tissierellales,Anaerovoracaceae,Family_XIII_UCG-001,metagenome,0.006815968841285297
Bacteria,Firmicutes,Clostridia,Monoglobales,Monoglobaceae,Monoglobus,None,Bacteria,Firmicutes,Clostridia,Peptostreptococcales-Tissierellales,Anaerovoracaceae,Eubacterium_nodatum_group,None,0.005842259006815969
Bacteria,Firmicutes,Clostridia,Monoglobales,Monoglobaceae,Monoglobus,None,Bacteria,Firmicutes,Clostridia,Peptostreptococcales-Tissierellales,Anaerovoracaceae,None,None,0.004868549172346641
Bacteria,Firmicutes,Clostridia,Monoglobales,Monoglobaceae,Monoglobus,None,Bacteria,Firmicutes,Clostridia,Peptostreptococcales-Tissierellales,Parvimonas,None,None,0.004868549172346641
Bacteria,Firmicutes,Clostridia,Monoglobales,Monoglobaceae,Monoglobus,None,Bacteria,Firmicutes,Clostridia,None,None,None,None,0.0029211295034079843
Bacteria,Firmicutes,Clostridia,Monoglobales,Monoglobaceae,Monoglobus,None,Bacteria,Firmicutes,Incertae_Sedis,DTU014,unidentified,None,None,0.006815968841285297
Bacteria,Firmicutes,Clostridia,Monoglobales,Monoglobaceae,Monoglobus,None,Bacteria,Firmicutes,Limnochordia,M55-D21,uncultured_compost_bacterium,None,None,0.006815968841285297
Bacteria,Firmicutes,Clostridia,Monoglobales,Monoglobaceae,Monoglobus,None,Bacteria,Firmicutes,Negativicutes,Acidaminococcales,Acidaminococcaceae,Phascolarctobacterium,None,0.007789678675754625
Bacteria,Firmicutes,Clostridia,Monoglobales,Monoglobaceae,Monoglobus,None,Bacteria,Firmicutes,None,None,None,None,None,0.0038948393378773127
Bacteria,Firmicutes,Clostridia,Monoglobales,Monoglobaceae,Monoglobus,None,Bacteria,Firmicutes,uncultured,uncultured_Peptococcaceae_bacterium,None,None,None,0.005842259006815969
Bacteria,Firmicutes,Clostridia,Monoglobales,Monoglobaceae,Monoglobus,None,Bacteria,Proteobacteria,Alphaproteobacteria,Rhodospirillales,uncultured,None,None,0.008763388510223954
Bacteria,Firmicutes,Clostridia,Monoglobales,Monoglobaceae,Monoglobus,None,Bacteria,Proteobacteria,Gammaproteobacteria,Burkholderiales,Sutterellaceae,Sutterella,Sutterella_sp._252,0.010710808179162609
Bacteria,Firmicutes,Clostridia,Monoglobales,Monoglobaceae,Monoglobus,None,Bacteria,Proteobacteria,Gammaproteobacteria,Enterobacterales,Enterobacteriaceae,Escherichia-Shigella,None,0.009737098344693282
Bacteria,Firmicutes,Clostridia,Monoglobales,Monoglobaceae,Monoglobus,None,Bacteria,Proteobacteria,Gammaproteobacteria,Enterobacterales,Enterobacteriaceae,Klebsiella,None,0.009737098344693282
Bacteria,Firmicutes,Clostridia,Monoglobales,Monoglobaceae,Monoglobus,None,Bacteria,Proteobacteria,Gammaproteobacteria,Enterobacterales,Enterobacteriaceae,None,None,0.008763388510223954
Bacteria,Firmicutes,Clostridia,Monoglobales,Monoglobaceae,Monoglobus,None,Bacteria,Proteobacteria,Gammaproteobacteria,Pseudomonadales,Pseudomonadaceae,Pseudomonas,None,0.009737098344693282
Bacteria,Firmicutes,Clostridia,Monoglobales,Monoglobaceae,Monoglobus,None,Bacteria,Synergistota,Synergistia,Synergistales,Synergistaceae,Cloacibacillus,None,0.009737098344693282
Bacteria,Firmicutes,Clostridia,Monoglobales,Monoglobaceae,Monoglobus,None,Bacteria,Verrucomicrobiota,Verrucomicrobiae,Verrucomicrobiales,Akkermansiaceae,Akkermansia,None,0.009737098344693282
Bacteria,Firmicutes,Clostridia,Oscillospirales,Butyricicoccaceae,Butyricicoccus,None,Bacteria,Firmicutes,Clostridia,Oscillospirales,Hydrogenoanaerobacterium,None,None,0.0029211295034079843
Bacteria,Firmicutes,Clostridia,Oscillospirales,Butyricicoccaceae,Butyricicoccus,None,Bacteria,Firmicutes,Clostridia,Oscillospirales,Oscillospiraceae,Colidextribacter,None,0.0038948393378773127
Bacteria,Firmicutes,Clostridia,Oscillospirales,Butyricicoccaceae,Butyricicoccus,None,Bacteria,Firmicutes,Clostridia,Oscillospirales,Oscillospiraceae,Colidextribacter,metagenome,0.004868549172346641
Bacteria,Firmicutes,Clostridia,Oscillospirales,Butyricicoccaceae,Butyricicoccus,None,Bacteria,Firmicutes,Clostridia,Oscillospirales,Oscillospiraceae,Flavonifractor,None,0.0038948393378773127
Bacteria,Firmicutes,Clostridia,Oscillospirales,Butyricicoccaceae,Butyricicoccus,None,Bacteria,Firmicutes,Clostridia,Oscillospirales,Oscillospiraceae,Intestinimonas,None,0.0038948393378773127
Bacteria,Firmicutes,Clostridia,Oscillospirales,Butyricicoccaceae,Butyricicoccus,None,Bacteria,Firmicutes,Clostridia,Oscillospirales,Oscillospiraceae,Intestinimonas,uncultured,0.004868549172346641
Bacteria,Firmicutes,Clostridia,Oscillospirales,Butyricicoccaceae,Butyricicoccus,None,Bacteria,Firmicutes,Clostridia,Oscillospirales,Oscillospiraceae,NK4A214_group,None,0.0038948393378773127
Bacteria,Firmicutes,Clostridia,Oscillospirales,Butyricicoccaceae,Butyricicoccus,None,Bacteria,Firmicutes,Clostridia,Oscillospirales,Oscillospiraceae,Oscillibacter,None,0.0038948393378773127
Bacteria,Firmicutes,Clostridia,Oscillospirales,Butyricicoccaceae,Butyricicoccus,None,Bacteria,Firmicutes,Clostridia,Oscillospirales,Oscillospiraceae,Oscillibacter,metagenome,0.004868549172346641
Bacteria,Firmicutes,Clostridia,Oscillospirales,Butyricicoccaceae,Butyricicoccus,None,Bacteria,Firmicutes,Clostridia,Oscillospirales,Oscillospiraceae,Oscillospira,None,0.0038948393378773127
Bacteria,Firmicutes,Clostridia,Oscillospirales,Butyricicoccaceae,Butyricicoccus,None,Bacteria,Firmicutes,Clostridia,Oscillospirales,Oscillospiraceae,UCG-002,None,0.0038948393378773127
Bacteria,Firmicutes,Clostridia,Oscillospirales,Butyricicoccaceae,Butyricicoccus,None,Bacteria,Firmicutes,Clostridia,Oscillospirales,Oscillospiraceae,UCG-003,None,0.0038948393378773127
Bacteria,Firmicutes,Clostridia,Oscillospirales,Butyricicoccaceae,Butyricicoccus,None,Bacteria,Firmicutes,Clostridia,Oscillospirales,Oscillospiraceae,UCG-005,None,0.0038948393378773127
Bacteria,Firmicutes,Clostridia,Oscillospirales,Butyricicoccaceae,Butyricicoccus,None,Bacteria,Firmicutes,Clostridia,Oscillospirales,Oscillospiraceae,UCG-005,metagenome,0.004868549172346641
Bacteria,Firmicutes,Clostridia,Oscillospirales,Butyricicoccaceae,Butyricicoccus,None,Bacteria,Firmicutes,Clostridia,Oscillospirales,Oscillospiraceae,UCG-005,uncultured_Clostridiales_bacterium,0.004868549172346641
Bacteria,Firmicutes,Clostridia,Oscillospirales,Butyricicoccaceae,Butyricicoccus,None,Bacteria,Firmicutes,Clostridia,Oscillospirales,Oscillospiraceae,UCG-005,uncultured_rumen_bacterium,0.004868549172346641
Bacteria,Firmicutes,Clostridia,Oscillospirales,Butyricicoccaceae,Butyricicoccus,None,Bacteria,Firmicutes,Clostridia,Oscillospirales,Oscillospiraceae,None,None,0.0029211295034079843
Bacteria,Firmicutes,Clostridia,Oscillospirales,Butyricicoccaceae,Butyricicoccus,None,Bacteria,Firmicutes,Clostridia,Oscillospirales,Oscillospiraceae,uncultured,metagenome,0.004868549172346641
Bacteria,Firmicutes,Clostridia,Oscillospirales,Butyricicoccaceae,Butyricicoccus,None,Bacteria,Firmicutes,Clostridia,Oscillospirales,Oscillospiraceae,uncultured,unidentified,0.004868549172346641
Bacteria,Firmicutes,Clostridia,Oscillospirales,Butyricicoccaceae,Butyricicoccus,None,Bacteria,Firmicutes,Clostridia,Oscillospirales,Ruminococcaceae,Anaerofilum,uncultured_Firmicutes_bacterium,0.004868549172346641
Bacteria,Firmicutes,Clostridia,Oscillospirales,Butyricicoccaceae,Butyricicoccus,None,Bacteria,Firmicutes,Clostridia,Oscillospirales,Ruminococcaceae,Anaerotruncus,Anaerotruncus_rubiinfantis,0.004868549172346641
Bacteria,Firmicutes,Clostridia,Oscillospirales,Butyricicoccaceae,Butyricicoccus,None,Bacteria,Firmicutes,Clostridia,Oscillospirales,Ruminococcaceae,Anaerotruncus,Anaerotruncus_sp._NML_070203,0.004868549172346641
Bacteria,Firmicutes,Clostridia,Oscillospirales,Butyricicoccaceae,Butyricicoccus,None,Bacteria,Firmicutes,Clostridia,Oscillospirales,Ruminococcaceae,Candidatus_Soleaferrea,Neobitarella_massiliensis,0.004868549172346641
Bacteria,Firmicutes,Clostridia,Oscillospirales,Butyricicoccaceae,Butyricicoccus,None,Bacteria,Firmicutes,Clostridia,Oscillospirales,Ruminococcaceae,Candidatus_Soleaferrea,None,0.0038948393378773127
Bacteria,Firmicutes,Clostridia,Oscillospirales,Butyricicoccaceae,Butyricicoccus,None,Bacteria,Firmicutes,Clostridia,Oscillospirales,Ruminococcaceae,DTU089,None,0.0038948393378773127
Bacteria,Firmicutes,Clostridia,Oscillospirales,Butyricicoccaceae,Butyricicoccus,None,Bacteria,Firmicutes,Clostridia,Oscillospirales,Ruminococcaceae,Faecalibacterium,None,0.0038948393378773127
Bacteria,Firmicutes,Clostridia,Oscillospirales,Butyricicoccaceae,Butyricicoccus,None,Bacteria,Firmicutes,Clostridia,Oscillospirales,Ruminococcaceae,Fournierella,uncultured_organism,0.004868549172346641
Bacteria,Firmicutes,Clostridia,Oscillospirales,Butyricicoccaceae,Butyricicoccus,None,Bacteria,Firmicutes,Clostridia,Oscillospirales,Ruminococcaceae,Incertae_Sedis,metagenome,0.004868549172346641
Bacteria,Firmicutes,Clostridia,Oscillospirales,Butyricicoccaceae,Butyricicoccus,None,Bacteria,Firmicutes,Clostridia,Oscillospirales,Ruminococcaceae,Incertae_Sedis,None,0.0038948393378773127
Bacteria,Firmicutes,Clostridia,Oscillospirales,Butyricicoccaceae,Butyricicoccus,None,Bacteria,Firmicutes,Clostridia,Oscillospirales,Ruminococcaceae,Negativibacillus,None,0.0038948393378773127
Bacteria,Firmicutes,Clostridia,Oscillospirales,Butyricicoccaceae,Butyricicoccus,None,Bacteria,Firmicutes,Clostridia,Oscillospirales,Ruminococcaceae,Ruminococcus,Ruminococcus_champanellensis,0.004868549172346641
Bacteria,Firmicutes,Clostridia,Oscillospirales,Butyricicoccaceae,Butyricicoccus,None,Bacteria,Firmicutes,Clostridia,Oscillospirales,Ruminococcaceae,Ruminococcus,None,0.0038948393378773127
Bacteria,Firmicutes,Clostridia,Oscillospirales,Butyricicoccaceae,Butyricicoccus,None,Bacteria,Firmicutes,Clostridia,Oscillospirales,Ruminococcaceae,Subdoligranulum,None,0.0038948393378773127
Bacteria,Firmicutes,Clostridia,Oscillospirales,Butyricicoccaceae,Butyricicoccus,None,Bacteria,Firmicutes,Clostridia,Oscillospirales,Ruminococcaceae,UBA1819,None,0.0038948393378773127
Bacteria,Firmicutes,Clostridia,Oscillospirales,Butyricicoccaceae,Butyricicoccus,None,Bacteria,Firmicutes,Clostridia,Oscillospirales,Ruminococcaceae,Eubacterium_siraeum_group,None,0.0038948393378773127
Bacteria,Firmicutes,Clostridia,Oscillospirales,Butyricicoccaceae,Butyricicoccus,None,Bacteria,Firmicutes,Clostridia,Oscillospirales,Ruminococcaceae,None,None,0.0029211295034079843
Bacteria,Firmicutes,Clostridia,Oscillospirales,Butyricicoccaceae,Butyricicoccus,None,Bacteria,Firmicutes,Clostridia,Oscillospirales,UCG-010,None,None,0.0029211295034079843
Bacteria,Firmicutes,Clostridia,Oscillospirales,Butyricicoccaceae,Butyricicoccus,None,Bacteria,Firmicutes,Clostridia,Oscillospirales,UCG-010,metagenome,None,0.0038948393378773127
Bacteria,Firmicutes,Clostridia,Oscillospirales,Butyricicoccaceae,Butyricicoccus,None,Bacteria,Firmicutes,Clostridia,Oscillospirales,UCG-010,uncultured_bacterium,None,0.0038948393378773127
Bacteria,Firmicutes,Clostridia,Oscillospirales,Butyricicoccaceae,Butyricicoccus,None,Bacteria,Firmicutes,Clostridia,Oscillospirales,UCG-010,uncultured_organism,None,0.0038948393378773127
Bacteria,Firmicutes,Clostridia,Oscillospirales,Butyricicoccaceae,Butyricicoccus,None,Bacteria,Firmicutes,Clostridia,Oscillospirales,Clostridium_methylpentosum_group,None,None,0.0029211295034079843
Bacteria,Firmicutes,Clostridia,Oscillospirales,Butyricicoccaceae,Butyricicoccus,None,Bacteria,Firmicutes,Clostridia,Oscillospirales,Eubacterium_coprostanoligenes_group,None,None,0.0029211295034079843
Bacteria,Firmicutes,Clostridia,Oscillospirales,Butyricicoccaceae,Butyricicoccus,None,Bacteria,Firmicutes,Clostridia,Oscillospirales,None,None,None,0.0029211295034079843
Bacteria,Firmicutes,Clostridia,Oscillospirales,Butyricicoccaceae,Butyricicoccus,None,Bacteria,Firmicutes,Clostridia,Peptococcales,Peptococcaceae,uncultured,None,0.005842259006815969
Bacteria,Firmicutes,Clostridia,Oscillospirales,Butyricicoccaceae,Butyricicoccus,None,Bacteria,Firmicutes,Clostridia,Peptostreptococcales-Tissierellales,Anaerovoracaceae,Family_XIII_AD3011_group,metagenome,0.006815968841285297
Bacteria,Firmicutes,Clostridia,Oscillospirales,Butyricicoccaceae,Butyricicoccus,None,Bacteria,Firmicutes,Clostridia,Peptostreptococcales-Tissierellales,Anaerovoracaceae,Family_XIII_AD3011_group,None,0.005842259006815969
Bacteria,Firmicutes,Clostridia,Oscillospirales,Butyricicoccaceae,Butyricicoccus,None,Bacteria,Firmicutes,Clostridia,Peptostreptococcales-Tissierellales,Anaerovoracaceae,Family_XIII_AD3011_group,uncultured,0.006815968841285297
Bacteria,Firmicutes,Clostridia,Oscillospirales,Butyricicoccaceae,Butyricicoccus,None,Bacteria,Firmicutes,Clostridia,Peptostreptococcales-Tissierellales,Anaerovoracaceae,Family_XIII_UCG-001,metagenome,0.006815968841285297
Bacteria,Firmicutes,Clostridia,Oscillospirales,Butyricicoccaceae,Butyricicoccus,None,Bacteria,Firmicutes,Clostridia,Peptostreptococcales-Tissierellales,Anaerovoracaceae,Eubacterium_nodatum_group,None,0.005842259006815969
Bacteria,Firmicutes,Clostridia,Oscillospirales,Butyricicoccaceae,Butyricicoccus,None,Bacteria,Firmicutes,Clostridia,Peptostreptococcales-Tissierellales,Anaerovoracaceae,None,None,0.004868549172346641
Bacteria,Firmicutes,Clostridia,Oscillospirales,Butyricicoccaceae,Butyricicoccus,None,Bacteria,Firmicutes,Clostridia,Peptostreptococcales-Tissierellales,Parvimonas,None,None,0.004868549172346641
Bacteria,Firmicutes,Clostridia,Oscillospirales,Butyricicoccaceae,Butyricicoccus,None,Bacteria,Firmicutes,Clostridia,None,None,None,None,0.0029211295034079843
Bacteria,Firmicutes,Clostridia,Oscillospirales,Butyricicoccaceae,Butyricicoccus,None,Bacteria,Firmicutes,Incertae_Sedis,DTU014,unidentified,None,None,0.006815968841285297
Bacteria,Firmicutes,Clostridia,Oscillospirales,Butyricicoccaceae,Butyricicoccus,None,Bacteria,Firmicutes,Limnochordia,M55-D21,uncultured_compost_bacterium,None,None,0.006815968841285297
Bacteria,Firmicutes,Clostridia,Oscillospirales,Butyricicoccaceae,Butyricicoccus,None,Bacteria,Firmicutes,Negativicutes,Acidaminococcales,Acidaminococcaceae,Phascolarctobacterium,None,0.007789678675754625
Bacteria,Firmicutes,Clostridia,Oscillospirales,Butyricicoccaceae,Butyricicoccus,None,Bacteria,Firmicutes,None,None,None,None,None,0.0038948393378773127
Bacteria,Firmicutes,Clostridia,Oscillospirales,Butyricicoccaceae,Butyricicoccus,None,Bacteria,Firmicutes,uncultured,uncultured_Peptococcaceae_bacterium,None,None,None,0.005842259006815969
Bacteria,Firmicutes,Clostridia,Oscillospirales,Butyricicoccaceae,Butyricicoccus,None,Bacteria,Proteobacteria,Alphaproteobacteria,Rhodospirillales,uncultured,None,None,0.008763388510223954
Bacteria,Firmicutes,Clostridia,Oscillospirales,Butyricicoccaceae,Butyricicoccus,None,Bacteria,Proteobacteria,Gammaproteobacteria,Burkholderiales,Sutterellaceae,Sutterella,Sutterella_sp._252,0.010710808179162609
Bacteria,Firmicutes,Clostridia,Oscillospirales,Butyricicoccaceae,Butyricicoccus,None,Bacteria,Proteobacteria,Gammaproteobacteria,Enterobacterales,Enterobacteriaceae,Escherichia-Shigella,None,0.009737098344693282
Bacteria,Firmicutes,Clostridia,Oscillospirales,Butyricicoccaceae,Butyricicoccus,None,Bacteria,Proteobacteria,Gammaproteobacteria,Enterobacterales,Enterobacteriaceae,Klebsiella,None,0.009737098344693282
Bacteria,Firmicutes,Clostridia,Oscillospirales,Butyricicoccaceae,Butyricicoccus,None,Bacteria,Proteobacteria,Gammaproteobacteria,Enterobacterales,Enterobacteriaceae,None,None,0.008763388510223954
Bacteria,Firmicutes,Clostridia,Oscillospirales,Butyricicoccaceae,Butyricicoccus,None,Bacteria,Proteobacteria,Gammaproteobacteria,Pseudomonadales,Pseudomonadaceae,Pseudomonas,None,0.009737098344693282
Bacteria,Firmicutes,Clostridia,Oscillospirales,Butyricicoccaceae,Butyricicoccus,None,Bacteria,Synergistota,Synergistia,Synergistales,Synergistaceae,Cloacibacillus,None,0.009737098344693282
Bacteria,Firmicutes,Clostridia,Oscillospirales,Butyricicoccaceae,Butyricicoccus,None,Bacteria,Verrucomicrobiota,Verrucomicrobiae,Verrucomicrobiales,Akkermansiaceae,Akkermansia,None,0.009737098344693282
Bacteria,Firmicutes,Clostridia,Oscillospirales,Hydrogenoanaerobacterium,None,None,Bacteria,Firmicutes,Clostridia,Oscillospirales,Oscillospiraceae,Colidextribacter,None,0.0029211295034079843
Bacteria,Firmicutes,Clostridia,Oscillospirales,Hydrogenoanaerobacterium,None,None,Bacteria,Firmicutes,Clostridia,Oscillospirales,Oscillospiraceae,Colidextribacter,metagenome,0.0038948393378773127
Bacteria,Firmicutes,Clostridia,Oscillospirales,Hydrogenoanaerobacterium,None,None,Bacteria,Firmicutes,Clostridia,Oscillospirales,Oscillospiraceae,Flavonifractor,None,0.0029211295034079843
Bacteria,Firmicutes,Clostridia,Oscillospirales,Hydrogenoanaerobacterium,None,None,Bacteria,Firmicutes,Clostridia,Oscillospirales,Oscillospiraceae,Intestinimonas,None,0.0029211295034079843
Bacteria,Firmicutes,Clostridia,Oscillospirales,Hydrogenoanaerobacterium,None,None,Bacteria,Firmicutes,Clostridia,Oscillospirales,Oscillospiraceae,Intestinimonas,uncultured,0.0038948393378773127
Bacteria,Firmicutes,Clostridia,Oscillospirales,Hydrogenoanaerobacterium,None,None,Bacteria,Firmicutes,Clostridia,Oscillospirales,Oscillospiraceae,NK4A214_group,None,0.0029211295034079843
Bacteria,Firmicutes,Clostridia,Oscillospirales,Hydrogenoanaerobacterium,None,None,Bacteria,Firmicutes,Clostridia,Oscillospirales,Oscillospiraceae,Oscillibacter,None,0.0029211295034079843
Bacteria,Firmicutes,Clostridia,Oscillospirales,Hydrogenoanaerobacterium,None,None,Bacteria,Firmicutes,Clostridia,Oscillospirales,Oscillospiraceae,Oscillibacter,metagenome,0.0038948393378773127
Bacteria,Firmicutes,Clostridia,Oscillospirales,Hydrogenoanaerobacterium,None,None,Bacteria,Firmicutes,Clostridia,Oscillospirales,Oscillospiraceae,Oscillospira,None,0.0029211295034079843
Bacteria,Firmicutes,Clostridia,Oscillospirales,Hydrogenoanaerobacterium,None,None,Bacteria,Firmicutes,Clostridia,Oscillospirales,Oscillospiraceae,UCG-002,None,0.0029211295034079843
Bacteria,Firmicutes,Clostridia,Oscillospirales,Hydrogenoanaerobacterium,None,None,Bacteria,Firmicutes,Clostridia,Oscillospirales,Oscillospiraceae,UCG-003,None,0.0029211295034079843
Bacteria,Firmicutes,Clostridia,Oscillospirales,Hydrogenoanaerobacterium,None,None,Bacteria,Firmicutes,Clostridia,Oscillospirales,Oscillospiraceae,UCG-005,None,0.0029211295034079843
Bacteria,Firmicutes,Clostridia,Oscillospirales,Hydrogenoanaerobacterium,None,None,Bacteria,Firmicutes,Clostridia,Oscillospirales,Oscillospiraceae,UCG-005,metagenome,0.0038948393378773127
Bacteria,Firmicutes,Clostridia,Oscillospirales,Hydrogenoanaerobacterium,None,None,Bacteria,Firmicutes,Clostridia,Oscillospirales,Oscillospiraceae,UCG-005,uncultured_Clostridiales_bacterium,0.0038948393378773127
Bacteria,Firmicutes,Clostridia,Oscillospirales,Hydrogenoanaerobacterium,None,None,Bacteria,Firmicutes,Clostridia,Oscillospirales,Oscillospiraceae,UCG-005,uncultured_rumen_bacterium,0.0038948393378773127
Bacteria,Firmicutes,Clostridia,Oscillospirales,Hydrogenoanaerobacterium,None,None,Bacteria,Firmicutes,Clostridia,Oscillospirales,Oscillospiraceae,None,None,0.0019474196689386564
Bacteria,Firmicutes,Clostridia,Oscillospirales,Hydrogenoanaerobacterium,None,None,Bacteria,Firmicutes,Clostridia,Oscillospirales,Oscillospiraceae,uncultured,metagenome,0.0038948393378773127
Bacteria,Firmicutes,Clostridia,Oscillospirales,Hydrogenoanaerobacterium,None,None,Bacteria,Firmicutes,Clostridia,Oscillospirales,Oscillospiraceae,uncultured,unidentified,0.0038948393378773127
Bacteria,Firmicutes,Clostridia,Oscillospirales,Hydrogenoanaerobacterium,None,None,Bacteria,Firmicutes,Clostridia,Oscillospirales,Ruminococcaceae,Anaerofilum,uncultured_Firmicutes_bacterium,0.0038948393378773127
Bacteria,Firmicutes,Clostridia,Oscillospirales,Hydrogenoanaerobacterium,None,None,Bacteria,Firmicutes,Clostridia,Oscillospirales,Ruminococcaceae,Anaerotruncus,Anaerotruncus_rubiinfantis,0.0038948393378773127
Bacteria,Firmicutes,Clostridia,Oscillospirales,Hydrogenoanaerobacterium,None,None,Bacteria,Firmicutes,Clostridia,Oscillospirales,Ruminococcaceae,Anaerotruncus,Anaerotruncus_sp._NML_070203,0.0038948393378773127
Bacteria,Firmicutes,Clostridia,Oscillospirales,Hydrogenoanaerobacterium,None,None,Bacteria,Firmicutes,Clostridia,Oscillospirales,Ruminococcaceae,Candidatus_Soleaferrea,Neobitarella_massiliensis,0.0038948393378773127
Bacteria,Firmicutes,Clostridia,Oscillospirales,Hydrogenoanaerobacterium,None,None,Bacteria,Firmicutes,Clostridia,Oscillospirales,Ruminococcaceae,Candidatus_Soleaferrea,None,0.0029211295034079843
Bacteria,Firmicutes,Clostridia,Oscillospirales,Hydrogenoanaerobacterium,None,None,Bacteria,Firmicutes,Clostridia,Oscillospirales,Ruminococcaceae,DTU089,None,0.0029211295034079843
Bacteria,Firmicutes,Clostridia,Oscillospirales,Hydrogenoanaerobacterium,None,None,Bacteria,Firmicutes,Clostridia,Oscillospirales,Ruminococcaceae,Faecalibacterium,None,0.0029211295034079843
Bacteria,Firmicutes,Clostridia,Oscillospirales,Hydrogenoanaerobacterium,None,None,Bacteria,Firmicutes,Clostridia,Oscillospirales,Ruminococcaceae,Fournierella,uncultured_organism,0.0038948393378773127
Bacteria,Firmicutes,Clostridia,Oscillospirales,Hydrogenoanaerobacterium,None,None,Bacteria,Firmicutes,Clostridia,Oscillospirales,Ruminococcaceae,Incertae_Sedis,metagenome,0.0038948393378773127
Bacteria,Firmicutes,Clostridia,Oscillospirales,Hydrogenoanaerobacterium,None,None,Bacteria,Firmicutes,Clostridia,Oscillospirales,Ruminococcaceae,Incertae_Sedis,None,0.0029211295034079843
Bacteria,Firmicutes,Clostridia,Oscillospirales,Hydrogenoanaerobacterium,None,None,Bacteria,Firmicutes,Clostridia,Oscillospirales,Ruminococcaceae,Negativibacillus,None,0.0029211295034079843
Bacteria,Firmicutes,Clostridia,Oscillospirales,Hydrogenoanaerobacterium,None,None,Bacteria,Firmicutes,Clostridia,Oscillospirales,Ruminococcaceae,Ruminococcus,Ruminococcus_champanellensis,0.0038948393378773127
Bacteria,Firmicutes,Clostridia,Oscillospirales,Hydrogenoanaerobacterium,None,None,Bacteria,Firmicutes,Clostridia,Oscillospirales,Ruminococcaceae,Ruminococcus,None,0.0029211295034079843
Bacteria,Firmicutes,Clostridia,Oscillospirales,Hydrogenoanaerobacterium,None,None,Bacteria,Firmicutes,Clostridia,Oscillospirales,Ruminococcaceae,Subdoligranulum,None,0.0029211295034079843
Bacteria,Firmicutes,Clostridia,Oscillospirales,Hydrogenoanaerobacterium,None,None,Bacteria,Firmicutes,Clostridia,Oscillospirales,Ruminococcaceae,UBA1819,None,0.0029211295034079843
Bacteria,Firmicutes,Clostridia,Oscillospirales,Hydrogenoanaerobacterium,None,None,Bacteria,Firmicutes,Clostridia,Oscillospirales,Ruminococcaceae,Eubacterium_siraeum_group,None,0.0029211295034079843
Bacteria,Firmicutes,Clostridia,Oscillospirales,Hydrogenoanaerobacterium,None,None,Bacteria,Firmicutes,Clostridia,Oscillospirales,Ruminococcaceae,None,None,0.0019474196689386564
Bacteria,Firmicutes,Clostridia,Oscillospirales,Hydrogenoanaerobacterium,None,None,Bacteria,Firmicutes,Clostridia,Oscillospirales,UCG-010,None,None,0.0019474196689386564
Bacteria,Firmicutes,Clostridia,Oscillospirales,Hydrogenoanaerobacterium,None,None,Bacteria,Firmicutes,Clostridia,Oscillospirales,UCG-010,metagenome,None,0.0029211295034079843
Bacteria,Firmicutes,Clostridia,Oscillospirales,Hydrogenoanaerobacterium,None,None,Bacteria,Firmicutes,Clostridia,Oscillospirales,UCG-010,uncultured_bacterium,None,0.0029211295034079843
Bacteria,Firmicutes,Clostridia,Oscillospirales,Hydrogenoanaerobacterium,None,None,Bacteria,Firmicutes,Clostridia,Oscillospirales,UCG-010,uncultured_organism,None,0.0029211295034079843
Bacteria,Firmicutes,Clostridia,Oscillospirales,Hydrogenoanaerobacterium,None,None,Bacteria,Firmicutes,Clostridia,Oscillospirales,Clostridium_methylpentosum_group,None,None,0.0019474196689386564
Bacteria,Firmicutes,Clostridia,Oscillospirales,Hydrogenoanaerobacterium,None,None,Bacteria,Firmicutes,Clostridia,Oscillospirales,Eubacterium_coprostanoligenes_group,None,None,0.0019474196689386564
Bacteria,Firmicutes,Clostridia,Oscillospirales,Hydrogenoanaerobacterium,None,None,Bacteria,Firmicutes,Clostridia,Oscillospirales,None,None,None,0.0019474196689386564
Bacteria,Firmicutes,Clostridia,Oscillospirales,Hydrogenoanaerobacterium,None,None,Bacteria,Firmicutes,Clostridia,Peptococcales,Peptococcaceae,uncultured,None,0.004868549172346641
Bacteria,Firmicutes,Clostridia,Oscillospirales,Hydrogenoanaerobacterium,None,None,Bacteria,Firmicutes,Clostridia,Peptostreptococcales-Tissierellales,Anaerovoracaceae,Family_XIII_AD3011_group,metagenome,0.005842259006815969
Bacteria,Firmicutes,Clostridia,Oscillospirales,Hydrogenoanaerobacterium,None,None,Bacteria,Firmicutes,Clostridia,Peptostreptococcales-Tissierellales,Anaerovoracaceae,Family_XIII_AD3011_group,None,0.004868549172346641
Bacteria,Firmicutes,Clostridia,Oscillospirales,Hydrogenoanaerobacterium,None,None,Bacteria,Firmicutes,Clostridia,Peptostreptococcales-Tissierellales,Anaerovoracaceae,Family_XIII_AD3011_group,uncultured,0.005842259006815969
Bacteria,Firmicutes,Clostridia,Oscillospirales,Hydrogenoanaerobacterium,None,None,Bacteria,Firmicutes,Clostridia,Peptostreptococcales-Tissierellales,Anaerovoracaceae,Family_XIII_UCG-001,metagenome,0.005842259006815969
Bacteria,Firmicutes,Clostridia,Oscillospirales,Hydrogenoanaerobacterium,None,None,Bacteria,Firmicutes,Clostridia,Peptostreptococcales-Tissierellales,Anaerovoracaceae,Eubacterium_nodatum_group,None,0.004868549172346641
Bacteria,Firmicutes,Clostridia,Oscillospirales,Hydrogenoanaerobacterium,None,None,Bacteria,Firmicutes,Clostridia,Peptostreptococcales-Tissierellales,Anaerovoracaceae,None,None,0.0038948393378773127
Bacteria,Firmicutes,Clostridia,Oscillospirales,Hydrogenoanaerobacterium,None,None,Bacteria,Firmicutes,Clostridia,Peptostreptococcales-Tissierellales,Parvimonas,None,None,0.0038948393378773127
Bacteria,Firmicutes,Clostridia,Oscillospirales,Hydrogenoanaerobacterium,None,None,Bacteria,Firmicutes,Clostridia,None,None,None,None,0.0019474196689386564
Bacteria,Firmicutes,Clostridia,Oscillospirales,Hydrogenoanaerobacterium,None,None,Bacteria,Firmicutes,Incertae_Sedis,DTU014,unidentified,None,None,0.005842259006815969
Bacteria,Firmicutes,Clostridia,Oscillospirales,Hydrogenoanaerobacterium,None,None,Bacteria,Firmicutes,Limnochordia,M55-D21,uncultured_compost_bacterium,None,None,0.005842259006815969
Bacteria,Firmicutes,Clostridia,Oscillospirales,Hydrogenoanaerobacterium,None,None,Bacteria,Firmicutes,Negativicutes,Acidaminococcales,Acidaminococcaceae,Phascolarctobacterium,None,0.006815968841285297
Bacteria,Firmicutes,Clostridia,Oscillospirales,Hydrogenoanaerobacterium,None,None,Bacteria,Firmicutes,None,None,None,None,None,0.0029211295034079843
Bacteria,Firmicutes,Clostridia,Oscillospirales,Hydrogenoanaerobacterium,None,None,Bacteria,Firmicutes,uncultured,uncultured_Peptococcaceae_bacterium,None,None,None,0.004868549172346641
Bacteria,Firmicutes,Clostridia,Oscillospirales,Hydrogenoanaerobacterium,None,None,Bacteria,Proteobacteria,Alphaproteobacteria,Rhodospirillales,uncultured,None,None,0.007789678675754625
Bacteria,Firmicutes,Clostridia,Oscillospirales,Hydrogenoanaerobacterium,None,None,Bacteria,Proteobacteria,Gammaproteobacteria,Burkholderiales,Sutterellaceae,Sutterella,Sutterella_sp._252,0.009737098344693282
Bacteria,Firmicutes,Clostridia,Oscillospirales,Hydrogenoanaerobacterium,None,None,Bacteria,Proteobacteria,Gammaproteobacteria,Enterobacterales,Enterobacteriaceae,Escherichia-Shigella,None,0.008763388510223954
Bacteria,Firmicutes,Clostridia,Oscillospirales,Hydrogenoanaerobacterium,None,None,Bacteria,Proteobacteria,Gammaproteobacteria,Enterobacterales,Enterobacteriaceae,Klebsiella,None,0.008763388510223954
Bacteria,Firmicutes,Clostridia,Oscillospirales,Hydrogenoanaerobacterium,None,None,Bacteria,Proteobacteria,Gammaproteobacteria,Enterobacterales,Enterobacteriaceae,None,None,0.007789678675754625
Bacteria,Firmicutes,Clostridia,Oscillospirales,Hydrogenoanaerobacterium,None,None,Bacteria,Proteobacteria,Gammaproteobacteria,Pseudomonadales,Pseudomonadaceae,Pseudomonas,None,0.008763388510223954
Bacteria,Firmicutes,Clostridia,Oscillospirales,Hydrogenoanaerobacterium,None,None,Bacteria,Synergistota,Synergistia,Synergistales,Synergistaceae,Cloacibacillus,None,0.008763388510223954
Bacteria,Firmicutes,Clostridia,Oscillospirales,Hydrogenoanaerobacterium,None,None,Bacteria,Verrucomicrobiota,Verrucomicrobiae,Verrucomicrobiales,Akkermansiaceae,Akkermansia,None,0.008763388510223954
Bacteria,Firmicutes,Clostridia,Oscillospirales,Oscillospiraceae,Colidextribacter,None,Bacteria,Firmicutes,Clostridia,Oscillospirales,Oscillospiraceae,Colidextribacter,metagenome,0.0009737098344693282
Bacteria,Firmicutes,Clostridia,Oscillospirales,Oscillospiraceae,Colidextribacter,None,Bacteria,Firmicutes,Clostridia,Oscillospirales,Oscillospiraceae,Flavonifractor,None,0.0019474196689386564
Bacteria,Firmicutes,Clostridia,Oscillospirales,Oscillospiraceae,Colidextribacter,None,Bacteria,Firmicutes,Clostridia,Oscillospirales,Oscillospiraceae,Intestinimonas,None,0.0019474196689386564
Bacteria,Firmicutes,Clostridia,Oscillospirales,Oscillospiraceae,Colidextribacter,None,Bacteria,Firmicutes,Clostridia,Oscillospirales,Oscillospiraceae,Intestinimonas,uncultured,0.0029211295034079843
Bacteria,Firmicutes,Clostridia,Oscillospirales,Oscillospiraceae,Colidextribacter,None,Bacteria,Firmicutes,Clostridia,Oscillospirales,Oscillospiraceae,NK4A214_group,None,0.0019474196689386564
Bacteria,Firmicutes,Clostridia,Oscillospirales,Oscillospiraceae,Colidextribacter,None,Bacteria,Firmicutes,Clostridia,Oscillospirales,Oscillospiraceae,Oscillibacter,None,0.0019474196689386564
Bacteria,Firmicutes,Clostridia,Oscillospirales,Oscillospiraceae,Colidextribacter,None,Bacteria,Firmicutes,Clostridia,Oscillospirales,Oscillospiraceae,Oscillibacter,metagenome,0.0029211295034079843
Bacteria,Firmicutes,Clostridia,Oscillospirales,Oscillospiraceae,Colidextribacter,None,Bacteria,Firmicutes,Clostridia,Oscillospirales,Oscillospiraceae,Oscillospira,None,0.0019474196689386564
Bacteria,Firmicutes,Clostridia,Oscillospirales,Oscillospiraceae,Colidextribacter,None,Bacteria,Firmicutes,Clostridia,Oscillospirales,Oscillospiraceae,UCG-002,None,0.0019474196689386564
Bacteria,Firmicutes,Clostridia,Oscillospirales,Oscillospiraceae,Colidextribacter,None,Bacteria,Firmicutes,Clostridia,Oscillospirales,Oscillospiraceae,UCG-003,None,0.0019474196689386564
Bacteria,Firmicutes,Clostridia,Oscillospirales,Oscillospiraceae,Colidextribacter,None,Bacteria,Firmicutes,Clostridia,Oscillospirales,Oscillospiraceae,UCG-005,None,0.0019474196689386564
Bacteria,Firmicutes,Clostridia,Oscillospirales,Oscillospiraceae,Colidextribacter,None,Bacteria,Firmicutes,Clostridia,Oscillospirales,Oscillospiraceae,UCG-005,metagenome,0.0029211295034079843
Bacteria,Firmicutes,Clostridia,Oscillospirales,Oscillospiraceae,Colidextribacter,None,Bacteria,Firmicutes,Clostridia,Oscillospirales,Oscillospiraceae,UCG-005,uncultured_Clostridiales_bacterium,0.0029211295034079843
Bacteria,Firmicutes,Clostridia,Oscillospirales,Oscillospiraceae,Colidextribacter,None,Bacteria,Firmicutes,Clostridia,Oscillospirales,Oscillospiraceae,UCG-005,uncultured_rumen_bacterium,0.0029211295034079843
Bacteria,Firmicutes,Clostridia,Oscillospirales,Oscillospiraceae,Colidextribacter,None,Bacteria,Firmicutes,Clostridia,Oscillospirales,Oscillospiraceae,None,None,0.0019474196689386564
Bacteria,Firmicutes,Clostridia,Oscillospirales,Oscillospiraceae,Colidextribacter,None,Bacteria,Firmicutes,Clostridia,Oscillospirales,Oscillospiraceae,uncultured,metagenome,0.0029211295034079843
Bacteria,Firmicutes,Clostridia,Oscillospirales,Oscillospiraceae,Colidextribacter,None,Bacteria,Firmicutes,Clostridia,Oscillospirales,Oscillospiraceae,uncultured,unidentified,0.0029211295034079843
Bacteria,Firmicutes,Clostridia,Oscillospirales,Oscillospiraceae,Colidextribacter,None,Bacteria,Firmicutes,Clostridia,Oscillospirales,Ruminococcaceae,Anaerofilum,uncultured_Firmicutes_bacterium,0.004868549172346641
Bacteria,Firmicutes,Clostridia,Oscillospirales,Oscillospiraceae,Colidextribacter,None,Bacteria,Firmicutes,Clostridia,Oscillospirales,Ruminococcaceae,Anaerotruncus,Anaerotruncus_rubiinfantis,0.004868549172346641
Bacteria,Firmicutes,Clostridia,Oscillospirales,Oscillospiraceae,Colidextribacter,None,Bacteria,Firmicutes,Clostridia,Oscillospirales,Ruminococcaceae,Anaerotruncus,Anaerotruncus_sp._NML_070203,0.004868549172346641
Bacteria,Firmicutes,Clostridia,Oscillospirales,Oscillospiraceae,Colidextribacter,None,Bacteria,Firmicutes,Clostridia,Oscillospirales,Ruminococcaceae,Candidatus_Soleaferrea,Neobitarella_massiliensis,0.004868549172346641
Bacteria,Firmicutes,Clostridia,Oscillospirales,Oscillospiraceae,Colidextribacter,None,Bacteria,Firmicutes,Clostridia,Oscillospirales,Ruminococcaceae,Candidatus_Soleaferrea,None,0.0038948393378773127
Bacteria,Firmicutes,Clostridia,Oscillospirales,Oscillospiraceae,Colidextribacter,None,Bacteria,Firmicutes,Clostridia,Oscillospirales,Ruminococcaceae,DTU089,None,0.0038948393378773127
Bacteria,Firmicutes,Clostridia,Oscillospirales,Oscillospiraceae,Colidextribacter,None,Bacteria,Firmicutes,Clostridia,Oscillospirales,Ruminococcaceae,Faecalibacterium,None,0.0038948393378773127
Bacteria,Firmicutes,Clostridia,Oscillospirales,Oscillospiraceae,Colidextribacter,None,Bacteria,Firmicutes,Clostridia,Oscillospirales,Ruminococcaceae,Fournierella,uncultured_organism,0.004868549172346641
Bacteria,Firmicutes,Clostridia,Oscillospirales,Oscillospiraceae,Colidextribacter,None,Bacteria,Firmicutes,Clostridia,Oscillospirales,Ruminococcaceae,Incertae_Sedis,metagenome,0.004868549172346641
Bacteria,Firmicutes,Clostridia,Oscillospirales,Oscillospiraceae,Colidextribacter,None,Bacteria,Firmicutes,Clostridia,Oscillospirales,Ruminococcaceae,Incertae_Sedis,None,0.0038948393378773127
Bacteria,Firmicutes,Clostridia,Oscillospirales,Oscillospiraceae,Colidextribacter,None,Bacteria,Firmicutes,Clostridia,Oscillospirales,Ruminococcaceae,Negativibacillus,None,0.0038948393378773127
Bacteria,Firmicutes,Clostridia,Oscillospirales,Oscillospiraceae,Colidextribacter,None,Bacteria,Firmicutes,Clostridia,Oscillospirales,Ruminococcaceae,Ruminococcus,Ruminococcus_champanellensis,0.004868549172346641
Bacteria,Firmicutes,Clostridia,Oscillospirales,Oscillospiraceae,Colidextribacter,None,Bacteria,Firmicutes,Clostridia,Oscillospirales,Ruminococcaceae,Ruminococcus,None,0.0038948393378773127
Bacteria,Firmicutes,Clostridia,Oscillospirales,Oscillospiraceae,Colidextribacter,None,Bacteria,Firmicutes,Clostridia,Oscillospirales,Ruminococcaceae,Subdoligranulum,None,0.0038948393378773127
Bacteria,Firmicutes,Clostridia,Oscillospirales,Oscillospiraceae,Colidextribacter,None,Bacteria,Firmicutes,Clostridia,Oscillospirales,Ruminococcaceae,UBA1819,None,0.0038948393378773127
Bacteria,Firmicutes,Clostridia,Oscillospirales,Oscillospiraceae,Colidextribacter,None,Bacteria,Firmicutes,Clostridia,Oscillospirales,Ruminococcaceae,Eubacterium_siraeum_group,None,0.0038948393378773127
Bacteria,Firmicutes,Clostridia,Oscillospirales,Oscillospiraceae,Colidextribacter,None,Bacteria,Firmicutes,Clostridia,Oscillospirales,Ruminococcaceae,None,None,0.0029211295034079843
Bacteria,Firmicutes,Clostridia,Oscillospirales,Oscillospiraceae,Colidextribacter,None,Bacteria,Firmicutes,Clostridia,Oscillospirales,UCG-010,None,None,0.0029211295034079843
Bacteria,Firmicutes,Clostridia,Oscillospirales,Oscillospiraceae,Colidextribacter,None,Bacteria,Firmicutes,Clostridia,Oscillospirales,UCG-010,metagenome,None,0.0038948393378773127
Bacteria,Firmicutes,Clostridia,Oscillospirales,Oscillospiraceae,Colidextribacter,None,Bacteria,Firmicutes,Clostridia,Oscillospirales,UCG-010,uncultured_bacterium,None,0.0038948393378773127
Bacteria,Firmicutes,Clostridia,Oscillospirales,Oscillospiraceae,Colidextribacter,None,Bacteria,Firmicutes,Clostridia,Oscillospirales,UCG-010,uncultured_organism,None,0.0038948393378773127
Bacteria,Firmicutes,Clostridia,Oscillospirales,Oscillospiraceae,Colidextribacter,None,Bacteria,Firmicutes,Clostridia,Oscillospirales,Clostridium_methylpentosum_group,None,None,0.0029211295034079843
Bacteria,Firmicutes,Clostridia,Oscillospirales,Oscillospiraceae,Colidextribacter,None,Bacteria,Firmicutes,Clostridia,Oscillospirales,Eubacterium_coprostanoligenes_group,None,None,0.0029211295034079843
Bacteria,Firmicutes,Clostridia,Oscillospirales,Oscillospiraceae,Colidextribacter,None,Bacteria,Firmicutes,Clostridia,Oscillospirales,None,None,None,0.0029211295034079843
Bacteria,Firmicutes,Clostridia,Oscillospirales,Oscillospiraceae,Colidextribacter,None,Bacteria,Firmicutes,Clostridia,Peptococcales,Peptococcaceae,uncultured,None,0.005842259006815969
Bacteria,Firmicutes,Clostridia,Oscillospirales,Oscillospiraceae,Colidextribacter,None,Bacteria,Firmicutes,Clostridia,Peptostreptococcales-Tissierellales,Anaerovoracaceae,Family_XIII_AD3011_group,metagenome,0.006815968841285297
Bacteria,Firmicutes,Clostridia,Oscillospirales,Oscillospiraceae,Colidextribacter,None,Bacteria,Firmicutes,Clostridia,Peptostreptococcales-Tissierellales,Anaerovoracaceae,Family_XIII_AD3011_group,None,0.005842259006815969
Bacteria,Firmicutes,Clostridia,Oscillospirales,Oscillospiraceae,Colidextribacter,None,Bacteria,Firmicutes,Clostridia,Peptostreptococcales-Tissierellales,Anaerovoracaceae,Family_XIII_AD3011_group,uncultured,0.006815968841285297
Bacteria,Firmicutes,Clostridia,Oscillospirales,Oscillospiraceae,Colidextribacter,None,Bacteria,Firmicutes,Clostridia,Peptostreptococcales-Tissierellales,Anaerovoracaceae,Family_XIII_UCG-001,metagenome,0.006815968841285297
Bacteria,Firmicutes,Clostridia,Oscillospirales,Oscillospiraceae,Colidextribacter,None,Bacteria,Firmicutes,Clostridia,Peptostreptococcales-Tissierellales,Anaerovoracaceae,Eubacterium_nodatum_group,None,0.005842259006815969
Bacteria,Firmicutes,Clostridia,Oscillospirales,Oscillospiraceae,Colidextribacter,None,Bacteria,Firmicutes,Clostridia,Peptostreptococcales-Tissierellales,Anaerovoracaceae,None,None,0.004868549172346641
Bacteria,Firmicutes,Clostridia,Oscillospirales,Oscillospiraceae,Colidextribacter,None,Bacteria,Firmicutes,Clostridia,Peptostreptococcales-Tissierellales,Parvimonas,None,None,0.004868549172346641
Bacteria,Firmicutes,Clostridia,Oscillospirales,Oscillospiraceae,Colidextribacter,None,Bacteria,Firmicutes,Clostridia,None,None,None,None,0.0029211295034079843
Bacteria,Firmicutes,Clostridia,Oscillospirales,Oscillospiraceae,Colidextribacter,None,Bacteria,Firmicutes,Incertae_Sedis,DTU014,unidentified,None,None,0.006815968841285297
Bacteria,Firmicutes,Clostridia,Oscillospirales,Oscillospiraceae,Colidextribacter,None,Bacteria,Firmicutes,Limnochordia,M55-D21,uncultured_compost_bacterium,None,None,0.006815968841285297
Bacteria,Firmicutes,Clostridia,Oscillospirales,Oscillospiraceae,Colidextribacter,None,Bacteria,Firmicutes,Negativicutes,Acidaminococcales,Acidaminococcaceae,Phascolarctobacterium,None,0.007789678675754625
Bacteria,Firmicutes,Clostridia,Oscillospirales,Oscillospiraceae,Colidextribacter,None,Bacteria,Firmicutes,None,None,None,None,None,0.0038948393378773127
Bacteria,Firmicutes,Clostridia,Oscillospirales,Oscillospiraceae,Colidextribacter,None,Bacteria,Firmicutes,uncultured,uncultured_Peptococcaceae_bacterium,None,None,None,0.005842259006815969
Bacteria,Firmicutes,Clostridia,Oscillospirales,Oscillospiraceae,Colidextribacter,None,Bacteria,Proteobacteria,Alphaproteobacteria,Rhodospirillales,uncultured,None,None,0.008763388510223954
Bacteria,Firmicutes,Clostridia,Oscillospirales,Oscillospiraceae,Colidextribacter,None,Bacteria,Proteobacteria,Gammaproteobacteria,Burkholderiales,Sutterellaceae,Sutterella,Sutterella_sp._252,0.010710808179162609
Bacteria,Firmicutes,Clostridia,Oscillospirales,Oscillospiraceae,Colidextribacter,None,Bacteria,Proteobacteria,Gammaproteobacteria,Enterobacterales,Enterobacteriaceae,Escherichia-Shigella,None,0.009737098344693282
Bacteria,Firmicutes,Clostridia,Oscillospirales,Oscillospiraceae,Colidextribacter,None,Bacteria,Proteobacteria,Gammaproteobacteria,Enterobacterales,Enterobacteriaceae,Klebsiella,None,0.009737098344693282
Bacteria,Firmicutes,Clostridia,Oscillospirales,Oscillospiraceae,Colidextribacter,None,Bacteria,Proteobacteria,Gammaproteobacteria,Enterobacterales,Enterobacteriaceae,None,None,0.008763388510223954
Bacteria,Firmicutes,Clostridia,Oscillospirales,Oscillospiraceae,Colidextribacter,None,Bacteria,Proteobacteria,Gammaproteobacteria,Pseudomonadales,Pseudomonadaceae,Pseudomonas,None,0.009737098344693282
Bacteria,Firmicutes,Clostridia,Oscillospirales,Oscillospiraceae,Colidextribacter,None,Bacteria,Synergistota,Synergistia,Synergistales,Synergistaceae,Cloacibacillus,None,0.009737098344693282
Bacteria,Firmicutes,Clostridia,Oscillospirales,Oscillospiraceae,Colidextribacter,None,Bacteria,Verrucomicrobiota,Verrucomicrobiae,Verrucomicrobiales,Akkermansiaceae,Akkermansia,None,0.009737098344693282
Bacteria,Firmicutes,Clostridia,Oscillospirales,Oscillospiraceae,Colidextribacter,metagenome,Bacteria,Firmicutes,Clostridia,Oscillospirales,Oscillospiraceae,Flavonifractor,None,0.0029211295034079843
Bacteria,Firmicutes,Clostridia,Oscillospirales,Oscillospiraceae,Colidextribacter,metagenome,Bacteria,Firmicutes,Clostridia,Oscillospirales,Oscillospiraceae,Intestinimonas,None,0.0029211295034079843
Bacteria,Firmicutes,Clostridia,Oscillospirales,Oscillospiraceae,Colidextribacter,metagenome,Bacteria,Firmicutes,Clostridia,Oscillospirales,Oscillospiraceae,Intestinimonas,uncultured,0.0038948393378773127
Bacteria,Firmicutes,Clostridia,Oscillospirales,Oscillospiraceae,Colidextribacter,metagenome,Bacteria,Firmicutes,Clostridia,Oscillospirales,Oscillospiraceae,NK4A214_group,None,0.0029211295034079843
Bacteria,Firmicutes,Clostridia,Oscillospirales,Oscillospiraceae,Colidextribacter,metagenome,Bacteria,Firmicutes,Clostridia,Oscillospirales,Oscillospiraceae,Oscillibacter,None,0.0029211295034079843
Bacteria,Firmicutes,Clostridia,Oscillospirales,Oscillospiraceae,Colidextribacter,metagenome,Bacteria,Firmicutes,Clostridia,Oscillospirales,Oscillospiraceae,Oscillibacter,metagenome,0.0038948393378773127
Bacteria,Firmicutes,Clostridia,Oscillospirales,Oscillospiraceae,Colidextribacter,metagenome,Bacteria,Firmicutes,Clostridia,Oscillospirales,Oscillospiraceae,Oscillospira,None,0.0029211295034079843
Bacteria,Firmicutes,Clostridia,Oscillospirales,Oscillospiraceae,Colidextribacter,metagenome,Bacteria,Firmicutes,Clostridia,Oscillospirales,Oscillospiraceae,UCG-002,None,0.0029211295034079843
Bacteria,Firmicutes,Clostridia,Oscillospirales,Oscillospiraceae,Colidextribacter,metagenome,Bacteria,Firmicutes,Clostridia,Oscillospirales,Oscillospiraceae,UCG-003,None,0.0029211295034079843
Bacteria,Firmicutes,Clostridia,Oscillospirales,Oscillospiraceae,Colidextribacter,metagenome,Bacteria,Firmicutes,Clostridia,Oscillospirales,Oscillospiraceae,UCG-005,None,0.0029211295034079843
Bacteria,Firmicutes,Clostridia,Oscillospirales,Oscillospiraceae,Colidextribacter,metagenome,Bacteria,Firmicutes,Clostridia,Oscillospirales,Oscillospiraceae,UCG-005,metagenome,0.0038948393378773127
Bacteria,Firmicutes,Clostridia,Oscillospirales,Oscillospiraceae,Colidextribacter,metagenome,Bacteria,Firmicutes,Clostridia,Oscillospirales,Oscillospiraceae,UCG-005,uncultured_Clostridiales_bacterium,0.0038948393378773127
Bacteria,Firmicutes,Clostridia,Oscillospirales,Oscillospiraceae,Colidextribacter,metagenome,Bacteria,Firmicutes,Clostridia,Oscillospirales,Oscillospiraceae,UCG-005,uncultured_rumen_bacterium,0.0038948393378773127
Bacteria,Firmicutes,Clostridia,Oscillospirales,Oscillospiraceae,Colidextribacter,metagenome,Bacteria,Firmicutes,Clostridia,Oscillospirales,Oscillospiraceae,None,None,0.0029211295034079843
Bacteria,Firmicutes,Clostridia,Oscillospirales,Oscillospiraceae,Colidextribacter,metagenome,Bacteria,Firmicutes,Clostridia,Oscillospirales,Oscillospiraceae,uncultured,metagenome,0.0038948393378773127
Bacteria,Firmicutes,Clostridia,Oscillospirales,Oscillospiraceae,Colidextribacter,metagenome,Bacteria,Firmicutes,Clostridia,Oscillospirales,Oscillospiraceae,uncultured,unidentified,0.0038948393378773127
Bacteria,Firmicutes,Clostridia,Oscillospirales,Oscillospiraceae,Colidextribacter,metagenome,Bacteria,Firmicutes,Clostridia,Oscillospirales,Ruminococcaceae,Anaerofilum,uncultured_Firmicutes_bacterium,0.005842259006815969
Bacteria,Firmicutes,Clostridia,Oscillospirales,Oscillospiraceae,Colidextribacter,metagenome,Bacteria,Firmicutes,Clostridia,Oscillospirales,Ruminococcaceae,Anaerotruncus,Anaerotruncus_rubiinfantis,0.005842259006815969
Bacteria,Firmicutes,Clostridia,Oscillospirales,Oscillospiraceae,Colidextribacter,metagenome,Bacteria,Firmicutes,Clostridia,Oscillospirales,Ruminococcaceae,Anaerotruncus,Anaerotruncus_sp._NML_070203,0.005842259006815969
Bacteria,Firmicutes,Clostridia,Oscillospirales,Oscillospiraceae,Colidextribacter,metagenome,Bacteria,Firmicutes,Clostridia,Oscillospirales,Ruminococcaceae,Candidatus_Soleaferrea,Neobitarella_massiliensis,0.005842259006815969
Bacteria,Firmicutes,Clostridia,Oscillospirales,Oscillospiraceae,Colidextribacter,metagenome,Bacteria,Firmicutes,Clostridia,Oscillospirales,Ruminococcaceae,Candidatus_Soleaferrea,None,0.004868549172346641
Bacteria,Firmicutes,Clostridia,Oscillospirales,Oscillospiraceae,Colidextribacter,metagenome,Bacteria,Firmicutes,Clostridia,Oscillospirales,Ruminococcaceae,DTU089,None,0.004868549172346641
Bacteria,Firmicutes,Clostridia,Oscillospirales,Oscillospiraceae,Colidextribacter,metagenome,Bacteria,Firmicutes,Clostridia,Oscillospirales,Ruminococcaceae,Faecalibacterium,None,0.004868549172346641
Bacteria,Firmicutes,Clostridia,Oscillospirales,Oscillospiraceae,Colidextribacter,metagenome,Bacteria,Firmicutes,Clostridia,Oscillospirales,Ruminococcaceae,Fournierella,uncultured_organism,0.005842259006815969
Bacteria,Firmicutes,Clostridia,Oscillospirales,Oscillospiraceae,Colidextribacter,metagenome,Bacteria,Firmicutes,Clostridia,Oscillospirales,Ruminococcaceae,Incertae_Sedis,metagenome,0.005842259006815969
Bacteria,Firmicutes,Clostridia,Oscillospirales,Oscillospiraceae,Colidextribacter,metagenome,Bacteria,Firmicutes,Clostridia,Oscillospirales,Ruminococcaceae,Incertae_Sedis,None,0.004868549172346641
Bacteria,Firmicutes,Clostridia,Oscillospirales,Oscillospiraceae,Colidextribacter,metagenome,Bacteria,Firmicutes,Clostridia,Oscillospirales,Ruminococcaceae,Negativibacillus,None,0.004868549172346641
Bacteria,Firmicutes,Clostridia,Oscillospirales,Oscillospiraceae,Colidextribacter,metagenome,Bacteria,Firmicutes,Clostridia,Oscillospirales,Ruminococcaceae,Ruminococcus,Ruminococcus_champanellensis,0.005842259006815969
Bacteria,Firmicutes,Clostridia,Oscillospirales,Oscillospiraceae,Colidextribacter,metagenome,Bacteria,Firmicutes,Clostridia,Oscillospirales,Ruminococcaceae,Ruminococcus,None,0.004868549172346641
Bacteria,Firmicutes,Clostridia,Oscillospirales,Oscillospiraceae,Colidextribacter,metagenome,Bacteria,Firmicutes,Clostridia,Oscillospirales,Ruminococcaceae,Subdoligranulum,None,0.004868549172346641
Bacteria,Firmicutes,Clostridia,Oscillospirales,Oscillospiraceae,Colidextribacter,metagenome,Bacteria,Firmicutes,Clostridia,Oscillospirales,Ruminococcaceae,UBA1819,None,0.004868549172346641
Bacteria,Firmicutes,Clostridia,Oscillospirales,Oscillospiraceae,Colidextribacter,metagenome,Bacteria,Firmicutes,Clostridia,Oscillospirales,Ruminococcaceae,Eubacterium_siraeum_group,None,0.004868549172346641
Bacteria,Firmicutes,Clostridia,Oscillospirales,Oscillospiraceae,Colidextribacter,metagenome,Bacteria,Firmicutes,Clostridia,Oscillospirales,Ruminococcaceae,None,None,0.0038948393378773127
Bacteria,Firmicutes,Clostridia,Oscillospirales,Oscillospiraceae,Colidextribacter,metagenome,Bacteria,Firmicutes,Clostridia,Oscillospirales,UCG-010,None,None,0.0038948393378773127
Bacteria,Firmicutes,Clostridia,Oscillospirales,Oscillospiraceae,Colidextribacter,metagenome,Bacteria,Firmicutes,Clostridia,Oscillospirales,UCG-010,metagenome,None,0.004868549172346641
Bacteria,Firmicutes,Clostridia,Oscillospirales,Oscillospiraceae,Colidextribacter,metagenome,Bacteria,Firmicutes,Clostridia,Oscillospirales,UCG-010,uncultured_bacterium,None,0.004868549172346641
Bacteria,Firmicutes,Clostridia,Oscillospirales,Oscillospiraceae,Colidextribacter,metagenome,Bacteria,Firmicutes,Clostridia,Oscillospirales,UCG-010,uncultured_organism,None,0.004868549172346641
Bacteria,Firmicutes,Clostridia,Oscillospirales,Oscillospiraceae,Colidextribacter,metagenome,Bacteria,Firmicutes,Clostridia,Oscillospirales,Clostridium_methylpentosum_group,None,None,0.0038948393378773127
Bacteria,Firmicutes,Clostridia,Oscillospirales,Oscillospiraceae,Colidextribacter,metagenome,Bacteria,Firmicutes,Clostridia,Oscillospirales,Eubacterium_coprostanoligenes_group,None,None,0.0038948393378773127
Bacteria,Firmicutes,Clostridia,Oscillospirales,Oscillospiraceae,Colidextribacter,metagenome,Bacteria,Firmicutes,Clostridia,Oscillospirales,None,None,None,0.0038948393378773127
Bacteria,Firmicutes,Clostridia,Oscillospirales,Oscillospiraceae,Colidextribacter,metagenome,Bacteria,Firmicutes,Clostridia,Peptococcales,Peptococcaceae,uncultured,None,0.006815968841285297
Bacteria,Firmicutes,Clostridia,Oscillospirales,Oscillospiraceae,Colidextribacter,metagenome,Bacteria,Firmicutes,Clostridia,Peptostreptococcales-Tissierellales,Anaerovoracaceae,Family_XIII_AD3011_group,metagenome,0.007789678675754625
Bacteria,Firmicutes,Clostridia,Oscillospirales,Oscillospiraceae,Colidextribacter,metagenome,Bacteria,Firmicutes,Clostridia,Peptostreptococcales-Tissierellales,Anaerovoracaceae,Family_XIII_AD3011_group,None,0.006815968841285297
Bacteria,Firmicutes,Clostridia,Oscillospirales,Oscillospiraceae,Colidextribacter,metagenome,Bacteria,Firmicutes,Clostridia,Peptostreptococcales-Tissierellales,Anaerovoracaceae,Family_XIII_AD3011_group,uncultured,0.007789678675754625
Bacteria,Firmicutes,Clostridia,Oscillospirales,Oscillospiraceae,Colidextribacter,metagenome,Bacteria,Firmicutes,Clostridia,Peptostreptococcales-Tissierellales,Anaerovoracaceae,Family_XIII_UCG-001,metagenome,0.007789678675754625
Bacteria,Firmicutes,Clostridia,Oscillospirales,Oscillospiraceae,Colidextribacter,metagenome,Bacteria,Firmicutes,Clostridia,Peptostreptococcales-Tissierellales,Anaerovoracaceae,Eubacterium_nodatum_group,None,0.006815968841285297
Bacteria,Firmicutes,Clostridia,Oscillospirales,Oscillospiraceae,Colidextribacter,metagenome,Bacteria,Firmicutes,Clostridia,Peptostreptococcales-Tissierellales,Anaerovoracaceae,None,None,0.005842259006815969
Bacteria,Firmicutes,Clostridia,Oscillospirales,Oscillospiraceae,Colidextribacter,metagenome,Bacteria,Firmicutes,Clostridia,Peptostreptococcales-Tissierellales,Parvimonas,None,None,0.005842259006815969
Bacteria,Firmicutes,Clostridia,Oscillospirales,Oscillospiraceae,Colidextribacter,metagenome,Bacteria,Firmicutes,Clostridia,None,None,None,None,0.0038948393378773127
Bacteria,Firmicutes,Clostridia,Oscillospirales,Oscillospiraceae,Colidextribacter,metagenome,Bacteria,Firmicutes,Incertae_Sedis,DTU014,unidentified,None,None,0.007789678675754625
Bacteria,Firmicutes,Clostridia,Oscillospirales,Oscillospiraceae,Colidextribacter,metagenome,Bacteria,Firmicutes,Limnochordia,M55-D21,uncultured_compost_bacterium,None,None,0.007789678675754625
Bacteria,Firmicutes,Clostridia,Oscillospirales,Oscillospiraceae,Colidextribacter,metagenome,Bacteria,Firmicutes,Negativicutes,Acidaminococcales,Acidaminococcaceae,Phascolarctobacterium,None,0.008763388510223954
Bacteria,Firmicutes,Clostridia,Oscillospirales,Oscillospiraceae,Colidextribacter,metagenome,Bacteria,Firmicutes,None,None,None,None,None,0.004868549172346641
Bacteria,Firmicutes,Clostridia,Oscillospirales,Oscillospiraceae,Colidextribacter,metagenome,Bacteria,Firmicutes,uncultured,uncultured_Peptococcaceae_bacterium,None,None,None,0.006815968841285297
Bacteria,Firmicutes,Clostridia,Oscillospirales,Oscillospiraceae,Colidextribacter,metagenome,Bacteria,Proteobacteria,Alphaproteobacteria,Rhodospirillales,uncultured,None,None,0.009737098344693282
Bacteria,Firmicutes,Clostridia,Oscillospirales,Oscillospiraceae,Colidextribacter,metagenome,Bacteria,Proteobacteria,Gammaproteobacteria,Burkholderiales,Sutterellaceae,Sutterella,Sutterella_sp._252,0.011684518013631937
Bacteria,Firmicutes,Clostridia,Oscillospirales,Oscillospiraceae,Colidextribacter,metagenome,Bacteria,Proteobacteria,Gammaproteobacteria,Enterobacterales,Enterobacteriaceae,Escherichia-Shigella,None,0.010710808179162609
Bacteria,Firmicutes,Clostridia,Oscillospirales,Oscillospiraceae,Colidextribacter,metagenome,Bacteria,Proteobacteria,Gammaproteobacteria,Enterobacterales,Enterobacteriaceae,Klebsiella,None,0.010710808179162609
Bacteria,Firmicutes,Clostridia,Oscillospirales,Oscillospiraceae,Colidextribacter,metagenome,Bacteria,Proteobacteria,Gammaproteobacteria,Enterobacterales,Enterobacteriaceae,None,None,0.009737098344693282
Bacteria,Firmicutes,Clostridia,Oscillospirales,Oscillospiraceae,Colidextribacter,metagenome,Bacteria,Proteobacteria,Gammaproteobacteria,Pseudomonadales,Pseudomonadaceae,Pseudomonas,None,0.010710808179162609
Bacteria,Firmicutes,Clostridia,Oscillospirales,Oscillospiraceae,Colidextribacter,metagenome,Bacteria,Synergistota,Synergistia,Synergistales,Synergistaceae,Cloacibacillus,None,0.010710808179162609
Bacteria,Firmicutes,Clostridia,Oscillospirales,Oscillospiraceae,Colidextribacter,metagenome,Bacteria,Verrucomicrobiota,Verrucomicrobiae,Verrucomicrobiales,Akkermansiaceae,Akkermansia,None,0.010710808179162609
Bacteria,Firmicutes,Clostridia,Oscillospirales,Oscillospiraceae,Flavonifractor,None,Bacteria,Firmicutes,Clostridia,Oscillospirales,Oscillospiraceae,Intestinimonas,None,0.0019474196689386564
Bacteria,Firmicutes,Clostridia,Oscillospirales,Oscillospiraceae,Flavonifractor,None,Bacteria,Firmicutes,Clostridia,Oscillospirales,Oscillospiraceae,Intestinimonas,uncultured,0.0029211295034079843
Bacteria,Firmicutes,Clostridia,Oscillospirales,Oscillospiraceae,Flavonifractor,None,Bacteria,Firmicutes,Clostridia,Oscillospirales,Oscillospiraceae,NK4A214_group,None,0.0019474196689386564
Bacteria,Firmicutes,Clostridia,Oscillospirales,Oscillospiraceae,Flavonifractor,None,Bacteria,Firmicutes,Clostridia,Oscillospirales,Oscillospiraceae,Oscillibacter,None,0.0019474196689386564
Bacteria,Firmicutes,Clostridia,Oscillospirales,Oscillospiraceae,Flavonifractor,None,Bacteria,Firmicutes,Clostridia,Oscillospirales,Oscillospiraceae,Oscillibacter,metagenome,0.0029211295034079843
Bacteria,Firmicutes,Clostridia,Oscillospirales,Oscillospiraceae,Flavonifractor,None,Bacteria,Firmicutes,Clostridia,Oscillospirales,Oscillospiraceae,Oscillospira,None,0.0019474196689386564
Bacteria,Firmicutes,Clostridia,Oscillospirales,Oscillospiraceae,Flavonifractor,None,Bacteria,Firmicutes,Clostridia,Oscillospirales,Oscillospiraceae,UCG-002,None,0.0019474196689386564
Bacteria,Firmicutes,Clostridia,Oscillospirales,Oscillospiraceae,Flavonifractor,None,Bacteria,Firmicutes,Clostridia,Oscillospirales,Oscillospiraceae,UCG-003,None,0.0019474196689386564
Bacteria,Firmicutes,Clostridia,Oscillospirales,Oscillospiraceae,Flavonifractor,None,Bacteria,Firmicutes,Clostridia,Oscillospirales,Oscillospiraceae,UCG-005,None,0.0019474196689386564
Bacteria,Firmicutes,Clostridia,Oscillospirales,Oscillospiraceae,Flavonifractor,None,Bacteria,Firmicutes,Clostridia,Oscillospirales,Oscillospiraceae,UCG-005,metagenome,0.0029211295034079843
Bacteria,Firmicutes,Clostridia,Oscillospirales,Oscillospiraceae,Flavonifractor,None,Bacteria,Firmicutes,Clostridia,Oscillospirales,Oscillospiraceae,UCG-005,uncultured_Clostridiales_bacterium,0.0029211295034079843
Bacteria,Firmicutes,Clostridia,Oscillospirales,Oscillospiraceae,Flavonifractor,None,Bacteria,Firmicutes,Clostridia,Oscillospirales,Oscillospiraceae,UCG-005,uncultured_rumen_bacterium,0.0029211295034079843
Bacteria,Firmicutes,Clostridia,Oscillospirales,Oscillospiraceae,Flavonifractor,None,Bacteria,Firmicutes,Clostridia,Oscillospirales,Oscillospiraceae,None,None,0.0019474196689386564
Bacteria,Firmicutes,Clostridia,Oscillospirales,Oscillospiraceae,Flavonifractor,None,Bacteria,Firmicutes,Clostridia,Oscillospirales,Oscillospiraceae,uncultured,metagenome,0.0029211295034079843
Bacteria,Firmicutes,Clostridia,Oscillospirales,Oscillospiraceae,Flavonifractor,None,Bacteria,Firmicutes,Clostridia,Oscillospirales,Oscillospiraceae,uncultured,unidentified,0.0029211295034079843
Bacteria,Firmicutes,Clostridia,Oscillospirales,Oscillospiraceae,Flavonifractor,None,Bacteria,Firmicutes,Clostridia,Oscillospirales,Ruminococcaceae,Anaerofilum,uncultured_Firmicutes_bacterium,0.004868549172346641
Bacteria,Firmicutes,Clostridia,Oscillospirales,Oscillospiraceae,Flavonifractor,None,Bacteria,Firmicutes,Clostridia,Oscillospirales,Ruminococcaceae,Anaerotruncus,Anaerotruncus_rubiinfantis,0.004868549172346641
Bacteria,Firmicutes,Clostridia,Oscillospirales,Oscillospiraceae,Flavonifractor,None,Bacteria,Firmicutes,Clostridia,Oscillospirales,Ruminococcaceae,Anaerotruncus,Anaerotruncus_sp._NML_070203,0.004868549172346641
Bacteria,Firmicutes,Clostridia,Oscillospirales,Oscillospiraceae,Flavonifractor,None,Bacteria,Firmicutes,Clostridia,Oscillospirales,Ruminococcaceae,Candidatus_Soleaferrea,Neobitarella_massiliensis,0.004868549172346641
Bacteria,Firmicutes,Clostridia,Oscillospirales,Oscillospiraceae,Flavonifractor,None,Bacteria,Firmicutes,Clostridia,Oscillospirales,Ruminococcaceae,Candidatus_Soleaferrea,None,0.0038948393378773127
Bacteria,Firmicutes,Clostridia,Oscillospirales,Oscillospiraceae,Flavonifractor,None,Bacteria,Firmicutes,Clostridia,Oscillospirales,Ruminococcaceae,DTU089,None,0.0038948393378773127
Bacteria,Firmicutes,Clostridia,Oscillospirales,Oscillospiraceae,Flavonifractor,None,Bacteria,Firmicutes,Clostridia,Oscillospirales,Ruminococcaceae,Faecalibacterium,None,0.0038948393378773127
Bacteria,Firmicutes,Clostridia,Oscillospirales,Oscillospiraceae,Flavonifractor,None,Bacteria,Firmicutes,Clostridia,Oscillospirales,Ruminococcaceae,Fournierella,uncultured_organism,0.004868549172346641
Bacteria,Firmicutes,Clostridia,Oscillospirales,Oscillospiraceae,Flavonifractor,None,Bacteria,Firmicutes,Clostridia,Oscillospirales,Ruminococcaceae,Incertae_Sedis,metagenome,0.004868549172346641
Bacteria,Firmicutes,Clostridia,Oscillospirales,Oscillospiraceae,Flavonifractor,None,Bacteria,Firmicutes,Clostridia,Oscillospirales,Ruminococcaceae,Incertae_Sedis,None,0.0038948393378773127
Bacteria,Firmicutes,Clostridia,Oscillospirales,Oscillospiraceae,Flavonifractor,None,Bacteria,Firmicutes,Clostridia,Oscillospirales,Ruminococcaceae,Negativibacillus,None,0.0038948393378773127
Bacteria,Firmicutes,Clostridia,Oscillospirales,Oscillospiraceae,Flavonifractor,None,Bacteria,Firmicutes,Clostridia,Oscillospirales,Ruminococcaceae,Ruminococcus,Ruminococcus_champanellensis,0.004868549172346641
Bacteria,Firmicutes,Clostridia,Oscillospirales,Oscillospiraceae,Flavonifractor,None,Bacteria,Firmicutes,Clostridia,Oscillospirales,Ruminococcaceae,Ruminococcus,None,0.0038948393378773127
Bacteria,Firmicutes,Clostridia,Oscillospirales,Oscillospiraceae,Flavonifractor,None,Bacteria,Firmicutes,Clostridia,Oscillospirales,Ruminococcaceae,Subdoligranulum,None,0.0038948393378773127
Bacteria,Firmicutes,Clostridia,Oscillospirales,Oscillospiraceae,Flavonifractor,None,Bacteria,Firmicutes,Clostridia,Oscillospirales,Ruminococcaceae,UBA1819,None,0.0038948393378773127
Bacteria,Firmicutes,Clostridia,Oscillospirales,Oscillospiraceae,Flavonifractor,None,Bacteria,Firmicutes,Clostridia,Oscillospirales,Ruminococcaceae,Eubacterium_siraeum_group,None,0.0038948393378773127
Bacteria,Firmicutes,Clostridia,Oscillospirales,Oscillospiraceae,Flavonifractor,None,Bacteria,Firmicutes,Clostridia,Oscillospirales,Ruminococcaceae,None,None,0.0029211295034079843
Bacteria,Firmicutes,Clostridia,Oscillospirales,Oscillospiraceae,Flavonifractor,None,Bacteria,Firmicutes,Clostridia,Oscillospirales,UCG-010,None,None,0.0029211295034079843
Bacteria,Firmicutes,Clostridia,Oscillospirales,Oscillospiraceae,Flavonifractor,None,Bacteria,Firmicutes,Clostridia,Oscillospirales,UCG-010,metagenome,None,0.0038948393378773127
Bacteria,Firmicutes,Clostridia,Oscillospirales,Oscillospiraceae,Flavonifractor,None,Bacteria,Firmicutes,Clostridia,Oscillospirales,UCG-010,uncultured_bacterium,None,0.0038948393378773127
Bacteria,Firmicutes,Clostridia,Oscillospirales,Oscillospiraceae,Flavonifractor,None,Bacteria,Firmicutes,Clostridia,Oscillospirales,UCG-010,uncultured_organism,None,0.0038948393378773127
Bacteria,Firmicutes,Clostridia,Oscillospirales,Oscillospiraceae,Flavonifractor,None,Bacteria,Firmicutes,Clostridia,Oscillospirales,Clostridium_methylpentosum_group,None,None,0.0029211295034079843
Bacteria,Firmicutes,Clostridia,Oscillospirales,Oscillospiraceae,Flavonifractor,None,Bacteria,Firmicutes,Clostridia,Oscillospirales,Eubacterium_coprostanoligenes_group,None,None,0.0029211295034079843
Bacteria,Firmicutes,Clostridia,Oscillospirales,Oscillospiraceae,Flavonifractor,None,Bacteria,Firmicutes,Clostridia,Oscillospirales,None,None,None,0.0029211295034079843
Bacteria,Firmicutes,Clostridia,Oscillospirales,Oscillospiraceae,Flavonifractor,None,Bacteria,Firmicutes,Clostridia,Peptococcales,Peptococcaceae,uncultured,None,0.005842259006815969
Bacteria,Firmicutes,Clostridia,Oscillospirales,Oscillospiraceae,Flavonifractor,None,Bacteria,Firmicutes,Clostridia,Peptostreptococcales-Tissierellales,Anaerovoracaceae,Family_XIII_AD3011_group,metagenome,0.006815968841285297
Bacteria,Firmicutes,Clostridia,Oscillospirales,Oscillospiraceae,Flavonifractor,None,Bacteria,Firmicutes,Clostridia,Peptostreptococcales-Tissierellales,Anaerovoracaceae,Family_XIII_AD3011_group,None,0.005842259006815969
Bacteria,Firmicutes,Clostridia,Oscillospirales,Oscillospiraceae,Flavonifractor,None,Bacteria,Firmicutes,Clostridia,Peptostreptococcales-Tissierellales,Anaerovoracaceae,Family_XIII_AD3011_group,uncultured,0.006815968841285297
Bacteria,Firmicutes,Clostridia,Oscillospirales,Oscillospiraceae,Flavonifractor,None,Bacteria,Firmicutes,Clostridia,Peptostreptococcales-Tissierellales,Anaerovoracaceae,Family_XIII_UCG-001,metagenome,0.006815968841285297
Bacteria,Firmicutes,Clostridia,Oscillospirales,Oscillospiraceae,Flavonifractor,None,Bacteria,Firmicutes,Clostridia,Peptostreptococcales-Tissierellales,Anaerovoracaceae,Eubacterium_nodatum_group,None,0.005842259006815969
Bacteria,Firmicutes,Clostridia,Oscillospirales,Oscillospiraceae,Flavonifractor,None,Bacteria,Firmicutes,Clostridia,Peptostreptococcales-Tissierellales,Anaerovoracaceae,None,None,0.004868549172346641
Bacteria,Firmicutes,Clostridia,Oscillospirales,Oscillospiraceae,Flavonifractor,None,Bacteria,Firmicutes,Clostridia,Peptostreptococcales-Tissierellales,Parvimonas,None,None,0.004868549172346641
Bacteria,Firmicutes,Clostridia,Oscillospirales,Oscillospiraceae,Flavonifractor,None,Bacteria,Firmicutes,Clostridia,None,None,None,None,0.0029211295034079843
Bacteria,Firmicutes,Clostridia,Oscillospirales,Oscillospiraceae,Flavonifractor,None,Bacteria,Firmicutes,Incertae_Sedis,DTU014,unidentified,None,None,0.006815968841285297
Bacteria,Firmicutes,Clostridia,Oscillospirales,Oscillospiraceae,Flavonifractor,None,Bacteria,Firmicutes,Limnochordia,M55-D21,uncultured_compost_bacterium,None,None,0.006815968841285297
Bacteria,Firmicutes,Clostridia,Oscillospirales,Oscillospiraceae,Flavonifractor,None,Bacteria,Firmicutes,Negativicutes,Acidaminococcales,Acidaminococcaceae,Phascolarctobacterium,None,0.007789678675754625
Bacteria,Firmicutes,Clostridia,Oscillospirales,Oscillospiraceae,Flavonifractor,None,Bacteria,Firmicutes,None,None,None,None,None,0.0038948393378773127
Bacteria,Firmicutes,Clostridia,Oscillospirales,Oscillospiraceae,Flavonifractor,None,Bacteria,Firmicutes,uncultured,uncultured_Peptococcaceae_bacterium,None,None,None,0.005842259006815969
Bacteria,Firmicutes,Clostridia,Oscillospirales,Oscillospiraceae,Flavonifractor,None,Bacteria,Proteobacteria,Alphaproteobacteria,Rhodospirillales,uncultured,None,None,0.008763388510223954
Bacteria,Firmicutes,Clostridia,Oscillospirales,Oscillospiraceae,Flavonifractor,None,Bacteria,Proteobacteria,Gammaproteobacteria,Burkholderiales,Sutterellaceae,Sutterella,Sutterella_sp._252,0.010710808179162609
Bacteria,Firmicutes,Clostridia,Oscillospirales,Oscillospiraceae,Flavonifractor,None,Bacteria,Proteobacteria,Gammaproteobacteria,Enterobacterales,Enterobacteriaceae,Escherichia-Shigella,None,0.009737098344693282
Bacteria,Firmicutes,Clostridia,Oscillospirales,Oscillospiraceae,Flavonifractor,None,Bacteria,Proteobacteria,Gammaproteobacteria,Enterobacterales,Enterobacteriaceae,Klebsiella,None,0.009737098344693282
Bacteria,Firmicutes,Clostridia,Oscillospirales,Oscillospiraceae,Flavonifractor,None,Bacteria,Proteobacteria,Gammaproteobacteria,Enterobacterales,Enterobacteriaceae,None,None,0.008763388510223954
Bacteria,Firmicutes,Clostridia,Oscillospirales,Oscillospiraceae,Flavonifractor,None,Bacteria,Proteobacteria,Gammaproteobacteria,Pseudomonadales,Pseudomonadaceae,Pseudomonas,None,0.009737098344693282
Bacteria,Firmicutes,Clostridia,Oscillospirales,Oscillospiraceae,Flavonifractor,None,Bacteria,Synergistota,Synergistia,Synergistales,Synergistaceae,Cloacibacillus,None,0.009737098344693282
Bacteria,Firmicutes,Clostridia,Oscillospirales,Oscillospiraceae,Flavonifractor,None,Bacteria,Verrucomicrobiota,Verrucomicrobiae,Verrucomicrobiales,Akkermansiaceae,Akkermansia,None,0.009737098344693282
Bacteria,Firmicutes,Clostridia,Oscillospirales,Oscillospiraceae,Intestinimonas,None,Bacteria,Firmicutes,Clostridia,Oscillospirales,Oscillospiraceae,Intestinimonas,uncultured,0.0009737098344693282
Bacteria,Firmicutes,Clostridia,Oscillospirales,Oscillospiraceae,Intestinimonas,None,Bacteria,Firmicutes,Clostridia,Oscillospirales,Oscillospiraceae,NK4A214_group,None,0.0019474196689386564
Bacteria,Firmicutes,Clostridia,Oscillospirales,Oscillospiraceae,Intestinimonas,None,Bacteria,Firmicutes,Clostridia,Oscillospirales,Oscillospiraceae,Oscillibacter,None,0.0019474196689386564
Bacteria,Firmicutes,Clostridia,Oscillospirales,Oscillospiraceae,Intestinimonas,None,Bacteria,Firmicutes,Clostridia,Oscillospirales,Oscillospiraceae,Oscillibacter,metagenome,0.0029211295034079843
Bacteria,Firmicutes,Clostridia,Oscillospirales,Oscillospiraceae,Intestinimonas,None,Bacteria,Firmicutes,Clostridia,Oscillospirales,Oscillospiraceae,Oscillospira,None,0.0019474196689386564
Bacteria,Firmicutes,Clostridia,Oscillospirales,Oscillospiraceae,Intestinimonas,None,Bacteria,Firmicutes,Clostridia,Oscillospirales,Oscillospiraceae,UCG-002,None,0.0019474196689386564
Bacteria,Firmicutes,Clostridia,Oscillospirales,Oscillospiraceae,Intestinimonas,None,Bacteria,Firmicutes,Clostridia,Oscillospirales,Oscillospiraceae,UCG-003,None,0.0019474196689386564
Bacteria,Firmicutes,Clostridia,Oscillospirales,Oscillospiraceae,Intestinimonas,None,Bacteria,Firmicutes,Clostridia,Oscillospirales,Oscillospiraceae,UCG-005,None,0.0019474196689386564
Bacteria,Firmicutes,Clostridia,Oscillospirales,Oscillospiraceae,Intestinimonas,None,Bacteria,Firmicutes,Clostridia,Oscillospirales,Oscillospiraceae,UCG-005,metagenome,0.0029211295034079843
Bacteria,Firmicutes,Clostridia,Oscillospirales,Oscillospiraceae,Intestinimonas,None,Bacteria,Firmicutes,Clostridia,Oscillospirales,Oscillospiraceae,UCG-005,uncultured_Clostridiales_bacterium,0.0029211295034079843
Bacteria,Firmicutes,Clostridia,Oscillospirales,Oscillospiraceae,Intestinimonas,None,Bacteria,Firmicutes,Clostridia,Oscillospirales,Oscillospiraceae,UCG-005,uncultured_rumen_bacterium,0.0029211295034079843
Bacteria,Firmicutes,Clostridia,Oscillospirales,Oscillospiraceae,Intestinimonas,None,Bacteria,Firmicutes,Clostridia,Oscillospirales,Oscillospiraceae,None,None,0.0019474196689386564
Bacteria,Firmicutes,Clostridia,Oscillospirales,Oscillospiraceae,Intestinimonas,None,Bacteria,Firmicutes,Clostridia,Oscillospirales,Oscillospiraceae,uncultured,metagenome,0.0029211295034079843
Bacteria,Firmicutes,Clostridia,Oscillospirales,Oscillospiraceae,Intestinimonas,None,Bacteria,Firmicutes,Clostridia,Oscillospirales,Oscillospiraceae,uncultured,unidentified,0.0029211295034079843
Bacteria,Firmicutes,Clostridia,Oscillospirales,Oscillospiraceae,Intestinimonas,None,Bacteria,Firmicutes,Clostridia,Oscillospirales,Ruminococcaceae,Anaerofilum,uncultured_Firmicutes_bacterium,0.004868549172346641
Bacteria,Firmicutes,Clostridia,Oscillospirales,Oscillospiraceae,Intestinimonas,None,Bacteria,Firmicutes,Clostridia,Oscillospirales,Ruminococcaceae,Anaerotruncus,Anaerotruncus_rubiinfantis,0.004868549172346641
Bacteria,Firmicutes,Clostridia,Oscillospirales,Oscillospiraceae,Intestinimonas,None,Bacteria,Firmicutes,Clostridia,Oscillospirales,Ruminococcaceae,Anaerotruncus,Anaerotruncus_sp._NML_070203,0.004868549172346641
Bacteria,Firmicutes,Clostridia,Oscillospirales,Oscillospiraceae,Intestinimonas,None,Bacteria,Firmicutes,Clostridia,Oscillospirales,Ruminococcaceae,Candidatus_Soleaferrea,Neobitarella_massiliensis,0.004868549172346641
Bacteria,Firmicutes,Clostridia,Oscillospirales,Oscillospiraceae,Intestinimonas,None,Bacteria,Firmicutes,Clostridia,Oscillospirales,Ruminococcaceae,Candidatus_Soleaferrea,None,0.0038948393378773127
Bacteria,Firmicutes,Clostridia,Oscillospirales,Oscillospiraceae,Intestinimonas,None,Bacteria,Firmicutes,Clostridia,Oscillospirales,Ruminococcaceae,DTU089,None,0.0038948393378773127
Bacteria,Firmicutes,Clostridia,Oscillospirales,Oscillospiraceae,Intestinimonas,None,Bacteria,Firmicutes,Clostridia,Oscillospirales,Ruminococcaceae,Faecalibacterium,None,0.0038948393378773127
Bacteria,Firmicutes,Clostridia,Oscillospirales,Oscillospiraceae,Intestinimonas,None,Bacteria,Firmicutes,Clostridia,Oscillospirales,Ruminococcaceae,Fournierella,uncultured_organism,0.004868549172346641
Bacteria,Firmicutes,Clostridia,Oscillospirales,Oscillospiraceae,Intestinimonas,None,Bacteria,Firmicutes,Clostridia,Oscillospirales,Ruminococcaceae,Incertae_Sedis,metagenome,0.004868549172346641
Bacteria,Firmicutes,Clostridia,Oscillospirales,Oscillospiraceae,Intestinimonas,None,Bacteria,Firmicutes,Clostridia,Oscillospirales,Ruminococcaceae,Incertae_Sedis,None,0.0038948393378773127
Bacteria,Firmicutes,Clostridia,Oscillospirales,Oscillospiraceae,Intestinimonas,None,Bacteria,Firmicutes,Clostridia,Oscillospirales,Ruminococcaceae,Negativibacillus,None,0.0038948393378773127
Bacteria,Firmicutes,Clostridia,Oscillospirales,Oscillospiraceae,Intestinimonas,None,Bacteria,Firmicutes,Clostridia,Oscillospirales,Ruminococcaceae,Ruminococcus,Ruminococcus_champanellensis,0.004868549172346641
Bacteria,Firmicutes,Clostridia,Oscillospirales,Oscillospiraceae,Intestinimonas,None,Bacteria,Firmicutes,Clostridia,Oscillospirales,Ruminococcaceae,Ruminococcus,None,0.0038948393378773127
Bacteria,Firmicutes,Clostridia,Oscillospirales,Oscillospiraceae,Intestinimonas,None,Bacteria,Firmicutes,Clostridia,Oscillospirales,Ruminococcaceae,Subdoligranulum,None,0.0038948393378773127
Bacteria,Firmicutes,Clostridia,Oscillospirales,Oscillospiraceae,Intestinimonas,None,Bacteria,Firmicutes,Clostridia,Oscillospirales,Ruminococcaceae,UBA1819,None,0.0038948393378773127
Bacteria,Firmicutes,Clostridia,Oscillospirales,Oscillospiraceae,Intestinimonas,None,Bacteria,Firmicutes,Clostridia,Oscillospirales,Ruminococcaceae,Eubacterium_siraeum_group,None,0.0038948393378773127
Bacteria,Firmicutes,Clostridia,Oscillospirales,Oscillospiraceae,Intestinimonas,None,Bacteria,Firmicutes,Clostridia,Oscillospirales,Ruminococcaceae,None,None,0.0029211295034079843
Bacteria,Firmicutes,Clostridia,Oscillospirales,Oscillospiraceae,Intestinimonas,None,Bacteria,Firmicutes,Clostridia,Oscillospirales,UCG-010,None,None,0.0029211295034079843
Bacteria,Firmicutes,Clostridia,Oscillospirales,Oscillospiraceae,Intestinimonas,None,Bacteria,Firmicutes,Clostridia,Oscillospirales,UCG-010,metagenome,None,0.0038948393378773127
Bacteria,Firmicutes,Clostridia,Oscillospirales,Oscillospiraceae,Intestinimonas,None,Bacteria,Firmicutes,Clostridia,Oscillospirales,UCG-010,uncultured_bacterium,None,0.0038948393378773127
Bacteria,Firmicutes,Clostridia,Oscillospirales,Oscillospiraceae,Intestinimonas,None,Bacteria,Firmicutes,Clostridia,Oscillospirales,UCG-010,uncultured_organism,None,0.0038948393378773127
Bacteria,Firmicutes,Clostridia,Oscillospirales,Oscillospiraceae,Intestinimonas,None,Bacteria,Firmicutes,Clostridia,Oscillospirales,Clostridium_methylpentosum_group,None,None,0.0029211295034079843
Bacteria,Firmicutes,Clostridia,Oscillospirales,Oscillospiraceae,Intestinimonas,None,Bacteria,Firmicutes,Clostridia,Oscillospirales,Eubacterium_coprostanoligenes_group,None,None,0.0029211295034079843
Bacteria,Firmicutes,Clostridia,Oscillospirales,Oscillospiraceae,Intestinimonas,None,Bacteria,Firmicutes,Clostridia,Oscillospirales,None,None,None,0.0029211295034079843
Bacteria,Firmicutes,Clostridia,Oscillospirales,Oscillospiraceae,Intestinimonas,None,Bacteria,Firmicutes,Clostridia,Peptococcales,Peptococcaceae,uncultured,None,0.005842259006815969
Bacteria,Firmicutes,Clostridia,Oscillospirales,Oscillospiraceae,Intestinimonas,None,Bacteria,Firmicutes,Clostridia,Peptostreptococcales-Tissierellales,Anaerovoracaceae,Family_XIII_AD3011_group,metagenome,0.006815968841285297
Bacteria,Firmicutes,Clostridia,Oscillospirales,Oscillospiraceae,Intestinimonas,None,Bacteria,Firmicutes,Clostridia,Peptostreptococcales-Tissierellales,Anaerovoracaceae,Family_XIII_AD3011_group,None,0.005842259006815969
Bacteria,Firmicutes,Clostridia,Oscillospirales,Oscillospiraceae,Intestinimonas,None,Bacteria,Firmicutes,Clostridia,Peptostreptococcales-Tissierellales,Anaerovoracaceae,Family_XIII_AD3011_group,uncultured,0.006815968841285297
Bacteria,Firmicutes,Clostridia,Oscillospirales,Oscillospiraceae,Intestinimonas,None,Bacteria,Firmicutes,Clostridia,Peptostreptococcales-Tissierellales,Anaerovoracaceae,Family_XIII_UCG-001,metagenome,0.006815968841285297
Bacteria,Firmicutes,Clostridia,Oscillospirales,Oscillospiraceae,Intestinimonas,None,Bacteria,Firmicutes,Clostridia,Peptostreptococcales-Tissierellales,Anaerovoracaceae,Eubacterium_nodatum_group,None,0.005842259006815969
Bacteria,Firmicutes,Clostridia,Oscillospirales,Oscillospiraceae,Intestinimonas,None,Bacteria,Firmicutes,Clostridia,Peptostreptococcales-Tissierellales,Anaerovoracaceae,None,None,0.004868549172346641
Bacteria,Firmicutes,Clostridia,Oscillospirales,Oscillospiraceae,Intestinimonas,None,Bacteria,Firmicutes,Clostridia,Peptostreptococcales-Tissierellales,Parvimonas,None,None,0.004868549172346641
Bacteria,Firmicutes,Clostridia,Oscillospirales,Oscillospiraceae,Intestinimonas,None,Bacteria,Firmicutes,Clostridia,None,None,None,None,0.0029211295034079843
Bacteria,Firmicutes,Clostridia,Oscillospirales,Oscillospiraceae,Intestinimonas,None,Bacteria,Firmicutes,Incertae_Sedis,DTU014,unidentified,None,None,0.006815968841285297
Bacteria,Firmicutes,Clostridia,Oscillospirales,Oscillospiraceae,Intestinimonas,None,Bacteria,Firmicutes,Limnochordia,M55-D21,uncultured_compost_bacterium,None,None,0.006815968841285297
Bacteria,Firmicutes,Clostridia,Oscillospirales,Oscillospiraceae,Intestinimonas,None,Bacteria,Firmicutes,Negativicutes,Acidaminococcales,Acidaminococcaceae,Phascolarctobacterium,None,0.007789678675754625
Bacteria,Firmicutes,Clostridia,Oscillospirales,Oscillospiraceae,Intestinimonas,None,Bacteria,Firmicutes,None,None,None,None,None,0.0038948393378773127
Bacteria,Firmicutes,Clostridia,Oscillospirales,Oscillospiraceae,Intestinimonas,None,Bacteria,Firmicutes,uncultured,uncultured_Peptococcaceae_bacterium,None,None,None,0.005842259006815969
Bacteria,Firmicutes,Clostridia,Oscillospirales,Oscillospiraceae,Intestinimonas,None,Bacteria,Proteobacteria,Alphaproteobacteria,Rhodospirillales,uncultured,None,None,0.008763388510223954
Bacteria,Firmicutes,Clostridia,Oscillospirales,Oscillospiraceae,Intestinimonas,None,Bacteria,Proteobacteria,Gammaproteobacteria,Burkholderiales,Sutterellaceae,Sutterella,Sutterella_sp._252,0.010710808179162609
Bacteria,Firmicutes,Clostridia,Oscillospirales,Oscillospiraceae,Intestinimonas,None,Bacteria,Proteobacteria,Gammaproteobacteria,Enterobacterales,Enterobacteriaceae,Escherichia-Shigella,None,0.009737098344693282
Bacteria,Firmicutes,Clostridia,Oscillospirales,Oscillospiraceae,Intestinimonas,None,Bacteria,Proteobacteria,Gammaproteobacteria,Enterobacterales,Enterobacteriaceae,Klebsiella,None,0.009737098344693282
Bacteria,Firmicutes,Clostridia,Oscillospirales,Oscillospiraceae,Intestinimonas,None,Bacteria,Proteobacteria,Gammaproteobacteria,Enterobacterales,Enterobacteriaceae,None,None,0.008763388510223954
Bacteria,Firmicutes,Clostridia,Oscillospirales,Oscillospiraceae,Intestinimonas,None,Bacteria,Proteobacteria,Gammaproteobacteria,Pseudomonadales,Pseudomonadaceae,Pseudomonas,None,0.009737098344693282
Bacteria,Firmicutes,Clostridia,Oscillospirales,Oscillospiraceae,Intestinimonas,None,Bacteria,Synergistota,Synergistia,Synergistales,Synergistaceae,Cloacibacillus,None,0.009737098344693282
Bacteria,Firmicutes,Clostridia,Oscillospirales,Oscillospiraceae,Intestinimonas,None,Bacteria,Verrucomicrobiota,Verrucomicrobiae,Verrucomicrobiales,Akkermansiaceae,Akkermansia,None,0.009737098344693282
Bacteria,Firmicutes,Clostridia,Oscillospirales,Oscillospiraceae,Intestinimonas,uncultured,Bacteria,Firmicutes,Clostridia,Oscillospirales,Oscillospiraceae,NK4A214_group,None,0.0029211295034079843
Bacteria,Firmicutes,Clostridia,Oscillospirales,Oscillospiraceae,Intestinimonas,uncultured,Bacteria,Firmicutes,Clostridia,Oscillospirales,Oscillospiraceae,Oscillibacter,None,0.0029211295034079843
Bacteria,Firmicutes,Clostridia,Oscillospirales,Oscillospiraceae,Intestinimonas,uncultured,Bacteria,Firmicutes,Clostridia,Oscillospirales,Oscillospiraceae,Oscillibacter,metagenome,0.0038948393378773127
Bacteria,Firmicutes,Clostridia,Oscillospirales,Oscillospiraceae,Intestinimonas,uncultured,Bacteria,Firmicutes,Clostridia,Oscillospirales,Oscillospiraceae,Oscillospira,None,0.0029211295034079843
Bacteria,Firmicutes,Clostridia,Oscillospirales,Oscillospiraceae,Intestinimonas,uncultured,Bacteria,Firmicutes,Clostridia,Oscillospirales,Oscillospiraceae,UCG-002,None,0.0029211295034079843
Bacteria,Firmicutes,Clostridia,Oscillospirales,Oscillospiraceae,Intestinimonas,uncultured,Bacteria,Firmicutes,Clostridia,Oscillospirales,Oscillospiraceae,UCG-003,None,0.0029211295034079843
Bacteria,Firmicutes,Clostridia,Oscillospirales,Oscillospiraceae,Intestinimonas,uncultured,Bacteria,Firmicutes,Clostridia,Oscillospirales,Oscillospiraceae,UCG-005,None,0.0029211295034079843
Bacteria,Firmicutes,Clostridia,Oscillospirales,Oscillospiraceae,Intestinimonas,uncultured,Bacteria,Firmicutes,Clostridia,Oscillospirales,Oscillospiraceae,UCG-005,metagenome,0.0038948393378773127
Bacteria,Firmicutes,Clostridia,Oscillospirales,Oscillospiraceae,Intestinimonas,uncultured,Bacteria,Firmicutes,Clostridia,Oscillospirales,Oscillospiraceae,UCG-005,uncultured_Clostridiales_bacterium,0.0038948393378773127
Bacteria,Firmicutes,Clostridia,Oscillospirales,Oscillospiraceae,Intestinimonas,uncultured,Bacteria,Firmicutes,Clostridia,Oscillospirales,Oscillospiraceae,UCG-005,uncultured_rumen_bacterium,0.0038948393378773127
Bacteria,Firmicutes,Clostridia,Oscillospirales,Oscillospiraceae,Intestinimonas,uncultured,Bacteria,Firmicutes,Clostridia,Oscillospirales,Oscillospiraceae,None,None,0.0029211295034079843
Bacteria,Firmicutes,Clostridia,Oscillospirales,Oscillospiraceae,Intestinimonas,uncultured,Bacteria,Firmicutes,Clostridia,Oscillospirales,Oscillospiraceae,uncultured,metagenome,0.0038948393378773127
Bacteria,Firmicutes,Clostridia,Oscillospirales,Oscillospiraceae,Intestinimonas,uncultured,Bacteria,Firmicutes,Clostridia,Oscillospirales,Oscillospiraceae,uncultured,unidentified,0.0038948393378773127
Bacteria,Firmicutes,Clostridia,Oscillospirales,Oscillospiraceae,Intestinimonas,uncultured,Bacteria,Firmicutes,Clostridia,Oscillospirales,Ruminococcaceae,Anaerofilum,uncultured_Firmicutes_bacterium,0.005842259006815969
Bacteria,Firmicutes,Clostridia,Oscillospirales,Oscillospiraceae,Intestinimonas,uncultured,Bacteria,Firmicutes,Clostridia,Oscillospirales,Ruminococcaceae,Anaerotruncus,Anaerotruncus_rubiinfantis,0.005842259006815969
Bacteria,Firmicutes,Clostridia,Oscillospirales,Oscillospiraceae,Intestinimonas,uncultured,Bacteria,Firmicutes,Clostridia,Oscillospirales,Ruminococcaceae,Anaerotruncus,Anaerotruncus_sp._NML_070203,0.005842259006815969
Bacteria,Firmicutes,Clostridia,Oscillospirales,Oscillospiraceae,Intestinimonas,uncultured,Bacteria,Firmicutes,Clostridia,Oscillospirales,Ruminococcaceae,Candidatus_Soleaferrea,Neobitarella_massiliensis,0.005842259006815969
Bacteria,Firmicutes,Clostridia,Oscillospirales,Oscillospiraceae,Intestinimonas,uncultured,Bacteria,Firmicutes,Clostridia,Oscillospirales,Ruminococcaceae,Candidatus_Soleaferrea,None,0.004868549172346641
Bacteria,Firmicutes,Clostridia,Oscillospirales,Oscillospiraceae,Intestinimonas,uncultured,Bacteria,Firmicutes,Clostridia,Oscillospirales,Ruminococcaceae,DTU089,None,0.004868549172346641
Bacteria,Firmicutes,Clostridia,Oscillospirales,Oscillospiraceae,Intestinimonas,uncultured,Bacteria,Firmicutes,Clostridia,Oscillospirales,Ruminococcaceae,Faecalibacterium,None,0.004868549172346641
Bacteria,Firmicutes,Clostridia,Oscillospirales,Oscillospiraceae,Intestinimonas,uncultured,Bacteria,Firmicutes,Clostridia,Oscillospirales,Ruminococcaceae,Fournierella,uncultured_organism,0.005842259006815969
Bacteria,Firmicutes,Clostridia,Oscillospirales,Oscillospiraceae,Intestinimonas,uncultured,Bacteria,Firmicutes,Clostridia,Oscillospirales,Ruminococcaceae,Incertae_Sedis,metagenome,0.005842259006815969
Bacteria,Firmicutes,Clostridia,Oscillospirales,Oscillospiraceae,Intestinimonas,uncultured,Bacteria,Firmicutes,Clostridia,Oscillospirales,Ruminococcaceae,Incertae_Sedis,None,0.004868549172346641
Bacteria,Firmicutes,Clostridia,Oscillospirales,Oscillospiraceae,Intestinimonas,uncultured,Bacteria,Firmicutes,Clostridia,Oscillospirales,Ruminococcaceae,Negativibacillus,None,0.004868549172346641
Bacteria,Firmicutes,Clostridia,Oscillospirales,Oscillospiraceae,Intestinimonas,uncultured,Bacteria,Firmicutes,Clostridia,Oscillospirales,Ruminococcaceae,Ruminococcus,Ruminococcus_champanellensis,0.005842259006815969
Bacteria,Firmicutes,Clostridia,Oscillospirales,Oscillospiraceae,Intestinimonas,uncultured,Bacteria,Firmicutes,Clostridia,Oscillospirales,Ruminococcaceae,Ruminococcus,None,0.004868549172346641
Bacteria,Firmicutes,Clostridia,Oscillospirales,Oscillospiraceae,Intestinimonas,uncultured,Bacteria,Firmicutes,Clostridia,Oscillospirales,Ruminococcaceae,Subdoligranulum,None,0.004868549172346641
Bacteria,Firmicutes,Clostridia,Oscillospirales,Oscillospiraceae,Intestinimonas,uncultured,Bacteria,Firmicutes,Clostridia,Oscillospirales,Ruminococcaceae,UBA1819,None,0.004868549172346641
Bacteria,Firmicutes,Clostridia,Oscillospirales,Oscillospiraceae,Intestinimonas,uncultured,Bacteria,Firmicutes,Clostridia,Oscillospirales,Ruminococcaceae,Eubacterium_siraeum_group,None,0.004868549172346641
Bacteria,Firmicutes,Clostridia,Oscillospirales,Oscillospiraceae,Intestinimonas,uncultured,Bacteria,Firmicutes,Clostridia,Oscillospirales,Ruminococcaceae,None,None,0.0038948393378773127
Bacteria,Firmicutes,Clostridia,Oscillospirales,Oscillospiraceae,Intestinimonas,uncultured,Bacteria,Firmicutes,Clostridia,Oscillospirales,UCG-010,None,None,0.0038948393378773127
Bacteria,Firmicutes,Clostridia,Oscillospirales,Oscillospiraceae,Intestinimonas,uncultured,Bacteria,Firmicutes,Clostridia,Oscillospirales,UCG-010,metagenome,None,0.004868549172346641
Bacteria,Firmicutes,Clostridia,Oscillospirales,Oscillospiraceae,Intestinimonas,uncultured,Bacteria,Firmicutes,Clostridia,Oscillospirales,UCG-010,uncultured_bacterium,None,0.004868549172346641
Bacteria,Firmicutes,Clostridia,Oscillospirales,Oscillospiraceae,Intestinimonas,uncultured,Bacteria,Firmicutes,Clostridia,Oscillospirales,UCG-010,uncultured_organism,None,0.004868549172346641
Bacteria,Firmicutes,Clostridia,Oscillospirales,Oscillospiraceae,Intestinimonas,uncultured,Bacteria,Firmicutes,Clostridia,Oscillospirales,Clostridium_methylpentosum_group,None,None,0.0038948393378773127
Bacteria,Firmicutes,Clostridia,Oscillospirales,Oscillospiraceae,Intestinimonas,uncultured,Bacteria,Firmicutes,Clostridia,Oscillospirales,Eubacterium_coprostanoligenes_group,None,None,0.0038948393378773127
Bacteria,Firmicutes,Clostridia,Oscillospirales,Oscillospiraceae,Intestinimonas,uncultured,Bacteria,Firmicutes,Clostridia,Oscillospirales,None,None,None,0.0038948393378773127
Bacteria,Firmicutes,Clostridia,Oscillospirales,Oscillospiraceae,Intestinimonas,uncultured,Bacteria,Firmicutes,Clostridia,Peptococcales,Peptococcaceae,uncultured,None,0.006815968841285297
Bacteria,Firmicutes,Clostridia,Oscillospirales,Oscillospiraceae,Intestinimonas,uncultured,Bacteria,Firmicutes,Clostridia,Peptostreptococcales-Tissierellales,Anaerovoracaceae,Family_XIII_AD3011_group,metagenome,0.007789678675754625
Bacteria,Firmicutes,Clostridia,Oscillospirales,Oscillospiraceae,Intestinimonas,uncultured,Bacteria,Firmicutes,Clostridia,Peptostreptococcales-Tissierellales,Anaerovoracaceae,Family_XIII_AD3011_group,None,0.006815968841285297
Bacteria,Firmicutes,Clostridia,Oscillospirales,Oscillospiraceae,Intestinimonas,uncultured,Bacteria,Firmicutes,Clostridia,Peptostreptococcales-Tissierellales,Anaerovoracaceae,Family_XIII_AD3011_group,uncultured,0.007789678675754625
Bacteria,Firmicutes,Clostridia,Oscillospirales,Oscillospiraceae,Intestinimonas,uncultured,Bacteria,Firmicutes,Clostridia,Peptostreptococcales-Tissierellales,Anaerovoracaceae,Family_XIII_UCG-001,metagenome,0.007789678675754625
Bacteria,Firmicutes,Clostridia,Oscillospirales,Oscillospiraceae,Intestinimonas,uncultured,Bacteria,Firmicutes,Clostridia,Peptostreptococcales-Tissierellales,Anaerovoracaceae,Eubacterium_nodatum_group,None,0.006815968841285297
Bacteria,Firmicutes,Clostridia,Oscillospirales,Oscillospiraceae,Intestinimonas,uncultured,Bacteria,Firmicutes,Clostridia,Peptostreptococcales-Tissierellales,Anaerovoracaceae,None,None,0.005842259006815969
Bacteria,Firmicutes,Clostridia,Oscillospirales,Oscillospiraceae,Intestinimonas,uncultured,Bacteria,Firmicutes,Clostridia,Peptostreptococcales-Tissierellales,Parvimonas,None,None,0.005842259006815969
Bacteria,Firmicutes,Clostridia,Oscillospirales,Oscillospiraceae,Intestinimonas,uncultured,Bacteria,Firmicutes,Clostridia,None,None,None,None,0.0038948393378773127
Bacteria,Firmicutes,Clostridia,Oscillospirales,Oscillospiraceae,Intestinimonas,uncultured,Bacteria,Firmicutes,Incertae_Sedis,DTU014,unidentified,None,None,0.007789678675754625
Bacteria,Firmicutes,Clostridia,Oscillospirales,Oscillospiraceae,Intestinimonas,uncultured,Bacteria,Firmicutes,Limnochordia,M55-D21,uncultured_compost_bacterium,None,None,0.007789678675754625
Bacteria,Firmicutes,Clostridia,Oscillospirales,Oscillospiraceae,Intestinimonas,uncultured,Bacteria,Firmicutes,Negativicutes,Acidaminococcales,Acidaminococcaceae,Phascolarctobacterium,None,0.008763388510223954
Bacteria,Firmicutes,Clostridia,Oscillospirales,Oscillospiraceae,Intestinimonas,uncultured,Bacteria,Firmicutes,None,None,None,None,None,0.004868549172346641
Bacteria,Firmicutes,Clostridia,Oscillospirales,Oscillospiraceae,Intestinimonas,uncultured,Bacteria,Firmicutes,uncultured,uncultured_Peptococcaceae_bacterium,None,None,None,0.006815968841285297
Bacteria,Firmicutes,Clostridia,Oscillospirales,Oscillospiraceae,Intestinimonas,uncultured,Bacteria,Proteobacteria,Alphaproteobacteria,Rhodospirillales,uncultured,None,None,0.009737098344693282
Bacteria,Firmicutes,Clostridia,Oscillospirales,Oscillospiraceae,Intestinimonas,uncultured,Bacteria,Proteobacteria,Gammaproteobacteria,Burkholderiales,Sutterellaceae,Sutterella,Sutterella_sp._252,0.011684518013631937
Bacteria,Firmicutes,Clostridia,Oscillospirales,Oscillospiraceae,Intestinimonas,uncultured,Bacteria,Proteobacteria,Gammaproteobacteria,Enterobacterales,Enterobacteriaceae,Escherichia-Shigella,None,0.010710808179162609
Bacteria,Firmicutes,Clostridia,Oscillospirales,Oscillospiraceae,Intestinimonas,uncultured,Bacteria,Proteobacteria,Gammaproteobacteria,Enterobacterales,Enterobacteriaceae,Klebsiella,None,0.010710808179162609
Bacteria,Firmicutes,Clostridia,Oscillospirales,Oscillospiraceae,Intestinimonas,uncultured,Bacteria,Proteobacteria,Gammaproteobacteria,Enterobacterales,Enterobacteriaceae,None,None,0.009737098344693282
Bacteria,Firmicutes,Clostridia,Oscillospirales,Oscillospiraceae,Intestinimonas,uncultured,Bacteria,Proteobacteria,Gammaproteobacteria,Pseudomonadales,Pseudomonadaceae,Pseudomonas,None,0.010710808179162609
Bacteria,Firmicutes,Clostridia,Oscillospirales,Oscillospiraceae,Intestinimonas,uncultured,Bacteria,Synergistota,Synergistia,Synergistales,Synergistaceae,Cloacibacillus,None,0.010710808179162609
Bacteria,Firmicutes,Clostridia,Oscillospirales,Oscillospiraceae,Intestinimonas,uncultured,Bacteria,Verrucomicrobiota,Verrucomicrobiae,Verrucomicrobiales,Akkermansiaceae,Akkermansia,None,0.010710808179162609
Bacteria,Firmicutes,Clostridia,Oscillospirales,Oscillospiraceae,NK4A214_group,None,Bacteria,Firmicutes,Clostridia,Oscillospirales,Oscillospiraceae,Oscillibacter,None,0.0019474196689386564
Bacteria,Firmicutes,Clostridia,Oscillospirales,Oscillospiraceae,NK4A214_group,None,Bacteria,Firmicutes,Clostridia,Oscillospirales,Oscillospiraceae,Oscillibacter,metagenome,0.0029211295034079843
Bacteria,Firmicutes,Clostridia,Oscillospirales,Oscillospiraceae,NK4A214_group,None,Bacteria,Firmicutes,Clostridia,Oscillospirales,Oscillospiraceae,Oscillospira,None,0.0019474196689386564
Bacteria,Firmicutes,Clostridia,Oscillospirales,Oscillospiraceae,NK4A214_group,None,Bacteria,Firmicutes,Clostridia,Oscillospirales,Oscillospiraceae,UCG-002,None,0.0019474196689386564
Bacteria,Firmicutes,Clostridia,Oscillospirales,Oscillospiraceae,NK4A214_group,None,Bacteria,Firmicutes,Clostridia,Oscillospirales,Oscillospiraceae,UCG-003,None,0.0019474196689386564
Bacteria,Firmicutes,Clostridia,Oscillospirales,Oscillospiraceae,NK4A214_group,None,Bacteria,Firmicutes,Clostridia,Oscillospirales,Oscillospiraceae,UCG-005,None,0.0019474196689386564
Bacteria,Firmicutes,Clostridia,Oscillospirales,Oscillospiraceae,NK4A214_group,None,Bacteria,Firmicutes,Clostridia,Oscillospirales,Oscillospiraceae,UCG-005,metagenome,0.0029211295034079843
Bacteria,Firmicutes,Clostridia,Oscillospirales,Oscillospiraceae,NK4A214_group,None,Bacteria,Firmicutes,Clostridia,Oscillospirales,Oscillospiraceae,UCG-005,uncultured_Clostridiales_bacterium,0.0029211295034079843
Bacteria,Firmicutes,Clostridia,Oscillospirales,Oscillospiraceae,NK4A214_group,None,Bacteria,Firmicutes,Clostridia,Oscillospirales,Oscillospiraceae,UCG-005,uncultured_rumen_bacterium,0.0029211295034079843
Bacteria,Firmicutes,Clostridia,Oscillospirales,Oscillospiraceae,NK4A214_group,None,Bacteria,Firmicutes,Clostridia,Oscillospirales,Oscillospiraceae,None,None,0.0019474196689386564
Bacteria,Firmicutes,Clostridia,Oscillospirales,Oscillospiraceae,NK4A214_group,None,Bacteria,Firmicutes,Clostridia,Oscillospirales,Oscillospiraceae,uncultured,metagenome,0.0029211295034079843
Bacteria,Firmicutes,Clostridia,Oscillospirales,Oscillospiraceae,NK4A214_group,None,Bacteria,Firmicutes,Clostridia,Oscillospirales,Oscillospiraceae,uncultured,unidentified,0.0029211295034079843
Bacteria,Firmicutes,Clostridia,Oscillospirales,Oscillospiraceae,NK4A214_group,None,Bacteria,Firmicutes,Clostridia,Oscillospirales,Ruminococcaceae,Anaerofilum,uncultured_Firmicutes_bacterium,0.004868549172346641
Bacteria,Firmicutes,Clostridia,Oscillospirales,Oscillospiraceae,NK4A214_group,None,Bacteria,Firmicutes,Clostridia,Oscillospirales,Ruminococcaceae,Anaerotruncus,Anaerotruncus_rubiinfantis,0.004868549172346641
Bacteria,Firmicutes,Clostridia,Oscillospirales,Oscillospiraceae,NK4A214_group,None,Bacteria,Firmicutes,Clostridia,Oscillospirales,Ruminococcaceae,Anaerotruncus,Anaerotruncus_sp._NML_070203,0.004868549172346641
Bacteria,Firmicutes,Clostridia,Oscillospirales,Oscillospiraceae,NK4A214_group,None,Bacteria,Firmicutes,Clostridia,Oscillospirales,Ruminococcaceae,Candidatus_Soleaferrea,Neobitarella_massiliensis,0.004868549172346641
Bacteria,Firmicutes,Clostridia,Oscillospirales,Oscillospiraceae,NK4A214_group,None,Bacteria,Firmicutes,Clostridia,Oscillospirales,Ruminococcaceae,Candidatus_Soleaferrea,None,0.0038948393378773127
Bacteria,Firmicutes,Clostridia,Oscillospirales,Oscillospiraceae,NK4A214_group,None,Bacteria,Firmicutes,Clostridia,Oscillospirales,Ruminococcaceae,DTU089,None,0.0038948393378773127
Bacteria,Firmicutes,Clostridia,Oscillospirales,Oscillospiraceae,NK4A214_group,None,Bacteria,Firmicutes,Clostridia,Oscillospirales,Ruminococcaceae,Faecalibacterium,None,0.0038948393378773127
Bacteria,Firmicutes,Clostridia,Oscillospirales,Oscillospiraceae,NK4A214_group,None,Bacteria,Firmicutes,Clostridia,Oscillospirales,Ruminococcaceae,Fournierella,uncultured_organism,0.004868549172346641
Bacteria,Firmicutes,Clostridia,Oscillospirales,Oscillospiraceae,NK4A214_group,None,Bacteria,Firmicutes,Clostridia,Oscillospirales,Ruminococcaceae,Incertae_Sedis,metagenome,0.004868549172346641
Bacteria,Firmicutes,Clostridia,Oscillospirales,Oscillospiraceae,NK4A214_group,None,Bacteria,Firmicutes,Clostridia,Oscillospirales,Ruminococcaceae,Incertae_Sedis,None,0.0038948393378773127
Bacteria,Firmicutes,Clostridia,Oscillospirales,Oscillospiraceae,NK4A214_group,None,Bacteria,Firmicutes,Clostridia,Oscillospirales,Ruminococcaceae,Negativibacillus,None,0.0038948393378773127
Bacteria,Firmicutes,Clostridia,Oscillospirales,Oscillospiraceae,NK4A214_group,None,Bacteria,Firmicutes,Clostridia,Oscillospirales,Ruminococcaceae,Ruminococcus,Ruminococcus_champanellensis,0.004868549172346641
Bacteria,Firmicutes,Clostridia,Oscillospirales,Oscillospiraceae,NK4A214_group,None,Bacteria,Firmicutes,Clostridia,Oscillospirales,Ruminococcaceae,Ruminococcus,None,0.0038948393378773127
Bacteria,Firmicutes,Clostridia,Oscillospirales,Oscillospiraceae,NK4A214_group,None,Bacteria,Firmicutes,Clostridia,Oscillospirales,Ruminococcaceae,Subdoligranulum,None,0.0038948393378773127
Bacteria,Firmicutes,Clostridia,Oscillospirales,Oscillospiraceae,NK4A214_group,None,Bacteria,Firmicutes,Clostridia,Oscillospirales,Ruminococcaceae,UBA1819,None,0.0038948393378773127
Bacteria,Firmicutes,Clostridia,Oscillospirales,Oscillospiraceae,NK4A214_group,None,Bacteria,Firmicutes,Clostridia,Oscillospirales,Ruminococcaceae,Eubacterium_siraeum_group,None,0.0038948393378773127
Bacteria,Firmicutes,Clostridia,Oscillospirales,Oscillospiraceae,NK4A214_group,None,Bacteria,Firmicutes,Clostridia,Oscillospirales,Ruminococcaceae,None,None,0.0029211295034079843
Bacteria,Firmicutes,Clostridia,Oscillospirales,Oscillospiraceae,NK4A214_group,None,Bacteria,Firmicutes,Clostridia,Oscillospirales,UCG-010,None,None,0.0029211295034079843
Bacteria,Firmicutes,Clostridia,Oscillospirales,Oscillospiraceae,NK4A214_group,None,Bacteria,Firmicutes,Clostridia,Oscillospirales,UCG-010,metagenome,None,0.0038948393378773127
Bacteria,Firmicutes,Clostridia,Oscillospirales,Oscillospiraceae,NK4A214_group,None,Bacteria,Firmicutes,Clostridia,Oscillospirales,UCG-010,uncultured_bacterium,None,0.0038948393378773127
Bacteria,Firmicutes,Clostridia,Oscillospirales,Oscillospiraceae,NK4A214_group,None,Bacteria,Firmicutes,Clostridia,Oscillospirales,UCG-010,uncultured_organism,None,0.0038948393378773127
Bacteria,Firmicutes,Clostridia,Oscillospirales,Oscillospiraceae,NK4A214_group,None,Bacteria,Firmicutes,Clostridia,Oscillospirales,Clostridium_methylpentosum_group,None,None,0.0029211295034079843
Bacteria,Firmicutes,Clostridia,Oscillospirales,Oscillospiraceae,NK4A214_group,None,Bacteria,Firmicutes,Clostridia,Oscillospirales,Eubacterium_coprostanoligenes_group,None,None,0.0029211295034079843
Bacteria,Firmicutes,Clostridia,Oscillospirales,Oscillospiraceae,NK4A214_group,None,Bacteria,Firmicutes,Clostridia,Oscillospirales,None,None,None,0.0029211295034079843
Bacteria,Firmicutes,Clostridia,Oscillospirales,Oscillospiraceae,NK4A214_group,None,Bacteria,Firmicutes,Clostridia,Peptococcales,Peptococcaceae,uncultured,None,0.005842259006815969
Bacteria,Firmicutes,Clostridia,Oscillospirales,Oscillospiraceae,NK4A214_group,None,Bacteria,Firmicutes,Clostridia,Peptostreptococcales-Tissierellales,Anaerovoracaceae,Family_XIII_AD3011_group,metagenome,0.006815968841285297
Bacteria,Firmicutes,Clostridia,Oscillospirales,Oscillospiraceae,NK4A214_group,None,Bacteria,Firmicutes,Clostridia,Peptostreptococcales-Tissierellales,Anaerovoracaceae,Family_XIII_AD3011_group,None,0.005842259006815969
Bacteria,Firmicutes,Clostridia,Oscillospirales,Oscillospiraceae,NK4A214_group,None,Bacteria,Firmicutes,Clostridia,Peptostreptococcales-Tissierellales,Anaerovoracaceae,Family_XIII_AD3011_group,uncultured,0.006815968841285297
Bacteria,Firmicutes,Clostridia,Oscillospirales,Oscillospiraceae,NK4A214_group,None,Bacteria,Firmicutes,Clostridia,Peptostreptococcales-Tissierellales,Anaerovoracaceae,Family_XIII_UCG-001,metagenome,0.006815968841285297
Bacteria,Firmicutes,Clostridia,Oscillospirales,Oscillospiraceae,NK4A214_group,None,Bacteria,Firmicutes,Clostridia,Peptostreptococcales-Tissierellales,Anaerovoracaceae,Eubacterium_nodatum_group,None,0.005842259006815969
Bacteria,Firmicutes,Clostridia,Oscillospirales,Oscillospiraceae,NK4A214_group,None,Bacteria,Firmicutes,Clostridia,Peptostreptococcales-Tissierellales,Anaerovoracaceae,None,None,0.004868549172346641
Bacteria,Firmicutes,Clostridia,Oscillospirales,Oscillospiraceae,NK4A214_group,None,Bacteria,Firmicutes,Clostridia,Peptostreptococcales-Tissierellales,Parvimonas,None,None,0.004868549172346641
Bacteria,Firmicutes,Clostridia,Oscillospirales,Oscillospiraceae,NK4A214_group,None,Bacteria,Firmicutes,Clostridia,None,None,None,None,0.0029211295034079843
Bacteria,Firmicutes,Clostridia,Oscillospirales,Oscillospiraceae,NK4A214_group,None,Bacteria,Firmicutes,Incertae_Sedis,DTU014,unidentified,None,None,0.006815968841285297
Bacteria,Firmicutes,Clostridia,Oscillospirales,Oscillospiraceae,NK4A214_group,None,Bacteria,Firmicutes,Limnochordia,M55-D21,uncultured_compost_bacterium,None,None,0.006815968841285297
Bacteria,Firmicutes,Clostridia,Oscillospirales,Oscillospiraceae,NK4A214_group,None,Bacteria,Firmicutes,Negativicutes,Acidaminococcales,Acidaminococcaceae,Phascolarctobacterium,None,0.007789678675754625
Bacteria,Firmicutes,Clostridia,Oscillospirales,Oscillospiraceae,NK4A214_group,None,Bacteria,Firmicutes,None,None,None,None,None,0.0038948393378773127
Bacteria,Firmicutes,Clostridia,Oscillospirales,Oscillospiraceae,NK4A214_group,None,Bacteria,Firmicutes,uncultured,uncultured_Peptococcaceae_bacterium,None,None,None,0.005842259006815969
Bacteria,Firmicutes,Clostridia,Oscillospirales,Oscillospiraceae,NK4A214_group,None,Bacteria,Proteobacteria,Alphaproteobacteria,Rhodospirillales,uncultured,None,None,0.008763388510223954
Bacteria,Firmicutes,Clostridia,Oscillospirales,Oscillospiraceae,NK4A214_group,None,Bacteria,Proteobacteria,Gammaproteobacteria,Burkholderiales,Sutterellaceae,Sutterella,Sutterella_sp._252,0.010710808179162609
Bacteria,Firmicutes,Clostridia,Oscillospirales,Oscillospiraceae,NK4A214_group,None,Bacteria,Proteobacteria,Gammaproteobacteria,Enterobacterales,Enterobacteriaceae,Escherichia-Shigella,None,0.009737098344693282
Bacteria,Firmicutes,Clostridia,Oscillospirales,Oscillospiraceae,NK4A214_group,None,Bacteria,Proteobacteria,Gammaproteobacteria,Enterobacterales,Enterobacteriaceae,Klebsiella,None,0.009737098344693282
Bacteria,Firmicutes,Clostridia,Oscillospirales,Oscillospiraceae,NK4A214_group,None,Bacteria,Proteobacteria,Gammaproteobacteria,Enterobacterales,Enterobacteriaceae,None,None,0.008763388510223954
Bacteria,Firmicutes,Clostridia,Oscillospirales,Oscillospiraceae,NK4A214_group,None,Bacteria,Proteobacteria,Gammaproteobacteria,Pseudomonadales,Pseudomonadaceae,Pseudomonas,None,0.009737098344693282
Bacteria,Firmicutes,Clostridia,Oscillospirales,Oscillospiraceae,NK4A214_group,None,Bacteria,Synergistota,Synergistia,Synergistales,Synergistaceae,Cloacibacillus,None,0.009737098344693282
Bacteria,Firmicutes,Clostridia,Oscillospirales,Oscillospiraceae,NK4A214_group,None,Bacteria,Verrucomicrobiota,Verrucomicrobiae,Verrucomicrobiales,Akkermansiaceae,Akkermansia,None,0.009737098344693282
Bacteria,Firmicutes,Clostridia,Oscillospirales,Oscillospiraceae,Oscillibacter,None,Bacteria,Firmicutes,Clostridia,Oscillospirales,Oscillospiraceae,Oscillibacter,metagenome,0.0009737098344693282
Bacteria,Firmicutes,Clostridia,Oscillospirales,Oscillospiraceae,Oscillibacter,None,Bacteria,Firmicutes,Clostridia,Oscillospirales,Oscillospiraceae,Oscillospira,None,0.0019474196689386564
Bacteria,Firmicutes,Clostridia,Oscillospirales,Oscillospiraceae,Oscillibacter,None,Bacteria,Firmicutes,Clostridia,Oscillospirales,Oscillospiraceae,UCG-002,None,0.0019474196689386564
Bacteria,Firmicutes,Clostridia,Oscillospirales,Oscillospiraceae,Oscillibacter,None,Bacteria,Firmicutes,Clostridia,Oscillospirales,Oscillospiraceae,UCG-003,None,0.0019474196689386564
Bacteria,Firmicutes,Clostridia,Oscillospirales,Oscillospiraceae,Oscillibacter,None,Bacteria,Firmicutes,Clostridia,Oscillospirales,Oscillospiraceae,UCG-005,None,0.0019474196689386564
Bacteria,Firmicutes,Clostridia,Oscillospirales,Oscillospiraceae,Oscillibacter,None,Bacteria,Firmicutes,Clostridia,Oscillospirales,Oscillospiraceae,UCG-005,metagenome,0.0029211295034079843
Bacteria,Firmicutes,Clostridia,Oscillospirales,Oscillospiraceae,Oscillibacter,None,Bacteria,Firmicutes,Clostridia,Oscillospirales,Oscillospiraceae,UCG-005,uncultured_Clostridiales_bacterium,0.0029211295034079843
Bacteria,Firmicutes,Clostridia,Oscillospirales,Oscillospiraceae,Oscillibacter,None,Bacteria,Firmicutes,Clostridia,Oscillospirales,Oscillospiraceae,UCG-005,uncultured_rumen_bacterium,0.0029211295034079843
Bacteria,Firmicutes,Clostridia,Oscillospirales,Oscillospiraceae,Oscillibacter,None,Bacteria,Firmicutes,Clostridia,Oscillospirales,Oscillospiraceae,None,None,0.0019474196689386564
Bacteria,Firmicutes,Clostridia,Oscillospirales,Oscillospiraceae,Oscillibacter,None,Bacteria,Firmicutes,Clostridia,Oscillospirales,Oscillospiraceae,uncultured,metagenome,0.0029211295034079843
Bacteria,Firmicutes,Clostridia,Oscillospirales,Oscillospiraceae,Oscillibacter,None,Bacteria,Firmicutes,Clostridia,Oscillospirales,Oscillospiraceae,uncultured,unidentified,0.0029211295034079843
Bacteria,Firmicutes,Clostridia,Oscillospirales,Oscillospiraceae,Oscillibacter,None,Bacteria,Firmicutes,Clostridia,Oscillospirales,Ruminococcaceae,Anaerofilum,uncultured_Firmicutes_bacterium,0.004868549172346641
Bacteria,Firmicutes,Clostridia,Oscillospirales,Oscillospiraceae,Oscillibacter,None,Bacteria,Firmicutes,Clostridia,Oscillospirales,Ruminococcaceae,Anaerotruncus,Anaerotruncus_rubiinfantis,0.004868549172346641
Bacteria,Firmicutes,Clostridia,Oscillospirales,Oscillospiraceae,Oscillibacter,None,Bacteria,Firmicutes,Clostridia,Oscillospirales,Ruminococcaceae,Anaerotruncus,Anaerotruncus_sp._NML_070203,0.004868549172346641
Bacteria,Firmicutes,Clostridia,Oscillospirales,Oscillospiraceae,Oscillibacter,None,Bacteria,Firmicutes,Clostridia,Oscillospirales,Ruminococcaceae,Candidatus_Soleaferrea,Neobitarella_massiliensis,0.004868549172346641
Bacteria,Firmicutes,Clostridia,Oscillospirales,Oscillospiraceae,Oscillibacter,None,Bacteria,Firmicutes,Clostridia,Oscillospirales,Ruminococcaceae,Candidatus_Soleaferrea,None,0.0038948393378773127
Bacteria,Firmicutes,Clostridia,Oscillospirales,Oscillospiraceae,Oscillibacter,None,Bacteria,Firmicutes,Clostridia,Oscillospirales,Ruminococcaceae,DTU089,None,0.0038948393378773127
Bacteria,Firmicutes,Clostridia,Oscillospirales,Oscillospiraceae,Oscillibacter,None,Bacteria,Firmicutes,Clostridia,Oscillospirales,Ruminococcaceae,Faecalibacterium,None,0.0038948393378773127
Bacteria,Firmicutes,Clostridia,Oscillospirales,Oscillospiraceae,Oscillibacter,None,Bacteria,Firmicutes,Clostridia,Oscillospirales,Ruminococcaceae,Fournierella,uncultured_organism,0.004868549172346641
Bacteria,Firmicutes,Clostridia,Oscillospirales,Oscillospiraceae,Oscillibacter,None,Bacteria,Firmicutes,Clostridia,Oscillospirales,Ruminococcaceae,Incertae_Sedis,metagenome,0.004868549172346641
Bacteria,Firmicutes,Clostridia,Oscillospirales,Oscillospiraceae,Oscillibacter,None,Bacteria,Firmicutes,Clostridia,Oscillospirales,Ruminococcaceae,Incertae_Sedis,None,0.0038948393378773127
Bacteria,Firmicutes,Clostridia,Oscillospirales,Oscillospiraceae,Oscillibacter,None,Bacteria,Firmicutes,Clostridia,Oscillospirales,Ruminococcaceae,Negativibacillus,None,0.0038948393378773127
Bacteria,Firmicutes,Clostridia,Oscillospirales,Oscillospiraceae,Oscillibacter,None,Bacteria,Firmicutes,Clostridia,Oscillospirales,Ruminococcaceae,Ruminococcus,Ruminococcus_champanellensis,0.004868549172346641
Bacteria,Firmicutes,Clostridia,Oscillospirales,Oscillospiraceae,Oscillibacter,None,Bacteria,Firmicutes,Clostridia,Oscillospirales,Ruminococcaceae,Ruminococcus,None,0.0038948393378773127
Bacteria,Firmicutes,Clostridia,Oscillospirales,Oscillospiraceae,Oscillibacter,None,Bacteria,Firmicutes,Clostridia,Oscillospirales,Ruminococcaceae,Subdoligranulum,None,0.0038948393378773127
Bacteria,Firmicutes,Clostridia,Oscillospirales,Oscillospiraceae,Oscillibacter,None,Bacteria,Firmicutes,Clostridia,Oscillospirales,Ruminococcaceae,UBA1819,None,0.0038948393378773127
Bacteria,Firmicutes,Clostridia,Oscillospirales,Oscillospiraceae,Oscillibacter,None,Bacteria,Firmicutes,Clostridia,Oscillospirales,Ruminococcaceae,Eubacterium_siraeum_group,None,0.0038948393378773127
Bacteria,Firmicutes,Clostridia,Oscillospirales,Oscillospiraceae,Oscillibacter,None,Bacteria,Firmicutes,Clostridia,Oscillospirales,Ruminococcaceae,None,None,0.0029211295034079843
Bacteria,Firmicutes,Clostridia,Oscillospirales,Oscillospiraceae,Oscillibacter,None,Bacteria,Firmicutes,Clostridia,Oscillospirales,UCG-010,None,None,0.0029211295034079843
Bacteria,Firmicutes,Clostridia,Oscillospirales,Oscillospiraceae,Oscillibacter,None,Bacteria,Firmicutes,Clostridia,Oscillospirales,UCG-010,metagenome,None,0.0038948393378773127
Bacteria,Firmicutes,Clostridia,Oscillospirales,Oscillospiraceae,Oscillibacter,None,Bacteria,Firmicutes,Clostridia,Oscillospirales,UCG-010,uncultured_bacterium,None,0.0038948393378773127
Bacteria,Firmicutes,Clostridia,Oscillospirales,Oscillospiraceae,Oscillibacter,None,Bacteria,Firmicutes,Clostridia,Oscillospirales,UCG-010,uncultured_organism,None,0.0038948393378773127
Bacteria,Firmicutes,Clostridia,Oscillospirales,Oscillospiraceae,Oscillibacter,None,Bacteria,Firmicutes,Clostridia,Oscillospirales,Clostridium_methylpentosum_group,None,None,0.0029211295034079843
Bacteria,Firmicutes,Clostridia,Oscillospirales,Oscillospiraceae,Oscillibacter,None,Bacteria,Firmicutes,Clostridia,Oscillospirales,Eubacterium_coprostanoligenes_group,None,None,0.0029211295034079843
Bacteria,Firmicutes,Clostridia,Oscillospirales,Oscillospiraceae,Oscillibacter,None,Bacteria,Firmicutes,Clostridia,Oscillospirales,None,None,None,0.0029211295034079843
Bacteria,Firmicutes,Clostridia,Oscillospirales,Oscillospiraceae,Oscillibacter,None,Bacteria,Firmicutes,Clostridia,Peptococcales,Peptococcaceae,uncultured,None,0.005842259006815969
Bacteria,Firmicutes,Clostridia,Oscillospirales,Oscillospiraceae,Oscillibacter,None,Bacteria,Firmicutes,Clostridia,Peptostreptococcales-Tissierellales,Anaerovoracaceae,Family_XIII_AD3011_group,metagenome,0.006815968841285297
Bacteria,Firmicutes,Clostridia,Oscillospirales,Oscillospiraceae,Oscillibacter,None,Bacteria,Firmicutes,Clostridia,Peptostreptococcales-Tissierellales,Anaerovoracaceae,Family_XIII_AD3011_group,None,0.005842259006815969
Bacteria,Firmicutes,Clostridia,Oscillospirales,Oscillospiraceae,Oscillibacter,None,Bacteria,Firmicutes,Clostridia,Peptostreptococcales-Tissierellales,Anaerovoracaceae,Family_XIII_AD3011_group,uncultured,0.006815968841285297
Bacteria,Firmicutes,Clostridia,Oscillospirales,Oscillospiraceae,Oscillibacter,None,Bacteria,Firmicutes,Clostridia,Peptostreptococcales-Tissierellales,Anaerovoracaceae,Family_XIII_UCG-001,metagenome,0.006815968841285297
Bacteria,Firmicutes,Clostridia,Oscillospirales,Oscillospiraceae,Oscillibacter,None,Bacteria,Firmicutes,Clostridia,Peptostreptococcales-Tissierellales,Anaerovoracaceae,Eubacterium_nodatum_group,None,0.005842259006815969
Bacteria,Firmicutes,Clostridia,Oscillospirales,Oscillospiraceae,Oscillibacter,None,Bacteria,Firmicutes,Clostridia,Peptostreptococcales-Tissierellales,Anaerovoracaceae,None,None,0.004868549172346641
Bacteria,Firmicutes,Clostridia,Oscillospirales,Oscillospiraceae,Oscillibacter,None,Bacteria,Firmicutes,Clostridia,Peptostreptococcales-Tissierellales,Parvimonas,None,None,0.004868549172346641
Bacteria,Firmicutes,Clostridia,Oscillospirales,Oscillospiraceae,Oscillibacter,None,Bacteria,Firmicutes,Clostridia,None,None,None,None,0.0029211295034079843
Bacteria,Firmicutes,Clostridia,Oscillospirales,Oscillospiraceae,Oscillibacter,None,Bacteria,Firmicutes,Incertae_Sedis,DTU014,unidentified,None,None,0.006815968841285297
Bacteria,Firmicutes,Clostridia,Oscillospirales,Oscillospiraceae,Oscillibacter,None,Bacteria,Firmicutes,Limnochordia,M55-D21,uncultured_compost_bacterium,None,None,0.006815968841285297
Bacteria,Firmicutes,Clostridia,Oscillospirales,Oscillospiraceae,Oscillibacter,None,Bacteria,Firmicutes,Negativicutes,Acidaminococcales,Acidaminococcaceae,Phascolarctobacterium,None,0.007789678675754625
Bacteria,Firmicutes,Clostridia,Oscillospirales,Oscillospiraceae,Oscillibacter,None,Bacteria,Firmicutes,None,None,None,None,None,0.0038948393378773127
Bacteria,Firmicutes,Clostridia,Oscillospirales,Oscillospiraceae,Oscillibacter,None,Bacteria,Firmicutes,uncultured,uncultured_Peptococcaceae_bacterium,None,None,None,0.005842259006815969
Bacteria,Firmicutes,Clostridia,Oscillospirales,Oscillospiraceae,Oscillibacter,None,Bacteria,Proteobacteria,Alphaproteobacteria,Rhodospirillales,uncultured,None,None,0.008763388510223954
Bacteria,Firmicutes,Clostridia,Oscillospirales,Oscillospiraceae,Oscillibacter,None,Bacteria,Proteobacteria,Gammaproteobacteria,Burkholderiales,Sutterellaceae,Sutterella,Sutterella_sp._252,0.010710808179162609
Bacteria,Firmicutes,Clostridia,Oscillospirales,Oscillospiraceae,Oscillibacter,None,Bacteria,Proteobacteria,Gammaproteobacteria,Enterobacterales,Enterobacteriaceae,Escherichia-Shigella,None,0.009737098344693282
Bacteria,Firmicutes,Clostridia,Oscillospirales,Oscillospiraceae,Oscillibacter,None,Bacteria,Proteobacteria,Gammaproteobacteria,Enterobacterales,Enterobacteriaceae,Klebsiella,None,0.009737098344693282
Bacteria,Firmicutes,Clostridia,Oscillospirales,Oscillospiraceae,Oscillibacter,None,Bacteria,Proteobacteria,Gammaproteobacteria,Enterobacterales,Enterobacteriaceae,None,None,0.008763388510223954
Bacteria,Firmicutes,Clostridia,Oscillospirales,Oscillospiraceae,Oscillibacter,None,Bacteria,Proteobacteria,Gammaproteobacteria,Pseudomonadales,Pseudomonadaceae,Pseudomonas,None,0.009737098344693282
Bacteria,Firmicutes,Clostridia,Oscillospirales,Oscillospiraceae,Oscillibacter,None,Bacteria,Synergistota,Synergistia,Synergistales,Synergistaceae,Cloacibacillus,None,0.009737098344693282
Bacteria,Firmicutes,Clostridia,Oscillospirales,Oscillospiraceae,Oscillibacter,None,Bacteria,Verrucomicrobiota,Verrucomicrobiae,Verrucomicrobiales,Akkermansiaceae,Akkermansia,None,0.009737098344693282
Bacteria,Firmicutes,Clostridia,Oscillospirales,Oscillospiraceae,Oscillibacter,metagenome,Bacteria,Firmicutes,Clostridia,Oscillospirales,Oscillospiraceae,Oscillospira,None,0.0029211295034079843
Bacteria,Firmicutes,Clostridia,Oscillospirales,Oscillospiraceae,Oscillibacter,metagenome,Bacteria,Firmicutes,Clostridia,Oscillospirales,Oscillospiraceae,UCG-002,None,0.0029211295034079843
Bacteria,Firmicutes,Clostridia,Oscillospirales,Oscillospiraceae,Oscillibacter,metagenome,Bacteria,Firmicutes,Clostridia,Oscillospirales,Oscillospiraceae,UCG-003,None,0.0029211295034079843
Bacteria,Firmicutes,Clostridia,Oscillospirales,Oscillospiraceae,Oscillibacter,metagenome,Bacteria,Firmicutes,Clostridia,Oscillospirales,Oscillospiraceae,UCG-005,None,0.0029211295034079843
Bacteria,Firmicutes,Clostridia,Oscillospirales,Oscillospiraceae,Oscillibacter,metagenome,Bacteria,Firmicutes,Clostridia,Oscillospirales,Oscillospiraceae,UCG-005,metagenome,0.0038948393378773127
Bacteria,Firmicutes,Clostridia,Oscillospirales,Oscillospiraceae,Oscillibacter,metagenome,Bacteria,Firmicutes,Clostridia,Oscillospirales,Oscillospiraceae,UCG-005,uncultured_Clostridiales_bacterium,0.0038948393378773127
Bacteria,Firmicutes,Clostridia,Oscillospirales,Oscillospiraceae,Oscillibacter,metagenome,Bacteria,Firmicutes,Clostridia,Oscillospirales,Oscillospiraceae,UCG-005,uncultured_rumen_bacterium,0.0038948393378773127
Bacteria,Firmicutes,Clostridia,Oscillospirales,Oscillospiraceae,Oscillibacter,metagenome,Bacteria,Firmicutes,Clostridia,Oscillospirales,Oscillospiraceae,None,None,0.0029211295034079843
Bacteria,Firmicutes,Clostridia,Oscillospirales,Oscillospiraceae,Oscillibacter,metagenome,Bacteria,Firmicutes,Clostridia,Oscillospirales,Oscillospiraceae,uncultured,metagenome,0.0038948393378773127
Bacteria,Firmicutes,Clostridia,Oscillospirales,Oscillospiraceae,Oscillibacter,metagenome,Bacteria,Firmicutes,Clostridia,Oscillospirales,Oscillospiraceae,uncultured,unidentified,0.0038948393378773127
Bacteria,Firmicutes,Clostridia,Oscillospirales,Oscillospiraceae,Oscillibacter,metagenome,Bacteria,Firmicutes,Clostridia,Oscillospirales,Ruminococcaceae,Anaerofilum,uncultured_Firmicutes_bacterium,0.005842259006815969
Bacteria,Firmicutes,Clostridia,Oscillospirales,Oscillospiraceae,Oscillibacter,metagenome,Bacteria,Firmicutes,Clostridia,Oscillospirales,Ruminococcaceae,Anaerotruncus,Anaerotruncus_rubiinfantis,0.005842259006815969
Bacteria,Firmicutes,Clostridia,Oscillospirales,Oscillospiraceae,Oscillibacter,metagenome,Bacteria,Firmicutes,Clostridia,Oscillospirales,Ruminococcaceae,Anaerotruncus,Anaerotruncus_sp._NML_070203,0.005842259006815969
Bacteria,Firmicutes,Clostridia,Oscillospirales,Oscillospiraceae,Oscillibacter,metagenome,Bacteria,Firmicutes,Clostridia,Oscillospirales,Ruminococcaceae,Candidatus_Soleaferrea,Neobitarella_massiliensis,0.005842259006815969
Bacteria,Firmicutes,Clostridia,Oscillospirales,Oscillospiraceae,Oscillibacter,metagenome,Bacteria,Firmicutes,Clostridia,Oscillospirales,Ruminococcaceae,Candidatus_Soleaferrea,None,0.004868549172346641
Bacteria,Firmicutes,Clostridia,Oscillospirales,Oscillospiraceae,Oscillibacter,metagenome,Bacteria,Firmicutes,Clostridia,Oscillospirales,Ruminococcaceae,DTU089,None,0.004868549172346641
Bacteria,Firmicutes,Clostridia,Oscillospirales,Oscillospiraceae,Oscillibacter,metagenome,Bacteria,Firmicutes,Clostridia,Oscillospirales,Ruminococcaceae,Faecalibacterium,None,0.004868549172346641
Bacteria,Firmicutes,Clostridia,Oscillospirales,Oscillospiraceae,Oscillibacter,metagenome,Bacteria,Firmicutes,Clostridia,Oscillospirales,Ruminococcaceae,Fournierella,uncultured_organism,0.005842259006815969
Bacteria,Firmicutes,Clostridia,Oscillospirales,Oscillospiraceae,Oscillibacter,metagenome,Bacteria,Firmicutes,Clostridia,Oscillospirales,Ruminococcaceae,Incertae_Sedis,metagenome,0.005842259006815969
Bacteria,Firmicutes,Clostridia,Oscillospirales,Oscillospiraceae,Oscillibacter,metagenome,Bacteria,Firmicutes,Clostridia,Oscillospirales,Ruminococcaceae,Incertae_Sedis,None,0.004868549172346641
Bacteria,Firmicutes,Clostridia,Oscillospirales,Oscillospiraceae,Oscillibacter,metagenome,Bacteria,Firmicutes,Clostridia,Oscillospirales,Ruminococcaceae,Negativibacillus,None,0.004868549172346641
Bacteria,Firmicutes,Clostridia,Oscillospirales,Oscillospiraceae,Oscillibacter,metagenome,Bacteria,Firmicutes,Clostridia,Oscillospirales,Ruminococcaceae,Ruminococcus,Ruminococcus_champanellensis,0.005842259006815969
Bacteria,Firmicutes,Clostridia,Oscillospirales,Oscillospiraceae,Oscillibacter,metagenome,Bacteria,Firmicutes,Clostridia,Oscillospirales,Ruminococcaceae,Ruminococcus,None,0.004868549172346641
Bacteria,Firmicutes,Clostridia,Oscillospirales,Oscillospiraceae,Oscillibacter,metagenome,Bacteria,Firmicutes,Clostridia,Oscillospirales,Ruminococcaceae,Subdoligranulum,None,0.004868549172346641
Bacteria,Firmicutes,Clostridia,Oscillospirales,Oscillospiraceae,Oscillibacter,metagenome,Bacteria,Firmicutes,Clostridia,Oscillospirales,Ruminococcaceae,UBA1819,None,0.004868549172346641
Bacteria,Firmicutes,Clostridia,Oscillospirales,Oscillospiraceae,Oscillibacter,metagenome,Bacteria,Firmicutes,Clostridia,Oscillospirales,Ruminococcaceae,Eubacterium_siraeum_group,None,0.004868549172346641
Bacteria,Firmicutes,Clostridia,Oscillospirales,Oscillospiraceae,Oscillibacter,metagenome,Bacteria,Firmicutes,Clostridia,Oscillospirales,Ruminococcaceae,None,None,0.0038948393378773127
Bacteria,Firmicutes,Clostridia,Oscillospirales,Oscillospiraceae,Oscillibacter,metagenome,Bacteria,Firmicutes,Clostridia,Oscillospirales,UCG-010,None,None,0.0038948393378773127
Bacteria,Firmicutes,Clostridia,Oscillospirales,Oscillospiraceae,Oscillibacter,metagenome,Bacteria,Firmicutes,Clostridia,Oscillospirales,UCG-010,metagenome,None,0.004868549172346641
Bacteria,Firmicutes,Clostridia,Oscillospirales,Oscillospiraceae,Oscillibacter,metagenome,Bacteria,Firmicutes,Clostridia,Oscillospirales,UCG-010,uncultured_bacterium,None,0.004868549172346641
Bacteria,Firmicutes,Clostridia,Oscillospirales,Oscillospiraceae,Oscillibacter,metagenome,Bacteria,Firmicutes,Clostridia,Oscillospirales,UCG-010,uncultured_organism,None,0.004868549172346641
Bacteria,Firmicutes,Clostridia,Oscillospirales,Oscillospiraceae,Oscillibacter,metagenome,Bacteria,Firmicutes,Clostridia,Oscillospirales,Clostridium_methylpentosum_group,None,None,0.0038948393378773127
Bacteria,Firmicutes,Clostridia,Oscillospirales,Oscillospiraceae,Oscillibacter,metagenome,Bacteria,Firmicutes,Clostridia,Oscillospirales,Eubacterium_coprostanoligenes_group,None,None,0.0038948393378773127
Bacteria,Firmicutes,Clostridia,Oscillospirales,Oscillospiraceae,Oscillibacter,metagenome,Bacteria,Firmicutes,Clostridia,Oscillospirales,None,None,None,0.0038948393378773127
Bacteria,Firmicutes,Clostridia,Oscillospirales,Oscillospiraceae,Oscillibacter,metagenome,Bacteria,Firmicutes,Clostridia,Peptococcales,Peptococcaceae,uncultured,None,0.006815968841285297
Bacteria,Firmicutes,Clostridia,Oscillospirales,Oscillospiraceae,Oscillibacter,metagenome,Bacteria,Firmicutes,Clostridia,Peptostreptococcales-Tissierellales,Anaerovoracaceae,Family_XIII_AD3011_group,metagenome,0.007789678675754625
Bacteria,Firmicutes,Clostridia,Oscillospirales,Oscillospiraceae,Oscillibacter,metagenome,Bacteria,Firmicutes,Clostridia,Peptostreptococcales-Tissierellales,Anaerovoracaceae,Family_XIII_AD3011_group,None,0.006815968841285297
Bacteria,Firmicutes,Clostridia,Oscillospirales,Oscillospiraceae,Oscillibacter,metagenome,Bacteria,Firmicutes,Clostridia,Peptostreptococcales-Tissierellales,Anaerovoracaceae,Family_XIII_AD3011_group,uncultured,0.007789678675754625
Bacteria,Firmicutes,Clostridia,Oscillospirales,Oscillospiraceae,Oscillibacter,metagenome,Bacteria,Firmicutes,Clostridia,Peptostreptococcales-Tissierellales,Anaerovoracaceae,Family_XIII_UCG-001,metagenome,0.007789678675754625
Bacteria,Firmicutes,Clostridia,Oscillospirales,Oscillospiraceae,Oscillibacter,metagenome,Bacteria,Firmicutes,Clostridia,Peptostreptococcales-Tissierellales,Anaerovoracaceae,Eubacterium_nodatum_group,None,0.006815968841285297
Bacteria,Firmicutes,Clostridia,Oscillospirales,Oscillospiraceae,Oscillibacter,metagenome,Bacteria,Firmicutes,Clostridia,Peptostreptococcales-Tissierellales,Anaerovoracaceae,None,None,0.005842259006815969
Bacteria,Firmicutes,Clostridia,Oscillospirales,Oscillospiraceae,Oscillibacter,metagenome,Bacteria,Firmicutes,Clostridia,Peptostreptococcales-Tissierellales,Parvimonas,None,None,0.005842259006815969
Bacteria,Firmicutes,Clostridia,Oscillospirales,Oscillospiraceae,Oscillibacter,metagenome,Bacteria,Firmicutes,Clostridia,None,None,None,None,0.0038948393378773127
Bacteria,Firmicutes,Clostridia,Oscillospirales,Oscillospiraceae,Oscillibacter,metagenome,Bacteria,Firmicutes,Incertae_Sedis,DTU014,unidentified,None,None,0.007789678675754625
Bacteria,Firmicutes,Clostridia,Oscillospirales,Oscillospiraceae,Oscillibacter,metagenome,Bacteria,Firmicutes,Limnochordia,M55-D21,uncultured_compost_bacterium,None,None,0.007789678675754625
Bacteria,Firmicutes,Clostridia,Oscillospirales,Oscillospiraceae,Oscillibacter,metagenome,Bacteria,Firmicutes,Negativicutes,Acidaminococcales,Acidaminococcaceae,Phascolarctobacterium,None,0.008763388510223954
Bacteria,Firmicutes,Clostridia,Oscillospirales,Oscillospiraceae,Oscillibacter,metagenome,Bacteria,Firmicutes,None,None,None,None,None,0.004868549172346641
Bacteria,Firmicutes,Clostridia,Oscillospirales,Oscillospiraceae,Oscillibacter,metagenome,Bacteria,Firmicutes,uncultured,uncultured_Peptococcaceae_bacterium,None,None,None,0.006815968841285297
Bacteria,Firmicutes,Clostridia,Oscillospirales,Oscillospiraceae,Oscillibacter,metagenome,Bacteria,Proteobacteria,Alphaproteobacteria,Rhodospirillales,uncultured,None,None,0.009737098344693282
Bacteria,Firmicutes,Clostridia,Oscillospirales,Oscillospiraceae,Oscillibacter,metagenome,Bacteria,Proteobacteria,Gammaproteobacteria,Burkholderiales,Sutterellaceae,Sutterella,Sutterella_sp._252,0.011684518013631937
Bacteria,Firmicutes,Clostridia,Oscillospirales,Oscillospiraceae,Oscillibacter,metagenome,Bacteria,Proteobacteria,Gammaproteobacteria,Enterobacterales,Enterobacteriaceae,Escherichia-Shigella,None,0.010710808179162609
Bacteria,Firmicutes,Clostridia,Oscillospirales,Oscillospiraceae,Oscillibacter,metagenome,Bacteria,Proteobacteria,Gammaproteobacteria,Enterobacterales,Enterobacteriaceae,Klebsiella,None,0.010710808179162609
Bacteria,Firmicutes,Clostridia,Oscillospirales,Oscillospiraceae,Oscillibacter,metagenome,Bacteria,Proteobacteria,Gammaproteobacteria,Enterobacterales,Enterobacteriaceae,None,None,0.009737098344693282
Bacteria,Firmicutes,Clostridia,Oscillospirales,Oscillospiraceae,Oscillibacter,metagenome,Bacteria,Proteobacteria,Gammaproteobacteria,Pseudomonadales,Pseudomonadaceae,Pseudomonas,None,0.010710808179162609
Bacteria,Firmicutes,Clostridia,Oscillospirales,Oscillospiraceae,Oscillibacter,metagenome,Bacteria,Synergistota,Synergistia,Synergistales,Synergistaceae,Cloacibacillus,None,0.010710808179162609
Bacteria,Firmicutes,Clostridia,Oscillospirales,Oscillospiraceae,Oscillibacter,metagenome,Bacteria,Verrucomicrobiota,Verrucomicrobiae,Verrucomicrobiales,Akkermansiaceae,Akkermansia,None,0.010710808179162609
Bacteria,Firmicutes,Clostridia,Oscillospirales,Oscillospiraceae,Oscillospira,None,Bacteria,Firmicutes,Clostridia,Oscillospirales,Oscillospiraceae,UCG-002,None,0.0019474196689386564
Bacteria,Firmicutes,Clostridia,Oscillospirales,Oscillospiraceae,Oscillospira,None,Bacteria,Firmicutes,Clostridia,Oscillospirales,Oscillospiraceae,UCG-003,None,0.0019474196689386564
Bacteria,Firmicutes,Clostridia,Oscillospirales,Oscillospiraceae,Oscillospira,None,Bacteria,Firmicutes,Clostridia,Oscillospirales,Oscillospiraceae,UCG-005,None,0.0019474196689386564
Bacteria,Firmicutes,Clostridia,Oscillospirales,Oscillospiraceae,Oscillospira,None,Bacteria,Firmicutes,Clostridia,Oscillospirales,Oscillospiraceae,UCG-005,metagenome,0.0029211295034079843
Bacteria,Firmicutes,Clostridia,Oscillospirales,Oscillospiraceae,Oscillospira,None,Bacteria,Firmicutes,Clostridia,Oscillospirales,Oscillospiraceae,UCG-005,uncultured_Clostridiales_bacterium,0.0029211295034079843
Bacteria,Firmicutes,Clostridia,Oscillospirales,Oscillospiraceae,Oscillospira,None,Bacteria,Firmicutes,Clostridia,Oscillospirales,Oscillospiraceae,UCG-005,uncultured_rumen_bacterium,0.0029211295034079843
Bacteria,Firmicutes,Clostridia,Oscillospirales,Oscillospiraceae,Oscillospira,None,Bacteria,Firmicutes,Clostridia,Oscillospirales,Oscillospiraceae,None,None,0.0019474196689386564
Bacteria,Firmicutes,Clostridia,Oscillospirales,Oscillospiraceae,Oscillospira,None,Bacteria,Firmicutes,Clostridia,Oscillospirales,Oscillospiraceae,uncultured,metagenome,0.0029211295034079843
Bacteria,Firmicutes,Clostridia,Oscillospirales,Oscillospiraceae,Oscillospira,None,Bacteria,Firmicutes,Clostridia,Oscillospirales,Oscillospiraceae,uncultured,unidentified,0.0029211295034079843
Bacteria,Firmicutes,Clostridia,Oscillospirales,Oscillospiraceae,Oscillospira,None,Bacteria,Firmicutes,Clostridia,Oscillospirales,Ruminococcaceae,Anaerofilum,uncultured_Firmicutes_bacterium,0.004868549172346641
Bacteria,Firmicutes,Clostridia,Oscillospirales,Oscillospiraceae,Oscillospira,None,Bacteria,Firmicutes,Clostridia,Oscillospirales,Ruminococcaceae,Anaerotruncus,Anaerotruncus_rubiinfantis,0.004868549172346641
Bacteria,Firmicutes,Clostridia,Oscillospirales,Oscillospiraceae,Oscillospira,None,Bacteria,Firmicutes,Clostridia,Oscillospirales,Ruminococcaceae,Anaerotruncus,Anaerotruncus_sp._NML_070203,0.004868549172346641
Bacteria,Firmicutes,Clostridia,Oscillospirales,Oscillospiraceae,Oscillospira,None,Bacteria,Firmicutes,Clostridia,Oscillospirales,Ruminococcaceae,Candidatus_Soleaferrea,Neobitarella_massiliensis,0.004868549172346641
Bacteria,Firmicutes,Clostridia,Oscillospirales,Oscillospiraceae,Oscillospira,None,Bacteria,Firmicutes,Clostridia,Oscillospirales,Ruminococcaceae,Candidatus_Soleaferrea,None,0.0038948393378773127
Bacteria,Firmicutes,Clostridia,Oscillospirales,Oscillospiraceae,Oscillospira,None,Bacteria,Firmicutes,Clostridia,Oscillospirales,Ruminococcaceae,DTU089,None,0.0038948393378773127
Bacteria,Firmicutes,Clostridia,Oscillospirales,Oscillospiraceae,Oscillospira,None,Bacteria,Firmicutes,Clostridia,Oscillospirales,Ruminococcaceae,Faecalibacterium,None,0.0038948393378773127
Bacteria,Firmicutes,Clostridia,Oscillospirales,Oscillospiraceae,Oscillospira,None,Bacteria,Firmicutes,Clostridia,Oscillospirales,Ruminococcaceae,Fournierella,uncultured_organism,0.004868549172346641
Bacteria,Firmicutes,Clostridia,Oscillospirales,Oscillospiraceae,Oscillospira,None,Bacteria,Firmicutes,Clostridia,Oscillospirales,Ruminococcaceae,Incertae_Sedis,metagenome,0.004868549172346641
Bacteria,Firmicutes,Clostridia,Oscillospirales,Oscillospiraceae,Oscillospira,None,Bacteria,Firmicutes,Clostridia,Oscillospirales,Ruminococcaceae,Incertae_Sedis,None,0.0038948393378773127
Bacteria,Firmicutes,Clostridia,Oscillospirales,Oscillospiraceae,Oscillospira,None,Bacteria,Firmicutes,Clostridia,Oscillospirales,Ruminococcaceae,Negativibacillus,None,0.0038948393378773127
Bacteria,Firmicutes,Clostridia,Oscillospirales,Oscillospiraceae,Oscillospira,None,Bacteria,Firmicutes,Clostridia,Oscillospirales,Ruminococcaceae,Ruminococcus,Ruminococcus_champanellensis,0.004868549172346641
Bacteria,Firmicutes,Clostridia,Oscillospirales,Oscillospiraceae,Oscillospira,None,Bacteria,Firmicutes,Clostridia,Oscillospirales,Ruminococcaceae,Ruminococcus,None,0.0038948393378773127
Bacteria,Firmicutes,Clostridia,Oscillospirales,Oscillospiraceae,Oscillospira,None,Bacteria,Firmicutes,Clostridia,Oscillospirales,Ruminococcaceae,Subdoligranulum,None,0.0038948393378773127
Bacteria,Firmicutes,Clostridia,Oscillospirales,Oscillospiraceae,Oscillospira,None,Bacteria,Firmicutes,Clostridia,Oscillospirales,Ruminococcaceae,UBA1819,None,0.0038948393378773127
Bacteria,Firmicutes,Clostridia,Oscillospirales,Oscillospiraceae,Oscillospira,None,Bacteria,Firmicutes,Clostridia,Oscillospirales,Ruminococcaceae,Eubacterium_siraeum_group,None,0.0038948393378773127
Bacteria,Firmicutes,Clostridia,Oscillospirales,Oscillospiraceae,Oscillospira,None,Bacteria,Firmicutes,Clostridia,Oscillospirales,Ruminococcaceae,None,None,0.0029211295034079843
Bacteria,Firmicutes,Clostridia,Oscillospirales,Oscillospiraceae,Oscillospira,None,Bacteria,Firmicutes,Clostridia,Oscillospirales,UCG-010,None,None,0.0029211295034079843
Bacteria,Firmicutes,Clostridia,Oscillospirales,Oscillospiraceae,Oscillospira,None,Bacteria,Firmicutes,Clostridia,Oscillospirales,UCG-010,metagenome,None,0.0038948393378773127
Bacteria,Firmicutes,Clostridia,Oscillospirales,Oscillospiraceae,Oscillospira,None,Bacteria,Firmicutes,Clostridia,Oscillospirales,UCG-010,uncultured_bacterium,None,0.0038948393378773127
Bacteria,Firmicutes,Clostridia,Oscillospirales,Oscillospiraceae,Oscillospira,None,Bacteria,Firmicutes,Clostridia,Oscillospirales,UCG-010,uncultured_organism,None,0.0038948393378773127
Bacteria,Firmicutes,Clostridia,Oscillospirales,Oscillospiraceae,Oscillospira,None,Bacteria,Firmicutes,Clostridia,Oscillospirales,Clostridium_methylpentosum_group,None,None,0.0029211295034079843
Bacteria,Firmicutes,Clostridia,Oscillospirales,Oscillospiraceae,Oscillospira,None,Bacteria,Firmicutes,Clostridia,Oscillospirales,Eubacterium_coprostanoligenes_group,None,None,0.0029211295034079843
Bacteria,Firmicutes,Clostridia,Oscillospirales,Oscillospiraceae,Oscillospira,None,Bacteria,Firmicutes,Clostridia,Oscillospirales,None,None,None,0.0029211295034079843
Bacteria,Firmicutes,Clostridia,Oscillospirales,Oscillospiraceae,Oscillospira,None,Bacteria,Firmicutes,Clostridia,Peptococcales,Peptococcaceae,uncultured,None,0.005842259006815969
Bacteria,Firmicutes,Clostridia,Oscillospirales,Oscillospiraceae,Oscillospira,None,Bacteria,Firmicutes,Clostridia,Peptostreptococcales-Tissierellales,Anaerovoracaceae,Family_XIII_AD3011_group,metagenome,0.006815968841285297
Bacteria,Firmicutes,Clostridia,Oscillospirales,Oscillospiraceae,Oscillospira,None,Bacteria,Firmicutes,Clostridia,Peptostreptococcales-Tissierellales,Anaerovoracaceae,Family_XIII_AD3011_group,None,0.005842259006815969
Bacteria,Firmicutes,Clostridia,Oscillospirales,Oscillospiraceae,Oscillospira,None,Bacteria,Firmicutes,Clostridia,Peptostreptococcales-Tissierellales,Anaerovoracaceae,Family_XIII_AD3011_group,uncultured,0.006815968841285297
Bacteria,Firmicutes,Clostridia,Oscillospirales,Oscillospiraceae,Oscillospira,None,Bacteria,Firmicutes,Clostridia,Peptostreptococcales-Tissierellales,Anaerovoracaceae,Family_XIII_UCG-001,metagenome,0.006815968841285297
Bacteria,Firmicutes,Clostridia,Oscillospirales,Oscillospiraceae,Oscillospira,None,Bacteria,Firmicutes,Clostridia,Peptostreptococcales-Tissierellales,Anaerovoracaceae,Eubacterium_nodatum_group,None,0.005842259006815969
Bacteria,Firmicutes,Clostridia,Oscillospirales,Oscillospiraceae,Oscillospira,None,Bacteria,Firmicutes,Clostridia,Peptostreptococcales-Tissierellales,Anaerovoracaceae,None,None,0.004868549172346641
Bacteria,Firmicutes,Clostridia,Oscillospirales,Oscillospiraceae,Oscillospira,None,Bacteria,Firmicutes,Clostridia,Peptostreptococcales-Tissierellales,Parvimonas,None,None,0.004868549172346641
Bacteria,Firmicutes,Clostridia,Oscillospirales,Oscillospiraceae,Oscillospira,None,Bacteria,Firmicutes,Clostridia,None,None,None,None,0.0029211295034079843
Bacteria,Firmicutes,Clostridia,Oscillospirales,Oscillospiraceae,Oscillospira,None,Bacteria,Firmicutes,Incertae_Sedis,DTU014,unidentified,None,None,0.006815968841285297
Bacteria,Firmicutes,Clostridia,Oscillospirales,Oscillospiraceae,Oscillospira,None,Bacteria,Firmicutes,Limnochordia,M55-D21,uncultured_compost_bacterium,None,None,0.006815968841285297
Bacteria,Firmicutes,Clostridia,Oscillospirales,Oscillospiraceae,Oscillospira,None,Bacteria,Firmicutes,Negativicutes,Acidaminococcales,Acidaminococcaceae,Phascolarctobacterium,None,0.007789678675754625
Bacteria,Firmicutes,Clostridia,Oscillospirales,Oscillospiraceae,Oscillospira,None,Bacteria,Firmicutes,None,None,None,None,None,0.0038948393378773127
Bacteria,Firmicutes,Clostridia,Oscillospirales,Oscillospiraceae,Oscillospira,None,Bacteria,Firmicutes,uncultured,uncultured_Peptococcaceae_bacterium,None,None,None,0.005842259006815969
Bacteria,Firmicutes,Clostridia,Oscillospirales,Oscillospiraceae,Oscillospira,None,Bacteria,Proteobacteria,Alphaproteobacteria,Rhodospirillales,uncultured,None,None,0.008763388510223954
Bacteria,Firmicutes,Clostridia,Oscillospirales,Oscillospiraceae,Oscillospira,None,Bacteria,Proteobacteria,Gammaproteobacteria,Burkholderiales,Sutterellaceae,Sutterella,Sutterella_sp._252,0.010710808179162609
Bacteria,Firmicutes,Clostridia,Oscillospirales,Oscillospiraceae,Oscillospira,None,Bacteria,Proteobacteria,Gammaproteobacteria,Enterobacterales,Enterobacteriaceae,Escherichia-Shigella,None,0.009737098344693282
Bacteria,Firmicutes,Clostridia,Oscillospirales,Oscillospiraceae,Oscillospira,None,Bacteria,Proteobacteria,Gammaproteobacteria,Enterobacterales,Enterobacteriaceae,Klebsiella,None,0.009737098344693282
Bacteria,Firmicutes,Clostridia,Oscillospirales,Oscillospiraceae,Oscillospira,None,Bacteria,Proteobacteria,Gammaproteobacteria,Enterobacterales,Enterobacteriaceae,None,None,0.008763388510223954
Bacteria,Firmicutes,Clostridia,Oscillospirales,Oscillospiraceae,Oscillospira,None,Bacteria,Proteobacteria,Gammaproteobacteria,Pseudomonadales,Pseudomonadaceae,Pseudomonas,None,0.009737098344693282
Bacteria,Firmicutes,Clostridia,Oscillospirales,Oscillospiraceae,Oscillospira,None,Bacteria,Synergistota,Synergistia,Synergistales,Synergistaceae,Cloacibacillus,None,0.009737098344693282
Bacteria,Firmicutes,Clostridia,Oscillospirales,Oscillospiraceae,Oscillospira,None,Bacteria,Verrucomicrobiota,Verrucomicrobiae,Verrucomicrobiales,Akkermansiaceae,Akkermansia,None,0.009737098344693282
Bacteria,Firmicutes,Clostridia,Oscillospirales,Oscillospiraceae,UCG-002,None,Bacteria,Firmicutes,Clostridia,Oscillospirales,Oscillospiraceae,UCG-003,None,0.0019474196689386564
Bacteria,Firmicutes,Clostridia,Oscillospirales,Oscillospiraceae,UCG-002,None,Bacteria,Firmicutes,Clostridia,Oscillospirales,Oscillospiraceae,UCG-005,None,0.0019474196689386564
Bacteria,Firmicutes,Clostridia,Oscillospirales,Oscillospiraceae,UCG-002,None,Bacteria,Firmicutes,Clostridia,Oscillospirales,Oscillospiraceae,UCG-005,metagenome,0.0029211295034079843
Bacteria,Firmicutes,Clostridia,Oscillospirales,Oscillospiraceae,UCG-002,None,Bacteria,Firmicutes,Clostridia,Oscillospirales,Oscillospiraceae,UCG-005,uncultured_Clostridiales_bacterium,0.0029211295034079843
Bacteria,Firmicutes,Clostridia,Oscillospirales,Oscillospiraceae,UCG-002,None,Bacteria,Firmicutes,Clostridia,Oscillospirales,Oscillospiraceae,UCG-005,uncultured_rumen_bacterium,0.0029211295034079843
Bacteria,Firmicutes,Clostridia,Oscillospirales,Oscillospiraceae,UCG-002,None,Bacteria,Firmicutes,Clostridia,Oscillospirales,Oscillospiraceae,None,None,0.0019474196689386564
Bacteria,Firmicutes,Clostridia,Oscillospirales,Oscillospiraceae,UCG-002,None,Bacteria,Firmicutes,Clostridia,Oscillospirales,Oscillospiraceae,uncultured,metagenome,0.0029211295034079843
Bacteria,Firmicutes,Clostridia,Oscillospirales,Oscillospiraceae,UCG-002,None,Bacteria,Firmicutes,Clostridia,Oscillospirales,Oscillospiraceae,uncultured,unidentified,0.0029211295034079843
Bacteria,Firmicutes,Clostridia,Oscillospirales,Oscillospiraceae,UCG-002,None,Bacteria,Firmicutes,Clostridia,Oscillospirales,Ruminococcaceae,Anaerofilum,uncultured_Firmicutes_bacterium,0.004868549172346641
Bacteria,Firmicutes,Clostridia,Oscillospirales,Oscillospiraceae,UCG-002,None,Bacteria,Firmicutes,Clostridia,Oscillospirales,Ruminococcaceae,Anaerotruncus,Anaerotruncus_rubiinfantis,0.004868549172346641
Bacteria,Firmicutes,Clostridia,Oscillospirales,Oscillospiraceae,UCG-002,None,Bacteria,Firmicutes,Clostridia,Oscillospirales,Ruminococcaceae,Anaerotruncus,Anaerotruncus_sp._NML_070203,0.004868549172346641
Bacteria,Firmicutes,Clostridia,Oscillospirales,Oscillospiraceae,UCG-002,None,Bacteria,Firmicutes,Clostridia,Oscillospirales,Ruminococcaceae,Candidatus_Soleaferrea,Neobitarella_massiliensis,0.004868549172346641
Bacteria,Firmicutes,Clostridia,Oscillospirales,Oscillospiraceae,UCG-002,None,Bacteria,Firmicutes,Clostridia,Oscillospirales,Ruminococcaceae,Candidatus_Soleaferrea,None,0.0038948393378773127
Bacteria,Firmicutes,Clostridia,Oscillospirales,Oscillospiraceae,UCG-002,None,Bacteria,Firmicutes,Clostridia,Oscillospirales,Ruminococcaceae,DTU089,None,0.0038948393378773127
Bacteria,Firmicutes,Clostridia,Oscillospirales,Oscillospiraceae,UCG-002,None,Bacteria,Firmicutes,Clostridia,Oscillospirales,Ruminococcaceae,Faecalibacterium,None,0.0038948393378773127
Bacteria,Firmicutes,Clostridia,Oscillospirales,Oscillospiraceae,UCG-002,None,Bacteria,Firmicutes,Clostridia,Oscillospirales,Ruminococcaceae,Fournierella,uncultured_organism,0.004868549172346641
Bacteria,Firmicutes,Clostridia,Oscillospirales,Oscillospiraceae,UCG-002,None,Bacteria,Firmicutes,Clostridia,Oscillospirales,Ruminococcaceae,Incertae_Sedis,metagenome,0.004868549172346641
Bacteria,Firmicutes,Clostridia,Oscillospirales,Oscillospiraceae,UCG-002,None,Bacteria,Firmicutes,Clostridia,Oscillospirales,Ruminococcaceae,Incertae_Sedis,None,0.0038948393378773127
Bacteria,Firmicutes,Clostridia,Oscillospirales,Oscillospiraceae,UCG-002,None,Bacteria,Firmicutes,Clostridia,Oscillospirales,Ruminococcaceae,Negativibacillus,None,0.0038948393378773127
Bacteria,Firmicutes,Clostridia,Oscillospirales,Oscillospiraceae,UCG-002,None,Bacteria,Firmicutes,Clostridia,Oscillospirales,Ruminococcaceae,Ruminococcus,Ruminococcus_champanellensis,0.004868549172346641
Bacteria,Firmicutes,Clostridia,Oscillospirales,Oscillospiraceae,UCG-002,None,Bacteria,Firmicutes,Clostridia,Oscillospirales,Ruminococcaceae,Ruminococcus,None,0.0038948393378773127
Bacteria,Firmicutes,Clostridia,Oscillospirales,Oscillospiraceae,UCG-002,None,Bacteria,Firmicutes,Clostridia,Oscillospirales,Ruminococcaceae,Subdoligranulum,None,0.0038948393378773127
Bacteria,Firmicutes,Clostridia,Oscillospirales,Oscillospiraceae,UCG-002,None,Bacteria,Firmicutes,Clostridia,Oscillospirales,Ruminococcaceae,UBA1819,None,0.0038948393378773127
Bacteria,Firmicutes,Clostridia,Oscillospirales,Oscillospiraceae,UCG-002,None,Bacteria,Firmicutes,Clostridia,Oscillospirales,Ruminococcaceae,Eubacterium_siraeum_group,None,0.0038948393378773127
Bacteria,Firmicutes,Clostridia,Oscillospirales,Oscillospiraceae,UCG-002,None,Bacteria,Firmicutes,Clostridia,Oscillospirales,Ruminococcaceae,None,None,0.0029211295034079843
Bacteria,Firmicutes,Clostridia,Oscillospirales,Oscillospiraceae,UCG-002,None,Bacteria,Firmicutes,Clostridia,Oscillospirales,UCG-010,None,None,0.0029211295034079843
Bacteria,Firmicutes,Clostridia,Oscillospirales,Oscillospiraceae,UCG-002,None,Bacteria,Firmicutes,Clostridia,Oscillospirales,UCG-010,metagenome,None,0.0038948393378773127
Bacteria,Firmicutes,Clostridia,Oscillospirales,Oscillospiraceae,UCG-002,None,Bacteria,Firmicutes,Clostridia,Oscillospirales,UCG-010,uncultured_bacterium,None,0.0038948393378773127
Bacteria,Firmicutes,Clostridia,Oscillospirales,Oscillospiraceae,UCG-002,None,Bacteria,Firmicutes,Clostridia,Oscillospirales,UCG-010,uncultured_organism,None,0.0038948393378773127
Bacteria,Firmicutes,Clostridia,Oscillospirales,Oscillospiraceae,UCG-002,None,Bacteria,Firmicutes,Clostridia,Oscillospirales,Clostridium_methylpentosum_group,None,None,0.0029211295034079843
Bacteria,Firmicutes,Clostridia,Oscillospirales,Oscillospiraceae,UCG-002,None,Bacteria,Firmicutes,Clostridia,Oscillospirales,Eubacterium_coprostanoligenes_group,None,None,0.0029211295034079843
Bacteria,Firmicutes,Clostridia,Oscillospirales,Oscillospiraceae,UCG-002,None,Bacteria,Firmicutes,Clostridia,Oscillospirales,None,None,None,0.0029211295034079843
Bacteria,Firmicutes,Clostridia,Oscillospirales,Oscillospiraceae,UCG-002,None,Bacteria,Firmicutes,Clostridia,Peptococcales,Peptococcaceae,uncultured,None,0.005842259006815969
Bacteria,Firmicutes,Clostridia,Oscillospirales,Oscillospiraceae,UCG-002,None,Bacteria,Firmicutes,Clostridia,Peptostreptococcales-Tissierellales,Anaerovoracaceae,Family_XIII_AD3011_group,metagenome,0.006815968841285297
Bacteria,Firmicutes,Clostridia,Oscillospirales,Oscillospiraceae,UCG-002,None,Bacteria,Firmicutes,Clostridia,Peptostreptococcales-Tissierellales,Anaerovoracaceae,Family_XIII_AD3011_group,None,0.005842259006815969
Bacteria,Firmicutes,Clostridia,Oscillospirales,Oscillospiraceae,UCG-002,None,Bacteria,Firmicutes,Clostridia,Peptostreptococcales-Tissierellales,Anaerovoracaceae,Family_XIII_AD3011_group,uncultured,0.006815968841285297
Bacteria,Firmicutes,Clostridia,Oscillospirales,Oscillospiraceae,UCG-002,None,Bacteria,Firmicutes,Clostridia,Peptostreptococcales-Tissierellales,Anaerovoracaceae,Family_XIII_UCG-001,metagenome,0.006815968841285297
Bacteria,Firmicutes,Clostridia,Oscillospirales,Oscillospiraceae,UCG-002,None,Bacteria,Firmicutes,Clostridia,Peptostreptococcales-Tissierellales,Anaerovoracaceae,Eubacterium_nodatum_group,None,0.005842259006815969
Bacteria,Firmicutes,Clostridia,Oscillospirales,Oscillospiraceae,UCG-002,None,Bacteria,Firmicutes,Clostridia,Peptostreptococcales-Tissierellales,Anaerovoracaceae,None,None,0.004868549172346641
Bacteria,Firmicutes,Clostridia,Oscillospirales,Oscillospiraceae,UCG-002,None,Bacteria,Firmicutes,Clostridia,Peptostreptococcales-Tissierellales,Parvimonas,None,None,0.004868549172346641
Bacteria,Firmicutes,Clostridia,Oscillospirales,Oscillospiraceae,UCG-002,None,Bacteria,Firmicutes,Clostridia,None,None,None,None,0.0029211295034079843
Bacteria,Firmicutes,Clostridia,Oscillospirales,Oscillospiraceae,UCG-002,None,Bacteria,Firmicutes,Incertae_Sedis,DTU014,unidentified,None,None,0.006815968841285297
Bacteria,Firmicutes,Clostridia,Oscillospirales,Oscillospiraceae,UCG-002,None,Bacteria,Firmicutes,Limnochordia,M55-D21,uncultured_compost_bacterium,None,None,0.006815968841285297
Bacteria,Firmicutes,Clostridia,Oscillospirales,Oscillospiraceae,UCG-002,None,Bacteria,Firmicutes,Negativicutes,Acidaminococcales,Acidaminococcaceae,Phascolarctobacterium,None,0.007789678675754625
Bacteria,Firmicutes,Clostridia,Oscillospirales,Oscillospiraceae,UCG-002,None,Bacteria,Firmicutes,None,None,None,None,None,0.0038948393378773127
Bacteria,Firmicutes,Clostridia,Oscillospirales,Oscillospiraceae,UCG-002,None,Bacteria,Firmicutes,uncultured,uncultured_Peptococcaceae_bacterium,None,None,None,0.005842259006815969
Bacteria,Firmicutes,Clostridia,Oscillospirales,Oscillospiraceae,UCG-002,None,Bacteria,Proteobacteria,Alphaproteobacteria,Rhodospirillales,uncultured,None,None,0.008763388510223954
Bacteria,Firmicutes,Clostridia,Oscillospirales,Oscillospiraceae,UCG-002,None,Bacteria,Proteobacteria,Gammaproteobacteria,Burkholderiales,Sutterellaceae,Sutterella,Sutterella_sp._252,0.010710808179162609
Bacteria,Firmicutes,Clostridia,Oscillospirales,Oscillospiraceae,UCG-002,None,Bacteria,Proteobacteria,Gammaproteobacteria,Enterobacterales,Enterobacteriaceae,Escherichia-Shigella,None,0.009737098344693282
Bacteria,Firmicutes,Clostridia,Oscillospirales,Oscillospiraceae,UCG-002,None,Bacteria,Proteobacteria,Gammaproteobacteria,Enterobacterales,Enterobacteriaceae,Klebsiella,None,0.009737098344693282
Bacteria,Firmicutes,Clostridia,Oscillospirales,Oscillospiraceae,UCG-002,None,Bacteria,Proteobacteria,Gammaproteobacteria,Enterobacterales,Enterobacteriaceae,None,None,0.008763388510223954
Bacteria,Firmicutes,Clostridia,Oscillospirales,Oscillospiraceae,UCG-002,None,Bacteria,Proteobacteria,Gammaproteobacteria,Pseudomonadales,Pseudomonadaceae,Pseudomonas,None,0.009737098344693282
Bacteria,Firmicutes,Clostridia,Oscillospirales,Oscillospiraceae,UCG-002,None,Bacteria,Synergistota,Synergistia,Synergistales,Synergistaceae,Cloacibacillus,None,0.009737098344693282
Bacteria,Firmicutes,Clostridia,Oscillospirales,Oscillospiraceae,UCG-002,None,Bacteria,Verrucomicrobiota,Verrucomicrobiae,Verrucomicrobiales,Akkermansiaceae,Akkermansia,None,0.009737098344693282
Bacteria,Firmicutes,Clostridia,Oscillospirales,Oscillospiraceae,UCG-003,None,Bacteria,Firmicutes,Clostridia,Oscillospirales,Oscillospiraceae,UCG-005,None,0.0019474196689386564
Bacteria,Firmicutes,Clostridia,Oscillospirales,Oscillospiraceae,UCG-003,None,Bacteria,Firmicutes,Clostridia,Oscillospirales,Oscillospiraceae,UCG-005,metagenome,0.0029211295034079843
Bacteria,Firmicutes,Clostridia,Oscillospirales,Oscillospiraceae,UCG-003,None,Bacteria,Firmicutes,Clostridia,Oscillospirales,Oscillospiraceae,UCG-005,uncultured_Clostridiales_bacterium,0.0029211295034079843
Bacteria,Firmicutes,Clostridia,Oscillospirales,Oscillospiraceae,UCG-003,None,Bacteria,Firmicutes,Clostridia,Oscillospirales,Oscillospiraceae,UCG-005,uncultured_rumen_bacterium,0.0029211295034079843
Bacteria,Firmicutes,Clostridia,Oscillospirales,Oscillospiraceae,UCG-003,None,Bacteria,Firmicutes,Clostridia,Oscillospirales,Oscillospiraceae,None,None,0.0019474196689386564
Bacteria,Firmicutes,Clostridia,Oscillospirales,Oscillospiraceae,UCG-003,None,Bacteria,Firmicutes,Clostridia,Oscillospirales,Oscillospiraceae,uncultured,metagenome,0.0029211295034079843
Bacteria,Firmicutes,Clostridia,Oscillospirales,Oscillospiraceae,UCG-003,None,Bacteria,Firmicutes,Clostridia,Oscillospirales,Oscillospiraceae,uncultured,unidentified,0.0029211295034079843
Bacteria,Firmicutes,Clostridia,Oscillospirales,Oscillospiraceae,UCG-003,None,Bacteria,Firmicutes,Clostridia,Oscillospirales,Ruminococcaceae,Anaerofilum,uncultured_Firmicutes_bacterium,0.004868549172346641
Bacteria,Firmicutes,Clostridia,Oscillospirales,Oscillospiraceae,UCG-003,None,Bacteria,Firmicutes,Clostridia,Oscillospirales,Ruminococcaceae,Anaerotruncus,Anaerotruncus_rubiinfantis,0.004868549172346641
Bacteria,Firmicutes,Clostridia,Oscillospirales,Oscillospiraceae,UCG-003,None,Bacteria,Firmicutes,Clostridia,Oscillospirales,Ruminococcaceae,Anaerotruncus,Anaerotruncus_sp._NML_070203,0.004868549172346641
Bacteria,Firmicutes,Clostridia,Oscillospirales,Oscillospiraceae,UCG-003,None,Bacteria,Firmicutes,Clostridia,Oscillospirales,Ruminococcaceae,Candidatus_Soleaferrea,Neobitarella_massiliensis,0.004868549172346641
Bacteria,Firmicutes,Clostridia,Oscillospirales,Oscillospiraceae,UCG-003,None,Bacteria,Firmicutes,Clostridia,Oscillospirales,Ruminococcaceae,Candidatus_Soleaferrea,None,0.0038948393378773127
Bacteria,Firmicutes,Clostridia,Oscillospirales,Oscillospiraceae,UCG-003,None,Bacteria,Firmicutes,Clostridia,Oscillospirales,Ruminococcaceae,DTU089,None,0.0038948393378773127
Bacteria,Firmicutes,Clostridia,Oscillospirales,Oscillospiraceae,UCG-003,None,Bacteria,Firmicutes,Clostridia,Oscillospirales,Ruminococcaceae,Faecalibacterium,None,0.0038948393378773127
Bacteria,Firmicutes,Clostridia,Oscillospirales,Oscillospiraceae,UCG-003,None,Bacteria,Firmicutes,Clostridia,Oscillospirales,Ruminococcaceae,Fournierella,uncultured_organism,0.004868549172346641
Bacteria,Firmicutes,Clostridia,Oscillospirales,Oscillospiraceae,UCG-003,None,Bacteria,Firmicutes,Clostridia,Oscillospirales,Ruminococcaceae,Incertae_Sedis,metagenome,0.004868549172346641
Bacteria,Firmicutes,Clostridia,Oscillospirales,Oscillospiraceae,UCG-003,None,Bacteria,Firmicutes,Clostridia,Oscillospirales,Ruminococcaceae,Incertae_Sedis,None,0.0038948393378773127
Bacteria,Firmicutes,Clostridia,Oscillospirales,Oscillospiraceae,UCG-003,None,Bacteria,Firmicutes,Clostridia,Oscillospirales,Ruminococcaceae,Negativibacillus,None,0.0038948393378773127
Bacteria,Firmicutes,Clostridia,Oscillospirales,Oscillospiraceae,UCG-003,None,Bacteria,Firmicutes,Clostridia,Oscillospirales,Ruminococcaceae,Ruminococcus,Ruminococcus_champanellensis,0.004868549172346641
Bacteria,Firmicutes,Clostridia,Oscillospirales,Oscillospiraceae,UCG-003,None,Bacteria,Firmicutes,Clostridia,Oscillospirales,Ruminococcaceae,Ruminococcus,None,0.0038948393378773127
Bacteria,Firmicutes,Clostridia,Oscillospirales,Oscillospiraceae,UCG-003,None,Bacteria,Firmicutes,Clostridia,Oscillospirales,Ruminococcaceae,Subdoligranulum,None,0.0038948393378773127
Bacteria,Firmicutes,Clostridia,Oscillospirales,Oscillospiraceae,UCG-003,None,Bacteria,Firmicutes,Clostridia,Oscillospirales,Ruminococcaceae,UBA1819,None,0.0038948393378773127
Bacteria,Firmicutes,Clostridia,Oscillospirales,Oscillospiraceae,UCG-003,None,Bacteria,Firmicutes,Clostridia,Oscillospirales,Ruminococcaceae,Eubacterium_siraeum_group,None,0.0038948393378773127
Bacteria,Firmicutes,Clostridia,Oscillospirales,Oscillospiraceae,UCG-003,None,Bacteria,Firmicutes,Clostridia,Oscillospirales,Ruminococcaceae,None,None,0.0029211295034079843
Bacteria,Firmicutes,Clostridia,Oscillospirales,Oscillospiraceae,UCG-003,None,Bacteria,Firmicutes,Clostridia,Oscillospirales,UCG-010,None,None,0.0029211295034079843
Bacteria,Firmicutes,Clostridia,Oscillospirales,Oscillospiraceae,UCG-003,None,Bacteria,Firmicutes,Clostridia,Oscillospirales,UCG-010,metagenome,None,0.0038948393378773127
Bacteria,Firmicutes,Clostridia,Oscillospirales,Oscillospiraceae,UCG-003,None,Bacteria,Firmicutes,Clostridia,Oscillospirales,UCG-010,uncultured_bacterium,None,0.0038948393378773127
Bacteria,Firmicutes,Clostridia,Oscillospirales,Oscillospiraceae,UCG-003,None,Bacteria,Firmicutes,Clostridia,Oscillospirales,UCG-010,uncultured_organism,None,0.0038948393378773127
Bacteria,Firmicutes,Clostridia,Oscillospirales,Oscillospiraceae,UCG-003,None,Bacteria,Firmicutes,Clostridia,Oscillospirales,Clostridium_methylpentosum_group,None,None,0.0029211295034079843
Bacteria,Firmicutes,Clostridia,Oscillospirales,Oscillospiraceae,UCG-003,None,Bacteria,Firmicutes,Clostridia,Oscillospirales,Eubacterium_coprostanoligenes_group,None,None,0.0029211295034079843
Bacteria,Firmicutes,Clostridia,Oscillospirales,Oscillospiraceae,UCG-003,None,Bacteria,Firmicutes,Clostridia,Oscillospirales,None,None,None,0.0029211295034079843
Bacteria,Firmicutes,Clostridia,Oscillospirales,Oscillospiraceae,UCG-003,None,Bacteria,Firmicutes,Clostridia,Peptococcales,Peptococcaceae,uncultured,None,0.005842259006815969
Bacteria,Firmicutes,Clostridia,Oscillospirales,Oscillospiraceae,UCG-003,None,Bacteria,Firmicutes,Clostridia,Peptostreptococcales-Tissierellales,Anaerovoracaceae,Family_XIII_AD3011_group,metagenome,0.006815968841285297
Bacteria,Firmicutes,Clostridia,Oscillospirales,Oscillospiraceae,UCG-003,None,Bacteria,Firmicutes,Clostridia,Peptostreptococcales-Tissierellales,Anaerovoracaceae,Family_XIII_AD3011_group,None,0.005842259006815969
Bacteria,Firmicutes,Clostridia,Oscillospirales,Oscillospiraceae,UCG-003,None,Bacteria,Firmicutes,Clostridia,Peptostreptococcales-Tissierellales,Anaerovoracaceae,Family_XIII_AD3011_group,uncultured,0.006815968841285297
Bacteria,Firmicutes,Clostridia,Oscillospirales,Oscillospiraceae,UCG-003,None,Bacteria,Firmicutes,Clostridia,Peptostreptococcales-Tissierellales,Anaerovoracaceae,Family_XIII_UCG-001,metagenome,0.006815968841285297
Bacteria,Firmicutes,Clostridia,Oscillospirales,Oscillospiraceae,UCG-003,None,Bacteria,Firmicutes,Clostridia,Peptostreptococcales-Tissierellales,Anaerovoracaceae,Eubacterium_nodatum_group,None,0.005842259006815969
Bacteria,Firmicutes,Clostridia,Oscillospirales,Oscillospiraceae,UCG-003,None,Bacteria,Firmicutes,Clostridia,Peptostreptococcales-Tissierellales,Anaerovoracaceae,None,None,0.004868549172346641
Bacteria,Firmicutes,Clostridia,Oscillospirales,Oscillospiraceae,UCG-003,None,Bacteria,Firmicutes,Clostridia,Peptostreptococcales-Tissierellales,Parvimonas,None,None,0.004868549172346641
Bacteria,Firmicutes,Clostridia,Oscillospirales,Oscillospiraceae,UCG-003,None,Bacteria,Firmicutes,Clostridia,None,None,None,None,0.0029211295034079843
Bacteria,Firmicutes,Clostridia,Oscillospirales,Oscillospiraceae,UCG-003,None,Bacteria,Firmicutes,Incertae_Sedis,DTU014,unidentified,None,None,0.006815968841285297
Bacteria,Firmicutes,Clostridia,Oscillospirales,Oscillospiraceae,UCG-003,None,Bacteria,Firmicutes,Limnochordia,M55-D21,uncultured_compost_bacterium,None,None,0.006815968841285297
Bacteria,Firmicutes,Clostridia,Oscillospirales,Oscillospiraceae,UCG-003,None,Bacteria,Firmicutes,Negativicutes,Acidaminococcales,Acidaminococcaceae,Phascolarctobacterium,None,0.007789678675754625
Bacteria,Firmicutes,Clostridia,Oscillospirales,Oscillospiraceae,UCG-003,None,Bacteria,Firmicutes,None,None,None,None,None,0.0038948393378773127
Bacteria,Firmicutes,Clostridia,Oscillospirales,Oscillospiraceae,UCG-003,None,Bacteria,Firmicutes,uncultured,uncultured_Peptococcaceae_bacterium,None,None,None,0.005842259006815969
Bacteria,Firmicutes,Clostridia,Oscillospirales,Oscillospiraceae,UCG-003,None,Bacteria,Proteobacteria,Alphaproteobacteria,Rhodospirillales,uncultured,None,None,0.008763388510223954
Bacteria,Firmicutes,Clostridia,Oscillospirales,Oscillospiraceae,UCG-003,None,Bacteria,Proteobacteria,Gammaproteobacteria,Burkholderiales,Sutterellaceae,Sutterella,Sutterella_sp._252,0.010710808179162609
Bacteria,Firmicutes,Clostridia,Oscillospirales,Oscillospiraceae,UCG-003,None,Bacteria,Proteobacteria,Gammaproteobacteria,Enterobacterales,Enterobacteriaceae,Escherichia-Shigella,None,0.009737098344693282
Bacteria,Firmicutes,Clostridia,Oscillospirales,Oscillospiraceae,UCG-003,None,Bacteria,Proteobacteria,Gammaproteobacteria,Enterobacterales,Enterobacteriaceae,Klebsiella,None,0.009737098344693282
Bacteria,Firmicutes,Clostridia,Oscillospirales,Oscillospiraceae,UCG-003,None,Bacteria,Proteobacteria,Gammaproteobacteria,Enterobacterales,Enterobacteriaceae,None,None,0.008763388510223954
Bacteria,Firmicutes,Clostridia,Oscillospirales,Oscillospiraceae,UCG-003,None,Bacteria,Proteobacteria,Gammaproteobacteria,Pseudomonadales,Pseudomonadaceae,Pseudomonas,None,0.009737098344693282
Bacteria,Firmicutes,Clostridia,Oscillospirales,Oscillospiraceae,UCG-003,None,Bacteria,Synergistota,Synergistia,Synergistales,Synergistaceae,Cloacibacillus,None,0.009737098344693282
Bacteria,Firmicutes,Clostridia,Oscillospirales,Oscillospiraceae,UCG-003,None,Bacteria,Verrucomicrobiota,Verrucomicrobiae,Verrucomicrobiales,Akkermansiaceae,Akkermansia,None,0.009737098344693282
Bacteria,Firmicutes,Clostridia,Oscillospirales,Oscillospiraceae,UCG-005,None,Bacteria,Firmicutes,Clostridia,Oscillospirales,Oscillospiraceae,UCG-005,metagenome,0.0009737098344693282
Bacteria,Firmicutes,Clostridia,Oscillospirales,Oscillospiraceae,UCG-005,None,Bacteria,Firmicutes,Clostridia,Oscillospirales,Oscillospiraceae,UCG-005,uncultured_Clostridiales_bacterium,0.0009737098344693282
Bacteria,Firmicutes,Clostridia,Oscillospirales,Oscillospiraceae,UCG-005,None,Bacteria,Firmicutes,Clostridia,Oscillospirales,Oscillospiraceae,UCG-005,uncultured_rumen_bacterium,0.0009737098344693282
Bacteria,Firmicutes,Clostridia,Oscillospirales,Oscillospiraceae,UCG-005,None,Bacteria,Firmicutes,Clostridia,Oscillospirales,Oscillospiraceae,None,None,0.0019474196689386564
Bacteria,Firmicutes,Clostridia,Oscillospirales,Oscillospiraceae,UCG-005,None,Bacteria,Firmicutes,Clostridia,Oscillospirales,Oscillospiraceae,uncultured,metagenome,0.0029211295034079843
Bacteria,Firmicutes,Clostridia,Oscillospirales,Oscillospiraceae,UCG-005,None,Bacteria,Firmicutes,Clostridia,Oscillospirales,Oscillospiraceae,uncultured,unidentified,0.0029211295034079843
Bacteria,Firmicutes,Clostridia,Oscillospirales,Oscillospiraceae,UCG-005,None,Bacteria,Firmicutes,Clostridia,Oscillospirales,Ruminococcaceae,Anaerofilum,uncultured_Firmicutes_bacterium,0.004868549172346641
Bacteria,Firmicutes,Clostridia,Oscillospirales,Oscillospiraceae,UCG-005,None,Bacteria,Firmicutes,Clostridia,Oscillospirales,Ruminococcaceae,Anaerotruncus,Anaerotruncus_rubiinfantis,0.004868549172346641
Bacteria,Firmicutes,Clostridia,Oscillospirales,Oscillospiraceae,UCG-005,None,Bacteria,Firmicutes,Clostridia,Oscillospirales,Ruminococcaceae,Anaerotruncus,Anaerotruncus_sp._NML_070203,0.004868549172346641
Bacteria,Firmicutes,Clostridia,Oscillospirales,Oscillospiraceae,UCG-005,None,Bacteria,Firmicutes,Clostridia,Oscillospirales,Ruminococcaceae,Candidatus_Soleaferrea,Neobitarella_massiliensis,0.004868549172346641
Bacteria,Firmicutes,Clostridia,Oscillospirales,Oscillospiraceae,UCG-005,None,Bacteria,Firmicutes,Clostridia,Oscillospirales,Ruminococcaceae,Candidatus_Soleaferrea,None,0.0038948393378773127
Bacteria,Firmicutes,Clostridia,Oscillospirales,Oscillospiraceae,UCG-005,None,Bacteria,Firmicutes,Clostridia,Oscillospirales,Ruminococcaceae,DTU089,None,0.0038948393378773127
Bacteria,Firmicutes,Clostridia,Oscillospirales,Oscillospiraceae,UCG-005,None,Bacteria,Firmicutes,Clostridia,Oscillospirales,Ruminococcaceae,Faecalibacterium,None,0.0038948393378773127
Bacteria,Firmicutes,Clostridia,Oscillospirales,Oscillospiraceae,UCG-005,None,Bacteria,Firmicutes,Clostridia,Oscillospirales,Ruminococcaceae,Fournierella,uncultured_organism,0.004868549172346641
Bacteria,Firmicutes,Clostridia,Oscillospirales,Oscillospiraceae,UCG-005,None,Bacteria,Firmicutes,Clostridia,Oscillospirales,Ruminococcaceae,Incertae_Sedis,metagenome,0.004868549172346641
Bacteria,Firmicutes,Clostridia,Oscillospirales,Oscillospiraceae,UCG-005,None,Bacteria,Firmicutes,Clostridia,Oscillospirales,Ruminococcaceae,Incertae_Sedis,None,0.0038948393378773127
Bacteria,Firmicutes,Clostridia,Oscillospirales,Oscillospiraceae,UCG-005,None,Bacteria,Firmicutes,Clostridia,Oscillospirales,Ruminococcaceae,Negativibacillus,None,0.0038948393378773127
Bacteria,Firmicutes,Clostridia,Oscillospirales,Oscillospiraceae,UCG-005,None,Bacteria,Firmicutes,Clostridia,Oscillospirales,Ruminococcaceae,Ruminococcus,Ruminococcus_champanellensis,0.004868549172346641
Bacteria,Firmicutes,Clostridia,Oscillospirales,Oscillospiraceae,UCG-005,None,Bacteria,Firmicutes,Clostridia,Oscillospirales,Ruminococcaceae,Ruminococcus,None,0.0038948393378773127
Bacteria,Firmicutes,Clostridia,Oscillospirales,Oscillospiraceae,UCG-005,None,Bacteria,Firmicutes,Clostridia,Oscillospirales,Ruminococcaceae,Subdoligranulum,None,0.0038948393378773127
Bacteria,Firmicutes,Clostridia,Oscillospirales,Oscillospiraceae,UCG-005,None,Bacteria,Firmicutes,Clostridia,Oscillospirales,Ruminococcaceae,UBA1819,None,0.0038948393378773127
Bacteria,Firmicutes,Clostridia,Oscillospirales,Oscillospiraceae,UCG-005,None,Bacteria,Firmicutes,Clostridia,Oscillospirales,Ruminococcaceae,Eubacterium_siraeum_group,None,0.0038948393378773127
Bacteria,Firmicutes,Clostridia,Oscillospirales,Oscillospiraceae,UCG-005,None,Bacteria,Firmicutes,Clostridia,Oscillospirales,Ruminococcaceae,None,None,0.0029211295034079843
Bacteria,Firmicutes,Clostridia,Oscillospirales,Oscillospiraceae,UCG-005,None,Bacteria,Firmicutes,Clostridia,Oscillospirales,UCG-010,None,None,0.0029211295034079843
Bacteria,Firmicutes,Clostridia,Oscillospirales,Oscillospiraceae,UCG-005,None,Bacteria,Firmicutes,Clostridia,Oscillospirales,UCG-010,metagenome,None,0.0038948393378773127
Bacteria,Firmicutes,Clostridia,Oscillospirales,Oscillospiraceae,UCG-005,None,Bacteria,Firmicutes,Clostridia,Oscillospirales,UCG-010,uncultured_bacterium,None,0.0038948393378773127
Bacteria,Firmicutes,Clostridia,Oscillospirales,Oscillospiraceae,UCG-005,None,Bacteria,Firmicutes,Clostridia,Oscillospirales,UCG-010,uncultured_organism,None,0.0038948393378773127
Bacteria,Firmicutes,Clostridia,Oscillospirales,Oscillospiraceae,UCG-005,None,Bacteria,Firmicutes,Clostridia,Oscillospirales,Clostridium_methylpentosum_group,None,None,0.0029211295034079843
Bacteria,Firmicutes,Clostridia,Oscillospirales,Oscillospiraceae,UCG-005,None,Bacteria,Firmicutes,Clostridia,Oscillospirales,Eubacterium_coprostanoligenes_group,None,None,0.0029211295034079843
Bacteria,Firmicutes,Clostridia,Oscillospirales,Oscillospiraceae,UCG-005,None,Bacteria,Firmicutes,Clostridia,Oscillospirales,None,None,None,0.0029211295034079843
Bacteria,Firmicutes,Clostridia,Oscillospirales,Oscillospiraceae,UCG-005,None,Bacteria,Firmicutes,Clostridia,Peptococcales,Peptococcaceae,uncultured,None,0.005842259006815969
Bacteria,Firmicutes,Clostridia,Oscillospirales,Oscillospiraceae,UCG-005,None,Bacteria,Firmicutes,Clostridia,Peptostreptococcales-Tissierellales,Anaerovoracaceae,Family_XIII_AD3011_group,metagenome,0.006815968841285297
Bacteria,Firmicutes,Clostridia,Oscillospirales,Oscillospiraceae,UCG-005,None,Bacteria,Firmicutes,Clostridia,Peptostreptococcales-Tissierellales,Anaerovoracaceae,Family_XIII_AD3011_group,None,0.005842259006815969
Bacteria,Firmicutes,Clostridia,Oscillospirales,Oscillospiraceae,UCG-005,None,Bacteria,Firmicutes,Clostridia,Peptostreptococcales-Tissierellales,Anaerovoracaceae,Family_XIII_AD3011_group,uncultured,0.006815968841285297
Bacteria,Firmicutes,Clostridia,Oscillospirales,Oscillospiraceae,UCG-005,None,Bacteria,Firmicutes,Clostridia,Peptostreptococcales-Tissierellales,Anaerovoracaceae,Family_XIII_UCG-001,metagenome,0.006815968841285297
Bacteria,Firmicutes,Clostridia,Oscillospirales,Oscillospiraceae,UCG-005,None,Bacteria,Firmicutes,Clostridia,Peptostreptococcales-Tissierellales,Anaerovoracaceae,Eubacterium_nodatum_group,None,0.005842259006815969
Bacteria,Firmicutes,Clostridia,Oscillospirales,Oscillospiraceae,UCG-005,None,Bacteria,Firmicutes,Clostridia,Peptostreptococcales-Tissierellales,Anaerovoracaceae,None,None,0.004868549172346641
Bacteria,Firmicutes,Clostridia,Oscillospirales,Oscillospiraceae,UCG-005,None,Bacteria,Firmicutes,Clostridia,Peptostreptococcales-Tissierellales,Parvimonas,None,None,0.004868549172346641
Bacteria,Firmicutes,Clostridia,Oscillospirales,Oscillospiraceae,UCG-005,None,Bacteria,Firmicutes,Clostridia,None,None,None,None,0.0029211295034079843
Bacteria,Firmicutes,Clostridia,Oscillospirales,Oscillospiraceae,UCG-005,None,Bacteria,Firmicutes,Incertae_Sedis,DTU014,unidentified,None,None,0.006815968841285297
Bacteria,Firmicutes,Clostridia,Oscillospirales,Oscillospiraceae,UCG-005,None,Bacteria,Firmicutes,Limnochordia,M55-D21,uncultured_compost_bacterium,None,None,0.006815968841285297
Bacteria,Firmicutes,Clostridia,Oscillospirales,Oscillospiraceae,UCG-005,None,Bacteria,Firmicutes,Negativicutes,Acidaminococcales,Acidaminococcaceae,Phascolarctobacterium,None,0.007789678675754625
Bacteria,Firmicutes,Clostridia,Oscillospirales,Oscillospiraceae,UCG-005,None,Bacteria,Firmicutes,None,None,None,None,None,0.0038948393378773127
Bacteria,Firmicutes,Clostridia,Oscillospirales,Oscillospiraceae,UCG-005,None,Bacteria,Firmicutes,uncultured,uncultured_Peptococcaceae_bacterium,None,None,None,0.005842259006815969
Bacteria,Firmicutes,Clostridia,Oscillospirales,Oscillospiraceae,UCG-005,None,Bacteria,Proteobacteria,Alphaproteobacteria,Rhodospirillales,uncultured,None,None,0.008763388510223954
Bacteria,Firmicutes,Clostridia,Oscillospirales,Oscillospiraceae,UCG-005,None,Bacteria,Proteobacteria,Gammaproteobacteria,Burkholderiales,Sutterellaceae,Sutterella,Sutterella_sp._252,0.010710808179162609
Bacteria,Firmicutes,Clostridia,Oscillospirales,Oscillospiraceae,UCG-005,None,Bacteria,Proteobacteria,Gammaproteobacteria,Enterobacterales,Enterobacteriaceae,Escherichia-Shigella,None,0.009737098344693282
Bacteria,Firmicutes,Clostridia,Oscillospirales,Oscillospiraceae,UCG-005,None,Bacteria,Proteobacteria,Gammaproteobacteria,Enterobacterales,Enterobacteriaceae,Klebsiella,None,0.009737098344693282
Bacteria,Firmicutes,Clostridia,Oscillospirales,Oscillospiraceae,UCG-005,None,Bacteria,Proteobacteria,Gammaproteobacteria,Enterobacterales,Enterobacteriaceae,None,None,0.008763388510223954
Bacteria,Firmicutes,Clostridia,Oscillospirales,Oscillospiraceae,UCG-005,None,Bacteria,Proteobacteria,Gammaproteobacteria,Pseudomonadales,Pseudomonadaceae,Pseudomonas,None,0.009737098344693282
Bacteria,Firmicutes,Clostridia,Oscillospirales,Oscillospiraceae,UCG-005,None,Bacteria,Synergistota,Synergistia,Synergistales,Synergistaceae,Cloacibacillus,None,0.009737098344693282
Bacteria,Firmicutes,Clostridia,Oscillospirales,Oscillospiraceae,UCG-005,None,Bacteria,Verrucomicrobiota,Verrucomicrobiae,Verrucomicrobiales,Akkermansiaceae,Akkermansia,None,0.009737098344693282
Bacteria,Firmicutes,Clostridia,Oscillospirales,Oscillospiraceae,UCG-005,metagenome,Bacteria,Firmicutes,Clostridia,Oscillospirales,Oscillospiraceae,UCG-005,uncultured_Clostridiales_bacterium,0.0019474196689386564
Bacteria,Firmicutes,Clostridia,Oscillospirales,Oscillospiraceae,UCG-005,metagenome,Bacteria,Firmicutes,Clostridia,Oscillospirales,Oscillospiraceae,UCG-005,uncultured_rumen_bacterium,0.0019474196689386564
Bacteria,Firmicutes,Clostridia,Oscillospirales,Oscillospiraceae,UCG-005,metagenome,Bacteria,Firmicutes,Clostridia,Oscillospirales,Oscillospiraceae,None,None,0.0029211295034079843
Bacteria,Firmicutes,Clostridia,Oscillospirales,Oscillospiraceae,UCG-005,metagenome,Bacteria,Firmicutes,Clostridia,Oscillospirales,Oscillospiraceae,uncultured,metagenome,0.0038948393378773127
Bacteria,Firmicutes,Clostridia,Oscillospirales,Oscillospiraceae,UCG-005,metagenome,Bacteria,Firmicutes,Clostridia,Oscillospirales,Oscillospiraceae,uncultured,unidentified,0.0038948393378773127
Bacteria,Firmicutes,Clostridia,Oscillospirales,Oscillospiraceae,UCG-005,metagenome,Bacteria,Firmicutes,Clostridia,Oscillospirales,Ruminococcaceae,Anaerofilum,uncultured_Firmicutes_bacterium,0.005842259006815969
Bacteria,Firmicutes,Clostridia,Oscillospirales,Oscillospiraceae,UCG-005,metagenome,Bacteria,Firmicutes,Clostridia,Oscillospirales,Ruminococcaceae,Anaerotruncus,Anaerotruncus_rubiinfantis,0.005842259006815969
Bacteria,Firmicutes,Clostridia,Oscillospirales,Oscillospiraceae,UCG-005,metagenome,Bacteria,Firmicutes,Clostridia,Oscillospirales,Ruminococcaceae,Anaerotruncus,Anaerotruncus_sp._NML_070203,0.005842259006815969
Bacteria,Firmicutes,Clostridia,Oscillospirales,Oscillospiraceae,UCG-005,metagenome,Bacteria,Firmicutes,Clostridia,Oscillospirales,Ruminococcaceae,Candidatus_Soleaferrea,Neobitarella_massiliensis,0.005842259006815969
Bacteria,Firmicutes,Clostridia,Oscillospirales,Oscillospiraceae,UCG-005,metagenome,Bacteria,Firmicutes,Clostridia,Oscillospirales,Ruminococcaceae,Candidatus_Soleaferrea,None,0.004868549172346641
Bacteria,Firmicutes,Clostridia,Oscillospirales,Oscillospiraceae,UCG-005,metagenome,Bacteria,Firmicutes,Clostridia,Oscillospirales,Ruminococcaceae,DTU089,None,0.004868549172346641
Bacteria,Firmicutes,Clostridia,Oscillospirales,Oscillospiraceae,UCG-005,metagenome,Bacteria,Firmicutes,Clostridia,Oscillospirales,Ruminococcaceae,Faecalibacterium,None,0.004868549172346641
Bacteria,Firmicutes,Clostridia,Oscillospirales,Oscillospiraceae,UCG-005,metagenome,Bacteria,Firmicutes,Clostridia,Oscillospirales,Ruminococcaceae,Fournierella,uncultured_organism,0.005842259006815969
Bacteria,Firmicutes,Clostridia,Oscillospirales,Oscillospiraceae,UCG-005,metagenome,Bacteria,Firmicutes,Clostridia,Oscillospirales,Ruminococcaceae,Incertae_Sedis,metagenome,0.005842259006815969
Bacteria,Firmicutes,Clostridia,Oscillospirales,Oscillospiraceae,UCG-005,metagenome,Bacteria,Firmicutes,Clostridia,Oscillospirales,Ruminococcaceae,Incertae_Sedis,None,0.004868549172346641
Bacteria,Firmicutes,Clostridia,Oscillospirales,Oscillospiraceae,UCG-005,metagenome,Bacteria,Firmicutes,Clostridia,Oscillospirales,Ruminococcaceae,Negativibacillus,None,0.004868549172346641
Bacteria,Firmicutes,Clostridia,Oscillospirales,Oscillospiraceae,UCG-005,metagenome,Bacteria,Firmicutes,Clostridia,Oscillospirales,Ruminococcaceae,Ruminococcus,Ruminococcus_champanellensis,0.005842259006815969
Bacteria,Firmicutes,Clostridia,Oscillospirales,Oscillospiraceae,UCG-005,metagenome,Bacteria,Firmicutes,Clostridia,Oscillospirales,Ruminococcaceae,Ruminococcus,None,0.004868549172346641
Bacteria,Firmicutes,Clostridia,Oscillospirales,Oscillospiraceae,UCG-005,metagenome,Bacteria,Firmicutes,Clostridia,Oscillospirales,Ruminococcaceae,Subdoligranulum,None,0.004868549172346641
Bacteria,Firmicutes,Clostridia,Oscillospirales,Oscillospiraceae,UCG-005,metagenome,Bacteria,Firmicutes,Clostridia,Oscillospirales,Ruminococcaceae,UBA1819,None,0.004868549172346641
Bacteria,Firmicutes,Clostridia,Oscillospirales,Oscillospiraceae,UCG-005,metagenome,Bacteria,Firmicutes,Clostridia,Oscillospirales,Ruminococcaceae,Eubacterium_siraeum_group,None,0.004868549172346641
Bacteria,Firmicutes,Clostridia,Oscillospirales,Oscillospiraceae,UCG-005,metagenome,Bacteria,Firmicutes,Clostridia,Oscillospirales,Ruminococcaceae,None,None,0.0038948393378773127
Bacteria,Firmicutes,Clostridia,Oscillospirales,Oscillospiraceae,UCG-005,metagenome,Bacteria,Firmicutes,Clostridia,Oscillospirales,UCG-010,None,None,0.0038948393378773127
Bacteria,Firmicutes,Clostridia,Oscillospirales,Oscillospiraceae,UCG-005,metagenome,Bacteria,Firmicutes,Clostridia,Oscillospirales,UCG-010,metagenome,None,0.004868549172346641
Bacteria,Firmicutes,Clostridia,Oscillospirales,Oscillospiraceae,UCG-005,metagenome,Bacteria,Firmicutes,Clostridia,Oscillospirales,UCG-010,uncultured_bacterium,None,0.004868549172346641
Bacteria,Firmicutes,Clostridia,Oscillospirales,Oscillospiraceae,UCG-005,metagenome,Bacteria,Firmicutes,Clostridia,Oscillospirales,UCG-010,uncultured_organism,None,0.004868549172346641
Bacteria,Firmicutes,Clostridia,Oscillospirales,Oscillospiraceae,UCG-005,metagenome,Bacteria,Firmicutes,Clostridia,Oscillospirales,Clostridium_methylpentosum_group,None,None,0.0038948393378773127
Bacteria,Firmicutes,Clostridia,Oscillospirales,Oscillospiraceae,UCG-005,metagenome,Bacteria,Firmicutes,Clostridia,Oscillospirales,Eubacterium_coprostanoligenes_group,None,None,0.0038948393378773127
Bacteria,Firmicutes,Clostridia,Oscillospirales,Oscillospiraceae,UCG-005,metagenome,Bacteria,Firmicutes,Clostridia,Oscillospirales,None,None,None,0.0038948393378773127
Bacteria,Firmicutes,Clostridia,Oscillospirales,Oscillospiraceae,UCG-005,metagenome,Bacteria,Firmicutes,Clostridia,Peptococcales,Peptococcaceae,uncultured,None,0.006815968841285297
Bacteria,Firmicutes,Clostridia,Oscillospirales,Oscillospiraceae,UCG-005,metagenome,Bacteria,Firmicutes,Clostridia,Peptostreptococcales-Tissierellales,Anaerovoracaceae,Family_XIII_AD3011_group,metagenome,0.007789678675754625
Bacteria,Firmicutes,Clostridia,Oscillospirales,Oscillospiraceae,UCG-005,metagenome,Bacteria,Firmicutes,Clostridia,Peptostreptococcales-Tissierellales,Anaerovoracaceae,Family_XIII_AD3011_group,None,0.006815968841285297
Bacteria,Firmicutes,Clostridia,Oscillospirales,Oscillospiraceae,UCG-005,metagenome,Bacteria,Firmicutes,Clostridia,Peptostreptococcales-Tissierellales,Anaerovoracaceae,Family_XIII_AD3011_group,uncultured,0.007789678675754625
Bacteria,Firmicutes,Clostridia,Oscillospirales,Oscillospiraceae,UCG-005,metagenome,Bacteria,Firmicutes,Clostridia,Peptostreptococcales-Tissierellales,Anaerovoracaceae,Family_XIII_UCG-001,metagenome,0.007789678675754625
Bacteria,Firmicutes,Clostridia,Oscillospirales,Oscillospiraceae,UCG-005,metagenome,Bacteria,Firmicutes,Clostridia,Peptostreptococcales-Tissierellales,Anaerovoracaceae,Eubacterium_nodatum_group,None,0.006815968841285297
Bacteria,Firmicutes,Clostridia,Oscillospirales,Oscillospiraceae,UCG-005,metagenome,Bacteria,Firmicutes,Clostridia,Peptostreptococcales-Tissierellales,Anaerovoracaceae,None,None,0.005842259006815969
Bacteria,Firmicutes,Clostridia,Oscillospirales,Oscillospiraceae,UCG-005,metagenome,Bacteria,Firmicutes,Clostridia,Peptostreptococcales-Tissierellales,Parvimonas,None,None,0.005842259006815969
Bacteria,Firmicutes,Clostridia,Oscillospirales,Oscillospiraceae,UCG-005,metagenome,Bacteria,Firmicutes,Clostridia,None,None,None,None,0.0038948393378773127
Bacteria,Firmicutes,Clostridia,Oscillospirales,Oscillospiraceae,UCG-005,metagenome,Bacteria,Firmicutes,Incertae_Sedis,DTU014,unidentified,None,None,0.007789678675754625
Bacteria,Firmicutes,Clostridia,Oscillospirales,Oscillospiraceae,UCG-005,metagenome,Bacteria,Firmicutes,Limnochordia,M55-D21,uncultured_compost_bacterium,None,None,0.007789678675754625
Bacteria,Firmicutes,Clostridia,Oscillospirales,Oscillospiraceae,UCG-005,metagenome,Bacteria,Firmicutes,Negativicutes,Acidaminococcales,Acidaminococcaceae,Phascolarctobacterium,None,0.008763388510223954
Bacteria,Firmicutes,Clostridia,Oscillospirales,Oscillospiraceae,UCG-005,metagenome,Bacteria,Firmicutes,None,None,None,None,None,0.004868549172346641
Bacteria,Firmicutes,Clostridia,Oscillospirales,Oscillospiraceae,UCG-005,metagenome,Bacteria,Firmicutes,uncultured,uncultured_Peptococcaceae_bacterium,None,None,None,0.006815968841285297
Bacteria,Firmicutes,Clostridia,Oscillospirales,Oscillospiraceae,UCG-005,metagenome,Bacteria,Proteobacteria,Alphaproteobacteria,Rhodospirillales,uncultured,None,None,0.009737098344693282
Bacteria,Firmicutes,Clostridia,Oscillospirales,Oscillospiraceae,UCG-005,metagenome,Bacteria,Proteobacteria,Gammaproteobacteria,Burkholderiales,Sutterellaceae,Sutterella,Sutterella_sp._252,0.011684518013631937
Bacteria,Firmicutes,Clostridia,Oscillospirales,Oscillospiraceae,UCG-005,metagenome,Bacteria,Proteobacteria,Gammaproteobacteria,Enterobacterales,Enterobacteriaceae,Escherichia-Shigella,None,0.010710808179162609
Bacteria,Firmicutes,Clostridia,Oscillospirales,Oscillospiraceae,UCG-005,metagenome,Bacteria,Proteobacteria,Gammaproteobacteria,Enterobacterales,Enterobacteriaceae,Klebsiella,None,0.010710808179162609
Bacteria,Firmicutes,Clostridia,Oscillospirales,Oscillospiraceae,UCG-005,metagenome,Bacteria,Proteobacteria,Gammaproteobacteria,Enterobacterales,Enterobacteriaceae,None,None,0.009737098344693282
Bacteria,Firmicutes,Clostridia,Oscillospirales,Oscillospiraceae,UCG-005,metagenome,Bacteria,Proteobacteria,Gammaproteobacteria,Pseudomonadales,Pseudomonadaceae,Pseudomonas,None,0.010710808179162609
Bacteria,Firmicutes,Clostridia,Oscillospirales,Oscillospiraceae,UCG-005,metagenome,Bacteria,Synergistota,Synergistia,Synergistales,Synergistaceae,Cloacibacillus,None,0.010710808179162609
Bacteria,Firmicutes,Clostridia,Oscillospirales,Oscillospiraceae,UCG-005,metagenome,Bacteria,Verrucomicrobiota,Verrucomicrobiae,Verrucomicrobiales,Akkermansiaceae,Akkermansia,None,0.010710808179162609
Bacteria,Firmicutes,Clostridia,Oscillospirales,Oscillospiraceae,UCG-005,uncultured_Clostridiales_bacterium,Bacteria,Firmicutes,Clostridia,Oscillospirales,Oscillospiraceae,UCG-005,uncultured_rumen_bacterium,0.0019474196689386564
Bacteria,Firmicutes,Clostridia,Oscillospirales,Oscillospiraceae,UCG-005,uncultured_Clostridiales_bacterium,Bacteria,Firmicutes,Clostridia,Oscillospirales,Oscillospiraceae,None,None,0.0029211295034079843
Bacteria,Firmicutes,Clostridia,Oscillospirales,Oscillospiraceae,UCG-005,uncultured_Clostridiales_bacterium,Bacteria,Firmicutes,Clostridia,Oscillospirales,Oscillospiraceae,uncultured,metagenome,0.0038948393378773127
Bacteria,Firmicutes,Clostridia,Oscillospirales,Oscillospiraceae,UCG-005,uncultured_Clostridiales_bacterium,Bacteria,Firmicutes,Clostridia,Oscillospirales,Oscillospiraceae,uncultured,unidentified,0.0038948393378773127
Bacteria,Firmicutes,Clostridia,Oscillospirales,Oscillospiraceae,UCG-005,uncultured_Clostridiales_bacterium,Bacteria,Firmicutes,Clostridia,Oscillospirales,Ruminococcaceae,Anaerofilum,uncultured_Firmicutes_bacterium,0.005842259006815969
Bacteria,Firmicutes,Clostridia,Oscillospirales,Oscillospiraceae,UCG-005,uncultured_Clostridiales_bacterium,Bacteria,Firmicutes,Clostridia,Oscillospirales,Ruminococcaceae,Anaerotruncus,Anaerotruncus_rubiinfantis,0.005842259006815969
Bacteria,Firmicutes,Clostridia,Oscillospirales,Oscillospiraceae,UCG-005,uncultured_Clostridiales_bacterium,Bacteria,Firmicutes,Clostridia,Oscillospirales,Ruminococcaceae,Anaerotruncus,Anaerotruncus_sp._NML_070203,0.005842259006815969
Bacteria,Firmicutes,Clostridia,Oscillospirales,Oscillospiraceae,UCG-005,uncultured_Clostridiales_bacterium,Bacteria,Firmicutes,Clostridia,Oscillospirales,Ruminococcaceae,Candidatus_Soleaferrea,Neobitarella_massiliensis,0.005842259006815969
Bacteria,Firmicutes,Clostridia,Oscillospirales,Oscillospiraceae,UCG-005,uncultured_Clostridiales_bacterium,Bacteria,Firmicutes,Clostridia,Oscillospirales,Ruminococcaceae,Candidatus_Soleaferrea,None,0.004868549172346641
Bacteria,Firmicutes,Clostridia,Oscillospirales,Oscillospiraceae,UCG-005,uncultured_Clostridiales_bacterium,Bacteria,Firmicutes,Clostridia,Oscillospirales,Ruminococcaceae,DTU089,None,0.004868549172346641
Bacteria,Firmicutes,Clostridia,Oscillospirales,Oscillospiraceae,UCG-005,uncultured_Clostridiales_bacterium,Bacteria,Firmicutes,Clostridia,Oscillospirales,Ruminococcaceae,Faecalibacterium,None,0.004868549172346641
Bacteria,Firmicutes,Clostridia,Oscillospirales,Oscillospiraceae,UCG-005,uncultured_Clostridiales_bacterium,Bacteria,Firmicutes,Clostridia,Oscillospirales,Ruminococcaceae,Fournierella,uncultured_organism,0.005842259006815969
Bacteria,Firmicutes,Clostridia,Oscillospirales,Oscillospiraceae,UCG-005,uncultured_Clostridiales_bacterium,Bacteria,Firmicutes,Clostridia,Oscillospirales,Ruminococcaceae,Incertae_Sedis,metagenome,0.005842259006815969
Bacteria,Firmicutes,Clostridia,Oscillospirales,Oscillospiraceae,UCG-005,uncultured_Clostridiales_bacterium,Bacteria,Firmicutes,Clostridia,Oscillospirales,Ruminococcaceae,Incertae_Sedis,None,0.004868549172346641
Bacteria,Firmicutes,Clostridia,Oscillospirales,Oscillospiraceae,UCG-005,uncultured_Clostridiales_bacterium,Bacteria,Firmicutes,Clostridia,Oscillospirales,Ruminococcaceae,Negativibacillus,None,0.004868549172346641
Bacteria,Firmicutes,Clostridia,Oscillospirales,Oscillospiraceae,UCG-005,uncultured_Clostridiales_bacterium,Bacteria,Firmicutes,Clostridia,Oscillospirales,Ruminococcaceae,Ruminococcus,Ruminococcus_champanellensis,0.005842259006815969
Bacteria,Firmicutes,Clostridia,Oscillospirales,Oscillospiraceae,UCG-005,uncultured_Clostridiales_bacterium,Bacteria,Firmicutes,Clostridia,Oscillospirales,Ruminococcaceae,Ruminococcus,None,0.004868549172346641
Bacteria,Firmicutes,Clostridia,Oscillospirales,Oscillospiraceae,UCG-005,uncultured_Clostridiales_bacterium,Bacteria,Firmicutes,Clostridia,Oscillospirales,Ruminococcaceae,Subdoligranulum,None,0.004868549172346641
Bacteria,Firmicutes,Clostridia,Oscillospirales,Oscillospiraceae,UCG-005,uncultured_Clostridiales_bacterium,Bacteria,Firmicutes,Clostridia,Oscillospirales,Ruminococcaceae,UBA1819,None,0.004868549172346641
Bacteria,Firmicutes,Clostridia,Oscillospirales,Oscillospiraceae,UCG-005,uncultured_Clostridiales_bacterium,Bacteria,Firmicutes,Clostridia,Oscillospirales,Ruminococcaceae,Eubacterium_siraeum_group,None,0.004868549172346641
Bacteria,Firmicutes,Clostridia,Oscillospirales,Oscillospiraceae,UCG-005,uncultured_Clostridiales_bacterium,Bacteria,Firmicutes,Clostridia,Oscillospirales,Ruminococcaceae,None,None,0.0038948393378773127
Bacteria,Firmicutes,Clostridia,Oscillospirales,Oscillospiraceae,UCG-005,uncultured_Clostridiales_bacterium,Bacteria,Firmicutes,Clostridia,Oscillospirales,UCG-010,None,None,0.0038948393378773127
Bacteria,Firmicutes,Clostridia,Oscillospirales,Oscillospiraceae,UCG-005,uncultured_Clostridiales_bacterium,Bacteria,Firmicutes,Clostridia,Oscillospirales,UCG-010,metagenome,None,0.004868549172346641
Bacteria,Firmicutes,Clostridia,Oscillospirales,Oscillospiraceae,UCG-005,uncultured_Clostridiales_bacterium,Bacteria,Firmicutes,Clostridia,Oscillospirales,UCG-010,uncultured_bacterium,None,0.004868549172346641
Bacteria,Firmicutes,Clostridia,Oscillospirales,Oscillospiraceae,UCG-005,uncultured_Clostridiales_bacterium,Bacteria,Firmicutes,Clostridia,Oscillospirales,UCG-010,uncultured_organism,None,0.004868549172346641
Bacteria,Firmicutes,Clostridia,Oscillospirales,Oscillospiraceae,UCG-005,uncultured_Clostridiales_bacterium,Bacteria,Firmicutes,Clostridia,Oscillospirales,Clostridium_methylpentosum_group,None,None,0.0038948393378773127
Bacteria,Firmicutes,Clostridia,Oscillospirales,Oscillospiraceae,UCG-005,uncultured_Clostridiales_bacterium,Bacteria,Firmicutes,Clostridia,Oscillospirales,Eubacterium_coprostanoligenes_group,None,None,0.0038948393378773127
Bacteria,Firmicutes,Clostridia,Oscillospirales,Oscillospiraceae,UCG-005,uncultured_Clostridiales_bacterium,Bacteria,Firmicutes,Clostridia,Oscillospirales,None,None,None,0.0038948393378773127
Bacteria,Firmicutes,Clostridia,Oscillospirales,Oscillospiraceae,UCG-005,uncultured_Clostridiales_bacterium,Bacteria,Firmicutes,Clostridia,Peptococcales,Peptococcaceae,uncultured,None,0.006815968841285297
Bacteria,Firmicutes,Clostridia,Oscillospirales,Oscillospiraceae,UCG-005,uncultured_Clostridiales_bacterium,Bacteria,Firmicutes,Clostridia,Peptostreptococcales-Tissierellales,Anaerovoracaceae,Family_XIII_AD3011_group,metagenome,0.007789678675754625
Bacteria,Firmicutes,Clostridia,Oscillospirales,Oscillospiraceae,UCG-005,uncultured_Clostridiales_bacterium,Bacteria,Firmicutes,Clostridia,Peptostreptococcales-Tissierellales,Anaerovoracaceae,Family_XIII_AD3011_group,None,0.006815968841285297
Bacteria,Firmicutes,Clostridia,Oscillospirales,Oscillospiraceae,UCG-005,uncultured_Clostridiales_bacterium,Bacteria,Firmicutes,Clostridia,Peptostreptococcales-Tissierellales,Anaerovoracaceae,Family_XIII_AD3011_group,uncultured,0.007789678675754625
Bacteria,Firmicutes,Clostridia,Oscillospirales,Oscillospiraceae,UCG-005,uncultured_Clostridiales_bacterium,Bacteria,Firmicutes,Clostridia,Peptostreptococcales-Tissierellales,Anaerovoracaceae,Family_XIII_UCG-001,metagenome,0.007789678675754625
Bacteria,Firmicutes,Clostridia,Oscillospirales,Oscillospiraceae,UCG-005,uncultured_Clostridiales_bacterium,Bacteria,Firmicutes,Clostridia,Peptostreptococcales-Tissierellales,Anaerovoracaceae,Eubacterium_nodatum_group,None,0.006815968841285297
Bacteria,Firmicutes,Clostridia,Oscillospirales,Oscillospiraceae,UCG-005,uncultured_Clostridiales_bacterium,Bacteria,Firmicutes,Clostridia,Peptostreptococcales-Tissierellales,Anaerovoracaceae,None,None,0.005842259006815969
Bacteria,Firmicutes,Clostridia,Oscillospirales,Oscillospiraceae,UCG-005,uncultured_Clostridiales_bacterium,Bacteria,Firmicutes,Clostridia,Peptostreptococcales-Tissierellales,Parvimonas,None,None,0.005842259006815969
Bacteria,Firmicutes,Clostridia,Oscillospirales,Oscillospiraceae,UCG-005,uncultured_Clostridiales_bacterium,Bacteria,Firmicutes,Clostridia,None,None,None,None,0.0038948393378773127
Bacteria,Firmicutes,Clostridia,Oscillospirales,Oscillospiraceae,UCG-005,uncultured_Clostridiales_bacterium,Bacteria,Firmicutes,Incertae_Sedis,DTU014,unidentified,None,None,0.007789678675754625
Bacteria,Firmicutes,Clostridia,Oscillospirales,Oscillospiraceae,UCG-005,uncultured_Clostridiales_bacterium,Bacteria,Firmicutes,Limnochordia,M55-D21,uncultured_compost_bacterium,None,None,0.007789678675754625
Bacteria,Firmicutes,Clostridia,Oscillospirales,Oscillospiraceae,UCG-005,uncultured_Clostridiales_bacterium,Bacteria,Firmicutes,Negativicutes,Acidaminococcales,Acidaminococcaceae,Phascolarctobacterium,None,0.008763388510223954
Bacteria,Firmicutes,Clostridia,Oscillospirales,Oscillospiraceae,UCG-005,uncultured_Clostridiales_bacterium,Bacteria,Firmicutes,None,None,None,None,None,0.004868549172346641
Bacteria,Firmicutes,Clostridia,Oscillospirales,Oscillospiraceae,UCG-005,uncultured_Clostridiales_bacterium,Bacteria,Firmicutes,uncultured,uncultured_Peptococcaceae_bacterium,None,None,None,0.006815968841285297
Bacteria,Firmicutes,Clostridia,Oscillospirales,Oscillospiraceae,UCG-005,uncultured_Clostridiales_bacterium,Bacteria,Proteobacteria,Alphaproteobacteria,Rhodospirillales,uncultured,None,None,0.009737098344693282
Bacteria,Firmicutes,Clostridia,Oscillospirales,Oscillospiraceae,UCG-005,uncultured_Clostridiales_bacterium,Bacteria,Proteobacteria,Gammaproteobacteria,Burkholderiales,Sutterellaceae,Sutterella,Sutterella_sp._252,0.011684518013631937
Bacteria,Firmicutes,Clostridia,Oscillospirales,Oscillospiraceae,UCG-005,uncultured_Clostridiales_bacterium,Bacteria,Proteobacteria,Gammaproteobacteria,Enterobacterales,Enterobacteriaceae,Escherichia-Shigella,None,0.010710808179162609
Bacteria,Firmicutes,Clostridia,Oscillospirales,Oscillospiraceae,UCG-005,uncultured_Clostridiales_bacterium,Bacteria,Proteobacteria,Gammaproteobacteria,Enterobacterales,Enterobacteriaceae,Klebsiella,None,0.010710808179162609
Bacteria,Firmicutes,Clostridia,Oscillospirales,Oscillospiraceae,UCG-005,uncultured_Clostridiales_bacterium,Bacteria,Proteobacteria,Gammaproteobacteria,Enterobacterales,Enterobacteriaceae,None,None,0.009737098344693282
Bacteria,Firmicutes,Clostridia,Oscillospirales,Oscillospiraceae,UCG-005,uncultured_Clostridiales_bacterium,Bacteria,Proteobacteria,Gammaproteobacteria,Pseudomonadales,Pseudomonadaceae,Pseudomonas,None,0.010710808179162609
Bacteria,Firmicutes,Clostridia,Oscillospirales,Oscillospiraceae,UCG-005,uncultured_Clostridiales_bacterium,Bacteria,Synergistota,Synergistia,Synergistales,Synergistaceae,Cloacibacillus,None,0.010710808179162609
Bacteria,Firmicutes,Clostridia,Oscillospirales,Oscillospiraceae,UCG-005,uncultured_Clostridiales_bacterium,Bacteria,Verrucomicrobiota,Verrucomicrobiae,Verrucomicrobiales,Akkermansiaceae,Akkermansia,None,0.010710808179162609
Bacteria,Firmicutes,Clostridia,Oscillospirales,Oscillospiraceae,UCG-005,uncultured_rumen_bacterium,Bacteria,Firmicutes,Clostridia,Oscillospirales,Oscillospiraceae,None,None,0.0029211295034079843
Bacteria,Firmicutes,Clostridia,Oscillospirales,Oscillospiraceae,UCG-005,uncultured_rumen_bacterium,Bacteria,Firmicutes,Clostridia,Oscillospirales,Oscillospiraceae,uncultured,metagenome,0.0038948393378773127
Bacteria,Firmicutes,Clostridia,Oscillospirales,Oscillospiraceae,UCG-005,uncultured_rumen_bacterium,Bacteria,Firmicutes,Clostridia,Oscillospirales,Oscillospiraceae,uncultured,unidentified,0.0038948393378773127
Bacteria,Firmicutes,Clostridia,Oscillospirales,Oscillospiraceae,UCG-005,uncultured_rumen_bacterium,Bacteria,Firmicutes,Clostridia,Oscillospirales,Ruminococcaceae,Anaerofilum,uncultured_Firmicutes_bacterium,0.005842259006815969
Bacteria,Firmicutes,Clostridia,Oscillospirales,Oscillospiraceae,UCG-005,uncultured_rumen_bacterium,Bacteria,Firmicutes,Clostridia,Oscillospirales,Ruminococcaceae,Anaerotruncus,Anaerotruncus_rubiinfantis,0.005842259006815969
Bacteria,Firmicutes,Clostridia,Oscillospirales,Oscillospiraceae,UCG-005,uncultured_rumen_bacterium,Bacteria,Firmicutes,Clostridia,Oscillospirales,Ruminococcaceae,Anaerotruncus,Anaerotruncus_sp._NML_070203,0.005842259006815969
Bacteria,Firmicutes,Clostridia,Oscillospirales,Oscillospiraceae,UCG-005,uncultured_rumen_bacterium,Bacteria,Firmicutes,Clostridia,Oscillospirales,Ruminococcaceae,Candidatus_Soleaferrea,Neobitarella_massiliensis,0.005842259006815969
Bacteria,Firmicutes,Clostridia,Oscillospirales,Oscillospiraceae,UCG-005,uncultured_rumen_bacterium,Bacteria,Firmicutes,Clostridia,Oscillospirales,Ruminococcaceae,Candidatus_Soleaferrea,None,0.004868549172346641
Bacteria,Firmicutes,Clostridia,Oscillospirales,Oscillospiraceae,UCG-005,uncultured_rumen_bacterium,Bacteria,Firmicutes,Clostridia,Oscillospirales,Ruminococcaceae,DTU089,None,0.004868549172346641
Bacteria,Firmicutes,Clostridia,Oscillospirales,Oscillospiraceae,UCG-005,uncultured_rumen_bacterium,Bacteria,Firmicutes,Clostridia,Oscillospirales,Ruminococcaceae,Faecalibacterium,None,0.004868549172346641
Bacteria,Firmicutes,Clostridia,Oscillospirales,Oscillospiraceae,UCG-005,uncultured_rumen_bacterium,Bacteria,Firmicutes,Clostridia,Oscillospirales,Ruminococcaceae,Fournierella,uncultured_organism,0.005842259006815969
Bacteria,Firmicutes,Clostridia,Oscillospirales,Oscillospiraceae,UCG-005,uncultured_rumen_bacterium,Bacteria,Firmicutes,Clostridia,Oscillospirales,Ruminococcaceae,Incertae_Sedis,metagenome,0.005842259006815969
Bacteria,Firmicutes,Clostridia,Oscillospirales,Oscillospiraceae,UCG-005,uncultured_rumen_bacterium,Bacteria,Firmicutes,Clostridia,Oscillospirales,Ruminococcaceae,Incertae_Sedis,None,0.004868549172346641
Bacteria,Firmicutes,Clostridia,Oscillospirales,Oscillospiraceae,UCG-005,uncultured_rumen_bacterium,Bacteria,Firmicutes,Clostridia,Oscillospirales,Ruminococcaceae,Negativibacillus,None,0.004868549172346641
Bacteria,Firmicutes,Clostridia,Oscillospirales,Oscillospiraceae,UCG-005,uncultured_rumen_bacterium,Bacteria,Firmicutes,Clostridia,Oscillospirales,Ruminococcaceae,Ruminococcus,Ruminococcus_champanellensis,0.005842259006815969
Bacteria,Firmicutes,Clostridia,Oscillospirales,Oscillospiraceae,UCG-005,uncultured_rumen_bacterium,Bacteria,Firmicutes,Clostridia,Oscillospirales,Ruminococcaceae,Ruminococcus,None,0.004868549172346641
Bacteria,Firmicutes,Clostridia,Oscillospirales,Oscillospiraceae,UCG-005,uncultured_rumen_bacterium,Bacteria,Firmicutes,Clostridia,Oscillospirales,Ruminococcaceae,Subdoligranulum,None,0.004868549172346641
Bacteria,Firmicutes,Clostridia,Oscillospirales,Oscillospiraceae,UCG-005,uncultured_rumen_bacterium,Bacteria,Firmicutes,Clostridia,Oscillospirales,Ruminococcaceae,UBA1819,None,0.004868549172346641
Bacteria,Firmicutes,Clostridia,Oscillospirales,Oscillospiraceae,UCG-005,uncultured_rumen_bacterium,Bacteria,Firmicutes,Clostridia,Oscillospirales,Ruminococcaceae,Eubacterium_siraeum_group,None,0.004868549172346641
Bacteria,Firmicutes,Clostridia,Oscillospirales,Oscillospiraceae,UCG-005,uncultured_rumen_bacterium,Bacteria,Firmicutes,Clostridia,Oscillospirales,Ruminococcaceae,None,None,0.0038948393378773127
Bacteria,Firmicutes,Clostridia,Oscillospirales,Oscillospiraceae,UCG-005,uncultured_rumen_bacterium,Bacteria,Firmicutes,Clostridia,Oscillospirales,UCG-010,None,None,0.0038948393378773127
Bacteria,Firmicutes,Clostridia,Oscillospirales,Oscillospiraceae,UCG-005,uncultured_rumen_bacterium,Bacteria,Firmicutes,Clostridia,Oscillospirales,UCG-010,metagenome,None,0.004868549172346641
Bacteria,Firmicutes,Clostridia,Oscillospirales,Oscillospiraceae,UCG-005,uncultured_rumen_bacterium,Bacteria,Firmicutes,Clostridia,Oscillospirales,UCG-010,uncultured_bacterium,None,0.004868549172346641
Bacteria,Firmicutes,Clostridia,Oscillospirales,Oscillospiraceae,UCG-005,uncultured_rumen_bacterium,Bacteria,Firmicutes,Clostridia,Oscillospirales,UCG-010,uncultured_organism,None,0.004868549172346641
Bacteria,Firmicutes,Clostridia,Oscillospirales,Oscillospiraceae,UCG-005,uncultured_rumen_bacterium,Bacteria,Firmicutes,Clostridia,Oscillospirales,Clostridium_methylpentosum_group,None,None,0.0038948393378773127
Bacteria,Firmicutes,Clostridia,Oscillospirales,Oscillospiraceae,UCG-005,uncultured_rumen_bacterium,Bacteria,Firmicutes,Clostridia,Oscillospirales,Eubacterium_coprostanoligenes_group,None,None,0.0038948393378773127
Bacteria,Firmicutes,Clostridia,Oscillospirales,Oscillospiraceae,UCG-005,uncultured_rumen_bacterium,Bacteria,Firmicutes,Clostridia,Oscillospirales,None,None,None,0.0038948393378773127
Bacteria,Firmicutes,Clostridia,Oscillospirales,Oscillospiraceae,UCG-005,uncultured_rumen_bacterium,Bacteria,Firmicutes,Clostridia,Peptococcales,Peptococcaceae,uncultured,None,0.006815968841285297
Bacteria,Firmicutes,Clostridia,Oscillospirales,Oscillospiraceae,UCG-005,uncultured_rumen_bacterium,Bacteria,Firmicutes,Clostridia,Peptostreptococcales-Tissierellales,Anaerovoracaceae,Family_XIII_AD3011_group,metagenome,0.007789678675754625
Bacteria,Firmicutes,Clostridia,Oscillospirales,Oscillospiraceae,UCG-005,uncultured_rumen_bacterium,Bacteria,Firmicutes,Clostridia,Peptostreptococcales-Tissierellales,Anaerovoracaceae,Family_XIII_AD3011_group,None,0.006815968841285297
Bacteria,Firmicutes,Clostridia,Oscillospirales,Oscillospiraceae,UCG-005,uncultured_rumen_bacterium,Bacteria,Firmicutes,Clostridia,Peptostreptococcales-Tissierellales,Anaerovoracaceae,Family_XIII_AD3011_group,uncultured,0.007789678675754625
Bacteria,Firmicutes,Clostridia,Oscillospirales,Oscillospiraceae,UCG-005,uncultured_rumen_bacterium,Bacteria,Firmicutes,Clostridia,Peptostreptococcales-Tissierellales,Anaerovoracaceae,Family_XIII_UCG-001,metagenome,0.007789678675754625
Bacteria,Firmicutes,Clostridia,Oscillospirales,Oscillospiraceae,UCG-005,uncultured_rumen_bacterium,Bacteria,Firmicutes,Clostridia,Peptostreptococcales-Tissierellales,Anaerovoracaceae,Eubacterium_nodatum_group,None,0.006815968841285297
Bacteria,Firmicutes,Clostridia,Oscillospirales,Oscillospiraceae,UCG-005,uncultured_rumen_bacterium,Bacteria,Firmicutes,Clostridia,Peptostreptococcales-Tissierellales,Anaerovoracaceae,None,None,0.005842259006815969
Bacteria,Firmicutes,Clostridia,Oscillospirales,Oscillospiraceae,UCG-005,uncultured_rumen_bacterium,Bacteria,Firmicutes,Clostridia,Peptostreptococcales-Tissierellales,Parvimonas,None,None,0.005842259006815969
Bacteria,Firmicutes,Clostridia,Oscillospirales,Oscillospiraceae,UCG-005,uncultured_rumen_bacterium,Bacteria,Firmicutes,Clostridia,None,None,None,None,0.0038948393378773127
Bacteria,Firmicutes,Clostridia,Oscillospirales,Oscillospiraceae,UCG-005,uncultured_rumen_bacterium,Bacteria,Firmicutes,Incertae_Sedis,DTU014,unidentified,None,None,0.007789678675754625
Bacteria,Firmicutes,Clostridia,Oscillospirales,Oscillospiraceae,UCG-005,uncultured_rumen_bacterium,Bacteria,Firmicutes,Limnochordia,M55-D21,uncultured_compost_bacterium,None,None,0.007789678675754625
Bacteria,Firmicutes,Clostridia,Oscillospirales,Oscillospiraceae,UCG-005,uncultured_rumen_bacterium,Bacteria,Firmicutes,Negativicutes,Acidaminococcales,Acidaminococcaceae,Phascolarctobacterium,None,0.008763388510223954
Bacteria,Firmicutes,Clostridia,Oscillospirales,Oscillospiraceae,UCG-005,uncultured_rumen_bacterium,Bacteria,Firmicutes,None,None,None,None,None,0.004868549172346641
Bacteria,Firmicutes,Clostridia,Oscillospirales,Oscillospiraceae,UCG-005,uncultured_rumen_bacterium,Bacteria,Firmicutes,uncultured,uncultured_Peptococcaceae_bacterium,None,None,None,0.006815968841285297
Bacteria,Firmicutes,Clostridia,Oscillospirales,Oscillospiraceae,UCG-005,uncultured_rumen_bacterium,Bacteria,Proteobacteria,Alphaproteobacteria,Rhodospirillales,uncultured,None,None,0.009737098344693282
Bacteria,Firmicutes,Clostridia,Oscillospirales,Oscillospiraceae,UCG-005,uncultured_rumen_bacterium,Bacteria,Proteobacteria,Gammaproteobacteria,Burkholderiales,Sutterellaceae,Sutterella,Sutterella_sp._252,0.011684518013631937
Bacteria,Firmicutes,Clostridia,Oscillospirales,Oscillospiraceae,UCG-005,uncultured_rumen_bacterium,Bacteria,Proteobacteria,Gammaproteobacteria,Enterobacterales,Enterobacteriaceae,Escherichia-Shigella,None,0.010710808179162609
Bacteria,Firmicutes,Clostridia,Oscillospirales,Oscillospiraceae,UCG-005,uncultured_rumen_bacterium,Bacteria,Proteobacteria,Gammaproteobacteria,Enterobacterales,Enterobacteriaceae,Klebsiella,None,0.010710808179162609
Bacteria,Firmicutes,Clostridia,Oscillospirales,Oscillospiraceae,UCG-005,uncultured_rumen_bacterium,Bacteria,Proteobacteria,Gammaproteobacteria,Enterobacterales,Enterobacteriaceae,None,None,0.009737098344693282
Bacteria,Firmicutes,Clostridia,Oscillospirales,Oscillospiraceae,UCG-005,uncultured_rumen_bacterium,Bacteria,Proteobacteria,Gammaproteobacteria,Pseudomonadales,Pseudomonadaceae,Pseudomonas,None,0.010710808179162609
Bacteria,Firmicutes,Clostridia,Oscillospirales,Oscillospiraceae,UCG-005,uncultured_rumen_bacterium,Bacteria,Synergistota,Synergistia,Synergistales,Synergistaceae,Cloacibacillus,None,0.010710808179162609
Bacteria,Firmicutes,Clostridia,Oscillospirales,Oscillospiraceae,UCG-005,uncultured_rumen_bacterium,Bacteria,Verrucomicrobiota,Verrucomicrobiae,Verrucomicrobiales,Akkermansiaceae,Akkermansia,None,0.010710808179162609
Bacteria,Firmicutes,Clostridia,Oscillospirales,Oscillospiraceae,None,None,Bacteria,Firmicutes,Clostridia,Oscillospirales,Oscillospiraceae,uncultured,metagenome,0.0029211295034079843
Bacteria,Firmicutes,Clostridia,Oscillospirales,Oscillospiraceae,None,None,Bacteria,Firmicutes,Clostridia,Oscillospirales,Oscillospiraceae,uncultured,unidentified,0.0029211295034079843
Bacteria,Firmicutes,Clostridia,Oscillospirales,Oscillospiraceae,None,None,Bacteria,Firmicutes,Clostridia,Oscillospirales,Ruminococcaceae,Anaerofilum,uncultured_Firmicutes_bacterium,0.0038948393378773127
Bacteria,Firmicutes,Clostridia,Oscillospirales,Oscillospiraceae,None,None,Bacteria,Firmicutes,Clostridia,Oscillospirales,Ruminococcaceae,Anaerotruncus,Anaerotruncus_rubiinfantis,0.0038948393378773127
Bacteria,Firmicutes,Clostridia,Oscillospirales,Oscillospiraceae,None,None,Bacteria,Firmicutes,Clostridia,Oscillospirales,Ruminococcaceae,Anaerotruncus,Anaerotruncus_sp._NML_070203,0.0038948393378773127
Bacteria,Firmicutes,Clostridia,Oscillospirales,Oscillospiraceae,None,None,Bacteria,Firmicutes,Clostridia,Oscillospirales,Ruminococcaceae,Candidatus_Soleaferrea,Neobitarella_massiliensis,0.0038948393378773127
Bacteria,Firmicutes,Clostridia,Oscillospirales,Oscillospiraceae,None,None,Bacteria,Firmicutes,Clostridia,Oscillospirales,Ruminococcaceae,Candidatus_Soleaferrea,None,0.0029211295034079843
Bacteria,Firmicutes,Clostridia,Oscillospirales,Oscillospiraceae,None,None,Bacteria,Firmicutes,Clostridia,Oscillospirales,Ruminococcaceae,DTU089,None,0.0029211295034079843
Bacteria,Firmicutes,Clostridia,Oscillospirales,Oscillospiraceae,None,None,Bacteria,Firmicutes,Clostridia,Oscillospirales,Ruminococcaceae,Faecalibacterium,None,0.0029211295034079843
Bacteria,Firmicutes,Clostridia,Oscillospirales,Oscillospiraceae,None,None,Bacteria,Firmicutes,Clostridia,Oscillospirales,Ruminococcaceae,Fournierella,uncultured_organism,0.0038948393378773127
Bacteria,Firmicutes,Clostridia,Oscillospirales,Oscillospiraceae,None,None,Bacteria,Firmicutes,Clostridia,Oscillospirales,Ruminococcaceae,Incertae_Sedis,metagenome,0.0038948393378773127
Bacteria,Firmicutes,Clostridia,Oscillospirales,Oscillospiraceae,None,None,Bacteria,Firmicutes,Clostridia,Oscillospirales,Ruminococcaceae,Incertae_Sedis,None,0.0029211295034079843
Bacteria,Firmicutes,Clostridia,Oscillospirales,Oscillospiraceae,None,None,Bacteria,Firmicutes,Clostridia,Oscillospirales,Ruminococcaceae,Negativibacillus,None,0.0029211295034079843
Bacteria,Firmicutes,Clostridia,Oscillospirales,Oscillospiraceae,None,None,Bacteria,Firmicutes,Clostridia,Oscillospirales,Ruminococcaceae,Ruminococcus,Ruminococcus_champanellensis,0.0038948393378773127
Bacteria,Firmicutes,Clostridia,Oscillospirales,Oscillospiraceae,None,None,Bacteria,Firmicutes,Clostridia,Oscillospirales,Ruminococcaceae,Ruminococcus,None,0.0029211295034079843
Bacteria,Firmicutes,Clostridia,Oscillospirales,Oscillospiraceae,None,None,Bacteria,Firmicutes,Clostridia,Oscillospirales,Ruminococcaceae,Subdoligranulum,None,0.0029211295034079843
Bacteria,Firmicutes,Clostridia,Oscillospirales,Oscillospiraceae,None,None,Bacteria,Firmicutes,Clostridia,Oscillospirales,Ruminococcaceae,UBA1819,None,0.0029211295034079843
Bacteria,Firmicutes,Clostridia,Oscillospirales,Oscillospiraceae,None,None,Bacteria,Firmicutes,Clostridia,Oscillospirales,Ruminococcaceae,Eubacterium_siraeum_group,None,0.0029211295034079843
Bacteria,Firmicutes,Clostridia,Oscillospirales,Oscillospiraceae,None,None,Bacteria,Firmicutes,Clostridia,Oscillospirales,Ruminococcaceae,None,None,0.0019474196689386564
Bacteria,Firmicutes,Clostridia,Oscillospirales,Oscillospiraceae,None,None,Bacteria,Firmicutes,Clostridia,Oscillospirales,UCG-010,None,None,0.0019474196689386564
Bacteria,Firmicutes,Clostridia,Oscillospirales,Oscillospiraceae,None,None,Bacteria,Firmicutes,Clostridia,Oscillospirales,UCG-010,metagenome,None,0.0029211295034079843
Bacteria,Firmicutes,Clostridia,Oscillospirales,Oscillospiraceae,None,None,Bacteria,Firmicutes,Clostridia,Oscillospirales,UCG-010,uncultured_bacterium,None,0.0029211295034079843
Bacteria,Firmicutes,Clostridia,Oscillospirales,Oscillospiraceae,None,None,Bacteria,Firmicutes,Clostridia,Oscillospirales,UCG-010,uncultured_organism,None,0.0029211295034079843
Bacteria,Firmicutes,Clostridia,Oscillospirales,Oscillospiraceae,None,None,Bacteria,Firmicutes,Clostridia,Oscillospirales,Clostridium_methylpentosum_group,None,None,0.0019474196689386564
Bacteria,Firmicutes,Clostridia,Oscillospirales,Oscillospiraceae,None,None,Bacteria,Firmicutes,Clostridia,Oscillospirales,Eubacterium_coprostanoligenes_group,None,None,0.0019474196689386564
Bacteria,Firmicutes,Clostridia,Oscillospirales,Oscillospiraceae,None,None,Bacteria,Firmicutes,Clostridia,Oscillospirales,None,None,None,0.0019474196689386564
Bacteria,Firmicutes,Clostridia,Oscillospirales,Oscillospiraceae,None,None,Bacteria,Firmicutes,Clostridia,Peptococcales,Peptococcaceae,uncultured,None,0.004868549172346641
Bacteria,Firmicutes,Clostridia,Oscillospirales,Oscillospiraceae,None,None,Bacteria,Firmicutes,Clostridia,Peptostreptococcales-Tissierellales,Anaerovoracaceae,Family_XIII_AD3011_group,metagenome,0.005842259006815969
Bacteria,Firmicutes,Clostridia,Oscillospirales,Oscillospiraceae,None,None,Bacteria,Firmicutes,Clostridia,Peptostreptococcales-Tissierellales,Anaerovoracaceae,Family_XIII_AD3011_group,None,0.004868549172346641
Bacteria,Firmicutes,Clostridia,Oscillospirales,Oscillospiraceae,None,None,Bacteria,Firmicutes,Clostridia,Peptostreptococcales-Tissierellales,Anaerovoracaceae,Family_XIII_AD3011_group,uncultured,0.005842259006815969
Bacteria,Firmicutes,Clostridia,Oscillospirales,Oscillospiraceae,None,None,Bacteria,Firmicutes,Clostridia,Peptostreptococcales-Tissierellales,Anaerovoracaceae,Family_XIII_UCG-001,metagenome,0.005842259006815969
Bacteria,Firmicutes,Clostridia,Oscillospirales,Oscillospiraceae,None,None,Bacteria,Firmicutes,Clostridia,Peptostreptococcales-Tissierellales,Anaerovoracaceae,Eubacterium_nodatum_group,None,0.004868549172346641
Bacteria,Firmicutes,Clostridia,Oscillospirales,Oscillospiraceae,None,None,Bacteria,Firmicutes,Clostridia,Peptostreptococcales-Tissierellales,Anaerovoracaceae,None,None,0.0038948393378773127
Bacteria,Firmicutes,Clostridia,Oscillospirales,Oscillospiraceae,None,None,Bacteria,Firmicutes,Clostridia,Peptostreptococcales-Tissierellales,Parvimonas,None,None,0.0038948393378773127
Bacteria,Firmicutes,Clostridia,Oscillospirales,Oscillospiraceae,None,None,Bacteria,Firmicutes,Clostridia,None,None,None,None,0.0019474196689386564
Bacteria,Firmicutes,Clostridia,Oscillospirales,Oscillospiraceae,None,None,Bacteria,Firmicutes,Incertae_Sedis,DTU014,unidentified,None,None,0.005842259006815969
Bacteria,Firmicutes,Clostridia,Oscillospirales,Oscillospiraceae,None,None,Bacteria,Firmicutes,Limnochordia,M55-D21,uncultured_compost_bacterium,None,None,0.005842259006815969
Bacteria,Firmicutes,Clostridia,Oscillospirales,Oscillospiraceae,None,None,Bacteria,Firmicutes,Negativicutes,Acidaminococcales,Acidaminococcaceae,Phascolarctobacterium,None,0.006815968841285297
Bacteria,Firmicutes,Clostridia,Oscillospirales,Oscillospiraceae,None,None,Bacteria,Firmicutes,None,None,None,None,None,0.0029211295034079843
Bacteria,Firmicutes,Clostridia,Oscillospirales,Oscillospiraceae,None,None,Bacteria,Firmicutes,uncultured,uncultured_Peptococcaceae_bacterium,None,None,None,0.004868549172346641
Bacteria,Firmicutes,Clostridia,Oscillospirales,Oscillospiraceae,None,None,Bacteria,Proteobacteria,Alphaproteobacteria,Rhodospirillales,uncultured,None,None,0.007789678675754625
Bacteria,Firmicutes,Clostridia,Oscillospirales,Oscillospiraceae,None,None,Bacteria,Proteobacteria,Gammaproteobacteria,Burkholderiales,Sutterellaceae,Sutterella,Sutterella_sp._252,0.009737098344693282
Bacteria,Firmicutes,Clostridia,Oscillospirales,Oscillospiraceae,None,None,Bacteria,Proteobacteria,Gammaproteobacteria,Enterobacterales,Enterobacteriaceae,Escherichia-Shigella,None,0.008763388510223954
Bacteria,Firmicutes,Clostridia,Oscillospirales,Oscillospiraceae,None,None,Bacteria,Proteobacteria,Gammaproteobacteria,Enterobacterales,Enterobacteriaceae,Klebsiella,None,0.008763388510223954
Bacteria,Firmicutes,Clostridia,Oscillospirales,Oscillospiraceae,None,None,Bacteria,Proteobacteria,Gammaproteobacteria,Enterobacterales,Enterobacteriaceae,None,None,0.007789678675754625
Bacteria,Firmicutes,Clostridia,Oscillospirales,Oscillospiraceae,None,None,Bacteria,Proteobacteria,Gammaproteobacteria,Pseudomonadales,Pseudomonadaceae,Pseudomonas,None,0.008763388510223954
Bacteria,Firmicutes,Clostridia,Oscillospirales,Oscillospiraceae,None,None,Bacteria,Synergistota,Synergistia,Synergistales,Synergistaceae,Cloacibacillus,None,0.008763388510223954
Bacteria,Firmicutes,Clostridia,Oscillospirales,Oscillospiraceae,None,None,Bacteria,Verrucomicrobiota,Verrucomicrobiae,Verrucomicrobiales,Akkermansiaceae,Akkermansia,None,0.008763388510223954
Bacteria,Firmicutes,Clostridia,Oscillospirales,Oscillospiraceae,uncultured,metagenome,Bacteria,Firmicutes,Clostridia,Oscillospirales,Oscillospiraceae,uncultured,unidentified,0.0019474196689386564
Bacteria,Firmicutes,Clostridia,Oscillospirales,Oscillospiraceae,uncultured,metagenome,Bacteria,Firmicutes,Clostridia,Oscillospirales,Ruminococcaceae,Anaerofilum,uncultured_Firmicutes_bacterium,0.005842259006815969
Bacteria,Firmicutes,Clostridia,Oscillospirales,Oscillospiraceae,uncultured,metagenome,Bacteria,Firmicutes,Clostridia,Oscillospirales,Ruminococcaceae,Anaerotruncus,Anaerotruncus_rubiinfantis,0.005842259006815969
Bacteria,Firmicutes,Clostridia,Oscillospirales,Oscillospiraceae,uncultured,metagenome,Bacteria,Firmicutes,Clostridia,Oscillospirales,Ruminococcaceae,Anaerotruncus,Anaerotruncus_sp._NML_070203,0.005842259006815969
Bacteria,Firmicutes,Clostridia,Oscillospirales,Oscillospiraceae,uncultured,metagenome,Bacteria,Firmicutes,Clostridia,Oscillospirales,Ruminococcaceae,Candidatus_Soleaferrea,Neobitarella_massiliensis,0.005842259006815969
Bacteria,Firmicutes,Clostridia,Oscillospirales,Oscillospiraceae,uncultured,metagenome,Bacteria,Firmicutes,Clostridia,Oscillospirales,Ruminococcaceae,Candidatus_Soleaferrea,None,0.004868549172346641
Bacteria,Firmicutes,Clostridia,Oscillospirales,Oscillospiraceae,uncultured,metagenome,Bacteria,Firmicutes,Clostridia,Oscillospirales,Ruminococcaceae,DTU089,None,0.004868549172346641
Bacteria,Firmicutes,Clostridia,Oscillospirales,Oscillospiraceae,uncultured,metagenome,Bacteria,Firmicutes,Clostridia,Oscillospirales,Ruminococcaceae,Faecalibacterium,None,0.004868549172346641
Bacteria,Firmicutes,Clostridia,Oscillospirales,Oscillospiraceae,uncultured,metagenome,Bacteria,Firmicutes,Clostridia,Oscillospirales,Ruminococcaceae,Fournierella,uncultured_organism,0.005842259006815969
Bacteria,Firmicutes,Clostridia,Oscillospirales,Oscillospiraceae,uncultured,metagenome,Bacteria,Firmicutes,Clostridia,Oscillospirales,Ruminococcaceae,Incertae_Sedis,metagenome,0.005842259006815969
Bacteria,Firmicutes,Clostridia,Oscillospirales,Oscillospiraceae,uncultured,metagenome,Bacteria,Firmicutes,Clostridia,Oscillospirales,Ruminococcaceae,Incertae_Sedis,None,0.004868549172346641
Bacteria,Firmicutes,Clostridia,Oscillospirales,Oscillospiraceae,uncultured,metagenome,Bacteria,Firmicutes,Clostridia,Oscillospirales,Ruminococcaceae,Negativibacillus,None,0.004868549172346641
Bacteria,Firmicutes,Clostridia,Oscillospirales,Oscillospiraceae,uncultured,metagenome,Bacteria,Firmicutes,Clostridia,Oscillospirales,Ruminococcaceae,Ruminococcus,Ruminococcus_champanellensis,0.005842259006815969
Bacteria,Firmicutes,Clostridia,Oscillospirales,Oscillospiraceae,uncultured,metagenome,Bacteria,Firmicutes,Clostridia,Oscillospirales,Ruminococcaceae,Ruminococcus,None,0.004868549172346641
Bacteria,Firmicutes,Clostridia,Oscillospirales,Oscillospiraceae,uncultured,metagenome,Bacteria,Firmicutes,Clostridia,Oscillospirales,Ruminococcaceae,Subdoligranulum,None,0.004868549172346641
Bacteria,Firmicutes,Clostridia,Oscillospirales,Oscillospiraceae,uncultured,metagenome,Bacteria,Firmicutes,Clostridia,Oscillospirales,Ruminococcaceae,UBA1819,None,0.004868549172346641
Bacteria,Firmicutes,Clostridia,Oscillospirales,Oscillospiraceae,uncultured,metagenome,Bacteria,Firmicutes,Clostridia,Oscillospirales,Ruminococcaceae,Eubacterium_siraeum_group,None,0.004868549172346641
Bacteria,Firmicutes,Clostridia,Oscillospirales,Oscillospiraceae,uncultured,metagenome,Bacteria,Firmicutes,Clostridia,Oscillospirales,Ruminococcaceae,None,None,0.0038948393378773127
Bacteria,Firmicutes,Clostridia,Oscillospirales,Oscillospiraceae,uncultured,metagenome,Bacteria,Firmicutes,Clostridia,Oscillospirales,UCG-010,None,None,0.0038948393378773127
Bacteria,Firmicutes,Clostridia,Oscillospirales,Oscillospiraceae,uncultured,metagenome,Bacteria,Firmicutes,Clostridia,Oscillospirales,UCG-010,metagenome,None,0.004868549172346641
Bacteria,Firmicutes,Clostridia,Oscillospirales,Oscillospiraceae,uncultured,metagenome,Bacteria,Firmicutes,Clostridia,Oscillospirales,UCG-010,uncultured_bacterium,None,0.004868549172346641
Bacteria,Firmicutes,Clostridia,Oscillospirales,Oscillospiraceae,uncultured,metagenome,Bacteria,Firmicutes,Clostridia,Oscillospirales,UCG-010,uncultured_organism,None,0.004868549172346641
Bacteria,Firmicutes,Clostridia,Oscillospirales,Oscillospiraceae,uncultured,metagenome,Bacteria,Firmicutes,Clostridia,Oscillospirales,Clostridium_methylpentosum_group,None,None,0.0038948393378773127
Bacteria,Firmicutes,Clostridia,Oscillospirales,Oscillospiraceae,uncultured,metagenome,Bacteria,Firmicutes,Clostridia,Oscillospirales,Eubacterium_coprostanoligenes_group,None,None,0.0038948393378773127
Bacteria,Firmicutes,Clostridia,Oscillospirales,Oscillospiraceae,uncultured,metagenome,Bacteria,Firmicutes,Clostridia,Oscillospirales,None,None,None,0.0038948393378773127
Bacteria,Firmicutes,Clostridia,Oscillospirales,Oscillospiraceae,uncultured,metagenome,Bacteria,Firmicutes,Clostridia,Peptococcales,Peptococcaceae,uncultured,None,0.006815968841285297
Bacteria,Firmicutes,Clostridia,Oscillospirales,Oscillospiraceae,uncultured,metagenome,Bacteria,Firmicutes,Clostridia,Peptostreptococcales-Tissierellales,Anaerovoracaceae,Family_XIII_AD3011_group,metagenome,0.007789678675754625
Bacteria,Firmicutes,Clostridia,Oscillospirales,Oscillospiraceae,uncultured,metagenome,Bacteria,Firmicutes,Clostridia,Peptostreptococcales-Tissierellales,Anaerovoracaceae,Family_XIII_AD3011_group,None,0.006815968841285297
Bacteria,Firmicutes,Clostridia,Oscillospirales,Oscillospiraceae,uncultured,metagenome,Bacteria,Firmicutes,Clostridia,Peptostreptococcales-Tissierellales,Anaerovoracaceae,Family_XIII_AD3011_group,uncultured,0.007789678675754625
Bacteria,Firmicutes,Clostridia,Oscillospirales,Oscillospiraceae,uncultured,metagenome,Bacteria,Firmicutes,Clostridia,Peptostreptococcales-Tissierellales,Anaerovoracaceae,Family_XIII_UCG-001,metagenome,0.007789678675754625
Bacteria,Firmicutes,Clostridia,Oscillospirales,Oscillospiraceae,uncultured,metagenome,Bacteria,Firmicutes,Clostridia,Peptostreptococcales-Tissierellales,Anaerovoracaceae,Eubacterium_nodatum_group,None,0.006815968841285297
Bacteria,Firmicutes,Clostridia,Oscillospirales,Oscillospiraceae,uncultured,metagenome,Bacteria,Firmicutes,Clostridia,Peptostreptococcales-Tissierellales,Anaerovoracaceae,None,None,0.005842259006815969
Bacteria,Firmicutes,Clostridia,Oscillospirales,Oscillospiraceae,uncultured,metagenome,Bacteria,Firmicutes,Clostridia,Peptostreptococcales-Tissierellales,Parvimonas,None,None,0.005842259006815969
Bacteria,Firmicutes,Clostridia,Oscillospirales,Oscillospiraceae,uncultured,metagenome,Bacteria,Firmicutes,Clostridia,None,None,None,None,0.0038948393378773127
Bacteria,Firmicutes,Clostridia,Oscillospirales,Oscillospiraceae,uncultured,metagenome,Bacteria,Firmicutes,Incertae_Sedis,DTU014,unidentified,None,None,0.007789678675754625
Bacteria,Firmicutes,Clostridia,Oscillospirales,Oscillospiraceae,uncultured,metagenome,Bacteria,Firmicutes,Limnochordia,M55-D21,uncultured_compost_bacterium,None,None,0.007789678675754625
Bacteria,Firmicutes,Clostridia,Oscillospirales,Oscillospiraceae,uncultured,metagenome,Bacteria,Firmicutes,Negativicutes,Acidaminococcales,Acidaminococcaceae,Phascolarctobacterium,None,0.008763388510223954
Bacteria,Firmicutes,Clostridia,Oscillospirales,Oscillospiraceae,uncultured,metagenome,Bacteria,Firmicutes,None,None,None,None,None,0.004868549172346641
Bacteria,Firmicutes,Clostridia,Oscillospirales,Oscillospiraceae,uncultured,metagenome,Bacteria,Firmicutes,uncultured,uncultured_Peptococcaceae_bacterium,None,None,None,0.006815968841285297
Bacteria,Firmicutes,Clostridia,Oscillospirales,Oscillospiraceae,uncultured,metagenome,Bacteria,Proteobacteria,Alphaproteobacteria,Rhodospirillales,uncultured,None,None,0.009737098344693282
Bacteria,Firmicutes,Clostridia,Oscillospirales,Oscillospiraceae,uncultured,metagenome,Bacteria,Proteobacteria,Gammaproteobacteria,Burkholderiales,Sutterellaceae,Sutterella,Sutterella_sp._252,0.011684518013631937
Bacteria,Firmicutes,Clostridia,Oscillospirales,Oscillospiraceae,uncultured,metagenome,Bacteria,Proteobacteria,Gammaproteobacteria,Enterobacterales,Enterobacteriaceae,Escherichia-Shigella,None,0.010710808179162609
Bacteria,Firmicutes,Clostridia,Oscillospirales,Oscillospiraceae,uncultured,metagenome,Bacteria,Proteobacteria,Gammaproteobacteria,Enterobacterales,Enterobacteriaceae,Klebsiella,None,0.010710808179162609
Bacteria,Firmicutes,Clostridia,Oscillospirales,Oscillospiraceae,uncultured,metagenome,Bacteria,Proteobacteria,Gammaproteobacteria,Enterobacterales,Enterobacteriaceae,None,None,0.009737098344693282
Bacteria,Firmicutes,Clostridia,Oscillospirales,Oscillospiraceae,uncultured,metagenome,Bacteria,Proteobacteria,Gammaproteobacteria,Pseudomonadales,Pseudomonadaceae,Pseudomonas,None,0.010710808179162609
Bacteria,Firmicutes,Clostridia,Oscillospirales,Oscillospiraceae,uncultured,metagenome,Bacteria,Synergistota,Synergistia,Synergistales,Synergistaceae,Cloacibacillus,None,0.010710808179162609
Bacteria,Firmicutes,Clostridia,Oscillospirales,Oscillospiraceae,uncultured,metagenome,Bacteria,Verrucomicrobiota,Verrucomicrobiae,Verrucomicrobiales,Akkermansiaceae,Akkermansia,None,0.010710808179162609
Bacteria,Firmicutes,Clostridia,Oscillospirales,Oscillospiraceae,uncultured,unidentified,Bacteria,Firmicutes,Clostridia,Oscillospirales,Ruminococcaceae,Anaerofilum,uncultured_Firmicutes_bacterium,0.005842259006815969
Bacteria,Firmicutes,Clostridia,Oscillospirales,Oscillospiraceae,uncultured,unidentified,Bacteria,Firmicutes,Clostridia,Oscillospirales,Ruminococcaceae,Anaerotruncus,Anaerotruncus_rubiinfantis,0.005842259006815969
Bacteria,Firmicutes,Clostridia,Oscillospirales,Oscillospiraceae,uncultured,unidentified,Bacteria,Firmicutes,Clostridia,Oscillospirales,Ruminococcaceae,Anaerotruncus,Anaerotruncus_sp._NML_070203,0.005842259006815969
Bacteria,Firmicutes,Clostridia,Oscillospirales,Oscillospiraceae,uncultured,unidentified,Bacteria,Firmicutes,Clostridia,Oscillospirales,Ruminococcaceae,Candidatus_Soleaferrea,Neobitarella_massiliensis,0.005842259006815969
Bacteria,Firmicutes,Clostridia,Oscillospirales,Oscillospiraceae,uncultured,unidentified,Bacteria,Firmicutes,Clostridia,Oscillospirales,Ruminococcaceae,Candidatus_Soleaferrea,None,0.004868549172346641
Bacteria,Firmicutes,Clostridia,Oscillospirales,Oscillospiraceae,uncultured,unidentified,Bacteria,Firmicutes,Clostridia,Oscillospirales,Ruminococcaceae,DTU089,None,0.004868549172346641
Bacteria,Firmicutes,Clostridia,Oscillospirales,Oscillospiraceae,uncultured,unidentified,Bacteria,Firmicutes,Clostridia,Oscillospirales,Ruminococcaceae,Faecalibacterium,None,0.004868549172346641
Bacteria,Firmicutes,Clostridia,Oscillospirales,Oscillospiraceae,uncultured,unidentified,Bacteria,Firmicutes,Clostridia,Oscillospirales,Ruminococcaceae,Fournierella,uncultured_organism,0.005842259006815969
Bacteria,Firmicutes,Clostridia,Oscillospirales,Oscillospiraceae,uncultured,unidentified,Bacteria,Firmicutes,Clostridia,Oscillospirales,Ruminococcaceae,Incertae_Sedis,metagenome,0.005842259006815969
Bacteria,Firmicutes,Clostridia,Oscillospirales,Oscillospiraceae,uncultured,unidentified,Bacteria,Firmicutes,Clostridia,Oscillospirales,Ruminococcaceae,Incertae_Sedis,None,0.004868549172346641
Bacteria,Firmicutes,Clostridia,Oscillospirales,Oscillospiraceae,uncultured,unidentified,Bacteria,Firmicutes,Clostridia,Oscillospirales,Ruminococcaceae,Negativibacillus,None,0.004868549172346641
Bacteria,Firmicutes,Clostridia,Oscillospirales,Oscillospiraceae,uncultured,unidentified,Bacteria,Firmicutes,Clostridia,Oscillospirales,Ruminococcaceae,Ruminococcus,Ruminococcus_champanellensis,0.005842259006815969
Bacteria,Firmicutes,Clostridia,Oscillospirales,Oscillospiraceae,uncultured,unidentified,Bacteria,Firmicutes,Clostridia,Oscillospirales,Ruminococcaceae,Ruminococcus,None,0.004868549172346641
Bacteria,Firmicutes,Clostridia,Oscillospirales,Oscillospiraceae,uncultured,unidentified,Bacteria,Firmicutes,Clostridia,Oscillospirales,Ruminococcaceae,Subdoligranulum,None,0.004868549172346641
Bacteria,Firmicutes,Clostridia,Oscillospirales,Oscillospiraceae,uncultured,unidentified,Bacteria,Firmicutes,Clostridia,Oscillospirales,Ruminococcaceae,UBA1819,None,0.004868549172346641
Bacteria,Firmicutes,Clostridia,Oscillospirales,Oscillospiraceae,uncultured,unidentified,Bacteria,Firmicutes,Clostridia,Oscillospirales,Ruminococcaceae,Eubacterium_siraeum_group,None,0.004868549172346641
Bacteria,Firmicutes,Clostridia,Oscillospirales,Oscillospiraceae,uncultured,unidentified,Bacteria,Firmicutes,Clostridia,Oscillospirales,Ruminococcaceae,None,None,0.0038948393378773127
Bacteria,Firmicutes,Clostridia,Oscillospirales,Oscillospiraceae,uncultured,unidentified,Bacteria,Firmicutes,Clostridia,Oscillospirales,UCG-010,None,None,0.0038948393378773127
Bacteria,Firmicutes,Clostridia,Oscillospirales,Oscillospiraceae,uncultured,unidentified,Bacteria,Firmicutes,Clostridia,Oscillospirales,UCG-010,metagenome,None,0.004868549172346641
Bacteria,Firmicutes,Clostridia,Oscillospirales,Oscillospiraceae,uncultured,unidentified,Bacteria,Firmicutes,Clostridia,Oscillospirales,UCG-010,uncultured_bacterium,None,0.004868549172346641
Bacteria,Firmicutes,Clostridia,Oscillospirales,Oscillospiraceae,uncultured,unidentified,Bacteria,Firmicutes,Clostridia,Oscillospirales,UCG-010,uncultured_organism,None,0.004868549172346641
Bacteria,Firmicutes,Clostridia,Oscillospirales,Oscillospiraceae,uncultured,unidentified,Bacteria,Firmicutes,Clostridia,Oscillospirales,Clostridium_methylpentosum_group,None,None,0.0038948393378773127
Bacteria,Firmicutes,Clostridia,Oscillospirales,Oscillospiraceae,uncultured,unidentified,Bacteria,Firmicutes,Clostridia,Oscillospirales,Eubacterium_coprostanoligenes_group,None,None,0.0038948393378773127
Bacteria,Firmicutes,Clostridia,Oscillospirales,Oscillospiraceae,uncultured,unidentified,Bacteria,Firmicutes,Clostridia,Oscillospirales,None,None,None,0.0038948393378773127
Bacteria,Firmicutes,Clostridia,Oscillospirales,Oscillospiraceae,uncultured,unidentified,Bacteria,Firmicutes,Clostridia,Peptococcales,Peptococcaceae,uncultured,None,0.006815968841285297
Bacteria,Firmicutes,Clostridia,Oscillospirales,Oscillospiraceae,uncultured,unidentified,Bacteria,Firmicutes,Clostridia,Peptostreptococcales-Tissierellales,Anaerovoracaceae,Family_XIII_AD3011_group,metagenome,0.007789678675754625
Bacteria,Firmicutes,Clostridia,Oscillospirales,Oscillospiraceae,uncultured,unidentified,Bacteria,Firmicutes,Clostridia,Peptostreptococcales-Tissierellales,Anaerovoracaceae,Family_XIII_AD3011_group,None,0.006815968841285297
Bacteria,Firmicutes,Clostridia,Oscillospirales,Oscillospiraceae,uncultured,unidentified,Bacteria,Firmicutes,Clostridia,Peptostreptococcales-Tissierellales,Anaerovoracaceae,Family_XIII_AD3011_group,uncultured,0.007789678675754625
Bacteria,Firmicutes,Clostridia,Oscillospirales,Oscillospiraceae,uncultured,unidentified,Bacteria,Firmicutes,Clostridia,Peptostreptococcales-Tissierellales,Anaerovoracaceae,Family_XIII_UCG-001,metagenome,0.007789678675754625
Bacteria,Firmicutes,Clostridia,Oscillospirales,Oscillospiraceae,uncultured,unidentified,Bacteria,Firmicutes,Clostridia,Peptostreptococcales-Tissierellales,Anaerovoracaceae,Eubacterium_nodatum_group,None,0.006815968841285297
Bacteria,Firmicutes,Clostridia,Oscillospirales,Oscillospiraceae,uncultured,unidentified,Bacteria,Firmicutes,Clostridia,Peptostreptococcales-Tissierellales,Anaerovoracaceae,None,None,0.005842259006815969
Bacteria,Firmicutes,Clostridia,Oscillospirales,Oscillospiraceae,uncultured,unidentified,Bacteria,Firmicutes,Clostridia,Peptostreptococcales-Tissierellales,Parvimonas,None,None,0.005842259006815969
Bacteria,Firmicutes,Clostridia,Oscillospirales,Oscillospiraceae,uncultured,unidentified,Bacteria,Firmicutes,Clostridia,None,None,None,None,0.0038948393378773127
Bacteria,Firmicutes,Clostridia,Oscillospirales,Oscillospiraceae,uncultured,unidentified,Bacteria,Firmicutes,Incertae_Sedis,DTU014,unidentified,None,None,0.007789678675754625
Bacteria,Firmicutes,Clostridia,Oscillospirales,Oscillospiraceae,uncultured,unidentified,Bacteria,Firmicutes,Limnochordia,M55-D21,uncultured_compost_bacterium,None,None,0.007789678675754625
Bacteria,Firmicutes,Clostridia,Oscillospirales,Oscillospiraceae,uncultured,unidentified,Bacteria,Firmicutes,Negativicutes,Acidaminococcales,Acidaminococcaceae,Phascolarctobacterium,None,0.008763388510223954
Bacteria,Firmicutes,Clostridia,Oscillospirales,Oscillospiraceae,uncultured,unidentified,Bacteria,Firmicutes,None,None,None,None,None,0.004868549172346641
Bacteria,Firmicutes,Clostridia,Oscillospirales,Oscillospiraceae,uncultured,unidentified,Bacteria,Firmicutes,uncultured,uncultured_Peptococcaceae_bacterium,None,None,None,0.006815968841285297
Bacteria,Firmicutes,Clostridia,Oscillospirales,Oscillospiraceae,uncultured,unidentified,Bacteria,Proteobacteria,Alphaproteobacteria,Rhodospirillales,uncultured,None,None,0.009737098344693282
Bacteria,Firmicutes,Clostridia,Oscillospirales,Oscillospiraceae,uncultured,unidentified,Bacteria,Proteobacteria,Gammaproteobacteria,Burkholderiales,Sutterellaceae,Sutterella,Sutterella_sp._252,0.011684518013631937
Bacteria,Firmicutes,Clostridia,Oscillospirales,Oscillospiraceae,uncultured,unidentified,Bacteria,Proteobacteria,Gammaproteobacteria,Enterobacterales,Enterobacteriaceae,Escherichia-Shigella,None,0.010710808179162609
Bacteria,Firmicutes,Clostridia,Oscillospirales,Oscillospiraceae,uncultured,unidentified,Bacteria,Proteobacteria,Gammaproteobacteria,Enterobacterales,Enterobacteriaceae,Klebsiella,None,0.010710808179162609
Bacteria,Firmicutes,Clostridia,Oscillospirales,Oscillospiraceae,uncultured,unidentified,Bacteria,Proteobacteria,Gammaproteobacteria,Enterobacterales,Enterobacteriaceae,None,None,0.009737098344693282
Bacteria,Firmicutes,Clostridia,Oscillospirales,Oscillospiraceae,uncultured,unidentified,Bacteria,Proteobacteria,Gammaproteobacteria,Pseudomonadales,Pseudomonadaceae,Pseudomonas,None,0.010710808179162609
Bacteria,Firmicutes,Clostridia,Oscillospirales,Oscillospiraceae,uncultured,unidentified,Bacteria,Synergistota,Synergistia,Synergistales,Synergistaceae,Cloacibacillus,None,0.010710808179162609
Bacteria,Firmicutes,Clostridia,Oscillospirales,Oscillospiraceae,uncultured,unidentified,Bacteria,Verrucomicrobiota,Verrucomicrobiae,Verrucomicrobiales,Akkermansiaceae,Akkermansia,None,0.010710808179162609
Bacteria,Firmicutes,Clostridia,Oscillospirales,Ruminococcaceae,Anaerofilum,uncultured_Firmicutes_bacterium,Bacteria,Firmicutes,Clostridia,Oscillospirales,Ruminococcaceae,Anaerotruncus,Anaerotruncus_rubiinfantis,0.0038948393378773127
Bacteria,Firmicutes,Clostridia,Oscillospirales,Ruminococcaceae,Anaerofilum,uncultured_Firmicutes_bacterium,Bacteria,Firmicutes,Clostridia,Oscillospirales,Ruminococcaceae,Anaerotruncus,Anaerotruncus_sp._NML_070203,0.0038948393378773127
Bacteria,Firmicutes,Clostridia,Oscillospirales,Ruminococcaceae,Anaerofilum,uncultured_Firmicutes_bacterium,Bacteria,Firmicutes,Clostridia,Oscillospirales,Ruminococcaceae,Candidatus_Soleaferrea,Neobitarella_massiliensis,0.0038948393378773127
Bacteria,Firmicutes,Clostridia,Oscillospirales,Ruminococcaceae,Anaerofilum,uncultured_Firmicutes_bacterium,Bacteria,Firmicutes,Clostridia,Oscillospirales,Ruminococcaceae,Candidatus_Soleaferrea,None,0.0029211295034079843
Bacteria,Firmicutes,Clostridia,Oscillospirales,Ruminococcaceae,Anaerofilum,uncultured_Firmicutes_bacterium,Bacteria,Firmicutes,Clostridia,Oscillospirales,Ruminococcaceae,DTU089,None,0.0029211295034079843
Bacteria,Firmicutes,Clostridia,Oscillospirales,Ruminococcaceae,Anaerofilum,uncultured_Firmicutes_bacterium,Bacteria,Firmicutes,Clostridia,Oscillospirales,Ruminococcaceae,Faecalibacterium,None,0.0029211295034079843
Bacteria,Firmicutes,Clostridia,Oscillospirales,Ruminococcaceae,Anaerofilum,uncultured_Firmicutes_bacterium,Bacteria,Firmicutes,Clostridia,Oscillospirales,Ruminococcaceae,Fournierella,uncultured_organism,0.0038948393378773127
Bacteria,Firmicutes,Clostridia,Oscillospirales,Ruminococcaceae,Anaerofilum,uncultured_Firmicutes_bacterium,Bacteria,Firmicutes,Clostridia,Oscillospirales,Ruminococcaceae,Incertae_Sedis,metagenome,0.0038948393378773127
Bacteria,Firmicutes,Clostridia,Oscillospirales,Ruminococcaceae,Anaerofilum,uncultured_Firmicutes_bacterium,Bacteria,Firmicutes,Clostridia,Oscillospirales,Ruminococcaceae,Incertae_Sedis,None,0.0029211295034079843
Bacteria,Firmicutes,Clostridia,Oscillospirales,Ruminococcaceae,Anaerofilum,uncultured_Firmicutes_bacterium,Bacteria,Firmicutes,Clostridia,Oscillospirales,Ruminococcaceae,Negativibacillus,None,0.0029211295034079843
Bacteria,Firmicutes,Clostridia,Oscillospirales,Ruminococcaceae,Anaerofilum,uncultured_Firmicutes_bacterium,Bacteria,Firmicutes,Clostridia,Oscillospirales,Ruminococcaceae,Ruminococcus,Ruminococcus_champanellensis,0.0038948393378773127
Bacteria,Firmicutes,Clostridia,Oscillospirales,Ruminococcaceae,Anaerofilum,uncultured_Firmicutes_bacterium,Bacteria,Firmicutes,Clostridia,Oscillospirales,Ruminococcaceae,Ruminococcus,None,0.0029211295034079843
Bacteria,Firmicutes,Clostridia,Oscillospirales,Ruminococcaceae,Anaerofilum,uncultured_Firmicutes_bacterium,Bacteria,Firmicutes,Clostridia,Oscillospirales,Ruminococcaceae,Subdoligranulum,None,0.0029211295034079843
Bacteria,Firmicutes,Clostridia,Oscillospirales,Ruminococcaceae,Anaerofilum,uncultured_Firmicutes_bacterium,Bacteria,Firmicutes,Clostridia,Oscillospirales,Ruminococcaceae,UBA1819,None,0.0029211295034079843
Bacteria,Firmicutes,Clostridia,Oscillospirales,Ruminococcaceae,Anaerofilum,uncultured_Firmicutes_bacterium,Bacteria,Firmicutes,Clostridia,Oscillospirales,Ruminococcaceae,Eubacterium_siraeum_group,None,0.0029211295034079843
Bacteria,Firmicutes,Clostridia,Oscillospirales,Ruminococcaceae,Anaerofilum,uncultured_Firmicutes_bacterium,Bacteria,Firmicutes,Clostridia,Oscillospirales,Ruminococcaceae,None,None,0.0029211295034079843
Bacteria,Firmicutes,Clostridia,Oscillospirales,Ruminococcaceae,Anaerofilum,uncultured_Firmicutes_bacterium,Bacteria,Firmicutes,Clostridia,Oscillospirales,UCG-010,None,None,0.0038948393378773127
Bacteria,Firmicutes,Clostridia,Oscillospirales,Ruminococcaceae,Anaerofilum,uncultured_Firmicutes_bacterium,Bacteria,Firmicutes,Clostridia,Oscillospirales,UCG-010,metagenome,None,0.004868549172346641
Bacteria,Firmicutes,Clostridia,Oscillospirales,Ruminococcaceae,Anaerofilum,uncultured_Firmicutes_bacterium,Bacteria,Firmicutes,Clostridia,Oscillospirales,UCG-010,uncultured_bacterium,None,0.004868549172346641
Bacteria,Firmicutes,Clostridia,Oscillospirales,Ruminococcaceae,Anaerofilum,uncultured_Firmicutes_bacterium,Bacteria,Firmicutes,Clostridia,Oscillospirales,UCG-010,uncultured_organism,None,0.004868549172346641
Bacteria,Firmicutes,Clostridia,Oscillospirales,Ruminococcaceae,Anaerofilum,uncultured_Firmicutes_bacterium,Bacteria,Firmicutes,Clostridia,Oscillospirales,Clostridium_methylpentosum_group,None,None,0.0038948393378773127
Bacteria,Firmicutes,Clostridia,Oscillospirales,Ruminococcaceae,Anaerofilum,uncultured_Firmicutes_bacterium,Bacteria,Firmicutes,Clostridia,Oscillospirales,Eubacterium_coprostanoligenes_group,None,None,0.0038948393378773127
Bacteria,Firmicutes,Clostridia,Oscillospirales,Ruminococcaceae,Anaerofilum,uncultured_Firmicutes_bacterium,Bacteria,Firmicutes,Clostridia,Oscillospirales,None,None,None,0.0038948393378773127
Bacteria,Firmicutes,Clostridia,Oscillospirales,Ruminococcaceae,Anaerofilum,uncultured_Firmicutes_bacterium,Bacteria,Firmicutes,Clostridia,Peptococcales,Peptococcaceae,uncultured,None,0.006815968841285297
Bacteria,Firmicutes,Clostridia,Oscillospirales,Ruminococcaceae,Anaerofilum,uncultured_Firmicutes_bacterium,Bacteria,Firmicutes,Clostridia,Peptostreptococcales-Tissierellales,Anaerovoracaceae,Family_XIII_AD3011_group,metagenome,0.007789678675754625
Bacteria,Firmicutes,Clostridia,Oscillospirales,Ruminococcaceae,Anaerofilum,uncultured_Firmicutes_bacterium,Bacteria,Firmicutes,Clostridia,Peptostreptococcales-Tissierellales,Anaerovoracaceae,Family_XIII_AD3011_group,None,0.006815968841285297
Bacteria,Firmicutes,Clostridia,Oscillospirales,Ruminococcaceae,Anaerofilum,uncultured_Firmicutes_bacterium,Bacteria,Firmicutes,Clostridia,Peptostreptococcales-Tissierellales,Anaerovoracaceae,Family_XIII_AD3011_group,uncultured,0.007789678675754625
Bacteria,Firmicutes,Clostridia,Oscillospirales,Ruminococcaceae,Anaerofilum,uncultured_Firmicutes_bacterium,Bacteria,Firmicutes,Clostridia,Peptostreptococcales-Tissierellales,Anaerovoracaceae,Family_XIII_UCG-001,metagenome,0.007789678675754625
Bacteria,Firmicutes,Clostridia,Oscillospirales,Ruminococcaceae,Anaerofilum,uncultured_Firmicutes_bacterium,Bacteria,Firmicutes,Clostridia,Peptostreptococcales-Tissierellales,Anaerovoracaceae,Eubacterium_nodatum_group,None,0.006815968841285297
Bacteria,Firmicutes,Clostridia,Oscillospirales,Ruminococcaceae,Anaerofilum,uncultured_Firmicutes_bacterium,Bacteria,Firmicutes,Clostridia,Peptostreptococcales-Tissierellales,Anaerovoracaceae,None,None,0.005842259006815969
Bacteria,Firmicutes,Clostridia,Oscillospirales,Ruminococcaceae,Anaerofilum,uncultured_Firmicutes_bacterium,Bacteria,Firmicutes,Clostridia,Peptostreptococcales-Tissierellales,Parvimonas,None,None,0.005842259006815969
Bacteria,Firmicutes,Clostridia,Oscillospirales,Ruminococcaceae,Anaerofilum,uncultured_Firmicutes_bacterium,Bacteria,Firmicutes,Clostridia,None,None,None,None,0.0038948393378773127
Bacteria,Firmicutes,Clostridia,Oscillospirales,Ruminococcaceae,Anaerofilum,uncultured_Firmicutes_bacterium,Bacteria,Firmicutes,Incertae_Sedis,DTU014,unidentified,None,None,0.007789678675754625
Bacteria,Firmicutes,Clostridia,Oscillospirales,Ruminococcaceae,Anaerofilum,uncultured_Firmicutes_bacterium,Bacteria,Firmicutes,Limnochordia,M55-D21,uncultured_compost_bacterium,None,None,0.007789678675754625
Bacteria,Firmicutes,Clostridia,Oscillospirales,Ruminococcaceae,Anaerofilum,uncultured_Firmicutes_bacterium,Bacteria,Firmicutes,Negativicutes,Acidaminococcales,Acidaminococcaceae,Phascolarctobacterium,None,0.008763388510223954
Bacteria,Firmicutes,Clostridia,Oscillospirales,Ruminococcaceae,Anaerofilum,uncultured_Firmicutes_bacterium,Bacteria,Firmicutes,None,None,None,None,None,0.004868549172346641
Bacteria,Firmicutes,Clostridia,Oscillospirales,Ruminococcaceae,Anaerofilum,uncultured_Firmicutes_bacterium,Bacteria,Firmicutes,uncultured,uncultured_Peptococcaceae_bacterium,None,None,None,0.006815968841285297
Bacteria,Firmicutes,Clostridia,Oscillospirales,Ruminococcaceae,Anaerofilum,uncultured_Firmicutes_bacterium,Bacteria,Proteobacteria,Alphaproteobacteria,Rhodospirillales,uncultured,None,None,0.009737098344693282
Bacteria,Firmicutes,Clostridia,Oscillospirales,Ruminococcaceae,Anaerofilum,uncultured_Firmicutes_bacterium,Bacteria,Proteobacteria,Gammaproteobacteria,Burkholderiales,Sutterellaceae,Sutterella,Sutterella_sp._252,0.011684518013631937
Bacteria,Firmicutes,Clostridia,Oscillospirales,Ruminococcaceae,Anaerofilum,uncultured_Firmicutes_bacterium,Bacteria,Proteobacteria,Gammaproteobacteria,Enterobacterales,Enterobacteriaceae,Escherichia-Shigella,None,0.010710808179162609
Bacteria,Firmicutes,Clostridia,Oscillospirales,Ruminococcaceae,Anaerofilum,uncultured_Firmicutes_bacterium,Bacteria,Proteobacteria,Gammaproteobacteria,Enterobacterales,Enterobacteriaceae,Klebsiella,None,0.010710808179162609
Bacteria,Firmicutes,Clostridia,Oscillospirales,Ruminococcaceae,Anaerofilum,uncultured_Firmicutes_bacterium,Bacteria,Proteobacteria,Gammaproteobacteria,Enterobacterales,Enterobacteriaceae,None,None,0.009737098344693282
Bacteria,Firmicutes,Clostridia,Oscillospirales,Ruminococcaceae,Anaerofilum,uncultured_Firmicutes_bacterium,Bacteria,Proteobacteria,Gammaproteobacteria,Pseudomonadales,Pseudomonadaceae,Pseudomonas,None,0.010710808179162609
Bacteria,Firmicutes,Clostridia,Oscillospirales,Ruminococcaceae,Anaerofilum,uncultured_Firmicutes_bacterium,Bacteria,Synergistota,Synergistia,Synergistales,Synergistaceae,Cloacibacillus,None,0.010710808179162609
Bacteria,Firmicutes,Clostridia,Oscillospirales,Ruminococcaceae,Anaerofilum,uncultured_Firmicutes_bacterium,Bacteria,Verrucomicrobiota,Verrucomicrobiae,Verrucomicrobiales,Akkermansiaceae,Akkermansia,None,0.010710808179162609
Bacteria,Firmicutes,Clostridia,Oscillospirales,Ruminococcaceae,Anaerotruncus,Anaerotruncus_rubiinfantis,Bacteria,Firmicutes,Clostridia,Oscillospirales,Ruminococcaceae,Anaerotruncus,Anaerotruncus_sp._NML_070203,0.0019474196689386564
Bacteria,Firmicutes,Clostridia,Oscillospirales,Ruminococcaceae,Anaerotruncus,Anaerotruncus_rubiinfantis,Bacteria,Firmicutes,Clostridia,Oscillospirales,Ruminococcaceae,Candidatus_Soleaferrea,Neobitarella_massiliensis,0.0038948393378773127
Bacteria,Firmicutes,Clostridia,Oscillospirales,Ruminococcaceae,Anaerotruncus,Anaerotruncus_rubiinfantis,Bacteria,Firmicutes,Clostridia,Oscillospirales,Ruminococcaceae,Candidatus_Soleaferrea,None,0.0029211295034079843
Bacteria,Firmicutes,Clostridia,Oscillospirales,Ruminococcaceae,Anaerotruncus,Anaerotruncus_rubiinfantis,Bacteria,Firmicutes,Clostridia,Oscillospirales,Ruminococcaceae,DTU089,None,0.0029211295034079843
Bacteria,Firmicutes,Clostridia,Oscillospirales,Ruminococcaceae,Anaerotruncus,Anaerotruncus_rubiinfantis,Bacteria,Firmicutes,Clostridia,Oscillospirales,Ruminococcaceae,Faecalibacterium,None,0.0029211295034079843
Bacteria,Firmicutes,Clostridia,Oscillospirales,Ruminococcaceae,Anaerotruncus,Anaerotruncus_rubiinfantis,Bacteria,Firmicutes,Clostridia,Oscillospirales,Ruminococcaceae,Fournierella,uncultured_organism,0.0038948393378773127
Bacteria,Firmicutes,Clostridia,Oscillospirales,Ruminococcaceae,Anaerotruncus,Anaerotruncus_rubiinfantis,Bacteria,Firmicutes,Clostridia,Oscillospirales,Ruminococcaceae,Incertae_Sedis,metagenome,0.0038948393378773127
Bacteria,Firmicutes,Clostridia,Oscillospirales,Ruminococcaceae,Anaerotruncus,Anaerotruncus_rubiinfantis,Bacteria,Firmicutes,Clostridia,Oscillospirales,Ruminococcaceae,Incertae_Sedis,None,0.0029211295034079843
Bacteria,Firmicutes,Clostridia,Oscillospirales,Ruminococcaceae,Anaerotruncus,Anaerotruncus_rubiinfantis,Bacteria,Firmicutes,Clostridia,Oscillospirales,Ruminococcaceae,Negativibacillus,None,0.0029211295034079843
Bacteria,Firmicutes,Clostridia,Oscillospirales,Ruminococcaceae,Anaerotruncus,Anaerotruncus_rubiinfantis,Bacteria,Firmicutes,Clostridia,Oscillospirales,Ruminococcaceae,Ruminococcus,Ruminococcus_champanellensis,0.0038948393378773127
Bacteria,Firmicutes,Clostridia,Oscillospirales,Ruminococcaceae,Anaerotruncus,Anaerotruncus_rubiinfantis,Bacteria,Firmicutes,Clostridia,Oscillospirales,Ruminococcaceae,Ruminococcus,None,0.0029211295034079843
Bacteria,Firmicutes,Clostridia,Oscillospirales,Ruminococcaceae,Anaerotruncus,Anaerotruncus_rubiinfantis,Bacteria,Firmicutes,Clostridia,Oscillospirales,Ruminococcaceae,Subdoligranulum,None,0.0029211295034079843
Bacteria,Firmicutes,Clostridia,Oscillospirales,Ruminococcaceae,Anaerotruncus,Anaerotruncus_rubiinfantis,Bacteria,Firmicutes,Clostridia,Oscillospirales,Ruminococcaceae,UBA1819,None,0.0029211295034079843
Bacteria,Firmicutes,Clostridia,Oscillospirales,Ruminococcaceae,Anaerotruncus,Anaerotruncus_rubiinfantis,Bacteria,Firmicutes,Clostridia,Oscillospirales,Ruminococcaceae,Eubacterium_siraeum_group,None,0.0029211295034079843
Bacteria,Firmicutes,Clostridia,Oscillospirales,Ruminococcaceae,Anaerotruncus,Anaerotruncus_rubiinfantis,Bacteria,Firmicutes,Clostridia,Oscillospirales,Ruminococcaceae,None,None,0.0029211295034079843
Bacteria,Firmicutes,Clostridia,Oscillospirales,Ruminococcaceae,Anaerotruncus,Anaerotruncus_rubiinfantis,Bacteria,Firmicutes,Clostridia,Oscillospirales,UCG-010,None,None,0.0038948393378773127
Bacteria,Firmicutes,Clostridia,Oscillospirales,Ruminococcaceae,Anaerotruncus,Anaerotruncus_rubiinfantis,Bacteria,Firmicutes,Clostridia,Oscillospirales,UCG-010,metagenome,None,0.004868549172346641
Bacteria,Firmicutes,Clostridia,Oscillospirales,Ruminococcaceae,Anaerotruncus,Anaerotruncus_rubiinfantis,Bacteria,Firmicutes,Clostridia,Oscillospirales,UCG-010,uncultured_bacterium,None,0.004868549172346641
Bacteria,Firmicutes,Clostridia,Oscillospirales,Ruminococcaceae,Anaerotruncus,Anaerotruncus_rubiinfantis,Bacteria,Firmicutes,Clostridia,Oscillospirales,UCG-010,uncultured_organism,None,0.004868549172346641
Bacteria,Firmicutes,Clostridia,Oscillospirales,Ruminococcaceae,Anaerotruncus,Anaerotruncus_rubiinfantis,Bacteria,Firmicutes,Clostridia,Oscillospirales,Clostridium_methylpentosum_group,None,None,0.0038948393378773127
Bacteria,Firmicutes,Clostridia,Oscillospirales,Ruminococcaceae,Anaerotruncus,Anaerotruncus_rubiinfantis,Bacteria,Firmicutes,Clostridia,Oscillospirales,Eubacterium_coprostanoligenes_group,None,None,0.0038948393378773127
Bacteria,Firmicutes,Clostridia,Oscillospirales,Ruminococcaceae,Anaerotruncus,Anaerotruncus_rubiinfantis,Bacteria,Firmicutes,Clostridia,Oscillospirales,None,None,None,0.0038948393378773127
Bacteria,Firmicutes,Clostridia,Oscillospirales,Ruminococcaceae,Anaerotruncus,Anaerotruncus_rubiinfantis,Bacteria,Firmicutes,Clostridia,Peptococcales,Peptococcaceae,uncultured,None,0.006815968841285297
Bacteria,Firmicutes,Clostridia,Oscillospirales,Ruminococcaceae,Anaerotruncus,Anaerotruncus_rubiinfantis,Bacteria,Firmicutes,Clostridia,Peptostreptococcales-Tissierellales,Anaerovoracaceae,Family_XIII_AD3011_group,metagenome,0.007789678675754625
Bacteria,Firmicutes,Clostridia,Oscillospirales,Ruminococcaceae,Anaerotruncus,Anaerotruncus_rubiinfantis,Bacteria,Firmicutes,Clostridia,Peptostreptococcales-Tissierellales,Anaerovoracaceae,Family_XIII_AD3011_group,None,0.006815968841285297
Bacteria,Firmicutes,Clostridia,Oscillospirales,Ruminococcaceae,Anaerotruncus,Anaerotruncus_rubiinfantis,Bacteria,Firmicutes,Clostridia,Peptostreptococcales-Tissierellales,Anaerovoracaceae,Family_XIII_AD3011_group,uncultured,0.007789678675754625
Bacteria,Firmicutes,Clostridia,Oscillospirales,Ruminococcaceae,Anaerotruncus,Anaerotruncus_rubiinfantis,Bacteria,Firmicutes,Clostridia,Peptostreptococcales-Tissierellales,Anaerovoracaceae,Family_XIII_UCG-001,metagenome,0.007789678675754625
Bacteria,Firmicutes,Clostridia,Oscillospirales,Ruminococcaceae,Anaerotruncus,Anaerotruncus_rubiinfantis,Bacteria,Firmicutes,Clostridia,Peptostreptococcales-Tissierellales,Anaerovoracaceae,Eubacterium_nodatum_group,None,0.006815968841285297
Bacteria,Firmicutes,Clostridia,Oscillospirales,Ruminococcaceae,Anaerotruncus,Anaerotruncus_rubiinfantis,Bacteria,Firmicutes,Clostridia,Peptostreptococcales-Tissierellales,Anaerovoracaceae,None,None,0.005842259006815969
Bacteria,Firmicutes,Clostridia,Oscillospirales,Ruminococcaceae,Anaerotruncus,Anaerotruncus_rubiinfantis,Bacteria,Firmicutes,Clostridia,Peptostreptococcales-Tissierellales,Parvimonas,None,None,0.005842259006815969
Bacteria,Firmicutes,Clostridia,Oscillospirales,Ruminococcaceae,Anaerotruncus,Anaerotruncus_rubiinfantis,Bacteria,Firmicutes,Clostridia,None,None,None,None,0.0038948393378773127
Bacteria,Firmicutes,Clostridia,Oscillospirales,Ruminococcaceae,Anaerotruncus,Anaerotruncus_rubiinfantis,Bacteria,Firmicutes,Incertae_Sedis,DTU014,unidentified,None,None,0.007789678675754625
Bacteria,Firmicutes,Clostridia,Oscillospirales,Ruminococcaceae,Anaerotruncus,Anaerotruncus_rubiinfantis,Bacteria,Firmicutes,Limnochordia,M55-D21,uncultured_compost_bacterium,None,None,0.007789678675754625
Bacteria,Firmicutes,Clostridia,Oscillospirales,Ruminococcaceae,Anaerotruncus,Anaerotruncus_rubiinfantis,Bacteria,Firmicutes,Negativicutes,Acidaminococcales,Acidaminococcaceae,Phascolarctobacterium,None,0.008763388510223954
Bacteria,Firmicutes,Clostridia,Oscillospirales,Ruminococcaceae,Anaerotruncus,Anaerotruncus_rubiinfantis,Bacteria,Firmicutes,None,None,None,None,None,0.004868549172346641
Bacteria,Firmicutes,Clostridia,Oscillospirales,Ruminococcaceae,Anaerotruncus,Anaerotruncus_rubiinfantis,Bacteria,Firmicutes,uncultured,uncultured_Peptococcaceae_bacterium,None,None,None,0.006815968841285297
Bacteria,Firmicutes,Clostridia,Oscillospirales,Ruminococcaceae,Anaerotruncus,Anaerotruncus_rubiinfantis,Bacteria,Proteobacteria,Alphaproteobacteria,Rhodospirillales,uncultured,None,None,0.009737098344693282
Bacteria,Firmicutes,Clostridia,Oscillospirales,Ruminococcaceae,Anaerotruncus,Anaerotruncus_rubiinfantis,Bacteria,Proteobacteria,Gammaproteobacteria,Burkholderiales,Sutterellaceae,Sutterella,Sutterella_sp._252,0.011684518013631937
Bacteria,Firmicutes,Clostridia,Oscillospirales,Ruminococcaceae,Anaerotruncus,Anaerotruncus_rubiinfantis,Bacteria,Proteobacteria,Gammaproteobacteria,Enterobacterales,Enterobacteriaceae,Escherichia-Shigella,None,0.010710808179162609
Bacteria,Firmicutes,Clostridia,Oscillospirales,Ruminococcaceae,Anaerotruncus,Anaerotruncus_rubiinfantis,Bacteria,Proteobacteria,Gammaproteobacteria,Enterobacterales,Enterobacteriaceae,Klebsiella,None,0.010710808179162609
Bacteria,Firmicutes,Clostridia,Oscillospirales,Ruminococcaceae,Anaerotruncus,Anaerotruncus_rubiinfantis,Bacteria,Proteobacteria,Gammaproteobacteria,Enterobacterales,Enterobacteriaceae,None,None,0.009737098344693282
Bacteria,Firmicutes,Clostridia,Oscillospirales,Ruminococcaceae,Anaerotruncus,Anaerotruncus_rubiinfantis,Bacteria,Proteobacteria,Gammaproteobacteria,Pseudomonadales,Pseudomonadaceae,Pseudomonas,None,0.010710808179162609
Bacteria,Firmicutes,Clostridia,Oscillospirales,Ruminococcaceae,Anaerotruncus,Anaerotruncus_rubiinfantis,Bacteria,Synergistota,Synergistia,Synergistales,Synergistaceae,Cloacibacillus,None,0.010710808179162609
Bacteria,Firmicutes,Clostridia,Oscillospirales,Ruminococcaceae,Anaerotruncus,Anaerotruncus_rubiinfantis,Bacteria,Verrucomicrobiota,Verrucomicrobiae,Verrucomicrobiales,Akkermansiaceae,Akkermansia,None,0.010710808179162609
Bacteria,Firmicutes,Clostridia,Oscillospirales,Ruminococcaceae,Anaerotruncus,Anaerotruncus_sp._NML_070203,Bacteria,Firmicutes,Clostridia,Oscillospirales,Ruminococcaceae,Candidatus_Soleaferrea,Neobitarella_massiliensis,0.0038948393378773127
Bacteria,Firmicutes,Clostridia,Oscillospirales,Ruminococcaceae,Anaerotruncus,Anaerotruncus_sp._NML_070203,Bacteria,Firmicutes,Clostridia,Oscillospirales,Ruminococcaceae,Candidatus_Soleaferrea,None,0.0029211295034079843
Bacteria,Firmicutes,Clostridia,Oscillospirales,Ruminococcaceae,Anaerotruncus,Anaerotruncus_sp._NML_070203,Bacteria,Firmicutes,Clostridia,Oscillospirales,Ruminococcaceae,DTU089,None,0.0029211295034079843
Bacteria,Firmicutes,Clostridia,Oscillospirales,Ruminococcaceae,Anaerotruncus,Anaerotruncus_sp._NML_070203,Bacteria,Firmicutes,Clostridia,Oscillospirales,Ruminococcaceae,Faecalibacterium,None,0.0029211295034079843
Bacteria,Firmicutes,Clostridia,Oscillospirales,Ruminococcaceae,Anaerotruncus,Anaerotruncus_sp._NML_070203,Bacteria,Firmicutes,Clostridia,Oscillospirales,Ruminococcaceae,Fournierella,uncultured_organism,0.0038948393378773127
Bacteria,Firmicutes,Clostridia,Oscillospirales,Ruminococcaceae,Anaerotruncus,Anaerotruncus_sp._NML_070203,Bacteria,Firmicutes,Clostridia,Oscillospirales,Ruminococcaceae,Incertae_Sedis,metagenome,0.0038948393378773127
Bacteria,Firmicutes,Clostridia,Oscillospirales,Ruminococcaceae,Anaerotruncus,Anaerotruncus_sp._NML_070203,Bacteria,Firmicutes,Clostridia,Oscillospirales,Ruminococcaceae,Incertae_Sedis,None,0.0029211295034079843
Bacteria,Firmicutes,Clostridia,Oscillospirales,Ruminococcaceae,Anaerotruncus,Anaerotruncus_sp._NML_070203,Bacteria,Firmicutes,Clostridia,Oscillospirales,Ruminococcaceae,Negativibacillus,None,0.0029211295034079843
Bacteria,Firmicutes,Clostridia,Oscillospirales,Ruminococcaceae,Anaerotruncus,Anaerotruncus_sp._NML_070203,Bacteria,Firmicutes,Clostridia,Oscillospirales,Ruminococcaceae,Ruminococcus,Ruminococcus_champanellensis,0.0038948393378773127
Bacteria,Firmicutes,Clostridia,Oscillospirales,Ruminococcaceae,Anaerotruncus,Anaerotruncus_sp._NML_070203,Bacteria,Firmicutes,Clostridia,Oscillospirales,Ruminococcaceae,Ruminococcus,None,0.0029211295034079843
Bacteria,Firmicutes,Clostridia,Oscillospirales,Ruminococcaceae,Anaerotruncus,Anaerotruncus_sp._NML_070203,Bacteria,Firmicutes,Clostridia,Oscillospirales,Ruminococcaceae,Subdoligranulum,None,0.0029211295034079843
Bacteria,Firmicutes,Clostridia,Oscillospirales,Ruminococcaceae,Anaerotruncus,Anaerotruncus_sp._NML_070203,Bacteria,Firmicutes,Clostridia,Oscillospirales,Ruminococcaceae,UBA1819,None,0.0029211295034079843
Bacteria,Firmicutes,Clostridia,Oscillospirales,Ruminococcaceae,Anaerotruncus,Anaerotruncus_sp._NML_070203,Bacteria,Firmicutes,Clostridia,Oscillospirales,Ruminococcaceae,Eubacterium_siraeum_group,None,0.0029211295034079843
Bacteria,Firmicutes,Clostridia,Oscillospirales,Ruminococcaceae,Anaerotruncus,Anaerotruncus_sp._NML_070203,Bacteria,Firmicutes,Clostridia,Oscillospirales,Ruminococcaceae,None,None,0.0029211295034079843
Bacteria,Firmicutes,Clostridia,Oscillospirales,Ruminococcaceae,Anaerotruncus,Anaerotruncus_sp._NML_070203,Bacteria,Firmicutes,Clostridia,Oscillospirales,UCG-010,None,None,0.0038948393378773127
Bacteria,Firmicutes,Clostridia,Oscillospirales,Ruminococcaceae,Anaerotruncus,Anaerotruncus_sp._NML_070203,Bacteria,Firmicutes,Clostridia,Oscillospirales,UCG-010,metagenome,None,0.004868549172346641
Bacteria,Firmicutes,Clostridia,Oscillospirales,Ruminococcaceae,Anaerotruncus,Anaerotruncus_sp._NML_070203,Bacteria,Firmicutes,Clostridia,Oscillospirales,UCG-010,uncultured_bacterium,None,0.004868549172346641
Bacteria,Firmicutes,Clostridia,Oscillospirales,Ruminococcaceae,Anaerotruncus,Anaerotruncus_sp._NML_070203,Bacteria,Firmicutes,Clostridia,Oscillospirales,UCG-010,uncultured_organism,None,0.004868549172346641
Bacteria,Firmicutes,Clostridia,Oscillospirales,Ruminococcaceae,Anaerotruncus,Anaerotruncus_sp._NML_070203,Bacteria,Firmicutes,Clostridia,Oscillospirales,Clostridium_methylpentosum_group,None,None,0.0038948393378773127
Bacteria,Firmicutes,Clostridia,Oscillospirales,Ruminococcaceae,Anaerotruncus,Anaerotruncus_sp._NML_070203,Bacteria,Firmicutes,Clostridia,Oscillospirales,Eubacterium_coprostanoligenes_group,None,None,0.0038948393378773127
Bacteria,Firmicutes,Clostridia,Oscillospirales,Ruminococcaceae,Anaerotruncus,Anaerotruncus_sp._NML_070203,Bacteria,Firmicutes,Clostridia,Oscillospirales,None,None,None,0.0038948393378773127
Bacteria,Firmicutes,Clostridia,Oscillospirales,Ruminococcaceae,Anaerotruncus,Anaerotruncus_sp._NML_070203,Bacteria,Firmicutes,Clostridia,Peptococcales,Peptococcaceae,uncultured,None,0.006815968841285297
Bacteria,Firmicutes,Clostridia,Oscillospirales,Ruminococcaceae,Anaerotruncus,Anaerotruncus_sp._NML_070203,Bacteria,Firmicutes,Clostridia,Peptostreptococcales-Tissierellales,Anaerovoracaceae,Family_XIII_AD3011_group,metagenome,0.007789678675754625
Bacteria,Firmicutes,Clostridia,Oscillospirales,Ruminococcaceae,Anaerotruncus,Anaerotruncus_sp._NML_070203,Bacteria,Firmicutes,Clostridia,Peptostreptococcales-Tissierellales,Anaerovoracaceae,Family_XIII_AD3011_group,None,0.006815968841285297
Bacteria,Firmicutes,Clostridia,Oscillospirales,Ruminococcaceae,Anaerotruncus,Anaerotruncus_sp._NML_070203,Bacteria,Firmicutes,Clostridia,Peptostreptococcales-Tissierellales,Anaerovoracaceae,Family_XIII_AD3011_group,uncultured,0.007789678675754625
Bacteria,Firmicutes,Clostridia,Oscillospirales,Ruminococcaceae,Anaerotruncus,Anaerotruncus_sp._NML_070203,Bacteria,Firmicutes,Clostridia,Peptostreptococcales-Tissierellales,Anaerovoracaceae,Family_XIII_UCG-001,metagenome,0.007789678675754625
Bacteria,Firmicutes,Clostridia,Oscillospirales,Ruminococcaceae,Anaerotruncus,Anaerotruncus_sp._NML_070203,Bacteria,Firmicutes,Clostridia,Peptostreptococcales-Tissierellales,Anaerovoracaceae,Eubacterium_nodatum_group,None,0.006815968841285297
Bacteria,Firmicutes,Clostridia,Oscillospirales,Ruminococcaceae,Anaerotruncus,Anaerotruncus_sp._NML_070203,Bacteria,Firmicutes,Clostridia,Peptostreptococcales-Tissierellales,Anaerovoracaceae,None,None,0.005842259006815969
Bacteria,Firmicutes,Clostridia,Oscillospirales,Ruminococcaceae,Anaerotruncus,Anaerotruncus_sp._NML_070203,Bacteria,Firmicutes,Clostridia,Peptostreptococcales-Tissierellales,Parvimonas,None,None,0.005842259006815969
Bacteria,Firmicutes,Clostridia,Oscillospirales,Ruminococcaceae,Anaerotruncus,Anaerotruncus_sp._NML_070203,Bacteria,Firmicutes,Clostridia,None,None,None,None,0.0038948393378773127
Bacteria,Firmicutes,Clostridia,Oscillospirales,Ruminococcaceae,Anaerotruncus,Anaerotruncus_sp._NML_070203,Bacteria,Firmicutes,Incertae_Sedis,DTU014,unidentified,None,None,0.007789678675754625
Bacteria,Firmicutes,Clostridia,Oscillospirales,Ruminococcaceae,Anaerotruncus,Anaerotruncus_sp._NML_070203,Bacteria,Firmicutes,Limnochordia,M55-D21,uncultured_compost_bacterium,None,None,0.007789678675754625
Bacteria,Firmicutes,Clostridia,Oscillospirales,Ruminococcaceae,Anaerotruncus,Anaerotruncus_sp._NML_070203,Bacteria,Firmicutes,Negativicutes,Acidaminococcales,Acidaminococcaceae,Phascolarctobacterium,None,0.008763388510223954
Bacteria,Firmicutes,Clostridia,Oscillospirales,Ruminococcaceae,Anaerotruncus,Anaerotruncus_sp._NML_070203,Bacteria,Firmicutes,None,None,None,None,None,0.004868549172346641
Bacteria,Firmicutes,Clostridia,Oscillospirales,Ruminococcaceae,Anaerotruncus,Anaerotruncus_sp._NML_070203,Bacteria,Firmicutes,uncultured,uncultured_Peptococcaceae_bacterium,None,None,None,0.006815968841285297
Bacteria,Firmicutes,Clostridia,Oscillospirales,Ruminococcaceae,Anaerotruncus,Anaerotruncus_sp._NML_070203,Bacteria,Proteobacteria,Alphaproteobacteria,Rhodospirillales,uncultured,None,None,0.009737098344693282
Bacteria,Firmicutes,Clostridia,Oscillospirales,Ruminococcaceae,Anaerotruncus,Anaerotruncus_sp._NML_070203,Bacteria,Proteobacteria,Gammaproteobacteria,Burkholderiales,Sutterellaceae,Sutterella,Sutterella_sp._252,0.011684518013631937
Bacteria,Firmicutes,Clostridia,Oscillospirales,Ruminococcaceae,Anaerotruncus,Anaerotruncus_sp._NML_070203,Bacteria,Proteobacteria,Gammaproteobacteria,Enterobacterales,Enterobacteriaceae,Escherichia-Shigella,None,0.010710808179162609
Bacteria,Firmicutes,Clostridia,Oscillospirales,Ruminococcaceae,Anaerotruncus,Anaerotruncus_sp._NML_070203,Bacteria,Proteobacteria,Gammaproteobacteria,Enterobacterales,Enterobacteriaceae,Klebsiella,None,0.010710808179162609
Bacteria,Firmicutes,Clostridia,Oscillospirales,Ruminococcaceae,Anaerotruncus,Anaerotruncus_sp._NML_070203,Bacteria,Proteobacteria,Gammaproteobacteria,Enterobacterales,Enterobacteriaceae,None,None,0.009737098344693282
Bacteria,Firmicutes,Clostridia,Oscillospirales,Ruminococcaceae,Anaerotruncus,Anaerotruncus_sp._NML_070203,Bacteria,Proteobacteria,Gammaproteobacteria,Pseudomonadales,Pseudomonadaceae,Pseudomonas,None,0.010710808179162609
Bacteria,Firmicutes,Clostridia,Oscillospirales,Ruminococcaceae,Anaerotruncus,Anaerotruncus_sp._NML_070203,Bacteria,Synergistota,Synergistia,Synergistales,Synergistaceae,Cloacibacillus,None,0.010710808179162609
Bacteria,Firmicutes,Clostridia,Oscillospirales,Ruminococcaceae,Anaerotruncus,Anaerotruncus_sp._NML_070203,Bacteria,Verrucomicrobiota,Verrucomicrobiae,Verrucomicrobiales,Akkermansiaceae,Akkermansia,None,0.010710808179162609
Bacteria,Firmicutes,Clostridia,Oscillospirales,Ruminococcaceae,Candidatus_Soleaferrea,Neobitarella_massiliensis,Bacteria,Firmicutes,Clostridia,Oscillospirales,Ruminococcaceae,Candidatus_Soleaferrea,None,0.0009737098344693282
Bacteria,Firmicutes,Clostridia,Oscillospirales,Ruminococcaceae,Candidatus_Soleaferrea,Neobitarella_massiliensis,Bacteria,Firmicutes,Clostridia,Oscillospirales,Ruminococcaceae,DTU089,None,0.0029211295034079843
Bacteria,Firmicutes,Clostridia,Oscillospirales,Ruminococcaceae,Candidatus_Soleaferrea,Neobitarella_massiliensis,Bacteria,Firmicutes,Clostridia,Oscillospirales,Ruminococcaceae,Faecalibacterium,None,0.0029211295034079843
Bacteria,Firmicutes,Clostridia,Oscillospirales,Ruminococcaceae,Candidatus_Soleaferrea,Neobitarella_massiliensis,Bacteria,Firmicutes,Clostridia,Oscillospirales,Ruminococcaceae,Fournierella,uncultured_organism,0.0038948393378773127
Bacteria,Firmicutes,Clostridia,Oscillospirales,Ruminococcaceae,Candidatus_Soleaferrea,Neobitarella_massiliensis,Bacteria,Firmicutes,Clostridia,Oscillospirales,Ruminococcaceae,Incertae_Sedis,metagenome,0.0038948393378773127
Bacteria,Firmicutes,Clostridia,Oscillospirales,Ruminococcaceae,Candidatus_Soleaferrea,Neobitarella_massiliensis,Bacteria,Firmicutes,Clostridia,Oscillospirales,Ruminococcaceae,Incertae_Sedis,None,0.0029211295034079843
Bacteria,Firmicutes,Clostridia,Oscillospirales,Ruminococcaceae,Candidatus_Soleaferrea,Neobitarella_massiliensis,Bacteria,Firmicutes,Clostridia,Oscillospirales,Ruminococcaceae,Negativibacillus,None,0.0029211295034079843
Bacteria,Firmicutes,Clostridia,Oscillospirales,Ruminococcaceae,Candidatus_Soleaferrea,Neobitarella_massiliensis,Bacteria,Firmicutes,Clostridia,Oscillospirales,Ruminococcaceae,Ruminococcus,Ruminococcus_champanellensis,0.0038948393378773127
Bacteria,Firmicutes,Clostridia,Oscillospirales,Ruminococcaceae,Candidatus_Soleaferrea,Neobitarella_massiliensis,Bacteria,Firmicutes,Clostridia,Oscillospirales,Ruminococcaceae,Ruminococcus,None,0.0029211295034079843
Bacteria,Firmicutes,Clostridia,Oscillospirales,Ruminococcaceae,Candidatus_Soleaferrea,Neobitarella_massiliensis,Bacteria,Firmicutes,Clostridia,Oscillospirales,Ruminococcaceae,Subdoligranulum,None,0.0029211295034079843
Bacteria,Firmicutes,Clostridia,Oscillospirales,Ruminococcaceae,Candidatus_Soleaferrea,Neobitarella_massiliensis,Bacteria,Firmicutes,Clostridia,Oscillospirales,Ruminococcaceae,UBA1819,None,0.0029211295034079843
Bacteria,Firmicutes,Clostridia,Oscillospirales,Ruminococcaceae,Candidatus_Soleaferrea,Neobitarella_massiliensis,Bacteria,Firmicutes,Clostridia,Oscillospirales,Ruminococcaceae,Eubacterium_siraeum_group,None,0.0029211295034079843
Bacteria,Firmicutes,Clostridia,Oscillospirales,Ruminococcaceae,Candidatus_Soleaferrea,Neobitarella_massiliensis,Bacteria,Firmicutes,Clostridia,Oscillospirales,Ruminococcaceae,None,None,0.0029211295034079843
Bacteria,Firmicutes,Clostridia,Oscillospirales,Ruminococcaceae,Candidatus_Soleaferrea,Neobitarella_massiliensis,Bacteria,Firmicutes,Clostridia,Oscillospirales,UCG-010,None,None,0.0038948393378773127
Bacteria,Firmicutes,Clostridia,Oscillospirales,Ruminococcaceae,Candidatus_Soleaferrea,Neobitarella_massiliensis,Bacteria,Firmicutes,Clostridia,Oscillospirales,UCG-010,metagenome,None,0.004868549172346641
Bacteria,Firmicutes,Clostridia,Oscillospirales,Ruminococcaceae,Candidatus_Soleaferrea,Neobitarella_massiliensis,Bacteria,Firmicutes,Clostridia,Oscillospirales,UCG-010,uncultured_bacterium,None,0.004868549172346641
Bacteria,Firmicutes,Clostridia,Oscillospirales,Ruminococcaceae,Candidatus_Soleaferrea,Neobitarella_massiliensis,Bacteria,Firmicutes,Clostridia,Oscillospirales,UCG-010,uncultured_organism,None,0.004868549172346641
Bacteria,Firmicutes,Clostridia,Oscillospirales,Ruminococcaceae,Candidatus_Soleaferrea,Neobitarella_massiliensis,Bacteria,Firmicutes,Clostridia,Oscillospirales,Clostridium_methylpentosum_group,None,None,0.0038948393378773127
Bacteria,Firmicutes,Clostridia,Oscillospirales,Ruminococcaceae,Candidatus_Soleaferrea,Neobitarella_massiliensis,Bacteria,Firmicutes,Clostridia,Oscillospirales,Eubacterium_coprostanoligenes_group,None,None,0.0038948393378773127
Bacteria,Firmicutes,Clostridia,Oscillospirales,Ruminococcaceae,Candidatus_Soleaferrea,Neobitarella_massiliensis,Bacteria,Firmicutes,Clostridia,Oscillospirales,None,None,None,0.0038948393378773127
Bacteria,Firmicutes,Clostridia,Oscillospirales,Ruminococcaceae,Candidatus_Soleaferrea,Neobitarella_massiliensis,Bacteria,Firmicutes,Clostridia,Peptococcales,Peptococcaceae,uncultured,None,0.006815968841285297
Bacteria,Firmicutes,Clostridia,Oscillospirales,Ruminococcaceae,Candidatus_Soleaferrea,Neobitarella_massiliensis,Bacteria,Firmicutes,Clostridia,Peptostreptococcales-Tissierellales,Anaerovoracaceae,Family_XIII_AD3011_group,metagenome,0.007789678675754625
Bacteria,Firmicutes,Clostridia,Oscillospirales,Ruminococcaceae,Candidatus_Soleaferrea,Neobitarella_massiliensis,Bacteria,Firmicutes,Clostridia,Peptostreptococcales-Tissierellales,Anaerovoracaceae,Family_XIII_AD3011_group,None,0.006815968841285297
Bacteria,Firmicutes,Clostridia,Oscillospirales,Ruminococcaceae,Candidatus_Soleaferrea,Neobitarella_massiliensis,Bacteria,Firmicutes,Clostridia,Peptostreptococcales-Tissierellales,Anaerovoracaceae,Family_XIII_AD3011_group,uncultured,0.007789678675754625
Bacteria,Firmicutes,Clostridia,Oscillospirales,Ruminococcaceae,Candidatus_Soleaferrea,Neobitarella_massiliensis,Bacteria,Firmicutes,Clostridia,Peptostreptococcales-Tissierellales,Anaerovoracaceae,Family_XIII_UCG-001,metagenome,0.007789678675754625
Bacteria,Firmicutes,Clostridia,Oscillospirales,Ruminococcaceae,Candidatus_Soleaferrea,Neobitarella_massiliensis,Bacteria,Firmicutes,Clostridia,Peptostreptococcales-Tissierellales,Anaerovoracaceae,Eubacterium_nodatum_group,None,0.006815968841285297
Bacteria,Firmicutes,Clostridia,Oscillospirales,Ruminococcaceae,Candidatus_Soleaferrea,Neobitarella_massiliensis,Bacteria,Firmicutes,Clostridia,Peptostreptococcales-Tissierellales,Anaerovoracaceae,None,None,0.005842259006815969
Bacteria,Firmicutes,Clostridia,Oscillospirales,Ruminococcaceae,Candidatus_Soleaferrea,Neobitarella_massiliensis,Bacteria,Firmicutes,Clostridia,Peptostreptococcales-Tissierellales,Parvimonas,None,None,0.005842259006815969
Bacteria,Firmicutes,Clostridia,Oscillospirales,Ruminococcaceae,Candidatus_Soleaferrea,Neobitarella_massiliensis,Bacteria,Firmicutes,Clostridia,None,None,None,None,0.0038948393378773127
Bacteria,Firmicutes,Clostridia,Oscillospirales,Ruminococcaceae,Candidatus_Soleaferrea,Neobitarella_massiliensis,Bacteria,Firmicutes,Incertae_Sedis,DTU014,unidentified,None,None,0.007789678675754625
Bacteria,Firmicutes,Clostridia,Oscillospirales,Ruminococcaceae,Candidatus_Soleaferrea,Neobitarella_massiliensis,Bacteria,Firmicutes,Limnochordia,M55-D21,uncultured_compost_bacterium,None,None,0.007789678675754625
Bacteria,Firmicutes,Clostridia,Oscillospirales,Ruminococcaceae,Candidatus_Soleaferrea,Neobitarella_massiliensis,Bacteria,Firmicutes,Negativicutes,Acidaminococcales,Acidaminococcaceae,Phascolarctobacterium,None,0.008763388510223954
Bacteria,Firmicutes,Clostridia,Oscillospirales,Ruminococcaceae,Candidatus_Soleaferrea,Neobitarella_massiliensis,Bacteria,Firmicutes,None,None,None,None,None,0.004868549172346641
Bacteria,Firmicutes,Clostridia,Oscillospirales,Ruminococcaceae,Candidatus_Soleaferrea,Neobitarella_massiliensis,Bacteria,Firmicutes,uncultured,uncultured_Peptococcaceae_bacterium,None,None,None,0.006815968841285297
Bacteria,Firmicutes,Clostridia,Oscillospirales,Ruminococcaceae,Candidatus_Soleaferrea,Neobitarella_massiliensis,Bacteria,Proteobacteria,Alphaproteobacteria,Rhodospirillales,uncultured,None,None,0.009737098344693282
Bacteria,Firmicutes,Clostridia,Oscillospirales,Ruminococcaceae,Candidatus_Soleaferrea,Neobitarella_massiliensis,Bacteria,Proteobacteria,Gammaproteobacteria,Burkholderiales,Sutterellaceae,Sutterella,Sutterella_sp._252,0.011684518013631937
Bacteria,Firmicutes,Clostridia,Oscillospirales,Ruminococcaceae,Candidatus_Soleaferrea,Neobitarella_massiliensis,Bacteria,Proteobacteria,Gammaproteobacteria,Enterobacterales,Enterobacteriaceae,Escherichia-Shigella,None,0.010710808179162609
Bacteria,Firmicutes,Clostridia,Oscillospirales,Ruminococcaceae,Candidatus_Soleaferrea,Neobitarella_massiliensis,Bacteria,Proteobacteria,Gammaproteobacteria,Enterobacterales,Enterobacteriaceae,Klebsiella,None,0.010710808179162609
Bacteria,Firmicutes,Clostridia,Oscillospirales,Ruminococcaceae,Candidatus_Soleaferrea,Neobitarella_massiliensis,Bacteria,Proteobacteria,Gammaproteobacteria,Enterobacterales,Enterobacteriaceae,None,None,0.009737098344693282
Bacteria,Firmicutes,Clostridia,Oscillospirales,Ruminococcaceae,Candidatus_Soleaferrea,Neobitarella_massiliensis,Bacteria,Proteobacteria,Gammaproteobacteria,Pseudomonadales,Pseudomonadaceae,Pseudomonas,None,0.010710808179162609
Bacteria,Firmicutes,Clostridia,Oscillospirales,Ruminococcaceae,Candidatus_Soleaferrea,Neobitarella_massiliensis,Bacteria,Synergistota,Synergistia,Synergistales,Synergistaceae,Cloacibacillus,None,0.010710808179162609
Bacteria,Firmicutes,Clostridia,Oscillospirales,Ruminococcaceae,Candidatus_Soleaferrea,Neobitarella_massiliensis,Bacteria,Verrucomicrobiota,Verrucomicrobiae,Verrucomicrobiales,Akkermansiaceae,Akkermansia,None,0.010710808179162609
Bacteria,Firmicutes,Clostridia,Oscillospirales,Ruminococcaceae,Candidatus_Soleaferrea,None,Bacteria,Firmicutes,Clostridia,Oscillospirales,Ruminococcaceae,DTU089,None,0.0019474196689386564
Bacteria,Firmicutes,Clostridia,Oscillospirales,Ruminococcaceae,Candidatus_Soleaferrea,None,Bacteria,Firmicutes,Clostridia,Oscillospirales,Ruminococcaceae,Faecalibacterium,None,0.0019474196689386564
Bacteria,Firmicutes,Clostridia,Oscillospirales,Ruminococcaceae,Candidatus_Soleaferrea,None,Bacteria,Firmicutes,Clostridia,Oscillospirales,Ruminococcaceae,Fournierella,uncultured_organism,0.0029211295034079843
Bacteria,Firmicutes,Clostridia,Oscillospirales,Ruminococcaceae,Candidatus_Soleaferrea,None,Bacteria,Firmicutes,Clostridia,Oscillospirales,Ruminococcaceae,Incertae_Sedis,metagenome,0.0029211295034079843
Bacteria,Firmicutes,Clostridia,Oscillospirales,Ruminococcaceae,Candidatus_Soleaferrea,None,Bacteria,Firmicutes,Clostridia,Oscillospirales,Ruminococcaceae,Incertae_Sedis,None,0.0019474196689386564
Bacteria,Firmicutes,Clostridia,Oscillospirales,Ruminococcaceae,Candidatus_Soleaferrea,None,Bacteria,Firmicutes,Clostridia,Oscillospirales,Ruminococcaceae,Negativibacillus,None,0.0019474196689386564
Bacteria,Firmicutes,Clostridia,Oscillospirales,Ruminococcaceae,Candidatus_Soleaferrea,None,Bacteria,Firmicutes,Clostridia,Oscillospirales,Ruminococcaceae,Ruminococcus,Ruminococcus_champanellensis,0.0029211295034079843
Bacteria,Firmicutes,Clostridia,Oscillospirales,Ruminococcaceae,Candidatus_Soleaferrea,None,Bacteria,Firmicutes,Clostridia,Oscillospirales,Ruminococcaceae,Ruminococcus,None,0.0019474196689386564
Bacteria,Firmicutes,Clostridia,Oscillospirales,Ruminococcaceae,Candidatus_Soleaferrea,None,Bacteria,Firmicutes,Clostridia,Oscillospirales,Ruminococcaceae,Subdoligranulum,None,0.0019474196689386564
Bacteria,Firmicutes,Clostridia,Oscillospirales,Ruminococcaceae,Candidatus_Soleaferrea,None,Bacteria,Firmicutes,Clostridia,Oscillospirales,Ruminococcaceae,UBA1819,None,0.0019474196689386564
Bacteria,Firmicutes,Clostridia,Oscillospirales,Ruminococcaceae,Candidatus_Soleaferrea,None,Bacteria,Firmicutes,Clostridia,Oscillospirales,Ruminococcaceae,Eubacterium_siraeum_group,None,0.0019474196689386564
Bacteria,Firmicutes,Clostridia,Oscillospirales,Ruminococcaceae,Candidatus_Soleaferrea,None,Bacteria,Firmicutes,Clostridia,Oscillospirales,Ruminococcaceae,None,None,0.0019474196689386564
Bacteria,Firmicutes,Clostridia,Oscillospirales,Ruminococcaceae,Candidatus_Soleaferrea,None,Bacteria,Firmicutes,Clostridia,Oscillospirales,UCG-010,None,None,0.0029211295034079843
Bacteria,Firmicutes,Clostridia,Oscillospirales,Ruminococcaceae,Candidatus_Soleaferrea,None,Bacteria,Firmicutes,Clostridia,Oscillospirales,UCG-010,metagenome,None,0.0038948393378773127
Bacteria,Firmicutes,Clostridia,Oscillospirales,Ruminococcaceae,Candidatus_Soleaferrea,None,Bacteria,Firmicutes,Clostridia,Oscillospirales,UCG-010,uncultured_bacterium,None,0.0038948393378773127
Bacteria,Firmicutes,Clostridia,Oscillospirales,Ruminococcaceae,Candidatus_Soleaferrea,None,Bacteria,Firmicutes,Clostridia,Oscillospirales,UCG-010,uncultured_organism,None,0.0038948393378773127
Bacteria,Firmicutes,Clostridia,Oscillospirales,Ruminococcaceae,Candidatus_Soleaferrea,None,Bacteria,Firmicutes,Clostridia,Oscillospirales,Clostridium_methylpentosum_group,None,None,0.0029211295034079843
Bacteria,Firmicutes,Clostridia,Oscillospirales,Ruminococcaceae,Candidatus_Soleaferrea,None,Bacteria,Firmicutes,Clostridia,Oscillospirales,Eubacterium_coprostanoligenes_group,None,None,0.0029211295034079843
Bacteria,Firmicutes,Clostridia,Oscillospirales,Ruminococcaceae,Candidatus_Soleaferrea,None,Bacteria,Firmicutes,Clostridia,Oscillospirales,None,None,None,0.0029211295034079843
Bacteria,Firmicutes,Clostridia,Oscillospirales,Ruminococcaceae,Candidatus_Soleaferrea,None,Bacteria,Firmicutes,Clostridia,Peptococcales,Peptococcaceae,uncultured,None,0.005842259006815969
Bacteria,Firmicutes,Clostridia,Oscillospirales,Ruminococcaceae,Candidatus_Soleaferrea,None,Bacteria,Firmicutes,Clostridia,Peptostreptococcales-Tissierellales,Anaerovoracaceae,Family_XIII_AD3011_group,metagenome,0.006815968841285297
Bacteria,Firmicutes,Clostridia,Oscillospirales,Ruminococcaceae,Candidatus_Soleaferrea,None,Bacteria,Firmicutes,Clostridia,Peptostreptococcales-Tissierellales,Anaerovoracaceae,Family_XIII_AD3011_group,None,0.005842259006815969
Bacteria,Firmicutes,Clostridia,Oscillospirales,Ruminococcaceae,Candidatus_Soleaferrea,None,Bacteria,Firmicutes,Clostridia,Peptostreptococcales-Tissierellales,Anaerovoracaceae,Family_XIII_AD3011_group,uncultured,0.006815968841285297
Bacteria,Firmicutes,Clostridia,Oscillospirales,Ruminococcaceae,Candidatus_Soleaferrea,None,Bacteria,Firmicutes,Clostridia,Peptostreptococcales-Tissierellales,Anaerovoracaceae,Family_XIII_UCG-001,metagenome,0.006815968841285297
Bacteria,Firmicutes,Clostridia,Oscillospirales,Ruminococcaceae,Candidatus_Soleaferrea,None,Bacteria,Firmicutes,Clostridia,Peptostreptococcales-Tissierellales,Anaerovoracaceae,Eubacterium_nodatum_group,None,0.005842259006815969
Bacteria,Firmicutes,Clostridia,Oscillospirales,Ruminococcaceae,Candidatus_Soleaferrea,None,Bacteria,Firmicutes,Clostridia,Peptostreptococcales-Tissierellales,Anaerovoracaceae,None,None,0.004868549172346641
Bacteria,Firmicutes,Clostridia,Oscillospirales,Ruminococcaceae,Candidatus_Soleaferrea,None,Bacteria,Firmicutes,Clostridia,Peptostreptococcales-Tissierellales,Parvimonas,None,None,0.004868549172346641
Bacteria,Firmicutes,Clostridia,Oscillospirales,Ruminococcaceae,Candidatus_Soleaferrea,None,Bacteria,Firmicutes,Clostridia,None,None,None,None,0.0029211295034079843
Bacteria,Firmicutes,Clostridia,Oscillospirales,Ruminococcaceae,Candidatus_Soleaferrea,None,Bacteria,Firmicutes,Incertae_Sedis,DTU014,unidentified,None,None,0.006815968841285297
Bacteria,Firmicutes,Clostridia,Oscillospirales,Ruminococcaceae,Candidatus_Soleaferrea,None,Bacteria,Firmicutes,Limnochordia,M55-D21,uncultured_compost_bacterium,None,None,0.006815968841285297
Bacteria,Firmicutes,Clostridia,Oscillospirales,Ruminococcaceae,Candidatus_Soleaferrea,None,Bacteria,Firmicutes,Negativicutes,Acidaminococcales,Acidaminococcaceae,Phascolarctobacterium,None,0.007789678675754625
Bacteria,Firmicutes,Clostridia,Oscillospirales,Ruminococcaceae,Candidatus_Soleaferrea,None,Bacteria,Firmicutes,None,None,None,None,None,0.0038948393378773127
Bacteria,Firmicutes,Clostridia,Oscillospirales,Ruminococcaceae,Candidatus_Soleaferrea,None,Bacteria,Firmicutes,uncultured,uncultured_Peptococcaceae_bacterium,None,None,None,0.005842259006815969
Bacteria,Firmicutes,Clostridia,Oscillospirales,Ruminococcaceae,Candidatus_Soleaferrea,None,Bacteria,Proteobacteria,Alphaproteobacteria,Rhodospirillales,uncultured,None,None,0.008763388510223954
Bacteria,Firmicutes,Clostridia,Oscillospirales,Ruminococcaceae,Candidatus_Soleaferrea,None,Bacteria,Proteobacteria,Gammaproteobacteria,Burkholderiales,Sutterellaceae,Sutterella,Sutterella_sp._252,0.010710808179162609
Bacteria,Firmicutes,Clostridia,Oscillospirales,Ruminococcaceae,Candidatus_Soleaferrea,None,Bacteria,Proteobacteria,Gammaproteobacteria,Enterobacterales,Enterobacteriaceae,Escherichia-Shigella,None,0.009737098344693282
Bacteria,Firmicutes,Clostridia,Oscillospirales,Ruminococcaceae,Candidatus_Soleaferrea,None,Bacteria,Proteobacteria,Gammaproteobacteria,Enterobacterales,Enterobacteriaceae,Klebsiella,None,0.009737098344693282
Bacteria,Firmicutes,Clostridia,Oscillospirales,Ruminococcaceae,Candidatus_Soleaferrea,None,Bacteria,Proteobacteria,Gammaproteobacteria,Enterobacterales,Enterobacteriaceae,None,None,0.008763388510223954
Bacteria,Firmicutes,Clostridia,Oscillospirales,Ruminococcaceae,Candidatus_Soleaferrea,None,Bacteria,Proteobacteria,Gammaproteobacteria,Pseudomonadales,Pseudomonadaceae,Pseudomonas,None,0.009737098344693282
Bacteria,Firmicutes,Clostridia,Oscillospirales,Ruminococcaceae,Candidatus_Soleaferrea,None,Bacteria,Synergistota,Synergistia,Synergistales,Synergistaceae,Cloacibacillus,None,0.009737098344693282
Bacteria,Firmicutes,Clostridia,Oscillospirales,Ruminococcaceae,Candidatus_Soleaferrea,None,Bacteria,Verrucomicrobiota,Verrucomicrobiae,Verrucomicrobiales,Akkermansiaceae,Akkermansia,None,0.009737098344693282
Bacteria,Firmicutes,Clostridia,Oscillospirales,Ruminococcaceae,DTU089,None,Bacteria,Firmicutes,Clostridia,Oscillospirales,Ruminococcaceae,Faecalibacterium,None,0.0019474196689386564
Bacteria,Firmicutes,Clostridia,Oscillospirales,Ruminococcaceae,DTU089,None,Bacteria,Firmicutes,Clostridia,Oscillospirales,Ruminococcaceae,Fournierella,uncultured_organism,0.0029211295034079843
Bacteria,Firmicutes,Clostridia,Oscillospirales,Ruminococcaceae,DTU089,None,Bacteria,Firmicutes,Clostridia,Oscillospirales,Ruminococcaceae,Incertae_Sedis,metagenome,0.0029211295034079843
Bacteria,Firmicutes,Clostridia,Oscillospirales,Ruminococcaceae,DTU089,None,Bacteria,Firmicutes,Clostridia,Oscillospirales,Ruminococcaceae,Incertae_Sedis,None,0.0019474196689386564
Bacteria,Firmicutes,Clostridia,Oscillospirales,Ruminococcaceae,DTU089,None,Bacteria,Firmicutes,Clostridia,Oscillospirales,Ruminococcaceae,Negativibacillus,None,0.0019474196689386564
Bacteria,Firmicutes,Clostridia,Oscillospirales,Ruminococcaceae,DTU089,None,Bacteria,Firmicutes,Clostridia,Oscillospirales,Ruminococcaceae,Ruminococcus,Ruminococcus_champanellensis,0.0029211295034079843
Bacteria,Firmicutes,Clostridia,Oscillospirales,Ruminococcaceae,DTU089,None,Bacteria,Firmicutes,Clostridia,Oscillospirales,Ruminococcaceae,Ruminococcus,None,0.0019474196689386564
Bacteria,Firmicutes,Clostridia,Oscillospirales,Ruminococcaceae,DTU089,None,Bacteria,Firmicutes,Clostridia,Oscillospirales,Ruminococcaceae,Subdoligranulum,None,0.0019474196689386564
Bacteria,Firmicutes,Clostridia,Oscillospirales,Ruminococcaceae,DTU089,None,Bacteria,Firmicutes,Clostridia,Oscillospirales,Ruminococcaceae,UBA1819,None,0.0019474196689386564
Bacteria,Firmicutes,Clostridia,Oscillospirales,Ruminococcaceae,DTU089,None,Bacteria,Firmicutes,Clostridia,Oscillospirales,Ruminococcaceae,Eubacterium_siraeum_group,None,0.0019474196689386564
Bacteria,Firmicutes,Clostridia,Oscillospirales,Ruminococcaceae,DTU089,None,Bacteria,Firmicutes,Clostridia,Oscillospirales,Ruminococcaceae,None,None,0.0019474196689386564
Bacteria,Firmicutes,Clostridia,Oscillospirales,Ruminococcaceae,DTU089,None,Bacteria,Firmicutes,Clostridia,Oscillospirales,UCG-010,None,None,0.0029211295034079843
Bacteria,Firmicutes,Clostridia,Oscillospirales,Ruminococcaceae,DTU089,None,Bacteria,Firmicutes,Clostridia,Oscillospirales,UCG-010,metagenome,None,0.0038948393378773127
Bacteria,Firmicutes,Clostridia,Oscillospirales,Ruminococcaceae,DTU089,None,Bacteria,Firmicutes,Clostridia,Oscillospirales,UCG-010,uncultured_bacterium,None,0.0038948393378773127
Bacteria,Firmicutes,Clostridia,Oscillospirales,Ruminococcaceae,DTU089,None,Bacteria,Firmicutes,Clostridia,Oscillospirales,UCG-010,uncultured_organism,None,0.0038948393378773127
Bacteria,Firmicutes,Clostridia,Oscillospirales,Ruminococcaceae,DTU089,None,Bacteria,Firmicutes,Clostridia,Oscillospirales,Clostridium_methylpentosum_group,None,None,0.0029211295034079843
Bacteria,Firmicutes,Clostridia,Oscillospirales,Ruminococcaceae,DTU089,None,Bacteria,Firmicutes,Clostridia,Oscillospirales,Eubacterium_coprostanoligenes_group,None,None,0.0029211295034079843
Bacteria,Firmicutes,Clostridia,Oscillospirales,Ruminococcaceae,DTU089,None,Bacteria,Firmicutes,Clostridia,Oscillospirales,None,None,None,0.0029211295034079843
Bacteria,Firmicutes,Clostridia,Oscillospirales,Ruminococcaceae,DTU089,None,Bacteria,Firmicutes,Clostridia,Peptococcales,Peptococcaceae,uncultured,None,0.005842259006815969
Bacteria,Firmicutes,Clostridia,Oscillospirales,Ruminococcaceae,DTU089,None,Bacteria,Firmicutes,Clostridia,Peptostreptococcales-Tissierellales,Anaerovoracaceae,Family_XIII_AD3011_group,metagenome,0.006815968841285297
Bacteria,Firmicutes,Clostridia,Oscillospirales,Ruminococcaceae,DTU089,None,Bacteria,Firmicutes,Clostridia,Peptostreptococcales-Tissierellales,Anaerovoracaceae,Family_XIII_AD3011_group,None,0.005842259006815969
Bacteria,Firmicutes,Clostridia,Oscillospirales,Ruminococcaceae,DTU089,None,Bacteria,Firmicutes,Clostridia,Peptostreptococcales-Tissierellales,Anaerovoracaceae,Family_XIII_AD3011_group,uncultured,0.006815968841285297
Bacteria,Firmicutes,Clostridia,Oscillospirales,Ruminococcaceae,DTU089,None,Bacteria,Firmicutes,Clostridia,Peptostreptococcales-Tissierellales,Anaerovoracaceae,Family_XIII_UCG-001,metagenome,0.006815968841285297
Bacteria,Firmicutes,Clostridia,Oscillospirales,Ruminococcaceae,DTU089,None,Bacteria,Firmicutes,Clostridia,Peptostreptococcales-Tissierellales,Anaerovoracaceae,Eubacterium_nodatum_group,None,0.005842259006815969
Bacteria,Firmicutes,Clostridia,Oscillospirales,Ruminococcaceae,DTU089,None,Bacteria,Firmicutes,Clostridia,Peptostreptococcales-Tissierellales,Anaerovoracaceae,None,None,0.004868549172346641
Bacteria,Firmicutes,Clostridia,Oscillospirales,Ruminococcaceae,DTU089,None,Bacteria,Firmicutes,Clostridia,Peptostreptococcales-Tissierellales,Parvimonas,None,None,0.004868549172346641
Bacteria,Firmicutes,Clostridia,Oscillospirales,Ruminococcaceae,DTU089,None,Bacteria,Firmicutes,Clostridia,None,None,None,None,0.0029211295034079843
Bacteria,Firmicutes,Clostridia,Oscillospirales,Ruminococcaceae,DTU089,None,Bacteria,Firmicutes,Incertae_Sedis,DTU014,unidentified,None,None,0.006815968841285297
Bacteria,Firmicutes,Clostridia,Oscillospirales,Ruminococcaceae,DTU089,None,Bacteria,Firmicutes,Limnochordia,M55-D21,uncultured_compost_bacterium,None,None,0.006815968841285297
Bacteria,Firmicutes,Clostridia,Oscillospirales,Ruminococcaceae,DTU089,None,Bacteria,Firmicutes,Negativicutes,Acidaminococcales,Acidaminococcaceae,Phascolarctobacterium,None,0.007789678675754625
Bacteria,Firmicutes,Clostridia,Oscillospirales,Ruminococcaceae,DTU089,None,Bacteria,Firmicutes,None,None,None,None,None,0.0038948393378773127
Bacteria,Firmicutes,Clostridia,Oscillospirales,Ruminococcaceae,DTU089,None,Bacteria,Firmicutes,uncultured,uncultured_Peptococcaceae_bacterium,None,None,None,0.005842259006815969
Bacteria,Firmicutes,Clostridia,Oscillospirales,Ruminococcaceae,DTU089,None,Bacteria,Proteobacteria,Alphaproteobacteria,Rhodospirillales,uncultured,None,None,0.008763388510223954
Bacteria,Firmicutes,Clostridia,Oscillospirales,Ruminococcaceae,DTU089,None,Bacteria,Proteobacteria,Gammaproteobacteria,Burkholderiales,Sutterellaceae,Sutterella,Sutterella_sp._252,0.010710808179162609
Bacteria,Firmicutes,Clostridia,Oscillospirales,Ruminococcaceae,DTU089,None,Bacteria,Proteobacteria,Gammaproteobacteria,Enterobacterales,Enterobacteriaceae,Escherichia-Shigella,None,0.009737098344693282
Bacteria,Firmicutes,Clostridia,Oscillospirales,Ruminococcaceae,DTU089,None,Bacteria,Proteobacteria,Gammaproteobacteria,Enterobacterales,Enterobacteriaceae,Klebsiella,None,0.009737098344693282
Bacteria,Firmicutes,Clostridia,Oscillospirales,Ruminococcaceae,DTU089,None,Bacteria,Proteobacteria,Gammaproteobacteria,Enterobacterales,Enterobacteriaceae,None,None,0.008763388510223954
Bacteria,Firmicutes,Clostridia,Oscillospirales,Ruminococcaceae,DTU089,None,Bacteria,Proteobacteria,Gammaproteobacteria,Pseudomonadales,Pseudomonadaceae,Pseudomonas,None,0.009737098344693282
Bacteria,Firmicutes,Clostridia,Oscillospirales,Ruminococcaceae,DTU089,None,Bacteria,Synergistota,Synergistia,Synergistales,Synergistaceae,Cloacibacillus,None,0.009737098344693282
Bacteria,Firmicutes,Clostridia,Oscillospirales,Ruminococcaceae,DTU089,None,Bacteria,Verrucomicrobiota,Verrucomicrobiae,Verrucomicrobiales,Akkermansiaceae,Akkermansia,None,0.009737098344693282
Bacteria,Firmicutes,Clostridia,Oscillospirales,Ruminococcaceae,Faecalibacterium,None,Bacteria,Firmicutes,Clostridia,Oscillospirales,Ruminococcaceae,Fournierella,uncultured_organism,0.0029211295034079843
Bacteria,Firmicutes,Clostridia,Oscillospirales,Ruminococcaceae,Faecalibacterium,None,Bacteria,Firmicutes,Clostridia,Oscillospirales,Ruminococcaceae,Incertae_Sedis,metagenome,0.0029211295034079843
Bacteria,Firmicutes,Clostridia,Oscillospirales,Ruminococcaceae,Faecalibacterium,None,Bacteria,Firmicutes,Clostridia,Oscillospirales,Ruminococcaceae,Incertae_Sedis,None,0.0019474196689386564
Bacteria,Firmicutes,Clostridia,Oscillospirales,Ruminococcaceae,Faecalibacterium,None,Bacteria,Firmicutes,Clostridia,Oscillospirales,Ruminococcaceae,Negativibacillus,None,0.0019474196689386564
Bacteria,Firmicutes,Clostridia,Oscillospirales,Ruminococcaceae,Faecalibacterium,None,Bacteria,Firmicutes,Clostridia,Oscillospirales,Ruminococcaceae,Ruminococcus,Ruminococcus_champanellensis,0.0029211295034079843
Bacteria,Firmicutes,Clostridia,Oscillospirales,Ruminococcaceae,Faecalibacterium,None,Bacteria,Firmicutes,Clostridia,Oscillospirales,Ruminococcaceae,Ruminococcus,None,0.0019474196689386564
Bacteria,Firmicutes,Clostridia,Oscillospirales,Ruminococcaceae,Faecalibacterium,None,Bacteria,Firmicutes,Clostridia,Oscillospirales,Ruminococcaceae,Subdoligranulum,None,0.0019474196689386564
Bacteria,Firmicutes,Clostridia,Oscillospirales,Ruminococcaceae,Faecalibacterium,None,Bacteria,Firmicutes,Clostridia,Oscillospirales,Ruminococcaceae,UBA1819,None,0.0019474196689386564
Bacteria,Firmicutes,Clostridia,Oscillospirales,Ruminococcaceae,Faecalibacterium,None,Bacteria,Firmicutes,Clostridia,Oscillospirales,Ruminococcaceae,Eubacterium_siraeum_group,None,0.0019474196689386564
Bacteria,Firmicutes,Clostridia,Oscillospirales,Ruminococcaceae,Faecalibacterium,None,Bacteria,Firmicutes,Clostridia,Oscillospirales,Ruminococcaceae,None,None,0.0019474196689386564
Bacteria,Firmicutes,Clostridia,Oscillospirales,Ruminococcaceae,Faecalibacterium,None,Bacteria,Firmicutes,Clostridia,Oscillospirales,UCG-010,None,None,0.0029211295034079843
Bacteria,Firmicutes,Clostridia,Oscillospirales,Ruminococcaceae,Faecalibacterium,None,Bacteria,Firmicutes,Clostridia,Oscillospirales,UCG-010,metagenome,None,0.0038948393378773127
Bacteria,Firmicutes,Clostridia,Oscillospirales,Ruminococcaceae,Faecalibacterium,None,Bacteria,Firmicutes,Clostridia,Oscillospirales,UCG-010,uncultured_bacterium,None,0.0038948393378773127
Bacteria,Firmicutes,Clostridia,Oscillospirales,Ruminococcaceae,Faecalibacterium,None,Bacteria,Firmicutes,Clostridia,Oscillospirales,UCG-010,uncultured_organism,None,0.0038948393378773127
Bacteria,Firmicutes,Clostridia,Oscillospirales,Ruminococcaceae,Faecalibacterium,None,Bacteria,Firmicutes,Clostridia,Oscillospirales,Clostridium_methylpentosum_group,None,None,0.0029211295034079843
Bacteria,Firmicutes,Clostridia,Oscillospirales,Ruminococcaceae,Faecalibacterium,None,Bacteria,Firmicutes,Clostridia,Oscillospirales,Eubacterium_coprostanoligenes_group,None,None,0.0029211295034079843
Bacteria,Firmicutes,Clostridia,Oscillospirales,Ruminococcaceae,Faecalibacterium,None,Bacteria,Firmicutes,Clostridia,Oscillospirales,None,None,None,0.0029211295034079843
Bacteria,Firmicutes,Clostridia,Oscillospirales,Ruminococcaceae,Faecalibacterium,None,Bacteria,Firmicutes,Clostridia,Peptococcales,Peptococcaceae,uncultured,None,0.005842259006815969
Bacteria,Firmicutes,Clostridia,Oscillospirales,Ruminococcaceae,Faecalibacterium,None,Bacteria,Firmicutes,Clostridia,Peptostreptococcales-Tissierellales,Anaerovoracaceae,Family_XIII_AD3011_group,metagenome,0.006815968841285297
Bacteria,Firmicutes,Clostridia,Oscillospirales,Ruminococcaceae,Faecalibacterium,None,Bacteria,Firmicutes,Clostridia,Peptostreptococcales-Tissierellales,Anaerovoracaceae,Family_XIII_AD3011_group,None,0.005842259006815969
Bacteria,Firmicutes,Clostridia,Oscillospirales,Ruminococcaceae,Faecalibacterium,None,Bacteria,Firmicutes,Clostridia,Peptostreptococcales-Tissierellales,Anaerovoracaceae,Family_XIII_AD3011_group,uncultured,0.006815968841285297
Bacteria,Firmicutes,Clostridia,Oscillospirales,Ruminococcaceae,Faecalibacterium,None,Bacteria,Firmicutes,Clostridia,Peptostreptococcales-Tissierellales,Anaerovoracaceae,Family_XIII_UCG-001,metagenome,0.006815968841285297
Bacteria,Firmicutes,Clostridia,Oscillospirales,Ruminococcaceae,Faecalibacterium,None,Bacteria,Firmicutes,Clostridia,Peptostreptococcales-Tissierellales,Anaerovoracaceae,Eubacterium_nodatum_group,None,0.005842259006815969
Bacteria,Firmicutes,Clostridia,Oscillospirales,Ruminococcaceae,Faecalibacterium,None,Bacteria,Firmicutes,Clostridia,Peptostreptococcales-Tissierellales,Anaerovoracaceae,None,None,0.004868549172346641
Bacteria,Firmicutes,Clostridia,Oscillospirales,Ruminococcaceae,Faecalibacterium,None,Bacteria,Firmicutes,Clostridia,Peptostreptococcales-Tissierellales,Parvimonas,None,None,0.004868549172346641
Bacteria,Firmicutes,Clostridia,Oscillospirales,Ruminococcaceae,Faecalibacterium,None,Bacteria,Firmicutes,Clostridia,None,None,None,None,0.0029211295034079843
Bacteria,Firmicutes,Clostridia,Oscillospirales,Ruminococcaceae,Faecalibacterium,None,Bacteria,Firmicutes,Incertae_Sedis,DTU014,unidentified,None,None,0.006815968841285297
Bacteria,Firmicutes,Clostridia,Oscillospirales,Ruminococcaceae,Faecalibacterium,None,Bacteria,Firmicutes,Limnochordia,M55-D21,uncultured_compost_bacterium,None,None,0.006815968841285297
Bacteria,Firmicutes,Clostridia,Oscillospirales,Ruminococcaceae,Faecalibacterium,None,Bacteria,Firmicutes,Negativicutes,Acidaminococcales,Acidaminococcaceae,Phascolarctobacterium,None,0.007789678675754625
Bacteria,Firmicutes,Clostridia,Oscillospirales,Ruminococcaceae,Faecalibacterium,None,Bacteria,Firmicutes,None,None,None,None,None,0.0038948393378773127
Bacteria,Firmicutes,Clostridia,Oscillospirales,Ruminococcaceae,Faecalibacterium,None,Bacteria,Firmicutes,uncultured,uncultured_Peptococcaceae_bacterium,None,None,None,0.005842259006815969
Bacteria,Firmicutes,Clostridia,Oscillospirales,Ruminococcaceae,Faecalibacterium,None,Bacteria,Proteobacteria,Alphaproteobacteria,Rhodospirillales,uncultured,None,None,0.008763388510223954
Bacteria,Firmicutes,Clostridia,Oscillospirales,Ruminococcaceae,Faecalibacterium,None,Bacteria,Proteobacteria,Gammaproteobacteria,Burkholderiales,Sutterellaceae,Sutterella,Sutterella_sp._252,0.010710808179162609
Bacteria,Firmicutes,Clostridia,Oscillospirales,Ruminococcaceae,Faecalibacterium,None,Bacteria,Proteobacteria,Gammaproteobacteria,Enterobacterales,Enterobacteriaceae,Escherichia-Shigella,None,0.009737098344693282
Bacteria,Firmicutes,Clostridia,Oscillospirales,Ruminococcaceae,Faecalibacterium,None,Bacteria,Proteobacteria,Gammaproteobacteria,Enterobacterales,Enterobacteriaceae,Klebsiella,None,0.009737098344693282
Bacteria,Firmicutes,Clostridia,Oscillospirales,Ruminococcaceae,Faecalibacterium,None,Bacteria,Proteobacteria,Gammaproteobacteria,Enterobacterales,Enterobacteriaceae,None,None,0.008763388510223954
Bacteria,Firmicutes,Clostridia,Oscillospirales,Ruminococcaceae,Faecalibacterium,None,Bacteria,Proteobacteria,Gammaproteobacteria,Pseudomonadales,Pseudomonadaceae,Pseudomonas,None,0.009737098344693282
Bacteria,Firmicutes,Clostridia,Oscillospirales,Ruminococcaceae,Faecalibacterium,None,Bacteria,Synergistota,Synergistia,Synergistales,Synergistaceae,Cloacibacillus,None,0.009737098344693282
Bacteria,Firmicutes,Clostridia,Oscillospirales,Ruminococcaceae,Faecalibacterium,None,Bacteria,Verrucomicrobiota,Verrucomicrobiae,Verrucomicrobiales,Akkermansiaceae,Akkermansia,None,0.009737098344693282
Bacteria,Firmicutes,Clostridia,Oscillospirales,Ruminococcaceae,Fournierella,uncultured_organism,Bacteria,Firmicutes,Clostridia,Oscillospirales,Ruminococcaceae,Incertae_Sedis,metagenome,0.0038948393378773127
Bacteria,Firmicutes,Clostridia,Oscillospirales,Ruminococcaceae,Fournierella,uncultured_organism,Bacteria,Firmicutes,Clostridia,Oscillospirales,Ruminococcaceae,Incertae_Sedis,None,0.0029211295034079843
Bacteria,Firmicutes,Clostridia,Oscillospirales,Ruminococcaceae,Fournierella,uncultured_organism,Bacteria,Firmicutes,Clostridia,Oscillospirales,Ruminococcaceae,Negativibacillus,None,0.0029211295034079843
Bacteria,Firmicutes,Clostridia,Oscillospirales,Ruminococcaceae,Fournierella,uncultured_organism,Bacteria,Firmicutes,Clostridia,Oscillospirales,Ruminococcaceae,Ruminococcus,Ruminococcus_champanellensis,0.0038948393378773127
Bacteria,Firmicutes,Clostridia,Oscillospirales,Ruminococcaceae,Fournierella,uncultured_organism,Bacteria,Firmicutes,Clostridia,Oscillospirales,Ruminococcaceae,Ruminococcus,None,0.0029211295034079843
Bacteria,Firmicutes,Clostridia,Oscillospirales,Ruminococcaceae,Fournierella,uncultured_organism,Bacteria,Firmicutes,Clostridia,Oscillospirales,Ruminococcaceae,Subdoligranulum,None,0.0029211295034079843
Bacteria,Firmicutes,Clostridia,Oscillospirales,Ruminococcaceae,Fournierella,uncultured_organism,Bacteria,Firmicutes,Clostridia,Oscillospirales,Ruminococcaceae,UBA1819,None,0.0029211295034079843
Bacteria,Firmicutes,Clostridia,Oscillospirales,Ruminococcaceae,Fournierella,uncultured_organism,Bacteria,Firmicutes,Clostridia,Oscillospirales,Ruminococcaceae,Eubacterium_siraeum_group,None,0.0029211295034079843
Bacteria,Firmicutes,Clostridia,Oscillospirales,Ruminococcaceae,Fournierella,uncultured_organism,Bacteria,Firmicutes,Clostridia,Oscillospirales,Ruminococcaceae,None,None,0.0029211295034079843
Bacteria,Firmicutes,Clostridia,Oscillospirales,Ruminococcaceae,Fournierella,uncultured_organism,Bacteria,Firmicutes,Clostridia,Oscillospirales,UCG-010,None,None,0.0038948393378773127
Bacteria,Firmicutes,Clostridia,Oscillospirales,Ruminococcaceae,Fournierella,uncultured_organism,Bacteria,Firmicutes,Clostridia,Oscillospirales,UCG-010,metagenome,None,0.004868549172346641
Bacteria,Firmicutes,Clostridia,Oscillospirales,Ruminococcaceae,Fournierella,uncultured_organism,Bacteria,Firmicutes,Clostridia,Oscillospirales,UCG-010,uncultured_bacterium,None,0.004868549172346641
Bacteria,Firmicutes,Clostridia,Oscillospirales,Ruminococcaceae,Fournierella,uncultured_organism,Bacteria,Firmicutes,Clostridia,Oscillospirales,UCG-010,uncultured_organism,None,0.004868549172346641
Bacteria,Firmicutes,Clostridia,Oscillospirales,Ruminococcaceae,Fournierella,uncultured_organism,Bacteria,Firmicutes,Clostridia,Oscillospirales,Clostridium_methylpentosum_group,None,None,0.0038948393378773127
Bacteria,Firmicutes,Clostridia,Oscillospirales,Ruminococcaceae,Fournierella,uncultured_organism,Bacteria,Firmicutes,Clostridia,Oscillospirales,Eubacterium_coprostanoligenes_group,None,None,0.0038948393378773127
Bacteria,Firmicutes,Clostridia,Oscillospirales,Ruminococcaceae,Fournierella,uncultured_organism,Bacteria,Firmicutes,Clostridia,Oscillospirales,None,None,None,0.0038948393378773127
Bacteria,Firmicutes,Clostridia,Oscillospirales,Ruminococcaceae,Fournierella,uncultured_organism,Bacteria,Firmicutes,Clostridia,Peptococcales,Peptococcaceae,uncultured,None,0.006815968841285297
Bacteria,Firmicutes,Clostridia,Oscillospirales,Ruminococcaceae,Fournierella,uncultured_organism,Bacteria,Firmicutes,Clostridia,Peptostreptococcales-Tissierellales,Anaerovoracaceae,Family_XIII_AD3011_group,metagenome,0.007789678675754625
Bacteria,Firmicutes,Clostridia,Oscillospirales,Ruminococcaceae,Fournierella,uncultured_organism,Bacteria,Firmicutes,Clostridia,Peptostreptococcales-Tissierellales,Anaerovoracaceae,Family_XIII_AD3011_group,None,0.006815968841285297
Bacteria,Firmicutes,Clostridia,Oscillospirales,Ruminococcaceae,Fournierella,uncultured_organism,Bacteria,Firmicutes,Clostridia,Peptostreptococcales-Tissierellales,Anaerovoracaceae,Family_XIII_AD3011_group,uncultured,0.007789678675754625
Bacteria,Firmicutes,Clostridia,Oscillospirales,Ruminococcaceae,Fournierella,uncultured_organism,Bacteria,Firmicutes,Clostridia,Peptostreptococcales-Tissierellales,Anaerovoracaceae,Family_XIII_UCG-001,metagenome,0.007789678675754625
Bacteria,Firmicutes,Clostridia,Oscillospirales,Ruminococcaceae,Fournierella,uncultured_organism,Bacteria,Firmicutes,Clostridia,Peptostreptococcales-Tissierellales,Anaerovoracaceae,Eubacterium_nodatum_group,None,0.006815968841285297
Bacteria,Firmicutes,Clostridia,Oscillospirales,Ruminococcaceae,Fournierella,uncultured_organism,Bacteria,Firmicutes,Clostridia,Peptostreptococcales-Tissierellales,Anaerovoracaceae,None,None,0.005842259006815969
Bacteria,Firmicutes,Clostridia,Oscillospirales,Ruminococcaceae,Fournierella,uncultured_organism,Bacteria,Firmicutes,Clostridia,Peptostreptococcales-Tissierellales,Parvimonas,None,None,0.005842259006815969
Bacteria,Firmicutes,Clostridia,Oscillospirales,Ruminococcaceae,Fournierella,uncultured_organism,Bacteria,Firmicutes,Clostridia,None,None,None,None,0.0038948393378773127
Bacteria,Firmicutes,Clostridia,Oscillospirales,Ruminococcaceae,Fournierella,uncultured_organism,Bacteria,Firmicutes,Incertae_Sedis,DTU014,unidentified,None,None,0.007789678675754625
Bacteria,Firmicutes,Clostridia,Oscillospirales,Ruminococcaceae,Fournierella,uncultured_organism,Bacteria,Firmicutes,Limnochordia,M55-D21,uncultured_compost_bacterium,None,None,0.007789678675754625
Bacteria,Firmicutes,Clostridia,Oscillospirales,Ruminococcaceae,Fournierella,uncultured_organism,Bacteria,Firmicutes,Negativicutes,Acidaminococcales,Acidaminococcaceae,Phascolarctobacterium,None,0.008763388510223954
Bacteria,Firmicutes,Clostridia,Oscillospirales,Ruminococcaceae,Fournierella,uncultured_organism,Bacteria,Firmicutes,None,None,None,None,None,0.004868549172346641
Bacteria,Firmicutes,Clostridia,Oscillospirales,Ruminococcaceae,Fournierella,uncultured_organism,Bacteria,Firmicutes,uncultured,uncultured_Peptococcaceae_bacterium,None,None,None,0.006815968841285297
Bacteria,Firmicutes,Clostridia,Oscillospirales,Ruminococcaceae,Fournierella,uncultured_organism,Bacteria,Proteobacteria,Alphaproteobacteria,Rhodospirillales,uncultured,None,None,0.009737098344693282
Bacteria,Firmicutes,Clostridia,Oscillospirales,Ruminococcaceae,Fournierella,uncultured_organism,Bacteria,Proteobacteria,Gammaproteobacteria,Burkholderiales,Sutterellaceae,Sutterella,Sutterella_sp._252,0.011684518013631937
Bacteria,Firmicutes,Clostridia,Oscillospirales,Ruminococcaceae,Fournierella,uncultured_organism,Bacteria,Proteobacteria,Gammaproteobacteria,Enterobacterales,Enterobacteriaceae,Escherichia-Shigella,None,0.010710808179162609
Bacteria,Firmicutes,Clostridia,Oscillospirales,Ruminococcaceae,Fournierella,uncultured_organism,Bacteria,Proteobacteria,Gammaproteobacteria,Enterobacterales,Enterobacteriaceae,Klebsiella,None,0.010710808179162609
Bacteria,Firmicutes,Clostridia,Oscillospirales,Ruminococcaceae,Fournierella,uncultured_organism,Bacteria,Proteobacteria,Gammaproteobacteria,Enterobacterales,Enterobacteriaceae,None,None,0.009737098344693282
Bacteria,Firmicutes,Clostridia,Oscillospirales,Ruminococcaceae,Fournierella,uncultured_organism,Bacteria,Proteobacteria,Gammaproteobacteria,Pseudomonadales,Pseudomonadaceae,Pseudomonas,None,0.010710808179162609
Bacteria,Firmicutes,Clostridia,Oscillospirales,Ruminococcaceae,Fournierella,uncultured_organism,Bacteria,Synergistota,Synergistia,Synergistales,Synergistaceae,Cloacibacillus,None,0.010710808179162609
Bacteria,Firmicutes,Clostridia,Oscillospirales,Ruminococcaceae,Fournierella,uncultured_organism,Bacteria,Verrucomicrobiota,Verrucomicrobiae,Verrucomicrobiales,Akkermansiaceae,Akkermansia,None,0.010710808179162609
Bacteria,Firmicutes,Clostridia,Oscillospirales,Ruminococcaceae,Incertae_Sedis,metagenome,Bacteria,Firmicutes,Clostridia,Oscillospirales,Ruminococcaceae,Incertae_Sedis,None,0.0009737098344693282
Bacteria,Firmicutes,Clostridia,Oscillospirales,Ruminococcaceae,Incertae_Sedis,metagenome,Bacteria,Firmicutes,Clostridia,Oscillospirales,Ruminococcaceae,Negativibacillus,None,0.0029211295034079843
Bacteria,Firmicutes,Clostridia,Oscillospirales,Ruminococcaceae,Incertae_Sedis,metagenome,Bacteria,Firmicutes,Clostridia,Oscillospirales,Ruminococcaceae,Ruminococcus,Ruminococcus_champanellensis,0.0038948393378773127
Bacteria,Firmicutes,Clostridia,Oscillospirales,Ruminococcaceae,Incertae_Sedis,metagenome,Bacteria,Firmicutes,Clostridia,Oscillospirales,Ruminococcaceae,Ruminococcus,None,0.0029211295034079843
Bacteria,Firmicutes,Clostridia,Oscillospirales,Ruminococcaceae,Incertae_Sedis,metagenome,Bacteria,Firmicutes,Clostridia,Oscillospirales,Ruminococcaceae,Subdoligranulum,None,0.0029211295034079843
Bacteria,Firmicutes,Clostridia,Oscillospirales,Ruminococcaceae,Incertae_Sedis,metagenome,Bacteria,Firmicutes,Clostridia,Oscillospirales,Ruminococcaceae,UBA1819,None,0.0029211295034079843
Bacteria,Firmicutes,Clostridia,Oscillospirales,Ruminococcaceae,Incertae_Sedis,metagenome,Bacteria,Firmicutes,Clostridia,Oscillospirales,Ruminococcaceae,Eubacterium_siraeum_group,None,0.0029211295034079843
Bacteria,Firmicutes,Clostridia,Oscillospirales,Ruminococcaceae,Incertae_Sedis,metagenome,Bacteria,Firmicutes,Clostridia,Oscillospirales,Ruminococcaceae,None,None,0.0029211295034079843
Bacteria,Firmicutes,Clostridia,Oscillospirales,Ruminococcaceae,Incertae_Sedis,metagenome,Bacteria,Firmicutes,Clostridia,Oscillospirales,UCG-010,None,None,0.0038948393378773127
Bacteria,Firmicutes,Clostridia,Oscillospirales,Ruminococcaceae,Incertae_Sedis,metagenome,Bacteria,Firmicutes,Clostridia,Oscillospirales,UCG-010,metagenome,None,0.004868549172346641
Bacteria,Firmicutes,Clostridia,Oscillospirales,Ruminococcaceae,Incertae_Sedis,metagenome,Bacteria,Firmicutes,Clostridia,Oscillospirales,UCG-010,uncultured_bacterium,None,0.004868549172346641
Bacteria,Firmicutes,Clostridia,Oscillospirales,Ruminococcaceae,Incertae_Sedis,metagenome,Bacteria,Firmicutes,Clostridia,Oscillospirales,UCG-010,uncultured_organism,None,0.004868549172346641
Bacteria,Firmicutes,Clostridia,Oscillospirales,Ruminococcaceae,Incertae_Sedis,metagenome,Bacteria,Firmicutes,Clostridia,Oscillospirales,Clostridium_methylpentosum_group,None,None,0.0038948393378773127
Bacteria,Firmicutes,Clostridia,Oscillospirales,Ruminococcaceae,Incertae_Sedis,metagenome,Bacteria,Firmicutes,Clostridia,Oscillospirales,Eubacterium_coprostanoligenes_group,None,None,0.0038948393378773127
Bacteria,Firmicutes,Clostridia,Oscillospirales,Ruminococcaceae,Incertae_Sedis,metagenome,Bacteria,Firmicutes,Clostridia,Oscillospirales,None,None,None,0.0038948393378773127
Bacteria,Firmicutes,Clostridia,Oscillospirales,Ruminococcaceae,Incertae_Sedis,metagenome,Bacteria,Firmicutes,Clostridia,Peptococcales,Peptococcaceae,uncultured,None,0.006815968841285297
Bacteria,Firmicutes,Clostridia,Oscillospirales,Ruminococcaceae,Incertae_Sedis,metagenome,Bacteria,Firmicutes,Clostridia,Peptostreptococcales-Tissierellales,Anaerovoracaceae,Family_XIII_AD3011_group,metagenome,0.007789678675754625
Bacteria,Firmicutes,Clostridia,Oscillospirales,Ruminococcaceae,Incertae_Sedis,metagenome,Bacteria,Firmicutes,Clostridia,Peptostreptococcales-Tissierellales,Anaerovoracaceae,Family_XIII_AD3011_group,None,0.006815968841285297
Bacteria,Firmicutes,Clostridia,Oscillospirales,Ruminococcaceae,Incertae_Sedis,metagenome,Bacteria,Firmicutes,Clostridia,Peptostreptococcales-Tissierellales,Anaerovoracaceae,Family_XIII_AD3011_group,uncultured,0.007789678675754625
Bacteria,Firmicutes,Clostridia,Oscillospirales,Ruminococcaceae,Incertae_Sedis,metagenome,Bacteria,Firmicutes,Clostridia,Peptostreptococcales-Tissierellales,Anaerovoracaceae,Family_XIII_UCG-001,metagenome,0.007789678675754625
Bacteria,Firmicutes,Clostridia,Oscillospirales,Ruminococcaceae,Incertae_Sedis,metagenome,Bacteria,Firmicutes,Clostridia,Peptostreptococcales-Tissierellales,Anaerovoracaceae,Eubacterium_nodatum_group,None,0.006815968841285297
Bacteria,Firmicutes,Clostridia,Oscillospirales,Ruminococcaceae,Incertae_Sedis,metagenome,Bacteria,Firmicutes,Clostridia,Peptostreptococcales-Tissierellales,Anaerovoracaceae,None,None,0.005842259006815969
Bacteria,Firmicutes,Clostridia,Oscillospirales,Ruminococcaceae,Incertae_Sedis,metagenome,Bacteria,Firmicutes,Clostridia,Peptostreptococcales-Tissierellales,Parvimonas,None,None,0.005842259006815969
Bacteria,Firmicutes,Clostridia,Oscillospirales,Ruminococcaceae,Incertae_Sedis,metagenome,Bacteria,Firmicutes,Clostridia,None,None,None,None,0.0038948393378773127
Bacteria,Firmicutes,Clostridia,Oscillospirales,Ruminococcaceae,Incertae_Sedis,metagenome,Bacteria,Firmicutes,Incertae_Sedis,DTU014,unidentified,None,None,0.007789678675754625
Bacteria,Firmicutes,Clostridia,Oscillospirales,Ruminococcaceae,Incertae_Sedis,metagenome,Bacteria,Firmicutes,Limnochordia,M55-D21,uncultured_compost_bacterium,None,None,0.007789678675754625
Bacteria,Firmicutes,Clostridia,Oscillospirales,Ruminococcaceae,Incertae_Sedis,metagenome,Bacteria,Firmicutes,Negativicutes,Acidaminococcales,Acidaminococcaceae,Phascolarctobacterium,None,0.008763388510223954
Bacteria,Firmicutes,Clostridia,Oscillospirales,Ruminococcaceae,Incertae_Sedis,metagenome,Bacteria,Firmicutes,None,None,None,None,None,0.004868549172346641
Bacteria,Firmicutes,Clostridia,Oscillospirales,Ruminococcaceae,Incertae_Sedis,metagenome,Bacteria,Firmicutes,uncultured,uncultured_Peptococcaceae_bacterium,None,None,None,0.006815968841285297
Bacteria,Firmicutes,Clostridia,Oscillospirales,Ruminococcaceae,Incertae_Sedis,metagenome,Bacteria,Proteobacteria,Alphaproteobacteria,Rhodospirillales,uncultured,None,None,0.009737098344693282
Bacteria,Firmicutes,Clostridia,Oscillospirales,Ruminococcaceae,Incertae_Sedis,metagenome,Bacteria,Proteobacteria,Gammaproteobacteria,Burkholderiales,Sutterellaceae,Sutterella,Sutterella_sp._252,0.011684518013631937
Bacteria,Firmicutes,Clostridia,Oscillospirales,Ruminococcaceae,Incertae_Sedis,metagenome,Bacteria,Proteobacteria,Gammaproteobacteria,Enterobacterales,Enterobacteriaceae,Escherichia-Shigella,None,0.010710808179162609
Bacteria,Firmicutes,Clostridia,Oscillospirales,Ruminococcaceae,Incertae_Sedis,metagenome,Bacteria,Proteobacteria,Gammaproteobacteria,Enterobacterales,Enterobacteriaceae,Klebsiella,None,0.010710808179162609
Bacteria,Firmicutes,Clostridia,Oscillospirales,Ruminococcaceae,Incertae_Sedis,metagenome,Bacteria,Proteobacteria,Gammaproteobacteria,Enterobacterales,Enterobacteriaceae,None,None,0.009737098344693282
Bacteria,Firmicutes,Clostridia,Oscillospirales,Ruminococcaceae,Incertae_Sedis,metagenome,Bacteria,Proteobacteria,Gammaproteobacteria,Pseudomonadales,Pseudomonadaceae,Pseudomonas,None,0.010710808179162609
Bacteria,Firmicutes,Clostridia,Oscillospirales,Ruminococcaceae,Incertae_Sedis,metagenome,Bacteria,Synergistota,Synergistia,Synergistales,Synergistaceae,Cloacibacillus,None,0.010710808179162609
Bacteria,Firmicutes,Clostridia,Oscillospirales,Ruminococcaceae,Incertae_Sedis,metagenome,Bacteria,Verrucomicrobiota,Verrucomicrobiae,Verrucomicrobiales,Akkermansiaceae,Akkermansia,None,0.010710808179162609
Bacteria,Firmicutes,Clostridia,Oscillospirales,Ruminococcaceae,Incertae_Sedis,None,Bacteria,Firmicutes,Clostridia,Oscillospirales,Ruminococcaceae,Negativibacillus,None,0.0019474196689386564
Bacteria,Firmicutes,Clostridia,Oscillospirales,Ruminococcaceae,Incertae_Sedis,None,Bacteria,Firmicutes,Clostridia,Oscillospirales,Ruminococcaceae,Ruminococcus,Ruminococcus_champanellensis,0.0029211295034079843
Bacteria,Firmicutes,Clostridia,Oscillospirales,Ruminococcaceae,Incertae_Sedis,None,Bacteria,Firmicutes,Clostridia,Oscillospirales,Ruminococcaceae,Ruminococcus,None,0.0019474196689386564
Bacteria,Firmicutes,Clostridia,Oscillospirales,Ruminococcaceae,Incertae_Sedis,None,Bacteria,Firmicutes,Clostridia,Oscillospirales,Ruminococcaceae,Subdoligranulum,None,0.0019474196689386564
Bacteria,Firmicutes,Clostridia,Oscillospirales,Ruminococcaceae,Incertae_Sedis,None,Bacteria,Firmicutes,Clostridia,Oscillospirales,Ruminococcaceae,UBA1819,None,0.0019474196689386564
Bacteria,Firmicutes,Clostridia,Oscillospirales,Ruminococcaceae,Incertae_Sedis,None,Bacteria,Firmicutes,Clostridia,Oscillospirales,Ruminococcaceae,Eubacterium_siraeum_group,None,0.0019474196689386564
Bacteria,Firmicutes,Clostridia,Oscillospirales,Ruminococcaceae,Incertae_Sedis,None,Bacteria,Firmicutes,Clostridia,Oscillospirales,Ruminococcaceae,None,None,0.0019474196689386564
Bacteria,Firmicutes,Clostridia,Oscillospirales,Ruminococcaceae,Incertae_Sedis,None,Bacteria,Firmicutes,Clostridia,Oscillospirales,UCG-010,None,None,0.0029211295034079843
Bacteria,Firmicutes,Clostridia,Oscillospirales,Ruminococcaceae,Incertae_Sedis,None,Bacteria,Firmicutes,Clostridia,Oscillospirales,UCG-010,metagenome,None,0.0038948393378773127
Bacteria,Firmicutes,Clostridia,Oscillospirales,Ruminococcaceae,Incertae_Sedis,None,Bacteria,Firmicutes,Clostridia,Oscillospirales,UCG-010,uncultured_bacterium,None,0.0038948393378773127
Bacteria,Firmicutes,Clostridia,Oscillospirales,Ruminococcaceae,Incertae_Sedis,None,Bacteria,Firmicutes,Clostridia,Oscillospirales,UCG-010,uncultured_organism,None,0.0038948393378773127
Bacteria,Firmicutes,Clostridia,Oscillospirales,Ruminococcaceae,Incertae_Sedis,None,Bacteria,Firmicutes,Clostridia,Oscillospirales,Clostridium_methylpentosum_group,None,None,0.0029211295034079843
Bacteria,Firmicutes,Clostridia,Oscillospirales,Ruminococcaceae,Incertae_Sedis,None,Bacteria,Firmicutes,Clostridia,Oscillospirales,Eubacterium_coprostanoligenes_group,None,None,0.0029211295034079843
Bacteria,Firmicutes,Clostridia,Oscillospirales,Ruminococcaceae,Incertae_Sedis,None,Bacteria,Firmicutes,Clostridia,Oscillospirales,None,None,None,0.0029211295034079843
Bacteria,Firmicutes,Clostridia,Oscillospirales,Ruminococcaceae,Incertae_Sedis,None,Bacteria,Firmicutes,Clostridia,Peptococcales,Peptococcaceae,uncultured,None,0.005842259006815969
Bacteria,Firmicutes,Clostridia,Oscillospirales,Ruminococcaceae,Incertae_Sedis,None,Bacteria,Firmicutes,Clostridia,Peptostreptococcales-Tissierellales,Anaerovoracaceae,Family_XIII_AD3011_group,metagenome,0.006815968841285297
Bacteria,Firmicutes,Clostridia,Oscillospirales,Ruminococcaceae,Incertae_Sedis,None,Bacteria,Firmicutes,Clostridia,Peptostreptococcales-Tissierellales,Anaerovoracaceae,Family_XIII_AD3011_group,None,0.005842259006815969
Bacteria,Firmicutes,Clostridia,Oscillospirales,Ruminococcaceae,Incertae_Sedis,None,Bacteria,Firmicutes,Clostridia,Peptostreptococcales-Tissierellales,Anaerovoracaceae,Family_XIII_AD3011_group,uncultured,0.006815968841285297
Bacteria,Firmicutes,Clostridia,Oscillospirales,Ruminococcaceae,Incertae_Sedis,None,Bacteria,Firmicutes,Clostridia,Peptostreptococcales-Tissierellales,Anaerovoracaceae,Family_XIII_UCG-001,metagenome,0.006815968841285297
Bacteria,Firmicutes,Clostridia,Oscillospirales,Ruminococcaceae,Incertae_Sedis,None,Bacteria,Firmicutes,Clostridia,Peptostreptococcales-Tissierellales,Anaerovoracaceae,Eubacterium_nodatum_group,None,0.005842259006815969
Bacteria,Firmicutes,Clostridia,Oscillospirales,Ruminococcaceae,Incertae_Sedis,None,Bacteria,Firmicutes,Clostridia,Peptostreptococcales-Tissierellales,Anaerovoracaceae,None,None,0.004868549172346641
Bacteria,Firmicutes,Clostridia,Oscillospirales,Ruminococcaceae,Incertae_Sedis,None,Bacteria,Firmicutes,Clostridia,Peptostreptococcales-Tissierellales,Parvimonas,None,None,0.004868549172346641
Bacteria,Firmicutes,Clostridia,Oscillospirales,Ruminococcaceae,Incertae_Sedis,None,Bacteria,Firmicutes,Clostridia,None,None,None,None,0.0029211295034079843
Bacteria,Firmicutes,Clostridia,Oscillospirales,Ruminococcaceae,Incertae_Sedis,None,Bacteria,Firmicutes,Incertae_Sedis,DTU014,unidentified,None,None,0.006815968841285297
Bacteria,Firmicutes,Clostridia,Oscillospirales,Ruminococcaceae,Incertae_Sedis,None,Bacteria,Firmicutes,Limnochordia,M55-D21,uncultured_compost_bacterium,None,None,0.006815968841285297
Bacteria,Firmicutes,Clostridia,Oscillospirales,Ruminococcaceae,Incertae_Sedis,None,Bacteria,Firmicutes,Negativicutes,Acidaminococcales,Acidaminococcaceae,Phascolarctobacterium,None,0.007789678675754625
Bacteria,Firmicutes,Clostridia,Oscillospirales,Ruminococcaceae,Incertae_Sedis,None,Bacteria,Firmicutes,None,None,None,None,None,0.0038948393378773127
Bacteria,Firmicutes,Clostridia,Oscillospirales,Ruminococcaceae,Incertae_Sedis,None,Bacteria,Firmicutes,uncultured,uncultured_Peptococcaceae_bacterium,None,None,None,0.005842259006815969
Bacteria,Firmicutes,Clostridia,Oscillospirales,Ruminococcaceae,Incertae_Sedis,None,Bacteria,Proteobacteria,Alphaproteobacteria,Rhodospirillales,uncultured,None,None,0.008763388510223954
Bacteria,Firmicutes,Clostridia,Oscillospirales,Ruminococcaceae,Incertae_Sedis,None,Bacteria,Proteobacteria,Gammaproteobacteria,Burkholderiales,Sutterellaceae,Sutterella,Sutterella_sp._252,0.010710808179162609
Bacteria,Firmicutes,Clostridia,Oscillospirales,Ruminococcaceae,Incertae_Sedis,None,Bacteria,Proteobacteria,Gammaproteobacteria,Enterobacterales,Enterobacteriaceae,Escherichia-Shigella,None,0.009737098344693282
Bacteria,Firmicutes,Clostridia,Oscillospirales,Ruminococcaceae,Incertae_Sedis,None,Bacteria,Proteobacteria,Gammaproteobacteria,Enterobacterales,Enterobacteriaceae,Klebsiella,None,0.009737098344693282
Bacteria,Firmicutes,Clostridia,Oscillospirales,Ruminococcaceae,Incertae_Sedis,None,Bacteria,Proteobacteria,Gammaproteobacteria,Enterobacterales,Enterobacteriaceae,None,None,0.008763388510223954
Bacteria,Firmicutes,Clostridia,Oscillospirales,Ruminococcaceae,Incertae_Sedis,None,Bacteria,Proteobacteria,Gammaproteobacteria,Pseudomonadales,Pseudomonadaceae,Pseudomonas,None,0.009737098344693282
Bacteria,Firmicutes,Clostridia,Oscillospirales,Ruminococcaceae,Incertae_Sedis,None,Bacteria,Synergistota,Synergistia,Synergistales,Synergistaceae,Cloacibacillus,None,0.009737098344693282
Bacteria,Firmicutes,Clostridia,Oscillospirales,Ruminococcaceae,Incertae_Sedis,None,Bacteria,Verrucomicrobiota,Verrucomicrobiae,Verrucomicrobiales,Akkermansiaceae,Akkermansia,None,0.009737098344693282
Bacteria,Firmicutes,Clostridia,Oscillospirales,Ruminococcaceae,Negativibacillus,None,Bacteria,Firmicutes,Clostridia,Oscillospirales,Ruminococcaceae,Ruminococcus,Ruminococcus_champanellensis,0.0029211295034079843
Bacteria,Firmicutes,Clostridia,Oscillospirales,Ruminococcaceae,Negativibacillus,None,Bacteria,Firmicutes,Clostridia,Oscillospirales,Ruminococcaceae,Ruminococcus,None,0.0019474196689386564
Bacteria,Firmicutes,Clostridia,Oscillospirales,Ruminococcaceae,Negativibacillus,None,Bacteria,Firmicutes,Clostridia,Oscillospirales,Ruminococcaceae,Subdoligranulum,None,0.0019474196689386564
Bacteria,Firmicutes,Clostridia,Oscillospirales,Ruminococcaceae,Negativibacillus,None,Bacteria,Firmicutes,Clostridia,Oscillospirales,Ruminococcaceae,UBA1819,None,0.0019474196689386564
Bacteria,Firmicutes,Clostridia,Oscillospirales,Ruminococcaceae,Negativibacillus,None,Bacteria,Firmicutes,Clostridia,Oscillospirales,Ruminococcaceae,Eubacterium_siraeum_group,None,0.0019474196689386564
Bacteria,Firmicutes,Clostridia,Oscillospirales,Ruminococcaceae,Negativibacillus,None,Bacteria,Firmicutes,Clostridia,Oscillospirales,Ruminococcaceae,None,None,0.0019474196689386564
Bacteria,Firmicutes,Clostridia,Oscillospirales,Ruminococcaceae,Negativibacillus,None,Bacteria,Firmicutes,Clostridia,Oscillospirales,UCG-010,None,None,0.0029211295034079843
Bacteria,Firmicutes,Clostridia,Oscillospirales,Ruminococcaceae,Negativibacillus,None,Bacteria,Firmicutes,Clostridia,Oscillospirales,UCG-010,metagenome,None,0.0038948393378773127
Bacteria,Firmicutes,Clostridia,Oscillospirales,Ruminococcaceae,Negativibacillus,None,Bacteria,Firmicutes,Clostridia,Oscillospirales,UCG-010,uncultured_bacterium,None,0.0038948393378773127
Bacteria,Firmicutes,Clostridia,Oscillospirales,Ruminococcaceae,Negativibacillus,None,Bacteria,Firmicutes,Clostridia,Oscillospirales,UCG-010,uncultured_organism,None,0.0038948393378773127
Bacteria,Firmicutes,Clostridia,Oscillospirales,Ruminococcaceae,Negativibacillus,None,Bacteria,Firmicutes,Clostridia,Oscillospirales,Clostridium_methylpentosum_group,None,None,0.0029211295034079843
Bacteria,Firmicutes,Clostridia,Oscillospirales,Ruminococcaceae,Negativibacillus,None,Bacteria,Firmicutes,Clostridia,Oscillospirales,Eubacterium_coprostanoligenes_group,None,None,0.0029211295034079843
Bacteria,Firmicutes,Clostridia,Oscillospirales,Ruminococcaceae,Negativibacillus,None,Bacteria,Firmicutes,Clostridia,Oscillospirales,None,None,None,0.0029211295034079843
Bacteria,Firmicutes,Clostridia,Oscillospirales,Ruminococcaceae,Negativibacillus,None,Bacteria,Firmicutes,Clostridia,Peptococcales,Peptococcaceae,uncultured,None,0.005842259006815969
Bacteria,Firmicutes,Clostridia,Oscillospirales,Ruminococcaceae,Negativibacillus,None,Bacteria,Firmicutes,Clostridia,Peptostreptococcales-Tissierellales,Anaerovoracaceae,Family_XIII_AD3011_group,metagenome,0.006815968841285297
Bacteria,Firmicutes,Clostridia,Oscillospirales,Ruminococcaceae,Negativibacillus,None,Bacteria,Firmicutes,Clostridia,Peptostreptococcales-Tissierellales,Anaerovoracaceae,Family_XIII_AD3011_group,None,0.005842259006815969
Bacteria,Firmicutes,Clostridia,Oscillospirales,Ruminococcaceae,Negativibacillus,None,Bacteria,Firmicutes,Clostridia,Peptostreptococcales-Tissierellales,Anaerovoracaceae,Family_XIII_AD3011_group,uncultured,0.006815968841285297
Bacteria,Firmicutes,Clostridia,Oscillospirales,Ruminococcaceae,Negativibacillus,None,Bacteria,Firmicutes,Clostridia,Peptostreptococcales-Tissierellales,Anaerovoracaceae,Family_XIII_UCG-001,metagenome,0.006815968841285297
Bacteria,Firmicutes,Clostridia,Oscillospirales,Ruminococcaceae,Negativibacillus,None,Bacteria,Firmicutes,Clostridia,Peptostreptococcales-Tissierellales,Anaerovoracaceae,Eubacterium_nodatum_group,None,0.005842259006815969
Bacteria,Firmicutes,Clostridia,Oscillospirales,Ruminococcaceae,Negativibacillus,None,Bacteria,Firmicutes,Clostridia,Peptostreptococcales-Tissierellales,Anaerovoracaceae,None,None,0.004868549172346641
Bacteria,Firmicutes,Clostridia,Oscillospirales,Ruminococcaceae,Negativibacillus,None,Bacteria,Firmicutes,Clostridia,Peptostreptococcales-Tissierellales,Parvimonas,None,None,0.004868549172346641
Bacteria,Firmicutes,Clostridia,Oscillospirales,Ruminococcaceae,Negativibacillus,None,Bacteria,Firmicutes,Clostridia,None,None,None,None,0.0029211295034079843
Bacteria,Firmicutes,Clostridia,Oscillospirales,Ruminococcaceae,Negativibacillus,None,Bacteria,Firmicutes,Incertae_Sedis,DTU014,unidentified,None,None,0.006815968841285297
Bacteria,Firmicutes,Clostridia,Oscillospirales,Ruminococcaceae,Negativibacillus,None,Bacteria,Firmicutes,Limnochordia,M55-D21,uncultured_compost_bacterium,None,None,0.006815968841285297
Bacteria,Firmicutes,Clostridia,Oscillospirales,Ruminococcaceae,Negativibacillus,None,Bacteria,Firmicutes,Negativicutes,Acidaminococcales,Acidaminococcaceae,Phascolarctobacterium,None,0.007789678675754625
Bacteria,Firmicutes,Clostridia,Oscillospirales,Ruminococcaceae,Negativibacillus,None,Bacteria,Firmicutes,None,None,None,None,None,0.0038948393378773127
Bacteria,Firmicutes,Clostridia,Oscillospirales,Ruminococcaceae,Negativibacillus,None,Bacteria,Firmicutes,uncultured,uncultured_Peptococcaceae_bacterium,None,None,None,0.005842259006815969
Bacteria,Firmicutes,Clostridia,Oscillospirales,Ruminococcaceae,Negativibacillus,None,Bacteria,Proteobacteria,Alphaproteobacteria,Rhodospirillales,uncultured,None,None,0.008763388510223954
Bacteria,Firmicutes,Clostridia,Oscillospirales,Ruminococcaceae,Negativibacillus,None,Bacteria,Proteobacteria,Gammaproteobacteria,Burkholderiales,Sutterellaceae,Sutterella,Sutterella_sp._252,0.010710808179162609
Bacteria,Firmicutes,Clostridia,Oscillospirales,Ruminococcaceae,Negativibacillus,None,Bacteria,Proteobacteria,Gammaproteobacteria,Enterobacterales,Enterobacteriaceae,Escherichia-Shigella,None,0.009737098344693282
Bacteria,Firmicutes,Clostridia,Oscillospirales,Ruminococcaceae,Negativibacillus,None,Bacteria,Proteobacteria,Gammaproteobacteria,Enterobacterales,Enterobacteriaceae,Klebsiella,None,0.009737098344693282
Bacteria,Firmicutes,Clostridia,Oscillospirales,Ruminococcaceae,Negativibacillus,None,Bacteria,Proteobacteria,Gammaproteobacteria,Enterobacterales,Enterobacteriaceae,None,None,0.008763388510223954
Bacteria,Firmicutes,Clostridia,Oscillospirales,Ruminococcaceae,Negativibacillus,None,Bacteria,Proteobacteria,Gammaproteobacteria,Pseudomonadales,Pseudomonadaceae,Pseudomonas,None,0.009737098344693282
Bacteria,Firmicutes,Clostridia,Oscillospirales,Ruminococcaceae,Negativibacillus,None,Bacteria,Synergistota,Synergistia,Synergistales,Synergistaceae,Cloacibacillus,None,0.009737098344693282
Bacteria,Firmicutes,Clostridia,Oscillospirales,Ruminococcaceae,Negativibacillus,None,Bacteria,Verrucomicrobiota,Verrucomicrobiae,Verrucomicrobiales,Akkermansiaceae,Akkermansia,None,0.009737098344693282
Bacteria,Firmicutes,Clostridia,Oscillospirales,Ruminococcaceae,Ruminococcus,Ruminococcus_champanellensis,Bacteria,Firmicutes,Clostridia,Oscillospirales,Ruminococcaceae,Ruminococcus,None,0.0009737098344693282
Bacteria,Firmicutes,Clostridia,Oscillospirales,Ruminococcaceae,Ruminococcus,Ruminococcus_champanellensis,Bacteria,Firmicutes,Clostridia,Oscillospirales,Ruminococcaceae,Subdoligranulum,None,0.0029211295034079843
Bacteria,Firmicutes,Clostridia,Oscillospirales,Ruminococcaceae,Ruminococcus,Ruminococcus_champanellensis,Bacteria,Firmicutes,Clostridia,Oscillospirales,Ruminococcaceae,UBA1819,None,0.0029211295034079843
Bacteria,Firmicutes,Clostridia,Oscillospirales,Ruminococcaceae,Ruminococcus,Ruminococcus_champanellensis,Bacteria,Firmicutes,Clostridia,Oscillospirales,Ruminococcaceae,Eubacterium_siraeum_group,None,0.0029211295034079843
Bacteria,Firmicutes,Clostridia,Oscillospirales,Ruminococcaceae,Ruminococcus,Ruminococcus_champanellensis,Bacteria,Firmicutes,Clostridia,Oscillospirales,Ruminococcaceae,None,None,0.0029211295034079843
Bacteria,Firmicutes,Clostridia,Oscillospirales,Ruminococcaceae,Ruminococcus,Ruminococcus_champanellensis,Bacteria,Firmicutes,Clostridia,Oscillospirales,UCG-010,None,None,0.0038948393378773127
Bacteria,Firmicutes,Clostridia,Oscillospirales,Ruminococcaceae,Ruminococcus,Ruminococcus_champanellensis,Bacteria,Firmicutes,Clostridia,Oscillospirales,UCG-010,metagenome,None,0.004868549172346641
Bacteria,Firmicutes,Clostridia,Oscillospirales,Ruminococcaceae,Ruminococcus,Ruminococcus_champanellensis,Bacteria,Firmicutes,Clostridia,Oscillospirales,UCG-010,uncultured_bacterium,None,0.004868549172346641
Bacteria,Firmicutes,Clostridia,Oscillospirales,Ruminococcaceae,Ruminococcus,Ruminococcus_champanellensis,Bacteria,Firmicutes,Clostridia,Oscillospirales,UCG-010,uncultured_organism,None,0.004868549172346641
Bacteria,Firmicutes,Clostridia,Oscillospirales,Ruminococcaceae,Ruminococcus,Ruminococcus_champanellensis,Bacteria,Firmicutes,Clostridia,Oscillospirales,Clostridium_methylpentosum_group,None,None,0.0038948393378773127
Bacteria,Firmicutes,Clostridia,Oscillospirales,Ruminococcaceae,Ruminococcus,Ruminococcus_champanellensis,Bacteria,Firmicutes,Clostridia,Oscillospirales,Eubacterium_coprostanoligenes_group,None,None,0.0038948393378773127
Bacteria,Firmicutes,Clostridia,Oscillospirales,Ruminococcaceae,Ruminococcus,Ruminococcus_champanellensis,Bacteria,Firmicutes,Clostridia,Oscillospirales,None,None,None,0.0038948393378773127
Bacteria,Firmicutes,Clostridia,Oscillospirales,Ruminococcaceae,Ruminococcus,Ruminococcus_champanellensis,Bacteria,Firmicutes,Clostridia,Peptococcales,Peptococcaceae,uncultured,None,0.006815968841285297
Bacteria,Firmicutes,Clostridia,Oscillospirales,Ruminococcaceae,Ruminococcus,Ruminococcus_champanellensis,Bacteria,Firmicutes,Clostridia,Peptostreptococcales-Tissierellales,Anaerovoracaceae,Family_XIII_AD3011_group,metagenome,0.007789678675754625
Bacteria,Firmicutes,Clostridia,Oscillospirales,Ruminococcaceae,Ruminococcus,Ruminococcus_champanellensis,Bacteria,Firmicutes,Clostridia,Peptostreptococcales-Tissierellales,Anaerovoracaceae,Family_XIII_AD3011_group,None,0.006815968841285297
Bacteria,Firmicutes,Clostridia,Oscillospirales,Ruminococcaceae,Ruminococcus,Ruminococcus_champanellensis,Bacteria,Firmicutes,Clostridia,Peptostreptococcales-Tissierellales,Anaerovoracaceae,Family_XIII_AD3011_group,uncultured,0.007789678675754625
Bacteria,Firmicutes,Clostridia,Oscillospirales,Ruminococcaceae,Ruminococcus,Ruminococcus_champanellensis,Bacteria,Firmicutes,Clostridia,Peptostreptococcales-Tissierellales,Anaerovoracaceae,Family_XIII_UCG-001,metagenome,0.007789678675754625
Bacteria,Firmicutes,Clostridia,Oscillospirales,Ruminococcaceae,Ruminococcus,Ruminococcus_champanellensis,Bacteria,Firmicutes,Clostridia,Peptostreptococcales-Tissierellales,Anaerovoracaceae,Eubacterium_nodatum_group,None,0.006815968841285297
Bacteria,Firmicutes,Clostridia,Oscillospirales,Ruminococcaceae,Ruminococcus,Ruminococcus_champanellensis,Bacteria,Firmicutes,Clostridia,Peptostreptococcales-Tissierellales,Anaerovoracaceae,None,None,0.005842259006815969
Bacteria,Firmicutes,Clostridia,Oscillospirales,Ruminococcaceae,Ruminococcus,Ruminococcus_champanellensis,Bacteria,Firmicutes,Clostridia,Peptostreptococcales-Tissierellales,Parvimonas,None,None,0.005842259006815969
Bacteria,Firmicutes,Clostridia,Oscillospirales,Ruminococcaceae,Ruminococcus,Ruminococcus_champanellensis,Bacteria,Firmicutes,Clostridia,None,None,None,None,0.0038948393378773127
Bacteria,Firmicutes,Clostridia,Oscillospirales,Ruminococcaceae,Ruminococcus,Ruminococcus_champanellensis,Bacteria,Firmicutes,Incertae_Sedis,DTU014,unidentified,None,None,0.007789678675754625
Bacteria,Firmicutes,Clostridia,Oscillospirales,Ruminococcaceae,Ruminococcus,Ruminococcus_champanellensis,Bacteria,Firmicutes,Limnochordia,M55-D21,uncultured_compost_bacterium,None,None,0.007789678675754625
Bacteria,Firmicutes,Clostridia,Oscillospirales,Ruminococcaceae,Ruminococcus,Ruminococcus_champanellensis,Bacteria,Firmicutes,Negativicutes,Acidaminococcales,Acidaminococcaceae,Phascolarctobacterium,None,0.008763388510223954
Bacteria,Firmicutes,Clostridia,Oscillospirales,Ruminococcaceae,Ruminococcus,Ruminococcus_champanellensis,Bacteria,Firmicutes,None,None,None,None,None,0.004868549172346641
Bacteria,Firmicutes,Clostridia,Oscillospirales,Ruminococcaceae,Ruminococcus,Ruminococcus_champanellensis,Bacteria,Firmicutes,uncultured,uncultured_Peptococcaceae_bacterium,None,None,None,0.006815968841285297
Bacteria,Firmicutes,Clostridia,Oscillospirales,Ruminococcaceae,Ruminococcus,Ruminococcus_champanellensis,Bacteria,Proteobacteria,Alphaproteobacteria,Rhodospirillales,uncultured,None,None,0.009737098344693282
Bacteria,Firmicutes,Clostridia,Oscillospirales,Ruminococcaceae,Ruminococcus,Ruminococcus_champanellensis,Bacteria,Proteobacteria,Gammaproteobacteria,Burkholderiales,Sutterellaceae,Sutterella,Sutterella_sp._252,0.011684518013631937
Bacteria,Firmicutes,Clostridia,Oscillospirales,Ruminococcaceae,Ruminococcus,Ruminococcus_champanellensis,Bacteria,Proteobacteria,Gammaproteobacteria,Enterobacterales,Enterobacteriaceae,Escherichia-Shigella,None,0.010710808179162609
Bacteria,Firmicutes,Clostridia,Oscillospirales,Ruminococcaceae,Ruminococcus,Ruminococcus_champanellensis,Bacteria,Proteobacteria,Gammaproteobacteria,Enterobacterales,Enterobacteriaceae,Klebsiella,None,0.010710808179162609
Bacteria,Firmicutes,Clostridia,Oscillospirales,Ruminococcaceae,Ruminococcus,Ruminococcus_champanellensis,Bacteria,Proteobacteria,Gammaproteobacteria,Enterobacterales,Enterobacteriaceae,None,None,0.009737098344693282
Bacteria,Firmicutes,Clostridia,Oscillospirales,Ruminococcaceae,Ruminococcus,Ruminococcus_champanellensis,Bacteria,Proteobacteria,Gammaproteobacteria,Pseudomonadales,Pseudomonadaceae,Pseudomonas,None,0.010710808179162609
Bacteria,Firmicutes,Clostridia,Oscillospirales,Ruminococcaceae,Ruminococcus,Ruminococcus_champanellensis,Bacteria,Synergistota,Synergistia,Synergistales,Synergistaceae,Cloacibacillus,None,0.010710808179162609
Bacteria,Firmicutes,Clostridia,Oscillospirales,Ruminococcaceae,Ruminococcus,Ruminococcus_champanellensis,Bacteria,Verrucomicrobiota,Verrucomicrobiae,Verrucomicrobiales,Akkermansiaceae,Akkermansia,None,0.010710808179162609
Bacteria,Firmicutes,Clostridia,Oscillospirales,Ruminococcaceae,Ruminococcus,None,Bacteria,Firmicutes,Clostridia,Oscillospirales,Ruminococcaceae,Subdoligranulum,None,0.0019474196689386564
Bacteria,Firmicutes,Clostridia,Oscillospirales,Ruminococcaceae,Ruminococcus,None,Bacteria,Firmicutes,Clostridia,Oscillospirales,Ruminococcaceae,UBA1819,None,0.0019474196689386564
Bacteria,Firmicutes,Clostridia,Oscillospirales,Ruminococcaceae,Ruminococcus,None,Bacteria,Firmicutes,Clostridia,Oscillospirales,Ruminococcaceae,Eubacterium_siraeum_group,None,0.0019474196689386564
Bacteria,Firmicutes,Clostridia,Oscillospirales,Ruminococcaceae,Ruminococcus,None,Bacteria,Firmicutes,Clostridia,Oscillospirales,Ruminococcaceae,None,None,0.0019474196689386564
Bacteria,Firmicutes,Clostridia,Oscillospirales,Ruminococcaceae,Ruminococcus,None,Bacteria,Firmicutes,Clostridia,Oscillospirales,UCG-010,None,None,0.0029211295034079843
Bacteria,Firmicutes,Clostridia,Oscillospirales,Ruminococcaceae,Ruminococcus,None,Bacteria,Firmicutes,Clostridia,Oscillospirales,UCG-010,metagenome,None,0.0038948393378773127
Bacteria,Firmicutes,Clostridia,Oscillospirales,Ruminococcaceae,Ruminococcus,None,Bacteria,Firmicutes,Clostridia,Oscillospirales,UCG-010,uncultured_bacterium,None,0.0038948393378773127
Bacteria,Firmicutes,Clostridia,Oscillospirales,Ruminococcaceae,Ruminococcus,None,Bacteria,Firmicutes,Clostridia,Oscillospirales,UCG-010,uncultured_organism,None,0.0038948393378773127
Bacteria,Firmicutes,Clostridia,Oscillospirales,Ruminococcaceae,Ruminococcus,None,Bacteria,Firmicutes,Clostridia,Oscillospirales,Clostridium_methylpentosum_group,None,None,0.0029211295034079843
Bacteria,Firmicutes,Clostridia,Oscillospirales,Ruminococcaceae,Ruminococcus,None,Bacteria,Firmicutes,Clostridia,Oscillospirales,Eubacterium_coprostanoligenes_group,None,None,0.0029211295034079843
Bacteria,Firmicutes,Clostridia,Oscillospirales,Ruminococcaceae,Ruminococcus,None,Bacteria,Firmicutes,Clostridia,Oscillospirales,None,None,None,0.0029211295034079843
Bacteria,Firmicutes,Clostridia,Oscillospirales,Ruminococcaceae,Ruminococcus,None,Bacteria,Firmicutes,Clostridia,Peptococcales,Peptococcaceae,uncultured,None,0.005842259006815969
Bacteria,Firmicutes,Clostridia,Oscillospirales,Ruminococcaceae,Ruminococcus,None,Bacteria,Firmicutes,Clostridia,Peptostreptococcales-Tissierellales,Anaerovoracaceae,Family_XIII_AD3011_group,metagenome,0.006815968841285297
Bacteria,Firmicutes,Clostridia,Oscillospirales,Ruminococcaceae,Ruminococcus,None,Bacteria,Firmicutes,Clostridia,Peptostreptococcales-Tissierellales,Anaerovoracaceae,Family_XIII_AD3011_group,None,0.005842259006815969
Bacteria,Firmicutes,Clostridia,Oscillospirales,Ruminococcaceae,Ruminococcus,None,Bacteria,Firmicutes,Clostridia,Peptostreptococcales-Tissierellales,Anaerovoracaceae,Family_XIII_AD3011_group,uncultured,0.006815968841285297
Bacteria,Firmicutes,Clostridia,Oscillospirales,Ruminococcaceae,Ruminococcus,None,Bacteria,Firmicutes,Clostridia,Peptostreptococcales-Tissierellales,Anaerovoracaceae,Family_XIII_UCG-001,metagenome,0.006815968841285297
Bacteria,Firmicutes,Clostridia,Oscillospirales,Ruminococcaceae,Ruminococcus,None,Bacteria,Firmicutes,Clostridia,Peptostreptococcales-Tissierellales,Anaerovoracaceae,Eubacterium_nodatum_group,None,0.005842259006815969
Bacteria,Firmicutes,Clostridia,Oscillospirales,Ruminococcaceae,Ruminococcus,None,Bacteria,Firmicutes,Clostridia,Peptostreptococcales-Tissierellales,Anaerovoracaceae,None,None,0.004868549172346641
Bacteria,Firmicutes,Clostridia,Oscillospirales,Ruminococcaceae,Ruminococcus,None,Bacteria,Firmicutes,Clostridia,Peptostreptococcales-Tissierellales,Parvimonas,None,None,0.004868549172346641
Bacteria,Firmicutes,Clostridia,Oscillospirales,Ruminococcaceae,Ruminococcus,None,Bacteria,Firmicutes,Clostridia,None,None,None,None,0.0029211295034079843
Bacteria,Firmicutes,Clostridia,Oscillospirales,Ruminococcaceae,Ruminococcus,None,Bacteria,Firmicutes,Incertae_Sedis,DTU014,unidentified,None,None,0.006815968841285297
Bacteria,Firmicutes,Clostridia,Oscillospirales,Ruminococcaceae,Ruminococcus,None,Bacteria,Firmicutes,Limnochordia,M55-D21,uncultured_compost_bacterium,None,None,0.006815968841285297
Bacteria,Firmicutes,Clostridia,Oscillospirales,Ruminococcaceae,Ruminococcus,None,Bacteria,Firmicutes,Negativicutes,Acidaminococcales,Acidaminococcaceae,Phascolarctobacterium,None,0.007789678675754625
Bacteria,Firmicutes,Clostridia,Oscillospirales,Ruminococcaceae,Ruminococcus,None,Bacteria,Firmicutes,None,None,None,None,None,0.0038948393378773127
Bacteria,Firmicutes,Clostridia,Oscillospirales,Ruminococcaceae,Ruminococcus,None,Bacteria,Firmicutes,uncultured,uncultured_Peptococcaceae_bacterium,None,None,None,0.005842259006815969
Bacteria,Firmicutes,Clostridia,Oscillospirales,Ruminococcaceae,Ruminococcus,None,Bacteria,Proteobacteria,Alphaproteobacteria,Rhodospirillales,uncultured,None,None,0.008763388510223954
Bacteria,Firmicutes,Clostridia,Oscillospirales,Ruminococcaceae,Ruminococcus,None,Bacteria,Proteobacteria,Gammaproteobacteria,Burkholderiales,Sutterellaceae,Sutterella,Sutterella_sp._252,0.010710808179162609
Bacteria,Firmicutes,Clostridia,Oscillospirales,Ruminococcaceae,Ruminococcus,None,Bacteria,Proteobacteria,Gammaproteobacteria,Enterobacterales,Enterobacteriaceae,Escherichia-Shigella,None,0.009737098344693282
Bacteria,Firmicutes,Clostridia,Oscillospirales,Ruminococcaceae,Ruminococcus,None,Bacteria,Proteobacteria,Gammaproteobacteria,Enterobacterales,Enterobacteriaceae,Klebsiella,None,0.009737098344693282
Bacteria,Firmicutes,Clostridia,Oscillospirales,Ruminococcaceae,Ruminococcus,None,Bacteria,Proteobacteria,Gammaproteobacteria,Enterobacterales,Enterobacteriaceae,None,None,0.008763388510223954
Bacteria,Firmicutes,Clostridia,Oscillospirales,Ruminococcaceae,Ruminococcus,None,Bacteria,Proteobacteria,Gammaproteobacteria,Pseudomonadales,Pseudomonadaceae,Pseudomonas,None,0.009737098344693282
Bacteria,Firmicutes,Clostridia,Oscillospirales,Ruminococcaceae,Ruminococcus,None,Bacteria,Synergistota,Synergistia,Synergistales,Synergistaceae,Cloacibacillus,None,0.009737098344693282
Bacteria,Firmicutes,Clostridia,Oscillospirales,Ruminococcaceae,Ruminococcus,None,Bacteria,Verrucomicrobiota,Verrucomicrobiae,Verrucomicrobiales,Akkermansiaceae,Akkermansia,None,0.009737098344693282
Bacteria,Firmicutes,Clostridia,Oscillospirales,Ruminococcaceae,Subdoligranulum,None,Bacteria,Firmicutes,Clostridia,Oscillospirales,Ruminococcaceae,UBA1819,None,0.0019474196689386564
Bacteria,Firmicutes,Clostridia,Oscillospirales,Ruminococcaceae,Subdoligranulum,None,Bacteria,Firmicutes,Clostridia,Oscillospirales,Ruminococcaceae,Eubacterium_siraeum_group,None,0.0019474196689386564
Bacteria,Firmicutes,Clostridia,Oscillospirales,Ruminococcaceae,Subdoligranulum,None,Bacteria,Firmicutes,Clostridia,Oscillospirales,Ruminococcaceae,None,None,0.0019474196689386564
Bacteria,Firmicutes,Clostridia,Oscillospirales,Ruminococcaceae,Subdoligranulum,None,Bacteria,Firmicutes,Clostridia,Oscillospirales,UCG-010,None,None,0.0029211295034079843
Bacteria,Firmicutes,Clostridia,Oscillospirales,Ruminococcaceae,Subdoligranulum,None,Bacteria,Firmicutes,Clostridia,Oscillospirales,UCG-010,metagenome,None,0.0038948393378773127
Bacteria,Firmicutes,Clostridia,Oscillospirales,Ruminococcaceae,Subdoligranulum,None,Bacteria,Firmicutes,Clostridia,Oscillospirales,UCG-010,uncultured_bacterium,None,0.0038948393378773127
Bacteria,Firmicutes,Clostridia,Oscillospirales,Ruminococcaceae,Subdoligranulum,None,Bacteria,Firmicutes,Clostridia,Oscillospirales,UCG-010,uncultured_organism,None,0.0038948393378773127
Bacteria,Firmicutes,Clostridia,Oscillospirales,Ruminococcaceae,Subdoligranulum,None,Bacteria,Firmicutes,Clostridia,Oscillospirales,Clostridium_methylpentosum_group,None,None,0.0029211295034079843
Bacteria,Firmicutes,Clostridia,Oscillospirales,Ruminococcaceae,Subdoligranulum,None,Bacteria,Firmicutes,Clostridia,Oscillospirales,Eubacterium_coprostanoligenes_group,None,None,0.0029211295034079843
Bacteria,Firmicutes,Clostridia,Oscillospirales,Ruminococcaceae,Subdoligranulum,None,Bacteria,Firmicutes,Clostridia,Oscillospirales,None,None,None,0.0029211295034079843
Bacteria,Firmicutes,Clostridia,Oscillospirales,Ruminococcaceae,Subdoligranulum,None,Bacteria,Firmicutes,Clostridia,Peptococcales,Peptococcaceae,uncultured,None,0.005842259006815969
Bacteria,Firmicutes,Clostridia,Oscillospirales,Ruminococcaceae,Subdoligranulum,None,Bacteria,Firmicutes,Clostridia,Peptostreptococcales-Tissierellales,Anaerovoracaceae,Family_XIII_AD3011_group,metagenome,0.006815968841285297
Bacteria,Firmicutes,Clostridia,Oscillospirales,Ruminococcaceae,Subdoligranulum,None,Bacteria,Firmicutes,Clostridia,Peptostreptococcales-Tissierellales,Anaerovoracaceae,Family_XIII_AD3011_group,None,0.005842259006815969
Bacteria,Firmicutes,Clostridia,Oscillospirales,Ruminococcaceae,Subdoligranulum,None,Bacteria,Firmicutes,Clostridia,Peptostreptococcales-Tissierellales,Anaerovoracaceae,Family_XIII_AD3011_group,uncultured,0.006815968841285297
Bacteria,Firmicutes,Clostridia,Oscillospirales,Ruminococcaceae,Subdoligranulum,None,Bacteria,Firmicutes,Clostridia,Peptostreptococcales-Tissierellales,Anaerovoracaceae,Family_XIII_UCG-001,metagenome,0.006815968841285297
Bacteria,Firmicutes,Clostridia,Oscillospirales,Ruminococcaceae,Subdoligranulum,None,Bacteria,Firmicutes,Clostridia,Peptostreptococcales-Tissierellales,Anaerovoracaceae,Eubacterium_nodatum_group,None,0.005842259006815969
Bacteria,Firmicutes,Clostridia,Oscillospirales,Ruminococcaceae,Subdoligranulum,None,Bacteria,Firmicutes,Clostridia,Peptostreptococcales-Tissierellales,Anaerovoracaceae,None,None,0.004868549172346641
Bacteria,Firmicutes,Clostridia,Oscillospirales,Ruminococcaceae,Subdoligranulum,None,Bacteria,Firmicutes,Clostridia,Peptostreptococcales-Tissierellales,Parvimonas,None,None,0.004868549172346641
Bacteria,Firmicutes,Clostridia,Oscillospirales,Ruminococcaceae,Subdoligranulum,None,Bacteria,Firmicutes,Clostridia,None,None,None,None,0.0029211295034079843
Bacteria,Firmicutes,Clostridia,Oscillospirales,Ruminococcaceae,Subdoligranulum,None,Bacteria,Firmicutes,Incertae_Sedis,DTU014,unidentified,None,None,0.006815968841285297
Bacteria,Firmicutes,Clostridia,Oscillospirales,Ruminococcaceae,Subdoligranulum,None,Bacteria,Firmicutes,Limnochordia,M55-D21,uncultured_compost_bacterium,None,None,0.006815968841285297
Bacteria,Firmicutes,Clostridia,Oscillospirales,Ruminococcaceae,Subdoligranulum,None,Bacteria,Firmicutes,Negativicutes,Acidaminococcales,Acidaminococcaceae,Phascolarctobacterium,None,0.007789678675754625
Bacteria,Firmicutes,Clostridia,Oscillospirales,Ruminococcaceae,Subdoligranulum,None,Bacteria,Firmicutes,None,None,None,None,None,0.0038948393378773127
Bacteria,Firmicutes,Clostridia,Oscillospirales,Ruminococcaceae,Subdoligranulum,None,Bacteria,Firmicutes,uncultured,uncultured_Peptococcaceae_bacterium,None,None,None,0.005842259006815969
Bacteria,Firmicutes,Clostridia,Oscillospirales,Ruminococcaceae,Subdoligranulum,None,Bacteria,Proteobacteria,Alphaproteobacteria,Rhodospirillales,uncultured,None,None,0.008763388510223954
Bacteria,Firmicutes,Clostridia,Oscillospirales,Ruminococcaceae,Subdoligranulum,None,Bacteria,Proteobacteria,Gammaproteobacteria,Burkholderiales,Sutterellaceae,Sutterella,Sutterella_sp._252,0.010710808179162609
Bacteria,Firmicutes,Clostridia,Oscillospirales,Ruminococcaceae,Subdoligranulum,None,Bacteria,Proteobacteria,Gammaproteobacteria,Enterobacterales,Enterobacteriaceae,Escherichia-Shigella,None,0.009737098344693282
Bacteria,Firmicutes,Clostridia,Oscillospirales,Ruminococcaceae,Subdoligranulum,None,Bacteria,Proteobacteria,Gammaproteobacteria,Enterobacterales,Enterobacteriaceae,Klebsiella,None,0.009737098344693282
Bacteria,Firmicutes,Clostridia,Oscillospirales,Ruminococcaceae,Subdoligranulum,None,Bacteria,Proteobacteria,Gammaproteobacteria,Enterobacterales,Enterobacteriaceae,None,None,0.008763388510223954
Bacteria,Firmicutes,Clostridia,Oscillospirales,Ruminococcaceae,Subdoligranulum,None,Bacteria,Proteobacteria,Gammaproteobacteria,Pseudomonadales,Pseudomonadaceae,Pseudomonas,None,0.009737098344693282
Bacteria,Firmicutes,Clostridia,Oscillospirales,Ruminococcaceae,Subdoligranulum,None,Bacteria,Synergistota,Synergistia,Synergistales,Synergistaceae,Cloacibacillus,None,0.009737098344693282
Bacteria,Firmicutes,Clostridia,Oscillospirales,Ruminococcaceae,Subdoligranulum,None,Bacteria,Verrucomicrobiota,Verrucomicrobiae,Verrucomicrobiales,Akkermansiaceae,Akkermansia,None,0.009737098344693282
Bacteria,Firmicutes,Clostridia,Oscillospirales,Ruminococcaceae,UBA1819,None,Bacteria,Firmicutes,Clostridia,Oscillospirales,Ruminococcaceae,Eubacterium_siraeum_group,None,0.0019474196689386564
Bacteria,Firmicutes,Clostridia,Oscillospirales,Ruminococcaceae,UBA1819,None,Bacteria,Firmicutes,Clostridia,Oscillospirales,Ruminococcaceae,None,None,0.0019474196689386564
Bacteria,Firmicutes,Clostridia,Oscillospirales,Ruminococcaceae,UBA1819,None,Bacteria,Firmicutes,Clostridia,Oscillospirales,UCG-010,None,None,0.0029211295034079843
Bacteria,Firmicutes,Clostridia,Oscillospirales,Ruminococcaceae,UBA1819,None,Bacteria,Firmicutes,Clostridia,Oscillospirales,UCG-010,metagenome,None,0.0038948393378773127
Bacteria,Firmicutes,Clostridia,Oscillospirales,Ruminococcaceae,UBA1819,None,Bacteria,Firmicutes,Clostridia,Oscillospirales,UCG-010,uncultured_bacterium,None,0.0038948393378773127
Bacteria,Firmicutes,Clostridia,Oscillospirales,Ruminococcaceae,UBA1819,None,Bacteria,Firmicutes,Clostridia,Oscillospirales,UCG-010,uncultured_organism,None,0.0038948393378773127
Bacteria,Firmicutes,Clostridia,Oscillospirales,Ruminococcaceae,UBA1819,None,Bacteria,Firmicutes,Clostridia,Oscillospirales,Clostridium_methylpentosum_group,None,None,0.0029211295034079843
Bacteria,Firmicutes,Clostridia,Oscillospirales,Ruminococcaceae,UBA1819,None,Bacteria,Firmicutes,Clostridia,Oscillospirales,Eubacterium_coprostanoligenes_group,None,None,0.0029211295034079843
Bacteria,Firmicutes,Clostridia,Oscillospirales,Ruminococcaceae,UBA1819,None,Bacteria,Firmicutes,Clostridia,Oscillospirales,None,None,None,0.0029211295034079843
Bacteria,Firmicutes,Clostridia,Oscillospirales,Ruminococcaceae,UBA1819,None,Bacteria,Firmicutes,Clostridia,Peptococcales,Peptococcaceae,uncultured,None,0.005842259006815969
Bacteria,Firmicutes,Clostridia,Oscillospirales,Ruminococcaceae,UBA1819,None,Bacteria,Firmicutes,Clostridia,Peptostreptococcales-Tissierellales,Anaerovoracaceae,Family_XIII_AD3011_group,metagenome,0.006815968841285297
Bacteria,Firmicutes,Clostridia,Oscillospirales,Ruminococcaceae,UBA1819,None,Bacteria,Firmicutes,Clostridia,Peptostreptococcales-Tissierellales,Anaerovoracaceae,Family_XIII_AD3011_group,None,0.005842259006815969
Bacteria,Firmicutes,Clostridia,Oscillospirales,Ruminococcaceae,UBA1819,None,Bacteria,Firmicutes,Clostridia,Peptostreptococcales-Tissierellales,Anaerovoracaceae,Family_XIII_AD3011_group,uncultured,0.006815968841285297
Bacteria,Firmicutes,Clostridia,Oscillospirales,Ruminococcaceae,UBA1819,None,Bacteria,Firmicutes,Clostridia,Peptostreptococcales-Tissierellales,Anaerovoracaceae,Family_XIII_UCG-001,metagenome,0.006815968841285297
Bacteria,Firmicutes,Clostridia,Oscillospirales,Ruminococcaceae,UBA1819,None,Bacteria,Firmicutes,Clostridia,Peptostreptococcales-Tissierellales,Anaerovoracaceae,Eubacterium_nodatum_group,None,0.005842259006815969
Bacteria,Firmicutes,Clostridia,Oscillospirales,Ruminococcaceae,UBA1819,None,Bacteria,Firmicutes,Clostridia,Peptostreptococcales-Tissierellales,Anaerovoracaceae,None,None,0.004868549172346641
Bacteria,Firmicutes,Clostridia,Oscillospirales,Ruminococcaceae,UBA1819,None,Bacteria,Firmicutes,Clostridia,Peptostreptococcales-Tissierellales,Parvimonas,None,None,0.004868549172346641
Bacteria,Firmicutes,Clostridia,Oscillospirales,Ruminococcaceae,UBA1819,None,Bacteria,Firmicutes,Clostridia,None,None,None,None,0.0029211295034079843
Bacteria,Firmicutes,Clostridia,Oscillospirales,Ruminococcaceae,UBA1819,None,Bacteria,Firmicutes,Incertae_Sedis,DTU014,unidentified,None,None,0.006815968841285297
Bacteria,Firmicutes,Clostridia,Oscillospirales,Ruminococcaceae,UBA1819,None,Bacteria,Firmicutes,Limnochordia,M55-D21,uncultured_compost_bacterium,None,None,0.006815968841285297
Bacteria,Firmicutes,Clostridia,Oscillospirales,Ruminococcaceae,UBA1819,None,Bacteria,Firmicutes,Negativicutes,Acidaminococcales,Acidaminococcaceae,Phascolarctobacterium,None,0.007789678675754625
Bacteria,Firmicutes,Clostridia,Oscillospirales,Ruminococcaceae,UBA1819,None,Bacteria,Firmicutes,None,None,None,None,None,0.0038948393378773127
Bacteria,Firmicutes,Clostridia,Oscillospirales,Ruminococcaceae,UBA1819,None,Bacteria,Firmicutes,uncultured,uncultured_Peptococcaceae_bacterium,None,None,None,0.005842259006815969
Bacteria,Firmicutes,Clostridia,Oscillospirales,Ruminococcaceae,UBA1819,None,Bacteria,Proteobacteria,Alphaproteobacteria,Rhodospirillales,uncultured,None,None,0.008763388510223954
Bacteria,Firmicutes,Clostridia,Oscillospirales,Ruminococcaceae,UBA1819,None,Bacteria,Proteobacteria,Gammaproteobacteria,Burkholderiales,Sutterellaceae,Sutterella,Sutterella_sp._252,0.010710808179162609
Bacteria,Firmicutes,Clostridia,Oscillospirales,Ruminococcaceae,UBA1819,None,Bacteria,Proteobacteria,Gammaproteobacteria,Enterobacterales,Enterobacteriaceae,Escherichia-Shigella,None,0.009737098344693282
Bacteria,Firmicutes,Clostridia,Oscillospirales,Ruminococcaceae,UBA1819,None,Bacteria,Proteobacteria,Gammaproteobacteria,Enterobacterales,Enterobacteriaceae,Klebsiella,None,0.009737098344693282
Bacteria,Firmicutes,Clostridia,Oscillospirales,Ruminococcaceae,UBA1819,None,Bacteria,Proteobacteria,Gammaproteobacteria,Enterobacterales,Enterobacteriaceae,None,None,0.008763388510223954
Bacteria,Firmicutes,Clostridia,Oscillospirales,Ruminococcaceae,UBA1819,None,Bacteria,Proteobacteria,Gammaproteobacteria,Pseudomonadales,Pseudomonadaceae,Pseudomonas,None,0.009737098344693282
Bacteria,Firmicutes,Clostridia,Oscillospirales,Ruminococcaceae,UBA1819,None,Bacteria,Synergistota,Synergistia,Synergistales,Synergistaceae,Cloacibacillus,None,0.009737098344693282
Bacteria,Firmicutes,Clostridia,Oscillospirales,Ruminococcaceae,UBA1819,None,Bacteria,Verrucomicrobiota,Verrucomicrobiae,Verrucomicrobiales,Akkermansiaceae,Akkermansia,None,0.009737098344693282
Bacteria,Firmicutes,Clostridia,Oscillospirales,Ruminococcaceae,Eubacterium_siraeum_group,None,Bacteria,Firmicutes,Clostridia,Oscillospirales,Ruminococcaceae,None,None,0.0019474196689386564
Bacteria,Firmicutes,Clostridia,Oscillospirales,Ruminococcaceae,Eubacterium_siraeum_group,None,Bacteria,Firmicutes,Clostridia,Oscillospirales,UCG-010,None,None,0.0029211295034079843
Bacteria,Firmicutes,Clostridia,Oscillospirales,Ruminococcaceae,Eubacterium_siraeum_group,None,Bacteria,Firmicutes,Clostridia,Oscillospirales,UCG-010,metagenome,None,0.0038948393378773127
Bacteria,Firmicutes,Clostridia,Oscillospirales,Ruminococcaceae,Eubacterium_siraeum_group,None,Bacteria,Firmicutes,Clostridia,Oscillospirales,UCG-010,uncultured_bacterium,None,0.0038948393378773127
Bacteria,Firmicutes,Clostridia,Oscillospirales,Ruminococcaceae,Eubacterium_siraeum_group,None,Bacteria,Firmicutes,Clostridia,Oscillospirales,UCG-010,uncultured_organism,None,0.0038948393378773127
Bacteria,Firmicutes,Clostridia,Oscillospirales,Ruminococcaceae,Eubacterium_siraeum_group,None,Bacteria,Firmicutes,Clostridia,Oscillospirales,Clostridium_methylpentosum_group,None,None,0.0029211295034079843
Bacteria,Firmicutes,Clostridia,Oscillospirales,Ruminococcaceae,Eubacterium_siraeum_group,None,Bacteria,Firmicutes,Clostridia,Oscillospirales,Eubacterium_coprostanoligenes_group,None,None,0.0029211295034079843
Bacteria,Firmicutes,Clostridia,Oscillospirales,Ruminococcaceae,Eubacterium_siraeum_group,None,Bacteria,Firmicutes,Clostridia,Oscillospirales,None,None,None,0.0029211295034079843
Bacteria,Firmicutes,Clostridia,Oscillospirales,Ruminococcaceae,Eubacterium_siraeum_group,None,Bacteria,Firmicutes,Clostridia,Peptococcales,Peptococcaceae,uncultured,None,0.005842259006815969
Bacteria,Firmicutes,Clostridia,Oscillospirales,Ruminococcaceae,Eubacterium_siraeum_group,None,Bacteria,Firmicutes,Clostridia,Peptostreptococcales-Tissierellales,Anaerovoracaceae,Family_XIII_AD3011_group,metagenome,0.006815968841285297
Bacteria,Firmicutes,Clostridia,Oscillospirales,Ruminococcaceae,Eubacterium_siraeum_group,None,Bacteria,Firmicutes,Clostridia,Peptostreptococcales-Tissierellales,Anaerovoracaceae,Family_XIII_AD3011_group,None,0.005842259006815969
Bacteria,Firmicutes,Clostridia,Oscillospirales,Ruminococcaceae,Eubacterium_siraeum_group,None,Bacteria,Firmicutes,Clostridia,Peptostreptococcales-Tissierellales,Anaerovoracaceae,Family_XIII_AD3011_group,uncultured,0.006815968841285297
Bacteria,Firmicutes,Clostridia,Oscillospirales,Ruminococcaceae,Eubacterium_siraeum_group,None,Bacteria,Firmicutes,Clostridia,Peptostreptococcales-Tissierellales,Anaerovoracaceae,Family_XIII_UCG-001,metagenome,0.006815968841285297
Bacteria,Firmicutes,Clostridia,Oscillospirales,Ruminococcaceae,Eubacterium_siraeum_group,None,Bacteria,Firmicutes,Clostridia,Peptostreptococcales-Tissierellales,Anaerovoracaceae,Eubacterium_nodatum_group,None,0.005842259006815969
Bacteria,Firmicutes,Clostridia,Oscillospirales,Ruminococcaceae,Eubacterium_siraeum_group,None,Bacteria,Firmicutes,Clostridia,Peptostreptococcales-Tissierellales,Anaerovoracaceae,None,None,0.004868549172346641
Bacteria,Firmicutes,Clostridia,Oscillospirales,Ruminococcaceae,Eubacterium_siraeum_group,None,Bacteria,Firmicutes,Clostridia,Peptostreptococcales-Tissierellales,Parvimonas,None,None,0.004868549172346641
Bacteria,Firmicutes,Clostridia,Oscillospirales,Ruminococcaceae,Eubacterium_siraeum_group,None,Bacteria,Firmicutes,Clostridia,None,None,None,None,0.0029211295034079843
Bacteria,Firmicutes,Clostridia,Oscillospirales,Ruminococcaceae,Eubacterium_siraeum_group,None,Bacteria,Firmicutes,Incertae_Sedis,DTU014,unidentified,None,None,0.006815968841285297
Bacteria,Firmicutes,Clostridia,Oscillospirales,Ruminococcaceae,Eubacterium_siraeum_group,None,Bacteria,Firmicutes,Limnochordia,M55-D21,uncultured_compost_bacterium,None,None,0.006815968841285297
Bacteria,Firmicutes,Clostridia,Oscillospirales,Ruminococcaceae,Eubacterium_siraeum_group,None,Bacteria,Firmicutes,Negativicutes,Acidaminococcales,Acidaminococcaceae,Phascolarctobacterium,None,0.007789678675754625
Bacteria,Firmicutes,Clostridia,Oscillospirales,Ruminococcaceae,Eubacterium_siraeum_group,None,Bacteria,Firmicutes,None,None,None,None,None,0.0038948393378773127
Bacteria,Firmicutes,Clostridia,Oscillospirales,Ruminococcaceae,Eubacterium_siraeum_group,None,Bacteria,Firmicutes,uncultured,uncultured_Peptococcaceae_bacterium,None,None,None,0.005842259006815969
Bacteria,Firmicutes,Clostridia,Oscillospirales,Ruminococcaceae,Eubacterium_siraeum_group,None,Bacteria,Proteobacteria,Alphaproteobacteria,Rhodospirillales,uncultured,None,None,0.008763388510223954
Bacteria,Firmicutes,Clostridia,Oscillospirales,Ruminococcaceae,Eubacterium_siraeum_group,None,Bacteria,Proteobacteria,Gammaproteobacteria,Burkholderiales,Sutterellaceae,Sutterella,Sutterella_sp._252,0.010710808179162609
Bacteria,Firmicutes,Clostridia,Oscillospirales,Ruminococcaceae,Eubacterium_siraeum_group,None,Bacteria,Proteobacteria,Gammaproteobacteria,Enterobacterales,Enterobacteriaceae,Escherichia-Shigella,None,0.009737098344693282
Bacteria,Firmicutes,Clostridia,Oscillospirales,Ruminococcaceae,Eubacterium_siraeum_group,None,Bacteria,Proteobacteria,Gammaproteobacteria,Enterobacterales,Enterobacteriaceae,Klebsiella,None,0.009737098344693282
Bacteria,Firmicutes,Clostridia,Oscillospirales,Ruminococcaceae,Eubacterium_siraeum_group,None,Bacteria,Proteobacteria,Gammaproteobacteria,Enterobacterales,Enterobacteriaceae,None,None,0.008763388510223954
Bacteria,Firmicutes,Clostridia,Oscillospirales,Ruminococcaceae,Eubacterium_siraeum_group,None,Bacteria,Proteobacteria,Gammaproteobacteria,Pseudomonadales,Pseudomonadaceae,Pseudomonas,None,0.009737098344693282
Bacteria,Firmicutes,Clostridia,Oscillospirales,Ruminococcaceae,Eubacterium_siraeum_group,None,Bacteria,Synergistota,Synergistia,Synergistales,Synergistaceae,Cloacibacillus,None,0.009737098344693282
Bacteria,Firmicutes,Clostridia,Oscillospirales,Ruminococcaceae,Eubacterium_siraeum_group,None,Bacteria,Verrucomicrobiota,Verrucomicrobiae,Verrucomicrobiales,Akkermansiaceae,Akkermansia,None,0.009737098344693282
Bacteria,Firmicutes,Clostridia,Oscillospirales,Ruminococcaceae,None,None,Bacteria,Firmicutes,Clostridia,Oscillospirales,UCG-010,None,None,0.0019474196689386564
Bacteria,Firmicutes,Clostridia,Oscillospirales,Ruminococcaceae,None,None,Bacteria,Firmicutes,Clostridia,Oscillospirales,UCG-010,metagenome,None,0.0029211295034079843
Bacteria,Firmicutes,Clostridia,Oscillospirales,Ruminococcaceae,None,None,Bacteria,Firmicutes,Clostridia,Oscillospirales,UCG-010,uncultured_bacterium,None,0.0029211295034079843
Bacteria,Firmicutes,Clostridia,Oscillospirales,Ruminococcaceae,None,None,Bacteria,Firmicutes,Clostridia,Oscillospirales,UCG-010,uncultured_organism,None,0.0029211295034079843
Bacteria,Firmicutes,Clostridia,Oscillospirales,Ruminococcaceae,None,None,Bacteria,Firmicutes,Clostridia,Oscillospirales,Clostridium_methylpentosum_group,None,None,0.0019474196689386564
Bacteria,Firmicutes,Clostridia,Oscillospirales,Ruminococcaceae,None,None,Bacteria,Firmicutes,Clostridia,Oscillospirales,Eubacterium_coprostanoligenes_group,None,None,0.0019474196689386564
Bacteria,Firmicutes,Clostridia,Oscillospirales,Ruminococcaceae,None,None,Bacteria,Firmicutes,Clostridia,Oscillospirales,None,None,None,0.0019474196689386564
Bacteria,Firmicutes,Clostridia,Oscillospirales,Ruminococcaceae,None,None,Bacteria,Firmicutes,Clostridia,Peptococcales,Peptococcaceae,uncultured,None,0.004868549172346641
Bacteria,Firmicutes,Clostridia,Oscillospirales,Ruminococcaceae,None,None,Bacteria,Firmicutes,Clostridia,Peptostreptococcales-Tissierellales,Anaerovoracaceae,Family_XIII_AD3011_group,metagenome,0.005842259006815969
Bacteria,Firmicutes,Clostridia,Oscillospirales,Ruminococcaceae,None,None,Bacteria,Firmicutes,Clostridia,Peptostreptococcales-Tissierellales,Anaerovoracaceae,Family_XIII_AD3011_group,None,0.004868549172346641
Bacteria,Firmicutes,Clostridia,Oscillospirales,Ruminococcaceae,None,None,Bacteria,Firmicutes,Clostridia,Peptostreptococcales-Tissierellales,Anaerovoracaceae,Family_XIII_AD3011_group,uncultured,0.005842259006815969
Bacteria,Firmicutes,Clostridia,Oscillospirales,Ruminococcaceae,None,None,Bacteria,Firmicutes,Clostridia,Peptostreptococcales-Tissierellales,Anaerovoracaceae,Family_XIII_UCG-001,metagenome,0.005842259006815969
Bacteria,Firmicutes,Clostridia,Oscillospirales,Ruminococcaceae,None,None,Bacteria,Firmicutes,Clostridia,Peptostreptococcales-Tissierellales,Anaerovoracaceae,Eubacterium_nodatum_group,None,0.004868549172346641
Bacteria,Firmicutes,Clostridia,Oscillospirales,Ruminococcaceae,None,None,Bacteria,Firmicutes,Clostridia,Peptostreptococcales-Tissierellales,Anaerovoracaceae,None,None,0.0038948393378773127
Bacteria,Firmicutes,Clostridia,Oscillospirales,Ruminococcaceae,None,None,Bacteria,Firmicutes,Clostridia,Peptostreptococcales-Tissierellales,Parvimonas,None,None,0.0038948393378773127
Bacteria,Firmicutes,Clostridia,Oscillospirales,Ruminococcaceae,None,None,Bacteria,Firmicutes,Clostridia,None,None,None,None,0.0019474196689386564
Bacteria,Firmicutes,Clostridia,Oscillospirales,Ruminococcaceae,None,None,Bacteria,Firmicutes,Incertae_Sedis,DTU014,unidentified,None,None,0.005842259006815969
Bacteria,Firmicutes,Clostridia,Oscillospirales,Ruminococcaceae,None,None,Bacteria,Firmicutes,Limnochordia,M55-D21,uncultured_compost_bacterium,None,None,0.005842259006815969
Bacteria,Firmicutes,Clostridia,Oscillospirales,Ruminococcaceae,None,None,Bacteria,Firmicutes,Negativicutes,Acidaminococcales,Acidaminococcaceae,Phascolarctobacterium,None,0.006815968841285297
Bacteria,Firmicutes,Clostridia,Oscillospirales,Ruminococcaceae,None,None,Bacteria,Firmicutes,None,None,None,None,None,0.0029211295034079843
Bacteria,Firmicutes,Clostridia,Oscillospirales,Ruminococcaceae,None,None,Bacteria,Firmicutes,uncultured,uncultured_Peptococcaceae_bacterium,None,None,None,0.004868549172346641
Bacteria,Firmicutes,Clostridia,Oscillospirales,Ruminococcaceae,None,None,Bacteria,Proteobacteria,Alphaproteobacteria,Rhodospirillales,uncultured,None,None,0.007789678675754625
Bacteria,Firmicutes,Clostridia,Oscillospirales,Ruminococcaceae,None,None,Bacteria,Proteobacteria,Gammaproteobacteria,Burkholderiales,Sutterellaceae,Sutterella,Sutterella_sp._252,0.009737098344693282
Bacteria,Firmicutes,Clostridia,Oscillospirales,Ruminococcaceae,None,None,Bacteria,Proteobacteria,Gammaproteobacteria,Enterobacterales,Enterobacteriaceae,Escherichia-Shigella,None,0.008763388510223954
Bacteria,Firmicutes,Clostridia,Oscillospirales,Ruminococcaceae,None,None,Bacteria,Proteobacteria,Gammaproteobacteria,Enterobacterales,Enterobacteriaceae,Klebsiella,None,0.008763388510223954
Bacteria,Firmicutes,Clostridia,Oscillospirales,Ruminococcaceae,None,None,Bacteria,Proteobacteria,Gammaproteobacteria,Enterobacterales,Enterobacteriaceae,None,None,0.007789678675754625
Bacteria,Firmicutes,Clostridia,Oscillospirales,Ruminococcaceae,None,None,Bacteria,Proteobacteria,Gammaproteobacteria,Pseudomonadales,Pseudomonadaceae,Pseudomonas,None,0.008763388510223954
Bacteria,Firmicutes,Clostridia,Oscillospirales,Ruminococcaceae,None,None,Bacteria,Synergistota,Synergistia,Synergistales,Synergistaceae,Cloacibacillus,None,0.008763388510223954
Bacteria,Firmicutes,Clostridia,Oscillospirales,Ruminococcaceae,None,None,Bacteria,Verrucomicrobiota,Verrucomicrobiae,Verrucomicrobiales,Akkermansiaceae,Akkermansia,None,0.008763388510223954
Bacteria,Firmicutes,Clostridia,Oscillospirales,UCG-010,None,None,Bacteria,Firmicutes,Clostridia,Oscillospirales,UCG-010,metagenome,None,0.0019474196689386564
Bacteria,Firmicutes,Clostridia,Oscillospirales,UCG-010,None,None,Bacteria,Firmicutes,Clostridia,Oscillospirales,UCG-010,uncultured_bacterium,None,0.0019474196689386564
Bacteria,Firmicutes,Clostridia,Oscillospirales,UCG-010,None,None,Bacteria,Firmicutes,Clostridia,Oscillospirales,UCG-010,uncultured_organism,None,0.0019474196689386564
Bacteria,Firmicutes,Clostridia,Oscillospirales,UCG-010,None,None,Bacteria,Firmicutes,Clostridia,Oscillospirales,Clostridium_methylpentosum_group,None,None,0.0019474196689386564
Bacteria,Firmicutes,Clostridia,Oscillospirales,UCG-010,None,None,Bacteria,Firmicutes,Clostridia,Oscillospirales,Eubacterium_coprostanoligenes_group,None,None,0.0019474196689386564
Bacteria,Firmicutes,Clostridia,Oscillospirales,UCG-010,None,None,Bacteria,Firmicutes,Clostridia,Oscillospirales,None,None,None,0.0019474196689386564
Bacteria,Firmicutes,Clostridia,Oscillospirales,UCG-010,None,None,Bacteria,Firmicutes,Clostridia,Peptococcales,Peptococcaceae,uncultured,None,0.004868549172346641
Bacteria,Firmicutes,Clostridia,Oscillospirales,UCG-010,None,None,Bacteria,Firmicutes,Clostridia,Peptostreptococcales-Tissierellales,Anaerovoracaceae,Family_XIII_AD3011_group,metagenome,0.005842259006815969
Bacteria,Firmicutes,Clostridia,Oscillospirales,UCG-010,None,None,Bacteria,Firmicutes,Clostridia,Peptostreptococcales-Tissierellales,Anaerovoracaceae,Family_XIII_AD3011_group,None,0.004868549172346641
Bacteria,Firmicutes,Clostridia,Oscillospirales,UCG-010,None,None,Bacteria,Firmicutes,Clostridia,Peptostreptococcales-Tissierellales,Anaerovoracaceae,Family_XIII_AD3011_group,uncultured,0.005842259006815969
Bacteria,Firmicutes,Clostridia,Oscillospirales,UCG-010,None,None,Bacteria,Firmicutes,Clostridia,Peptostreptococcales-Tissierellales,Anaerovoracaceae,Family_XIII_UCG-001,metagenome,0.005842259006815969
Bacteria,Firmicutes,Clostridia,Oscillospirales,UCG-010,None,None,Bacteria,Firmicutes,Clostridia,Peptostreptococcales-Tissierellales,Anaerovoracaceae,Eubacterium_nodatum_group,None,0.004868549172346641
Bacteria,Firmicutes,Clostridia,Oscillospirales,UCG-010,None,None,Bacteria,Firmicutes,Clostridia,Peptostreptococcales-Tissierellales,Anaerovoracaceae,None,None,0.0038948393378773127
Bacteria,Firmicutes,Clostridia,Oscillospirales,UCG-010,None,None,Bacteria,Firmicutes,Clostridia,Peptostreptococcales-Tissierellales,Parvimonas,None,None,0.0038948393378773127
Bacteria,Firmicutes,Clostridia,Oscillospirales,UCG-010,None,None,Bacteria,Firmicutes,Clostridia,None,None,None,None,0.0019474196689386564
Bacteria,Firmicutes,Clostridia,Oscillospirales,UCG-010,None,None,Bacteria,Firmicutes,Incertae_Sedis,DTU014,unidentified,None,None,0.005842259006815969
Bacteria,Firmicutes,Clostridia,Oscillospirales,UCG-010,None,None,Bacteria,Firmicutes,Limnochordia,M55-D21,uncultured_compost_bacterium,None,None,0.005842259006815969
Bacteria,Firmicutes,Clostridia,Oscillospirales,UCG-010,None,None,Bacteria,Firmicutes,Negativicutes,Acidaminococcales,Acidaminococcaceae,Phascolarctobacterium,None,0.006815968841285297
Bacteria,Firmicutes,Clostridia,Oscillospirales,UCG-010,None,None,Bacteria,Firmicutes,None,None,None,None,None,0.0029211295034079843
Bacteria,Firmicutes,Clostridia,Oscillospirales,UCG-010,None,None,Bacteria,Firmicutes,uncultured,uncultured_Peptococcaceae_bacterium,None,None,None,0.004868549172346641
Bacteria,Firmicutes,Clostridia,Oscillospirales,UCG-010,None,None,Bacteria,Proteobacteria,Alphaproteobacteria,Rhodospirillales,uncultured,None,None,0.007789678675754625
Bacteria,Firmicutes,Clostridia,Oscillospirales,UCG-010,None,None,Bacteria,Proteobacteria,Gammaproteobacteria,Burkholderiales,Sutterellaceae,Sutterella,Sutterella_sp._252,0.009737098344693282
Bacteria,Firmicutes,Clostridia,Oscillospirales,UCG-010,None,None,Bacteria,Proteobacteria,Gammaproteobacteria,Enterobacterales,Enterobacteriaceae,Escherichia-Shigella,None,0.008763388510223954
Bacteria,Firmicutes,Clostridia,Oscillospirales,UCG-010,None,None,Bacteria,Proteobacteria,Gammaproteobacteria,Enterobacterales,Enterobacteriaceae,Klebsiella,None,0.008763388510223954
Bacteria,Firmicutes,Clostridia,Oscillospirales,UCG-010,None,None,Bacteria,Proteobacteria,Gammaproteobacteria,Enterobacterales,Enterobacteriaceae,None,None,0.007789678675754625
Bacteria,Firmicutes,Clostridia,Oscillospirales,UCG-010,None,None,Bacteria,Proteobacteria,Gammaproteobacteria,Pseudomonadales,Pseudomonadaceae,Pseudomonas,None,0.008763388510223954
Bacteria,Firmicutes,Clostridia,Oscillospirales,UCG-010,None,None,Bacteria,Synergistota,Synergistia,Synergistales,Synergistaceae,Cloacibacillus,None,0.008763388510223954
Bacteria,Firmicutes,Clostridia,Oscillospirales,UCG-010,None,None,Bacteria,Verrucomicrobiota,Verrucomicrobiae,Verrucomicrobiales,Akkermansiaceae,Akkermansia,None,0.008763388510223954
Bacteria,Firmicutes,Clostridia,Oscillospirales,UCG-010,metagenome,None,Bacteria,Firmicutes,Clostridia,Oscillospirales,UCG-010,uncultured_bacterium,None,0.0019474196689386564
Bacteria,Firmicutes,Clostridia,Oscillospirales,UCG-010,metagenome,None,Bacteria,Firmicutes,Clostridia,Oscillospirales,UCG-010,uncultured_organism,None,0.0019474196689386564
Bacteria,Firmicutes,Clostridia,Oscillospirales,UCG-010,metagenome,None,Bacteria,Firmicutes,Clostridia,Oscillospirales,Clostridium_methylpentosum_group,None,None,0.0029211295034079843
Bacteria,Firmicutes,Clostridia,Oscillospirales,UCG-010,metagenome,None,Bacteria,Firmicutes,Clostridia,Oscillospirales,Eubacterium_coprostanoligenes_group,None,None,0.0029211295034079843
Bacteria,Firmicutes,Clostridia,Oscillospirales,UCG-010,metagenome,None,Bacteria,Firmicutes,Clostridia,Oscillospirales,None,None,None,0.0029211295034079843
Bacteria,Firmicutes,Clostridia,Oscillospirales,UCG-010,metagenome,None,Bacteria,Firmicutes,Clostridia,Peptococcales,Peptococcaceae,uncultured,None,0.005842259006815969
Bacteria,Firmicutes,Clostridia,Oscillospirales,UCG-010,metagenome,None,Bacteria,Firmicutes,Clostridia,Peptostreptococcales-Tissierellales,Anaerovoracaceae,Family_XIII_AD3011_group,metagenome,0.006815968841285297
Bacteria,Firmicutes,Clostridia,Oscillospirales,UCG-010,metagenome,None,Bacteria,Firmicutes,Clostridia,Peptostreptococcales-Tissierellales,Anaerovoracaceae,Family_XIII_AD3011_group,None,0.005842259006815969
Bacteria,Firmicutes,Clostridia,Oscillospirales,UCG-010,metagenome,None,Bacteria,Firmicutes,Clostridia,Peptostreptococcales-Tissierellales,Anaerovoracaceae,Family_XIII_AD3011_group,uncultured,0.006815968841285297
Bacteria,Firmicutes,Clostridia,Oscillospirales,UCG-010,metagenome,None,Bacteria,Firmicutes,Clostridia,Peptostreptococcales-Tissierellales,Anaerovoracaceae,Family_XIII_UCG-001,metagenome,0.006815968841285297
Bacteria,Firmicutes,Clostridia,Oscillospirales,UCG-010,metagenome,None,Bacteria,Firmicutes,Clostridia,Peptostreptococcales-Tissierellales,Anaerovoracaceae,Eubacterium_nodatum_group,None,0.005842259006815969
Bacteria,Firmicutes,Clostridia,Oscillospirales,UCG-010,metagenome,None,Bacteria,Firmicutes,Clostridia,Peptostreptococcales-Tissierellales,Anaerovoracaceae,None,None,0.004868549172346641
Bacteria,Firmicutes,Clostridia,Oscillospirales,UCG-010,metagenome,None,Bacteria,Firmicutes,Clostridia,Peptostreptococcales-Tissierellales,Parvimonas,None,None,0.004868549172346641
Bacteria,Firmicutes,Clostridia,Oscillospirales,UCG-010,metagenome,None,Bacteria,Firmicutes,Clostridia,None,None,None,None,0.0029211295034079843
Bacteria,Firmicutes,Clostridia,Oscillospirales,UCG-010,metagenome,None,Bacteria,Firmicutes,Incertae_Sedis,DTU014,unidentified,None,None,0.006815968841285297
Bacteria,Firmicutes,Clostridia,Oscillospirales,UCG-010,metagenome,None,Bacteria,Firmicutes,Limnochordia,M55-D21,uncultured_compost_bacterium,None,None,0.006815968841285297
Bacteria,Firmicutes,Clostridia,Oscillospirales,UCG-010,metagenome,None,Bacteria,Firmicutes,Negativicutes,Acidaminococcales,Acidaminococcaceae,Phascolarctobacterium,None,0.007789678675754625
Bacteria,Firmicutes,Clostridia,Oscillospirales,UCG-010,metagenome,None,Bacteria,Firmicutes,None,None,None,None,None,0.0038948393378773127
Bacteria,Firmicutes,Clostridia,Oscillospirales,UCG-010,metagenome,None,Bacteria,Firmicutes,uncultured,uncultured_Peptococcaceae_bacterium,None,None,None,0.005842259006815969
Bacteria,Firmicutes,Clostridia,Oscillospirales,UCG-010,metagenome,None,Bacteria,Proteobacteria,Alphaproteobacteria,Rhodospirillales,uncultured,None,None,0.008763388510223954
Bacteria,Firmicutes,Clostridia,Oscillospirales,UCG-010,metagenome,None,Bacteria,Proteobacteria,Gammaproteobacteria,Burkholderiales,Sutterellaceae,Sutterella,Sutterella_sp._252,0.010710808179162609
Bacteria,Firmicutes,Clostridia,Oscillospirales,UCG-010,metagenome,None,Bacteria,Proteobacteria,Gammaproteobacteria,Enterobacterales,Enterobacteriaceae,Escherichia-Shigella,None,0.009737098344693282
Bacteria,Firmicutes,Clostridia,Oscillospirales,UCG-010,metagenome,None,Bacteria,Proteobacteria,Gammaproteobacteria,Enterobacterales,Enterobacteriaceae,Klebsiella,None,0.009737098344693282
Bacteria,Firmicutes,Clostridia,Oscillospirales,UCG-010,metagenome,None,Bacteria,Proteobacteria,Gammaproteobacteria,Enterobacterales,Enterobacteriaceae,None,None,0.008763388510223954
Bacteria,Firmicutes,Clostridia,Oscillospirales,UCG-010,metagenome,None,Bacteria,Proteobacteria,Gammaproteobacteria,Pseudomonadales,Pseudomonadaceae,Pseudomonas,None,0.009737098344693282
Bacteria,Firmicutes,Clostridia,Oscillospirales,UCG-010,metagenome,None,Bacteria,Synergistota,Synergistia,Synergistales,Synergistaceae,Cloacibacillus,None,0.009737098344693282
Bacteria,Firmicutes,Clostridia,Oscillospirales,UCG-010,metagenome,None,Bacteria,Verrucomicrobiota,Verrucomicrobiae,Verrucomicrobiales,Akkermansiaceae,Akkermansia,None,0.009737098344693282
Bacteria,Firmicutes,Clostridia,Oscillospirales,UCG-010,uncultured_bacterium,None,Bacteria,Firmicutes,Clostridia,Oscillospirales,UCG-010,uncultured_organism,None,0.0019474196689386564
Bacteria,Firmicutes,Clostridia,Oscillospirales,UCG-010,uncultured_bacterium,None,Bacteria,Firmicutes,Clostridia,Oscillospirales,Clostridium_methylpentosum_group,None,None,0.0029211295034079843
Bacteria,Firmicutes,Clostridia,Oscillospirales,UCG-010,uncultured_bacterium,None,Bacteria,Firmicutes,Clostridia,Oscillospirales,Eubacterium_coprostanoligenes_group,None,None,0.0029211295034079843
Bacteria,Firmicutes,Clostridia,Oscillospirales,UCG-010,uncultured_bacterium,None,Bacteria,Firmicutes,Clostridia,Oscillospirales,None,None,None,0.0029211295034079843
Bacteria,Firmicutes,Clostridia,Oscillospirales,UCG-010,uncultured_bacterium,None,Bacteria,Firmicutes,Clostridia,Peptococcales,Peptococcaceae,uncultured,None,0.005842259006815969
Bacteria,Firmicutes,Clostridia,Oscillospirales,UCG-010,uncultured_bacterium,None,Bacteria,Firmicutes,Clostridia,Peptostreptococcales-Tissierellales,Anaerovoracaceae,Family_XIII_AD3011_group,metagenome,0.006815968841285297
Bacteria,Firmicutes,Clostridia,Oscillospirales,UCG-010,uncultured_bacterium,None,Bacteria,Firmicutes,Clostridia,Peptostreptococcales-Tissierellales,Anaerovoracaceae,Family_XIII_AD3011_group,None,0.005842259006815969
Bacteria,Firmicutes,Clostridia,Oscillospirales,UCG-010,uncultured_bacterium,None,Bacteria,Firmicutes,Clostridia,Peptostreptococcales-Tissierellales,Anaerovoracaceae,Family_XIII_AD3011_group,uncultured,0.006815968841285297
Bacteria,Firmicutes,Clostridia,Oscillospirales,UCG-010,uncultured_bacterium,None,Bacteria,Firmicutes,Clostridia,Peptostreptococcales-Tissierellales,Anaerovoracaceae,Family_XIII_UCG-001,metagenome,0.006815968841285297
Bacteria,Firmicutes,Clostridia,Oscillospirales,UCG-010,uncultured_bacterium,None,Bacteria,Firmicutes,Clostridia,Peptostreptococcales-Tissierellales,Anaerovoracaceae,Eubacterium_nodatum_group,None,0.005842259006815969
Bacteria,Firmicutes,Clostridia,Oscillospirales,UCG-010,uncultured_bacterium,None,Bacteria,Firmicutes,Clostridia,Peptostreptococcales-Tissierellales,Anaerovoracaceae,None,None,0.004868549172346641
Bacteria,Firmicutes,Clostridia,Oscillospirales,UCG-010,uncultured_bacterium,None,Bacteria,Firmicutes,Clostridia,Peptostreptococcales-Tissierellales,Parvimonas,None,None,0.004868549172346641
Bacteria,Firmicutes,Clostridia,Oscillospirales,UCG-010,uncultured_bacterium,None,Bacteria,Firmicutes,Clostridia,None,None,None,None,0.0029211295034079843
Bacteria,Firmicutes,Clostridia,Oscillospirales,UCG-010,uncultured_bacterium,None,Bacteria,Firmicutes,Incertae_Sedis,DTU014,unidentified,None,None,0.006815968841285297
Bacteria,Firmicutes,Clostridia,Oscillospirales,UCG-010,uncultured_bacterium,None,Bacteria,Firmicutes,Limnochordia,M55-D21,uncultured_compost_bacterium,None,None,0.006815968841285297
Bacteria,Firmicutes,Clostridia,Oscillospirales,UCG-010,uncultured_bacterium,None,Bacteria,Firmicutes,Negativicutes,Acidaminococcales,Acidaminococcaceae,Phascolarctobacterium,None,0.007789678675754625
Bacteria,Firmicutes,Clostridia,Oscillospirales,UCG-010,uncultured_bacterium,None,Bacteria,Firmicutes,None,None,None,None,None,0.0038948393378773127
Bacteria,Firmicutes,Clostridia,Oscillospirales,UCG-010,uncultured_bacterium,None,Bacteria,Firmicutes,uncultured,uncultured_Peptococcaceae_bacterium,None,None,None,0.005842259006815969
Bacteria,Firmicutes,Clostridia,Oscillospirales,UCG-010,uncultured_bacterium,None,Bacteria,Proteobacteria,Alphaproteobacteria,Rhodospirillales,uncultured,None,None,0.008763388510223954
Bacteria,Firmicutes,Clostridia,Oscillospirales,UCG-010,uncultured_bacterium,None,Bacteria,Proteobacteria,Gammaproteobacteria,Burkholderiales,Sutterellaceae,Sutterella,Sutterella_sp._252,0.010710808179162609
Bacteria,Firmicutes,Clostridia,Oscillospirales,UCG-010,uncultured_bacterium,None,Bacteria,Proteobacteria,Gammaproteobacteria,Enterobacterales,Enterobacteriaceae,Escherichia-Shigella,None,0.009737098344693282
Bacteria,Firmicutes,Clostridia,Oscillospirales,UCG-010,uncultured_bacterium,None,Bacteria,Proteobacteria,Gammaproteobacteria,Enterobacterales,Enterobacteriaceae,Klebsiella,None,0.009737098344693282
Bacteria,Firmicutes,Clostridia,Oscillospirales,UCG-010,uncultured_bacterium,None,Bacteria,Proteobacteria,Gammaproteobacteria,Enterobacterales,Enterobacteriaceae,None,None,0.008763388510223954
Bacteria,Firmicutes,Clostridia,Oscillospirales,UCG-010,uncultured_bacterium,None,Bacteria,Proteobacteria,Gammaproteobacteria,Pseudomonadales,Pseudomonadaceae,Pseudomonas,None,0.009737098344693282
Bacteria,Firmicutes,Clostridia,Oscillospirales,UCG-010,uncultured_bacterium,None,Bacteria,Synergistota,Synergistia,Synergistales,Synergistaceae,Cloacibacillus,None,0.009737098344693282
Bacteria,Firmicutes,Clostridia,Oscillospirales,UCG-010,uncultured_bacterium,None,Bacteria,Verrucomicrobiota,Verrucomicrobiae,Verrucomicrobiales,Akkermansiaceae,Akkermansia,None,0.009737098344693282
Bacteria,Firmicutes,Clostridia,Oscillospirales,UCG-010,uncultured_organism,None,Bacteria,Firmicutes,Clostridia,Oscillospirales,Clostridium_methylpentosum_group,None,None,0.0029211295034079843
Bacteria,Firmicutes,Clostridia,Oscillospirales,UCG-010,uncultured_organism,None,Bacteria,Firmicutes,Clostridia,Oscillospirales,Eubacterium_coprostanoligenes_group,None,None,0.0029211295034079843
Bacteria,Firmicutes,Clostridia,Oscillospirales,UCG-010,uncultured_organism,None,Bacteria,Firmicutes,Clostridia,Oscillospirales,None,None,None,0.0029211295034079843
Bacteria,Firmicutes,Clostridia,Oscillospirales,UCG-010,uncultured_organism,None,Bacteria,Firmicutes,Clostridia,Peptococcales,Peptococcaceae,uncultured,None,0.005842259006815969
Bacteria,Firmicutes,Clostridia,Oscillospirales,UCG-010,uncultured_organism,None,Bacteria,Firmicutes,Clostridia,Peptostreptococcales-Tissierellales,Anaerovoracaceae,Family_XIII_AD3011_group,metagenome,0.006815968841285297
Bacteria,Firmicutes,Clostridia,Oscillospirales,UCG-010,uncultured_organism,None,Bacteria,Firmicutes,Clostridia,Peptostreptococcales-Tissierellales,Anaerovoracaceae,Family_XIII_AD3011_group,None,0.005842259006815969
Bacteria,Firmicutes,Clostridia,Oscillospirales,UCG-010,uncultured_organism,None,Bacteria,Firmicutes,Clostridia,Peptostreptococcales-Tissierellales,Anaerovoracaceae,Family_XIII_AD3011_group,uncultured,0.006815968841285297
Bacteria,Firmicutes,Clostridia,Oscillospirales,UCG-010,uncultured_organism,None,Bacteria,Firmicutes,Clostridia,Peptostreptococcales-Tissierellales,Anaerovoracaceae,Family_XIII_UCG-001,metagenome,0.006815968841285297
Bacteria,Firmicutes,Clostridia,Oscillospirales,UCG-010,uncultured_organism,None,Bacteria,Firmicutes,Clostridia,Peptostreptococcales-Tissierellales,Anaerovoracaceae,Eubacterium_nodatum_group,None,0.005842259006815969
Bacteria,Firmicutes,Clostridia,Oscillospirales,UCG-010,uncultured_organism,None,Bacteria,Firmicutes,Clostridia,Peptostreptococcales-Tissierellales,Anaerovoracaceae,None,None,0.004868549172346641
Bacteria,Firmicutes,Clostridia,Oscillospirales,UCG-010,uncultured_organism,None,Bacteria,Firmicutes,Clostridia,Peptostreptococcales-Tissierellales,Parvimonas,None,None,0.004868549172346641
Bacteria,Firmicutes,Clostridia,Oscillospirales,UCG-010,uncultured_organism,None,Bacteria,Firmicutes,Clostridia,None,None,None,None,0.0029211295034079843
Bacteria,Firmicutes,Clostridia,Oscillospirales,UCG-010,uncultured_organism,None,Bacteria,Firmicutes,Incertae_Sedis,DTU014,unidentified,None,None,0.006815968841285297
Bacteria,Firmicutes,Clostridia,Oscillospirales,UCG-010,uncultured_organism,None,Bacteria,Firmicutes,Limnochordia,M55-D21,uncultured_compost_bacterium,None,None,0.006815968841285297
Bacteria,Firmicutes,Clostridia,Oscillospirales,UCG-010,uncultured_organism,None,Bacteria,Firmicutes,Negativicutes,Acidaminococcales,Acidaminococcaceae,Phascolarctobacterium,None,0.007789678675754625
Bacteria,Firmicutes,Clostridia,Oscillospirales,UCG-010,uncultured_organism,None,Bacteria,Firmicutes,None,None,None,None,None,0.0038948393378773127
Bacteria,Firmicutes,Clostridia,Oscillospirales,UCG-010,uncultured_organism,None,Bacteria,Firmicutes,uncultured,uncultured_Peptococcaceae_bacterium,None,None,None,0.005842259006815969
Bacteria,Firmicutes,Clostridia,Oscillospirales,UCG-010,uncultured_organism,None,Bacteria,Proteobacteria,Alphaproteobacteria,Rhodospirillales,uncultured,None,None,0.008763388510223954
Bacteria,Firmicutes,Clostridia,Oscillospirales,UCG-010,uncultured_organism,None,Bacteria,Proteobacteria,Gammaproteobacteria,Burkholderiales,Sutterellaceae,Sutterella,Sutterella_sp._252,0.010710808179162609
Bacteria,Firmicutes,Clostridia,Oscillospirales,UCG-010,uncultured_organism,None,Bacteria,Proteobacteria,Gammaproteobacteria,Enterobacterales,Enterobacteriaceae,Escherichia-Shigella,None,0.009737098344693282
Bacteria,Firmicutes,Clostridia,Oscillospirales,UCG-010,uncultured_organism,None,Bacteria,Proteobacteria,Gammaproteobacteria,Enterobacterales,Enterobacteriaceae,Klebsiella,None,0.009737098344693282
Bacteria,Firmicutes,Clostridia,Oscillospirales,UCG-010,uncultured_organism,None,Bacteria,Proteobacteria,Gammaproteobacteria,Enterobacterales,Enterobacteriaceae,None,None,0.008763388510223954
Bacteria,Firmicutes,Clostridia,Oscillospirales,UCG-010,uncultured_organism,None,Bacteria,Proteobacteria,Gammaproteobacteria,Pseudomonadales,Pseudomonadaceae,Pseudomonas,None,0.009737098344693282
Bacteria,Firmicutes,Clostridia,Oscillospirales,UCG-010,uncultured_organism,None,Bacteria,Synergistota,Synergistia,Synergistales,Synergistaceae,Cloacibacillus,None,0.009737098344693282
Bacteria,Firmicutes,Clostridia,Oscillospirales,UCG-010,uncultured_organism,None,Bacteria,Verrucomicrobiota,Verrucomicrobiae,Verrucomicrobiales,Akkermansiaceae,Akkermansia,None,0.009737098344693282
Bacteria,Firmicutes,Clostridia,Oscillospirales,Clostridium_methylpentosum_group,None,None,Bacteria,Firmicutes,Clostridia,Oscillospirales,Eubacterium_coprostanoligenes_group,None,None,0.0019474196689386564
Bacteria,Firmicutes,Clostridia,Oscillospirales,Clostridium_methylpentosum_group,None,None,Bacteria,Firmicutes,Clostridia,Oscillospirales,None,None,None,0.0019474196689386564
Bacteria,Firmicutes,Clostridia,Oscillospirales,Clostridium_methylpentosum_group,None,None,Bacteria,Firmicutes,Clostridia,Peptococcales,Peptococcaceae,uncultured,None,0.004868549172346641
Bacteria,Firmicutes,Clostridia,Oscillospirales,Clostridium_methylpentosum_group,None,None,Bacteria,Firmicutes,Clostridia,Peptostreptococcales-Tissierellales,Anaerovoracaceae,Family_XIII_AD3011_group,metagenome,0.005842259006815969
Bacteria,Firmicutes,Clostridia,Oscillospirales,Clostridium_methylpentosum_group,None,None,Bacteria,Firmicutes,Clostridia,Peptostreptococcales-Tissierellales,Anaerovoracaceae,Family_XIII_AD3011_group,None,0.004868549172346641
Bacteria,Firmicutes,Clostridia,Oscillospirales,Clostridium_methylpentosum_group,None,None,Bacteria,Firmicutes,Clostridia,Peptostreptococcales-Tissierellales,Anaerovoracaceae,Family_XIII_AD3011_group,uncultured,0.005842259006815969
Bacteria,Firmicutes,Clostridia,Oscillospirales,Clostridium_methylpentosum_group,None,None,Bacteria,Firmicutes,Clostridia,Peptostreptococcales-Tissierellales,Anaerovoracaceae,Family_XIII_UCG-001,metagenome,0.005842259006815969
Bacteria,Firmicutes,Clostridia,Oscillospirales,Clostridium_methylpentosum_group,None,None,Bacteria,Firmicutes,Clostridia,Peptostreptococcales-Tissierellales,Anaerovoracaceae,Eubacterium_nodatum_group,None,0.004868549172346641
Bacteria,Firmicutes,Clostridia,Oscillospirales,Clostridium_methylpentosum_group,None,None,Bacteria,Firmicutes,Clostridia,Peptostreptococcales-Tissierellales,Anaerovoracaceae,None,None,0.0038948393378773127
Bacteria,Firmicutes,Clostridia,Oscillospirales,Clostridium_methylpentosum_group,None,None,Bacteria,Firmicutes,Clostridia,Peptostreptococcales-Tissierellales,Parvimonas,None,None,0.0038948393378773127
Bacteria,Firmicutes,Clostridia,Oscillospirales,Clostridium_methylpentosum_group,None,None,Bacteria,Firmicutes,Clostridia,None,None,None,None,0.0019474196689386564
Bacteria,Firmicutes,Clostridia,Oscillospirales,Clostridium_methylpentosum_group,None,None,Bacteria,Firmicutes,Incertae_Sedis,DTU014,unidentified,None,None,0.005842259006815969
Bacteria,Firmicutes,Clostridia,Oscillospirales,Clostridium_methylpentosum_group,None,None,Bacteria,Firmicutes,Limnochordia,M55-D21,uncultured_compost_bacterium,None,None,0.005842259006815969
Bacteria,Firmicutes,Clostridia,Oscillospirales,Clostridium_methylpentosum_group,None,None,Bacteria,Firmicutes,Negativicutes,Acidaminococcales,Acidaminococcaceae,Phascolarctobacterium,None,0.006815968841285297
Bacteria,Firmicutes,Clostridia,Oscillospirales,Clostridium_methylpentosum_group,None,None,Bacteria,Firmicutes,None,None,None,None,None,0.0029211295034079843
Bacteria,Firmicutes,Clostridia,Oscillospirales,Clostridium_methylpentosum_group,None,None,Bacteria,Firmicutes,uncultured,uncultured_Peptococcaceae_bacterium,None,None,None,0.004868549172346641
Bacteria,Firmicutes,Clostridia,Oscillospirales,Clostridium_methylpentosum_group,None,None,Bacteria,Proteobacteria,Alphaproteobacteria,Rhodospirillales,uncultured,None,None,0.007789678675754625
Bacteria,Firmicutes,Clostridia,Oscillospirales,Clostridium_methylpentosum_group,None,None,Bacteria,Proteobacteria,Gammaproteobacteria,Burkholderiales,Sutterellaceae,Sutterella,Sutterella_sp._252,0.009737098344693282
Bacteria,Firmicutes,Clostridia,Oscillospirales,Clostridium_methylpentosum_group,None,None,Bacteria,Proteobacteria,Gammaproteobacteria,Enterobacterales,Enterobacteriaceae,Escherichia-Shigella,None,0.008763388510223954
Bacteria,Firmicutes,Clostridia,Oscillospirales,Clostridium_methylpentosum_group,None,None,Bacteria,Proteobacteria,Gammaproteobacteria,Enterobacterales,Enterobacteriaceae,Klebsiella,None,0.008763388510223954
Bacteria,Firmicutes,Clostridia,Oscillospirales,Clostridium_methylpentosum_group,None,None,Bacteria,Proteobacteria,Gammaproteobacteria,Enterobacterales,Enterobacteriaceae,None,None,0.007789678675754625
Bacteria,Firmicutes,Clostridia,Oscillospirales,Clostridium_methylpentosum_group,None,None,Bacteria,Proteobacteria,Gammaproteobacteria,Pseudomonadales,Pseudomonadaceae,Pseudomonas,None,0.008763388510223954
Bacteria,Firmicutes,Clostridia,Oscillospirales,Clostridium_methylpentosum_group,None,None,Bacteria,Synergistota,Synergistia,Synergistales,Synergistaceae,Cloacibacillus,None,0.008763388510223954
Bacteria,Firmicutes,Clostridia,Oscillospirales,Clostridium_methylpentosum_group,None,None,Bacteria,Verrucomicrobiota,Verrucomicrobiae,Verrucomicrobiales,Akkermansiaceae,Akkermansia,None,0.008763388510223954
Bacteria,Firmicutes,Clostridia,Oscillospirales,Eubacterium_coprostanoligenes_group,None,None,Bacteria,Firmicutes,Clostridia,Oscillospirales,None,None,None,0.0019474196689386564
Bacteria,Firmicutes,Clostridia,Oscillospirales,Eubacterium_coprostanoligenes_group,None,None,Bacteria,Firmicutes,Clostridia,Peptococcales,Peptococcaceae,uncultured,None,0.004868549172346641
Bacteria,Firmicutes,Clostridia,Oscillospirales,Eubacterium_coprostanoligenes_group,None,None,Bacteria,Firmicutes,Clostridia,Peptostreptococcales-Tissierellales,Anaerovoracaceae,Family_XIII_AD3011_group,metagenome,0.005842259006815969
Bacteria,Firmicutes,Clostridia,Oscillospirales,Eubacterium_coprostanoligenes_group,None,None,Bacteria,Firmicutes,Clostridia,Peptostreptococcales-Tissierellales,Anaerovoracaceae,Family_XIII_AD3011_group,None,0.004868549172346641
Bacteria,Firmicutes,Clostridia,Oscillospirales,Eubacterium_coprostanoligenes_group,None,None,Bacteria,Firmicutes,Clostridia,Peptostreptococcales-Tissierellales,Anaerovoracaceae,Family_XIII_AD3011_group,uncultured,0.005842259006815969
Bacteria,Firmicutes,Clostridia,Oscillospirales,Eubacterium_coprostanoligenes_group,None,None,Bacteria,Firmicutes,Clostridia,Peptostreptococcales-Tissierellales,Anaerovoracaceae,Family_XIII_UCG-001,metagenome,0.005842259006815969
Bacteria,Firmicutes,Clostridia,Oscillospirales,Eubacterium_coprostanoligenes_group,None,None,Bacteria,Firmicutes,Clostridia,Peptostreptococcales-Tissierellales,Anaerovoracaceae,Eubacterium_nodatum_group,None,0.004868549172346641
Bacteria,Firmicutes,Clostridia,Oscillospirales,Eubacterium_coprostanoligenes_group,None,None,Bacteria,Firmicutes,Clostridia,Peptostreptococcales-Tissierellales,Anaerovoracaceae,None,None,0.0038948393378773127
Bacteria,Firmicutes,Clostridia,Oscillospirales,Eubacterium_coprostanoligenes_group,None,None,Bacteria,Firmicutes,Clostridia,Peptostreptococcales-Tissierellales,Parvimonas,None,None,0.0038948393378773127
Bacteria,Firmicutes,Clostridia,Oscillospirales,Eubacterium_coprostanoligenes_group,None,None,Bacteria,Firmicutes,Clostridia,None,None,None,None,0.0019474196689386564
Bacteria,Firmicutes,Clostridia,Oscillospirales,Eubacterium_coprostanoligenes_group,None,None,Bacteria,Firmicutes,Incertae_Sedis,DTU014,unidentified,None,None,0.005842259006815969
Bacteria,Firmicutes,Clostridia,Oscillospirales,Eubacterium_coprostanoligenes_group,None,None,Bacteria,Firmicutes,Limnochordia,M55-D21,uncultured_compost_bacterium,None,None,0.005842259006815969
Bacteria,Firmicutes,Clostridia,Oscillospirales,Eubacterium_coprostanoligenes_group,None,None,Bacteria,Firmicutes,Negativicutes,Acidaminococcales,Acidaminococcaceae,Phascolarctobacterium,None,0.006815968841285297
Bacteria,Firmicutes,Clostridia,Oscillospirales,Eubacterium_coprostanoligenes_group,None,None,Bacteria,Firmicutes,None,None,None,None,None,0.0029211295034079843
Bacteria,Firmicutes,Clostridia,Oscillospirales,Eubacterium_coprostanoligenes_group,None,None,Bacteria,Firmicutes,uncultured,uncultured_Peptococcaceae_bacterium,None,None,None,0.004868549172346641
Bacteria,Firmicutes,Clostridia,Oscillospirales,Eubacterium_coprostanoligenes_group,None,None,Bacteria,Proteobacteria,Alphaproteobacteria,Rhodospirillales,uncultured,None,None,0.007789678675754625
Bacteria,Firmicutes,Clostridia,Oscillospirales,Eubacterium_coprostanoligenes_group,None,None,Bacteria,Proteobacteria,Gammaproteobacteria,Burkholderiales,Sutterellaceae,Sutterella,Sutterella_sp._252,0.009737098344693282
Bacteria,Firmicutes,Clostridia,Oscillospirales,Eubacterium_coprostanoligenes_group,None,None,Bacteria,Proteobacteria,Gammaproteobacteria,Enterobacterales,Enterobacteriaceae,Escherichia-Shigella,None,0.008763388510223954
Bacteria,Firmicutes,Clostridia,Oscillospirales,Eubacterium_coprostanoligenes_group,None,None,Bacteria,Proteobacteria,Gammaproteobacteria,Enterobacterales,Enterobacteriaceae,Klebsiella,None,0.008763388510223954
Bacteria,Firmicutes,Clostridia,Oscillospirales,Eubacterium_coprostanoligenes_group,None,None,Bacteria,Proteobacteria,Gammaproteobacteria,Enterobacterales,Enterobacteriaceae,None,None,0.007789678675754625
Bacteria,Firmicutes,Clostridia,Oscillospirales,Eubacterium_coprostanoligenes_group,None,None,Bacteria,Proteobacteria,Gammaproteobacteria,Pseudomonadales,Pseudomonadaceae,Pseudomonas,None,0.008763388510223954
Bacteria,Firmicutes,Clostridia,Oscillospirales,Eubacterium_coprostanoligenes_group,None,None,Bacteria,Synergistota,Synergistia,Synergistales,Synergistaceae,Cloacibacillus,None,0.008763388510223954
Bacteria,Firmicutes,Clostridia,Oscillospirales,Eubacterium_coprostanoligenes_group,None,None,Bacteria,Verrucomicrobiota,Verrucomicrobiae,Verrucomicrobiales,Akkermansiaceae,Akkermansia,None,0.008763388510223954
Bacteria,Firmicutes,Clostridia,Oscillospirales,None,None,None,Bacteria,Firmicutes,Clostridia,Peptococcales,Peptococcaceae,uncultured,None,0.0038948393378773127
Bacteria,Firmicutes,Clostridia,Oscillospirales,None,None,None,Bacteria,Firmicutes,Clostridia,Peptostreptococcales-Tissierellales,Anaerovoracaceae,Family_XIII_AD3011_group,metagenome,0.004868549172346641
Bacteria,Firmicutes,Clostridia,Oscillospirales,None,None,None,Bacteria,Firmicutes,Clostridia,Peptostreptococcales-Tissierellales,Anaerovoracaceae,Family_XIII_AD3011_group,None,0.0038948393378773127
Bacteria,Firmicutes,Clostridia,Oscillospirales,None,None,None,Bacteria,Firmicutes,Clostridia,Peptostreptococcales-Tissierellales,Anaerovoracaceae,Family_XIII_AD3011_group,uncultured,0.004868549172346641
Bacteria,Firmicutes,Clostridia,Oscillospirales,None,None,None,Bacteria,Firmicutes,Clostridia,Peptostreptococcales-Tissierellales,Anaerovoracaceae,Family_XIII_UCG-001,metagenome,0.004868549172346641
Bacteria,Firmicutes,Clostridia,Oscillospirales,None,None,None,Bacteria,Firmicutes,Clostridia,Peptostreptococcales-Tissierellales,Anaerovoracaceae,Eubacterium_nodatum_group,None,0.0038948393378773127
Bacteria,Firmicutes,Clostridia,Oscillospirales,None,None,None,Bacteria,Firmicutes,Clostridia,Peptostreptococcales-Tissierellales,Anaerovoracaceae,None,None,0.0029211295034079843
Bacteria,Firmicutes,Clostridia,Oscillospirales,None,None,None,Bacteria,Firmicutes,Clostridia,Peptostreptococcales-Tissierellales,Parvimonas,None,None,0.0029211295034079843
Bacteria,Firmicutes,Clostridia,Oscillospirales,None,None,None,Bacteria,Firmicutes,Clostridia,None,None,None,None,0.0009737098344693282
Bacteria,Firmicutes,Clostridia,Oscillospirales,None,None,None,Bacteria,Firmicutes,Incertae_Sedis,DTU014,unidentified,None,None,0.004868549172346641
Bacteria,Firmicutes,Clostridia,Oscillospirales,None,None,None,Bacteria,Firmicutes,Limnochordia,M55-D21,uncultured_compost_bacterium,None,None,0.004868549172346641
Bacteria,Firmicutes,Clostridia,Oscillospirales,None,None,None,Bacteria,Firmicutes,Negativicutes,Acidaminococcales,Acidaminococcaceae,Phascolarctobacterium,None,0.005842259006815969
Bacteria,Firmicutes,Clostridia,Oscillospirales,None,None,None,Bacteria,Firmicutes,None,None,None,None,None,0.0019474196689386564
Bacteria,Firmicutes,Clostridia,Oscillospirales,None,None,None,Bacteria,Firmicutes,uncultured,uncultured_Peptococcaceae_bacterium,None,None,None,0.0038948393378773127
Bacteria,Firmicutes,Clostridia,Oscillospirales,None,None,None,Bacteria,Proteobacteria,Alphaproteobacteria,Rhodospirillales,uncultured,None,None,0.006815968841285297
Bacteria,Firmicutes,Clostridia,Oscillospirales,None,None,None,Bacteria,Proteobacteria,Gammaproteobacteria,Burkholderiales,Sutterellaceae,Sutterella,Sutterella_sp._252,0.008763388510223954
Bacteria,Firmicutes,Clostridia,Oscillospirales,None,None,None,Bacteria,Proteobacteria,Gammaproteobacteria,Enterobacterales,Enterobacteriaceae,Escherichia-Shigella,None,0.007789678675754625
Bacteria,Firmicutes,Clostridia,Oscillospirales,None,None,None,Bacteria,Proteobacteria,Gammaproteobacteria,Enterobacterales,Enterobacteriaceae,Klebsiella,None,0.007789678675754625
Bacteria,Firmicutes,Clostridia,Oscillospirales,None,None,None,Bacteria,Proteobacteria,Gammaproteobacteria,Enterobacterales,Enterobacteriaceae,None,None,0.006815968841285297
Bacteria,Firmicutes,Clostridia,Oscillospirales,None,None,None,Bacteria,Proteobacteria,Gammaproteobacteria,Pseudomonadales,Pseudomonadaceae,Pseudomonas,None,0.007789678675754625
Bacteria,Firmicutes,Clostridia,Oscillospirales,None,None,None,Bacteria,Synergistota,Synergistia,Synergistales,Synergistaceae,Cloacibacillus,None,0.007789678675754625
Bacteria,Firmicutes,Clostridia,Oscillospirales,None,None,None,Bacteria,Verrucomicrobiota,Verrucomicrobiae,Verrucomicrobiales,Akkermansiaceae,Akkermansia,None,0.007789678675754625
Bacteria,Firmicutes,Clostridia,Peptococcales,Peptococcaceae,uncultured,None,Bacteria,Firmicutes,Clostridia,Peptostreptococcales-Tissierellales,Anaerovoracaceae,Family_XIII_AD3011_group,metagenome,0.006815968841285297
Bacteria,Firmicutes,Clostridia,Peptococcales,Peptococcaceae,uncultured,None,Bacteria,Firmicutes,Clostridia,Peptostreptococcales-Tissierellales,Anaerovoracaceae,Family_XIII_AD3011_group,None,0.005842259006815969
Bacteria,Firmicutes,Clostridia,Peptococcales,Peptococcaceae,uncultured,None,Bacteria,Firmicutes,Clostridia,Peptostreptococcales-Tissierellales,Anaerovoracaceae,Family_XIII_AD3011_group,uncultured,0.006815968841285297
Bacteria,Firmicutes,Clostridia,Peptococcales,Peptococcaceae,uncultured,None,Bacteria,Firmicutes,Clostridia,Peptostreptococcales-Tissierellales,Anaerovoracaceae,Family_XIII_UCG-001,metagenome,0.006815968841285297
Bacteria,Firmicutes,Clostridia,Peptococcales,Peptococcaceae,uncultured,None,Bacteria,Firmicutes,Clostridia,Peptostreptococcales-Tissierellales,Anaerovoracaceae,Eubacterium_nodatum_group,None,0.005842259006815969
Bacteria,Firmicutes,Clostridia,Peptococcales,Peptococcaceae,uncultured,None,Bacteria,Firmicutes,Clostridia,Peptostreptococcales-Tissierellales,Anaerovoracaceae,None,None,0.004868549172346641
Bacteria,Firmicutes,Clostridia,Peptococcales,Peptococcaceae,uncultured,None,Bacteria,Firmicutes,Clostridia,Peptostreptococcales-Tissierellales,Parvimonas,None,None,0.004868549172346641
Bacteria,Firmicutes,Clostridia,Peptococcales,Peptococcaceae,uncultured,None,Bacteria,Firmicutes,Clostridia,None,None,None,None,0.0029211295034079843
Bacteria,Firmicutes,Clostridia,Peptococcales,Peptococcaceae,uncultured,None,Bacteria,Firmicutes,Incertae_Sedis,DTU014,unidentified,None,None,0.006815968841285297
Bacteria,Firmicutes,Clostridia,Peptococcales,Peptococcaceae,uncultured,None,Bacteria,Firmicutes,Limnochordia,M55-D21,uncultured_compost_bacterium,None,None,0.006815968841285297
Bacteria,Firmicutes,Clostridia,Peptococcales,Peptococcaceae,uncultured,None,Bacteria,Firmicutes,Negativicutes,Acidaminococcales,Acidaminococcaceae,Phascolarctobacterium,None,0.007789678675754625
Bacteria,Firmicutes,Clostridia,Peptococcales,Peptococcaceae,uncultured,None,Bacteria,Firmicutes,None,None,None,None,None,0.0038948393378773127
Bacteria,Firmicutes,Clostridia,Peptococcales,Peptococcaceae,uncultured,None,Bacteria,Firmicutes,uncultured,uncultured_Peptococcaceae_bacterium,None,None,None,0.005842259006815969
Bacteria,Firmicutes,Clostridia,Peptococcales,Peptococcaceae,uncultured,None,Bacteria,Proteobacteria,Alphaproteobacteria,Rhodospirillales,uncultured,None,None,0.008763388510223954
Bacteria,Firmicutes,Clostridia,Peptococcales,Peptococcaceae,uncultured,None,Bacteria,Proteobacteria,Gammaproteobacteria,Burkholderiales,Sutterellaceae,Sutterella,Sutterella_sp._252,0.010710808179162609
Bacteria,Firmicutes,Clostridia,Peptococcales,Peptococcaceae,uncultured,None,Bacteria,Proteobacteria,Gammaproteobacteria,Enterobacterales,Enterobacteriaceae,Escherichia-Shigella,None,0.009737098344693282
Bacteria,Firmicutes,Clostridia,Peptococcales,Peptococcaceae,uncultured,None,Bacteria,Proteobacteria,Gammaproteobacteria,Enterobacterales,Enterobacteriaceae,Klebsiella,None,0.009737098344693282
Bacteria,Firmicutes,Clostridia,Peptococcales,Peptococcaceae,uncultured,None,Bacteria,Proteobacteria,Gammaproteobacteria,Enterobacterales,Enterobacteriaceae,None,None,0.008763388510223954
Bacteria,Firmicutes,Clostridia,Peptococcales,Peptococcaceae,uncultured,None,Bacteria,Proteobacteria,Gammaproteobacteria,Pseudomonadales,Pseudomonadaceae,Pseudomonas,None,0.009737098344693282
Bacteria,Firmicutes,Clostridia,Peptococcales,Peptococcaceae,uncultured,None,Bacteria,Synergistota,Synergistia,Synergistales,Synergistaceae,Cloacibacillus,None,0.009737098344693282
Bacteria,Firmicutes,Clostridia,Peptococcales,Peptococcaceae,uncultured,None,Bacteria,Verrucomicrobiota,Verrucomicrobiae,Verrucomicrobiales,Akkermansiaceae,Akkermansia,None,0.009737098344693282
Bacteria,Firmicutes,Clostridia,Peptostreptococcales-Tissierellales,Anaerovoracaceae,Family_XIII_AD3011_group,metagenome,Bacteria,Firmicutes,Clostridia,Peptostreptococcales-Tissierellales,Anaerovoracaceae,Family_XIII_AD3011_group,None,0.0009737098344693282
Bacteria,Firmicutes,Clostridia,Peptostreptococcales-Tissierellales,Anaerovoracaceae,Family_XIII_AD3011_group,metagenome,Bacteria,Firmicutes,Clostridia,Peptostreptococcales-Tissierellales,Anaerovoracaceae,Family_XIII_AD3011_group,uncultured,0.0019474196689386564
Bacteria,Firmicutes,Clostridia,Peptostreptococcales-Tissierellales,Anaerovoracaceae,Family_XIII_AD3011_group,metagenome,Bacteria,Firmicutes,Clostridia,Peptostreptococcales-Tissierellales,Anaerovoracaceae,Family_XIII_UCG-001,metagenome,0.0038948393378773127
Bacteria,Firmicutes,Clostridia,Peptostreptococcales-Tissierellales,Anaerovoracaceae,Family_XIII_AD3011_group,metagenome,Bacteria,Firmicutes,Clostridia,Peptostreptococcales-Tissierellales,Anaerovoracaceae,Eubacterium_nodatum_group,None,0.0029211295034079843
Bacteria,Firmicutes,Clostridia,Peptostreptococcales-Tissierellales,Anaerovoracaceae,Family_XIII_AD3011_group,metagenome,Bacteria,Firmicutes,Clostridia,Peptostreptococcales-Tissierellales,Anaerovoracaceae,None,None,0.0029211295034079843
Bacteria,Firmicutes,Clostridia,Peptostreptococcales-Tissierellales,Anaerovoracaceae,Family_XIII_AD3011_group,metagenome,Bacteria,Firmicutes,Clostridia,Peptostreptococcales-Tissierellales,Parvimonas,None,None,0.0038948393378773127
Bacteria,Firmicutes,Clostridia,Peptostreptococcales-Tissierellales,Anaerovoracaceae,Family_XIII_AD3011_group,metagenome,Bacteria,Firmicutes,Clostridia,None,None,None,None,0.0038948393378773127
Bacteria,Firmicutes,Clostridia,Peptostreptococcales-Tissierellales,Anaerovoracaceae,Family_XIII_AD3011_group,metagenome,Bacteria,Firmicutes,Incertae_Sedis,DTU014,unidentified,None,None,0.007789678675754625
Bacteria,Firmicutes,Clostridia,Peptostreptococcales-Tissierellales,Anaerovoracaceae,Family_XIII_AD3011_group,metagenome,Bacteria,Firmicutes,Limnochordia,M55-D21,uncultured_compost_bacterium,None,None,0.007789678675754625
Bacteria,Firmicutes,Clostridia,Peptostreptococcales-Tissierellales,Anaerovoracaceae,Family_XIII_AD3011_group,metagenome,Bacteria,Firmicutes,Negativicutes,Acidaminococcales,Acidaminococcaceae,Phascolarctobacterium,None,0.008763388510223954
Bacteria,Firmicutes,Clostridia,Peptostreptococcales-Tissierellales,Anaerovoracaceae,Family_XIII_AD3011_group,metagenome,Bacteria,Firmicutes,None,None,None,None,None,0.004868549172346641
Bacteria,Firmicutes,Clostridia,Peptostreptococcales-Tissierellales,Anaerovoracaceae,Family_XIII_AD3011_group,metagenome,Bacteria,Firmicutes,uncultured,uncultured_Peptococcaceae_bacterium,None,None,None,0.006815968841285297
Bacteria,Firmicutes,Clostridia,Peptostreptococcales-Tissierellales,Anaerovoracaceae,Family_XIII_AD3011_group,metagenome,Bacteria,Proteobacteria,Alphaproteobacteria,Rhodospirillales,uncultured,None,None,0.009737098344693282
Bacteria,Firmicutes,Clostridia,Peptostreptococcales-Tissierellales,Anaerovoracaceae,Family_XIII_AD3011_group,metagenome,Bacteria,Proteobacteria,Gammaproteobacteria,Burkholderiales,Sutterellaceae,Sutterella,Sutterella_sp._252,0.011684518013631937
Bacteria,Firmicutes,Clostridia,Peptostreptococcales-Tissierellales,Anaerovoracaceae,Family_XIII_AD3011_group,metagenome,Bacteria,Proteobacteria,Gammaproteobacteria,Enterobacterales,Enterobacteriaceae,Escherichia-Shigella,None,0.010710808179162609
Bacteria,Firmicutes,Clostridia,Peptostreptococcales-Tissierellales,Anaerovoracaceae,Family_XIII_AD3011_group,metagenome,Bacteria,Proteobacteria,Gammaproteobacteria,Enterobacterales,Enterobacteriaceae,Klebsiella,None,0.010710808179162609
Bacteria,Firmicutes,Clostridia,Peptostreptococcales-Tissierellales,Anaerovoracaceae,Family_XIII_AD3011_group,metagenome,Bacteria,Proteobacteria,Gammaproteobacteria,Enterobacterales,Enterobacteriaceae,None,None,0.009737098344693282
Bacteria,Firmicutes,Clostridia,Peptostreptococcales-Tissierellales,Anaerovoracaceae,Family_XIII_AD3011_group,metagenome,Bacteria,Proteobacteria,Gammaproteobacteria,Pseudomonadales,Pseudomonadaceae,Pseudomonas,None,0.010710808179162609
Bacteria,Firmicutes,Clostridia,Peptostreptococcales-Tissierellales,Anaerovoracaceae,Family_XIII_AD3011_group,metagenome,Bacteria,Synergistota,Synergistia,Synergistales,Synergistaceae,Cloacibacillus,None,0.010710808179162609
Bacteria,Firmicutes,Clostridia,Peptostreptococcales-Tissierellales,Anaerovoracaceae,Family_XIII_AD3011_group,metagenome,Bacteria,Verrucomicrobiota,Verrucomicrobiae,Verrucomicrobiales,Akkermansiaceae,Akkermansia,None,0.010710808179162609
Bacteria,Firmicutes,Clostridia,Peptostreptococcales-Tissierellales,Anaerovoracaceae,Family_XIII_AD3011_group,None,Bacteria,Firmicutes,Clostridia,Peptostreptococcales-Tissierellales,Anaerovoracaceae,Family_XIII_AD3011_group,uncultured,0.0009737098344693282
Bacteria,Firmicutes,Clostridia,Peptostreptococcales-Tissierellales,Anaerovoracaceae,Family_XIII_AD3011_group,None,Bacteria,Firmicutes,Clostridia,Peptostreptococcales-Tissierellales,Anaerovoracaceae,Family_XIII_UCG-001,metagenome,0.0029211295034079843
Bacteria,Firmicutes,Clostridia,Peptostreptococcales-Tissierellales,Anaerovoracaceae,Family_XIII_AD3011_group,None,Bacteria,Firmicutes,Clostridia,Peptostreptococcales-Tissierellales,Anaerovoracaceae,Eubacterium_nodatum_group,None,0.0019474196689386564
Bacteria,Firmicutes,Clostridia,Peptostreptococcales-Tissierellales,Anaerovoracaceae,Family_XIII_AD3011_group,None,Bacteria,Firmicutes,Clostridia,Peptostreptococcales-Tissierellales,Anaerovoracaceae,None,None,0.0019474196689386564
Bacteria,Firmicutes,Clostridia,Peptostreptococcales-Tissierellales,Anaerovoracaceae,Family_XIII_AD3011_group,None,Bacteria,Firmicutes,Clostridia,Peptostreptococcales-Tissierellales,Parvimonas,None,None,0.0029211295034079843
Bacteria,Firmicutes,Clostridia,Peptostreptococcales-Tissierellales,Anaerovoracaceae,Family_XIII_AD3011_group,None,Bacteria,Firmicutes,Clostridia,None,None,None,None,0.0029211295034079843
Bacteria,Firmicutes,Clostridia,Peptostreptococcales-Tissierellales,Anaerovoracaceae,Family_XIII_AD3011_group,None,Bacteria,Firmicutes,Incertae_Sedis,DTU014,unidentified,None,None,0.006815968841285297
Bacteria,Firmicutes,Clostridia,Peptostreptococcales-Tissierellales,Anaerovoracaceae,Family_XIII_AD3011_group,None,Bacteria,Firmicutes,Limnochordia,M55-D21,uncultured_compost_bacterium,None,None,0.006815968841285297
Bacteria,Firmicutes,Clostridia,Peptostreptococcales-Tissierellales,Anaerovoracaceae,Family_XIII_AD3011_group,None,Bacteria,Firmicutes,Negativicutes,Acidaminococcales,Acidaminococcaceae,Phascolarctobacterium,None,0.007789678675754625
Bacteria,Firmicutes,Clostridia,Peptostreptococcales-Tissierellales,Anaerovoracaceae,Family_XIII_AD3011_group,None,Bacteria,Firmicutes,None,None,None,None,None,0.0038948393378773127
Bacteria,Firmicutes,Clostridia,Peptostreptococcales-Tissierellales,Anaerovoracaceae,Family_XIII_AD3011_group,None,Bacteria,Firmicutes,uncultured,uncultured_Peptococcaceae_bacterium,None,None,None,0.005842259006815969
Bacteria,Firmicutes,Clostridia,Peptostreptococcales-Tissierellales,Anaerovoracaceae,Family_XIII_AD3011_group,None,Bacteria,Proteobacteria,Alphaproteobacteria,Rhodospirillales,uncultured,None,None,0.008763388510223954
Bacteria,Firmicutes,Clostridia,Peptostreptococcales-Tissierellales,Anaerovoracaceae,Family_XIII_AD3011_group,None,Bacteria,Proteobacteria,Gammaproteobacteria,Burkholderiales,Sutterellaceae,Sutterella,Sutterella_sp._252,0.010710808179162609
Bacteria,Firmicutes,Clostridia,Peptostreptococcales-Tissierellales,Anaerovoracaceae,Family_XIII_AD3011_group,None,Bacteria,Proteobacteria,Gammaproteobacteria,Enterobacterales,Enterobacteriaceae,Escherichia-Shigella,None,0.009737098344693282
Bacteria,Firmicutes,Clostridia,Peptostreptococcales-Tissierellales,Anaerovoracaceae,Family_XIII_AD3011_group,None,Bacteria,Proteobacteria,Gammaproteobacteria,Enterobacterales,Enterobacteriaceae,Klebsiella,None,0.009737098344693282
Bacteria,Firmicutes,Clostridia,Peptostreptococcales-Tissierellales,Anaerovoracaceae,Family_XIII_AD3011_group,None,Bacteria,Proteobacteria,Gammaproteobacteria,Enterobacterales,Enterobacteriaceae,None,None,0.008763388510223954
Bacteria,Firmicutes,Clostridia,Peptostreptococcales-Tissierellales,Anaerovoracaceae,Family_XIII_AD3011_group,None,Bacteria,Proteobacteria,Gammaproteobacteria,Pseudomonadales,Pseudomonadaceae,Pseudomonas,None,0.009737098344693282
Bacteria,Firmicutes,Clostridia,Peptostreptococcales-Tissierellales,Anaerovoracaceae,Family_XIII_AD3011_group,None,Bacteria,Synergistota,Synergistia,Synergistales,Synergistaceae,Cloacibacillus,None,0.009737098344693282
Bacteria,Firmicutes,Clostridia,Peptostreptococcales-Tissierellales,Anaerovoracaceae,Family_XIII_AD3011_group,None,Bacteria,Verrucomicrobiota,Verrucomicrobiae,Verrucomicrobiales,Akkermansiaceae,Akkermansia,None,0.009737098344693282
Bacteria,Firmicutes,Clostridia,Peptostreptococcales-Tissierellales,Anaerovoracaceae,Family_XIII_AD3011_group,uncultured,Bacteria,Firmicutes,Clostridia,Peptostreptococcales-Tissierellales,Anaerovoracaceae,Family_XIII_UCG-001,metagenome,0.0038948393378773127
Bacteria,Firmicutes,Clostridia,Peptostreptococcales-Tissierellales,Anaerovoracaceae,Family_XIII_AD3011_group,uncultured,Bacteria,Firmicutes,Clostridia,Peptostreptococcales-Tissierellales,Anaerovoracaceae,Eubacterium_nodatum_group,None,0.0029211295034079843
Bacteria,Firmicutes,Clostridia,Peptostreptococcales-Tissierellales,Anaerovoracaceae,Family_XIII_AD3011_group,uncultured,Bacteria,Firmicutes,Clostridia,Peptostreptococcales-Tissierellales,Anaerovoracaceae,None,None,0.0029211295034079843
Bacteria,Firmicutes,Clostridia,Peptostreptococcales-Tissierellales,Anaerovoracaceae,Family_XIII_AD3011_group,uncultured,Bacteria,Firmicutes,Clostridia,Peptostreptococcales-Tissierellales,Parvimonas,None,None,0.0038948393378773127
Bacteria,Firmicutes,Clostridia,Peptostreptococcales-Tissierellales,Anaerovoracaceae,Family_XIII_AD3011_group,uncultured,Bacteria,Firmicutes,Clostridia,None,None,None,None,0.0038948393378773127
Bacteria,Firmicutes,Clostridia,Peptostreptococcales-Tissierellales,Anaerovoracaceae,Family_XIII_AD3011_group,uncultured,Bacteria,Firmicutes,Incertae_Sedis,DTU014,unidentified,None,None,0.007789678675754625
Bacteria,Firmicutes,Clostridia,Peptostreptococcales-Tissierellales,Anaerovoracaceae,Family_XIII_AD3011_group,uncultured,Bacteria,Firmicutes,Limnochordia,M55-D21,uncultured_compost_bacterium,None,None,0.007789678675754625
Bacteria,Firmicutes,Clostridia,Peptostreptococcales-Tissierellales,Anaerovoracaceae,Family_XIII_AD3011_group,uncultured,Bacteria,Firmicutes,Negativicutes,Acidaminococcales,Acidaminococcaceae,Phascolarctobacterium,None,0.008763388510223954
Bacteria,Firmicutes,Clostridia,Peptostreptococcales-Tissierellales,Anaerovoracaceae,Family_XIII_AD3011_group,uncultured,Bacteria,Firmicutes,None,None,None,None,None,0.004868549172346641
Bacteria,Firmicutes,Clostridia,Peptostreptococcales-Tissierellales,Anaerovoracaceae,Family_XIII_AD3011_group,uncultured,Bacteria,Firmicutes,uncultured,uncultured_Peptococcaceae_bacterium,None,None,None,0.006815968841285297
Bacteria,Firmicutes,Clostridia,Peptostreptococcales-Tissierellales,Anaerovoracaceae,Family_XIII_AD3011_group,uncultured,Bacteria,Proteobacteria,Alphaproteobacteria,Rhodospirillales,uncultured,None,None,0.009737098344693282
Bacteria,Firmicutes,Clostridia,Peptostreptococcales-Tissierellales,Anaerovoracaceae,Family_XIII_AD3011_group,uncultured,Bacteria,Proteobacteria,Gammaproteobacteria,Burkholderiales,Sutterellaceae,Sutterella,Sutterella_sp._252,0.011684518013631937
Bacteria,Firmicutes,Clostridia,Peptostreptococcales-Tissierellales,Anaerovoracaceae,Family_XIII_AD3011_group,uncultured,Bacteria,Proteobacteria,Gammaproteobacteria,Enterobacterales,Enterobacteriaceae,Escherichia-Shigella,None,0.010710808179162609
Bacteria,Firmicutes,Clostridia,Peptostreptococcales-Tissierellales,Anaerovoracaceae,Family_XIII_AD3011_group,uncultured,Bacteria,Proteobacteria,Gammaproteobacteria,Enterobacterales,Enterobacteriaceae,Klebsiella,None,0.010710808179162609
Bacteria,Firmicutes,Clostridia,Peptostreptococcales-Tissierellales,Anaerovoracaceae,Family_XIII_AD3011_group,uncultured,Bacteria,Proteobacteria,Gammaproteobacteria,Enterobacterales,Enterobacteriaceae,None,None,0.009737098344693282
Bacteria,Firmicutes,Clostridia,Peptostreptococcales-Tissierellales,Anaerovoracaceae,Family_XIII_AD3011_group,uncultured,Bacteria,Proteobacteria,Gammaproteobacteria,Pseudomonadales,Pseudomonadaceae,Pseudomonas,None,0.010710808179162609
Bacteria,Firmicutes,Clostridia,Peptostreptococcales-Tissierellales,Anaerovoracaceae,Family_XIII_AD3011_group,uncultured,Bacteria,Synergistota,Synergistia,Synergistales,Synergistaceae,Cloacibacillus,None,0.010710808179162609
Bacteria,Firmicutes,Clostridia,Peptostreptococcales-Tissierellales,Anaerovoracaceae,Family_XIII_AD3011_group,uncultured,Bacteria,Verrucomicrobiota,Verrucomicrobiae,Verrucomicrobiales,Akkermansiaceae,Akkermansia,None,0.010710808179162609
Bacteria,Firmicutes,Clostridia,Peptostreptococcales-Tissierellales,Anaerovoracaceae,Family_XIII_UCG-001,metagenome,Bacteria,Firmicutes,Clostridia,Peptostreptococcales-Tissierellales,Anaerovoracaceae,Eubacterium_nodatum_group,None,0.0029211295034079843
Bacteria,Firmicutes,Clostridia,Peptostreptococcales-Tissierellales,Anaerovoracaceae,Family_XIII_UCG-001,metagenome,Bacteria,Firmicutes,Clostridia,Peptostreptococcales-Tissierellales,Anaerovoracaceae,None,None,0.0029211295034079843
Bacteria,Firmicutes,Clostridia,Peptostreptococcales-Tissierellales,Anaerovoracaceae,Family_XIII_UCG-001,metagenome,Bacteria,Firmicutes,Clostridia,Peptostreptococcales-Tissierellales,Parvimonas,None,None,0.0038948393378773127
Bacteria,Firmicutes,Clostridia,Peptostreptococcales-Tissierellales,Anaerovoracaceae,Family_XIII_UCG-001,metagenome,Bacteria,Firmicutes,Clostridia,None,None,None,None,0.0038948393378773127
Bacteria,Firmicutes,Clostridia,Peptostreptococcales-Tissierellales,Anaerovoracaceae,Family_XIII_UCG-001,metagenome,Bacteria,Firmicutes,Incertae_Sedis,DTU014,unidentified,None,None,0.007789678675754625
Bacteria,Firmicutes,Clostridia,Peptostreptococcales-Tissierellales,Anaerovoracaceae,Family_XIII_UCG-001,metagenome,Bacteria,Firmicutes,Limnochordia,M55-D21,uncultured_compost_bacterium,None,None,0.007789678675754625
Bacteria,Firmicutes,Clostridia,Peptostreptococcales-Tissierellales,Anaerovoracaceae,Family_XIII_UCG-001,metagenome,Bacteria,Firmicutes,Negativicutes,Acidaminococcales,Acidaminococcaceae,Phascolarctobacterium,None,0.008763388510223954
Bacteria,Firmicutes,Clostridia,Peptostreptococcales-Tissierellales,Anaerovoracaceae,Family_XIII_UCG-001,metagenome,Bacteria,Firmicutes,None,None,None,None,None,0.004868549172346641
Bacteria,Firmicutes,Clostridia,Peptostreptococcales-Tissierellales,Anaerovoracaceae,Family_XIII_UCG-001,metagenome,Bacteria,Firmicutes,uncultured,uncultured_Peptococcaceae_bacterium,None,None,None,0.006815968841285297
Bacteria,Firmicutes,Clostridia,Peptostreptococcales-Tissierellales,Anaerovoracaceae,Family_XIII_UCG-001,metagenome,Bacteria,Proteobacteria,Alphaproteobacteria,Rhodospirillales,uncultured,None,None,0.009737098344693282
Bacteria,Firmicutes,Clostridia,Peptostreptococcales-Tissierellales,Anaerovoracaceae,Family_XIII_UCG-001,metagenome,Bacteria,Proteobacteria,Gammaproteobacteria,Burkholderiales,Sutterellaceae,Sutterella,Sutterella_sp._252,0.011684518013631937
Bacteria,Firmicutes,Clostridia,Peptostreptococcales-Tissierellales,Anaerovoracaceae,Family_XIII_UCG-001,metagenome,Bacteria,Proteobacteria,Gammaproteobacteria,Enterobacterales,Enterobacteriaceae,Escherichia-Shigella,None,0.010710808179162609
Bacteria,Firmicutes,Clostridia,Peptostreptococcales-Tissierellales,Anaerovoracaceae,Family_XIII_UCG-001,metagenome,Bacteria,Proteobacteria,Gammaproteobacteria,Enterobacterales,Enterobacteriaceae,Klebsiella,None,0.010710808179162609
Bacteria,Firmicutes,Clostridia,Peptostreptococcales-Tissierellales,Anaerovoracaceae,Family_XIII_UCG-001,metagenome,Bacteria,Proteobacteria,Gammaproteobacteria,Enterobacterales,Enterobacteriaceae,None,None,0.009737098344693282
Bacteria,Firmicutes,Clostridia,Peptostreptococcales-Tissierellales,Anaerovoracaceae,Family_XIII_UCG-001,metagenome,Bacteria,Proteobacteria,Gammaproteobacteria,Pseudomonadales,Pseudomonadaceae,Pseudomonas,None,0.010710808179162609
Bacteria,Firmicutes,Clostridia,Peptostreptococcales-Tissierellales,Anaerovoracaceae,Family_XIII_UCG-001,metagenome,Bacteria,Synergistota,Synergistia,Synergistales,Synergistaceae,Cloacibacillus,None,0.010710808179162609
Bacteria,Firmicutes,Clostridia,Peptostreptococcales-Tissierellales,Anaerovoracaceae,Family_XIII_UCG-001,metagenome,Bacteria,Verrucomicrobiota,Verrucomicrobiae,Verrucomicrobiales,Akkermansiaceae,Akkermansia,None,0.010710808179162609
Bacteria,Firmicutes,Clostridia,Peptostreptococcales-Tissierellales,Anaerovoracaceae,Eubacterium_nodatum_group,None,Bacteria,Firmicutes,Clostridia,Peptostreptococcales-Tissierellales,Anaerovoracaceae,None,None,0.0019474196689386564
Bacteria,Firmicutes,Clostridia,Peptostreptococcales-Tissierellales,Anaerovoracaceae,Eubacterium_nodatum_group,None,Bacteria,Firmicutes,Clostridia,Peptostreptococcales-Tissierellales,Parvimonas,None,None,0.0029211295034079843
Bacteria,Firmicutes,Clostridia,Peptostreptococcales-Tissierellales,Anaerovoracaceae,Eubacterium_nodatum_group,None,Bacteria,Firmicutes,Clostridia,None,None,None,None,0.0029211295034079843
Bacteria,Firmicutes,Clostridia,Peptostreptococcales-Tissierellales,Anaerovoracaceae,Eubacterium_nodatum_group,None,Bacteria,Firmicutes,Incertae_Sedis,DTU014,unidentified,None,None,0.006815968841285297
Bacteria,Firmicutes,Clostridia,Peptostreptococcales-Tissierellales,Anaerovoracaceae,Eubacterium_nodatum_group,None,Bacteria,Firmicutes,Limnochordia,M55-D21,uncultured_compost_bacterium,None,None,0.006815968841285297
Bacteria,Firmicutes,Clostridia,Peptostreptococcales-Tissierellales,Anaerovoracaceae,Eubacterium_nodatum_group,None,Bacteria,Firmicutes,Negativicutes,Acidaminococcales,Acidaminococcaceae,Phascolarctobacterium,None,0.007789678675754625
Bacteria,Firmicutes,Clostridia,Peptostreptococcales-Tissierellales,Anaerovoracaceae,Eubacterium_nodatum_group,None,Bacteria,Firmicutes,None,None,None,None,None,0.0038948393378773127
Bacteria,Firmicutes,Clostridia,Peptostreptococcales-Tissierellales,Anaerovoracaceae,Eubacterium_nodatum_group,None,Bacteria,Firmicutes,uncultured,uncultured_Peptococcaceae_bacterium,None,None,None,0.005842259006815969
Bacteria,Firmicutes,Clostridia,Peptostreptococcales-Tissierellales,Anaerovoracaceae,Eubacterium_nodatum_group,None,Bacteria,Proteobacteria,Alphaproteobacteria,Rhodospirillales,uncultured,None,None,0.008763388510223954
Bacteria,Firmicutes,Clostridia,Peptostreptococcales-Tissierellales,Anaerovoracaceae,Eubacterium_nodatum_group,None,Bacteria,Proteobacteria,Gammaproteobacteria,Burkholderiales,Sutterellaceae,Sutterella,Sutterella_sp._252,0.010710808179162609
Bacteria,Firmicutes,Clostridia,Peptostreptococcales-Tissierellales,Anaerovoracaceae,Eubacterium_nodatum_group,None,Bacteria,Proteobacteria,Gammaproteobacteria,Enterobacterales,Enterobacteriaceae,Escherichia-Shigella,None,0.009737098344693282
Bacteria,Firmicutes,Clostridia,Peptostreptococcales-Tissierellales,Anaerovoracaceae,Eubacterium_nodatum_group,None,Bacteria,Proteobacteria,Gammaproteobacteria,Enterobacterales,Enterobacteriaceae,Klebsiella,None,0.009737098344693282
Bacteria,Firmicutes,Clostridia,Peptostreptococcales-Tissierellales,Anaerovoracaceae,Eubacterium_nodatum_group,None,Bacteria,Proteobacteria,Gammaproteobacteria,Enterobacterales,Enterobacteriaceae,None,None,0.008763388510223954
Bacteria,Firmicutes,Clostridia,Peptostreptococcales-Tissierellales,Anaerovoracaceae,Eubacterium_nodatum_group,None,Bacteria,Proteobacteria,Gammaproteobacteria,Pseudomonadales,Pseudomonadaceae,Pseudomonas,None,0.009737098344693282
Bacteria,Firmicutes,Clostridia,Peptostreptococcales-Tissierellales,Anaerovoracaceae,Eubacterium_nodatum_group,None,Bacteria,Synergistota,Synergistia,Synergistales,Synergistaceae,Cloacibacillus,None,0.009737098344693282
Bacteria,Firmicutes,Clostridia,Peptostreptococcales-Tissierellales,Anaerovoracaceae,Eubacterium_nodatum_group,None,Bacteria,Verrucomicrobiota,Verrucomicrobiae,Verrucomicrobiales,Akkermansiaceae,Akkermansia,None,0.009737098344693282
Bacteria,Firmicutes,Clostridia,Peptostreptococcales-Tissierellales,Anaerovoracaceae,None,None,Bacteria,Firmicutes,Clostridia,Peptostreptococcales-Tissierellales,Parvimonas,None,None,0.0019474196689386564
Bacteria,Firmicutes,Clostridia,Peptostreptococcales-Tissierellales,Anaerovoracaceae,None,None,Bacteria,Firmicutes,Clostridia,None,None,None,None,0.0019474196689386564
Bacteria,Firmicutes,Clostridia,Peptostreptococcales-Tissierellales,Anaerovoracaceae,None,None,Bacteria,Firmicutes,Incertae_Sedis,DTU014,unidentified,None,None,0.005842259006815969
Bacteria,Firmicutes,Clostridia,Peptostreptococcales-Tissierellales,Anaerovoracaceae,None,None,Bacteria,Firmicutes,Limnochordia,M55-D21,uncultured_compost_bacterium,None,None,0.005842259006815969
Bacteria,Firmicutes,Clostridia,Peptostreptococcales-Tissierellales,Anaerovoracaceae,None,None,Bacteria,Firmicutes,Negativicutes,Acidaminococcales,Acidaminococcaceae,Phascolarctobacterium,None,0.006815968841285297
Bacteria,Firmicutes,Clostridia,Peptostreptococcales-Tissierellales,Anaerovoracaceae,None,None,Bacteria,Firmicutes,None,None,None,None,None,0.0029211295034079843
Bacteria,Firmicutes,Clostridia,Peptostreptococcales-Tissierellales,Anaerovoracaceae,None,None,Bacteria,Firmicutes,uncultured,uncultured_Peptococcaceae_bacterium,None,None,None,0.004868549172346641
Bacteria,Firmicutes,Clostridia,Peptostreptococcales-Tissierellales,Anaerovoracaceae,None,None,Bacteria,Proteobacteria,Alphaproteobacteria,Rhodospirillales,uncultured,None,None,0.007789678675754625
Bacteria,Firmicutes,Clostridia,Peptostreptococcales-Tissierellales,Anaerovoracaceae,None,None,Bacteria,Proteobacteria,Gammaproteobacteria,Burkholderiales,Sutterellaceae,Sutterella,Sutterella_sp._252,0.009737098344693282
Bacteria,Firmicutes,Clostridia,Peptostreptococcales-Tissierellales,Anaerovoracaceae,None,None,Bacteria,Proteobacteria,Gammaproteobacteria,Enterobacterales,Enterobacteriaceae,Escherichia-Shigella,None,0.008763388510223954
Bacteria,Firmicutes,Clostridia,Peptostreptococcales-Tissierellales,Anaerovoracaceae,None,None,Bacteria,Proteobacteria,Gammaproteobacteria,Enterobacterales,Enterobacteriaceae,Klebsiella,None,0.008763388510223954
Bacteria,Firmicutes,Clostridia,Peptostreptococcales-Tissierellales,Anaerovoracaceae,None,None,Bacteria,Proteobacteria,Gammaproteobacteria,Enterobacterales,Enterobacteriaceae,None,None,0.007789678675754625
Bacteria,Firmicutes,Clostridia,Peptostreptococcales-Tissierellales,Anaerovoracaceae,None,None,Bacteria,Proteobacteria,Gammaproteobacteria,Pseudomonadales,Pseudomonadaceae,Pseudomonas,None,0.008763388510223954
Bacteria,Firmicutes,Clostridia,Peptostreptococcales-Tissierellales,Anaerovoracaceae,None,None,Bacteria,Synergistota,Synergistia,Synergistales,Synergistaceae,Cloacibacillus,None,0.008763388510223954
Bacteria,Firmicutes,Clostridia,Peptostreptococcales-Tissierellales,Anaerovoracaceae,None,None,Bacteria,Verrucomicrobiota,Verrucomicrobiae,Verrucomicrobiales,Akkermansiaceae,Akkermansia,None,0.008763388510223954
Bacteria,Firmicutes,Clostridia,Peptostreptococcales-Tissierellales,Parvimonas,None,None,Bacteria,Firmicutes,Clostridia,None,None,None,None,0.0019474196689386564
Bacteria,Firmicutes,Clostridia,Peptostreptococcales-Tissierellales,Parvimonas,None,None,Bacteria,Firmicutes,Incertae_Sedis,DTU014,unidentified,None,None,0.005842259006815969
Bacteria,Firmicutes,Clostridia,Peptostreptococcales-Tissierellales,Parvimonas,None,None,Bacteria,Firmicutes,Limnochordia,M55-D21,uncultured_compost_bacterium,None,None,0.005842259006815969
Bacteria,Firmicutes,Clostridia,Peptostreptococcales-Tissierellales,Parvimonas,None,None,Bacteria,Firmicutes,Negativicutes,Acidaminococcales,Acidaminococcaceae,Phascolarctobacterium,None,0.006815968841285297
Bacteria,Firmicutes,Clostridia,Peptostreptococcales-Tissierellales,Parvimonas,None,None,Bacteria,Firmicutes,None,None,None,None,None,0.0029211295034079843
Bacteria,Firmicutes,Clostridia,Peptostreptococcales-Tissierellales,Parvimonas,None,None,Bacteria,Firmicutes,uncultured,uncultured_Peptococcaceae_bacterium,None,None,None,0.004868549172346641
Bacteria,Firmicutes,Clostridia,Peptostreptococcales-Tissierellales,Parvimonas,None,None,Bacteria,Proteobacteria,Alphaproteobacteria,Rhodospirillales,uncultured,None,None,0.007789678675754625
Bacteria,Firmicutes,Clostridia,Peptostreptococcales-Tissierellales,Parvimonas,None,None,Bacteria,Proteobacteria,Gammaproteobacteria,Burkholderiales,Sutterellaceae,Sutterella,Sutterella_sp._252,0.009737098344693282
Bacteria,Firmicutes,Clostridia,Peptostreptococcales-Tissierellales,Parvimonas,None,None,Bacteria,Proteobacteria,Gammaproteobacteria,Enterobacterales,Enterobacteriaceae,Escherichia-Shigella,None,0.008763388510223954
Bacteria,Firmicutes,Clostridia,Peptostreptococcales-Tissierellales,Parvimonas,None,None,Bacteria,Proteobacteria,Gammaproteobacteria,Enterobacterales,Enterobacteriaceae,Klebsiella,None,0.008763388510223954
Bacteria,Firmicutes,Clostridia,Peptostreptococcales-Tissierellales,Parvimonas,None,None,Bacteria,Proteobacteria,Gammaproteobacteria,Enterobacterales,Enterobacteriaceae,None,None,0.007789678675754625
Bacteria,Firmicutes,Clostridia,Peptostreptococcales-Tissierellales,Parvimonas,None,None,Bacteria,Proteobacteria,Gammaproteobacteria,Pseudomonadales,Pseudomonadaceae,Pseudomonas,None,0.008763388510223954
Bacteria,Firmicutes,Clostridia,Peptostreptococcales-Tissierellales,Parvimonas,None,None,Bacteria,Synergistota,Synergistia,Synergistales,Synergistaceae,Cloacibacillus,None,0.008763388510223954
Bacteria,Firmicutes,Clostridia,Peptostreptococcales-Tissierellales,Parvimonas,None,None,Bacteria,Verrucomicrobiota,Verrucomicrobiae,Verrucomicrobiales,Akkermansiaceae,Akkermansia,None,0.008763388510223954
Bacteria,Firmicutes,Clostridia,None,None,None,None,Bacteria,Firmicutes,Incertae_Sedis,DTU014,unidentified,None,None,0.0038948393378773127
Bacteria,Firmicutes,Clostridia,None,None,None,None,Bacteria,Firmicutes,Limnochordia,M55-D21,uncultured_compost_bacterium,None,None,0.0038948393378773127
Bacteria,Firmicutes,Clostridia,None,None,None,None,Bacteria,Firmicutes,Negativicutes,Acidaminococcales,Acidaminococcaceae,Phascolarctobacterium,None,0.004868549172346641
Bacteria,Firmicutes,Clostridia,None,None,None,None,Bacteria,Firmicutes,None,None,None,None,None,0.0009737098344693282
Bacteria,Firmicutes,Clostridia,None,None,None,None,Bacteria,Firmicutes,uncultured,uncultured_Peptococcaceae_bacterium,None,None,None,0.0029211295034079843
Bacteria,Firmicutes,Clostridia,None,None,None,None,Bacteria,Proteobacteria,Alphaproteobacteria,Rhodospirillales,uncultured,None,None,0.005842259006815969
Bacteria,Firmicutes,Clostridia,None,None,None,None,Bacteria,Proteobacteria,Gammaproteobacteria,Burkholderiales,Sutterellaceae,Sutterella,Sutterella_sp._252,0.007789678675754625
Bacteria,Firmicutes,Clostridia,None,None,None,None,Bacteria,Proteobacteria,Gammaproteobacteria,Enterobacterales,Enterobacteriaceae,Escherichia-Shigella,None,0.006815968841285297
Bacteria,Firmicutes,Clostridia,None,None,None,None,Bacteria,Proteobacteria,Gammaproteobacteria,Enterobacterales,Enterobacteriaceae,Klebsiella,None,0.006815968841285297
Bacteria,Firmicutes,Clostridia,None,None,None,None,Bacteria,Proteobacteria,Gammaproteobacteria,Enterobacterales,Enterobacteriaceae,None,None,0.005842259006815969
Bacteria,Firmicutes,Clostridia,None,None,None,None,Bacteria,Proteobacteria,Gammaproteobacteria,Pseudomonadales,Pseudomonadaceae,Pseudomonas,None,0.006815968841285297
Bacteria,Firmicutes,Clostridia,None,None,None,None,Bacteria,Synergistota,Synergistia,Synergistales,Synergistaceae,Cloacibacillus,None,0.006815968841285297
Bacteria,Firmicutes,Clostridia,None,None,None,None,Bacteria,Verrucomicrobiota,Verrucomicrobiae,Verrucomicrobiales,Akkermansiaceae,Akkermansia,None,0.006815968841285297
Bacteria,Firmicutes,Incertae_Sedis,DTU014,unidentified,None,None,Bacteria,Firmicutes,Limnochordia,M55-D21,uncultured_compost_bacterium,None,None,0.005842259006815969
Bacteria,Firmicutes,Incertae_Sedis,DTU014,unidentified,None,None,Bacteria,Firmicutes,Negativicutes,Acidaminococcales,Acidaminococcaceae,Phascolarctobacterium,None,0.006815968841285297
Bacteria,Firmicutes,Incertae_Sedis,DTU014,unidentified,None,None,Bacteria,Firmicutes,None,None,None,None,None,0.0029211295034079843
Bacteria,Firmicutes,Incertae_Sedis,DTU014,unidentified,None,None,Bacteria,Firmicutes,uncultured,uncultured_Peptococcaceae_bacterium,None,None,None,0.004868549172346641
Bacteria,Firmicutes,Incertae_Sedis,DTU014,unidentified,None,None,Bacteria,Proteobacteria,Alphaproteobacteria,Rhodospirillales,uncultured,None,None,0.007789678675754625
Bacteria,Firmicutes,Incertae_Sedis,DTU014,unidentified,None,None,Bacteria,Proteobacteria,Gammaproteobacteria,Burkholderiales,Sutterellaceae,Sutterella,Sutterella_sp._252,0.009737098344693282
Bacteria,Firmicutes,Incertae_Sedis,DTU014,unidentified,None,None,Bacteria,Proteobacteria,Gammaproteobacteria,Enterobacterales,Enterobacteriaceae,Escherichia-Shigella,None,0.008763388510223954
Bacteria,Firmicutes,Incertae_Sedis,DTU014,unidentified,None,None,Bacteria,Proteobacteria,Gammaproteobacteria,Enterobacterales,Enterobacteriaceae,Klebsiella,None,0.008763388510223954
Bacteria,Firmicutes,Incertae_Sedis,DTU014,unidentified,None,None,Bacteria,Proteobacteria,Gammaproteobacteria,Enterobacterales,Enterobacteriaceae,None,None,0.007789678675754625
Bacteria,Firmicutes,Incertae_Sedis,DTU014,unidentified,None,None,Bacteria,Proteobacteria,Gammaproteobacteria,Pseudomonadales,Pseudomonadaceae,Pseudomonas,None,0.008763388510223954
Bacteria,Firmicutes,Incertae_Sedis,DTU014,unidentified,None,None,Bacteria,Synergistota,Synergistia,Synergistales,Synergistaceae,Cloacibacillus,None,0.008763388510223954
Bacteria,Firmicutes,Incertae_Sedis,DTU014,unidentified,None,None,Bacteria,Verrucomicrobiota,Verrucomicrobiae,Verrucomicrobiales,Akkermansiaceae,Akkermansia,None,0.008763388510223954
Bacteria,Firmicutes,Limnochordia,M55-D21,uncultured_compost_bacterium,None,None,Bacteria,Firmicutes,Negativicutes,Acidaminococcales,Acidaminococcaceae,Phascolarctobacterium,None,0.006815968841285297
Bacteria,Firmicutes,Limnochordia,M55-D21,uncultured_compost_bacterium,None,None,Bacteria,Firmicutes,None,None,None,None,None,0.0029211295034079843
Bacteria,Firmicutes,Limnochordia,M55-D21,uncultured_compost_bacterium,None,None,Bacteria,Firmicutes,uncultured,uncultured_Peptococcaceae_bacterium,None,None,None,0.004868549172346641
Bacteria,Firmicutes,Limnochordia,M55-D21,uncultured_compost_bacterium,None,None,Bacteria,Proteobacteria,Alphaproteobacteria,Rhodospirillales,uncultured,None,None,0.007789678675754625
Bacteria,Firmicutes,Limnochordia,M55-D21,uncultured_compost_bacterium,None,None,Bacteria,Proteobacteria,Gammaproteobacteria,Burkholderiales,Sutterellaceae,Sutterella,Sutterella_sp._252,0.009737098344693282
Bacteria,Firmicutes,Limnochordia,M55-D21,uncultured_compost_bacterium,None,None,Bacteria,Proteobacteria,Gammaproteobacteria,Enterobacterales,Enterobacteriaceae,Escherichia-Shigella,None,0.008763388510223954
Bacteria,Firmicutes,Limnochordia,M55-D21,uncultured_compost_bacterium,None,None,Bacteria,Proteobacteria,Gammaproteobacteria,Enterobacterales,Enterobacteriaceae,Klebsiella,None,0.008763388510223954
Bacteria,Firmicutes,Limnochordia,M55-D21,uncultured_compost_bacterium,None,None,Bacteria,Proteobacteria,Gammaproteobacteria,Enterobacterales,Enterobacteriaceae,None,None,0.007789678675754625
Bacteria,Firmicutes,Limnochordia,M55-D21,uncultured_compost_bacterium,None,None,Bacteria,Proteobacteria,Gammaproteobacteria,Pseudomonadales,Pseudomonadaceae,Pseudomonas,None,0.008763388510223954
Bacteria,Firmicutes,Limnochordia,M55-D21,uncultured_compost_bacterium,None,None,Bacteria,Synergistota,Synergistia,Synergistales,Synergistaceae,Cloacibacillus,None,0.008763388510223954
Bacteria,Firmicutes,Limnochordia,M55-D21,uncultured_compost_bacterium,None,None,Bacteria,Verrucomicrobiota,Verrucomicrobiae,Verrucomicrobiales,Akkermansiaceae,Akkermansia,None,0.008763388510223954
Bacteria,Firmicutes,Negativicutes,Acidaminococcales,Acidaminococcaceae,Phascolarctobacterium,None,Bacteria,Firmicutes,None,None,None,None,None,0.0038948393378773127
Bacteria,Firmicutes,Negativicutes,Acidaminococcales,Acidaminococcaceae,Phascolarctobacterium,None,Bacteria,Firmicutes,uncultured,uncultured_Peptococcaceae_bacterium,None,None,None,0.005842259006815969
Bacteria,Firmicutes,Negativicutes,Acidaminococcales,Acidaminococcaceae,Phascolarctobacterium,None,Bacteria,Proteobacteria,Alphaproteobacteria,Rhodospirillales,uncultured,None,None,0.008763388510223954
Bacteria,Firmicutes,Negativicutes,Acidaminococcales,Acidaminococcaceae,Phascolarctobacterium,None,Bacteria,Proteobacteria,Gammaproteobacteria,Burkholderiales,Sutterellaceae,Sutterella,Sutterella_sp._252,0.010710808179162609
Bacteria,Firmicutes,Negativicutes,Acidaminococcales,Acidaminococcaceae,Phascolarctobacterium,None,Bacteria,Proteobacteria,Gammaproteobacteria,Enterobacterales,Enterobacteriaceae,Escherichia-Shigella,None,0.009737098344693282
Bacteria,Firmicutes,Negativicutes,Acidaminococcales,Acidaminococcaceae,Phascolarctobacterium,None,Bacteria,Proteobacteria,Gammaproteobacteria,Enterobacterales,Enterobacteriaceae,Klebsiella,None,0.009737098344693282
Bacteria,Firmicutes,Negativicutes,Acidaminococcales,Acidaminococcaceae,Phascolarctobacterium,None,Bacteria,Proteobacteria,Gammaproteobacteria,Enterobacterales,Enterobacteriaceae,None,None,0.008763388510223954
Bacteria,Firmicutes,Negativicutes,Acidaminococcales,Acidaminococcaceae,Phascolarctobacterium,None,Bacteria,Proteobacteria,Gammaproteobacteria,Pseudomonadales,Pseudomonadaceae,Pseudomonas,None,0.009737098344693282
Bacteria,Firmicutes,Negativicutes,Acidaminococcales,Acidaminococcaceae,Phascolarctobacterium,None,Bacteria,Synergistota,Synergistia,Synergistales,Synergistaceae,Cloacibacillus,None,0.009737098344693282
Bacteria,Firmicutes,Negativicutes,Acidaminococcales,Acidaminococcaceae,Phascolarctobacterium,None,Bacteria,Verrucomicrobiota,Verrucomicrobiae,Verrucomicrobiales,Akkermansiaceae,Akkermansia,None,0.009737098344693282
Bacteria,Firmicutes,None,None,None,None,None,Bacteria,Firmicutes,uncultured,uncultured_Peptococcaceae_bacterium,None,None,None,0.0019474196689386564
Bacteria,Firmicutes,None,None,None,None,None,Bacteria,Proteobacteria,Alphaproteobacteria,Rhodospirillales,uncultured,None,None,0.004868549172346641
Bacteria,Firmicutes,None,None,None,None,None,Bacteria,Proteobacteria,Gammaproteobacteria,Burkholderiales,Sutterellaceae,Sutterella,Sutterella_sp._252,0.006815968841285297
Bacteria,Firmicutes,None,None,None,None,None,Bacteria,Proteobacteria,Gammaproteobacteria,Enterobacterales,Enterobacteriaceae,Escherichia-Shigella,None,0.005842259006815969
Bacteria,Firmicutes,None,None,None,None,None,Bacteria,Proteobacteria,Gammaproteobacteria,Enterobacterales,Enterobacteriaceae,Klebsiella,None,0.005842259006815969
Bacteria,Firmicutes,None,None,None,None,None,Bacteria,Proteobacteria,Gammaproteobacteria,Enterobacterales,Enterobacteriaceae,None,None,0.004868549172346641
Bacteria,Firmicutes,None,None,None,None,None,Bacteria,Proteobacteria,Gammaproteobacteria,Pseudomonadales,Pseudomonadaceae,Pseudomonas,None,0.005842259006815969
Bacteria,Firmicutes,None,None,None,None,None,Bacteria,Synergistota,Synergistia,Synergistales,Synergistaceae,Cloacibacillus,None,0.005842259006815969
Bacteria,Firmicutes,None,None,None,None,None,Bacteria,Verrucomicrobiota,Verrucomicrobiae,Verrucomicrobiales,Akkermansiaceae,Akkermansia,None,0.005842259006815969
Bacteria,Firmicutes,uncultured,uncultured_Peptococcaceae_bacterium,None,None,None,Bacteria,Proteobacteria,Alphaproteobacteria,Rhodospirillales,uncultured,None,None,0.006815968841285297
Bacteria,Firmicutes,uncultured,uncultured_Peptococcaceae_bacterium,None,None,None,Bacteria,Proteobacteria,Gammaproteobacteria,Burkholderiales,Sutterellaceae,Sutterella,Sutterella_sp._252,0.008763388510223954
Bacteria,Firmicutes,uncultured,uncultured_Peptococcaceae_bacterium,None,None,None,Bacteria,Proteobacteria,Gammaproteobacteria,Enterobacterales,Enterobacteriaceae,Escherichia-Shigella,None,0.007789678675754625
Bacteria,Firmicutes,uncultured,uncultured_Peptococcaceae_bacterium,None,None,None,Bacteria,Proteobacteria,Gammaproteobacteria,Enterobacterales,Enterobacteriaceae,Klebsiella,None,0.007789678675754625
Bacteria,Firmicutes,uncultured,uncultured_Peptococcaceae_bacterium,None,None,None,Bacteria,Proteobacteria,Gammaproteobacteria,Enterobacterales,Enterobacteriaceae,None,None,0.006815968841285297
Bacteria,Firmicutes,uncultured,uncultured_Peptococcaceae_bacterium,None,None,None,Bacteria,Proteobacteria,Gammaproteobacteria,Pseudomonadales,Pseudomonadaceae,Pseudomonas,None,0.007789678675754625
Bacteria,Firmicutes,uncultured,uncultured_Peptococcaceae_bacterium,None,None,None,Bacteria,Synergistota,Synergistia,Synergistales,Synergistaceae,Cloacibacillus,None,0.007789678675754625
Bacteria,Firmicutes,uncultured,uncultured_Peptococcaceae_bacterium,None,None,None,Bacteria,Verrucomicrobiota,Verrucomicrobiae,Verrucomicrobiales,Akkermansiaceae,Akkermansia,None,0.007789678675754625
Bacteria,Proteobacteria,Alphaproteobacteria,Rhodospirillales,uncultured,None,None,Bacteria,Proteobacteria,Gammaproteobacteria,Burkholderiales,Sutterellaceae,Sutterella,Sutterella_sp._252,0.007789678675754625
Bacteria,Proteobacteria,Alphaproteobacteria,Rhodospirillales,uncultured,None,None,Bacteria,Proteobacteria,Gammaproteobacteria,Enterobacterales,Enterobacteriaceae,Escherichia-Shigella,None,0.006815968841285297
Bacteria,Proteobacteria,Alphaproteobacteria,Rhodospirillales,uncultured,None,None,Bacteria,Proteobacteria,Gammaproteobacteria,Enterobacterales,Enterobacteriaceae,Klebsiella,None,0.006815968841285297
Bacteria,Proteobacteria,Alphaproteobacteria,Rhodospirillales,uncultured,None,None,Bacteria,Proteobacteria,Gammaproteobacteria,Enterobacterales,Enterobacteriaceae,None,None,0.005842259006815969
Bacteria,Proteobacteria,Alphaproteobacteria,Rhodospirillales,uncultured,None,None,Bacteria,Proteobacteria,Gammaproteobacteria,Pseudomonadales,Pseudomonadaceae,Pseudomonas,None,0.006815968841285297
Bacteria,Proteobacteria,Alphaproteobacteria,Rhodospirillales,uncultured,None,None,Bacteria,Synergistota,Synergistia,Synergistales,Synergistaceae,Cloacibacillus,None,0.008763388510223954
Bacteria,Proteobacteria,Alphaproteobacteria,Rhodospirillales,uncultured,None,None,Bacteria,Verrucomicrobiota,Verrucomicrobiae,Verrucomicrobiales,Akkermansiaceae,Akkermansia,None,0.008763388510223954
Bacteria,Proteobacteria,Gammaproteobacteria,Burkholderiales,Sutterellaceae,Sutterella,Sutterella_sp._252,Bacteria,Proteobacteria,Gammaproteobacteria,Enterobacterales,Enterobacteriaceae,Escherichia-Shigella,None,0.006815968841285297
Bacteria,Proteobacteria,Gammaproteobacteria,Burkholderiales,Sutterellaceae,Sutterella,Sutterella_sp._252,Bacteria,Proteobacteria,Gammaproteobacteria,Enterobacterales,Enterobacteriaceae,Klebsiella,None,0.006815968841285297
Bacteria,Proteobacteria,Gammaproteobacteria,Burkholderiales,Sutterellaceae,Sutterella,Sutterella_sp._252,Bacteria,Proteobacteria,Gammaproteobacteria,Enterobacterales,Enterobacteriaceae,None,None,0.005842259006815969
Bacteria,Proteobacteria,Gammaproteobacteria,Burkholderiales,Sutterellaceae,Sutterella,Sutterella_sp._252,Bacteria,Proteobacteria,Gammaproteobacteria,Pseudomonadales,Pseudomonadaceae,Pseudomonas,None,0.006815968841285297
Bacteria,Proteobacteria,Gammaproteobacteria,Burkholderiales,Sutterellaceae,Sutterella,Sutterella_sp._252,Bacteria,Synergistota,Synergistia,Synergistales,Synergistaceae,Cloacibacillus,None,0.010710808179162609
Bacteria,Proteobacteria,Gammaproteobacteria,Burkholderiales,Sutterellaceae,Sutterella,Sutterella_sp._252,Bacteria,Verrucomicrobiota,Verrucomicrobiae,Verrucomicrobiales,Akkermansiaceae,Akkermansia,None,0.010710808179162609
Bacteria,Proteobacteria,Gammaproteobacteria,Enterobacterales,Enterobacteriaceae,Escherichia-Shigella,None,Bacteria,Proteobacteria,Gammaproteobacteria,Enterobacterales,Enterobacteriaceae,Klebsiella,None,0.0019474196689386564
Bacteria,Proteobacteria,Gammaproteobacteria,Enterobacterales,Enterobacteriaceae,Escherichia-Shigella,None,Bacteria,Proteobacteria,Gammaproteobacteria,Enterobacterales,Enterobacteriaceae,None,None,0.0019474196689386564
Bacteria,Proteobacteria,Gammaproteobacteria,Enterobacterales,Enterobacteriaceae,Escherichia-Shigella,None,Bacteria,Proteobacteria,Gammaproteobacteria,Pseudomonadales,Pseudomonadaceae,Pseudomonas,None,0.005842259006815969
Bacteria,Proteobacteria,Gammaproteobacteria,Enterobacterales,Enterobacteriaceae,Escherichia-Shigella,None,Bacteria,Synergistota,Synergistia,Synergistales,Synergistaceae,Cloacibacillus,None,0.009737098344693282
Bacteria,Proteobacteria,Gammaproteobacteria,Enterobacterales,Enterobacteriaceae,Escherichia-Shigella,None,Bacteria,Verrucomicrobiota,Verrucomicrobiae,Verrucomicrobiales,Akkermansiaceae,Akkermansia,None,0.009737098344693282
Bacteria,Proteobacteria,Gammaproteobacteria,Enterobacterales,Enterobacteriaceae,Klebsiella,None,Bacteria,Proteobacteria,Gammaproteobacteria,Enterobacterales,Enterobacteriaceae,None,None,0.0019474196689386564
Bacteria,Proteobacteria,Gammaproteobacteria,Enterobacterales,Enterobacteriaceae,Klebsiella,None,Bacteria,Proteobacteria,Gammaproteobacteria,Pseudomonadales,Pseudomonadaceae,Pseudomonas,None,0.005842259006815969
Bacteria,Proteobacteria,Gammaproteobacteria,Enterobacterales,Enterobacteriaceae,Klebsiella,None,Bacteria,Synergistota,Synergistia,Synergistales,Synergistaceae,Cloacibacillus,None,0.009737098344693282
Bacteria,Proteobacteria,Gammaproteobacteria,Enterobacterales,Enterobacteriaceae,Klebsiella,None,Bacteria,Verrucomicrobiota,Verrucomicrobiae,Verrucomicrobiales,Akkermansiaceae,Akkermansia,None,0.009737098344693282
Bacteria,Proteobacteria,Gammaproteobacteria,Enterobacterales,Enterobacteriaceae,None,None,Bacteria,Proteobacteria,Gammaproteobacteria,Pseudomonadales,Pseudomonadaceae,Pseudomonas,None,0.004868549172346641
Bacteria,Proteobacteria,Gammaproteobacteria,Enterobacterales,Enterobacteriaceae,None,None,Bacteria,Synergistota,Synergistia,Synergistales,Synergistaceae,Cloacibacillus,None,0.008763388510223954
Bacteria,Proteobacteria,Gammaproteobacteria,Enterobacterales,Enterobacteriaceae,None,None,Bacteria,Verrucomicrobiota,Verrucomicrobiae,Verrucomicrobiales,Akkermansiaceae,Akkermansia,None,0.008763388510223954
Bacteria,Proteobacteria,Gammaproteobacteria,Pseudomonadales,Pseudomonadaceae,Pseudomonas,None,Bacteria,Synergistota,Synergistia,Synergistales,Synergistaceae,Cloacibacillus,None,0.009737098344693282
Bacteria,Proteobacteria,Gammaproteobacteria,Pseudomonadales,Pseudomonadaceae,Pseudomonas,None,Bacteria,Verrucomicrobiota,Verrucomicrobiae,Verrucomicrobiales,Akkermansiaceae,Akkermansia,None,0.009737098344693282
Bacteria,Synergistota,Synergistia,Synergistales,Synergistaceae,Cloacibacillus,None,Bacteria,Verrucomicrobiota,Verrucomicrobiae,Verrucomicrobiales,Akkermansiaceae,Akkermansia,None,0.009737098344693282
